1	310.9000027
2	310.7999861
3	310.9000027
4	310.9000027
5	310.9999895
6	310.9999895
7	311.1000061
8	311.3000095
9	311.1999929
10	311.5000129
11	311.3000095
12	311.5000129
13	311.5000129
14	311.6999865
15	311.8000031
16	311.8000031
17	311.8000031
18	311.5999997
19	311.5000129
20	311.5999997
21	311.6999865
22	311.6999865
23	311.8000031
24	311.8000031
25	311.8000031
26	311.8999898
27	311.8000031
28	311.8000031
29	311.8000031
30	311.8999898
31	312.2999966
32	312.2000098
33	312.2000098
34	312.2000098
35	312.0999932
36	312.2999966
37	311.8999898
38	312.0000064
39	312.0000064
40	311.8999898
41	312.0000064
42	312.0999932
43	312.2000098
44	312.2000098
45	312.2000098
46	312.2000098
47	312.0999932
48	312.0999932
49	312.0000064
50	312.0999932
51	312.2999966
52	312.2000098
53	312.4000132
54	312.4000132
55	312.2999966
56	312.5
57	312.4000132
58	312.5
59	312.2999966
60	312.5
61	312.4000132
62	312.7000034
63	312.5999868
64	312.5
65	312.5999868
66	312.5
67	312.5
68	312.7000034
69	312.5999868
70	312.4000132
71	312.7000034
72	312.7999902
73	312.5
74	312.7999902
75	312.7999902
76	312.9999936
77	312.7999902
78	312.7999902
79	312.7999902
80	312.7999902
81	312.7999902
82	312.7999902
83	312.7999902
84	312.7999902
85	312.7999902
86	312.7999902
87	312.7999902
88	312.5999868
89	312.7000034
90	312.5
91	312.7000034
92	312.7999902
93	312.7000034
94	312.7999902
95	312.7999902
96	312.7999902
97	312.7999902
98	312.7999902
99	312.9000068
100	312.9000068
101	312.7999902
102	312.7000034
103	312.5
104	312.5999868
105	312.7999902
106	313.1999969
107	313.4999871
108	314.2000139
109	314.3999875
110	315.1000142
111	315.6999946
112	316.3000047
113	316.7000115
114	317.2999918
115	318.1000054
116	318.5000122
117	318.5000122
118	319.0000057
119	319.0999925
120	319.5999861
121	319.5999861
122	319.5999861
123	319.7999895
124	319.9000061
125	319.9000061
126	319.9999928
127	320.3000128
128	320.1000094
129	320.3000128
130	320.4999864
131	320.8000064
132	320.6999898
133	320.8999932
134	320.8000064
135	320.8999932
136	320.8000064
137	320.8999932
138	320.8999932
139	320.8999932
140	321.0000098
141	320.8999932
142	321.0000098
143	321.0999966
144	321.2000132
145	321.2000132
146	321.3999867
147	321.2000132
148	321.2000132
149	321.0000098
150	320.8999932
151	320.8999932
152	320.8999932
153	321.0000098
154	321.3999867
155	321.3
156	321.5999901
157	321.5000033
158	321.3999867
159	321.5000033
160	321.5000033
161	321.5000033
162	321.5000033
163	321.5000033
164	321.3
165	321.2000132
166	321.3
167	321.5000033
168	321.5999901
169	321.5000033
170	321.3999867
171	321.3999867
172	321.5000033
173	321.3999867
174	321.5999901
175	321.5999901
176	321.7999935
177	321.5999901
178	321.3999867
179	321.7000067
180	321.2000132
181	321.3
182	321.5000033
183	321.3
184	321.7999935
185	321.7999935
186	321.5999901
187	321.7000067
188	321.7000067
189	321.5999901
190	321.5999901
191	321.7000067
192	321.7999935
193	321.7999935
194	321.9000101
195	321.7999935
196	321.7999935
197	321.7000067
198	321.7999935
199	321.7000067
200	321.9000101
201	321.7999935
202	321.7999935
203	321.7999935
204	321.9000101
205	321.7999935
206	321.7999935
207	321.7999935
208	321.7000067
209	321.7000067
210	321.7999935
211	321.7999935
212	321.7999935
213	321.5000033
214	321.7000067
215	321.5999901
216	321.5000033
217	321.5000033
218	321.5000033
219	321.5000033
220	321.5000033
221	321.7000067
222	321.7000067
223	321.7999935
224	321.7999935
225	321.5999901
226	321.7999935
227	321.7999935
228	321.7999935
229	321.9000101
230	321.9000101
231	322.1000135
232	322.1000135
233	322.2000003
234	321.9999969
235	321.9999969
236	321.9999969
237	321.7999935
238	321.9000101
239	321.7999935
240	321.7999935
241	321.9999969
242	321.7999935
243	321.9000101
244	321.9999969
245	321.9000101
246	321.7999935
247	321.7999935
248	321.7999935
249	321.7000067
250	321.7999935
251	321.9999969
252	321.9999969
253	322.2999871
254	322.2999871
255	322.4000037
256	322.2000003
257	322.4000037
258	322.4000037
259	322.1000135
260	322.1000135
261	321.7999935
262	321.7999935
263	321.5999901
264	321.7000067
265	321.5999901
266	321.7999935
267	321.7999935
268	321.7000067
269	321.5000033
270	321.5999901
271	321.5000033
272	321.5999901
273	321.5000033
274	321.2000132
275	321.0999966
276	321.2000132
277	321.0000098
278	321.2000132
279	321.2000132
280	321.3999867
281	321.7999935
282	321.7999935
283	321.7999935
284	321.7999935
285	321.7999935
286	321.5000033
287	320.3999996
288	319.0999925
289	318.1000054
290	315.6999946
291	312.9999936
292	310.2999926
293	308.8999987
294	306.3000143
295	304.1000068
296	302.3000062
297	301.2000024
298	299.8999953
299	298.999995
300	298.2000113
301	297.8000045
302	297.6000011
303	297.3999977
304	297.3000109
305	297.1999943
306	297.3999977
307	297.6999879
308	297.6999879
309	298.0999947
310	298.299998
311	298.7000048
312	298.7999916
313	299.1000116
314	299.2999852
315	299.4999886
316	299.6999919
317	300.0999987
318	300.3999889
319	300.7000089
320	300.999999
321	301.2000024
322	301.4000058
323	301.8000126
324	301.9999862
325	302.1000028
326	302.5000095
327	302.5999963
328	302.7999997
329	303.2000065
330	303.2000065
331	303.4000099
332	303.4999967
333	303.7999868
334	304.1000068
335	304.3000102
336	304.5000136
337	304.8000038
338	305.0999939
339	305.0999939
340	305.2000105
341	305.5000007
342	305.7000041
343	305.9000075
344	305.9000075
345	306.1000109
346	306.400001
347	306.400001
348	306.6999912
349	306.6999912
350	307.099998
351	307.0000112
352	307.099998
353	307.3000014
354	307.3000014
355	307.5000048
356	307.5999916
357	307.7999949
358	307.7000082
359	307.7999949
360	308.0999851
361	307.9999983
362	308.2999885
363	308.4000051
364	308.4000051
365	308.6000085
366	308.6000085
367	308.6000085
368	308.6999953
369	308.6999953
370	308.6000085
371	308.8999987
372	308.8999987
373	309.1000021
374	309.3000054
375	309.5000088
376	309.5000088
377	309.7000122
378	309.7000122
379	309.7000122
380	309.8999858
381	309.8999858
382	309.8999858
383	309.799999
384	310.2000058
385	310.0999892
386	310.2999926
387	310.2000058
388	310.2999926
389	310.2999926
390	310.4000092
391	310.4999959
392	310.4999959
393	310.4000092
394	310.4999959
395	310.6999993
396	310.7999861
397	310.6999993
398	310.6999993
399	310.9000027
400	310.6999993
401	310.9000027
402	310.6999993
403	310.7999861
404	310.6000125
405	310.6000125
406	310.6000125
407	310.6000125
408	310.6000125
409	310.6000125
410	310.6000125
411	310.9000027
412	310.9000027
413	310.9000027
414	310.9000027
415	311.1000061
416	311.1000061
417	310.9999895
418	311.1000061
419	311.1999929
420	311.1999929
421	311.3000095
422	311.3000095
423	311.5000129
424	311.3999963
425	311.3999963
426	311.3999963
427	311.3999963
428	311.3999963
429	311.5000129
430	311.5999997
431	311.5000129
432	311.5999997
433	311.5000129
434	311.6999865
435	311.5999997
436	311.8000031
437	311.5999997
438	311.8000031
439	311.5999997
440	311.5999997
441	311.5999997
442	311.6999865
443	311.6999865
444	311.5000129
445	311.5999997
446	311.5999997
447	311.5000129
448	311.5999997
449	311.5000129
450	311.6999865
451	311.8000031
452	311.5999997
453	311.6999865
454	311.6999865
455	311.8000031
456	312.0000064
457	311.8000031
458	311.8999898
459	311.8000031
460	311.8000031
461	311.8000031
462	311.8999898
463	311.8999898
464	311.8000031
465	311.8000031
466	311.8000031
467	311.8000031
468	311.8000031
469	311.8000031
470	311.8000031
471	311.8000031
472	312.0000064
473	311.8999898
474	311.8000031
475	311.8000031
476	311.8999898
477	311.8999898
478	311.8000031
479	312.0000064
480	312.0000064
481	312.0000064
482	312.0999932
483	312.0000064
484	312.0000064
485	311.8999898
486	311.8000031
487	311.8999898
488	311.6999865
489	311.8999898
490	312.0000064
491	311.8000031
492	311.6999865
493	311.8000031
494	311.8000031
495	312.0000064
496	312.0000064
497	312.0000064
498	312.0000064
499	312.0999932
500	312.0999932
501	312.0000064
502	312.0000064
503	312.0000064
504	312.0000064
505	312.0999932
506	312.0999932
507	312.0000064
508	312.0000064
509	312.2000098
510	312.2999966
511	312.0999932
512	312.2000098
513	312.0999932
514	312.0000064
515	311.8000031
516	312.0000064
517	311.8999898
518	312.0999932
519	312.0000064
520	311.8999898
521	312.2000098
522	312.0000064
523	311.8000031
524	311.8000031
525	311.8000031
526	311.8000031
527	311.8999898
528	312.0999932
529	311.6999865
530	311.8999898
531	312.0000064
532	312.0000064
533	312.0000064
534	312.2000098
535	312.0999932
536	312.2000098
537	312.0999932
538	311.8999898
539	312.2000098
540	311.8999898
541	312.0000064
542	312.2000098
543	312.2000098
544	312.0999932
545	312.2999966
546	312.4000132
547	312.2999966
548	312.0999932
549	312.2000098
550	312.2000098
551	312.0999932
552	312.2000098
553	312.2000098
554	312.2000098
555	312.2000098
556	312.2999966
557	312.4000132
558	312.2999966
559	312.2999966
560	312.2999966
561	312.5
562	312.2999966
563	312.2000098
564	312.2000098
565	312.2000098
566	312.2000098
567	312.2999966
568	312.2000098
569	312.2000098
570	312.5
571	312.5
572	312.4000132
573	312.4000132
574	312.4000132
575	312.0999932
576	312.2000098
577	312.2000098
578	312.2000098
579	312.2999966
580	312.7999902
581	312.9999936
582	313.6999905
583	314.3999875
584	314.9000108
585	315.200001
586	315.8999979
587	316.5000081
588	316.7000115
589	317.2999918
590	317.4999952
591	317.9999888
592	318.1999922
593	318.3999956
594	318.6999857
595	319.0000057
596	318.8999891
597	319.2000091
598	319.4999993
599	319.5999861
600	319.7000027
601	319.9000061
602	319.7999895
603	319.7999895
604	319.7999895
605	319.7000027
606	319.7999895
607	319.9000061
608	319.9000061
609	320.1000094
610	320.1999962
611	320.1999962
612	320.1999962
613	320.1999962
614	320.3000128
615	320.1999962
616	320.4999864
617	320.3999996
618	320.4999864
619	320.4999864
620	320.4999864
621	320.4999864
622	320.4999864
623	320.4999864
624	320.1999962
625	320.1999962
626	319.9999928
627	320.1999962
628	320.1999962
629	320.1999962
630	320.3000128
631	320.1999962
632	320.4999864
633	320.600003
634	320.8000064
635	320.8999932
636	320.6999898
637	320.8999932
638	320.8000064
639	320.8999932
640	320.600003
641	320.6999898
642	320.4999864
643	320.4999864
644	320.3999996
645	320.4999864
646	320.4999864
647	320.6999898
648	320.6999898
649	320.8999932
650	320.8999932
651	320.8999932
652	320.6999898
653	320.8000064
654	320.6999898
655	320.8999932
656	320.8999932
657	321.0999966
658	321.0000098
659	320.8999932
660	320.8999932
661	320.8000064
662	321.0999966
663	321.0000098
664	321.0999966
665	321.0000098
666	320.8000064
667	321.0000098
668	320.8999932
669	321.0000098
670	321.0000098
671	321.2000132
672	321.0000098
673	321.0999966
674	321.2000132
675	321.2000132
676	320.8999932
677	320.8999932
678	321.0000098
679	321.0999966
680	321.2000132
681	321.2000132
682	321.2000132
683	320.8999932
684	321.0999966
685	320.8999932
686	321.0000098
687	321.2000132
688	321.0999966
689	321.0000098
690	321.0000098
691	320.8999932
692	321.0999966
693	321.0999966
694	321.2000132
695	321.3999867
696	321.3999867
697	321.5000033
698	321.3999867
699	321.2000132
700	320.8999932
701	321.5000033
702	321.3999867
703	321.5000033
704	321.5000033
705	321.5000033
706	321.5000033
707	321.5999901
708	321.5000033
709	321.5999901
710	321.5999901
711	321.7000067
712	321.5000033
713	321.3
714	321.5999901
715	321.3999867
716	321.3
717	321.2000132
718	320.8999932
719	320.8999932
720	320.8000064
721	320.8999932
722	321.0000098
723	320.8999932
724	321.0000098
725	321.0999966
726	321.0999966
727	321.2000132
728	321.2000132
729	321.0000098
730	321.2000132
731	321.0000098
732	321.2000132
733	321.5000033
734	321.3999867
735	321.5000033
736	321.5000033
737	321.3
738	321.5000033
739	321.3
740	321.0999966
741	321.3999867
742	321.5000033
743	321.5000033
744	321.3999867
745	321.2000132
746	321.2000132
747	321.0000098
748	320.8000064
749	320.600003
750	320.8999932
751	321.0000098
752	321.2000132
753	321.2000132
754	321.2000132
755	321.0000098
756	320.8999932
757	321.2000132
758	321.0000098
759	320.6999898
760	319.9999928
761	319.5999861
762	317.9999888
763	315.6999946
764	312.9999936
765	311.6999865
766	308.6000085
767	306.1000109
768	303.7999868
769	302.7999997
770	301.0999858
771	299.6000051
772	298.999995
773	298.2000113
774	297.3999977
775	296.9000041
776	296.7000008
777	296.600014
778	296.600014
779	296.7999876
780	296.9000041
781	297.1000075
782	297.3000109
783	297.5000143
784	297.8000045
785	298.0000079
786	298.4000146
787	298.5999882
788	298.7999916
789	298.9000082
790	299.1999984
791	299.4999886
792	299.6000051
793	300.1999855
794	300.3999889
795	300.7000089
796	300.9000123
797	301.2999892
798	301.6000092
799	301.6000092
800	302.1999896
801	302.1999896
802	302.7999997
803	302.7000129
804	303.0000031
805	303.2999933
806	303.4999967
807	303.6000133
808	303.7999868
809	303.9999902
810	304.399997
811	304.5000136
812	304.8000038
813	304.8000038
814	304.8999906
815	305.0999939
816	305.2000105
817	305.2000105
818	305.4000139
819	305.5999875
820	305.7000041
821	305.9999943
822	306.1000109
823	306.1000109
824	306.3000143
825	306.6000044
826	306.6000044
827	306.6000044
828	306.6999912
829	307.0000112
830	307.0000112
831	307.0000112
832	307.3000014
833	307.3000014
834	307.3000014
835	307.7000082
836	307.7999949
837	307.7999949
838	307.9999983
839	307.9999983
840	307.9999983
841	308.2000017
842	308.0999851
843	308.2999885
844	308.4999919
845	308.4999919
846	308.2999885
847	308.4000051
848	308.4999919
849	308.4999919
850	308.6999953
851	308.8999987
852	308.8999987
853	308.8999987
854	309.1000021
855	308.8999987
856	309.3000054
857	309.3000054
858	309.3999922
859	309.5999956
860	309.3999922
861	309.3000054
862	309.5000088
863	309.7000122
864	309.7000122
865	309.799999
866	309.8999858
867	309.7000122
868	309.8999858
869	310.0999892
870	310.0000024
871	310.0999892
872	310.0000024
873	310.2000058
874	310.0000024
875	310.2999926
876	310.2000058
877	310.2000058
878	310.2999926
879	310.2999926
880	310.6000125
881	310.6000125
882	310.6000125
883	310.4000092
884	310.4999959
885	310.4999959
886	310.4999959
887	310.4999959
888	310.6000125
889	310.6999993
890	310.6999993
891	310.6999993
892	310.6000125
893	310.9000027
894	310.6000125
895	310.6999993
896	310.7999861
897	310.9000027
898	310.7999861
899	310.9000027
900	310.9000027
901	310.6000125
902	310.7999861
903	310.6999993
904	310.9000027
905	311.1000061
906	310.9000027
907	310.9999895
908	310.9999895
909	311.1000061
910	311.1999929
911	310.9999895
912	310.9999895
913	311.1999929
914	311.1000061
915	311.1999929
916	311.1999929
917	311.1999929
918	311.1999929
919	311.3999963
920	311.1999929
921	310.9999895
922	311.1999929
923	311.1999929
924	311.1999929
925	311.3000095
926	311.3000095
927	311.3999963
928	311.3000095
929	311.3999963
930	311.3999963
931	311.5999997
932	311.5000129
933	311.3999963
934	311.5000129
935	311.5999997
936	311.5000129
937	311.5000129
938	311.5000129
939	311.5000129
940	311.6999865
941	311.5000129
942	311.8999898
943	311.8000031
944	311.6999865
945	311.6999865
946	311.5000129
947	311.5000129
948	311.5000129
949	311.5000129
950	311.5000129
951	311.5000129
952	311.5000129
953	311.3999963
954	311.5000129
955	311.5000129
956	311.5000129
957	311.3999963
958	311.5000129
959	311.5000129
960	311.5000129
961	311.5000129
962	311.5000129
963	311.5000129
964	311.5000129
965	311.3999963
966	311.5000129
967	311.3000095
968	311.1999929
969	311.3999963
970	311.5000129
971	311.6999865
972	311.5999997
973	311.6999865
974	311.5999997
975	311.3999963
976	311.5999997
977	311.5999997
978	311.8000031
979	311.8000031
980	311.5000129
981	311.8000031
982	311.6999865
983	311.8000031
984	311.8000031
985	311.8000031
986	311.8000031
987	311.6999865
988	311.5999997
989	311.5000129
990	311.5999997
991	311.5000129
992	311.5999997
993	311.5000129
994	311.8000031
995	311.8000031
996	311.5999997
997	311.5999997
998	311.5000129
999	311.6999865
1000	311.5999997
1001	311.5999997
1002	311.6999865
1003	311.6999865
1004	311.8000031
1005	311.8000031
1006	311.8000031
1007	311.6999865
1008	311.5999997
1009	311.6999865
1010	311.8000031
1011	311.6999865
1012	311.6999865
1013	311.5999997
1014	311.5000129
1015	311.5000129
1016	311.5999997
1017	311.5000129
1018	311.6999865
1019	311.8000031
1020	311.5000129
1021	311.5999997
1022	311.6999865
1023	311.6999865
1024	311.6999865
1025	311.5999997
1026	311.6999865
1027	311.5999997
1028	311.5000129
1029	311.5999997
1030	311.6999865
1031	311.5999997
1032	311.6999865
1033	311.6999865
1034	311.8000031
1035	311.8000031
1036	311.8000031
1037	311.8000031
1038	311.8000031
1039	312.0999932
1040	311.8000031
1041	311.8999898
1042	312.0000064
1043	311.8999898
1044	311.8000031
1045	312.0000064
1046	311.8999898
1047	311.8000031
1048	311.6999865
1049	311.5000129
1050	311.5000129
1051	311.6999865
1052	311.8000031
1053	312.0000064
1054	312.4000132
1055	312.9000068
1056	313.1000102
1057	314.0999973
1058	314.7999942
1059	315.4000044
1060	315.8000112
1061	316.3000047
1062	316.7000115
1063	317.0999885
1064	317.2999918
1065	317.4999952
1066	317.900002
1067	318.1000054
1068	318.1999922
1069	318.3000088
1070	318.3000088
1071	318.5000122
1072	318.5000122
1073	318.6999857
1074	318.599999
1075	318.599999
1076	319.0000057
1077	319.2000091
1078	319.5999861
1079	319.5999861
1080	319.4999993
1081	319.4999993
1082	319.4000125
1083	319.5999861
1084	319.7999895
1085	319.5999861
1086	319.9000061
1087	320.1000094
1088	319.9999928
1089	319.9999928
1090	319.9000061
1091	319.9000061
1092	319.9999928
1093	319.9000061
1094	319.9000061
1095	320.1000094
1096	319.7999895
1097	319.9000061
1098	319.9000061
1099	319.9000061
1100	319.9999928
1101	319.9000061
1102	320.1999962
1103	320.1000094
1104	320.1999962
1105	320.3000128
1106	320.1999962
1107	320.3999996
1108	320.3000128
1109	320.3999996
1110	320.3999996
1111	320.3999996
1112	320.1999962
1113	320.1999962
1114	320.1999962
1115	320.3999996
1116	320.600003
1117	320.4999864
1118	320.4999864
1119	320.6999898
1120	320.4999864
1121	320.6999898
1122	320.6999898
1123	320.8000064
1124	320.600003
1125	320.6999898
1126	320.6999898
1127	320.8000064
1128	320.8999932
1129	320.8000064
1130	320.600003
1131	320.3999996
1132	320.600003
1133	320.6999898
1134	320.600003
1135	320.4999864
1136	320.4999864
1137	320.8000064
1138	320.6999898
1139	320.8000064
1140	320.8999932
1141	320.6999898
1142	320.8000064
1143	320.8000064
1144	320.8000064
1145	320.8000064
1146	320.4999864
1147	320.4999864
1148	320.4999864
1149	320.3999996
1150	320.3999996
1151	320.4999864
1152	320.4999864
1153	320.4999864
1154	320.8000064
1155	320.600003
1156	320.600003
1157	320.4999864
1158	320.4999864
1159	320.4999864
1160	320.4999864
1161	320.600003
1162	320.600003
1163	320.8999932
1164	320.8999932
1165	320.8999932
1166	320.6999898
1167	320.8000064
1168	320.8999932
1169	320.8999932
1170	320.600003
1171	320.8000064
1172	320.8999932
1173	320.8999932
1174	320.8999932
1175	320.8999932
1176	320.8999932
1177	320.8999932
1178	320.6999898
1179	320.6999898
1180	320.6999898
1181	320.6999898
1182	320.8999932
1183	320.6999898
1184	320.600003
1185	320.8999932
1186	320.8000064
1187	320.8999932
1188	320.8000064
1189	320.8999932
1190	321.0000098
1191	321.0000098
1192	321.0000098
1193	320.8999932
1194	320.8999932
1195	320.6999898
1196	320.6999898
1197	320.4999864
1198	320.600003
1199	320.4999864
1200	320.4999864
1201	320.4999864
1202	320.4999864
1203	320.4999864
1204	320.4999864
1205	320.4999864
1206	320.600003
1207	320.8000064
1208	320.8999932
1209	320.6999898
1210	320.4999864
1211	320.6999898
1212	320.4999864
1213	320.600003
1214	320.4999864
1215	320.600003
1216	320.8000064
1217	320.6999898
1218	320.8000064
1219	320.6999898
1220	320.4999864
1221	320.3999996
1222	320.1999962
1223	320.1999962
1224	320.3000128
1225	320.3000128
1226	320.3999996
1227	320.4999864
1228	320.4999864
1229	320.8999932
1230	320.8000064
1231	320.6999898
1232	320.600003
1233	319.4999993
1234	318.1999922
1235	316.0000145
1236	314.9999976
1237	312.4000132
1238	309.5000088
1239	306.6000044
1240	305.0999939
1241	302.7999997
1242	300.9000123
1243	299.2999852
1244	298.5999882
1245	297.6999879
1246	296.9999909
1247	296.4000106
1248	296.299994
1249	296.0999906
1250	295.8999872
1251	296.0000038
1252	296.299994
1253	296.4000106
1254	296.7000008
1255	296.9000041
1256	297.1000075
1257	297.3999977
1258	297.6999879
1259	298.0000079
1260	298.299998
1261	298.7000048
1262	298.999995
1263	299.2999852
1264	299.4999886
1265	299.6999919
1266	300.0999987
1267	300.3999889
1268	300.7000089
1269	300.999999
1270	301.4000058
1271	301.6000092
1272	301.8999994
1273	301.9999862
1274	302.1999896
1275	302.1999896
1276	302.7000129
1277	302.7999997
1278	302.8999865
1279	303.4999967
1280	303.4999967
1281	303.7999868
1282	303.9999902
1283	304.1000068
1284	304.399997
1285	304.6999872
1286	304.8000038
1287	305.0999939
1288	305.2000105
1289	305.0999939
1290	305.4000139
1291	305.4000139
1292	305.7000041
1293	305.7000041
1294	305.9000075
1295	306.1999977
1296	306.1000109
1297	306.1999977
1298	306.4999878
1299	306.400001
1300	306.8000078
1301	306.8000078
1302	306.8999946
1303	307.0000112
1304	307.099998
1305	307.099998
1306	307.2000146
1307	307.3000014
1308	307.5000048
1309	307.7000082
1310	307.9000115
1311	307.7999949
1312	308.0999851
1313	307.9999983
1314	308.2999885
1315	308.2000017
1316	308.2000017
1317	308.2999885
1318	308.2999885
1319	308.2999885
1320	308.2999885
1321	308.4000051
1322	308.4000051
1323	308.4000051
1324	308.4999919
1325	308.6000085
1326	308.4000051
1327	308.6000085
1328	308.6000085
1329	308.8000119
1330	308.9999855
1331	308.8999987
1332	308.8999987
1333	308.9999855
1334	308.9999855
1335	309.1999888
1336	309.1999888
1337	309.3000054
1338	309.3000054
1339	309.3000054
1340	309.3999922
1341	309.5999956
1342	309.5000088
1343	309.5999956
1344	309.5999956
1345	309.7000122
1346	309.799999
1347	309.5999956
1348	309.8999858
1349	309.8999858
1350	310.0000024
1351	309.8999858
1352	310.2000058
1353	310.4000092
1354	310.2000058
1355	310.2000058
1356	310.2000058
1357	310.2999926
1358	310.2000058
1359	310.4000092
1360	310.2999926
1361	310.2000058
1362	310.2000058
1363	310.2999926
1364	310.4999959
1365	310.6000125
1366	310.6000125
1367	310.4000092
1368	310.6999993
1369	310.6999993
1370	310.6000125
1371	310.7999861
1372	310.6999993
1373	310.6000125
1374	310.6999993
1375	310.6999993
1376	310.9000027
1377	310.9000027
1378	310.9000027
1379	310.6999993
1380	310.9000027
1381	310.9000027
1382	310.9000027
1383	310.7999861
1384	310.7999861
1385	310.7999861
1386	310.9000027
1387	310.9000027
1388	310.6999993
1389	310.7999861
1390	310.6999993
1391	310.9000027
1392	310.9000027
1393	311.1000061
1394	311.1000061
1395	310.9000027
1396	311.1999929
1397	310.9000027
1398	311.1000061
1399	310.9999895
1400	311.1000061
1401	311.1999929
1402	311.1999929
1403	311.1999929
1404	311.1999929
1405	311.1999929
1406	311.1999929
1407	311.1999929
1408	311.1999929
1409	311.3999963
1410	311.3999963
1411	311.3999963
1412	311.3999963
1413	311.5000129
1414	311.3999963
1415	311.5000129
1416	311.5000129
1417	311.5000129
1418	311.5000129
1419	311.5999997
1420	311.6999865
1421	311.5000129
1422	311.6999865
1423	311.5000129
1424	311.8000031
1425	311.5999997
1426	311.6999865
1427	311.6999865
1428	311.6999865
1429	311.8000031
1430	311.5999997
1431	311.5000129
1432	311.5999997
1433	311.5000129
1434	311.5000129
1435	311.5999997
1436	311.3999963
1437	311.3999963
1438	311.3999963
1439	311.5000129
1440	311.5000129
1441	311.3999963
1442	311.5999997
1443	311.5000129
1444	311.5000129
1445	311.5999997
1446	311.5000129
1447	311.6999865
1448	311.6999865
1449	311.5000129
1450	311.8000031
1451	311.6999865
1452	311.6999865
1453	311.8000031
1454	311.6999865
1455	311.8000031
1456	311.6999865
1457	311.6999865
1458	311.8000031
1459	311.5999997
1460	311.8000031
1461	311.6999865
1462	311.5999997
1463	311.6999865
1464	311.6999865
1465	311.8000031
1466	311.5999997
1467	311.8000031
1468	311.8000031
1469	311.5999997
1470	311.8000031
1471	311.5999997
1472	311.6999865
1473	311.6999865
1474	311.5999997
1475	311.8999898
1476	311.8000031
1477	311.8000031
1478	312.0000064
1479	312.0999932
1480	311.8999898
1481	311.8999898
1482	311.8000031
1483	311.8999898
1484	311.8000031
1485	312.0000064
1486	312.0999932
1487	311.8999898
1488	312.0000064
1489	312.0000064
1490	312.0000064
1491	311.8000031
1492	311.8000031
1493	311.8000031
1494	312.0000064
1495	312.0000064
1496	311.8999898
1497	311.8999898
1498	312.0000064
1499	312.0000064
1500	312.0000064
1501	312.0000064
1502	311.8999898
1503	311.8000031
1504	311.8999898
1505	311.8999898
1506	311.8999898
1507	311.8000031
1508	311.8000031
1509	311.8000031
1510	311.8000031
1511	311.8000031
1512	311.8000031
1513	311.8999898
1514	311.8999898
1515	312.0000064
1516	311.6999865
1517	312.2000098
1518	312.2000098
1519	312.2000098
1520	312.0999932
1521	312.2000098
1522	312.0999932
1523	312.2000098
1524	312.2000098
1525	312.5
1526	312.7000034
1527	312.7999902
1528	313.4000003
1529	313.8999939
1530	314.7000074
1531	314.9000108
1532	315.6999946
1533	316.0000145
1534	316.7000115
1535	316.9000149
1536	317.2999918
1537	317.6000118
1538	317.6000118
1539	317.9999888
1540	318.1999922
1541	318.599999
1542	318.6999857
1543	318.8999891
1544	318.8999891
1545	318.8999891
1546	319.0000057
1547	319.2000091
1548	319.0999925
1549	319.4000125
1550	319.2999959
1551	319.4000125
1552	319.4999993
1553	319.5999861
1554	319.5999861
1555	319.9000061
1556	319.9000061
1557	320.1999962
1558	319.9000061
1559	319.9999928
1560	319.9999928
1561	319.9000061
1562	319.9000061
1563	319.9000061
1564	319.9000061
1565	319.7999895
1566	319.9000061
1567	319.7999895
1568	319.9999928
1569	320.1000094
1570	319.9999928
1571	320.1000094
1572	320.1000094
1573	320.1999962
1574	320.1999962
1575	320.1999962
1576	320.4999864
1577	320.3999996
1578	320.4999864
1579	320.4999864
1580	320.4999864
1581	320.4999864
1582	320.3000128
1583	320.1999962
1584	320.3000128
1585	320.1000094
1586	320.1000094
1587	320.1999962
1588	320.1999962
1589	320.1999962
1590	320.3999996
1591	320.1999962
1592	320.3999996
1593	320.1999962
1594	320.3999996
1595	320.3999996
1596	320.4999864
1597	320.4999864
1598	320.4999864
1599	320.6999898
1600	320.6999898
1601	320.6999898
1602	320.8000064
1603	320.8999932
1604	320.8999932
1605	320.6999898
1606	320.4999864
1607	320.6999898
1608	320.6999898
1609	320.6999898
1610	320.600003
1611	320.4999864
1612	320.4999864
1613	320.600003
1614	320.4999864
1615	320.4999864
1616	320.3999996
1617	320.4999864
1618	320.3000128
1619	320.1999962
1620	320.3000128
1621	320.4999864
1622	320.3999996
1623	320.3999996
1624	320.4999864
1625	320.4999864
1626	320.8000064
1627	320.600003
1628	320.8000064
1629	320.8000064
1630	320.8999932
1631	320.6999898
1632	320.8999932
1633	320.8999932
1634	320.8999932
1635	320.8000064
1636	320.8000064
1637	320.4999864
1638	320.4999864
1639	320.600003
1640	320.4999864
1641	320.3000128
1642	320.3999996
1643	320.4999864
1644	320.4999864
1645	320.1999962
1646	320.3999996
1647	320.4999864
1648	320.3000128
1649	320.4999864
1650	320.3000128
1651	320.3999996
1652	320.4999864
1653	320.4999864
1654	320.4999864
1655	320.3999996
1656	320.3000128
1657	320.1999962
1658	319.9999928
1659	320.1999962
1660	320.1000094
1661	320.1000094
1662	320.3000128
1663	320.3000128
1664	320.1999962
1665	320.1000094
1666	320.1999962
1667	320.3999996
1668	320.3999996
1669	320.3000128
1670	320.4999864
1671	320.3999996
1672	320.8000064
1673	320.3000128
1674	320.3000128
1675	320.1999962
1676	320.1999962
1677	320.1999962
1678	320.1999962
1679	320.4999864
1680	320.600003
1681	320.3999996
1682	320.4999864
1683	320.1999962
1684	320.4999864
1685	320.4999864
1686	320.4999864
1687	320.600003
1688	320.6999898
1689	320.1999962
1690	320.3999996
1691	320.3999996
1692	320.3999996
1693	320.3000128
1694	320.1999962
1695	319.9999928
1696	319.9999928
1697	320.1999962
1698	320.3000128
1699	320.3000128
1700	320.1999962
1701	320.3999996
1702	320.4999864
1703	320.4999864
1704	320.4999864
1705	319.5999861
1706	318.1000054
1707	317.4000084
1708	315.4999912
1709	313.1000102
1710	310.4999959
1711	308.9999855
1712	306.1000109
1713	303.4000099
1714	300.999999
1715	300.0999987
1716	298.5999882
1717	297.3000109
1718	296.4000106
1719	296.299994
1720	295.8999872
1721	295.599997
1722	295.3999937
1723	295.5000103
1724	295.5000103
1725	295.8000004
1726	296.299994
1727	296.4000106
1728	296.7000008
1729	297.3999977
1730	297.3999977
1731	297.8000045
1732	298.0999947
1733	298.4000146
1734	298.5999882
1735	298.999995
1736	299.4000018
1737	299.8000085
1738	300.0000119
1739	300.3000021
1740	300.7000089
1741	300.999999
1742	301.2000024
1743	301.6000092
1744	301.699996
1745	301.8999994
1746	302.1000028
1747	302.3999929
1748	302.5999963
1749	302.7999997
1750	303.0999899
1751	303.0000031
1752	303.7
1753	303.6000133
1754	303.7999868
1755	303.9000034
1756	304.3000102
1757	304.3000102
1758	304.1000068
1759	304.399997
1760	304.6999872
1761	304.6999872
1762	304.6999872
1763	305.0000072
1764	305.0999939
1765	305.2000105
1766	305.4000139
1767	305.5000007
1768	305.7000041
1769	305.7999909
1770	306.1000109
1771	306.1000109
1772	306.1999977
1773	306.1000109
1774	306.6999912
1775	306.400001
1776	306.6000044
1777	306.6999912
1778	306.8000078
1779	306.8000078
1780	306.8999946
1781	307.0000112
1782	306.8999946
1783	307.099998
1784	307.3000014
1785	307.5000048
1786	307.5000048
1787	307.7000082
1788	307.7000082
1789	307.7999949
1790	307.9000115
1791	307.9999983
1792	308.0999851
1793	307.9999983
1794	308.2999885
1795	308.4000051
1796	308.4999919
1797	308.6999953
1798	308.4999919
1799	308.6999953
1800	308.6999953
1801	308.8999987
1802	308.8000119
1803	308.8000119
1804	308.8999987
1805	308.8999987
1806	308.8999987
1807	308.8999987
1808	308.9999855
1809	308.8999987
1810	308.9999855
1811	308.8999987
1812	308.8999987
1813	308.9999855
1814	308.9999855
1815	309.3000054
1816	309.1000021
1817	309.1999888
1818	309.1000021
1819	309.1999888
1820	309.1999888
1821	309.3000054
1822	309.3999922
1823	309.3000054
1824	309.5000088
1825	309.5000088
1826	309.5000088
1827	309.5999956
1828	309.5000088
1829	309.7000122
1830	309.5999956
1831	309.8999858
1832	309.8999858
1833	309.8999858
1834	309.8999858
1835	310.2000058
1836	309.8999858
1837	310.2000058
1838	310.2000058
1839	310.0999892
1840	310.2000058
1841	310.2999926
1842	310.2000058
1843	310.4000092
1844	310.2000058
1845	310.4999959
1846	310.2999926
1847	310.4999959
1848	310.2000058
1849	310.4000092
1850	310.4000092
1851	310.4000092
1852	310.2000058
1853	310.2999926
1854	310.6000125
1855	310.6000125
1856	310.6999993
1857	310.6999993
1858	310.6000125
1859	310.6000125
1860	310.6000125
1861	310.6000125
1862	310.6000125
1863	310.7999861
1864	310.9000027
1865	310.9000027
1866	310.6999993
1867	310.7999861
1868	310.7999861
1869	310.6999993
1870	310.9000027
1871	310.6999993
1872	310.6000125
1873	310.6999993
1874	310.7999861
1875	310.6000125
1876	310.7999861
1877	310.7999861
1878	310.6999993
1879	310.7999861
1880	310.7999861
1881	310.7999861
1882	310.6000125
1883	310.6999993
1884	310.7999861
1885	310.7999861
1886	310.6999993
1887	310.6000125
1888	310.7999861
1889	310.6000125
1890	310.9000027
1891	310.6999993
1892	310.9000027
1893	310.9000027
1894	310.9000027
1895	310.6999993
1896	310.6999993
1897	310.6000125
1898	310.7999861
1899	310.9999895
1900	310.9000027
1901	310.9000027
1902	310.9000027
1903	311.1000061
1904	310.9999895
1905	311.1999929
1906	310.9000027
1907	310.9999895
1908	310.9000027
1909	310.9999895
1910	311.1999929
1911	310.9000027
1912	311.1000061
1913	310.9999895
1914	311.1000061
1915	311.1999929
1916	311.1000061
1917	311.1999929
1918	311.1000061
1919	311.1999929
1920	311.1000061
1921	311.1000061
1922	310.9000027
1923	310.9999895
1924	310.9999895
1925	310.9999895
1926	310.9999895
1927	311.1000061
1928	311.1000061
1929	311.1000061
1930	310.9999895
1931	310.9000027
1932	310.9999895
1933	310.9000027
1934	310.9999895
1935	311.1000061
1936	310.9999895
1937	310.9999895
1938	310.9000027
1939	310.7999861
1940	310.9000027
1941	310.9000027
1942	310.9000027
1943	310.9000027
1944	310.9000027
1945	310.9999895
1946	310.9000027
1947	311.1000061
1948	310.7999861
1949	310.9000027
1950	310.9000027
1951	310.9000027
1952	310.9000027
1953	310.9000027
1954	310.9000027
1955	310.9000027
1956	310.9000027
1957	310.7999861
1958	310.9000027
1959	310.9000027
1960	310.9000027
1961	310.9000027
1962	310.9000027
1963	310.6000125
1964	310.9000027
1965	310.9999895
1966	310.9999895
1967	311.1000061
1968	310.9999895
1969	310.9000027
1970	310.9000027
1971	310.9000027
1972	310.9000027
1973	310.9000027
1974	310.6999993
1975	310.7999861
1976	310.9999895
1977	310.9999895
1978	310.9000027
1979	310.9000027
1980	311.1000061
1981	310.9999895
1982	310.9999895
1983	310.9999895
1984	310.9999895
1985	311.1000061
1986	310.9999895
1987	310.9000027
1988	310.9000027
1989	310.7999861
1990	311.1000061
1991	311.1000061
1992	311.1999929
1993	310.9000027
1994	310.7999861
1995	310.9000027
1996	310.9000027
1997	310.9999895
1998	310.9999895
1999	311.1999929
2000	311.5000129
2001	312.2000098
2002	312.7999902
2003	313.1000102
2004	313.8000071
2005	314.3999875
2006	314.7000074
2007	315.2999878
2008	315.8000112
2009	316.3999915
2010	316.7000115
2011	316.7999983
2012	317.2999918
2013	317.2999918
2014	317.2999918
2015	317.6000118
2016	317.6999986
2017	317.900002
2018	317.900002
2019	317.7999854
2020	317.7999854
2021	317.9999888
2022	318.1000054
2023	318.3000088
2024	318.5000122
2025	318.599999
2026	318.6999857
2027	318.8000023
2028	318.8000023
2029	318.8999891
2030	318.8999891
2031	319.0000057
2032	319.0000057
2033	318.8999891
2034	319.0000057
2035	318.8999891
2036	318.8000023
2037	318.8999891
2038	319.0000057
2039	318.8999891
2040	318.8999891
2041	319.2000091
2042	319.0000057
2043	318.8999891
2044	319.2000091
2045	319.2999959
2046	319.2000091
2047	319.2000091
2048	319.4000125
2049	319.2999959
2050	319.0999925
2051	319.2000091
2052	319.4999993
2053	319.4999993
2054	319.5999861
2055	319.5999861
2056	319.7999895
2057	319.5999861
2058	319.7999895
2059	319.7000027
2060	319.7999895
2061	319.7000027
2062	319.7999895
2063	319.5999861
2064	319.7000027
2065	319.7000027
2066	319.5999861
2067	319.4999993
2068	319.7000027
2069	319.7000027
2070	319.7000027
2071	319.5999861
2072	319.4999993
2073	319.5999861
2074	319.5999861
2075	319.7999895
2076	319.5999861
2077	319.5999861
2078	319.5999861
2079	319.7000027
2080	319.5999861
2081	319.5999861
2082	319.5999861
2083	319.7000027
2084	319.7999895
2085	319.7000027
2086	319.9000061
2087	319.9000061
2088	319.7000027
2089	319.7000027
2090	319.7999895
2091	319.7999895
2092	319.5999861
2093	319.9000061
2094	319.7000027
2095	319.7000027
2096	319.9000061
2097	320.1000094
2098	320.1999962
2099	320.1999962
2100	320.1999962
2101	320.1000094
2102	320.1999962
2103	320.1000094
2104	320.1999962
2105	320.1999962
2106	320.3000128
2107	320.1999962
2108	320.3000128
2109	320.3999996
2110	320.4999864
2111	320.4999864
2112	320.4999864
2113	320.4999864
2114	320.4999864
2115	320.1999962
2116	320.3000128
2117	319.9999928
2118	319.9999928
2119	320.1000094
2120	320.1999962
2121	320.1999962
2122	320.1000094
2123	319.9999928
2124	320.1999962
2125	320.1999962
2126	320.1000094
2127	320.3999996
2128	320.3000128
2129	320.3999996
2130	320.3000128
2131	320.4999864
2132	320.3000128
2133	320.1999962
2134	320.3999996
2135	320.1000094
2136	320.3000128
2137	320.1999962
2138	320.1999962
2139	320.1999962
2140	320.1999962
2141	320.1999962
2142	320.1000094
2143	319.9000061
2144	319.9999928
2145	320.1000094
2146	320.1000094
2147	320.1000094
2148	319.9999928
2149	320.1000094
2150	319.9999928
2151	320.3999996
2152	320.1999962
2153	320.3999996
2154	320.1999962
2155	320.3000128
2156	320.3000128
2157	320.600003
2158	320.3999996
2159	320.4999864
2160	320.600003
2161	320.4999864
2162	320.3999996
2163	320.4999864
2164	320.4999864
2165	320.600003
2166	320.600003
2167	320.4999864
2168	320.3999996
2169	320.1999962
2170	319.9000061
2171	320.1999962
2172	320.1000094
2173	320.1999962
2174	320.1999962
2175	320.1999962
2176	320.1999962
2177	320.3000128
2178	319.9000061
2179	319.4000125
2180	317.6999986
2181	315.6999946
2182	314.5999908
2183	311.8999898
2184	309.1999888
2185	306.400001
2186	303.4999967
2187	302.3000062
2188	300.3000021
2189	298.5999882
2190	298.0000079
2191	296.7000008
2192	296.0999906
2193	295.7000136
2194	295.5000103
2195	295.599997
2196	295.599997
2197	295.3999937
2198	295.5000103
2199	295.8000004
2200	296.0000038
2201	296.4000106
2202	296.4999974
2203	296.7999876
2204	297.3000109
2205	297.5000143
2206	298.0000079
2207	298.299998
2208	298.7999916
2209	299.1000116
2210	299.2999852
2211	299.8999953
2212	300.3000021
2213	300.3000021
2214	300.9000123
2215	301.2000024
2216	301.4999926
2217	301.699996
2218	301.9999862
2219	302.1999896
2220	302.7000129
2221	302.7999997
2222	303.0000031
2223	303.2999933
2224	303.4999967
2225	303.4999967
2226	303.7999868
2227	304.1000068
2228	304.1999936
2229	304.399997
2230	304.6999872
2231	304.6000004
2232	304.6999872
2233	305.0000072
2234	305.0000072
2235	305.0999939
2236	305.2999973
2237	305.4000139
2238	305.5000007
2239	305.9000075
2240	305.9999943
2241	306.1000109
2242	306.3000143
2243	306.400001
2244	306.400001
2245	306.4999878
2246	306.6999912
2247	306.8999946
2248	307.099998
2249	307.3000014
2250	307.3999882
2251	307.7000082
2252	307.7000082
2253	307.9000115
2254	308.2000017
2255	308.0999851
2256	308.0999851
2257	308.2000017
2258	308.4999919
2259	308.4000051
2260	308.4000051
2261	308.4999919
2262	308.6000085
2263	308.6000085
2264	308.6000085
2265	308.6000085
2266	308.6999953
2267	308.6000085
2268	308.4999919
2269	308.6000085
2270	308.6999953
2271	308.6999953
2272	308.8999987
2273	308.9999855
2274	308.9999855
2275	308.9999855
2276	309.3000054
2277	309.3999922
2278	309.5999956
2279	309.799999
2280	309.7000122
2281	309.5999956
2282	309.7000122
2283	309.5999956
2284	309.5999956
2285	309.7000122
2286	309.8999858
2287	309.5999956
2288	309.8999858
2289	309.799999
2290	309.7000122
2291	309.8999858
2292	309.799999
2293	309.8999858
2294	310.0999892
2295	309.8999858
2296	309.8999858
2297	310.0999892
2298	310.2000058
2299	310.0000024
2300	310.2000058
2301	310.0999892
2302	310.0999892
2303	310.2000058
2304	310.0000024
2305	310.2999926
2306	310.2000058
2307	310.2999926
2308	310.4000092
2309	310.6000125
2310	310.4000092
2311	310.4999959
2312	310.4000092
2313	310.4999959
2314	310.4999959
2315	310.4000092
2316	310.4999959
2317	310.6000125
2318	310.6000125
2319	310.6999993
2320	310.9000027
2321	310.7999861
2322	310.6000125
2323	310.6999993
2324	310.6999993
2325	310.7999861
2326	310.7999861
2327	310.7999861
2328	310.7999861
2329	310.7999861
2330	310.7999861
2331	310.9000027
2332	311.1000061
2333	310.9000027
2334	310.9999895
2335	311.1000061
2336	311.1999929
2337	310.9999895
2338	310.9999895
2339	310.9999895
2340	310.9000027
2341	310.9999895
2342	311.1000061
2343	310.9999895
2344	311.1000061
2345	311.1999929
2346	310.9000027
2347	310.9999895
2348	310.9000027
2349	311.1999929
2350	311.1000061
2351	311.1999929
2352	311.1000061
2353	310.9999895
2354	310.9999895
2355	310.9999895
2356	310.9000027
2357	310.9999895
2358	310.9000027
2359	310.9000027
2360	310.9999895
2361	310.9999895
2362	310.9000027
2363	311.1000061
2364	308.2000017
2365	307.9999983
2366	308.0999851
2367	308.0999851
2368	308.0999851
2369	308.0999851
2370	307.9999983
2371	308.0999851
2372	308.2999885
2373	308.2999885
2374	308.4000051
2375	308.4000051
2376	308.6000085
2377	308.6000085
2378	308.4999919
2379	308.6000085
2380	308.4999919
2381	308.6999953
2382	308.6999953
2383	308.6000085
2384	308.8000119
2385	308.8000119
2386	308.8000119
2387	308.8999987
2388	308.8999987
2389	308.8999987
2390	308.8999987
2391	308.8999987
2392	308.9999855
2393	308.8999987
2394	309.3000054
2395	309.1999888
2396	308.8999987
2397	309.3000054
2398	309.1000021
2399	309.3000054
2400	309.1999888
2401	309.3000054
2402	309.3000054
2403	309.3000054
2404	309.3999922
2405	309.3999922
2406	309.5999956
2407	309.3999922
2408	309.5000088
2409	309.5999956
2410	309.7000122
2411	309.799999
2412	309.799999
2413	310.0000024
2414	309.8999858
2415	310.0000024
2416	309.8999858
2417	309.8999858
2418	310.0999892
2419	310.0000024
2420	310.0000024
2421	310.2999926
2422	310.7999861
2423	310.9000027
2424	311.1999929
2425	311.3999963
2426	311.3999963
2427	311.3000095
2428	311.5000129
2429	311.8000031
2430	312.0000064
2431	311.8999898
2432	311.8000031
2433	312.0000064
2434	312.0000064
2435	311.8999898
2436	312.2000098
2437	312.2999966
2438	312.2999966
2439	312.2999966
2440	312.2999966
2441	312.5
2442	312.5
2443	312.7999902
2444	312.5999868
2445	312.7000034
2446	312.7000034
2447	312.7999902
2448	312.5999868
2449	312.7000034
2450	312.7999902
2451	312.7999902
2452	312.7000034
2453	312.9000068
2454	312.9999936
2455	312.9999936
2456	312.9999936
2457	313.1999969
2458	313.1000102
2459	313.1999969
2460	313.1999969
2461	312.9999936
2462	312.9999936
2463	312.9999936
2464	312.9000068
2465	313.1000102
2466	312.9999936
2467	313.1000102
2468	313.1000102
2469	313.1000102
2470	312.9999936
2471	313.1999969
2472	313.1000102
2473	313.1000102
2474	313.4999871
2475	313.6000037
2476	314.0000105
2477	314.3999875
2478	314.7000074
2479	315.6000078
2480	316.0000145
2481	316.7000115
2482	317.2999918
2483	317.900002
2484	318.3000088
2485	318.3000088
2486	318.599999
2487	318.599999
2488	318.599999
2489	318.8000023
2490	319.2000091
2491	319.2999959
2492	319.4000125
2493	319.9000061
2494	319.9000061
2495	320.1000094
2496	320.1000094
2497	320.1000094
2498	320.1999962
2499	320.6999898
2500	320.600003
2501	320.8000064
2502	320.600003
2503	320.6999898
2504	320.600003
2505	320.4999864
2506	320.8999932
2507	320.8000064
2508	320.8999932
2509	320.600003
2510	320.6999898
2511	320.600003
2512	320.600003
2513	320.6999898
2514	320.8000064
2515	320.6999898
2516	320.8999932
2517	320.8999932
2518	321.0000098
2519	321.0000098
2520	321.3
2521	321.3999867
2522	321.5000033
2523	321.5000033
2524	321.2000132
2525	321.2000132
2526	321.3
2527	321.3
2528	321.2000132
2529	321.2000132
2530	320.8999932
2531	321.0000098
2532	320.8999932
2533	321.0999966
2534	321.0000098
2535	321.2000132
2536	321.0000098
2537	321.0000098
2538	321.0999966
2539	321.2000132
2540	321.2000132
2541	321.5000033
2542	321.5000033
2543	321.7000067
2544	321.7000067
2545	321.7000067
2546	321.7000067
2547	321.7000067
2548	321.9999969
2549	321.9000101
2550	321.9000101
2551	321.9000101
2552	322.1000135
2553	322.2000003
2554	322.4999905
2555	322.6000071
2556	322.6000071
2557	322.6000071
2558	322.6999938
2559	322.8000104
2560	322.8000104
2561	322.8999972
2562	322.8999972
2563	322.8999972
2564	322.8000104
2565	322.6999938
2566	322.6000071
2567	322.4999905
2568	322.6000071
2569	322.4999905
2570	322.4999905
2571	322.2999871
2572	322.2999871
2573	322.1000135
2574	322.1000135
2575	322.1000135
2576	322.1000135
2577	322.2999871
2578	322.1000135
2579	321.9000101
2580	322.1000135
2581	322.2000003
2582	322.2000003
2583	322.1000135
2584	322.1000135
2585	322.1000135
2586	322.1000135
2587	322.2000003
2588	322.1000135
2589	322.2000003
2590	321.9000101
2591	321.7999935
2592	321.9999969
2593	321.7999935
2594	321.7000067
2595	321.7999935
2596	321.7000067
2597	321.7000067
2598	321.7999935
2599	322.1000135
2600	322.2000003
2601	322.4000037
2602	322.4999905
2603	322.4999905
2604	322.6999938
2605	322.8000104
2606	323.0000138
2607	322.8999972
2608	323.1000006
2609	323.1000006
2610	323.1000006
2611	323.0000138
2612	322.8000104
2613	322.8000104
2614	322.6000071
2615	322.4999905
2616	322.6999938
2617	322.6999938
2618	322.6999938
2619	322.8000104
2620	322.6000071
2621	322.4999905
2622	322.6000071
2623	322.4000037
2624	322.4000037
2625	322.2000003
2626	322.1000135
2627	322.4000037
2628	322.4999905
2629	322.6000071
2630	322.4999905
2631	322.6000071
2632	322.4000037
2633	322.2999871
2634	322.2000003
2635	322.2000003
2636	322.2999871
2637	322.1000135
2638	321.9999969
2639	321.9999969
2640	321.9000101
2641	321.9000101
2642	321.7999935
2643	321.7999935
2644	321.3999867
2645	321.2000132
2646	321.3
2647	321.3999867
2648	321.5000033
2649	321.5000033
2650	321.7000067
2651	321.7000067
2652	321.9999969
2653	321.9000101
2654	321.9000101
2655	321.5999901
2656	320.6999898
2657	320.1000094
2658	318.599999
2659	316.7000115
2660	314.2000139
2661	312.9999936
2662	310.6000125
2663	308.2000017
2664	307.0000112
2665	305.2999973
2666	303.7999868
2667	302.7000129
2668	301.699996
2669	301.2999892
2670	300.7000089
2671	300.3999889
2672	300.3000021
2673	300.0999987
2674	300.0000119
2675	300.0999987
2676	300.1999855
2677	300.3999889
2678	300.7999957
2679	301.0999858
2680	301.2000024
2681	301.4999926
2682	301.8999994
2683	302.1999896
2684	302.1999896
2685	302.5999963
2686	303.0000031
2687	303.2000065
2688	303.4999967
2689	303.7999868
2690	304.399997
2691	304.6000004
2692	304.8999906
2693	305.0999939
2694	305.5999875
2695	305.7000041
2696	305.9999943
2697	306.1999977
2698	306.6000044
2699	306.4999878
2700	306.8000078
2701	307.099998
2702	307.2000146
2703	307.3000014
2704	307.3999882
2705	307.7000082
2706	307.7000082
2707	307.9999983
2708	308.2000017
2709	308.4999919
2710	308.6000085
2711	308.6999953
2712	308.8000119
2713	308.8999987
2714	308.9999855
2715	309.5000088
2716	309.5000088
2717	309.5999956
2718	309.799999
2719	309.8999858
2720	309.8999858
2721	310.0000024
2722	310.2000058
2723	310.2999926
2724	310.4999959
2725	310.7999861
2726	310.9000027
2727	310.9000027
2728	310.9999895
2729	311.1999929
2730	311.1999929
2731	311.1999929
2732	311.3000095
2733	311.5000129
2734	311.5999997
2735	311.8000031
2736	311.5000129
2737	311.8999898
2738	311.8999898
2739	312.4000132
2740	312.5
2741	312.5
2742	312.7000034
2743	312.7000034
2744	312.7999902
2745	312.7999902
2746	312.7999902
2747	312.9999936
2748	312.9000068
2749	313.1000102
2750	312.9000068
2751	313.1000102
2752	312.9999936
2753	313.1999969
2754	313.3000135
2755	313.3000135
2756	313.4999871
2757	313.1999969
2758	313.4999871
2759	313.4000003
2760	313.6000037
2761	313.4999871
2762	313.6999905
2763	313.4999871
2764	313.6999905
2765	313.6999905
2766	313.8000071
2767	313.8999939
2768	313.8000071
2769	314.0000105
2770	314.0999973
2771	314.0999973
2772	314.0000105
2773	314.0999973
2774	314.0999973
2775	314.0999973
2776	314.3000007
2777	314.0999973
2778	314.3000007
2779	314.0999973
2780	314.3000007
2781	314.3000007
2782	314.3000007
2783	314.5000041
2784	314.3999875
2785	314.3999875
2786	314.3999875
2787	314.3999875
2788	314.5999908
2789	314.5999908
2790	314.5999908
2791	314.7000074
2792	314.7000074
2793	314.7000074
2794	314.7000074
2795	314.7999942
2796	314.7999942
2797	314.9000108
2798	314.9000108
2799	314.9999976
2800	314.9000108
2801	314.9999976
2802	315.1000142
2803	315.200001
2804	315.2999878
2805	315.2999878
2806	315.1000142
2807	315.2999878
2808	315.200001
2809	315.2999878
2810	315.4000044
2811	315.4000044
2812	315.2999878
2813	315.200001
2814	315.4000044
2815	315.4000044
2816	315.2999878
2817	315.4999912
2818	315.2999878
2819	315.4000044
2820	315.4000044
2821	315.4000044
2822	315.4000044
2823	315.4999912
2824	315.4000044
2825	315.4000044
2826	315.4000044
2827	315.6999946
2828	315.6999946
2829	315.6999946
2830	315.4999912
2831	315.6000078
2832	315.6000078
2833	315.6999946
2834	315.6999946
2835	315.4999912
2836	315.4999912
2837	315.4999912
2838	315.4999912
2839	315.4999912
2840	315.6000078
2841	315.6000078
2842	315.6999946
2843	315.6999946
2844	315.8999979
2845	315.6999946
2846	315.6999946
2847	315.6999946
2848	315.6999946
2849	315.6999946
2850	315.8000112
2851	315.8999979
2852	315.8999979
2853	315.8999979
2854	316.0000145
2855	316.0000145
2856	316.0000145
2857	316.0000145
2858	316.1000013
2859	316.0000145
2860	316.1000013
2861	316.1000013
2862	316.1999881
2863	316.3000047
2864	316.3000047
2865	316.1999881
2866	316.3000047
2867	316.1999881
2868	316.3999915
2869	316.3000047
2870	316.0000145
2871	316.3999915
2872	316.1999881
2873	316.3000047
2874	316.3000047
2875	316.1999881
2876	316.3999915
2877	316.1999881
2878	316.3000047
2879	316.1999881
2880	316.0000145
2881	316.1000013
2882	316.0000145
2883	316.3000047
2884	316.1999881
2885	316.3999915
2886	316.3000047
2887	316.3000047
2888	316.1000013
2889	316.3999915
2890	316.3999915
2891	316.3000047
2892	316.3000047
2893	316.1000013
2894	316.1999881
2895	316.1000013
2896	316.1999881
2897	316.1999881
2898	316.0000145
2899	316.0000145
2900	316.0000145
2901	316.0000145
2902	316.1999881
2903	316.1000013
2904	316.3000047
2905	316.0000145
2906	316.1999881
2907	316.0000145
2908	316.1999881
2909	316.3999915
2910	316.0000145
2911	316.1999881
2912	316.3999915
2913	316.3000047
2914	316.3999915
2915	316.3999915
2916	316.3999915
2917	316.3999915
2918	316.5000081
2919	316.5999949
2920	316.3999915
2921	316.5000081
2922	316.5000081
2923	316.3999915
2924	316.3999915
2925	316.1999881
2926	316.3999915
2927	316.5999949
2928	316.5999949
2929	316.3999915
2930	316.5999949
2931	316.5000081
2932	316.5999949
2933	316.7000115
2934	316.7000115
2935	316.5999949
2936	316.7999983
2937	316.7000115
2938	316.7000115
2939	316.5000081
2940	316.7000115
2941	316.7000115
2942	316.7999983
2943	316.7999983
2944	316.9000149
2945	317.0000017
2946	317.0000017
2947	316.9000149
2948	317.2000051
2949	317.2999918
2950	317.7999854
2951	318.3000088
2952	318.599999
2953	319.0000057
2954	319.5999861
2955	319.7999895
2956	319.7999895
2957	320.1999962
2958	320.3999996
2959	320.6999898
2960	320.8999932
2961	321.0000098
2962	320.8999932
2963	321.3
2964	321.3
2965	321.5000033
2966	321.5999901
2967	321.7000067
2968	321.7000067
2969	322.1000135
2970	321.9000101
2971	321.9999969
2972	322.1000135
2973	322.2000003
2974	322.2000003
2975	322.2000003
2976	322.4000037
2977	322.4000037
2978	322.4999905
2979	322.4999905
2980	322.4999905
2981	322.4000037
2982	322.6000071
2983	322.4999905
2984	322.4000037
2985	322.4999905
2986	322.2999871
2987	322.2999871
2988	322.4999905
2989	322.6000071
2990	322.4999905
2991	322.4999905
2992	322.4000037
2993	322.2999871
2994	322.2999871
2995	322.4999905
2996	322.4000037
2997	322.2000003
2998	322.1000135
2999	322.2000003
3000	322.1000135
3001	322.1000135
3002	322.1000135
3003	322.2999871
3004	322.2000003
3005	322.4999905
3006	322.2999871
3007	322.2999871
3008	322.4999905
3009	322.2999871
3010	322.2000003
3011	322.4999905
3012	322.6000071
3013	322.4999905
3014	322.2000003
3015	322.2000003
3016	322.4999905
3017	322.4000037
3018	322.4000037
3019	322.4000037
3020	322.2999871
3021	322.4000037
3022	322.2999871
3023	322.6000071
3024	322.4000037
3025	322.4999905
3026	322.4999905
3027	322.4000037
3028	322.6999938
3029	322.6000071
3030	322.6999938
3031	322.8999972
3032	323.1000006
3033	323.1000006
3034	323.1000006
3035	322.8999972
3036	323.0000138
3037	323.1000006
3038	323.1999874
3039	323.1000006
3040	323.0000138
3041	323.1999874
3042	323.0000138
3043	323.1000006
3044	323.300004
3045	323.1999874
3046	323.1000006
3047	323.1000006
3048	323.1000006
3049	323.1000006
3050	323.0000138
3051	322.8999972
3052	323.0000138
3053	322.8000104
3054	322.8999972
3055	322.8000104
3056	322.6999938
3057	322.8000104
3058	323.1000006
3059	323.1999874
3060	323.3999908
3061	323.3999908
3062	323.300004
3063	323.300004
3064	323.1999874
3065	323.1999874
3066	323.1000006
3067	322.8999972
3068	323.1999874
3069	323.1999874
3070	323.3999908
3071	323.3999908
3072	323.1999874
3073	323.3999908
3074	323.1999874
3075	323.1999874
3076	323.1000006
3077	323.300004
3078	323.3999908
3079	323.300004
3080	323.1999874
3081	323.300004
3082	323.1999874
3083	323.300004
3084	323.300004
3085	323.1999874
3086	323.300004
3087	323.5000074
3088	323.5000074
3089	323.9000142
3090	323.7999976
3091	323.9000142
3092	324.0999877
3093	324.000001
3094	324.0999877
3095	323.9000142
3096	323.5000074
3097	323.300004
3098	323.1000006
3099	323.1000006
3100	322.8000104
3101	322.8000104
3102	322.8000104
3103	323.1000006
3104	323.1000006
3105	323.300004
3106	323.3999908
3107	323.3999908
3108	323.3999908
3109	323.300004
3110	323.1999874
3111	323.1000006
3112	322.8999972
3113	323.1000006
3114	323.1000006
3115	323.300004
3116	323.1999874
3117	322.8999972
3118	322.6999938
3119	322.4000037
3120	322.4999905
3121	322.4000037
3122	322.6000071
3123	322.6000071
3124	322.6000071
3125	322.6999938
3126	322.8000104
3127	322.6999938
3128	322.8000104
3129	322.4999905
3130	322.1000135
3131	321.0999966
3132	320.4999864
3133	318.8999891
3134	317.0999885
3135	315.2999878
3136	314.0999973
3137	312.5
3138	310.6000125
3139	308.8999987
3140	308.4000051
3141	307.3000014
3142	306.400001
3143	305.7000041
3144	305.4000139
3145	304.8999906
3146	304.5000136
3147	304.1999936
3148	304.3000102
3149	304.399997
3150	304.399997
3151	304.5000136
3152	304.399997
3153	304.8000038
3154	304.8000038
3155	304.8999906
3156	305.4000139
3157	305.5999875
3158	305.9000075
3159	306.1000109
3160	306.6000044
3161	306.400001
3162	306.8999946
3163	307.0000112
3164	307.3000014
3165	307.5000048
3166	307.9000115
3167	307.9999983
3168	308.2000017
3169	308.2999885
3170	308.6000085
3171	308.8000119
3172	308.8999987
3173	309.3000054
3174	309.3000054
3175	309.7000122
3176	309.5999956
3177	309.799999
3178	310.0000024
3179	310.2000058
3180	310.6000125
3181	310.6999993
3182	310.6000125
3183	310.7999861
3184	310.9000027
3185	311.1999929
3186	311.1999929
3187	311.3000095
3188	311.3999963
3189	311.8000031
3190	311.6999865
3191	311.8000031
3192	312.0999932
3193	312.0000064
3194	312.2000098
3195	312.2000098
3196	312.4000132
3197	312.5
3198	312.7000034
3199	312.7000034
3200	312.7999902
3201	312.9000068
3202	312.9999936
3203	312.9999936
3204	313.1999969
3205	313.4999871
3206	313.4999871
3207	313.8000071
3208	313.8000071
3209	313.8000071
3210	313.8000071
3211	314.0999973
3212	314.0999973
3213	314.0000105
3214	314.0999973
3215	314.0999973
3216	314.0000105
3217	314.3000007
3218	314.3000007
3219	314.3999875
3220	314.7000074
3221	314.5999908
3222	314.5999908
3223	314.5999908
3224	314.5000041
3225	314.7000074
3226	314.7999942
3227	314.9000108
3228	314.9999976
3229	314.9999976
3230	315.200001
3231	315.1000142
3232	315.1000142
3233	315.200001
3234	315.1000142
3235	315.1000142
3236	315.4000044
3237	315.200001
3238	315.4000044
3239	315.4000044
3240	315.4000044
3241	315.4000044
3242	315.4000044
3243	315.4000044
3244	315.4000044
3245	315.4999912
3246	315.4999912
3247	315.6999946
3248	315.6999946
3249	315.6000078
3250	315.6000078
3251	315.6999946
3252	315.6999946
3253	315.6999946
3254	315.8000112
3255	315.6999946
3256	315.6999946
3257	316.0000145
3258	315.8999979
3259	316.0000145
3260	315.8999979
3261	316.0000145
3262	316.0000145
3263	316.1000013
3264	316.0000145
3265	316.1000013
3266	316.1000013
3267	316.1000013
3268	316.0000145
3269	316.0000145
3270	316.0000145
3271	316.1000013
3272	316.0000145
3273	316.1000013
3274	316.1999881
3275	315.8999979
3276	316.1999881
3277	316.1000013
3278	316.0000145
3279	316.3000047
3280	316.3000047
3281	316.3999915
3282	316.3999915
3283	316.3999915
3284	316.3999915
3285	316.5999949
3286	316.5000081
3287	316.5000081
3288	316.3999915
3289	316.3999915
3290	316.3999915
3291	316.3999915
3292	316.5999949
3293	316.5999949
3294	316.5000081
3295	316.7000115
3296	316.7000115
3297	316.7000115
3298	316.7000115
3299	316.7000115
3300	316.5000081
3301	316.7000115
3302	316.7000115
3303	316.7000115
3304	316.9000149
3305	316.7999983
3306	316.7000115
3307	316.7000115
3308	316.7999983
3309	316.7000115
3310	316.7999983
3311	316.7999983
3312	316.7000115
3313	317.0000017
3314	316.9000149
3315	316.9000149
3316	317.0000017
3317	317.0000017
3318	317.0999885
3319	317.0999885
3320	317.0999885
3321	317.2999918
3322	317.0000017
3323	317.0000017
3324	317.0000017
3325	317.0000017
3326	317.0000017
3327	317.0000017
3328	317.0999885
3329	317.0000017
3330	317.0000017
3331	317.0999885
3332	317.2999918
3333	317.2999918
3334	317.2999918
3335	317.2000051
3336	317.2999918
3337	317.0999885
3338	317.0000017
3339	317.0000017
3340	317.0000017
3341	317.0000017
3342	316.9000149
3343	317.0000017
3344	317.0000017
3345	316.9000149
3346	317.0000017
3347	317.0000017
3348	317.0999885
3349	317.0999885
3350	317.2000051
3351	317.2000051
3352	317.0000017
3353	317.0999885
3354	317.0999885
3355	317.0000017
3356	317.2000051
3357	317.2999918
3358	317.2000051
3359	317.0999885
3360	317.2000051
3361	317.2000051
3362	317.0999885
3363	317.0999885
3364	317.2999918
3365	317.2000051
3366	317.2000051
3367	317.2000051
3368	317.0999885
3369	317.0999885
3370	317.0000017
3371	317.0999885
3372	317.0000017
3373	317.4000084
3374	317.2999918
3375	317.2000051
3376	317.4999952
3377	317.2000051
3378	317.2999918
3379	317.2999918
3380	317.4000084
3381	317.2999918
3382	317.4999952
3383	317.2999918
3384	317.2999918
3385	317.2999918
3386	317.2999918
3387	317.4000084
3388	317.2999918
3389	317.2000051
3390	317.2000051
3391	317.2999918
3392	317.2000051
3393	317.0999885
3394	317.2999918
3395	317.0999885
3396	317.0000017
3397	317.2000051
3398	317.2000051
3399	317.0999885
3400	317.2999918
3401	317.2999918
3402	317.0999885
3403	317.2999918
3404	317.2000051
3405	317.0999885
3406	317.0000017
3407	317.0000017
3408	317.2000051
3409	317.0999885
3410	317.2000051
3411	317.2999918
3412	317.2999918
3413	317.2999918
3414	317.6000118
3415	317.4000084
3416	317.4999952
3417	317.4999952
3418	317.4999952
3419	317.6000118
3420	317.4999952
3421	317.6999986
3422	317.900002
3423	317.900002
3424	318.3000088
3425	318.599999
3426	319.0000057
3427	319.4000125
3428	319.5999861
3429	320.1000094
3430	320.1999962
3431	320.600003
3432	320.6999898
3433	321.0999966
3434	321.7999935
3435	321.7999935
3436	322.1000135
3437	322.2000003
3438	322.1000135
3439	322.4000037
3440	322.4999905
3441	322.6999938
3442	322.8000104
3443	322.6999938
3444	322.4999905
3445	322.4000037
3446	322.2999871
3447	322.1000135
3448	322.1000135
3449	322.4000037
3450	322.4000037
3451	322.4000037
3452	322.4999905
3453	322.2999871
3454	322.4000037
3455	322.4999905
3456	322.4000037
3457	322.4999905
3458	322.4999905
3459	322.2999871
3460	322.2999871
3461	322.4000037
3462	322.4999905
3463	322.4000037
3464	322.4000037
3465	322.4000037
3466	322.4999905
3467	322.2000003
3468	322.2999871
3469	322.4999905
3470	322.4000037
3471	322.2000003
3472	322.2000003
3473	322.4000037
3474	322.2000003
3475	322.4999905
3476	322.6000071
3477	322.6000071
3478	322.8000104
3479	322.6000071
3480	322.6000071
3481	322.4999905
3482	322.4999905
3483	322.4999905
3484	322.6999938
3485	322.8000104
3486	323.1000006
3487	323.1000006
3488	323.1999874
3489	323.300004
3490	323.300004
3491	323.1999874
3492	323.300004
3493	323.3999908
3494	323.300004
3495	323.3999908
3496	323.5000074
3497	323.300004
3498	323.3999908
3499	323.3999908
3500	323.1999874
3501	323.3999908
3502	323.1000006
3503	323.1000006
3504	323.1000006
3505	323.1000006
3506	323.1000006
3507	323.1999874
3508	323.1000006
3509	323.3999908
3510	323.3999908
3511	323.3999908
3512	323.300004
3513	323.0000138
3514	322.8999972
3515	323.1000006
3516	322.8000104
3517	322.8000104
3518	322.8999972
3519	322.8999972
3520	322.8000104
3521	322.4999905
3522	322.6999938
3523	322.6000071
3524	322.6000071
3525	322.4999905
3526	322.4999905
3527	322.6999938
3528	322.6999938
3529	322.8999972
3530	322.8000104
3531	322.8999972
3532	323.1000006
3533	323.1999874
3534	323.3999908
3535	323.1999874
3536	322.8999972
3537	322.8999972
3538	322.8000104
3539	323.0000138
3540	323.1000006
3541	323.1000006
3542	323.1000006
3543	323.1999874
3544	323.300004
3545	323.300004
3546	323.300004
3547	323.1000006
3548	323.1000006
3549	323.1000006
3550	323.1000006
3551	323.1000006
3552	323.3999908
3553	323.3999908
3554	323.3999908
3555	323.3999908
3556	323.1000006
3557	323.300004
3558	323.3999908
3559	323.1999874
3560	323.3999908
3561	323.300004
3562	323.1999874
3563	323.1000006
3564	323.0000138
3565	323.1000006
3566	323.1000006
3567	323.1000006
3568	323.1000006
3569	323.1000006
3570	322.8999972
3571	322.8000104
3572	322.4999905
3573	322.1000135
3574	321.7999935
3575	321.5999901
3576	321.7999935
3577	321.7000067
3578	321.7999935
3579	322.2000003
3580	322.2000003
3581	322.2999871
3582	322.2999871
3583	322.2999871
3584	322.2999871
3585	322.1000135
3586	322.2000003
3587	322.2999871
3588	322.2999871
3589	322.2999871
3590	322.4000037
3591	322.4000037
3592	322.2000003
3593	322.1000135
3594	321.9999969
3595	321.7999935
3596	321.9999969
3597	322.1000135
3598	322.1000135
3599	321.9999969
3600	322.1000135
3601	321.7999935
3602	321.5000033
3603	321.0999966
3604	320.8000064
3605	320.1999962
3606	319.4999993
3607	318.6999857
3608	317.0999885
3609	315.2999878
3610	313.1999969
3611	311.5000129
3612	310.4999959
3613	308.9999855
3614	307.7000082
3615	307.2000146
3616	306.400001
3617	305.7999909
3618	305.2999973
3619	305.0999939
3620	304.8000038
3621	304.8000038
3622	304.6999872
3623	304.6000004
3624	304.8000038
3625	304.8999906
3626	305.0999939
3627	305.0000072
3628	305.4000139
3629	305.5000007
3630	305.7000041
3631	306.1000109
3632	306.3000143
3633	306.4999878
3634	306.8000078
3635	307.0000112
3636	307.099998
3637	307.3000014
3638	307.3999882
3639	307.7000082
3640	307.7999949
3641	307.9999983
3642	308.2000017
3643	308.4000051
3644	308.6000085
3645	308.8999987
3646	308.9999855
3647	309.3000054
3648	309.5000088
3649	309.7000122
3650	309.799999
3651	310.2000058
3652	310.2000058
3653	310.2999926
3654	310.6000125
3655	310.6999993
3656	311.1000061
3657	311.1000061
3658	311.1999929
3659	311.5000129
3660	311.5000129
3661	311.6999865
3662	311.8000031
3663	311.8000031
3664	311.8999898
3665	312.0999932
3666	312.2000098
3667	312.2000098
3668	312.2999966
3669	312.4000132
3670	312.5
3671	312.5
3672	312.5999868
3673	312.7999902
3674	312.9000068
3675	313.1000102
3676	313.1000102
3677	313.1999969
3678	313.1999969
3679	313.3000135
3680	313.4999871
3681	313.4999871
3682	313.4999871
3683	313.6999905
3684	313.6999905
3685	313.6999905
3686	313.6999905
3687	313.8000071
3688	313.8999939
3689	313.8999939
3690	314.0999973
3691	314.2000139
3692	314.2000139
3693	314.0999973
3694	314.3999875
3695	314.3000007
3696	314.3000007
3697	314.3999875
3698	314.5999908
3699	314.5999908
3700	314.7000074
3701	314.5000041
3702	314.3999875
3703	314.3999875
3704	314.5000041
3705	314.3999875
3706	314.5999908
3707	314.5999908
3708	314.7000074
3709	314.7000074
3710	314.7000074
3711	314.7999942
3712	314.9999976
3713	314.7999942
3714	315.1000142
3715	314.9000108
3716	315.1000142
3717	315.1000142
3718	315.2999878
3719	315.2999878
3720	315.200001
3721	315.200001
3722	315.4000044
3723	315.4000044
3724	315.2999878
3725	315.4000044
3726	315.2999878
3727	315.2999878
3728	315.4000044
3729	315.2999878
3730	315.4000044
3731	315.2999878
3732	315.200001
3733	315.200001
3734	315.1000142
3735	315.4000044
3736	315.2999878
3737	315.200001
3738	315.2999878
3739	315.200001
3740	315.2999878
3741	315.2999878
3742	315.4000044
3743	315.4999912
3744	315.6999946
3745	315.6999946
3746	315.6999946
3747	315.6999946
3748	315.6999946
3749	315.6999946
3750	315.6999946
3751	315.6999946
3752	315.6999946
3753	315.8000112
3754	315.8000112
3755	315.8000112
3756	315.8000112
3757	315.8000112
3758	315.6999946
3759	315.6999946
3760	315.6999946
3761	315.6000078
3762	315.8999979
3763	316.0000145
3764	316.0000145
3765	316.0000145
3766	316.0000145
3767	316.1000013
3768	316.1000013
3769	316.0000145
3770	315.8999979
3771	315.8000112
3772	315.8999979
3773	315.8999979
3774	316.0000145
3775	316.0000145
3776	316.0000145
3777	316.1000013
3778	316.0000145
3779	316.0000145
3780	316.1000013
3781	316.0000145
3782	316.1000013
3783	316.0000145
3784	315.8999979
3785	316.0000145
3786	316.0000145
3787	316.3000047
3788	316.1999881
3789	316.1999881
3790	316.3999915
3791	316.3999915
3792	316.3999915
3793	316.3999915
3794	316.3000047
3795	316.3999915
3796	316.3000047
3797	316.3999915
3798	316.1000013
3799	316.1999881
3800	316.5000081
3801	316.1000013
3802	316.3999915
3803	316.3000047
3804	316.3000047
3805	316.1999881
3806	316.1000013
3807	316.1999881
3808	316.3000047
3809	316.1999881
3810	316.1999881
3811	316.1999881
3812	316.3000047
3813	316.1999881
3814	316.1999881
3815	316.1000013
3816	316.3000047
3817	316.1999881
3818	316.1999881
3819	316.1000013
3820	316.1999881
3821	316.1000013
3822	316.1000013
3823	316.1000013
3824	316.0000145
3825	316.1000013
3826	316.1999881
3827	316.1000013
3828	316.3000047
3829	316.1999881
3830	316.3999915
3831	316.3000047
3832	316.3000047
3833	316.1999881
3834	316.1999881
3835	316.3000047
3836	316.1999881
3837	316.3999915
3838	316.1999881
3839	316.3999915
3840	316.1999881
3841	316.0000145
3842	316.1000013
3843	316.3000047
3844	316.3000047
3845	316.1999881
3846	316.1999881
3847	316.3999915
3848	316.3999915
3849	316.3999915
3850	316.3999915
3851	316.3999915
3852	316.5000081
3853	316.5000081
3854	316.7000115
3855	316.5000081
3856	316.3999915
3857	316.5999949
3858	316.3999915
3859	316.5000081
3860	316.5000081
3861	316.5999949
3862	316.3999915
3863	316.3999915
3864	316.3999915
3865	316.3999915
3866	316.3000047
3867	316.3999915
3868	316.3999915
3869	316.3999915
3870	316.5000081
3871	316.3999915
3872	316.3999915
3873	316.3999915
3874	316.3999915
3875	316.3999915
3876	316.3000047
3877	316.3000047
3878	316.5000081
3879	316.3999915
3880	316.5000081
3881	316.3999915
3882	316.5000081
3883	316.3999915
3884	316.5999949
3885	316.5000081
3886	316.7000115
3887	316.5999949
3888	316.7000115
3889	316.7999983
3890	316.7999983
3891	316.7999983
3892	316.5999949
3893	316.7000115
3894	316.7999983
3895	317.2000051
3896	317.6000118
3897	318.1000054
3898	318.3000088
3899	318.6999857
3900	319.2000091
3901	319.7000027
3902	320.1000094
3903	320.1999962
3904	320.3000128
3905	320.4999864
3906	320.600003
3907	320.8999932
3908	321.0000098
3909	321.2000132
3910	321.5000033
3911	321.7000067
3912	321.7999935
3913	322.1000135
3914	322.1000135
3915	322.1000135
3916	321.9999969
3917	322.2000003
3918	321.9999969
3919	322.2000003
3920	322.2000003
3921	322.4000037
3922	322.2000003
3923	322.4000037
3924	322.2000003
3925	322.2000003
3926	322.1000135
3927	322.1000135
3928	321.9999969
3929	321.9999969
3930	322.1000135
3931	322.2000003
3932	322.1000135
3933	321.7000067
3934	321.7999935
3935	321.5000033
3936	321.3
3937	321.5000033
3938	321.5000033
3939	321.7999935
3940	321.9000101
3941	321.7999935
3942	321.9999969
3943	321.9999969
3944	322.1000135
3945	322.1000135
3946	322.1000135
3947	321.9999969
3948	322.1000135
3949	322.2000003
3950	322.4999905
3951	322.8000104
3952	322.8000104
3953	322.8999972
3954	322.8000104
3955	322.8000104
3956	322.8000104
3957	322.8000104
3958	323.1000006
3959	323.300004
3960	323.300004
3961	323.5000074
3962	323.300004
3963	323.300004
3964	323.1000006
3965	323.0000138
3966	323.0000138
3967	322.8999972
3968	322.8999972
3969	322.6000071
3970	322.8000104
3971	322.8999972
3972	322.8999972
3973	323.300004
3974	323.1000006
3975	323.1999874
3976	323.300004
3977	323.1000006
3978	323.3999908
3979	323.300004
3980	323.3999908
3981	323.3999908
3982	323.300004
3983	323.3999908
3984	323.300004
3985	323.1999874
3986	323.300004
3987	323.1000006
3988	323.1999874
3989	323.0000138
3990	322.8000104
3991	322.8000104
3992	322.4999905
3993	322.6999938
3994	322.6000071
3995	322.8000104
3996	322.8000104
3997	322.6000071
3998	322.8000104
3999	322.6000071
4000	322.8000104
4001	322.6000071
4002	322.4000037
4003	322.4999905
4004	322.2999871
4005	322.4000037
4006	322.4999905
4007	322.6999938
4008	322.6000071
4009	322.6999938
4010	322.6999938
4011	322.6999938
4012	322.8000104
4013	323.0000138
4014	322.8999972
4015	323.1000006
4016	323.1999874
4017	323.1999874
4018	323.3999908
4019	323.3999908
4020	323.3999908
4021	323.5000074
4022	323.5999942
4023	323.1999874
4024	323.1000006
4025	323.1000006
4026	323.1999874
4027	323.3999908
4028	323.7999976
4029	323.7000108
4030	323.7999976
4031	323.7999976
4032	323.7000108
4033	323.7999976
4034	323.7999976
4035	323.5999942
4036	323.5000074
4037	323.3999908
4038	323.300004
4039	323.1000006
4040	322.8999972
4041	322.8000104
4042	322.8000104
4043	322.8000104
4044	322.8000104
4045	322.6999938
4046	322.8000104
4047	323.1000006
4048	323.3999908
4049	323.5000074
4050	323.7999976
4051	323.9000142
4052	323.7999976
4053	323.7999976
4054	324.000001
4055	323.7999976
4056	323.7000108
4057	324.000001
4058	324.000001
4059	323.9000142
4060	323.7999976
4061	323.9000142
4062	323.9000142
4063	323.7999976
4064	323.5999942
4065	323.3999908
4066	323.1000006
4067	322.8999972
4068	323.0000138
4069	322.8999972
4070	322.8000104
4071	322.8000104
4072	322.8000104
4073	322.8000104
4074	322.6999938
4075	322.6000071
4076	322.2999871
4077	321.9000101
4078	321.2000132
4079	320.6999898
4080	319.9999928
4081	318.599999
4082	316.7000115
4083	315.8000112
4084	313.8000071
4085	312.0000064
4086	310.2000058
4087	309.5999956
4088	308.2000017
4089	307.0000112
4090	306.8000078
4091	306.3000143
4092	305.9000075
4093	305.7000041
4094	305.5000007
4095	305.5000007
4096	305.5999875
4097	305.5000007
4098	305.5000007
4099	305.5999875
4100	305.5999875
4101	305.7999909
4102	305.7000041
4103	306.1000109
4104	306.1999977
4105	306.6000044
4106	306.6999912
4107	307.0000112
4108	307.3000014
4109	307.5000048
4110	307.7000082
4111	307.7999949
4112	307.9999983
4113	308.2999885
4114	308.4000051
4115	308.6000085
4116	308.8999987
4117	309.1000021
4118	309.3000054
4119	309.3000054
4120	309.5000088
4121	309.7000122
4122	309.799999
4123	310.0000024
4124	310.0999892
4125	310.2000058
4126	310.6000125
4127	310.6000125
4128	310.7999861
4129	310.7999861
4130	310.9000027
4131	311.1000061
4132	311.1999929
4133	311.5000129
4134	311.3999963
4135	311.5000129
4136	311.6999865
4137	311.8000031
4138	312.0000064
4139	312.2000098
4140	312.4000132
4141	312.4000132
4142	312.5
4143	312.5999868
4144	312.5999868
4145	312.7999902
4146	312.7999902
4147	313.1000102
4148	313.1999969
4149	313.1999969
4150	313.4000003
4151	313.4999871
4152	313.6000037
4153	313.4999871
4154	313.8000071
4155	313.8000071
4156	313.8000071
4157	314.0000105
4158	314.0000105
4159	314.0999973
4160	314.0999973
4161	314.0999973
4162	314.2000139
4163	314.0999973
4164	314.3999875
4165	314.3999875
4166	314.3999875
4167	314.3000007
4168	314.3999875
4169	314.5000041
4170	314.3999875
4171	314.3999875
4172	314.5999908
4173	314.5999908
4174	314.7000074
4175	314.5000041
4176	314.7000074
4177	314.7999942
4178	314.7999942
4179	314.9000108
4180	315.1000142
4181	314.9999976
4182	314.9999976
4183	315.1000142
4184	315.1000142
4185	315.2999878
4186	315.200001
4187	315.4000044
4188	315.4000044
4189	315.4000044
4190	315.4000044
4191	315.6000078
4192	315.6000078
4193	315.4999912
4194	315.6000078
4195	315.4999912
4196	315.4000044
4197	315.6999946
4198	315.6999946
4199	315.6000078
4200	315.6000078
4201	315.6999946
4202	315.6999946
4203	315.6999946
4204	315.4999912
4205	315.6000078
4206	315.6999946
4207	315.6999946
4208	316.0000145
4209	315.6999946
4210	315.8999979
4211	315.8999979
4212	316.0000145
4213	316.0000145
4214	316.0000145
4215	315.8999979
4216	315.8999979
4217	316.0000145
4218	316.0000145
4219	316.0000145
4220	316.0000145
4221	316.0000145
4222	315.8999979
4223	316.1000013
4224	316.1000013
4225	316.0000145
4226	316.1000013
4227	316.1000013
4228	316.0000145
4229	316.0000145
4230	315.8999979
4231	315.8000112
4232	316.0000145
4233	316.0000145
4234	315.8999979
4235	315.8999979
4236	316.0000145
4237	316.1000013
4238	316.1000013
4239	316.0000145
4240	316.1999881
4241	316.1999881
4242	316.1999881
4243	316.3000047
4244	316.1999881
4245	316.3000047
4246	316.1000013
4247	316.3999915
4248	316.5000081
4249	316.5999949
4250	316.7000115
4251	316.9000149
4252	316.7000115
4253	316.7999983
4254	316.7000115
4255	316.7000115
4256	316.3999915
4257	316.5000081
4258	316.5999949
4259	316.7000115
4260	316.7000115
4261	316.5999949
4262	316.5999949
4263	316.5000081
4264	316.7999983
4265	316.7000115
4266	316.7000115
4267	316.5999949
4268	316.3999915
4269	316.5000081
4270	316.5000081
4271	316.3999915
4272	316.3000047
4273	316.5000081
4274	316.5000081
4275	316.7000115
4276	316.5000081
4277	316.5999949
4278	316.7000115
4279	316.7000115
4280	316.7000115
4281	316.7000115
4282	316.7999983
4283	316.7999983
4284	316.7000115
4285	316.7000115
4286	316.7000115
4287	317.0000017
4288	316.9000149
4289	316.7999983
4290	316.9000149
4291	316.7000115
4292	316.7999983
4293	316.7999983
4294	316.7000115
4295	316.9000149
4296	316.7999983
4297	317.0000017
4298	316.7000115
4299	316.7000115
4300	316.9000149
4301	316.7999983
4302	316.7000115
4303	316.7999983
4304	316.7999983
4305	317.0000017
4306	317.0000017
4307	317.0999885
4308	316.9000149
4309	317.0000017
4310	317.0000017
4311	317.0000017
4312	316.7999983
4313	316.9000149
4314	316.7999983
4315	316.9000149
4316	316.9000149
4317	316.7000115
4318	317.0000017
4319	317.0000017
4320	317.0000017
4321	317.0000017
4322	317.0000017
4323	317.0999885
4324	317.0999885
4325	317.0000017
4326	317.2000051
4327	317.2999918
4328	317.2999918
4329	317.0000017
4330	317.0999885
4331	317.2000051
4332	317.0999885
4333	317.2000051
4334	317.2000051
4335	317.0999885
4336	317.2000051
4337	317.0000017
4338	317.0999885
4339	317.0999885
4340	317.0000017
4341	316.9000149
4342	317.0000017
4343	317.0999885
4344	317.2999918
4345	317.2000051
4346	317.2999918
4347	317.2999918
4348	317.2999918
4349	317.0000017
4350	317.0999885
4351	317.0000017
4352	317.0999885
4353	317.2000051
4354	317.2999918
4355	317.2000051
4356	317.0999885
4357	317.4000084
4358	317.0000017
4359	317.0000017
4360	317.0999885
4361	317.0000017
4362	317.0999885
4363	317.2999918
4364	317.2000051
4365	317.2999918
4366	317.4999952
4367	317.7999854
4368	317.6000118
4369	317.6000118
4370	317.900002
4371	318.5000122
4372	318.8999891
4373	319.2000091
4374	319.4999993
4375	319.7000027
4376	320.4999864
4377	320.6999898
4378	320.6999898
4379	321.2000132
4380	321.2000132
4381	321.3
4382	321.5000033
4383	321.5000033
4384	321.7999935
4385	321.7000067
4386	321.9000101
4387	321.7999935
4388	321.7000067
4389	321.7000067
4390	321.5999901
4391	321.7000067
4392	322.1000135
4393	322.1000135
4394	322.4999905
4395	322.4999905
4396	322.4999905
4397	322.2999871
4398	322.2000003
4399	321.9999969
4400	322.1000135
4401	322.2999871
4402	322.2999871
4403	322.6000071
4404	322.6000071
4405	322.4999905
4406	322.4999905
4407	322.2999871
4408	322.2999871
4409	322.2000003
4410	322.2000003
4411	322.4999905
4412	322.4999905
4413	322.6000071
4414	322.8000104
4415	322.6000071
4416	322.4000037
4417	322.2000003
4418	322.1000135
4419	322.1000135
4420	321.9000101
4421	322.1000135
4422	322.1000135
4423	321.9999969
4424	321.9000101
4425	321.9000101
4426	321.7999935
4427	321.5999901
4428	321.7000067
4429	321.7999935
4430	321.9999969
4431	321.9999969
4432	322.1000135
4433	322.2000003
4434	322.2999871
4435	322.2999871
4436	322.2999871
4437	322.2999871
4438	322.4999905
4439	322.2000003
4440	322.4999905
4441	322.4999905
4442	322.4999905
4443	322.4000037
4444	322.4000037
4445	322.4999905
4446	322.1000135
4447	322.1000135
4448	322.1000135
4449	322.2999871
4450	322.1000135
4451	322.1000135
4452	322.1000135
4453	322.2999871
4454	322.4999905
4455	322.4999905
4456	322.4999905
4457	322.6000071
4458	322.6000071
4459	322.4999905
4460	322.2999871
4461	322.4999905
4462	322.4999905
4463	322.2000003
4464	322.1000135
4465	322.4999905
4466	322.4000037
4467	322.2000003
4468	322.4000037
4469	322.2000003
4470	322.1000135
4471	322.2000003
4472	322.2000003
4473	322.4999905
4474	322.6000071
4475	322.6999938
4476	323.0000138
4477	322.8000104
4478	322.8000104
4479	322.2999871
4480	322.4999905
4481	322.2999871
4482	322.2999871
4483	322.2000003
4484	322.2999871
4485	322.2999871
4486	322.4999905
4487	322.4999905
4488	322.4999905
4489	322.4999905
4490	322.4999905
4491	322.6000071
4492	322.6999938
4493	322.8000104
4494	322.8000104
4495	322.4999905
4496	322.4999905
4497	322.4000037
4498	322.6999938
4499	322.4999905
4500	322.6000071
4501	322.4999905
4502	322.4000037
4503	322.2000003
4504	322.2000003
4505	322.1000135
4506	322.2999871
4507	322.4999905
4508	322.4999905
4509	322.8000104
4510	323.1000006
4511	323.0000138
4512	323.1000006
4513	323.1000006
4514	323.1000006
4515	322.8999972
4516	322.8000104
4517	322.8000104
4518	322.6999938
4519	322.6000071
4520	322.6000071
4521	322.4999905
4522	322.2999871
4523	322.4000037
4524	322.4000037
4525	322.2000003
4526	321.9000101
4527	321.9999969
4528	321.7999935
4529	321.7999935
4530	321.7000067
4531	321.7999935
4532	321.5999901
4533	321.9000101
4534	322.4000037
4535	322.4999905
4536	322.4999905
4537	322.2000003
4538	321.7999935
4539	321.7999935
4540	321.5000033
4541	321.7999935
4542	321.7999935
4543	321.9000101
4544	321.5999901
4545	322.1000135
4546	321.9000101
4547	321.9999969
4548	321.7999935
4549	321.7000067
4550	321.5000033
4551	320.8000064
4552	319.2000091
4553	317.6000118
4554	316.5999949
4555	314.3999875
4556	312.5999868
4557	310.6000125
4558	309.8999858
4559	308.2999885
4560	307.0000112
4561	305.9999943
4562	305.5000007
4563	304.8000038
4564	304.1000068
4565	303.9000034
4566	303.7999868
4567	303.4999967
4568	303.4999967
4569	303.4999967
4570	303.9000034
4571	304.1000068
4572	304.399997
4573	304.3000102
4574	304.8000038
4575	305.0999939
4576	305.5999875
4577	305.5999875
4578	305.9999943
4579	306.400001
4580	306.6000044
4581	306.8000078
4582	307.2000146
4583	307.3000014
4584	307.5999916
4585	307.7999949
4586	307.9999983
4587	308.2999885
4588	308.4999919
4589	308.6999953
4590	309.1999888
4591	309.3999922
4592	309.5000088
4593	309.8999858
4594	309.8999858
4595	310.2000058
4596	310.2999926
4597	310.4999959
4598	310.6999993
4599	310.9999895
4600	310.9999895
4601	311.1000061
4602	311.3999963
4603	311.5999997
4604	311.5999997
4605	311.8000031
4606	312.0000064
4607	311.8999898
4608	312.0999932
4609	312.2000098
4610	312.2000098
4611	312.5
4612	312.5
4613	312.5
4614	312.5999868
4615	312.7999902
4616	312.7999902
4617	312.9999936
4618	313.1999969
4619	313.1000102
4620	313.4000003
4621	313.4000003
4622	313.4999871
4623	313.4000003
4624	313.4999871
4625	313.6000037
4626	313.8000071
4627	313.8000071
4628	313.8999939
4629	313.8999939
4630	314.0999973
4631	314.0999973
4632	314.0000105
4633	314.3000007
4634	314.3999875
4635	314.3999875
4636	314.3999875
4637	314.3999875
4638	314.7000074
4639	314.5000041
4640	314.3999875
4641	314.7000074
4642	314.7000074
4643	314.7000074
4644	314.9999976
4645	315.1000142
4646	315.1000142
4647	315.1000142
4648	315.200001
4649	315.2999878
4650	315.2999878
4651	315.4000044
4652	315.1000142
4653	315.2999878
4654	315.200001
4655	315.200001
4656	315.2999878
4657	315.200001
4658	315.200001
4659	315.2999878
4660	315.4000044
4661	315.2999878
4662	315.4000044
4663	315.4999912
4664	315.4000044
4665	315.4000044
4666	315.6999946
4667	315.4999912
4668	315.6000078
4669	315.6999946
4670	315.6999946
4671	315.6999946
4672	315.8000112
4673	315.8000112
4674	315.6999946
4675	316.0000145
4676	316.0000145
4677	316.0000145
4678	316.0000145
4679	316.1000013
4680	316.0000145
4681	315.8000112
4682	316.0000145
4683	316.0000145
4684	316.0000145
4685	316.0000145
4686	315.8999979
4687	315.8999979
4688	316.1000013
4689	316.1000013
4690	316.3000047
4691	316.3000047
4692	316.3000047
4693	316.3000047
4694	316.3999915
4695	316.1999881
4696	316.1999881
4697	316.3999915
4698	316.3000047
4699	316.3999915
4700	316.3999915
4701	316.0000145
4702	316.3000047
4703	316.1999881
4704	316.3000047
4705	316.3000047
4706	316.1000013
4707	316.1000013
4708	316.3999915
4709	316.1000013
4710	316.3000047
4711	316.1000013
4712	316.0000145
4713	316.0000145
4714	316.0000145
4715	316.3000047
4716	316.0000145
4717	316.3999915
4718	316.3000047
4719	316.3000047
4720	316.3999915
4721	316.5000081
4722	316.3999915
4723	316.3000047
4724	316.3000047
4725	316.1999881
4726	316.3000047
4727	316.3999915
4728	316.3999915
4729	316.5000081
4730	316.5000081
4731	316.7000115
4732	316.5999949
4733	316.5000081
4734	316.7000115
4735	316.5999949
4736	316.5000081
4737	316.7000115
4738	316.7000115
4739	316.5999949
4740	316.5999949
4741	316.7000115
4742	316.5000081
4743	316.5000081
4744	316.5999949
4745	316.7000115
4746	316.5000081
4747	316.5000081
4748	316.7000115
4749	316.5999949
4750	316.7000115
4751	316.5999949
4752	316.7000115
4753	316.7000115
4754	316.7999983
4755	316.7000115
4756	316.7000115
4757	316.7999983
4758	316.7000115
4759	316.7000115
4760	316.7000115
4761	316.7000115
4762	316.7999983
4763	316.7000115
4764	317.0000017
4765	317.0000017
4766	316.9000149
4767	316.7000115
4768	316.7000115
4769	316.7000115
4770	316.7000115
4771	316.7999983
4772	316.7000115
4773	316.5999949
4774	316.5999949
4775	316.7999983
4776	316.7000115
4777	316.7999983
4778	316.7999983
4779	316.7999983
4780	316.9000149
4781	316.7999983
4782	316.7999983
4783	316.9000149
4784	316.9000149
4785	316.7999983
4786	316.9000149
4787	317.0000017
4788	317.0000017
4789	316.9000149
4790	317.0000017
4791	316.7999983
4792	316.7999983
4793	317.0000017
4794	316.7000115
4795	317.0000017
4796	316.7999983
4797	316.9000149
4798	317.0000017
4799	316.9000149
4800	316.9000149
4801	317.0000017
4802	316.9000149
4803	317.0000017
4804	316.9000149
4805	317.0000017
4806	317.0000017
4807	316.7999983
4808	317.0000017
4809	316.9000149
4810	317.0000017
4811	316.9000149
4812	316.9000149
4813	317.0000017
4814	317.0000017
4815	317.0000017
4816	316.7999983
4817	317.0000017
4818	317.0000017
4819	317.0000017
4820	317.0000017
4821	317.0999885
4822	317.2000051
4823	317.0000017
4824	316.9000149
4825	316.9000149
4826	316.7999983
4827	316.9000149
4828	316.7000115
4829	316.9000149
4830	316.9000149
4831	317.0000017
4832	316.9000149
4833	316.9000149
4834	317.0000017
4835	317.0000017
4836	317.2999918
4837	317.2999918
4838	317.2999918
4839	317.2999918
4840	317.6000118
4841	317.900002
4842	318.3000088
4843	318.6999857
4844	319.0000057
4845	319.2000091
4846	319.4000125
4847	319.7999895
4848	320.4999864
4849	320.600003
4850	321.0000098
4851	321.2000132
4852	321.5000033
4853	321.7000067
4854	321.9999969
4855	321.9999969
4856	322.1000135
4857	322.1000135
4858	322.1000135
4859	322.2000003
4860	322.1000135
4861	322.2000003
4862	322.2999871
4863	322.2999871
4864	322.2999871
4865	322.4000037
4866	322.4999905
4867	322.4999905
4868	322.2999871
4869	322.4999905
4870	322.6000071
4871	322.6999938
4872	322.6000071
4873	322.4999905
4874	322.6000071
4875	322.6000071
4876	322.8000104
4877	322.8000104
4878	322.8999972
4879	322.8000104
4880	322.8000104
4881	322.8000104
4882	322.8000104
4883	322.6999938
4884	322.4999905
4885	322.4999905
4886	322.6999938
4887	322.8000104
4888	323.1000006
4889	323.1999874
4890	323.1000006
4891	323.1999874
4892	323.1999874
4893	323.1999874
4894	323.1000006
4895	323.1000006
4896	323.0000138
4897	323.0000138
4898	323.1000006
4899	323.1000006
4900	323.0000138
4901	323.1000006
4902	322.8999972
4903	323.1999874
4904	323.300004
4905	323.1999874
4906	323.1999874
4907	323.1000006
4908	323.1999874
4909	323.1999874
4910	323.1000006
4911	323.300004
4912	323.3999908
4913	323.300004
4914	323.1999874
4915	323.1000006
4916	323.3999908
4917	323.300004
4918	323.300004
4919	323.3999908
4920	323.3999908
4921	323.300004
4922	323.300004
4923	323.1000006
4924	323.1999874
4925	322.8999972
4926	323.0000138
4927	322.8000104
4928	322.8000104
4929	323.0000138
4930	323.0000138
4931	323.1000006
4932	323.0000138
4933	323.1000006
4934	323.3999908
4935	323.3999908
4936	323.3999908
4937	323.3999908
4938	323.1999874
4939	323.1999874
4940	323.3999908
4941	323.1999874
4942	323.1999874
4943	323.1999874
4944	323.300004
4945	323.300004
4946	322.8999972
4947	323.1000006
4948	323.1000006
4949	323.1000006
4950	323.1999874
4951	323.3999908
4952	323.3999908
4953	323.3999908
4954	323.5000074
4955	323.3999908
4956	323.3999908
4957	323.5000074
4958	323.3999908
4959	323.3999908
4960	323.300004
4961	323.300004
4962	323.1999874
4963	323.1999874
4964	323.3999908
4965	323.3999908
4966	323.300004
4967	323.1000006
4968	323.1999874
4969	323.0000138
4970	323.1000006
4971	323.1000006
4972	323.1000006
4973	323.1000006
4974	323.0000138
4975	323.1000006
4976	322.8999972
4977	323.0000138
4978	323.1000006
4979	323.300004
4980	323.1000006
4981	323.1000006
4982	322.8000104
4983	322.8999972
4984	322.8000104
4985	323.1999874
4986	323.1000006
4987	323.1999874
4988	323.1000006
4989	323.1999874
4990	322.8999972
4991	322.8000104
4992	322.6999938
4993	322.6000071
4994	322.4999905
4995	322.4999905
4996	322.2999871
4997	322.4999905
4998	322.4000037
4999	322.4999905
5000	322.4000037
5001	322.4999905
5002	322.4999905
5003	322.4000037
5004	322.6000071
5005	322.6999938
5006	322.8000104
5007	322.8000104
5008	322.8000104
5009	322.4999905
5010	322.6000071
5011	322.2999871
5012	322.1000135
5013	321.7999935
5014	321.9000101
5015	321.9999969
5016	321.9999969
5017	322.1000135
5018	322.1000135
5019	322.2999871
5020	322.2000003
5021	322.2000003
5022	321.9999969
5023	321.2000132
5024	319.9000061
5025	319.2000091
5026	317.6999986
5027	316.0000145
5028	314.2000139
5029	313.1999969
5030	311.5000129
5031	309.8999858
5032	308.6000085
5033	307.7999949
5034	306.6999912
5035	305.9000075
5036	305.2000105
5037	304.8000038
5038	304.399997
5039	304.3000102
5040	304.1999936
5041	304.3000102
5042	304.3000102
5043	304.6999872
5044	304.8000038
5045	304.8000038
5046	305.2999973
5047	305.4000139
5048	305.5999875
5049	305.9000075
5050	305.9999943
5051	306.1000109
5052	306.3000143
5053	306.4999878
5054	306.6999912
5055	307.0000112
5056	307.3000014
5057	307.5000048
5058	307.9999983
5059	308.2000017
5060	308.2999885
5061	308.6000085
5062	308.8999987
5063	308.9999855
5064	309.3000054
5065	309.3000054
5066	309.5999956
5067	309.799999
5068	309.8999858
5069	310.0000024
5070	310.4000092
5071	310.4999959
5072	310.6000125
5073	310.9000027
5074	310.9000027
5075	311.1999929
5076	311.3000095
5077	311.5000129
5078	311.6999865
5079	311.8000031
5080	312.0000064
5081	312.0000064
5082	312.2000098
5083	312.2000098
5084	312.4000132
5085	312.5
5086	312.7999902
5087	312.7999902
5088	312.7999902
5089	313.1000102
5090	313.1000102
5091	313.3000135
5092	313.3000135
5093	313.4999871
5094	313.4000003
5095	313.4999871
5096	313.6000037
5097	313.6999905
5098	313.8000071
5099	313.8000071
5100	313.8999939
5101	313.8000071
5102	313.8999939
5103	314.0999973
5104	314.0999973
5105	314.2000139
5106	314.3000007
5107	314.3000007
5108	314.5000041
5109	314.5000041
5110	314.3999875
5111	314.5999908
5112	314.7000074
5113	314.5999908
5114	314.5000041
5115	314.7000074
5116	314.5999908
5117	314.7999942
5118	314.7000074
5119	314.7999942
5120	314.7999942
5121	314.7000074
5122	314.9000108
5123	314.9999976
5124	314.9999976
5125	314.9000108
5126	315.1000142
5127	315.4000044
5128	315.200001
5129	315.200001
5130	315.2999878
5131	315.4000044
5132	315.4000044
5133	315.4000044
5134	315.2999878
5135	315.2999878
5136	315.4000044
5137	315.6000078
5138	315.4000044
5139	315.8000112
5140	315.6000078
5141	315.6999946
5142	315.4000044
5143	315.6999946
5144	315.6000078
5145	315.6999946
5146	315.6999946
5147	315.8000112
5148	315.8999979
5149	315.6999946
5150	316.0000145
5151	316.0000145
5152	316.0000145
5153	316.0000145
5154	316.0000145
5155	315.8999979
5156	316.0000145
5157	316.1000013
5158	316.1000013
5159	316.1999881
5160	316.1000013
5161	316.3999915
5162	316.0000145
5163	316.3000047
5164	316.1999881
5165	316.1999881
5166	316.1999881
5167	316.1999881
5168	316.3000047
5169	316.1000013
5170	316.1999881
5171	316.1999881
5172	316.3000047
5173	316.1000013
5174	316.3999915
5175	316.3999915
5176	316.1999881
5177	316.3999915
5178	316.3999915
5179	316.3000047
5180	316.3000047
5181	316.3999915
5182	316.5000081
5183	316.3999915
5184	316.3999915
5185	316.3000047
5186	316.3999915
5187	316.3999915
5188	316.3999915
5189	316.3000047
5190	316.3999915
5191	316.1999881
5192	316.3000047
5193	316.3000047
5194	316.3999915
5195	316.1999881
5196	316.1999881
5197	316.1000013
5198	316.1000013
5199	316.0000145
5200	316.3999915
5201	316.3000047
5202	316.1999881
5203	316.3999915
5204	316.3999915
5205	316.3000047
5206	316.1999881
5207	316.1999881
5208	316.3999915
5209	316.3999915
5210	316.1999881
5211	316.0000145
5212	316.1999881
5213	316.1999881
5214	316.1999881
5215	316.1999881
5216	316.3000047
5217	316.3000047
5218	316.3000047
5219	316.3999915
5220	316.3999915
5221	316.3999915
5222	316.3999915
5223	316.3000047
5224	316.3999915
5225	316.5000081
5226	316.3999915
5227	316.3999915
5228	316.3999915
5229	316.3999915
5230	316.3000047
5231	316.3999915
5232	316.3999915
5233	316.3999915
5234	316.5999949
5235	316.3999915
5236	316.3999915
5237	316.3999915
5238	316.3000047
5239	316.3999915
5240	316.5000081