1	276.8800049
2	277.0499878
3	276.9500122
4	276.9700012
5	276.9700012
6	276.9200134
7	276.9200134
8	276.9200134
9	277.0700073
10	277.0700073
11	277.0499878
12	277.0700073
13	277.0299988
14	277.0899963
15	277.0899963
16	277.2399902
17	277.2000122
18	277.1799927
19	277.0700073
20	277.0299988
21	277.0700073
22	276.9899902
23	277.0700073
24	277.0299988
25	277.0899963
26	277.1499939
27	277.1799927
28	277.1799927
29	277.1300049
30	277.1300049
31	277.1099854
32	277.1099854
33	277.1300049
34	277.1099854
35	277.1300049
36	277.0499878
37	277.1300049
38	277.2799988
39	277.2999878
40	277.2999878
41	277.1799927
42	277.1799927
43	277.1300049
44	277.2600098
45	277.2000122
46	277.1099854
47	277.1099854
48	277.0299988
49	277.0100098
50	277.0299988
51	277.0100098
52	277.0299988
53	277.1099854
54	277.1099854
55	277.0899963
56	277.0299988
57	277.0100098
58	276.9899902
59	276.9500122
60	276.9899902
61	276.9899902
62	277.1499939
63	277.1799927
64	277.1300049
65	277.1300049
66	277.0299988
67	277.1099854
68	276.9899902
69	277.0299988
70	277.0499878
71	277.0700073
72	277.0700073
73	277.0700073
74	277.0899963
75	277.1799927
76	277.1099854
77	277.0899963
78	277.0499878
79	277.0499878
80	277.0100098
81	277.0700073
82	277.0299988
83	277.0499878
84	277.0299988
85	277.0700073
86	277.0700073
87	277.2200012
88	277.2999878
89	277.2200012
90	277.2200012
91	277.1099854
92	277.0899963
93	277.1499939
94	277.0299988
95	277.0499878
96	277.1799927
97	277.4899902
98	277.7399902
99	277.8699951
100	278.0100098
101	278.3500061
102	278.3900146
103	278.4299927
104	278.6199951
105	278.7399902
106	279.0400085
107	279.1400146
108	279.3900146
109	279.5599976
110	279.8299866
111	279.8299866
112	280.230011
113	280.5400085
114	280.6499939
115	280.769989
116	281
117	281.0899963
118	281.0899963
119	281.3200073
120	281.4400024
121	281.5299988
122	281.6300049
123	281.7799988
124	281.7999878
125	281.7999878
126	281.8800049
127	281.9400024
128	281.9899902
129	281.9899902
130	282.0499878
131	282.0700073
132	282.1499939
133	282.2799988
134	282.2600098
135	282.2399902
136	282.2799988
137	282.3200073
138	282.2600098
139	282.3200073
140	282.3599854
141	282.3399963
142	282.4500122
143	282.3599854
144	282.3399963
145	282.3399963
146	282.3800049
147	282.4299927
148	282.3999939
149	282.5100098
150	282.5100098
151	282.5299988
152	282.5100098
153	282.5100098
154	282.4899902
155	282.5299988
156	282.5899963
157	282.5899963
158	282.5700073
159	282.5700073
160	282.6600037
161	282.6799927
162	282.6300049
163	282.6099854
164	282.6300049
165	282.6099854
166	282.6600037
167	282.6099854
168	282.6099854
169	282.6600037
170	282.5899963
171	282.7200012
172	282.6600037
173	282.6099854
174	282.6799927
175	282.6799927
176	282.6300049
177	282.6600037
178	282.6600037
179	282.6799927
180	282.6099854
181	282.5700073
182	282.5700073
183	282.5499878
184	282.5299988
185	282.5700073
186	282.5299988
187	282.6099854
188	282.5499878
189	282.5499878
190	282.5899963
191	282.5899963
192	282.5899963
193	282.6099854
194	282.5499878
195	282.6099854
196	282.6099854
197	282.5499878
198	282.6600037
199	282.5899963
200	282.7000122
201	282.6799927
202	282.6099854
203	282.6300049
204	282.7399902
205	282.7200012
206	282.7600098
207	282.7399902
208	282.7200012
209	282.7000122
210	282.7000122
211	282.6300049
212	282.6300049
213	282.6799927
214	282.6099854
215	282.6300049
216	282.6799927
217	282.6600037
218	282.6300049
219	282.6300049
220	282.6300049
221	282.6300049
222	282.6799927
223	282.6600037
224	282.5899963
225	282.6300049
226	282.6099854
227	282.6300049
228	282.6300049
229	282.6099854
230	282.6799927
231	282.7000122
232	282.7399902
233	282.6099854
234	282.6099854
235	282.6600037
236	282.6300049
237	282.7000122
238	282.6799927
239	282.7799988
240	282.7000122
241	282.7000122
242	282.7200012
243	282.6600037
244	282.6099854
245	282.7000122
246	282.6799927
247	282.6099854
248	282.5299988
249	282.5499878
250	282.5899963
251	282.6099854
252	282.6799927
253	282.6799927
254	282.6799927
255	282.6600037
256	282.6099854
257	282.6099854
258	282.6099854
259	282.7000122
260	282.7000122
261	282.7200012
262	282.7399902
263	282.7200012
264	282.6799927
265	282.7399902
266	282.7399902
267	282.7399902
268	282.7399902
269	282.7600098
270	282.8200073
271	282.7999878
272	282.6099854
273	282.5299988
274	282.3599854
275	282.0499878
276	281.9599915
277	281.7099915
278	281.6099854
279	281.5700073
280	281.5
281	281.480011
282	281.3999939
283	281.3200073
284	281.25
285	281.1700134
286	281.1099854
287	280.8599854
288	280.730011
289	280.2099915
290	279.519989
291	278.4700012
292	278.4700012
293	276.0899963
294	274.3500061
295	273.5400085
296	271.9100037
297	270.6300049
298	269.519989
299	269.519989
300	268.3500061
301	268.0799866
302	267.9100037
303	267.8299866
304	267.7900085
305	267.8900146
306	267.8900146
307	268.1000061
308	268.3900146
309	268.519989
310	268.8099976
311	269.1000061
312	269.269989
313	269.5
314	270.0899963
315	270.25
316	270.5700073
317	270.9599915
318	271.1099854
319	271.4500122
320	271.6300049
321	271.8599854
322	272.0299988
323	272.1799927
324	272.4500122
325	272.6000061
326	272.7399902
327	272.8699951
328	273.0599976
329	273.1600037
330	273.3900146
331	273.3900146
332	273.730011
333	273.8299866
334	273.8500061
335	273.9599915
336	274.0799866
337	274.230011
338	274.230011
339	274.4599915
340	274.5599976
341	274.5599976
342	274.6900024
343	274.7099915
344	274.769989
345	274.7900085
346	274.8500061
347	274.9200134
348	274.9599915
349	274.980011
350	275.0599976
351	275.019989
352	275.0799866
353	275.2099915
354	275.2900085
355	275.2900085
356	275.3399963
357	275.3399963
358	275.4200134
359	275.4200134
360	275.6099854
361	275.5700073
362	275.5899963
363	275.5899963
364	275.6700134
365	275.7099915
366	275.7099915
367	275.7099915
368	275.7099915
369	275.6700134
370	275.6700134
371	275.8399963
372	275.8599854
373	275.8599854
374	275.7999878
375	275.8200073
376	275.7999878
377	275.7999878
378	275.75
379	275.7999878
380	275.8599854
381	275.7999878
382	275.8599854
383	275.8200073
384	275.9200134
385	275.980011
386	276.0700073
387	276.0499878
388	276.0700073
389	276.1700134
390	276.2099915
391	276.1499939
392	276.1900024
393	276.1700134
394	276.1900024
395	276.2600098
396	276.2999878
397	276.2799988
398	276.3200073
399	276.4400024
400	276.3399963
401	276.3800049
402	276.3800049
403	276.4400024
404	276.5499878
405	276.5700073
406	276.6099854
407	276.5700073
408	276.5299988
409	276.5299988
410	276.4599915
411	276.4899902
412	276.5100098
413	276.5100098
414	276.5700073
415	276.6300049
416	276.6499939
417	276.5499878
418	276.5700073
419	276.5499878
420	276.5499878
421	276.5100098
422	276.5100098
423	276.4899902
424	276.5100098
425	276.4599915
426	276.5499878
427	276.6499939
428	276.6900024
429	276.7200012
430	276.7600098
431	276.7200012
432	276.7200012
433	276.7600098
434	276.7600098
435	276.7200012
436	276.6499939
437	276.6499939
438	276.6499939
439	276.7399902
440	276.7600098
441	276.7600098
442	276.7799988
443	276.7399902
444	276.6700134
445	276.6900024
446	276.7600098
447	276.7999878
448	276.7999878
449	276.7600098
450	276.7200012
451	276.7399902
452	276.7799988
453	276.8399963
454	276.8800049
455	276.8999939
456	276.8599854
457	276.8800049
458	276.8399963
459	276.7600098
460	276.8399963
461	276.8599854
462	276.8599854
463	276.8800049
464	276.7999878
465	276.7799988
466	276.7999878
467	276.7399902
468	276.7799988
469	276.7999878
470	276.7799988
471	276.8399963
472	276.8800049
473	276.8800049
474	276.9700012
475	277.0100098
476	276.9700012
477	277.0100098
478	277.0299988
479	276.9899902
480	276.9899902
481	276.9500122
482	276.9500122
483	277.0899963
484	277.1099854
485	277.1499939
486	277.2000122
487	277.1499939
488	277.1799927
489	277.1799927
490	277.1499939
491	277.0499878
492	277.1300049
493	277.1099854
494	277.1499939
495	277.1499939
496	277.1499939
497	277.2799988
498	277.3399963
499	277.2600098
500	277.2399902
501	277.2600098
502	277.2600098
503	277.3200073
504	277.2399902
505	277.2200012
506	277.2600098
507	277.1799927
508	277.1499939
509	277.1799927
510	277.1499939
511	277.1799927
512	277.1799927
513	277.2399902
514	277.2999878
515	277.2399902
516	277.2200012
517	277.1799927
518	277.1799927
519	277.1799927
520	277.2600098
521	277.2799988
522	277.3399963
523	277.2399902
524	277.2200012
525	277.1499939
526	277.1499939
527	277.1099854
528	277.1499939
529	277.1499939
530	277.2200012
531	277.2399902
532	277.2399902
533	277.2000122
534	277.2600098
535	277.2399902
536	277.2600098
537	277.2799988
538	277.2799988
539	277.2600098
540	277.2600098
541	277.2000122
542	277.2799988
543	277.2200012
544	277.2200012
545	277.1799927
546	277.2200012
547	277.2600098
548	277.2600098
549	277.2399902
550	277.2600098
551	277.2600098
552	277.2200012
553	277.2399902
554	277.2200012
555	277.2999878
556	277.2799988
557	277.3900146
558	277.3900146
559	277.3200073
560	277.3200073
561	277.3200073
562	277.2999878
563	277.3599854
564	277.2999878
565	277.2999878
566	277.3200073
567	277.3399963
568	277.2799988
569	277.4500122
570	277.5700073
571	277.7399902
572	277.9100037
573	278.1000061
574	278.2200012
575	278.3699951
576	278.4500122
577	278.4899902
578	278.6000061
579	278.7399902
580	279.019989
581	279.230011
582	279.480011
583	279.480011
584	279.8900146
585	280.230011
586	280.3999939
587	280.75
588	280.980011
589	281.1900024
590	281.1900024
591	281.3200073
592	281.4599915
593	281.5499878
594	281.6099854
595	281.7099915
596	281.7600098
597	281.8399963
598	281.9200134
599	281.9899902
600	282.0499878
601	282.1700134
602	282.2200012
603	282.2200012
604	282.2000122
605	282.3200073
606	282.3399963
607	282.3999939
608	282.4500122
609	282.5100098
610	282.5499878
611	282.5299988
612	282.6799927
613	282.6099854
614	282.6600037
615	282.6600037
616	282.7200012
617	282.7600098
618	282.7799988
619	282.7999878
620	282.8900146
621	282.8599854
622	282.8599854
623	282.9100037
624	282.8900146
625	282.8599854
626	282.9700012
627	282.9700012
628	282.9500122
629	282.9500122
630	282.9899902
631	283.1199951
632	283.1199951
633	283.0899963
634	283.1400146
635	283.1600037
636	283.0899963
637	283.0899963
638	283.0499878
639	282.9899902
640	283.0299988
641	283.0299988
642	283.0299988
643	283.0700073
644	283.0100098
645	283.0700073
646	283.0700073
647	283.0299988
648	283.0700073
649	283.0100098
650	283.0499878
651	283.0299988
652	282.9700012
653	282.9500122
654	282.9500122
655	283.0100098
656	282.9500122
657	282.9299927
658	282.9700012
659	282.9700012
660	282.9500122
661	282.9500122
662	282.9299927
663	282.8599854
664	282.8200073
665	282.8599854
666	282.9299927
667	282.9100037
668	282.9500122
669	282.9299927
670	282.9899902
671	283.0100098
672	283.0499878
673	283.0299988
674	282.9899902
675	283.0299988
676	282.9899902
677	282.9899902
678	282.9899902
679	283.0499878
680	283.0299988
681	283.0700073
682	283.0100098
683	283.0100098
684	283.0299988
685	282.9899902
686	282.9899902
687	283.0299988
688	282.9899902
689	282.9700012
690	282.9299927
691	282.8599854
692	282.8599854
693	282.8599854
694	282.8200073
695	282.8200073
696	282.7999878
697	282.8200073
698	282.7999878
699	282.8599854
700	282.8599854
701	282.8200073
702	282.7799988
703	282.7999878
704	282.8200073
705	282.8599854
706	282.7999878
707	282.8599854
708	282.7999878
709	282.8900146
710	282.9299927
711	282.9299927
712	282.9299927
713	282.8599854
714	282.7799988
715	282.8900146
716	282.7999878
717	282.7600098
718	282.8200073
719	282.7999878
720	282.8900146
721	282.8399963
722	282.8399963
723	282.7999878
724	282.7600098
725	282.7600098
726	282.8399963
727	282.8399963
728	282.7600098
729	282.8399963
730	282.8399963
731	282.8599854
732	282.8599854
733	282.8399963
734	282.8900146
735	282.8200073
736	282.8599854
737	282.9100037
738	282.8599854
739	282.9100037
740	282.8200073
741	282.9100037
742	282.9500122
743	283.0100098
744	283.0100098
745	282.8200073
746	282.7399902
747	282.4899902
748	282.3599854
749	282.2399902
750	282.1499939
751	282.0100098
752	281.8399963
753	281.8200073
754	281.6099854
755	281.6700134
756	281.5299988
757	281.5299988
758	281.4200134
759	281.3200073
760	281.2099915
761	281.0400085
762	280.5799866
763	280.019989
764	280.019989
765	278.5100098
766	277.3399963
767	276.8399963
768	275.2900085
769	273.8099976
770	272.4500122
771	272.4500122
772	270.6900024
773	269.8599854
774	269.5
775	268.9400024
776	268.6000061
777	268.519989
778	268.5
779	268.6600037
780	268.8500061
781	269.1000061
782	269.480011
783	269.6099854
784	269.9599915
785	270.1499939
786	270.5700073
787	270.8200073
788	270.9599915
789	271.2799988
790	271.4200134
791	271.7000122
792	271.8599854
793	272.1099854
794	272.3200073
795	272.5299988
796	272.5299988
797	272.8099976
798	273.1000061
799	273.1199951
800	273.269989
801	273.3699951
802	273.5
803	273.5
804	273.7900085
805	273.8900146
806	273.9599915
807	274.1000061
808	274.230011
809	274.2099915
810	274.269989
811	274.4200134
812	274.5799866
813	274.5599976
814	274.769989
815	274.8299866
816	274.8800049
817	274.9200134
818	275
819	275.0400085
820	275.0799866
821	275.1900024
822	275.2099915
823	275.2099915
824	275.25
825	275.3399963
826	275.480011
827	275.5
828	275.5899963
829	275.6300049
830	275.6499939
831	275.6499939
832	275.7099915
833	275.6900024
834	275.8599854
835	275.8599854
836	275.980011
837	275.980011
838	276
839	275.9599915
840	276
841	276.0700073
842	276.0700073
843	276.1300049
844	276.1099854
845	276.2600098
846	276.1900024
847	276.1900024
848	276.1700134
849	276.2099915
850	276.2799988
851	276.2999878
852	276.2799988
853	276.2999878
854	276.3200073
855	276.3200073
856	276.3399963
857	276.3200073
858	276.3800049
859	276.3800049
860	276.4599915
861	276.5100098
862	276.4899902
863	276.4899902
864	276.4400024
865	276.4599915
866	276.4899902
867	276.4899902
868	276.5100098
869	276.4599915
870	276.5100098
871	276.5899963
872	276.5100098
873	276.6099854
874	276.6099854
875	276.5499878
876	276.5700073
877	276.5499878
878	276.5499878
879	276.5299988
880	276.5700073
881	276.5700073
882	276.6499939
883	276.6700134
884	276.6700134
885	276.6300049
886	276.6700134
887	276.6300049
888	276.5499878
889	276.5899963
890	276.5700073
891	276.6700134
892	276.6900024
893	276.6700134
894	276.7200012
895	276.7600098
896	276.7999878
897	276.8599854
898	276.8399963
899	276.8800049
900	276.9200134
901	276.9200134
902	276.9700012
903	276.8999939
904	276.9200134
905	277.0100098
906	277.0100098
907	276.9700012
908	276.9500122
909	276.9700012
910	276.9500122
911	276.9700012
912	276.8800049
913	276.8800049
914	276.8800049
915	276.9200134
916	276.9500122
917	276.8999939
918	276.8599854
919	276.8999939
920	276.8999939
921	277.0499878
922	276.9200134
923	277.0700073
924	277.0899963
925	277.1099854
926	277.1099854
927	277.0899963
928	277.0100098
929	276.9500122
930	276.9700012
931	276.9700012
932	276.9200134
933	276.9500122
934	276.9200134
935	276.9700012
936	276.9500122
937	276.9899902
938	276.9899902
939	276.8999939
940	276.9899902
941	276.9500122
942	276.9700012
943	276.8999939
944	277.0299988
945	277.0299988
946	277.0100098
947	277.0299988
948	277.0499878
949	277.0100098
950	277.0299988
951	276.9500122
952	276.9500122
953	276.9500122
954	276.9700012
955	276.9500122
956	276.9899902
957	276.9899902
958	276.9200134
959	276.9500122
960	276.9700012
961	277.0299988
962	277.0299988
963	277.0299988
964	276.9899902
965	277.0299988
966	277.0299988
967	277.0899963
968	277.0299988
969	277.0700073
970	277.0299988
971	277.0499878
972	276.9700012
973	277.0100098
974	276.9500122
975	276.9899902
976	276.9500122
977	276.9500122
978	277.0100098
979	276.9700012
980	277.0299988
981	276.9500122
982	276.9500122
983	276.9700012
984	276.9700012
985	276.9500122
986	276.9200134
987	276.8599854
988	276.8399963
989	276.8200073
990	276.7799988
991	276.7999878
992	276.8200073
993	276.8800049
994	276.8200073
995	276.7600098
996	276.8200073
997	276.7600098
998	276.7600098
999	276.7200012
1000	276.6700134
1001	276.7200012
1002	276.6900024
1003	276.7399902
1004	276.7399902
1005	276.6700134
1006	276.5700073
1007	276.6700134
1008	276.6099854
1009	276.6099854
1010	276.6099854
1011	276.6099854
1012	276.6300049
1013	276.6300049
1014	276.6900024
1015	276.6499939
1016	276.6499939
1017	276.6900024
1018	276.6700134
1019	276.6700134
1020	276.6300049
1021	276.6499939
1022	276.6300049
1023	276.6300049
1024	276.7399902
1025	276.7399902
1026	276.7999878
1027	276.8599854
1028	276.8999939
1029	276.9500122
1030	276.9899902
1031	276.8800049
1032	276.8399963
1033	276.9200134
1034	276.9200134
1035	276.9500122
1036	276.9700012
1037	276.9500122
1038	276.9200134
1039	276.9899902
1040	276.9899902
1041	276.8999939
1042	276.9899902
1043	277.1499939
1044	277.2200012
1045	277.3900146
1046	277.4500122
1047	277.6400146
1048	277.6400146
1049	277.7799988
1050	277.8200073
1051	277.7799988
1052	277.8900146
1053	278.1199951
1054	278.3699951
1055	278.3699951
1056	278.8500061
1057	279.2000122
1058	279.3299866
1059	279.6400146
1060	280.0799866
1061	280.25
1062	280.3800049
1063	280.7900085
1064	280.9200134
1065	281.019989
1066	281.1700134
1067	281.269989
1068	281.3599854
1069	281.4400024
1070	281.6300049
1071	281.5700073
1072	281.6900024
1073	281.730011
1074	281.730011
1075	281.7799988
1076	281.8200073
1077	281.8599854
1078	281.9599915
1079	281.9599915
1080	281.9599915
1081	282.0100098
1082	282.0899963
1083	282.0499878
1084	282.1099854
1085	282.1499939
1086	282.2200012
1087	282.2200012
1088	282.3599854
1089	282.4299927
1090	282.4299927
1091	282.3800049
1092	282.3800049
1093	282.5100098
1094	282.5100098
1095	282.5100098
1096	282.5899963
1097	282.6300049
1098	282.6099854
1099	282.6799927
1100	282.6799927
1101	282.6799927
1102	282.6099854
1103	282.6600037
1104	282.7399902
1105	282.7000122
1106	282.6799927
1107	282.7200012
1108	282.7200012
1109	282.7399902
1110	282.7200012
1111	282.7200012
1112	282.7399902
1113	282.7399902
1114	282.7000122
1115	282.6799927
1116	282.7399902
1117	282.7000122
1118	282.6799927
1119	282.6799927
1120	282.6799927
1121	282.7000122
1122	282.7200012
1123	282.7000122
1124	282.7999878
1125	282.6799927
1126	282.6799927
1127	282.6099854
1128	282.6300049
1129	282.6799927
1130	282.7000122
1131	282.7000122
1132	282.7200012
1133	282.6600037
1134	282.7000122
1135	282.7399902
1136	282.7200012
1137	282.6300049
1138	282.5899963
1139	282.6300049
1140	282.6300049
1141	282.6600037
1142	282.6799927
1143	282.7200012
1144	282.7600098
1145	282.7200012
1146	282.7999878
1147	282.7799988
1148	282.7399902
1149	282.7799988
1150	282.7999878
1151	282.8900146
1152	282.8399963
1153	282.8599854
1154	282.7799988
1155	282.7399902
1156	282.7000122
1157	282.7600098
1158	282.7600098
1159	282.7600098
1160	282.7200012
1161	282.6799927
1162	282.6600037
1163	282.7399902
1164	282.6600037
1165	282.6600037
1166	282.7200012
1167	282.7399902
1168	282.7399902
1169	282.7200012
1170	282.7399902
1171	282.7000122
1172	282.7000122
1173	282.7799988
1174	282.7600098
1175	282.7999878
1176	282.7399902
1177	282.7399902
1178	282.7999878
1179	282.7999878
1180	282.8399963
1181	282.8900146
1182	282.8200073
1183	282.8399963
1184	282.8599854
1185	282.8900146
1186	282.8900146
1187	282.8900146
1188	282.8900146
1189	282.8900146
1190	282.8900146
1191	282.8399963
1192	282.8599854
1193	282.8200073
1194	282.7999878
1195	282.7999878
1196	282.7600098
1197	282.7600098
1198	282.8200073
1199	282.8200073
1200	282.8399963
1201	282.9100037
1202	282.9700012
1203	282.9899902
1204	282.9899902
1205	282.9899902
1206	282.9299927
1207	282.9100037
1208	282.9299927
1209	282.9100037
1210	282.9500122
1211	282.9299927
1212	282.8399963
1213	282.8200073
1214	282.8200073
1215	282.8900146
1216	282.8599854
1217	282.8200073
1218	282.7600098
1219	282.6300049
1220	282.5499878
1221	282.2600098
1222	282.0299988
1223	281.8800049
1224	281.7099915
1225	281.5899963
1226	281.4599915
1227	281.3800049
1228	281.3399963
1229	281.3399963
1230	281.1900024
1231	281.1499939
1232	281.1900024
1233	281.0899963
1234	280.8599854
1235	280.6099854
1236	280.6099854
1237	279.6000061
1238	278.7000122
1239	278.2200012
1240	276.9700012
1241	275.3399963
1242	274.519989
1243	273.6400146
1244	271.0100098
1245	270.3399963
1246	269.3800049
1247	268.6900024
1248	268.2900085
1249	268.1799927
1250	268.0400085
1251	267.9700012
1252	267.9500122
1253	268.1199951
1254	268.4599915
1255	268.6400146
1256	268.8900146
1257	269.019989
1258	269.3099976
1259	269.5400085
1260	269.7900085
1261	269.7900085
1262	270.3999939
1263	270.6499939
1264	270.7600098
1265	271.1099854
1266	271.3399963
1267	271.5299988
1268	271.5299988
1269	271.8200073
1270	271.9700012
1271	272.0499878
1272	272.2999878
1273	272.4700012
1274	272.6000061
1275	272.6000061
1276	272.9500122
1277	273.1199951
1278	273.2000122
1279	273.3699951
1280	273.5400085
1281	273.6400146
1282	273.6799927
1283	273.9100037
1284	273.980011
1285	273.9599915
1286	274.0799866
1287	274.1199951
1288	274.25
1289	274.3099976
1290	274.3900146
1291	274.4400024
1292	274.6000061
1293	274.6700134
1294	274.730011
1295	274.7900085
1296	274.7900085
1297	274.8800049
1298	274.7900085
1299	274.8800049
1300	274.8800049
1301	274.980011
1302	275.0599976
1303	275.0599976
1304	275.1499939
1305	275.25
1306	275.230011
1307	275.230011
1308	275.269989
1309	275.2900085
1310	275.230011
1311	275.269989
1312	275.3800049
1313	275.3800049
1314	275.3599854
1315	275.3399963
1316	275.4200134
1317	275.480011
1318	275.4599915
1319	275.3999939
1320	275.5700073
1321	275.5899963
1322	275.6300049
1323	275.6499939
1324	275.7099915
1325	275.6900024
1326	275.6900024
1327	275.6700134
1328	275.7099915
1329	275.6499939
1330	275.6300049
1331	275.730011
1332	275.730011
1333	275.730011
1334	275.769989
1335	275.8800049
1336	275.8999939
1337	275.8999939
1338	275.9599915
1339	275.9599915
1340	275.8999939
1341	275.9200134
1342	275.9200134
1343	275.9599915
1344	276
1345	275.980011
1346	275.980011
1347	276.0299988
1348	276.1099854
1349	276.1099854
1350	276.1300049
1351	276.1099854
1352	276.1700134
1353	276.1900024
1354	276.2099915
1355	276.2799988
1356	276.2099915
1357	276.1499939
1358	276.1700134
1359	276.1900024
1360	276.1499939
1361	276.1099854
1362	276.0899963
1363	276.1900024
1364	276.1300049
1365	276.2099915
1366	276.1900024
1367	276.1900024
1368	276.1700134
1369	276.2099915
1370	276.1300049
1371	276.1300049
1372	276.1700134
1373	276.1499939
1374	276.0899963
1375	276.0499878
1376	276.0899963
1377	276.0499878
1378	276.0499878
1379	276.0899963
1380	276.1099854
1381	276.230011
1382	276.2600098
1383	276.2099915
1384	276.1300049
1385	276.1900024
1386	276.1499939
1387	276.1700134
1388	276.1700134
1389	276.1700134
1390	276.1499939
1391	276.1900024
1392	276.1700134
1393	276.2099915
1394	276.1900024
1395	276.1099854
1396	276.2099915
1397	276.0899963
1398	276.1499939
1399	276.1099854
1400	276.1499939
1401	276.1300049
1402	276.1300049
1403	276.1900024
1404	276.2099915
1405	276.2600098
1406	276.230011
1407	276.1499939
1408	276.1300049
1409	276.1900024
1410	276.1900024
1411	276.2799988
1412	276.3200073
1413	276.2999878
1414	276.3200073
1415	276.2999878
1416	276.3599854
1417	276.3599854
1418	276.2999878
1419	276.3599854
1420	276.3399963
1421	276.3399963
1422	276.2799988
1423	276.3599854
1424	276.2999878
1425	276.2600098
1426	276.2999878
1427	276.2600098
1428	276.230011
1429	276.3200073
1430	276.2999878
1431	276.2600098
1432	276.230011
1433	276.1499939
1434	276.1900024
1435	276.230011
1436	276.2099915
1437	276.2600098
1438	276.2099915
1439	276.2099915
1440	276.2099915
1441	276.2600098
1442	276.2600098
1443	276.3200073
1444	276.3200073
1445	276.2799988
1446	276.3599854
1447	276.3399963
1448	276.3399963
1449	276.3399963
1450	276.3200073
1451	276.2600098
1452	276.2600098
1453	276.1900024
1454	276.1700134
1455	276.2999878
1456	276.2999878
1457	276.2600098
1458	276.3200073
1459	276.2799988
1460	276.230011
1461	276.1900024
1462	276.2099915
1463	276.1900024
1464	276.1900024
1465	276.230011
1466	276.1700134
1467	276.2799988
1468	276.2099915
1469	276.2099915
1470	276.2099915
1471	276.1700134
1472	276.0700073
1473	276.0899963
1474	276.1099854
1475	276.1300049
1476	276.1099854
1477	276.1300049
1478	276.1300049
1479	276.1099854
1480	276.1499939
1481	276.1499939
1482	276.2099915
1483	276.2999878
1484	276.2600098
1485	276.230011
1486	276.2099915
1487	276.2099915
1488	276.2099915
1489	276.1700134
1490	276.1099854
1491	276.1300049
1492	276.1300049
1493	276.1700134
1494	276.1300049
1495	276.1099854
1496	276.1900024
1497	276.1900024
1498	276.230011
1499	276.2099915
1500	276.230011
1501	276.230011
1502	276.1700134
1503	276.1499939
1504	276.1900024
1505	276.1700134
1506	276.1700134
1507	276.1499939
1508	276.1499939
1509	276.1099854
1510	276.1099854
1511	276.1099854
1512	276.0299988
1513	276.0299988
1514	276.0299988
1515	276.0499878
1516	276.1700134
1517	276.3999939
1518	276.5899963
1519	276.8599854
1520	276.8599854
1521	277.1099854
1522	277.2000122
1523	277.2999878
1524	277.3599854
1525	277.4700012
1526	277.6400146
1527	277.6400146
1528	278.0100098
1529	278.3900146
1530	278.4899902
1531	278.8299866
1532	279.1199951
1533	279.2900085
1534	279.4299927
1535	279.8299866
1536	279.9200134
1537	280.0799866
1538	280.2900085
1539	280.3099976
1540	280.4200134
1541	280.5599976
1542	280.75
1543	280.75
1544	280.8999939
1545	281.019989
1546	281.0700073
1547	281.1099854
1548	281.1900024
1549	281.269989
1550	281.2999878
1551	281.4200134
1552	281.4200134
1553	281.4200134
1554	281.480011
1555	281.480011
1556	281.4599915
1557	281.5
1558	281.5
1559	281.5
1560	281.6099854
1561	281.6499939
1562	281.6300049
1563	281.730011
1564	281.8200073
1565	281.8200073
1566	281.8599854
1567	281.7799988
1568	281.7999878
1569	281.7799988
1570	281.8800049
1571	281.8800049
1572	281.9899902
1573	282.0499878
1574	282.0899963
1575	282.1099854
1576	282.0499878
1577	282.0299988
1578	281.9899902
1579	282.0499878
1580	282.0899963
1581	282.1700134
1582	282.1099854
1583	282.1499939
1584	282.1300049
1585	282.1700134
1586	282.0899963
1587	282.1099854
1588	282.1300049
1589	282.1700134
1590	282.1099854
1591	282.1099854
1592	282.1300049
1593	282.1300049
1594	282.1700134
1595	282.2000122
1596	282.2200012
1597	282.1499939
1598	282.1499939
1599	282.1700134
1600	282.1499939
1601	282.1300049
1602	282.0899963
1603	282.1499939
1604	282.1700134
1605	282.2000122
1606	282.2399902
1607	282.2200012
1608	282.2399902
1609	282.2200012
1610	282.1499939
1611	282.2000122
1612	282.2399902
1613	282.2200012
1614	282.2000122
1615	282.2200012
1616	282.2200012
1617	282.2000122
1618	282.2200012
1619	282.1499939
1620	282.2399902
1621	282.2000122
1622	282.2200012
1623	282.2200012
1624	282.2000122
1625	282.2000122
1626	282.2399902
1627	282.1300049
1628	282.2399902
1629	282.2200012
1630	282.2200012
1631	282.1300049
1632	282.1499939
1633	282.1300049
1634	282.1499939
1635	282.2000122
1636	282.1700134
1637	282.1700134
1638	282.2000122
1639	282.1499939
1640	282.1700134
1641	282.1499939
1642	282.2399902
1643	282.2399902
1644	282.2399902
1645	282.3200073
1646	282.3200073
1647	282.2799988
1648	282.2799988
1649	282.3200073
1650	282.3599854
1651	282.3399963
1652	282.3200073
1653	282.2999878
1654	282.2600098
1655	282.2399902
1656	282.2200012
1657	282.1300049
1658	282.1099854
1659	282.1099854
1660	282.1700134
1661	282.2399902
1662	282.2399902
1663	282.2999878
1664	282.2399902
1665	282.2399902
1666	282.1499939
1667	282.2200012
1668	282.2000122
1669	282.2000122
1670	282.2600098
1671	282.2799988
1672	282.3399963
1673	282.3399963
1674	282.3599854
1675	282.3399963
1676	282.2999878
1677	282.2399902
1678	282.2999878
1679	282.2999878
1680	282.2799988
1681	282.3399963
1682	282.2999878
1683	282.2799988
1684	282.3200073
1685	282.3800049
1686	282.3599854
1687	282.3599854
1688	282.3399963
1689	282.3200073
1690	282.3599854
1691	282.3800049
1692	282.2600098
1693	281.9599915
1694	281.9599915
1695	281.5700073
1696	281.3999939
1697	281.25
1698	281.1300049
1699	280.980011
1700	280.8399963
1701	280.8399963
1702	280.7099915
1703	280.7099915
1704	280.75
1705	280.6900024
1706	280.6900024
1707	280.5400085
1708	280.5400085
1709	280
1710	279.4299927
1711	279.019989
1712	277.8900146
1713	276.5700073
1714	275.8800049
1715	275.1900024
1716	272.6400146
1717	271.7000122
1718	270.1099854
1719	268.75
1720	268.25
1721	267.5599976
1722	267.2399902
1723	266.7799988
1724	266.5899963
1725	266.5100098
1726	266.7200012
1727	266.8399963
1728	267.2399902
1729	267.3699951
1730	267.769989
1731	268.1199951
1732	268.4599915
1733	268.4599915
1734	269.019989
1735	269.3800049
1736	269.5599976
1737	269.9200134
1738	270.2099915
1739	270.5
1740	270.5
1741	270.8599854
1742	271.1499939
1743	271.2799988
1744	271.5700073
1745	271.7799988
1746	271.8800049
1747	272.0100098
1748	272.2600098
1749	272.4700012
1750	272.6199951
1751	272.8299866
1752	273.0799866
1753	273.0799866
1754	273.0599976
1755	273.3099976
1756	273.3699951
1757	273.5
1758	273.5799866
1759	273.6799927
1760	273.8099976
1761	273.9299927
1762	273.9599915
1763	274.1000061
1764	274.230011
1765	274.230011
1766	274.3299866
1767	274.4200134
1768	274.5400085
1769	274.5799866
1770	274.6199951
1771	274.6199951
1772	274.6199951
1773	274.8099976
1774	274.8299866
1775	274.8999939
1776	275
1777	275.019989
1778	274.9400024
1779	274.9400024
1780	275.0599976
1781	275.1499939
1782	275.1700134
1783	275.1900024
1784	275.25
1785	275.2099915
1786	275.25
1787	275.25
1788	275.25
1789	275.269989
1790	275.269989
1791	275.3099976
1792	275.3599854
1793	275.3800049
1794	275.3999939
1795	275.480011
1796	275.480011
1797	275.3999939
1798	275.3999939
1799	275.3999939
1800	275.3800049
1801	275.3999939
1802	275.4200134
1803	275.4200134
1804	275.4200134
1805	275.4400024
1806	275.3999939
1807	275.4400024
1808	275.480011
1809	275.4599915
1810	275.480011
1811	275.480011
1812	275.480011
1813	275.5
1814	275.519989
1815	275.5
1816	275.5400085
1817	275.5400085
1818	275.5899963
1819	275.6099854
1820	275.5899963
1821	275.6300049
1822	275.6099854
1823	275.6499939
1824	275.6499939
1825	275.730011
1826	275.6499939
1827	275.6700134
1828	275.730011
1829	275.730011
1830	275.6499939
1831	275.6700134
1832	275.6499939
1833	275.6900024
1834	275.6700134
1835	275.6700134
1836	275.6300049
1837	275.6099854
1838	275.6900024
1839	275.6700134
1840	275.5899963
1841	275.6099854
1842	275.6300049
1843	275.6300049
1844	275.6499939
1845	275.5899963
1846	275.6499939
1847	275.6700134
1848	275.7099915
1849	275.7099915
1850	275.7099915
1851	275.7099915
1852	275.6900024
1853	275.7099915
1854	275.730011
1855	275.769989
1856	275.7099915
1857	275.75
1858	275.769989
1859	275.769989
1860	275.8599854
1861	275.8999939
1862	275.7999878
1863	275.8599854
1864	275.8800049
1865	275.8399963
1866	275.75
1867	275.8399963
1868	275.9200134
1869	275.8800049
1870	275.9200134
1871	275.8800049
1872	275.9400024
1873	275.9599915
1874	275.9599915
1875	275.9599915
1876	275.9599915
1877	275.9400024
1878	275.9400024
1879	275.9400024
1880	275.9400024
1881	275.9200134
1882	275.9200134
1883	275.8999939
1884	275.8599854
1885	275.8599854
1886	275.8200073
1887	275.730011
1888	275.8200073
1889	275.8399963
1890	275.730011
1891	275.769989
1892	275.769989
1893	275.730011
1894	275.75
1895	275.6900024
1896	275.730011
1897	275.7999878
1898	275.75
1899	275.730011
1900	275.7099915
1901	275.7099915
1902	275.7999878
1903	275.730011
1904	275.75
1905	275.769989
1906	275.769989
1907	275.8800049
1908	275.8200073
1909	275.8999939
1910	275.9400024
1911	275.9599915
1912	275.980011
1913	275.9400024
1914	275.9400024
1915	276.0299988
1916	275.9200134
1917	276
1918	276
1919	276.0499878
1920	276.1300049
1921	276.1300049
1922	276.1499939
1923	276.1499939
1924	276.1099854
1925	276.1300049
1926	276.1700134
1927	276.1900024
1928	276.1700134
1929	276.1900024
1930	276.230011
1931	276.2099915
1932	276.1700134
1933	276.2099915
1934	276.1700134
1935	276.2099915
1936	276.1900024
1937	276.1900024
1938	276.2099915
1939	276.1099854
1940	276.0899963
1941	276.1499939
1942	276.1300049
1943	276.1499939
1944	276.1300049
1945	276.1099854
1946	276.1099854
1947	276.1300049
1948	276.1499939
1949	276.1300049
1950	276.1099854
1951	276.1499939
1952	276.1499939
1953	276.1499939
1954	276.1300049
1955	276.1900024
1956	276.1300049
1957	276.1700134
1958	276.1700134
1959	276.1700134
1960	276.1700134
1961	276.1300049
1962	276.1499939
1963	276.1499939
1964	276.2099915
1965	276.1700134
1966	276.1499939
1967	276.1700134
1968	276.2099915
1969	276.2099915
1970	276.230011
1971	276.2799988
1972	276.230011
1973	276.2799988
1974	276.2999878
1975	276.2999878
1976	276.2600098
1977	276.2600098
1978	276.1499939
1979	276.1300049
1980	276.0899963
1981	276.1099854
1982	276.0899963
1983	276.1099854
1984	276.0700073
1985	276.0700073
1986	276
1987	276.0499878
1988	276.0299988
1989	276.2600098
1990	276.5100098
1991	276.6700134
1992	276.6700134
1993	276.9700012
1994	277.2000122
1995	277.3200073
1996	277.3900146
1997	277.4899902
1998	277.5700073
1999	277.5499878
2000	277.7600098
2001	277.9100037
2002	278.1799927
2003	278.5799866
2004	278.8699951
2005	279.019989
2006	279.230011
2007	279.6900024
2008	279.769989
2009	280.0400085
2010	280.25
2011	280.4400024
2012	280.5799866
2013	280.6700134
2014	280.8399963
2015	281.019989
2016	281.1099854
2017	281.1099854
2018	281.3200073
2019	281.4200134
2020	281.4599915
2021	281.4400024
2022	281.480011
2023	281.6099854
2024	281.6099854
2025	281.730011
2026	281.7799988
2027	281.8399963
2028	281.8800049
2029	281.9599915
2030	282.0100098
2031	282.0100098
2032	282.0499878
2033	281.9899902
2034	282.0299988
2035	282.0700073
2036	282.1700134
2037	282.2200012
2038	282.2200012
2039	282.2399902
2040	282.2399902
2041	282.2600098
2042	282.3599854
2043	282.3399963
2044	282.3999939
2045	282.3800049
2046	282.4299927
2047	282.3800049
2048	282.3999939
2049	282.4700012
2050	282.4899902
2051	282.4899902
2052	282.4700012
2053	282.4899902
2054	282.4700012
2055	282.5100098
2056	282.5100098
2057	282.4299927
2058	282.4299927
2059	282.3999939
2060	282.4700012
2061	282.5100098
2062	282.5499878
2063	282.5499878
2064	282.5499878
2065	282.5299988
2066	282.5700073
2067	282.5899963
2068	282.7000122
2069	282.7000122
2070	282.6600037
2071	282.6300049
2072	282.6600037
2073	282.6799927
2074	282.6799927
2075	282.6600037
2076	282.6600037
2077	282.6799927
2078	282.6600037
2079	282.6099854
2080	282.6099854
2081	282.6799927
2082	282.5899963
2083	282.6600037
2084	282.6799927
2085	282.6799927
2086	282.6799927
2087	282.5899963
2088	282.5899963
2089	282.6600037
2090	282.7000122
2091	282.7000122
2092	282.5700073
2093	282.6799927
2094	282.6600037
2095	282.6600037
2096	282.6600037
2097	282.7200012
2098	282.6099854
2099	282.5499878
2100	282.5299988
2101	282.5700073
2102	282.5700073
2103	282.7399902
2104	282.7200012
2105	282.7000122
2106	282.7000122
2107	282.7000122
2108	282.7399902
2109	282.7200012
2110	282.7600098
2111	282.6799927
2112	282.6300049
2113	282.6300049
2114	282.6099854
2115	282.6600037
2116	282.6600037
2117	282.6600037
2118	282.6799927
2119	282.6300049
2120	282.6600037
2121	282.7200012
2122	282.6600037
2123	282.7000122
2124	282.7000122
2125	282.7000122
2126	282.7600098
2127	282.7600098
2128	282.7399902
2129	282.7200012
2130	282.7399902
2131	282.6600037
2132	282.6099854
2133	282.6600037
2134	282.6600037
2135	282.6099854
2136	282.5499878
2137	282.5299988
2138	282.5100098
2139	282.5899963
2140	282.5700073
2141	282.5700073
2142	282.5299988
2143	282.5700073
2144	282.5899963
2145	282.5899963
2146	282.6099854
2147	282.6799927
2148	282.5899963
2149	282.5100098
2150	282.5100098
2151	282.4899902
2152	282.5299988
2153	282.5299988
2154	282.6600037
2155	282.5700073
2156	282.5299988
2157	282.5700073
2158	282.5899963
2159	282.5700073
2160	282.5899963
2161	282.6799927
2162	282.6799927
2163	282.7399902
2164	282.7000122
2165	282.4899902
2166	282.4899902
2167	282.1499939
2168	281.9400024
2169	281.8200073
2170	281.6099854
2171	281.4400024
2172	281.3200073
2173	281.3200073
2174	281.1499939
2175	281.0899963
2176	281.0400085
2177	280.980011
2178	280.980011
2179	280.9599915
2180	280.8999939
2181	280.6700134
2182	280.480011
2183	280.1000061
2184	279.3500061
2185	278.6199951
2186	278.1199951
2187	277.6600037
2188	275.480011
2189	274.7099915
2190	273.2200012
2191	271.6099854
2192	270.9200134
2193	269.7900085
2194	269.25
2195	268.5599976
2196	268.0599976
2197	267.7399902
2198	267.7399902
2199	267.6199951
2200	267.6799927
2201	267.769989
2202	267.9100037
2203	268.1199951
2204	268.3500061
2205	268.3500061
2206	268.7900085
2207	269.1499939
2208	269.3099976
2209	269.730011
2210	270.0899963
2211	270.3999939
2212	270.3999939
2213	270.8200073
2214	271.1099854
2215	271.2799988
2216	271.5100098
2217	271.6499939
2218	271.7399902
2219	271.8599854
2220	272.1799927
2221	272.2799988
2222	272.4899902
2223	272.6799927
2224	272.7399902
2225	272.9100037
2226	273.0599976
2227	273.2200012
2228	273.3099976
2229	273.4500122
2230	273.5599976
2231	273.6199951
2232	273.7900085
2233	273.7900085
2234	273.9100037
2235	274.0400085
2236	274.0799866
2237	274.0799866
2238	274.2099915
2239	274.2900085
2240	274.3299866
2241	274.3699951
2242	274.5400085
2243	274.5
2244	274.5
2245	274.6900024
2246	274.75
2247	274.75
2248	274.8500061
2249	274.8800049
2250	274.9200134
2251	274.9200134
2252	274.8999939
2253	274.9400024
2254	274.9200134
2255	274.9599915
2256	275.1099854
2257	275.0400085
2258	275.0799866
2259	275.1700134
2260	275.230011
2261	275.2099915
2262	275.25
2263	275.230011
2264	275.230011
2265	275.2900085
2266	275.3599854
2267	275.3800049
2268	275.3599854
2269	275.3599854
2270	275.4200134
2271	275.3999939
2272	275.4599915
2273	275.4400024
2274	275.4200134
2275	275.5400085
2276	275.5400085
2277	275.5700073
2278	275.6300049
2279	275.5899963
2280	275.5899963
2281	275.6099854
2282	275.6300049
2283	275.6300049
2284	275.5400085
2285	275.6300049
2286	275.5899963
2287	275.6099854
2288	275.5899963
2289	275.6900024
2290	275.6900024
2291	275.7099915
2292	275.730011
2293	275.75
2294	275.6700134
2295	275.7099915
2296	275.6300049
2297	275.6499939
2298	275.6300049
2299	275.6300049
2300	275.6300049
2301	275.6499939
2302	275.6499939
2303	275.6700134
2304	275.7099915
2305	275.6900024
2306	275.6700134
2307	275.6900024
2308	275.6900024
2309	275.75
2310	275.7099915
2311	275.7099915
2312	275.730011
2313	275.6900024
2314	275.6900024
2315	275.6900024
2316	275.6900024
2317	275.6700134
2318	275.6099854
2319	275.6499939
2320	275.6700134
2321	275.6700134
2322	275.7099915
2323	275.6900024
2324	275.6900024
2325	275.6700134
2326	275.6900024
2327	275.6900024
2328	275.6900024
2329	275.6700134
2330	275.7099915
2331	275.6300049
2332	275.7099915
2333	275.6700134
2334	275.7099915
2335	275.6900024
2336	275.6900024
2337	275.6700134
2338	275.6499939
2339	275.6300049
2340	275.6300049
2341	275.6499939
2342	275.6900024
2343	275.6900024
2344	275.7099915
2345	275.6700134
2346	275.75
2347	275.75
2348	275.75
2349	275.7999878
2350	275.8200073
2351	275.75
2352	275.769989
2353	275.7999878
2354	275.7999878
2355	275.769989
2356	275.7099915
2357	275.730011
2358	275.730011
2359	275.730011
2360	275.6900024
2361	275.75
2362	275.6700134
2363	275.6499939
2364	275.6499939
2365	275.6099854
2366	275.5899963
2367	275.5700073
2368	275.519989
2369	275.5700073
2370	275.4599915
2371	275.5
2372	275.5
2373	275.4599915
2374	275.4599915
2375	275.480011
2376	275.3800049
2377	275.4200134
2378	275.3999939
2379	275.3999939
2380	275.3800049
2381	275.2900085
2382	275.3800049
2383	275.230011
2384	275.3099976
2385	275.25
2386	275.25
2387	275.230011
2388	275.25
2389	275.2099915
2390	275.1700134
2391	275.1099854
2392	275.1900024
2393	275.1499939
2394	275.1300049
2395	275.0599976
2396	275.0599976
2397	275.019989
2398	275.019989
2399	274.980011
2400	274.980011
2401	274.8800049
2402	274.8999939
2403	274.9400024
2404	274.9400024
2405	274.9599915
2406	274.9400024
2407	274.8800049
2408	274.8800049
2409	274.9400024
2410	274.9200134
2411	274.9599915
2412	274.980011
2413	275
2414	275
2415	275.019989
2416	275.0799866
2417	275.1300049
2418	275.1300049
2419	275.0599976
2420	275.1300049
2421	275.1700134
2422	275.1499939
2423	275.1499939
2424	275.1300049
2425	275.1300049
2426	275.0599976
2427	275.0400085
2428	275.1300049
2429	275.0599976
2430	275.0799866
2431	275.0799866
2432	275.0799866
2433	275.0599976
2434	275.0799866
2435	275.1099854
2436	275.0599976
2437	275.0400085
2438	275.019989
2439	275.019989
2440	275.0400085
2441	275.0799866
2442	275.0599976
2443	275.0799866
2444	275.0799866
2445	275
2446	275.0400085
2447	275.0599976
2448	274.980011
2449	275.0599976
2450	275.0599976
2451	274.9599915
2452	274.9400024
2453	274.980011
2454	274.8999939
2455	274.8999939
2456	274.8800049
2457	274.8800049
2458	274.8800049
2459	274.8800049
2460	274.8999939
2461	274.8500061
2462	274.9400024
2463	275.1700134
2464	275.1700134
2465	275.3599854
2466	275.480011
2467	275.5700073
2468	275.730011
2469	275.8399963
2470	275.8200073
2471	275.7999878
2472	276.0499878
2473	276.1499939
2474	276.2799988
2475	276.5499878
2476	276.6499939
2477	276.9500122
2478	277.1799927
2479	277.4899902
2480	277.8500061
2481	278.0799866
2482	278.3500061
2483	278.3900146
2484	278.6600037
2485	278.8500061
2486	279.1000061
2487	279.3099976
2488	279.4599915
2489	279.4599915
2490	279.730011
2491	279.8500061
2492	279.8900146
2493	280
2494	280.0799866
2495	280.1199951
2496	280.1199951
2497	280.3500061
2498	280.480011
2499	280.5
2500	280.6900024
2501	280.730011
2502	280.75
2503	280.6499939
2504	280.6900024
2505	280.6700134
2506	280.7099915
2507	280.6499939
2508	280.6300049
2509	280.6099854
2510	280.6499939
2511	280.8099976
2512	280.7900085
2513	280.8800049
2514	280.7900085
2515	280.7900085
2516	280.75
2517	280.75
2518	280.75
2519	280.730011
2520	280.8099976
2521	280.8099976
2522	280.7900085
2523	280.7900085
2524	280.769989
2525	280.6700134
2526	280.7900085
2527	280.7900085
2528	280.7900085
2529	280.8399963
2530	280.8099976
2531	280.8999939
2532	280.9200134
2533	280.9400024
2534	281
2535	281
2536	280.9400024
2537	280.8999939
2538	280.9200134
2539	281.019989
2540	281.0400085
2541	281.0400085
2542	281.019989
2543	281
2544	280.9400024
2545	280.8999939
2546	280.9200134
2547	280.9400024
2548	280.9400024
2549	280.9200134
2550	280.8800049
2551	280.8800049
2552	280.7900085
2553	280.8599854
2554	280.7900085
2555	280.8399963
2556	280.8399963
2557	280.7900085
2558	280.8599854
2559	280.8099976
2560	280.8099976
2561	280.8999939
2562	280.8800049
2563	280.9400024
2564	280.8999939
2565	280.8399963
2566	280.75
2567	280.75
2568	280.769989
2569	280.8599854
2570	280.8800049
2571	280.8800049
2572	280.8599854
2573	280.8099976
2574	280.8599854
2575	280.8099976
2576	280.7900085
2577	280.8599854
2578	280.8800049
2579	280.9200134
2580	280.9200134
2581	280.9200134
2582	281.019989
2583	281.0400085
2584	281.019989
2585	280.9599915
2586	280.9400024
2587	280.9400024
2588	280.8800049
2589	280.8399963
2590	280.9200134
2591	280.980011
2592	280.980011
2593	280.980011
2594	281
2595	280.980011
2596	280.9599915
2597	280.9599915
2598	280.9599915
2599	280.9599915
2600	280.9200134
2601	280.980011
2602	280.9200134
2603	280.9200134
2604	280.9200134
2605	280.8800049
2606	280.8800049
2607	280.8599854
2608	280.8599854
2609	280.8800049
2610	280.8800049
2611	280.8999939
2612	280.9200134
2613	280.980011
2614	280.980011
2615	280.980011
2616	280.9599915
2617	280.9400024
2618	280.980011
2619	281.0400085
2620	281.019989
2621	281.0899963
2622	281.0400085
2623	280.980011
2624	280.9200134
2625	280.9200134
2626	280.8800049
2627	280.8599854
2628	280.8800049
2629	280.9200134
2630	280.8999939
2631	280.8999939
2632	280.8800049
2633	280.8399963
2634	280.8599854
2635	280.8599854
2636	280.8099976
2637	280.9200134
2638	280.9200134
2639	280.6700134
2640	280.4200134
2641	280.3099976
2642	280.019989
2643	279.8900146
2644	279.730011
2645	279.6900024
2646	279.5599976
2647	279.480011
2648	279.4599915
2649	279.3699951
2650	279.3099976
2651	279.2900085
2652	279.2900085
2653	279.2000122
2654	279.1600037
2655	279.1600037
2656	279
2657	278.8500061
2658	278.4299927
2659	278.1400146
2660	277.3200073
2661	276.3200073
2662	275.0400085
2663	273.4500122
2664	272.6600037
2665	271.2399902
2666	270.5299988
2667	269.230011
2668	268.0799866
2669	267.2200012
2670	267.2200012
2671	266.2999878
2672	265.9700012
2673	265.8399963
2674	265.6700134
2675	265.6499939
2676	265.7399902
2677	265.7399902
2678	266.1099854
2679	266.3399963
2680	266.4700012
2681	266.7200012
2682	267.0499878
2683	267.2399902
2684	267.3299866
2685	267.9299927
2686	268.0799866
2687	268.3500061
2688	268.6600037
2689	269
2690	269.0400085
2691	269.1199951
2692	269.519989
2693	269.6300049
2694	270
2695	270.269989
2696	270.3399963
2697	270.5299988
2698	270.6099854
2699	270.7999878
2700	270.9899902
2701	271.1700134
2702	271.1700134
2703	271.3999939
2704	271.5299988
2705	271.6099854
2706	271.7000122
2707	271.8200073
2708	271.9500122
2709	271.9500122
2710	272.1600037
2711	272.2399902
2712	272.2600098
2713	272.3699951
2714	272.4899902
2715	272.6199951
2716	272.6199951
2717	272.7000122
2718	272.7600098
2719	272.8299866
2720	272.9299927
2721	273.0400085
2722	272.9899902
2723	273.0400085
2724	273.0400085
2725	273.0799866
2726	273.1600037
2727	273.2200012
2728	273.2200012
2729	273.2399902
2730	273.3099976
2731	273.3299866
2732	273.3500061
2733	273.4100037
2734	273.4700012
2735	273.519989
2736	273.5599976
2737	273.5400085
2738	273.6000061
2739	273.6000061
2740	273.6400146
2741	273.6400146
2742	273.7000122
2743	273.6799927
2744	273.7000122
2745	273.7000122
2746	273.7900085
2747	273.730011
2748	273.730011
2749	273.730011
2750	273.75
2751	273.769989
2752	273.8099976
2753	273.7900085
2754	273.7900085
2755	273.7900085
2756	273.8500061
2757	273.8500061
2758	273.8500061
2759	273.8500061
2760	273.8299866
2761	273.8299866
2762	273.8099976
2763	273.980011
2764	273.9100037
2765	273.9599915
2766	273.9599915
2767	274.019989
2768	273.9299927
2769	273.980011
2770	274.019989
2771	273.9299927
2772	273.9599915
2773	273.9599915
2774	274.019989
2775	274.019989
2776	274.019989
2777	273.980011
2778	274
2779	274
2780	274
2781	274.1000061
2782	274.1000061
2783	274.230011
2784	274.1900024
2785	274.1400146
2786	274.1900024
2787	274.1900024
2788	274.1900024
2789	274.0799866
2790	274.1000061
2791	274.1000061
2792	274.1600037
2793	274.1400146
2794	274.0599976
2795	274.019989
2796	274.0799866
2797	274.0599976
2798	274.019989
2799	274.0599976
2800	274.0599976
2801	274.0400085
2802	274.0799866
2803	274.0599976
2804	274.1000061
2805	274.019989
2806	274.0400085
2807	274
2808	274.019989
2809	273.9299927
2810	273.9299927
2811	273.980011
2812	273.980011
2813	274.019989
2814	274.019989
2815	274.019989
2816	274.0799866
2817	274.0599976
2818	274.019989
2819	274.019989
2820	274.0400085
2821	274.0400085
2822	274.0799866
2823	274.019989
2824	274.0400085
2825	274.0400085
2826	274.019989
2827	274.0400085
2828	274.1000061
2829	274.1600037
2830	274.1400146
2831	274
2832	273.9299927
2833	273.8699951
2834	273.75
2835	273.6000061
2836	273.4500122
2837	273.2200012
2838	273.2000122
2839	273.2399902
2840	273.3500061
2841	273.4100037
2842	273.5
2843	273.5799866
2844	273.5799866
2845	273.6400146
2846	273.6400146
2847	273.730011
2848	273.6400146
2849	273.769989
2850	273.8099976
2851	273.8099976
2852	273.9299927
2853	273.9100037
2854	274
2855	274
2856	274.019989
2857	274.1199951
2858	274.1199951
2859	274.0799866
2860	274.0599976
2861	274.1199951
2862	274.1000061
2863	274.1000061
2864	274.0400085
2865	274.0799866
2866	274
2867	273.980011
2868	273.9100037
2869	273.8900146
2870	273.8099976
2871	273.8299866
2872	273.75
2873	273.7000122
2874	273.6799927
2875	273.5400085
2876	273.5599976
2877	273.5400085
2878	273.5799866
2879	273.5799866
2880	273.5599976
2881	273.5599976
2882	273.5599976
2883	273.5599976
2884	273.519989
2885	273.5400085
2886	273.4700012
2887	273.6000061
2888	273.5599976
2889	273.6799927
2890	273.6799927
2891	273.8099976
2892	273.8099976
2893	273.8500061
2894	273.8900146
2895	273.8900146
2896	273.8900146
2897	273.9299927
2898	273.9599915
2899	273.9599915
2900	273.8900146
2901	273.9599915
2902	273.980011
2903	273.9299927
2904	273.8299866
2905	273.769989
2906	273.7000122
2907	273.6199951
2908	273.5799866
2909	273.519989
2910	273.4299927
2911	273.3299866
2912	273.3299866
2913	273.3500061
2914	273.1799927
2915	273.1400146
2916	273.1000061
2917	273.0799866
2918	273.0100098
2919	273.0799866
2920	273.0100098
2921	272.9899902
2922	272.9899902
2923	272.9899902
2924	273.0799866
2925	273.1000061
2926	273.1000061
2927	273.0799866
2928	273.1199951
2929	273.1199951
2930	273.2200012
2931	273.3099976
2932	273.4100037
2933	273.4700012
2934	273.4100037
2935	273.4500122
2936	273.5799866
2937	273.9599915
2938	274.0400085
2939	274.3500061
2940	274.7900085
2941	275.019989
2942	275.3999939
2943	275.4200134
2944	275.6900024
2945	275.769989
2946	275.980011
2947	276.3200073
2948	276.4400024
2949	276.7600098
2950	276.9200134
2951	277.2200012
2952	277.5700073
2953	277.8200073
2954	277.8200073
2955	278.2000122
2956	278.4500122
2957	278.6000061
2958	278.7000122
2959	278.8900146
2960	279.0799866
2961	279.0799866
2962	279.3099976
2963	279.3900146
2964	279.4599915
2965	279.480011
2966	279.5599976
2967	279.6000061
2968	279.5599976
2969	279.6199951
2970	279.6600037
2971	279.6900024
2972	279.8099976
2973	279.8299866
2974	279.8500061
2975	279.8699951
2976	279.8900146
2977	279.9200134
2978	279.8900146
2979	279.8500061
2980	279.8500061
2981	279.8299866
2982	279.8299866
2983	279.8900146
2984	279.8699951
2985	279.8500061
2986	279.769989
2987	279.8099976
2988	279.8299866
2989	279.8699951
2990	279.8099976
2991	279.8099976
2992	279.8299866
2993	279.8299866
2994	279.769989
2995	279.769989
2996	279.75
2997	279.7099915
2998	279.6000061
2999	279.5799866
3000	279.5799866
3001	279.6000061
3002	279.519989
3003	279.519989
3004	279.5400085
3005	279.4599915
3006	279.5400085
3007	279.5
3008	279.5400085
3009	279.5799866
3010	279.519989
3011	279.5
3012	279.5
3013	279.4299927
3014	279.4599915
3015	279.4299927
3016	279.480011
3017	279.4599915
3018	279.4100037
3019	279.4100037
3020	279.3699951
3021	279.3500061
3022	279.4100037
3023	279.3900146
3024	279.3699951
3025	279.3699951
3026	279.3099976
3027	279.3900146
3028	279.4599915
3029	279.519989
3030	279.480011
3031	279.480011
3032	279.480011
3033	279.5400085
3034	279.480011
3035	279.5
3036	279.5599976
3037	279.519989
3038	279.4599915
3039	279.4599915
3040	279.6000061
3041	279.6900024
3042	279.6400146
3043	279.6199951
3044	279.6600037
3045	279.6900024
3046	279.75
3047	279.769989
3048	279.8500061
3049	279.8299866
3050	279.9400024
3051	279.9200134
3052	279.8900146
3053	279.9400024
3054	279.9200134
3055	279.8500061
3056	279.9400024
3057	279.980011
3058	280
3059	280.019989
3060	280.019989
3061	280.1499939
3062	280.1000061
3063	280.1199951
3064	280.1199951
3065	280.1499939
3066	280.1199951
3067	280.1700134
3068	280.1700134
3069	280.2099915
3070	280.25
3071	280.25
3072	280.269989
3073	280.2900085
3074	280.3800049
3075	280.4599915
3076	280.4200134
3077	280.4200134
3078	280.4599915
3079	280.5599976
3080	280.5599976
3081	280.5799866
3082	280.5400085
3083	280.4599915
3084	280.480011
3085	280.4400024
3086	280.3099976
3087	280.3500061
3088	280.3800049
3089	280.3500061
3090	280.269989
3091	280.269989
3092	280.25
3093	280.269989
3094	280.1900024
3095	280.25
3096	280.25
3097	280.1900024
3098	280.1900024
3099	280.269989
3100	280.25
3101	280.25
3102	280.269989
3103	280.269989
3104	280.25
3105	280.230011
3106	280.3299866
3107	280.3999939
3108	280.4400024
3109	280.3999939
3110	280.3999939
3111	280.5599976
3112	280.3999939
3113	280.3099976
3114	280.1900024
3115	279.9400024
3116	279.8099976
3117	279.6900024
3118	279.3900146
3119	279.3900146
3120	279.25
3121	279.1400146
3122	279.0799866
3123	279.0400085
3124	279.019989
3125	278.8500061
3126	278.8900146
3127	278.7900085
3128	278.6600037
3129	278.5100098
3130	278.3099976
3131	278.1799927
3132	277.6400146
3133	277.0499878
3134	276.3200073
3135	276.3200073
3136	274.5599976
3137	273.3500061
3138	272.7600098
3139	271.4200134
3140	270.3200073
3141	269.269989
3142	269.269989
3143	268.019989
3144	267.4100037
3145	267.2600098
3146	267.0499878
3147	266.9899902
3148	267.1000061
3149	267.2200012
3150	267.769989
3151	267.9500122
3152	268.1199951
3153	268.3900146
3154	268.6199951
3155	268.75
3156	268.9200134
3157	269.3800049
3158	269.5
3159	269.75
3160	269.9599915
3161	270.1099854
3162	270.3800049
3163	270.5299988
3164	270.730011
3165	270.9599915
3166	271.2399902
3167	271.2399902
3168	271.5700073
3169	271.7999878
3170	271.8800049
3171	271.9899902
3172	272.1799927
3173	272.4100037
3174	272.4100037
3175	272.5100098
3176	272.7000122
3177	272.7799988
3178	272.9899902
3179	273.1400146
3180	273.1600037
3181	273.1600037
3182	273.3299866
3183	273.4700012
3184	273.5
3185	273.6000061
3186	273.730011
3187	273.75
3188	273.75
3189	273.75
3190	273.8299866
3191	273.8299866
3192	273.8900146
3193	273.9100037
3194	273.9299927
3195	273.9299927
3196	274.1000061
3197	274.1400146
3198	274.25
3199	274.2900085
3200	274.3099976
3201	274.3500061
3202	274.3900146
3203	274.4400024
3204	274.519989
3205	274.5599976
3206	274.5599976
3207	274.6000061
3208	274.6900024
3209	274.6700134
3210	274.8099976
3211	274.730011
3212	274.8299866
3213	274.8299866
3214	275
3215	275.0400085
3216	275.1300049
3217	275.1099854
3218	275.1900024
3219	275.230011
3220	275.25
3221	275.3099976
3222	275.3800049
3223	275.3800049
3224	275.4599915
3225	275.4599915
3226	275.5
3227	275.480011
3228	275.4400024
3229	275.4200134
3230	275.4599915
3231	275.5400085
3232	275.5899963
3233	275.6499939
3234	275.6300049
3235	275.6499939
3236	275.6499939
3237	275.6900024
3238	275.7099915
3239	275.730011
3240	275.6499939
3241	275.769989
3242	275.730011
3243	275.730011
3244	275.7099915
3245	275.7099915
3246	275.75
3247	275.6900024
3248	275.730011
3249	275.769989
3250	275.75
3251	275.7999878
3252	275.7999878
3253	275.8599854
3254	275.8800049
3255	275.980011
3256	275.980011
3257	276.0499878
3258	276.0700073
3259	276.0700073
3260	276.1300049
3261	276.1099854
3262	276.1300049
3263	276.1099854
3264	276.1900024
3265	276.1300049
3266	276.1700134
3267	276.2099915
3268	276.2099915
3269	276.2799988
3270	276.230011
3271	276.2999878
3272	276.230011
3273	276.2799988
3274	276.3599854
3275	276.3999939
3276	276.4599915
3277	276.4599915
3278	276.4599915
3279	276.3599854
3280	276.3999939
3281	276.3800049
3282	276.3800049
3283	276.3800049
3284	276.3800049
3285	276.4599915
3286	276.4200134
3287	276.4599915
3288	276.4899902
3289	276.4599915
3290	276.4899902
3291	276.4899902
3292	276.5100098
3293	276.5499878
3294	276.5899963
3295	276.5499878
3296	276.4899902
3297	276.5299988
3298	276.5700073
3299	276.5100098
3300	276.5299988
3301	276.4899902
3302	276.4899902
3303	276.5299988
3304	276.4599915
3305	276.4599915
3306	276.4899902
3307	276.4599915
3308	276.5100098
3309	276.5899963
3310	276.5899963
3311	276.5499878
3312	276.5700073
3313	276.5499878
3314	276.5299988
3315	276.5299988
3316	276.5299988
3317	276.4200134
3318	276.3800049
3319	276.4599915
3320	276.3999939
3321	276.3599854
3322	276.2999878
3323	276.2999878
3324	276.3599854
3325	276.4899902
3326	276.4200134
3327	276.4599915
3328	276.4400024
3329	276.4599915
3330	276.5299988
3331	276.5100098
3332	276.5299988
3333	276.4599915
3334	276.4599915
3335	276.3999939
3336	276.4400024
3337	276.4599915
3338	276.4400024
3339	276.4599915
3340	276.4899902
3341	276.4599915
3342	276.4599915
3343	276.4899902
3344	276.4599915
3345	276.3999939
3346	276.4599915
3347	276.4599915
3348	276.4599915
3349	276.5499878
3350	276.5299988
3351	276.5499878
3352	276.4899902
3353	276.4599915
3354	276.4899902
3355	276.4899902
3356	276.4899902
3357	276.3999939
3358	276.3999939
3359	276.3599854
3360	276.4200134
3361	276.3599854
3362	276.3599854
3363	276.2799988
3364	276.230011
3365	276.2099915
3366	276.1700134
3367	276.1900024
3368	276.2600098
3369	276.2999878
3370	276.3399963
3371	276.3800049
3372	276.4200134
3373	276.3999939
3374	276.4400024
3375	276.3999939
3376	276.3800049
3377	276.2799988
3378	276.2999878
3379	276.2099915
3380	276.2600098
3381	276.1499939
3382	276.2099915
3383	276.2099915
3384	276.230011
3385	276.2600098
3386	276.3200073
3387	276.3200073
3388	276.3599854
3389	276.3999939
3390	276.4599915
3391	276.4599915
3392	276.4200134
3393	276.5499878
3394	276.5499878
3395	276.6099854
3396	276.6099854
3397	276.5899963
3398	276.5899963
3399	276.5499878
3400	276.4899902
3401	276.4899902
3402	276.5899963
3403	276.5899963
3404	276.6099854
3405	276.5700073
3406	276.5499878
3407	276.6099854
3408	276.5499878
3409	276.9200134
3410	277.0499878
3411	277.2200012
3412	277.5299988
3413	277.6799927
3414	277.9500122
3415	278.0499878
3416	278.1600037
3417	278.2399902
3418	278.4299927
3419	278.4299927
3420	278.8299866
3421	279
3422	279.1199951
3423	279.2900085
3424	279.6000061
3425	279.7900085
3426	279.7900085
3427	280.1000061
3428	280.3800049
3429	280.480011
3430	280.6300049
3431	280.8399963
3432	280.980011
3433	280.980011
3434	281.1700134
3435	281.1700134
3436	281.1900024
3437	281.2099915
3438	281.269989
3439	281.25
3440	281.269989
3441	281.3800049
3442	281.3999939
3443	281.4200134
3444	281.4200134
3445	281.3800049
3446	281.480011
3447	281.6099854
3448	281.7099915
3449	281.6700134
3450	281.6700134
3451	281.6900024
3452	281.730011
3453	281.7600098
3454	281.7600098
3455	281.6700134
3456	281.7099915
3457	281.6900024
3458	281.6900024
3459	281.8200073
3460	281.8599854
3461	281.8599854
3462	281.8800049
3463	281.8399963
3464	281.8800049
3465	281.8800049
3466	281.8399963
3467	281.9200134
3468	281.9899902
3469	282.0100098
3470	282.0100098
3471	282.0499878
3472	282.0899963
3473	282.0299988
3474	282.0299988
3475	282.0100098
3476	282.0299988
3477	282.0299988
3478	282.0700073
3479	282.0499878
3480	281.9400024
3481	281.8999939
3482	281.8599854
3483	281.8999939
3484	281.8800049
3485	281.8800049
3486	281.8599854
3487	281.8399963
3488	281.8800049
3489	281.8999939
3490	281.8200073
3491	281.8200073
3492	281.8200073
3493	281.8399963
3494	281.8800049
3495	282.0100098
3496	281.9899902
3497	281.9899902
3498	281.9899902
3499	281.9599915
3500	282.0100098
3501	282.1300049
3502	282.1499939
3503	282.2200012
3504	282.2200012
3505	282.2000122
3506	282.2799988
3507	282.2600098
3508	282.3399963
3509	282.2000122
3510	282.2200012
3511	282.2200012
3512	282.3599854
3513	282.3200073
3514	282.2399902
3515	282.1700134
3516	282.1700134
3517	282.2200012
3518	282.2000122
3519	282.2799988
3520	282.1499939
3521	282.2200012
3522	282.2000122
3523	282.2200012
3524	282.2600098
3525	282.2200012
3526	282.2999878
3527	282.2000122
3528	282.2000122
3529	282.2000122
3530	282.2000122
3531	282.2600098
3532	282.2999878
3533	282.2200012
3534	282.2399902
3535	282.2799988
3536	282.2799988
3537	282.2600098
3538	282.2399902
3539	282.3200073
3540	282.4299927
3541	282.3800049
3542	282.3800049
3543	282.3800049
3544	282.3399963
3545	282.2999878
3546	282.3399963
3547	282.3200073
3548	282.2999878
3549	282.2799988
3550	282.3399963
3551	282.3200073
3552	282.3200073
3553	282.2999878
3554	282.2799988
3555	282.3999939
3556	282.2999878
3557	282.3200073
3558	282.2600098
3559	282.3599854
3560	282.4299927
3561	282.3599854
3562	282.3599854
3563	282.3200073
3564	282.2999878
3565	282.3399963
3566	282.2799988
3567	282.3399963
3568	282.3399963
3569	282.3599854
3570	282.3399963
3571	282.3200073
3572	282.3599854
3573	282.2799988
3574	282.3200073
3575	282.3200073
3576	282.3399963
3577	282.3800049
3578	282.3800049
3579	282.3200073
3580	282.2999878
3581	282.2999878
3582	282.2200012
3583	282.2799988
3584	282.2999878
3585	282.2799988
3586	282.0499878
3587	281.730011
3588	281.6099854
3589	281.480011
3590	281.0700073
3591	280.8800049
3592	280.769989
3593	280.6499939
3594	280.6499939
3595	280.5599976
3596	280.5799866
3597	280.4599915
3598	280.3800049
3599	280.269989
3600	280.269989
3601	279.8500061
3602	279.4599915
3603	279.1600037
3604	278.2600098
3605	277.1300049
3606	275.7099915
3607	275.7099915
3608	273.3900146
3609	272.0899963
3610	271.5499878
3611	270.7099915
3612	270.1099854
3613	269.769989
3614	269.769989
3615	269.5599976
3616	269.519989
3617	269.5599976
3618	269.730011
3619	270
3620	270.1300049
3621	270.3200073
3622	270.8200073
3623	270.9400024
3624	271.2999878
3625	271.5899963
3626	271.7799988
3627	271.9899902
3628	272.2200012
3629	272.6600037
3630	272.7000122
3631	272.9700012
3632	273.1799927
3633	273.3500061
3634	273.5
3635	273.5
3636	273.75
3637	273.8900146
3638	274.1199951
3639	274.1199951
3640	274.3299866
3641	274.5
3642	274.5400085
3643	274.6000061
3644	274.7099915
3645	274.7900085
3646	274.7900085
3647	274.980011
3648	275.019989
3649	275.0400085
3650	275.1099854
3651	275.1499939
3652	275.1700134
3653	275.269989
3654	275.3599854
3655	275.3800049
3656	275.4200134
3657	275.5700073
3658	275.6099854
3659	275.6099854
3660	275.5400085
3661	275.6900024
3662	275.7099915
3663	275.8599854
3664	275.8999939
3665	275.8999939
3666	276
3667	276.0299988
3668	276
3669	276.0899963
3670	276.1499939
3671	276.1499939
3672	276.0899963
3673	276.0499878
3674	276.0899963
3675	276.1300049
3676	276.1099854
3677	276.1499939
3678	276.1499939
3679	276.1700134
3680	276.1900024
3681	276.1499939
3682	276.3200073
3683	276.3800049
3684	276.3800049
3685	276.3800049
3686	276.4200134
3687	276.3800049
3688	276.3200073
3689	276.4400024
3690	276.5499878
3691	276.5899963
3692	276.6099854
3693	276.4599915
3694	276.4899902
3695	276.3800049
3696	276.3399963
3697	276.3200073
3698	276.3599854
3699	276.2999878
3700	276.3999939
3701	276.4599915
3702	276.5100098
3703	276.5299988
3704	276.4899902
3705	276.5499878
3706	276.5100098
3707	276.5899963
3708	276.5499878
3709	276.4599915
3710	276.4599915
3711	276.5100098
3712	276.5499878
3713	276.4599915
3714	276.4599915
3715	276.5299988
3716	276.5100098
3717	276.5100098
3718	276.6900024
3719	276.6700134
3720	276.6900024
3721	276.6499939
3722	276.5700073
3723	276.5499878
3724	276.6300049
3725	276.5499878
3726	276.5499878
3727	276.5700073
3728	276.5100098
3729	276.4599915
3730	276.4400024
3731	276.5499878
3732	276.5899963
3733	276.6099854
3734	276.5899963
3735	276.5299988
3736	276.5499878
3737	276.5299988
3738	276.5100098
3739	276.4899902
3740	276.4899902
3741	276.4200134
3742	276.4400024
3743	276.4200134
3744	276.3599854
3745	276.4200134
3746	276.4200134
3747	276.4200134
3748	276.3800049
3749	276.3800049
3750	276.4899902
3751	276.5100098
3752	276.5100098
3753	276.4899902
3754	276.4899902
3755	276.5700073
3756	276.5700073
3757	276.5700073
3758	276.5899963
3759	276.5700073
3760	276.6099854
3761	276.6300049
3762	276.6099854
3763	276.6300049
3764	276.6099854
3765	276.6300049
3766	276.6099854
3767	276.6300049
3768	276.6499939
3769	276.6700134
3770	276.7200012
3771	276.8200073
3772	276.7799988
3773	276.6900024
3774	276.6900024
3775	276.6900024
3776	276.7600098
3777	276.6900024
3778	276.6499939
3779	276.6900024
3780	276.5899963
3781	276.5899963
3782	276.5100098
3783	276.5299988
3784	276.6099854
3785	276.6099854
3786	276.6300049
3787	276.5899963
3788	276.5899963
3789	276.6300049
3790	276.6900024
3791	276.6700134
3792	276.7600098
3793	276.8399963
3794	276.7999878
3795	276.7999878
3796	276.8399963
3797	276.9200134
3798	276.8399963
3799	276.8800049
3800	276.8399963
3801	276.8599854
3802	276.8399963
3803	276.8200073
3804	276.8800049
3805	276.8999939
3806	277.0100098
3807	276.9700012
3808	276.9500122
3809	276.8999939
3810	276.8599854
3811	276.8999939
3812	276.8399963
3813	276.8599854
3814	276.8999939
3815	276.7600098
3816	276.8399963
3817	276.7799988
3818	276.7600098
3819	276.7799988
3820	276.7799988
3821	276.7399902
3822	276.7399902
3823	276.7799988
3824	276.7600098
3825	276.7600098
3826	276.7799988
3827	276.7799988
3828	276.7799988
3829	276.8399963
3830	276.8399963
3831	276.8200073
3832	276.8599854
3833	276.8399963
3834	276.7799988
3835	276.7399902
3836	276.7200012
3837	276.8200073
3838	276.8200073
3839	276.7999878
3840	276.7999878
3841	276.7799988
3842	276.9200134
3843	276.8599854
3844	276.8999939
3845	276.8800049
3846	276.8800049
3847	276.8399963
3848	276.7999878
3849	276.8599854
3850	276.9200134
3851	276.8999939
3852	276.8999939
3853	276.9899902
3854	276.9500122
3855	276.9700012
3856	276.8999939
3857	276.9200134
3858	277.0100098
3859	277.0100098
3860	277.0499878
3861	277.0499878
3862	277.1300049
3863	277.1099854
3864	277.0899963
3865	277.1499939
3866	277.1499939
3867	277.1300049
3868	277.1300049
3869	277.0899963
3870	277.0700073
3871	277.0700073
3872	276.9899902
3873	276.9200134
3874	276.8999939
3875	276.8800049
3876	277.0100098
3877	277.0100098
3878	277.0499878
3879	277.0299988
3880	277.0299988
3881	277.0499878
3882	277.1799927
3883	277.4100037
3884	277.5299988
3885	277.6799927
3886	277.8699951
3887	278.1000061
3888	278.3299866
3889	278.4899902
3890	278.5799866
3891	278.5799866
3892	278.8500061
3893	279.1199951
3894	279.269989
3895	279.5
3896	279.6400146
3897	279.8699951
3898	279.8699951
3899	280.1499939
3900	280.3800049
3901	280.3999939
3902	280.6700134
3903	280.7900085
3904	280.8999939
3905	280.9599915
3906	281.1099854
3907	281.1900024
3908	281.2999878
3909	281.3200073
3910	281.4200134
3911	281.3800049
3912	281.4599915
3913	281.6099854
3914	281.6099854
3915	281.6900024
3916	281.6900024
3917	281.7600098
3918	281.7600098
3919	281.7799988
3920	281.7999878
3921	281.8399963
3922	281.8599854
3923	281.8599854
3924	281.8399963
3925	281.8800049
3926	281.9400024
3927	281.9400024
3928	282.0100098
3929	281.9899902
3930	281.9899902
3931	281.8599854
3932	281.9400024
3933	281.9899902
3934	281.9899902
3935	281.9899902
3936	282.0700073
3937	282.0700073
3938	282.0700073
3939	282.0499878
3940	282.0299988
3941	282.0700073
3942	282.0700073
3943	282.0700073
3944	282.0700073
3945	282.1499939
3946	282.1099854
3947	282.1099854
3948	282.0499878
3949	282.0700073
3950	282.0499878
3951	282.0700073
3952	282.1099854
3953	282.1300049
3954	282.1300049
3955	282.2200012
3956	282.1499939
3957	282.1099854
3958	282.1700134
3959	282.0700073
3960	282.0299988
3961	281.9899902
3962	281.9899902
3963	282.0899963
3964	282.1300049
3965	282.1300049
3966	282.0499878
3967	281.9599915
3968	282.0899963
3969	282.0899963
3970	281.9200134
3971	281.9899902
3972	281.9599915
3973	282.0899963
3974	282.0899963
3975	282.0899963
3976	282.0899963
3977	281.9899902
3978	282.0100098
3979	282.0100098
3980	282.0499878
3981	282.0299988
3982	282.0299988
3983	282.0499878
3984	282.0299988
3985	282.0499878
3986	282.0700073
3987	281.9899902
3988	282.0499878
3989	281.9899902
3990	282.0700073
3991	282.0899963
3992	282.1700134
3993	282.1099854
3994	282.1300049
3995	282.2000122
3996	282.1700134
3997	282.1700134
3998	282.2399902
3999	282.2200012
4000	282.2200012
4001	282.2200012
4002	282.2200012
4003	282.2399902
4004	282.2799988
4005	282.2600098
4006	282.2399902
4007	282.2600098
4008	282.2600098
4009	282.2799988
4010	282.1700134
4011	282.1700134
4012	282.1099854
4013	282.1099854
4014	282.0499878
4015	282.0899963
4016	282.1099854
4017	282.1499939
4018	282.1499939
4019	282.1700134
4020	282.2399902
4021	282.1499939
4022	282.2000122
4023	282.1099854
4024	282.1099854
4025	282.1099854
4026	282.2000122
4027	282.2000122
4028	282.2200012
4029	282.1700134
4030	282.2200012
4031	282.2799988
4032	282.2600098
4033	282.2600098
4034	282.2399902
4035	282.2000122
4036	282.1700134
4037	282.2399902
4038	282.1700134
4039	282.1700134
4040	282.1700134
4041	282.2799988
4042	282.2600098
4043	282.2399902
4044	282.1700134
4045	282.1700134
4046	282.0899963
4047	282.0899963
4048	282.2200012
4049	282.2200012
4050	282.2399902
4051	282.2999878
4052	282.2000122
4053	282.1700134
4054	282.2000122
4055	282.1700134
4056	282.2000122
4057	282.1499939
4058	282.0899963
4059	282.0100098
4060	281.7799988
4061	281.6900024
4062	281.4400024
4063	281.3999939
4064	281.1700134
4065	281.0899963
4066	280.980011
4067	280.9200134
4068	280.9200134
4069	280.8599854
4070	280.7900085
4071	280.7099915
4072	280.7099915
4073	280.4400024
4074	280.2900085
4075	280.1000061
4076	279.5400085
4077	278.7000122
4078	277.6600037
4079	277.6600037
4080	275.7099915
4081	274.4599915
4082	273.9299927
4083	272.8500061
4084	272.1400146
4085	271.7200012
4086	271.6099854
4087	271.0899963
4088	271.0299988
4089	271.0700073
4090	271.2799988
4091	271.4500122
4092	271.5899963
4093	271.7600098
4094	272.1799927
4095	272.3699951
4096	272.6600037
4097	272.9299927
4098	273.0599976
4099	273.269989
4100	273.3699951
4101	273.6600037
4102	273.8500061
4103	274.0400085
4104	274.3099976
4105	274.3699951
4106	274.5
4107	274.5799866
4108	274.7099915
4109	274.9200134
4110	275.1099854
4111	275.1099854
4112	275.3399963
4113	275.5
4114	275.5400085
4115	275.6499939
4116	275.769989
4117	275.8399963
4118	275.8399963
4119	275.8999939
4120	275.9599915
4121	276.0299988
4122	276.1700134
4123	276.2099915
4124	276.2799988
4125	276.3399963
4126	276.3399963
4127	276.3200073
4128	276.3800049
4129	276.3999939
4130	276.4599915
4131	276.4599915
4132	276.5299988
4133	276.7200012
4134	276.6900024
4135	276.7999878
4136	276.8800049
4137	276.8800049
4138	276.8999939
4139	276.8800049
4140	276.8599854
4141	276.8800049
4142	276.8399963
4143	276.8399963
4144	276.8599854
4145	276.8999939
4146	276.9899902
4147	277.1099854
4148	277.1300049
4149	277.2200012
4150	277.2200012
4151	277.1499939
4152	277.1300049
4153	277.0899963
4154	277.1300049
4155	277.1099854
4156	277.1099854
4157	277.1300049
4158	277.2399902
4159	277.2999878
4160	277.3399963
4161	277.2799988
4162	277.1799927
4163	277.2600098
4164	277.2200012
4165	277.2200012
4166	277.2999878
4167	277.2000122
4168	277.2200012
4169	277.2999878
4170	277.3599854
4171	277.4500122
4172	277.5499878
4173	277.4700012
4174	277.4700012
4175	277.4100037
4176	277.4500122
4177	277.4299927
4178	277.4100037
4179	277.3200073
4180	277.3399963
4181	277.3399963
4182	277.3399963
4183	277.2999878
4184	277.3399963
4185	277.3599854
4186	277.3399963
4187	277.2799988
4188	277.2799988
4189	277.2799988
4190	277.3200073
4191	277.3200073
4192	277.3200073
4193	277.3599854
4194	277.2999878
4195	277.3599854
4196	277.3599854
4197	277.3900146
4198	277.4700012
4199	277.4500122
4200	277.4500122
4201	277.4100037
4202	277.3599854
4203	277.3900146
4204	277.3900146
4205	277.3599854
4206	277.4100037
4207	277.3900146
4208	277.4299927
4209	277.4700012
4210	277.5299988
4211	277.4500122
4212	277.4500122
4213	277.3399963
4214	277.3399963
4215	277.4100037
4216	277.3900146
4217	277.3599854
4218	277.4100037
4219	277.3900146
4220	277.4299927
4221	277.4299927
4222	277.3200073
4223	277.4100037
4224	277.4500122
4225	277.4899902
4226	277.5700073
4227	277.5299988
4228	277.5299988
4229	277.4899902
4230	277.4899902
4231	277.4700012
4232	277.4500122
4233	277.5100098
4234	277.5100098
4235	277.4899902
4236	277.5100098
4237	277.5499878
4238	277.3900146
4239	277.3599854
4240	277.2999878
4241	277.2399902
4242	277.2999878
4243	277.3200073
4244	277.3900146
4245	277.4100037
4246	277.4899902
4247	277.5100098
4248	277.5299988
4249	277.5299988
4250	277.4700012
4251	277.4899902
4252	277.4500122
4253	277.4500122
4254	277.4899902
4255	277.4899902
4256	277.5299988
4257	277.5700073
4258	277.5499878
4259	277.5899963
4260	277.5899963
4261	277.4899902
4262	277.6199951
4263	277.5899963
4264	277.6400146
4265	277.6199951
4266	277.5899963
4267	277.5299988
4268	277.5299988
4269	277.5499878
4270	277.5100098
4271	277.4700012
4272	277.4899902
4273	277.5299988
4274	277.5700073
4275	277.5100098
4276	277.5299988
4277	277.5299988
4278	277.6600037
4279	277.6799927
4280	277.7000122
4281	277.7200012
4282	277.7200012
4283	277.7999878
4284	277.7799988
4285	277.7799988
4286	277.6799927
4287	277.7000122
4288	277.7000122
4289	277.7399902
4290	277.7200012
4291	277.7200012
4292	277.7200012
4293	277.6400146
4294	277.7200012
4295	277.7200012
4296	277.7000122
4297	277.6799927
4298	277.6799927
4299	277.6799927
4300	277.7399902
4301	277.7399902
4302	277.7399902
4303	277.7200012
4304	277.7000122
4305	277.7000122
4306	277.6799927
4307	277.7200012
4308	277.7000122
4309	277.6799927
4310	277.6799927
4311	277.7000122
4312	277.6600037
4313	277.6799927
4314	277.7399902
4315	277.7799988
4316	277.7799988
4317	277.7799988
4318	277.7600098
4319	277.6799927
4320	277.6799927
4321	277.6600037
4322	277.7000122
4323	277.7399902
4324	277.7399902
4325	277.7399902
4326	277.7799988
4327	277.7600098
4328	277.7600098
4329	277.7200012
4330	277.7000122
4331	277.7000122
4332	277.7000122
4333	277.7999878
4334	277.7600098
4335	277.7000122
4336	277.6799927
4337	277.6600037
4338	277.6799927
4339	277.6400146
4340	277.7600098
4341	277.7000122
4342	277.7000122
4343	277.6799927
4344	277.7000122
4345	277.6600037
4346	277.6799927
4347	277.6799927
4348	277.7000122
4349	277.7000122
4350	277.7000122
4351	277.7000122
4352	277.7999878
4353	277.7999878
4354	277.7799988
4355	277.7600098
4356	277.7600098
4357	278.0499878
4358	278.2000122
4359	278.3099976
4360	278.4500122
4361	278.6799927
4362	278.8699951
4363	278.8699951
4364	278.9299927
4365	279.0599976
4366	279.0599976
4367	279.2000122
4368	279.4100037
4369	279.6600037
4370	279.6600037
4371	280.0400085
4372	280.1199951
4373	280.25
4374	280.4400024
4375	280.5799866
4376	280.5799866
4377	280.6900024
4378	280.8599854
4379	280.9400024
4380	281.0400085
4381	281.1700134
4382	281.1700134
4383	281.230011
4384	281.25
4385	281.3599854
4386	281.4599915
4387	281.4400024
4388	281.5299988
4389	281.5899963
4390	281.5899963
4391	281.6700134
4392	281.6499939
4393	281.7600098
4394	281.7600098
4395	281.7600098
4396	281.8200073
4397	281.8200073
4398	281.7999878
4399	281.7999878
4400	281.8399963
4401	281.7999878
4402	281.7999878
4403	281.7799988
4404	281.8599854
4405	281.8800049
4406	281.9400024
4407	282.0100098
4408	281.9400024
4409	281.9599915
4410	281.9599915
4411	281.9599915
4412	281.9200134
4413	281.9200134
4414	281.9599915
4415	281.9599915
4416	282.0100098
4417	282.0899963
4418	282.0499878
4419	282.0700073
4420	282.1300049
4421	282.0899963
4422	282.0299988
4423	282.0700073
4424	282.0299988
4425	282.0499878
4426	282.0100098
4427	282.0299988
4428	282.0299988
4429	281.9599915
4430	281.9899902
4431	281.9599915
4432	281.9599915
4433	281.9599915
4434	281.9599915
4435	281.9400024
4436	282.0299988
4437	282.0499878
4438	282.1099854
4439	282.0499878
4440	282.0100098
4441	282.0100098
4442	281.9599915
4443	282.0700073
4444	282.0899963
4445	282.0700073
4446	282.0100098
4447	281.9899902
4448	281.9400024
4449	281.9599915
4450	281.9899902
4451	282.0299988
4452	282.0700073
4453	282.0700073
4454	282.1499939
4455	282.1700134
4456	282.0700073
4457	282.0899963
4458	282.0299988
4459	282.0100098
4460	282.0499878
4461	281.9899902
4462	281.9599915
4463	281.9899902
4464	282.0499878
4465	282.0499878
4466	282.0499878
4467	282.0299988
4468	281.9200134
4469	282.0100098
4470	282.0499878
4471	282.0899963
4472	282.0700073
4473	282.0700073
4474	282.0700073
4475	282.0499878
4476	282.0100098
4477	282.0499878
4478	282.1099854
4479	282.1099854
4480	282.0499878
4481	282.1099854
4482	282.0899963
4483	282.1700134
4484	282.0499878
4485	282.0700073
4486	282.0700073
4487	282.0899963
4488	282.1499939
4489	282.1700134
4490	282.1499939
4491	282.2000122
4492	282.2200012
4493	282.1700134
4494	282.2000122
4495	282.1300049
4496	282.1499939
4497	282.1499939
4498	282.0700073
4499	282.0899963
4500	282.0700073
4501	282.1099854
4502	282.1300049
4503	282.1499939
4504	282.0899963
4505	282.0899963
4506	282.1499939
4507	282.1700134
4508	282.1499939
4509	282.1499939
4510	282.0700073
4511	282.0100098
4512	282.0100098
4513	282.0700073
4514	282.1300049
4515	282.0899963
4516	282.1099854
4517	282.1099854
4518	282.1300049
4519	282.1300049
4520	282.1300049
4521	282.1099854
4522	282.1099854
4523	282.0100098
4524	282.0299988
4525	281.9599915
4526	281.9899902
4527	281.9599915
4528	281.9899902
4529	282.0100098
4530	282.0100098
4531	281.9899902
4532	281.8399963
4533	281.7600098
4534	281.5
4535	281.3200073
4536	281.1099854
4537	281.1099854
4538	280.8099976
4539	280.7099915
4540	280.6300049
4541	280.5
4542	280.519989
4543	280.4200134
4544	280.4200134
4545	280.4400024
4546	280.4599915
4547	280.3999939
4548	280.1900024
4549	279.8699951
4550	279.4599915
4551	279.4599915
4552	278.2600098
4553	277.3399963
4554	276.8999939
4555	275.75
4556	274.7099915
4557	274.2099915
4558	273.75
4559	272.7399902
4560	272.4500122
4561	272.1099854
4562	271.9299927
4563	271.8800049
4564	271.8399963
4565	271.8399963
4566	271.8800049
4567	272.0499878
4568	272.2799988
4569	272.5499878
4570	272.6600037
4571	272.8900146
4572	273.0100098
4573	273.2900085
4574	273.4500122
4575	273.6000061
4576	273.6000061
4577	273.8699951
4578	274.0599976
4579	274.1199951
4580	274.25
4581	274.4200134
4582	274.5599976
4583	274.5599976
4584	274.8099976
4585	274.8999939
4586	274.8800049
4587	274.9400024
4588	275.0799866
4589	275.1300049
4590	275.269989
4591	275.3099976
4592	275.3999939
4593	275.519989
4594	275.5899963
4595	275.730011
4596	275.7099915
4597	275.769989
4598	275.9400024
4599	275.8399963
4600	275.9200134
4601	276.0299988
4602	276.0899963
4603	276.1499939
4604	276.1499939
4605	276.2099915
4606	276.3399963
4607	276.2999878
4608	276.2999878
4609	276.3999939
4610	276.5100098
4611	276.4400024
4612	276.4599915
4613	276.4899902
4614	276.5499878
4615	276.5499878
4616	276.6499939
4617	276.6900024
4618	276.6900024
4619	276.7399902
4620	276.8399963
4621	276.7999878
4622	276.7999878
4623	276.8800049
4624	276.8599854
4625	276.8399963
4626	276.8200073
4627	276.8800049
4628	276.8800049
4629	276.9700012
4630	277.0299988
4631	277.0700073
4632	276.9899902
4633	277.0499878
4634	277.0299988
4635	277.0899963
4636	277.0700073
4637	277.0299988
4638	277.0100098
4639	277.0299988
4640	277.0700073
4641	277.1099854
4642	277.1499939
4643	277.1099854
4644	277.1499939
4645	277.0700073
4646	277.1499939
4647	277.1499939
4648	277.1300049
4649	277.2200012
4650	277.2000122
4651	277.1799927
4652	277.1799927
4653	277.2399902
4654	277.2399902
4655	277.2399902
4656	277.2999878
4657	277.2600098
4658	277.2600098
4659	277.2399902
4660	277.2799988
4661	277.2200012
4662	277.2600098
4663	277.2399902
4664	277.2799988
4665	277.2000122
4666	277.2799988
4667	277.2799988
4668	277.2999878
4669	277.3200073
4670	277.3399963
4671	277.3200073
4672	277.3599854
4673	277.2999878
4674	277.2799988
4675	277.3200073
4676	277.3399963
4677	277.2799988
4678	277.3399963
4679	277.3399963
4680	277.3599854
4681	277.3599854
4682	277.4299927
4683	277.4100037
4684	277.3900146
4685	277.4100037
4686	277.4100037
4687	277.4700012
4688	277.3900146
4689	277.3599854
4690	277.3900146
4691	277.3900146
4692	277.3599854
4693	277.3599854
4694	277.3599854
4695	277.3599854
4696	277.3900146
4697	277.3399963
4698	277.3200073
4699	277.3599854
4700	277.3200073
4701	277.2799988
4702	277.3200073
4703	277.2799988
4704	277.3200073
4705	277.3900146
4706	277.3200073
4707	277.2799988
4708	277.3900146
4709	277.4100037
4710	277.3200073
4711	277.3200073
4712	277.2600098
4713	277.2999878
4714	277.4100037
4715	277.2799988
4716	277.4100037
4717	277.4500122
4718	277.4500122
4719	277.4299927
4720	277.3399963
4721	277.3599854
4722	277.3399963
4723	277.3599854
4724	277.3900146
4725	277.3900146
4726	277.4700012
4727	277.4700012
4728	277.4299927
4729	277.4500122
4730	277.4500122
4731	277.4700012
4732	277.4700012
4733	277.4700012
4734	277.4500122
4735	277.5299988
4736	277.4899902
4737	277.5700073
4738	277.5299988
4739	277.5499878
4740	277.5299988
4741	277.5299988
4742	277.5899963
4743	277.5100098
4744	277.5700073
4745	277.4899902
4746	277.5100098
4747	277.5299988
4748	277.4299927
4749	277.4700012
4750	277.4299927
4751	277.4299927
4752	277.4500122
4753	277.4700012
4754	277.4500122
4755	277.4299927
4756	277.5100098
4757	277.5100098
4758	277.5499878
4759	277.5299988
4760	277.5899963
4761	277.5499878
4762	277.5899963
4763	277.5700073
4764	277.5700073
4765	277.6400146
4766	277.5899963
4767	277.5700073
4768	277.5299988
4769	277.6400146
4770	277.5700073
4771	277.5899963
4772	277.5899963
4773	277.5299988
4774	277.5899963
4775	277.6400146
4776	277.6400146
4777	277.6799927
4778	277.6199951
4779	277.6400146
4780	277.6199951
4781	277.5899963
4782	277.5899963
4783	277.6400146
4784	277.6799927
4785	277.6400146
4786	277.6199951
4787	277.5700073
4788	277.6199951
4789	277.6199951
4790	277.4899902
4791	277.5299988
4792	277.4899902
4793	277.4899902
4794	277.5100098
4795	277.4299927
4796	277.4299927
4797	277.4700012
4798	277.4700012
4799	277.4700012
4800	277.4299927
4801	277.4700012
4802	277.4100037
4803	277.4100037
4804	277.4100037
4805	277.3900146
4806	277.3900146
4807	277.4500122
4808	277.5299988
4809	277.4899902
4810	277.5100098
4811	277.5100098
4812	277.5299988
4813	277.5700073
4814	277.5899963
4815	277.5499878
4816	277.6199951
4817	277.6400146
4818	277.5700073
4819	277.5700073
4820	277.5499878
4821	277.5499878
4822	277.5100098
4823	277.4899902
4824	277.4899902
4825	277.5299988
4826	277.6199951
4827	277.5499878
4828	277.5499878
4829	277.6400146
4830	277.9299927
4831	278.0299988
4832	278.2600098
4833	278.4700012
4834	278.5799866
4835	278.5799866
4836	278.8299866
4837	278.9100037
4838	278.9500122
4839	279.0599976
4840	279.1600037
4841	279.2000122
4842	279.3299866
4843	279.6000061
4844	279.75
4845	279.7900085
4846	279.9400024
4847	280.0400085
4848	280.2099915
4849	280.25
4850	280.519989
4851	280.5799866
4852	280.6900024
4853	280.769989
4854	280.75
4855	280.8800049
4856	280.9400024
4857	280.980011
4858	281.019989
4859	281.0899963
4860	281.0899963
4861	281.1099854
4862	281.25
4863	281.2999878
4864	281.3399963
4865	281.4400024
4866	281.4200134
4867	281.4200134
4868	281.4400024
4869	281.5
4870	281.5700073
4871	281.5700073
4872	281.6700134
4873	281.6700134
4874	281.6700134
4875	281.6900024
4876	281.6700134
4877	281.6900024
4878	281.5899963
4879	281.5899963
4880	281.6300049
4881	281.6700134
4882	281.6300049
4883	281.6300049
4884	281.6099854
4885	281.6300049
4886	281.7099915
4887	281.730011
4888	281.7999878
4889	281.730011
4890	281.6700134
4891	281.7099915
4892	281.730011
4893	281.730011
4894	281.7600098
4895	281.7600098
4896	281.730011
4897	281.6900024
4898	281.7099915
4899	281.7099915
4900	281.6300049
4901	281.6499939
4902	281.6300049
4903	281.7600098
4904	281.7799988
4905	281.8399963
4906	281.8399963
4907	281.7999878
4908	281.8599854
4909	281.8399963
4910	281.7999878
4911	281.7799988
4912	281.730011
4913	281.7999878
4914	281.8200073
4915	281.8200073
4916	281.8200073
4917	281.8399963
4918	281.9200134
4919	281.8399963
4920	281.9200134
4921	281.9400024
4922	281.9200134
4923	281.8999939
4924	281.9200134
4925	281.9200134
4926	281.8999939
4927	281.8999939
4928	281.8800049
4929	281.8800049
4930	281.8399963
4931	281.8399963
4932	281.9899902
4933	282.0100098
4934	281.9599915
4935	281.9899902
4936	282.0100098
4937	282.0299988
4938	282.0299988
4939	282.0299988
4940	282.0100098
4941	282.0700073
4942	282.0700073
4943	281.9599915
4944	282.0100098
4945	282.0100098
4946	282.0499878
4947	282.0899963
4948	282.0700073
4949	282.1099854
4950	282.0700073
4951	282.0100098
4952	281.9200134
4953	282.0100098
4954	281.9400024
4955	281.9200134
4956	281.9400024
4957	281.9200134
4958	281.9599915
4959	281.9899902
4960	282.0100098
4961	282.0299988
4962	282.0299988
4963	281.9899902
4964	281.9400024
4965	281.9599915
4966	282.0100098
4967	282.0100098
4968	282.0100098
4969	282.0100098
4970	282.0100098
4971	282.0100098
4972	282.0299988
4973	281.9899902
4974	281.9400024
4975	281.9400024
4976	281.9599915
4977	281.9599915
4978	281.9200134
4979	281.8999939
4980	281.9200134
4981	281.9200134
4982	281.8999939
4983	281.9899902
4984	281.9899902
4985	281.8999939
4986	281.8999939
4987	281.7999878
4988	281.7999878
4989	281.730011
4990	281.7999878
4991	281.8599854
4992	281.7999878
4993	281.8399963
4994	281.8399963
4995	281.8399963
4996	281.8599854
4997	281.8999939
4998	281.9200134
4999	281.9200134
5000	281.8599854
5001	281.8800049
5002	281.8599854
5003	281.7999878
5004	281.7999878
5005	281.7999878
5006	281.6499939
5007	281.3999939
5008	281.269989
5009	281.269989
5010	280.9400024
5011	280.6900024
5012	280.6900024
5013	280.6300049
5014	280.5599976
5015	280.519989
5016	280.519989
5017	280.3999939
5018	280.3800049
5019	280.3299866
5020	280.1199951
5021	279.980011
5022	279.9200134
5023	279.769989
5024	279
5025	278.6799927
5026	277.9500122
5027	276.9700012
5028	276.0499878
5029	275.480011
5030	275
5031	273.6400146
5032	273.2000122
5033	272.6199951
5034	272.1099854
5035	271.9700012
5036	271.7200012
5037	271.6099854
5038	271.5499878
5039	271.5899963
5040	271.7000122
5041	271.7000122
5042	271.9299927
5043	272.1799927
5044	272.2600098
5045	272.5499878
5046	272.8299866
5047	273.0799866
5048	273.0799866
5049	273.4700012
5050	273.75
5051	273.9100037
5052	274.1000061
5053	274.269989
5054	274.5
5055	274.5
5056	274.6700134
5057	274.8800049
5058	274.8800049
5059	275.0400085
5060	275.1700134
5061	275.230011
5062	275.25
5063	275.5400085
5064	275.6099854
5065	275.730011
5066	275.8800049
5067	275.8999939
5068	275.9599915
5069	275.9599915
5070	276.1499939
5071	276.1099854
5072	276.2600098
5073	276.2600098
5074	276.3599854
5075	276.3800049
5076	276.3999939
5077	276.4400024
5078	276.4899902
5079	276.5499878
5080	276.5499878
5081	276.6300049
5082	276.6900024
5083	276.7200012
5084	276.7200012
5085	276.6700134
5086	276.7200012
5087	276.7200012
5088	276.7799988
5089	276.8399963
5090	276.7999878
5091	276.9200134
5092	276.8599854
5093	276.8200073
5094	276.8599854
5095	276.8399963
5096	276.8599854
5097	276.8399963
5098	276.9700012
5099	276.9700012
5100	276.9899902
5101	277.0100098
5102	277.0499878
5103	277.0899963
5104	277.0899963
5105	277.1099854
5106	277.0899963
5107	277.1499939
5108	277.1799927
5109	277.1499939
5110	277.2399902
5111	277.2399902
5112	277.2399902
5113	277.2399902
5114	277.2399902
5115	277.2000122
5116	277.2000122
5117	277.2000122
5118	277.2000122
5119	277.2000122
5120	277.2799988
5121	277.3200073
5122	277.2799988
5123	277.2799988
5124	277.3200073
5125	277.3399963
5126	277.3399963
5127	277.4299927
5128	277.4700012
5129	277.4100037
5130	277.4500122
5131	277.4299927
5132	277.4100037
5133	277.3900146
5134	277.4100037
5135	277.4100037
5136	277.4500122
5137	277.4700012
5138	277.4100037
5139	277.4100037
5140	277.4100037
5141	277.3200073
5142	277.2999878
5143	277.3599854
5144	277.3900146
5145	277.3900146
5146	277.4299927
5147	277.4299927
5148	277.3399963
5149	277.3599854
5150	277.3599854
5151	277.3599854
5152	277.2999878
5153	277.2600098
5154	277.2600098
5155	277.2799988
5156	277.3399963
5157	277.3900146
5158	277.3900146
5159	277.3900146
5160	277.4100037
5161	277.3900146
5162	277.3399963
5163	277.3399963
5164	277.4100037
5165	277.4100037
5166	277.3900146
5167	277.4100037
5168	277.4500122
5169	277.4299927
5170	277.4500122
5171	277.4100037
5172	277.4500122
5173	277.5100098
5174	277.4899902
5175	277.5499878
5176	277.5100098
5177	277.5100098
5178	277.5299988
5179	277.5299988
5180	277.4899902
5181	277.4899902
5182	277.4899902
5183	277.4700012
5184	277.4500122
5185	277.4100037
5186	277.4500122
5187	277.4500122
5188	277.5499878
5189	277.5499878
5190	277.5499878
5191	277.4899902
5192	277.4700012
5193	277.5299988
5194	277.4899902
5195	277.4299927
5196	277.4299927
5197	277.4299927
5198	277.4700012
5199	277.4500122
5200	277.4899902
5201	277.4500122
5202	277.5299988
5203	277.4700012
5204	277.4700012
5205	277.5299988
5206	277.5700073
5207	277.5899963
5208	277.5499878
5209	277.5899963
5210	277.5499878
5211	277.5499878
5212	277.6199951
5213	277.6799927
5214	277.6600037
5215	277.5499878
5216	277.5700073
5217	277.5299988
5218	277.5100098
5219	277.5299988
5220	277.5299988
5221	277.5499878
5222	277.5499878
5223	277.6199951
5224	277.5100098
5225	277.5700073
5226	277.5299988
5227	277.5499878
5228	277.5100098
5229	277.5100098
5230	277.5299988
5231	277.5700073
5232	277.5899963
5233	277.5899963
5234	277.5700073
5235	277.5499878
5236	277.6199951
5237	277.6199951
5238	277.6199951
5239	277.5700073
5240	277.5899963
5241	277.5700073
5242	277.5499878
5243	277.6400146
5244	277.6199951
5245	277.6199951
5246	277.6199951
5247	277.6400146
5248	277.5899963
5249	277.6199951
5250	277.5899963
5251	277.5899963
5252	277.5499878
5253	277.5700073
5254	277.6199951
5255	277.5700073
5256	277.5299988
5257	277.5299988
5258	277.5100098
5259	277.5499878
5260	277.6199951
5261	277.6199951
5262	277.6400146
5263	277.5899963
5264	277.5700073
5265	277.5700073
5266	277.5499878
5267	277.5499878
5268	277.5499878
5269	277.5100098
5270	277.4899902
5271	277.4500122
5272	277.4899902
5273	277.4299927
5274	277.4299927
5275	277.4899902
5276	277.5499878
5277	277.5100098
5278	277.5299988
5279	277.5899963
5280	277.5299988
5281	277.4500122
5282	277.4500122
5283	277.5499878
5284	277.5700073
5285	277.5899963
5286	277.6199951
5287	277.5700073
5288	277.5100098
5289	277.5899963
5290	277.5899963
5291	277.5100098
5292	277.5700073
5293	277.5700073
5294	277.5700073
5295	277.5899963
5296	277.5499878
5297	277.5299988
5298	277.5499878
5299	277.5499878
5300	277.5499878
5301	277.5700073
5302	277.6400146
5303	277.7799988
5304	277.8900146
5305	278.0499878
5306	278.2399902
5307	278.2399902
5308	278.4899902
5309	278.5799866
5310	278.6400146
5311	278.7200012
5312	278.8299866
5313	278.9100037
5314	279.019989
5315	279.2900085
5316	279.4100037
5317	279.6000061
5318	279.730011
5319	279.8299866
5320	280.0599976
5321	280.0799866
5322	280.2900085
5323	280.3800049
5324	280.480011
5325	280.6099854
5326	280.6499939
5327	280.75
5328	280.7900085
5329	280.8399963
5330	280.9599915
5331	281.019989
5332	281.019989
5333	281.1099854
5334	281.0899963
5335	281.1499939
5336	281.1300049
5337	281.230011
5338	281.25
5339	281.25
5340	281.3599854
5341	281.3599854
5342	281.3599854
5343	281.3599854
5344	281.4200134
5345	281.5299988
5346	281.5
5347	281.480011
5348	281.5299988
5349	281.480011
5350	281.4599915
5351	281.4200134
5352	281.4400024
5353	281.4599915
5354	281.4599915
5355	281.5499878
5356	281.5700073
5357	281.4599915
5358	281.480011
5359	281.5499878
5360	281.5899963
5361	281.5700073
5362	281.5700073
5363	281.5499878
5364	281.5499878
5365	281.6300049
5366	281.5499878
5367	281.5499878
5368	281.5299988
5369	281.5
5370	281.6099854
5371	281.6099854
5372	281.6900024
5373	281.7600098
5374	281.7099915
5375	281.6700134
5376	281.6099854
5377	281.7099915
5378	281.7099915
5379	281.6900024
5380	281.7600098
5381	281.7799988
5382	281.7999878
5383	281.7999878
5384	281.8200073
5385	281.7099915
5386	281.7799988
5387	281.7999878
5388	281.7999878
5389	281.8399963
5390	281.7999878
5391	281.7600098
5392	281.7999878
5393	281.7999878
5394	281.7999878
5395	281.8599854
5396	281.8399963
5397	281.8800049
5398	281.8599854
5399	281.7799988
5400	281.8200073
5401	281.8599854
5402	281.8800049
5403	281.8800049
5404	281.8999939
5405	281.8800049
5406	281.8800049
5407	281.8599854
5408	281.8999939
5409	281.9599915
5410	281.9599915
5411	281.9200134
5412	281.8800049
5413	281.8800049
5414	281.8599854
5415	281.8399963
5416	281.8399963
5417	281.8599854
5418	281.8200073
5419	281.8599854
5420	281.8800049
5421	281.9599915
5422	281.9899902
5423	282.0299988
5424	282.0499878
5425	282.1300049
5426	282.0899963
5427	282.0700073
5428	282.0299988
5429	281.9899902
5430	282.0299988
5431	281.9599915
5432	281.9400024
5433	281.9899902
5434	281.9899902
5435	282.0299988
5436	282.0499878
5437	282.0899963
5438	282.0299988
5439	282.0299988
5440	281.9899902
5441	281.9200134
5442	281.9200134
5443	281.9200134
5444	281.9599915
5445	281.9200134
5446	281.9200134
5447	281.9599915
5448	282.0100098
5449	282.0100098
5450	281.8800049
5451	281.9200134
5452	281.9200134
5453	281.9899902
5454	281.9400024
5455	281.9899902
5456	281.9200134
5457	281.9899902
5458	281.9599915
5459	282.0100098
5460	281.9599915
5461	281.9400024
5462	281.9599915
5463	281.9899902
5464	281.9899902
5465	281.8999939
5466	281.8399963
5467	281.8999939
5468	281.8800049
5469	281.8599854
5470	281.8800049
5471	281.9200134
5472	281.8599854
5473	281.8599854
5474	281.8599854
5475	281.8599854
5476	281.8999939
5477	281.9200134
5478	281.8999939
5479	281.6700134
5480	281.4599915
5481	281.4599915
5482	281.1900024
5483	280.9400024
5484	280.8800049
5485	280.730011
5486	280.6900024
5487	280.6099854
5488	280.519989
5489	280.5
5490	280.4200134
5491	280.3500061
5492	280.2900085
5493	280.25
5494	280.269989
5495	280.1700134
5496	279.480011
5497	279.2000122
5498	278.5100098
5499	277.7000122
5500	277.2000122
5501	276.2600098
5502	275.7999878
5503	274.8500061
5504	274.0599976
5505	273.3299866
5506	272.8099976
5507	272.6000061
5508	272.2999878
5509	272.2000122
5510	271.9899902
5511	271.9500122
5512	271.9700012
5513	271.9700012
5514	272.1600037
5515	272.3699951
5516	272.4899902
5517	272.7799988
5518	273.1000061
5519	273.2399902
5520	273.2399902
5521	273.5
5522	273.6400146
5523	273.769989
5524	273.8699951
5525	273.980011
5526	274.0400085
5527	274.0599976
5528	274.4400024
5529	274.5400085
5530	274.6900024
5531	274.8500061
5532	275.0400085
5533	275.1499939
5534	275.25
5535	275.4400024
5536	275.519989
5537	275.5899963
5538	275.6900024
5539	275.6900024
5540	275.769989
5541	275.8999939
5542	276
5543	276.1099854
5544	276.2099915
5545	276.2099915
5546	276.2799988
5547	276.2999878
5548	276.2600098
5549	276.2799988
5550	276.3599854
5551	276.4200134
5552	276.4200134
5553	276.3999939
5554	276.4200134
5555	276.4899902
5556	276.5499878
5557	276.6300049
5558	276.6499939
5559	276.6499939
5560	276.7399902
5561	276.7200012
5562	276.7399902
5563	276.6900024
5564	276.7200012
5565	276.6300049
5566	276.6900024
5567	276.7399902
5568	276.7999878
5569	276.7799988
5570	276.7999878
5571	276.8200073
5572	276.9200134
5573	276.9200134
5574	276.9700012
5575	276.9899902
5576	277.0899963
5577	277.1300049
5578	277.2200012
5579	277.1499939
5580	277.2000122
5581	277.2600098
5582	277.2000122
5583	277.1300049
5584	277.1300049
5585	277.1300049
5586	277.1300049
5587	277.0499878
5588	277.1499939
5589	277.2000122
5590	277.1799927
5591	277.1799927
5592	277.1799927
5593	277.1300049
5594	277.1799927
5595	277.2200012
5596	277.2399902
5597	277.1799927
5598	277.2000122
5599	277.2600098
5600	277.1799927
5601	277.1499939
5602	277.1300049
5603	277.1499939
5604	277.2000122
5605	277.2399902
5606	277.2999878
5607	277.3599854
5608	277.4700012
5609	277.4500122
5610	277.4500122
5611	277.5100098
5612	277.4899902
5613	277.5899963
5614	277.6799927
5615	277.6199951
5616	277.6199951
5617	277.5899963
5618	277.6199951
5619	277.6199951
5620	277.5700073
5621	277.5899963
5622	277.6400146
5623	277.6400146
5624	277.6199951
5625	277.5299988
5626	277.4700012
5627	277.5100098
5628	277.4899902
5629	277.4899902
5630	277.4899902
5631	277.4899902
5632	277.4299927
5633	277.4700012
5634	277.4700012
5635	277.5100098
5636	277.5299988
5637	277.5700073
5638	277.5499878
5639	277.5899963
5640	277.6199951
5641	277.6799927
5642	277.6600037
5643	277.6600037
5644	277.6600037
5645	277.6400146
5646	277.6400146
5647	277.6199951
5648	277.6400146
5649	277.6400146
5650	277.6600037
5651	277.5899963
5652	277.5899963
5653	277.5899963
5654	277.6400146
5655	277.6400146
5656	277.5899963
5657	277.6199951
5658	277.5700073
5659	277.5700073
5660	277.5899963
5661	277.5499878
5662	277.5499878
5663	277.4899902
5664	277.4700012
5665	277.4899902
5666	277.4500122
5667	277.4299927
5668	277.4700012
5669	277.4500122
5670	277.3599854
5671	277.4100037
5672	277.4299927
5673	277.3599854
5674	277.3200073
5675	277.3900146
5676	277.3900146
5677	277.4100037
5678	277.4899902
5679	277.4299927
5680	277.4100037
5681	277.3599854
5682	277.3200073
5683	277.3900146
5684	277.3599854
5685	277.3599854
5686	277.4500122
5687	277.4500122
5688	277.4500122
5689	277.4899902
5690	277.4100037
5691	277.4500122
5692	277.3599854
5693	277.4299927
5694	277.4299927
5695	277.4100037
5696	277.4500122
5697	277.4700012
5698	277.4700012
5699	277.4700012
5700	277.4500122
5701	277.4500122
5702	277.4700012
5703	277.4700012
5704	277.5100098
5705	277.4899902
5706	277.5100098
5707	277.4899902
5708	277.5499878
5709	277.5299988
5710	277.5499878