1	278.81
2	278.85
3	278.93
4	278.93
5	279
6	279.12
7	279
8	279.02
9	279.12
10	279.18
11	279.18
12	279.31
13	279.27
14	279.23
15	279.33
16	279.35
17	279.31
18	279.33
19	279.25
20	279.33
21	279.37
22	279.43
23	279.48
24	279.52
25	279.52
26	279.39
27	279.33
28	279.31
29	279.23
30	279.16
31	279.18
32	279.23
33	279.48
34	279.58
35	279.75
36	279.75
37	279.71
38	279.62
39	279.56
40	279.62
41	279.62
42	279.64
43	279.64
44	279.71
45	279.69
46	279.69
47	279.75
48	279.71
49	279.64
50	279.64
51	279.66
52	279.6
53	279.66
54	279.69
55	279.69
56	279.66
57	279.64
58	279.64
59	279.56
60	279.62
61	279.56
62	279.58
63	279.5
64	279.48
65	279.46
66	279.37
67	279.35
68	279.33
69	279.27
70	279.27
71	279.2
72	279.18
73	279.16
74	279.1
75	279.1
76	279.02
77	278.97
78	278.95
79	278.95
80	278.95
81	278.93
82	278.93
83	279
84	278.91
85	278.97
86	278.97
87	278.93
88	278.95
89	279
90	279.04
91	279
92	279.08
93	279.02
94	279.1
95	279.06
96	279.02
97	279.1
98	279.02
99	279.02
100	279.02
101	279.06
102	279.1
103	279.1
104	278.97
105	279.04
106	279.06
107	279.06
108	279
109	278.93
110	279
111	279
112	278.95
113	278.89
114	278.89
115	278.93
116	278.93
117	278.89
118	279.06
119	279
120	279
121	279
122	278.89
123	278.93
124	278.95
125	278.93
126	278.95
127	278.97
128	278.97
129	279.02
130	279.02
131	279
132	279.02
133	279
134	278.97
135	278.95
136	278.95
137	278.93
138	279.04
139	279.04
140	278.97
141	278.97
142	279.02
143	279.06
144	279.02
145	279
146	279
147	279
148	279.04
149	279.04
150	279.08
151	279.06
152	279.1
153	279.1
154	279.08
155	279.04
156	279.08
157	279.04
158	279.1
159	279.04
160	279.06
161	279.1
162	279.08
163	279.12
164	279.1
165	279.16
166	279.12
167	279.14
168	279.14
169	279.12
170	279.16
171	279
172	279.08
173	279
174	278.97
175	278.95
176	279
177	279.08
178	279.08
179	279.04
180	279.06
181	279.06
182	279.12
183	279.04
184	279.02
185	279.02
186	279.08
187	279.06
188	279.06
189	279.08
190	279.1
191	279.08
192	279.08
193	279.12
194	279.16
195	279.12
196	279.16
197	279.12
198	279.16
199	279.18
200	279.18
201	279.2
202	279.23
203	279.16
204	279.2
205	279.16
206	279.1
207	279.18
208	279.2
209	279.18
210	279.1
211	279.14
212	279.1
213	279.12
214	279.18
215	279.16
216	279.12
217	279.12
218	279.12
219	279.12
220	279.08
221	279.08
222	279.04
223	279.04
224	279.04
225	279.04
226	279.06
227	279.04
228	279.08
229	279.06
230	279.06
231	279.02
232	279
233	279
234	279.02
235	279.1
236	279.08
237	279.1
238	279.23
239	279.33
240	279.37
241	279.33
242	279.31
243	279.33
244	279.31
245	279.41
246	279.46
247	279.58
248	279.66
249	279.66
250	279.98
251	280.17
252	280.27
253	280.33
254	280.48
255	280.58
256	280.58
257	280.67
258	280.69
259	280.65
260	280.71
261	280.67
262	280.71
263	280.71
264	280.86
265	280.79
266	280.9
267	280.81
268	280.84
269	280.88
270	280.9
271	281
272	281.02
273	281.09
274	281.07
275	281.02
276	281.11
277	281.15
278	281.15
279	281.17
280	281.23
281	281.17
282	281.09
283	281.13
284	281.02
285	281.09
286	281.11
287	281.11
288	281.11
289	281.25
290	281.25
291	281.27
292	281.3
293	281.23
294	281.25
295	281.25
296	281.32
297	281.3
298	281.32
299	281.27
300	281.3
301	281.25
302	281.25
303	281.27
304	281.13
305	281.15
306	281.3
307	281.23
308	281.36
309	281.27
310	281.25
311	281.3
312	281.38
313	281.32
314	281.34
315	281.34
316	281.38
317	281.36
318	281.4
319	281.4
320	281.38
321	281.36
322	281.38
323	281.36
324	281.34
325	281.38
326	281.3
327	281.3
328	281.38
329	281.36
330	281.32
331	281.27
332	281.34
333	281.34
334	281.34
335	281.32
336	281.34
337	281.3
338	281.3
339	281.34
340	281.4
341	281.27
342	281.27
343	281.27
344	281.3
345	281.23
346	281.19
347	281.25
348	281.23
349	281.25
350	281.23
351	281.3
352	281.36
353	281.34
354	281.34
355	281.32
356	281.23
357	281.3
358	281.32
359	281.32
360	281.25
361	281.3
362	281.25
363	281.32
364	281.36
365	281.4
366	281.4
367	281.42
368	281.4
369	281.4
370	281.42
371	281.32
372	281.21
373	281.21
374	281.27
375	281.3
376	281.3
377	281.32
378	281.32
379	281.3
380	281.3
381	281.32
382	281.34
383	281.4
384	281.38
385	281.4
386	281.38
387	281.34
388	281.32
389	281.3
390	281.25
391	281.27
392	281.3
393	281.36
394	281.3
395	281.36
396	281.32
397	281.3
398	281.3
399	281.4
400	281.34
401	281.3
402	281.27
403	281.23
404	281.17
405	281.17
406	281.3
407	281.34
408	281.34
409	281.32
410	281.34
411	281.34
412	281.42
413	281.36
414	281.21
415	281.3
416	281.3
417	281.27
418	281.21
419	281.15
420	281.04
421	281.04
422	281
423	280.98
424	281.02
425	281
426	280.94
427	280.71
428	280.42
429	280.23
430	280.23
431	279.33
432	278.26
433	277.64
434	276.49
435	275.61
436	274.85
437	274.85
438	274.12
439	273.91
440	273.83
441	273.81
442	274.06
443	274.19
444	274.19
445	274.48
446	274.73
447	274.75
448	275.15
449	275.38
450	275.52
451	275.69
452	276.05
453	276.15
454	276.32
455	276.55
456	276.63
457	276.78
458	276.82
459	277.07
460	277.09
461	277.26
462	277.36
463	277.39
464	277.49
465	277.51
466	277.76
467	277.7
468	277.89
469	277.89
470	277.99
471	278.05
472	278.03
473	278.14
474	278.2
475	278.22
476	278.22
477	278.26
478	278.26
479	278.24
480	278.24
481	278.22
482	278.31
483	278.33
484	278.39
485	278.43
486	278.41
487	278.43
488	278.49
489	278.51
490	278.49
491	278.51
492	278.58
493	278.62
494	278.6
495	278.6
496	278.66
497	278.64
498	278.68
499	278.66
500	278.7
501	278.7
502	278.66
503	278.77
504	278.7
505	278.81
506	278.79
507	278.81
508	278.81
509	278.79
510	278.77
511	278.79
512	278.83
513	278.77
514	278.74
515	278.74
516	278.77
517	278.72
518	278.68
519	278.68
520	278.74
521	278.77
522	278.81
523	278.85
524	278.85
525	278.85
526	278.79
527	278.79
528	278.77
529	278.81
530	278.87
531	278.83
532	278.83
533	278.81
534	278.77
535	278.79
536	278.81
537	278.74
538	278.81
539	278.74
540	278.74
541	278.85
542	278.81
543	278.87
544	278.77
545	278.81
546	278.81
547	278.81
548	278.79
549	278.81
550	278.85
551	278.85
552	278.87
553	278.95
554	278.93
555	278.95
556	278.81
557	278.89
558	278.89
559	278.89
560	278.93
561	278.93
562	279.02
563	278.97
564	278.97
565	278.95
566	278.95
567	279.04
568	279
569	278.93
570	278.87
571	278.87
572	278.93
573	278.87
574	278.87
575	278.83
576	278.79
577	278.83
578	278.89
579	278.89
580	278.87
581	278.95
582	278.91
583	278.93
584	279
585	279.08
586	279.08
587	279.02
588	279.04
589	279.08
590	279.02
591	279.02
592	278.97
593	278.95
594	278.95
595	278.91
596	278.95
597	278.95
598	279
599	278.87
600	278.95
601	279
602	278.87
603	278.93
604	279
605	279.04
606	279
607	279.02
608	278.93
609	278.91
610	278.95
611	278.95
612	278.89
613	278.85
614	278.83
615	278.89
616	278.89
617	278.87
618	278.87
619	278.87
620	278.93
621	278.93
622	278.91
623	278.89
624	278.83
625	278.83
626	278.85
627	278.85
628	278.85
629	278.89
630	278.89
631	278.83
632	278.87
633	278.85
634	278.87
635	278.87
636	278.85
637	278.87
638	278.83
639	278.83
640	278.87
641	278.83
642	278.77
643	278.85
644	278.83
645	278.81
646	278.81
647	278.77
648	278.79
649	278.79
650	278.79
651	278.77
652	278.79
653	278.83
654	278.89
655	278.95
656	278.85
657	278.85
658	278.93
659	278.91
660	278.89
661	278.87
662	278.91
663	278.91
664	278.91
665	278.83
666	278.87
667	278.89
668	278.93
669	278.85
670	278.83
671	278.83
672	278.83
673	278.85
674	278.87
675	278.93
676	278.89
677	278.91
678	278.91
679	278.87
680	278.97
681	278.91
682	278.91
683	279
684	278.95
685	278.95
686	279.04
687	279.02
688	279.02
689	279.02
690	278.93
691	278.95
692	278.95
693	278.97
694	278.95
695	278.95
696	278.95
697	278.97
698	279.02
699	279.04
700	278.97
701	278.89
702	278.91
703	278.85
704	278.95
705	278.95
706	278.93
707	278.97
708	278.93
709	278.93
710	278.85
711	279.23
712	279.29
713	279.27
714	279.25
715	279.23
716	279.27
717	279.27
718	279.27
719	279.41
720	279.54
721	279.54
722	279.64
723	279.75
724	279.94
725	280.04
726	280.08
727	280.15
728	280.15
729	280.21
730	280.31
731	280.35
732	280.48
733	280.61
734	280.67
735	280.71
736	280.75
737	280.81
738	280.73
739	280.73
740	280.79
741	280.75
742	280.77
743	280.92
744	280.88
745	280.94
746	280.86
747	280.94
748	281
749	280.98
750	281
751	280.92
752	280.9
753	280.9
754	280.94
755	280.96
756	280.94
757	281.02
758	280.98
759	280.88
760	280.88
761	281.07
762	281.09
763	281.15
764	281.09
765	281
766	281.17
767	281.17
768	281.17
769	281.13
770	281.09
771	281.07
772	281.09
773	281.09
774	281.09
775	281.07
776	281.02
777	281.07
778	281.07
779	281.09
780	281.13
781	281.09
782	281.07
783	281
784	281.09
785	281.15
786	281.21
787	281.19
788	281.13
789	281.17
790	281.04
791	281.07
792	281.07
793	281.09
794	281.23
795	281.21
796	281.23
797	281.13
798	281.11
799	281.11
800	281.07
801	281.02
802	281.02
803	281.07
804	281.13
805	281.13
806	281.15
807	281.17
808	281.21
809	281.17
810	281.15
811	281.09
812	281.09
813	281.13
814	281.19
815	281.19
816	281.25
817	281.21
818	281.19
819	281.19
820	281.3
821	281.3
822	281.32
823	281.32
824	281.3
825	281.32
826	281.32
827	281.34
828	281.32
829	281.27
830	281.23
831	281.23
832	281.13
833	281.13
834	281.15
835	281.17
836	281.21
837	281.13
838	281.13
839	281.15
840	281.15
841	281.13
842	281.21
843	281.19
844	281.23
845	281.21
846	281.23
847	281.19
848	281.19
849	281.23
850	281.19
851	281.25
852	281.23
853	281.21
854	281.17
855	281.15
856	281.19
857	281.21
858	281.19
859	281.15
860	281.19
861	281.15
862	281.15
863	281.15
864	281.07
865	281.11
866	281.11
867	281.19
868	281.13
869	281.13
870	281.13
871	281.13
872	281.13
873	281.13
874	281.07
875	281.13
876	281.07
877	281.07
878	281.11
879	281.11
880	281.11
881	281.13
882	281.19
883	281.11
884	281.13
885	281.17
886	281.15
887	280.86
888	281
889	281.02
890	281.09
891	281
892	280.94
893	281.02
894	280.96
895	280.96
896	280.92
897	280.92
898	280.86
899	280.9
900	280.77
901	280.56
902	280.56
903	279.66
904	278.87
905	278.35
906	277.34
907	276.44
908	275.63
909	275.63
910	274.5
911	274.06
912	273.91
913	273.68
914	273.62
915	273.58
916	273.58
917	273.87
918	274.08
919	274.48
920	274.81
921	275.13
922	275.23
923	275.44
924	275.9
925	275.98
926	276.17
927	276.36
928	276.42
929	276.59
930	276.74
931	276.78
932	276.95
933	277.09
934	277.09
935	277.15
936	277.39
937	277.41
938	277.47
939	277.51
940	277.53
941	277.53
942	277.49
943	277.62
944	277.64
945	277.8
946	277.74
947	277.91
948	277.91
949	278.01
950	278.08
951	278.12
952	278.12
953	278.14
954	278.14
955	278.14
956	278.12
957	278.05
958	278.14
959	278.22
960	278.24
961	278.26
962	278.22
963	278.33
964	278.35
965	278.35
966	278.41
967	278.35
968	278.41
969	278.47
970	278.49
971	278.54
972	278.51
973	278.51
974	278.56
975	278.54
976	278.58
977	278.49
978	278.51
979	278.45
980	278.45
981	278.51
982	278.51
983	278.56
984	278.54
985	278.54
986	278.56
987	278.51
988	278.62
989	278.6
990	278.64
991	278.62
992	278.6
993	278.64
994	278.62
995	278.62
996	278.6
997	278.62
998	278.64
999	278.7
1000	278.58
1001	278.66
1002	278.62
1003	278.62
1004	278.64
1005	278.64
1006	278.62
1007	278.64
1008	278.68
1009	278.7
1010	278.66
1011	278.64
1012	278.64
1013	278.6
1014	278.56
1015	278.54
1016	278.49
1017	278.56
1018	278.56
1019	278.56
1020	278.64
1021	278.68
1022	278.62
1023	278.58
1024	278.64
1025	278.68
1026	278.64
1027	278.66
1028	278.64
1029	278.62
1030	278.7
1031	278.72
1032	278.72
1033	278.68
1034	278.72
1035	278.74
1036	278.66
1037	278.7
1038	278.7
1039	278.64
1040	278.62
1041	278.68
1042	278.66
1043	278.6
1044	278.6
1045	278.66
1046	278.66
1047	278.72
1048	278.58
1049	278.66
1050	278.7
1051	278.7
1052	278.74
1053	278.72
1054	278.81
1055	278.79
1056	278.74
1057	278.68
1058	278.77
1059	278.72
1060	278.77
1061	278.7
1062	278.79
1063	278.68
1064	278.66
1065	278.66
1066	278.66
1067	278.68
1068	278.68
1069	278.74
1070	278.81
1071	278.79
1072	278.79
1073	278.79
1074	278.77
1075	278.77
1076	278.79
1077	278.81
1078	278.81
1079	278.83
1080	278.74
1081	278.72
1082	278.68
1083	278.68
1084	278.64
1085	278.6
1086	278.62
1087	278.68
1088	278.7
1089	278.64
1090	278.64
1091	278.62
1092	278.72
1093	278.66
1094	278.66
1095	278.7
1096	278.74
1097	278.68
1098	278.66
1099	278.66
1100	278.66
1101	278.62
1102	278.68
1103	278.62
1104	278.58
1105	278.58
1106	278.64
1107	278.66
1108	278.72
1109	278.7
1110	278.68
1111	278.72
1112	278.66
1113	278.64
1114	278.62
1115	278.62
1116	278.74
1117	278.87
1118	278.74
1119	278.77
1120	278.72
1121	278.66
1122	278.66
1123	278.6
1124	278.56
1125	278.64
1126	278.68
1127	278.7
1128	278.66
1129	278.64
1130	278.6
1131	278.68
1132	278.66
1133	278.66
1134	278.66
1135	278.7
1136	278.66
1137	278.68
1138	278.68
1139	278.68
1140	278.72
1141	278.72
1142	278.81
1143	278.83
1144	278.85
1145	278.81
1146	278.72
1147	278.77
1148	278.7
1149	278.72
1150	278.72
1151	278.66
1152	278.7
1153	278.74
1154	278.74
1155	278.72
1156	278.72
1157	278.77
1158	278.74
1159	278.74
1160	278.72
1161	278.72
1162	278.77
1163	278.72
1164	278.79
1165	278.74
1166	278.74
1167	278.79
1168	278.87
1169	278.7
1170	278.68
1171	278.81
1172	278.81
1173	278.79
1174	278.72
1175	278.77
1176	278.72
1177	278.66
1178	278.77
1179	278.79
1180	278.77
1181	278.74
1182	278.74
1183	278.77
1184	278.93
1185	279.12
1186	279.12
1187	279.14
1188	279.2
1189	279.2
1190	279.23
1191	279.29
1192	279.27
1193	279.27
1194	279.35
1195	279.6
1196	279.66
1197	279.89
1198	280.04
1199	280.17
1200	280.17
1201	280.25
1202	280.23
1203	280.31
1204	280.4
1205	280.46
1206	280.46
1207	280.56
1208	280.71
1209	280.75
1210	280.77
1211	280.73
1212	280.79
1213	280.86
1214	280.81
1215	280.84
1216	280.86
1217	280.88
1218	280.9
1219	280.86
1220	280.9
1221	280.98
1222	281
1223	280.94
1224	280.96
1225	280.96
1226	280.86
1227	280.96
1228	280.92
1229	281
1230	280.98
1231	281.02
1232	281.02
1233	280.94
1234	280.94
1235	280.92
1236	281.07
1237	281.04
1238	281.02
1239	281
1240	281.04
1241	281.02
1242	281.09
1243	281.04
1244	281.02
1245	281.04
1246	281.09
1247	281
1248	281.02
1249	281.04
1250	281.04
1251	281.07
1252	281.09
1253	281.07
1254	281.07
1255	281.04
1256	281.07
1257	281.07
1258	281.13
1259	281.07
1260	281.09
1261	280.98
1262	280.96
1263	281.04
1264	281.04
1265	281.09
1266	280.98
1267	280.96
1268	281
1269	280.98
1270	280.98
1271	280.98
1272	281.19
1273	281.19
1274	281.19
1275	281.17
1276	281.11
1277	281.11
1278	281.07
1279	281.13
1280	281.11
1281	281.09
1282	281.07
1283	281.15
1284	281.09
1285	281.07
1286	281.04
1287	281.04
1288	281.09
1289	281.15
1290	281.02
1291	281.11
1292	281.11
1293	281.09
1294	281.17
1295	281.15
1296	281.15
1297	281.25
1298	281.19
1299	281.13
1300	281.04
1301	281.07
1302	281.13
1303	281.13
1304	281.11
1305	281.15
1306	281.11
1307	281.17
1308	281.13
1309	281.15
1310	281.09
1311	281.09
1312	281.23
1313	281.19
1314	281.15
1315	281.19
1316	281.19
1317	281.21
1318	281.23
1319	281.17
1320	281.13
1321	281.19
1322	281.17
1323	281.23
1324	281.15
1325	281.04
1326	281.15
1327	281.15
1328	281.15
1329	281.11
1330	281.11
1331	281.13
1332	281.13
1333	281.11
1334	281.21
1335	281.21
1336	281.23
1337	281.23
1338	281.3
1339	281.36
1340	281.25
1341	281.27
1342	281.27
1343	281.27
1344	281.27
1345	281.27
1346	281.25
1347	281.21
1348	281.23
1349	281.23
1350	281.15
1351	281.15
1352	281.21
1353	281.19
1354	281.25
1355	281.17
1356	281.21
1357	281.19
1358	281.19
1359	281.25
1360	281.15
1361	281.11
1362	281.15
1363	281.02
1364	281.07
1365	281
1366	281.04
1367	281.04
1368	280.96
1369	280.92
1370	280.9
1371	280.79
1372	280.79
1373	280.67
1374	280.67
1375	280.27
1376	279.62
1377	279.27
1378	278.2
1379	277.18
1380	276.65
1381	276.15
1382	274.69
1383	274.04
1384	273.85
1385	273.5
1386	273.47
1387	273.52
1388	273.56
1389	273.66
1390	273.83
1391	273.98
1392	274.29
1393	274.48
1394	274.73
1395	274.96
1396	275.21
1397	275.42
1398	275.63
1399	275.96
1400	276.09
1401	276.36
1402	276.4
1403	276.65
1404	276.82
1405	276.84
1406	276.84
1407	277.05
1408	277.13
1409	277.11
1410	277.13
1411	277.26
1412	277.39
1413	277.39
1414	277.64
1415	277.72
1416	277.76
1417	277.76
1418	277.82
1419	277.8
1420	277.89
1421	278.01
1422	277.99
1423	277.99
1424	278.01
1425	278.03
1426	278.08
1427	278.14
1428	278.18
1429	278.2
1430	278.2
1431	278.26
1432	278.28
1433	278.28
1434	278.26
1435	278.31
1436	278.28
1437	278.41
1438	278.41
1439	278.43
1440	278.49
1441	278.41
1442	278.47
1443	278.47
1444	278.49
1445	278.49
1446	278.56
1447	278.58
1448	278.6
1449	278.66
1450	278.7
1451	278.64
1452	278.64
1453	278.64
1454	278.62
1455	278.6
1456	278.62
1457	278.56
1458	278.58
1459	278.56
1460	278.54
1461	278.64
1462	278.54
1463	278.58
1464	278.62
1465	278.6
1466	278.7
1467	278.7
1468	278.68
1469	278.68
1470	278.7
1471	278.7
1472	278.68
1473	278.68
1474	278.74
1475	278.79
1476	278.68
1477	278.68
1478	278.62
1479	278.64
1480	278.64
1481	278.66
1482	278.64
1483	278.62
1484	278.62
1485	278.7
1486	278.68
1487	278.68
1488	278.7
1489	278.72
1490	278.81
1491	278.79
1492	278.79
1493	278.77
1494	278.68
1495	278.77
1496	278.79
1497	278.83
1498	278.83
1499	278.81
1500	278.81
1501	278.81
1502	278.77
1503	278.77
1504	278.74
1505	278.72
1506	278.7
1507	278.68
1508	278.72
1509	278.72
1510	278.79
1511	278.83
1512	278.77
1513	278.81
1514	278.79
1515	278.79
1516	278.79
1517	278.83
1518	278.79
1519	278.85
1520	278.83
1521	278.85
1522	278.81
1523	278.81
1524	278.79
1525	278.91
1526	278.83
1527	278.83
1528	278.91
1529	278.85
1530	278.89
1531	278.85
1532	278.77
1533	278.83
1534	278.83
1535	278.79
1536	278.77
1537	278.79
1538	278.81
1539	278.87
1540	278.87
1541	278.83
1542	278.91
1543	278.85
1544	278.79
1545	278.85
1546	278.81
1547	278.81
1548	278.81
1549	278.83
1550	278.91
1551	278.85
1552	278.79
1553	278.77
1554	278.85
1555	278.85
1556	278.81
1557	278.77
1558	278.81
1559	278.74
1560	278.81
1561	278.74
1562	278.74
1563	278.77
1564	278.77
1565	278.83
1566	278.79
1567	278.85
1568	278.79
1569	278.83
1570	278.77
1571	278.7
1572	278.72
1573	278.74
1574	278.74
1575	278.79
1576	278.81
1577	278.81
1578	278.81
1579	278.83
1580	278.81
1581	278.81
1582	278.81
1583	278.89
1584	278.83
1585	278.83
1586	278.87
1587	278.87
1588	278.83
1589	278.83
1590	278.77
1591	278.81
1592	278.77
1593	278.79
1594	278.79
1595	278.87
1596	278.85
1597	278.85
1598	278.85
1599	278.95
1600	278.91
1601	278.93
1602	278.97
1603	278.93
1604	278.87
1605	278.87
1606	278.81
1607	278.83
1608	278.83
1609	278.87
1610	278.79
1611	278.85
1612	278.83
1613	278.83
1614	278.83
1615	278.83
1616	278.81
1617	278.91
1618	278.85
1619	278.85
1620	278.89
1621	278.85
1622	278.83
1623	278.83
1624	278.79
1625	278.79
1626	278.79
1627	278.85
1628	278.81
1629	278.81
1630	278.83
1631	278.83
1632	278.81
1633	278.85
1634	278.81
1635	278.83
1636	278.77
1637	278.87
1638	278.89
1639	278.87
1640	278.87
1641	278.83
1642	278.91
1643	278.97
1644	278.91
1645	278.93
1646	278.93
1647	278.93
1648	278.91
1649	278.89
1650	278.87
1651	278.89
1652	278.81
1653	278.81
1654	278.85
1655	278.81
1656	278.81
1657	278.87
1658	278.87
1659	279.16
1660	279.1
1661	279.12
1662	279.12
1663	279.1
1664	279.12
1665	279.12
1666	279.23
1667	279.27
1668	279.31
1669	279.5
1670	279.62
1671	279.73
1672	279.79
1673	280.02
1674	280.1
1675	280.19
1676	280.29
1677	280.38
1678	280.44
1679	280.42
1680	280.56
1681	280.5
1682	280.58
1683	280.67
1684	280.73
1685	280.75
1686	280.75
1687	280.77
1688	280.81
1689	280.79
1690	280.79
1691	280.79
1692	280.81
1693	280.88
1694	280.86
1695	280.9
1696	280.94
1697	280.94
1698	280.94
1699	281.02
1700	280.92
1701	280.98
1702	281
1703	280.98
1704	280.98
1705	281.07
1706	281.13
1707	281.07
1708	281.09
1709	281.11
1710	281.09
1711	281.09
1712	281.17
1713	281.17
1714	281.13
1715	281.09
1716	281.11
1717	281.07
1718	281.11
1719	281.15
1720	281.23
1721	281.21
1722	281.21
1723	281.23
1724	281.21
1725	281.21
1726	281.21
1727	281.19
1728	281.13
1729	281.13
1730	281.19
1731	281.25
1732	281.23
1733	281.27
1734	281.19
1735	281.19
1736	281.19
1737	281.32
1738	281.25
1739	281.25
1740	281.3
1741	281.23
1742	281.21
1743	281.32
1744	281.32
1745	281.36
1746	281.25
1747	281.34
1748	281.23
1749	281.21
1750	281.27
1751	281.34
1752	281.32
1753	281.17
1754	281.27
1755	281.21
1756	281.23
1757	281.27
1758	281.21
1759	281.27
1760	281.36
1761	281.36
1762	281.34
1763	281.34
1764	281.23
1765	281.25
1766	281.34
1767	281.25
1768	281.25
1769	281.27
1770	281.23
1771	281.25
1772	281.27
1773	281.19
1774	281.25
1775	281.25
1776	281.25
1777	281.27
1778	281.21
1779	281.25
1780	281.21
1781	281.27
1782	281.25
1783	281.27
1784	281.27
1785	281.27
1786	281.21
1787	281.25
1788	281.23
1789	281.25
1790	281.17
1791	281.15
1792	281.23
1793	281.27
1794	281.3
1795	281.23
1796	281.17
1797	281.15
1798	281.17
1799	281.09
1800	281.09
1801	281.23
1802	281.3
1803	281.3
1804	281.3
1805	281.27
1806	281.21
1807	281.21
1808	281.32
1809	281.34
1810	281.36
1811	281.3
1812	281.3
1813	281.34
1814	281.36
1815	281.46
1816	281.5
1817	281.5
1818	281.53
1819	281.38
1820	281.38
1821	281.36
1822	281.32
1823	281.32
1824	281.27
1825	281.3
1826	281.36
1827	281.36
1828	281.36
1829	281.4
1830	281.38
1831	281.36
1832	281.36
1833	281.32
1834	281.13
1835	281.17
1836	281.21
1837	281.21
1838	281.11
1839	281.11
1840	281.04
1841	281.07
1842	280.98
1843	280.96
1844	280.92
1845	280.9
1846	280.9
1847	280.77
1848	280.58
1849	280.4
1850	279.92
1851	279
1852	278.35
1853	277.78
1854	276.19
1855	275.71
1856	274.94
1857	274.35
1858	274.12
1859	273.93
1860	273.85
1861	274.02
1862	274.16
1863	274.42
1864	274.65
1865	274.73
1866	274.98
1867	275.02
1868	275.34
1869	275.65
1870	275.84
1871	275.84
1872	276.28
1873	276.49
1874	276.59
1875	276.82
1876	276.9
1877	277.03
1878	277.03
1879	277.22
1880	277.39
1881	277.39
1882	277.49
1883	277.64
1884	277.66
1885	277.72
1886	277.78
1887	277.91
1888	277.95
1889	278.03
1890	278.1
1891	278.14
1892	278.16
1893	278.16
1894	278.2
1895	278.24
1896	278.26
1897	278.26
1898	278.24
1899	278.33
1900	278.28
1901	278.28
1902	278.28
1903	278.28
1904	278.35
1905	278.39
1906	278.45
1907	278.43
1908	278.49
1909	278.49
1910	278.49
1911	278.51
1912	278.62
1913	278.64
1914	278.6
1915	278.66
1916	278.68
1917	278.68
1918	278.74
1919	278.7
1920	278.72
1921	278.72
1922	278.64
1923	278.58
1924	278.62
1925	278.66
1926	278.68
1927	278.7
1928	278.64
1929	278.66
1930	278.66
1931	278.68
1932	278.68
1933	278.68
1934	278.72
1935	278.72
1936	278.74
1937	278.74
1938	278.72
1939	278.7
1940	278.72
1941	278.72
1942	278.72
1943	278.77
1944	278.77
1945	278.79
1946	278.83
1947	278.79
1948	278.77
1949	278.77
1950	278.81
1951	278.74
1952	278.7
1953	278.74
1954	278.79
1955	278.77
1956	278.77
1957	278.66
1958	278.7
1959	278.79
1960	278.81
1961	278.81
1962	278.85
1963	278.85
1964	278.79
1965	278.79
1966	278.83
1967	278.79
1968	278.85
1969	278.79
1970	278.79
1971	278.85
1972	278.79
1973	278.87
1974	278.87
1975	278.87
1976	278.89
1977	278.87
1978	278.85
1979	278.91
1980	278.91
1981	278.91
1982	278.87
1983	278.93
1984	278.89
1985	278.89
1986	278.93
1987	278.87
1988	278.87
1989	278.85
1990	278.85
1991	278.85
1992	278.89
1993	278.89
1994	278.91
1995	278.85
1996	278.89
1997	278.89
1998	278.93
1999	278.93
2000	278.95
2001	278.93
2002	278.89
2003	278.87
2004	278.87
2005	278.85
2006	278.89
2007	278.85
2008	278.83
2009	278.81
2010	278.85
2011	278.85
2012	278.91
2013	278.91
2014	278.91
2015	278.87
2016	278.97
2017	278.89
2018	278.91
2019	279
2020	279
2021	278.93
2022	278.93
2023	278.89
2024	278.87
2025	278.79
2026	278.85
2027	278.85
2028	278.85
2029	278.85
2030	278.83
2031	278.81
2032	278.81
2033	278.83
2034	278.85
2035	278.85
2036	278.83
2037	278.85
2038	278.79
2039	278.87
2040	278.93
2041	278.95
2042	279.02
2043	278.95
2044	278.95
2045	278.93
2046	279
2047	278.89
2048	278.91
2049	278.91
2050	278.93
2051	278.91
2052	278.91
2053	278.95
2054	278.93
2055	278.91
2056	279.04
2057	279.04
2058	279.08
2059	279.08
2060	279.02
2061	279.02
2062	279.02
2063	279.04
2064	279
2065	278.93
2066	278.93
2067	278.95
2068	278.93
2069	278.95
2070	278.95
2071	278.89
2072	278.93
2073	279
2074	278.91
2075	278.97
2076	279
2077	279
2078	279.06
2079	279.06
2080	279.06
2081	278.95
2082	279.02
2083	279.02
2084	279.04
2085	279.1
2086	279.12
2087	279.12
2088	279.12
2089	279.16
2090	279.14
2091	279.14
2092	279.08
2093	279.04
2094	279.06
2095	279.12
2096	279.06
2097	279.2
2098	279.2
2099	279.2
2100	279.18
2101	279.18
2102	279.14
2103	279.08
2104	279.02
2105	279.02
2106	279.02
2107	279.06
2108	279.04
2109	279.08
2110	279.08
2111	279.02
2112	279.1
2113	279.12
2114	279.12
2115	279.1
2116	279.14
2117	279.16
2118	279.23
2119	279.2
2120	279.12
2121	279.08
2122	279.1
2123	279.1
2124	279.02
2125	279.06
2126	279.12
2127	279.06
2128	279.04
2129	279.04
2130	279.04
2131	279.16
2132	279.27
2133	279.27
2134	279.33
2135	279.35
2136	279.31
2137	279.31
2138	279.29
2139	279.37
2140	279.41
2141	279.56
2142	279.75
2143	279.83
2144	280.02
2145	280.23
2146	280.35
2147	280.48
2148	280.5
2149	280.56
2150	280.63
2151	280.56
2152	280.69
2153	280.73
2154	280.88
2155	281
2156	280.88
2157	280.94
2158	280.98
2159	281.02
2160	281.07
2161	281.07
2162	281.07
2163	281.11
2164	281.11
2165	281.11
2166	281.11
2167	281.15
2168	281.09
2169	281.09
2170	281.11
2171	281.13
2172	281.17
2173	281.19
2174	281.17
2175	281.21
2176	281.13
2177	281.21
2178	281.23
2179	281.27
2180	281.19
2181	281.19
2182	281.19
2183	281.21
2184	281.21
2185	281.19
2186	281.23
2187	281.3
2188	281.27
2189	281.23
2190	281.25
2191	281.23
2192	281.25
2193	281.27
2194	281.27
2195	281.27
2196	281.36
2197	281.32
2198	281.3
2199	281.25
2200	281.27
2201	281.27
2202	281.36
2203	281.32
2204	281.3
2205	281.36
2206	281.38
2207	281.36
2208	281.36
2209	281.48
2210	281.44
2211	281.53
2212	281.5
2213	281.55
2214	281.53
2215	281.5
2216	281.36
2217	281.38
2218	281.48
2219	281.46
2220	281.44
2221	281.4
2222	281.36
2223	281.42
2224	281.4
2225	281.44
2226	281.42
2227	281.4
2228	281.36
2229	281.4
2230	281.42
2231	281.48
2232	281.48
2233	281.48
2234	281.46
2235	281.42
2236	281.44
2237	281.44
2238	281.53
2239	281.4
2240	281.4
2241	281.46
2242	281.38
2243	281.44
2244	281.44
2245	281.46
2246	281.48
2247	281.5
2248	281.53
2249	281.53
2250	281.57
2251	281.5
2252	281.46
2253	281.46
2254	281.42
2255	281.42
2256	281.42
2257	281.46
2258	281.53
2259	281.48
2260	281.53
2261	281.48
2262	281.4
2263	281.4
2264	281.4
2265	281.4
2266	281.44
2267	281.46
2268	281.38
2269	281.44
2270	281.57
2271	281.5
2272	281.5
2273	281.5
2274	281.53
2275	281.5
2276	281.57
2277	281.55
2278	281.53
2279	281.53
2280	281.48
2281	281.5
2282	281.5
2283	281.46
2284	281.48
2285	281.5
2286	281.48
2287	281.5
2288	281.46
2289	281.53
2290	281.44
2291	281.42
2292	281.42
2293	281.42
2294	281.46
2295	281.46
2296	281.4
2297	281.4
2298	281.46
2299	281.38
2300	281.38
2301	281.38
2302	281.36
2303	281.34
2304	281.34
2305	281.34
2306	281.36
2307	281.15
2308	281.17
2309	281.3
2310	281.23
2311	281.23
2312	281.19
2313	281.21
2314	281.25
2315	281.19
2316	281.19
2317	281.13
2318	281.19
2319	281.09
2320	281.07
2321	280.81
2322	280.48
2323	279.89
2324	279.43
2325	279.02
2326	277.15
2327	276.69
2328	275.73
2329	274.88
2330	274.58
2331	274.1
2332	273.91
2333	273.75
2334	273.83
2335	274.08
2336	274.08
2337	274.25
2338	274.39
2339	274.52
2340	274.94
2341	275.31
2342	275.52
2343	275.52
2344	275.98
2345	276.19
2346	276.23
2347	276.3
2348	276.49
2349	276.61
2350	276.61
2351	276.84
2352	277.09
2353	277.11
2354	277.15
2355	277.28
2356	277.28
2357	277.36
2358	277.62
2359	277.62
2360	277.78
2361	277.87
2362	277.89
2363	278.01
2364	278.03
2365	278.08
2366	278.14
2367	278.14
2368	278.26
2369	278.28
2370	278.35
2371	278.37
2372	278.35
2373	278.37
2374	278.35
2375	278.35
2376	278.41
2377	278.41
2378	278.41
2379	278.37
2380	278.45
2381	278.47
2382	278.47
2383	278.58
2384	278.58
2385	278.58
2386	278.58
2387	278.64
2388	278.62
2389	278.68
2390	278.6
2391	278.66
2392	278.72
2393	278.72
2394	278.85
2395	278.87
2396	278.77
2397	278.85
2398	278.93
2399	278.95
2400	278.95
2401	278.97
2402	278.97
2403	278.93
2404	278.93
2405	278.97
2406	278.93
2407	278.89
2408	278.93
2409	278.87
2410	278.89
2411	278.87
2412	278.89
2413	278.91
2414	278.91
2415	278.87
2416	278.89
2417	278.95
2418	278.93
2419	279
2420	278.97
2421	278.97
2422	279.02
2423	279.02
2424	278.95
2425	279
2426	278.93
2427	278.87
2428	278.83
2429	278.91
2430	278.87
2431	278.85
2432	278.83
2433	278.79
2434	278.79
2435	278.79
2436	278.77
2437	278.81
2438	278.85
2439	278.89
2440	278.89
2441	278.87
2442	278.93
2443	278.93
2444	278.97
2445	279.04
2446	279.04
2447	278.93
2448	278.91
2449	278.87
2450	278.89
2451	278.91
2452	279
2453	279
2454	279
2455	278.95
2456	278.93
2457	278.89
2458	278.91
2459	278.95
2460	278.95
2461	278.93
2462	278.91
2463	278.91
2464	278.95
2465	278.97
2466	279
2467	278.93
2468	278.95
2469	278.97
2470	279
2471	278.95
2472	279.04
2473	278.93
2474	279
2475	279
2476	278.91
2477	278.93
2478	279
2479	279.06
2480	279.02
2481	279
2482	278.93
2483	279
2484	278.95
2485	278.95
2486	278.95
2487	278.89
2488	278.87
2489	278.89
2490	278.93
2491	278.97
2492	278.97
2493	278.93
2494	278.95
2495	278.95
2496	278.97
2497	278.93
2498	278.93
2499	278.91
2500	278.97
2501	278.93
2502	278.93
2503	278.93
2504	278.85
2505	278.89
2506	278.93
2507	278.89
2508	278.89
2509	278.91
2510	278.97
2511	279.06
2512	279.08
2513	278.93
2514	278.97
2515	279
2516	278.97
2517	278.97
2518	278.97
2519	278.93
2520	279
2521	278.91
2522	278.85
2523	278.87
2524	278.87
2525	279
2526	279.02
2527	279.04
2528	279.04
2529	279
2530	278.97
2531	278.97
2532	278.97
2533	278.93
2534	278.85
2535	278.87
2536	278.85
2537	278.89
2538	278.85
2539	278.91
2540	278.89
2541	278.97
2542	278.97
2543	279.02
2544	279
2545	279.02
2546	279
2547	279.06
2548	279.02
2549	278.97
2550	278.97
2551	278.95
2552	278.97
2553	279
2554	279.04
2555	279.08
2556	279.08
2557	279.02
2558	279
2559	279.02
2560	278.95
2561	278.97
2562	279
2563	279
2564	278.93
2565	278.97
2566	278.97
2567	278.95
2568	278.97
2569	278.93
2570	279
2571	279.04
2572	279.04
2573	279
2574	279.06
2575	279
2576	279.02
2577	279.02
2578	279.02
2579	279.02
2580	279.08
2581	279
2582	278.95
2583	278.95
2584	278.97
2585	279
2586	279.02
2587	278.97
2588	279.02
2589	278.97
2590	278.89
2591	278.93
2592	278.95
2593	279
2594	279
2595	279
2596	279.02
2597	278.97
2598	279
2599	279.04
2600	278.97
2601	279
2602	279
2603	278.89
2604	279.1
2605	279.25
2606	279.33
2607	279.29
2608	279.31
2609	279.29
2610	279.29
2611	279.31
2612	279.35
2613	279.37
2614	279.48
2615	279.6
2616	279.73
2617	279.92
2618	280
2619	280.23
2620	280.31
2621	280.33
2622	280.35
2623	280.38
2624	280.54
2625	280.71
2626	280.73
2627	280.73
2628	280.69
2629	280.77
2630	280.73
2631	280.94
2632	280.92
2633	281
2634	281
2635	280.96
2636	280.94
2637	281.04
2638	281.13
2639	281.09
2640	281.13
2641	281.07
2642	281.11
2643	281.09
2644	281.11
2645	281.07
2646	281.13
2647	281.17
2648	281.13
2649	281
2650	281.11
2651	281.13
2652	281.15
2653	281.23
2654	281.27
2655	281.21
2656	281.19
2657	281.23
2658	281.38
2659	281.32
2660	281.3
2661	281.25
2662	281.23
2663	281.17
2664	281.23
2665	281.19
2666	281.19
2667	281.23
2668	281.32
2669	281.27
2670	281.19
2671	281.3
2672	281.34
2673	281.34
2674	281.19
2675	281.25
2676	281.3
2677	281.23
2678	281.27
2679	281.21
2680	281.23
2681	281.21
2682	281.19
2683	281.17
2684	281.21
2685	281.36
2686	281.32
2687	281.34
2688	281.36
2689	281.3
2690	281.38
2691	281.3
2692	281.27
2693	281.21
2694	281.27
2695	281.27
2696	281.23
2697	281.17
2698	281.17
2699	281.3
2700	281.3
2701	281.36
2702	281.3
2703	281.3
2704	281.27
2705	281.27
2706	281.32
2707	281.34
2708	281.34
2709	281.3
2710	281.27
2711	281.23
2712	281.23
2713	281.27
2714	281.27
2715	281.19
2716	281.23
2717	281.23
2718	281.27
2719	281.19
2720	281.25
2721	281.3
2722	281.34
2723	281.4
2724	281.34
2725	281.4
2726	281.38
2727	281.36
2728	281.36
2729	281.27
2730	281.23
2731	281.3
2732	281.27
2733	281.3
2734	281.21
2735	281.21
2736	281.19
2737	281.19
2738	281.19
2739	281.3
2740	281.38
2741	281.42
2742	281.46
2743	281.46
2744	281.46
2745	281.42
2746	281.4
2747	281.38
2748	281.44
2749	281.46
2750	281.42
2751	281.36
2752	281.25
2753	281.34
2754	281.34
2755	281.32
2756	281.34
2757	281.3
2758	281.27
2759	281.34
2760	281.38
2761	281.36
2762	281.4
2763	281.38
2764	281.4
2765	281.42
2766	281.42
2767	281.38
2768	281.32
2769	281.32
2770	281.36
2771	281.32
2772	281.25
2773	281.19
2774	281.21
2775	281.23
2776	281.23
2777	281.21
2778	281.32
2779	281.3
2780	281.27
2781	281.3
2782	281.27
2783	281.27
2784	281.19
2785	281.21
2786	281.23
2787	281.23
2788	281.21
2789	281.21
2790	281.15
2791	281
2792	281
2793	280.94
2794	280.75
2795	280.5
2796	279.92
2797	279.58
2798	278.31
2799	277.82
2800	276.76
2801	275.69
2802	275.34
2803	274.81
2804	274.42
2805	273.96
2806	273.68
2807	273.43
2808	273.43
2809	273.64
2810	273.96
2811	274.23
2812	274.48
2813	274.73
2814	274.96
2815	274.96
2816	275.31
2817	275.5
2818	275.69
2819	275.98
2820	276.17
2821	276.21
2822	276.3
2823	276.38
2824	276.57
2825	276.67
2826	276.8
2827	276.92
2828	276.92
2829	277.07
2830	277.26
2831	277.3
2832	277.39
2833	277.45
2834	277.47
2835	277.49
2836	277.51
2837	277.62
2838	277.7
2839	277.68
2840	277.68
2841	277.8
2842	277.91
2843	278.03
2844	278.08
2845	278.05
2846	278.14
2847	278.14
2848	278.22
2849	278.22
2850	278.24
2851	278.31
2852	278.37
2853	278.39
2854	278.39
2855	278.35
2856	278.41
2857	278.47
2858	278.47
2859	278.51
2860	278.49
2861	278.51
2862	278.47
2863	278.49
2864	278.47
2865	278.51
2866	278.43
2867	278.54
2868	278.51
2869	278.47
2870	278.51
2871	278.45
2872	278.51
2873	278.47
2874	278.56
2875	278.54
2876	278.6
2877	278.64
2878	278.62
2879	278.62
2880	278.56
2881	278.64
2882	278.56
2883	278.64
2884	278.68
2885	278.58
2886	278.58
2887	278.66
2888	278.64
2889	278.64
2890	278.66
2891	278.74
2892	278.74
2893	278.74
2894	278.72
2895	278.77
2896	278.72
2897	278.72
2898	278.72
2899	278.7
2900	278.68
2901	278.7
2902	278.7
2903	278.66
2904	278.68
2905	278.72
2906	278.7
2907	278.68
2908	278.77
2909	278.74
2910	278.79
2911	278.77
2912	278.74
2913	278.74
2914	278.74
2915	278.72
2916	278.68
2917	278.79
2918	278.79
2919	278.87
2920	278.83
2921	278.79
2922	278.74
2923	278.6
2924	278.33
2925	278.33
2926	277.8
2927	277.55
2928	277.36
2929	277.43
2930	277.8
2931	278.03
2932	278.18
2933	278.49
2934	278.49
2935	278.58
2936	278.51
2937	278.51
2938	278.56
2939	278.51
2940	278.79
2941	278.72
2942	278.77
2943	278.85
2944	278.85
2945	278.79
2946	278.83
2947	278.81
2948	278.74
2949	278.74
2950	278.74
2951	278.7
2952	278.64
2953	278.62
2954	278.6
2955	278.49
2956	278.49
2957	278.49
2958	278.16
2959	278.1
2960	278.12
2961	277.41
2962	276.21
2963	275
2964	275
2965	274.6
2966	275.42
2967	275.8
2968	276.44
2969	276.65
2970	276.8
2971	276.9
2972	277.18
2973	277.34
2974	277.55
2975	277.74
2976	277.8
2977	277.93
2978	278.01
2979	278.05
2980	278.1
2981	278.14
2982	278.16
2983	278.12
2984	278.22
2985	278.22
2986	278.26
2987	278.31
2988	278.51
2989	278.51
2990	278.66
2991	278.74
2992	278.77
2993	278.77
2994	278.79
2995	278.89
2996	278.89
2997	278.89
2998	278.91
2999	278.89
3000	279
3001	279.02
3002	279.02
3003	279.02
3004	279.06
3005	279.04
3006	279.1
3007	279
3008	278.97
3009	279.04
3010	279.04
3011	279.18
3012	279.18
3013	279.16
3014	279.14
3015	279.16
3016	279.18
3017	279.14
3018	279.23
3019	279.31
3020	279.31
3021	279.31
3022	279.29
3023	279.29
3024	279.25
3025	279.25
3026	279.2
3027	279.14
3028	279.14
3029	279.1
3030	279.12
3031	279.06
3032	279.1
3033	279.12
3034	279.16
3035	279.16
3036	279.18
3037	279.18
3038	279.25
3039	279.23
3040	279.31
3041	279.33
3042	279.35
3043	279.37
3044	279.37
3045	279.35
3046	279.41
3047	279.41
3048	279.46
3049	279.46
3050	279.39
3051	279.41
3052	279.39
3053	279.5
3054	279.43
3055	279.41
3056	279.48
3057	279.41
3058	279.43
3059	279.48
3060	279.48
3061	279.48
3062	279.48
3063	279.54
3064	279.54
3065	279.56
3066	279.54
3067	279.54
3068	279.52
3069	279.58
3070	279.48
3071	279.56
3072	279.56
3073	279.52
3074	279.5
3075	279.46
3076	279.35
3077	279.39
3078	279.48
3079	279.66
3080	279.66
3081	279.6
3082	279.62
3083	279.56
3084	279.54
3085	279.5
3086	279.52
3087	279.6
3088	279.66
3089	279.73
3090	279.81
3091	279.92
3092	279.92
3093	280.06
3094	280.15
3095	280.15
3096	280.15
3097	280.29
3098	280.35
3099	280.35
3100	280.38
3101	280.56
3102	280.61
3103	280.63
3104	280.67
3105	280.65
3106	280.65
3107	280.73
3108	280.73
3109	280.77
3110	280.77
3111	280.71
3112	280.75
3113	280.77
3114	280.73
3115	280.73
3116	280.79
3117	280.79
3118	280.84
3119	280.88
3120	280.9
3121	280.86
3122	280.79
3123	280.86
3124	280.9
3125	280.9
3126	280.92
3127	280.96
3128	281.02
3129	280.96
3130	280.94
3131	280.94
3132	280.88
3133	280.9
3134	280.88
3135	280.9
3136	280.92
3137	280.96
3138	280.96
3139	280.88
3140	280.94
3141	280.92
3142	280.96
3143	280.9
3144	280.92
3145	280.92
3146	280.94
3147	280.88
3148	280.81
3149	280.96
3150	280.96
3151	280.88
3152	280.96
3153	280.96
3154	281
3155	280.92
3156	280.92
3157	280.94
3158	280.96
3159	281
3160	280.94
3161	280.98
3162	281
3163	281.04
3164	281.04
3165	281.07
3166	281.07
3167	281.02
3168	280.94
3169	280.9
3170	280.9
3171	280.88
3172	280.9
3173	280.9
3174	280.94
3175	281.04
3176	281.04
3177	281.04
3178	280.98
3179	280.96
3180	281.04
3181	281.02
3182	280.98
3183	280.98
3184	281.04
3185	281.02
3186	281
3187	281.02
3188	281.07
3189	281.09
3190	281.07
3191	281.04
3192	281.09
3193	281.02
3194	280.98
3195	281
3196	281
3197	281.11
3198	281.04
3199	281.02
3200	281.04
3201	281.04
3202	281.04
3203	280.98
3204	281
3205	280.98
3206	280.9
3207	280.86
3208	280.88
3209	280.88
3210	281
3211	281
3212	281
3213	281.02
3214	281.02
3215	280.94
3216	280.94
3217	280.92
3218	280.98
3219	280.98
3220	280.96
3221	281.02
3222	281
3223	281.02
3224	281.11
3225	281.11
3226	281.02
3227	280.9
3228	280.94
3229	280.9
3230	280.86
3231	280.96
3232	280.94
3233	280.92
3234	281.02
3235	280.98
3236	280.94
3237	280.9
3238	280.86
3239	280.96
3240	281.07
3241	281.07
3242	281
3243	281.09
3244	281.11
3245	280.96
3246	280.98
3247	280.94
3248	280.94
3249	280.9
3250	280.94
3251	280.9
3252	280.9
3253	280.92
3254	280.81
3255	280.81
3256	280.94
3257	280.9
3258	280.96
3259	281.09
3260	281.13
3261	281.15
3262	281.17
3263	281.15
3264	281.15
3265	281
3266	281.02
3267	280.88
3268	280.79
3269	280.65
3270	280.29
3271	279.64
3272	279.02
3273	279.02
3274	277.95
3275	277.11
3276	276.82
3277	276.11
3278	275.73
3279	275.48
3280	275.48
3281	275.29
3282	275.4
3283	275.46
3284	275.61
3285	275.84
3286	276.05
3287	276.05
3288	276.4
3289	276.63
3290	276.76
3291	276.99
3292	277.24
3293	277.34
3294	277.45
3295	277.64
3296	277.72
3297	277.93
3298	277.99
3299	278.03
3300	278.16
3301	278.22
3302	278.12
3303	278.14
3304	278.24
3305	278.24
3306	278.37
3307	278.41
3308	278.39
3309	278.56
3310	278.56
3311	278.62
3312	278.62
3313	278.83
3314	278.91
3315	278.93
3316	279.04
3317	279.14
3318	279.16
3319	279.16
3320	279.1
3321	279.16
3322	279.12
3323	279.27
3324	279.27
3325	279.25
3326	279.2
3327	279.23
3328	279.18
3329	279.2
3330	279.18
3331	279.2
3332	279.14
3333	279.14
3334	279.18
3335	279.23
3336	279.2
3337	279.31
3338	279.31
3339	279.35
3340	279.41
3341	279.39
3342	279.41
3343	279.5
3344	279.5
3345	279.54
3346	279.64
3347	279.66
3348	279.69
3349	279.62
3350	279.56
3351	279.56
3352	279.66
3353	279.79
3354	279.77
3355	279.79
3356	279.64
3357	279.69
3358	279.69
3359	279.77
3360	279.73
3361	279.75
3362	279.62
3363	279.52
3364	279.54
3365	279.52
3366	279.46
3367	279.5
3368	279.48
3369	279.56
3370	279.69
3371	279.62
3372	279.58
3373	279.52
3374	279.5
3375	279.56
3376	279.52
3377	279.62
3378	279.71
3379	279.75
3380	279.77
3381	279.73
3382	279.6
3383	279.6
3384	279.52
3385	279.54
3386	279.64
3387	279.71
3388	279.69
3389	279.69
3390	279.69
3391	279.66
3392	279.69
3393	279.66
3394	279.66
3395	279.69
3396	279.75
3397	279.81
3398	279.83
3399	279.79
3400	279.83
3401	279.83
3402	279.83
3403	279.83
3404	279.92
3405	279.79
3406	279.83
3407	279.81
3408	279.73
3409	279.77
3410	279.73
3411	279.75
3412	279.69
3413	279.71
3414	279.66
3415	279.64
3416	279.62
3417	279.62
3418	279.62
3419	279.69
3420	279.71
3421	279.64
3422	279.64
3423	279.62
3424	279.64
3425	279.66
3426	279.69
3427	279.77
3428	279.77
3429	279.77
3430	279.73
3431	279.75
3432	279.75
3433	279.73
3434	279.69
3435	279.66
3436	279.71
3437	279.66
3438	279.69
3439	279.77
3440	279.81
3441	279.77
3442	279.69
3443	279.73
3444	279.79
3445	279.77
3446	279.73
3447	279.77
3448	279.71
3449	279.77
3450	279.73
3451	279.73
3452	279.75
3453	279.73
3454	279.73
3455	279.77
3456	279.75
3457	279.73
3458	279.71
3459	279.69
3460	279.6
3461	279.6
3462	279.64
3463	279.54
3464	279.58
3465	279.58
3466	279.6
3467	279.62
3468	279.62
3469	279.66
3470	279.6
3471	279.64
3472	279.62
3473	279.66
3474	279.6
3475	279.73
3476	279.69
3477	279.71
3478	279.64
3479	279.6
3480	279.6
3481	279.62
3482	279.66
3483	279.64
3484	279.73
3485	279.71
3486	279.73
3487	279.75
3488	279.71
3489	279.71
3490	279.79
3491	279.79
3492	279.87
3493	279.87
3494	279.85
3495	279.69
3496	279.69
3497	279.66
3498	279.75
3499	279.77
3500	279.77
3501	279.77
3502	279.79
3503	279.77
3504	279.75
3505	279.71
3506	279.75
3507	279.75
3508	279.79
3509	279.79
3510	279.83
3511	279.71
3512	279.79
3513	279.77
3514	279.75
3515	279.64
3516	279.6
3517	279.6
3518	279.58
3519	279.5
3520	279.6
3521	279.64
3522	279.6
3523	279.6
3524	279.6
3525	279.6
3526	279.64
3527	279.75
3528	279.73
3529	279.73
3530	279.73
3531	279.71
3532	279.71
3533	279.77
3534	279.71
3535	279.71
3536	279.66
3537	279.6
3538	279.62
3539	279.62
3540	279.73
3541	279.6
3542	279.62
3543	279.6
3544	279.52
3545	279.52
3546	279.56
3547	279.52
3548	279.52
3549	279.54
3550	279.54
3551	279.6
3552	279.85
3553	279.83
3554	279.77
3555	279.83
3556	279.79
3557	279.77
3558	279.75
3559	279.77
3560	279.81
3561	279.85
3562	279.94
3563	280.02
3564	280.02
3565	280.33
3566	280.38
3567	280.44
3568	280.5
3569	280.54
3570	280.52
3571	280.52
3572	280.69
3573	280.73
3574	280.69
3575	280.69
3576	280.69
3577	280.69
3578	280.69
3579	280.77
3580	280.77
3581	280.77
3582	280.84
3583	280.84
3584	280.84
3585	280.84
3586	280.84
3587	280.9
3588	280.94
3589	280.98
3590	280.92
3591	280.88
3592	280.9
3593	280.88
3594	280.9
3595	280.86
3596	280.86
3597	280.96
3598	280.98
3599	280.98
3600	281.04
3601	281.02
3602	281
3603	281
3604	281.04
3605	280.92
3606	280.92
3607	280.96
3608	280.86
3609	280.9
3610	280.9
3611	280.94
3612	280.98
3613	280.94
3614	281.02
3615	280.98
3616	281.02
3617	280.98
3618	281.04
3619	281.02
3620	281.02
3621	280.98
3622	280.86
3623	280.9
3624	280.96
3625	280.92
3626	280.9
3627	280.98
3628	280.98
3629	280.98
3630	280.94
3631	280.94
3632	280.9
3633	280.92
3634	280.88
3635	280.88
3636	281.02
3637	281.04
3638	281.04
3639	280.94
3640	280.9
3641	280.92
3642	280.92
3643	280.94
3644	280.98
3645	280.98
3646	280.96
3647	280.9
3648	280.92
3649	280.96
3650	281.04
3651	280.96
3652	280.94
3653	280.96
3654	280.94
3655	280.9
3656	280.86
3657	280.81
3658	280.92
3659	280.81
3660	280.96
3661	281
3662	280.98
3663	281
3664	280.98
3665	281.04
3666	281.04
3667	281.02
3668	281.04
3669	280.98
3670	280.94
3671	280.94
3672	280.98
3673	281.04
3674	281.04
3675	281.11
3676	281.04
3677	281
3678	280.94
3679	281
3680	281.04
3681	281.04
3682	281.11
3683	281.19
3684	281.17
3685	281.13
3686	281.11
3687	281.09
3688	281.17
3689	281.09
3690	281.07
3691	281.02
3692	280.96
3693	280.96
3694	280.92
3695	280.9
3696	280.9
3697	280.9
3698	280.98
3699	280.96
3700	280.92
3701	280.96
3702	280.94
3703	280.9
3704	280.94
3705	280.98
3706	280.98
3707	281.07
3708	281
3709	281.02
3710	280.98
3711	281.02
3712	280.96
3713	280.96
3714	281.02
3715	280.94
3716	280.94
3717	280.88
3718	280.81
3719	280.79
3720	280.79
3721	280.9
3722	280.94
3723	280.94
3724	280.88
3725	281.04
3726	280.98
3727	280.98
3728	280.88
3729	280.92
3730	280.88
3731	280.88
3732	280.88
3733	280.92
3734	280.92
3735	280.94
3736	280.94
3737	280.9
3738	280.9
3739	280.96
3740	280.92
3741	280.84
3742	280.65
3743	280.38
3744	279.89
3745	279.89
3746	279
3747	278.31
3748	277.89
3749	277.15
3750	276.49
3751	276.11
3752	276.11
3753	275.69
3754	275.52
3755	275.48
3756	275.48
3757	275.52
3758	275.44
3759	275.57
3760	275.8
3761	275.9
3762	276.3
3763	276.74
3764	276.86
3765	276.99
3766	277.07
3767	277.36
3768	277.47
3769	277.64
3770	277.72
3771	277.76
3772	277.89
3773	277.93
3774	278.05
3775	278.2
3776	278.33
3777	278.33
3778	278.43
3779	278.45
3780	278.43
3781	278.43
3782	278.39
3783	278.43
3784	278.43
3785	278.49
3786	278.54
3787	278.6
3788	278.64
3789	278.66
3790	278.74
3791	278.74
3792	278.81
3793	278.89
3794	278.91
3795	278.97
3796	279.04
3797	278.95
3798	279.04
3799	279.14
3800	279.18
3801	279.16
3802	279.18
3803	279.25
3804	279.23
3805	279.31
3806	279.46
3807	279.46
3808	279.48
3809	279.41
3810	279.43
3811	279.37
3812	279.39
3813	279.37
3814	279.41
3815	279.46
3816	279.46
3817	279.39
3818	279.35
3819	279.37
3820	279.33
3821	279.35
3822	279.35
3823	279.35
3824	279.43
3825	279.41
3826	279.35
3827	279.39
3828	279.46
3829	279.43
3830	279.37
3831	279.33
3832	279.46
3833	279.43
3834	279.52
3835	279.48
3836	279.48
3837	279.46
3838	279.43
3839	279.48
3840	279.54
3841	279.6
3842	279.62
3843	279.6
3844	279.64
3845	279.64
3846	279.66
3847	279.6
3848	279.6
3849	279.73
3850	279.69
3851	279.71
3852	279.71
3853	279.62
3854	279.62
3855	279.62
3856	279.5
3857	279.56
3858	279.52
3859	279.48
3860	279.5
3861	279.5
3862	279.5
3863	279.35
3864	279.43
3865	279.41
3866	279.43
3867	279.37
3868	279.46
3869	279.48
3870	279.48
3871	279.41
3872	279.41
3873	279.48
3874	279.43
3875	279.54
3876	279.6
3877	279.48
3878	279.5
3879	279.56
3880	279.54
3881	279.62
3882	279.6
3883	279.6
3884	279.6
3885	279.56
3886	279.54
3887	279.54
3888	279.62
3889	279.62
3890	279.66
3891	279.56
3892	279.54
3893	279.52
3894	279.52
3895	279.54
3896	279.62
3897	279.6
3898	279.64
3899	279.75
3900	279.73
3901	279.71
3902	279.64
3903	279.58
3904	279.56
3905	279.58
3906	279.54
3907	279.6
3908	279.64
3909	279.6
3910	279.6
3911	279.64
3912	279.66
3913	279.69
3914	279.71
3915	279.66
3916	279.73
3917	279.75
3918	279.75
3919	279.79
3920	279.79
3921	279.79
3922	279.73
3923	279.73
3924	279.69
3925	279.71
3926	279.71
3927	279.73
3928	279.73
3929	279.79
3930	279.79
3931	279.81
3932	279.77
3933	279.77
3934	279.75
3935	279.71
3936	279.71
3937	279.79
3938	279.83
3939	279.87
3940	279.85
3941	279.85
3942	279.83
3943	279.77
3944	279.79
3945	279.71
3946	279.64
3947	279.69
3948	279.64
3949	279.66
3950	279.73
3951	279.79
3952	279.79
3953	279.79
3954	279.81
3955	279.83
3956	279.79
3957	279.73
3958	279.73
3959	279.81
3960	279.85
3961	279.83
3962	279.87
3963	279.79
3964	279.85
3965	279.85
3966	279.92
3967	279.92
3968	279.92
3969	279.92
3970	279.96
3971	279.96
3972	279.96
3973	279.92
3974	279.94
3975	279.89
3976	279.92
3977	279.98
3978	279.98
3979	279.92
3980	279.85
3981	279.89
3982	279.81
3983	279.81
3984	279.83
3985	279.83
3986	279.85
3987	279.87
3988	279.79
3989	279.81
3990	279.87
3991	279.83
3992	279.87
3993	279.81
3994	279.85
3995	279.89
3996	279.96
3997	279.96
3998	279.85
3999	279.94
4000	279.96
4001	279.94
4002	279.98
4003	279.89
4004	279.89
4005	279.89
4006	279.87
4007	279.92
4008	280
4009	279.94
4010	280.02
4011	279.96
4012	279.96
4013	279.94
4014	279.94
4015	279.94
4016	279.98
4017	279.92
4018	279.92
4019	279.87
4020	279.81
4021	279.75
4022	279.69
4023	279.69
4024	279.75
4025	279.77
4026	279.92
4027	279.85
4028	279.94
4029	279.94
4030	279.89
4031	279.81
4032	279.79
4033	279.66
4034	279.71
4035	279.83
4036	279.83
4037	280.06
4038	280.08
4039	280.15
4040	280.38
4041	280.38
4042	280.5
4043	280.5
4044	280.61
4045	280.63
4046	280.63
4047	280.69
4048	280.69
4049	280.75
4050	280.75
4051	280.84
4052	280.88
4053	280.86
4054	280.94
4055	280.9
4056	280.92
4057	280.88
4058	280.94
4059	280.92
4060	280.96
4061	280.94
4062	280.94
4063	281.09
4064	281.09
4065	281.11
4066	281.11
4067	281.11
4068	281.11
4069	281.09
4070	281.13
4071	281.15
4072	281.09
4073	281.07
4074	281.04
4075	281.04
4076	281.09
4077	281.15
4078	281.17
4079	281.21
4080	281.17
4081	281.17
4082	281.19
4083	281.19
4084	281.13
4085	281.11
4086	281.19
4087	281.19
4088	281.13
4089	281.15
4090	281.13
4091	281.13
4092	281.23
4093	281.27
4094	281.25
4095	281.19
4096	281.19
4097	281.17
4098	281.13
4099	281.21
4100	281.21
4101	281.27
4102	281.3
4103	281.23
4104	281.21
4105	281.17
4106	281.21
4107	281.21
4108	281.15
4109	281.15
4110	281.13
4111	281.15
4112	281.11
4113	281.13
4114	281.13
4115	281.13
4116	281.13
4117	281.04
4118	281.02
4119	281.11
4120	281.07
4121	281.04
4122	281.15
4123	281.07
4124	281.19
4125	281.17
4126	281.15
4127	281.15
4128	281.21
4129	281.11
4130	281.11
4131	281.15
4132	281.17
4133	281.15
4134	281.11
4135	281.11
4136	281.09
4137	281.15
4138	281.21
4139	281.21
4140	281.23
4141	281.19
4142	281.17
4143	281.04
4144	281.11
4145	281.17
4146	281.17
4147	281.19
4148	281.15
4149	281.21
4150	281.17
4151	281.17
4152	281.17
4153	281.17
4154	281.21
4155	281.17
4156	281.11
4157	281.13
4158	281.09
4159	281.09
4160	281.13
4161	281.15
4162	281.13
4163	281.17
4164	281.11
4165	281.07
4166	281.04
4167	281.13
4168	281.15
4169	281.19
4170	281.27
4171	281.27
4172	281.25
4173	281.23
4174	281.25
4175	281.32
4176	281.23
4177	281.32
4178	281.32
4179	281.23
4180	281.21
4181	281.3
4182	281.38
4183	281.32
4184	281.38
4185	281.38
4186	281.3
4187	281.25
4188	281.19
4189	281.19
4190	281.19
4191	281.21
4192	281.19
4193	281.13
4194	281.21
4195	281.21
4196	281.19
4197	281.3
4198	281.17
4199	281.19
4200	281.09
4201	281.09
4202	281.17
4203	281.27
4204	281.27
4205	281.27
4206	281.27
4207	281.21
4208	281.25
4209	281.25
4210	281.25
4211	281.19
4212	281.11
4213	281.13
4214	281.09
4215	280.88
4216	280.56
4217	280.56
4218	279.66
4219	278.97
4220	278.6
4221	277.72
4222	276.95
4223	276.69
4224	276.36
4225	275.88
4226	275.69
4227	275.65
4228	275.75
4229	275.88
4230	275.96
4231	276.05
4232	276.19
4233	276.21
4234	276.3
4235	276.49
4236	276.61
4237	276.8
4238	276.88
4239	277.09
4240	277.24
4241	277.49
4242	277.74
4243	277.78
4244	277.93
4245	277.99
4246	278.01
4247	278.14
4248	278.28
4249	278.28
4250	278.6
4251	278.7
4252	278.77
4253	278.74
4254	278.72
4255	278.85
4256	278.85
4257	279.04
4258	279.18
4259	279.14
4260	279.2
4261	279.2
4262	279.16
4263	279.14
4264	279.2
4265	279.31
4266	279.33
4267	279.37
4268	279.37
4269	279.33
4270	279.39
4271	279.37
4272	279.43
4273	279.41
4274	279.46
4275	279.58
4276	279.69
4277	279.62
4278	279.73
4279	279.77
4280	279.77
4281	279.77
4282	279.69
4283	279.77
4284	279.71
4285	279.79
4286	279.85
4287	279.85
4288	279.85
4289	279.94
4290	279.98
4291	279.87
4292	279.81
4293	279.75
4294	279.79
4295	279.79
4296	279.92
4297	279.89
4298	279.87
4299	279.89
4300	279.89
4301	279.85
4302	279.79
4303	279.73
4304	279.75
4305	279.66
4306	279.75
4307	279.75
4308	279.83
4309	279.85
4310	279.85
4311	279.81
4312	279.83
4313	279.85
4314	279.85
4315	279.85
4316	279.89
4317	279.98
4318	279.96
4319	279.89
4320	279.89
4321	279.83
4322	279.77
4323	279.75
4324	279.77
4325	279.77
4326	279.71
4327	279.71
4328	279.73
4329	279.77
4330	279.77
4331	279.66
4332	279.77
4333	279.66
4334	279.73
4335	279.75
4336	279.75
4337	279.81
4338	279.77
4339	279.85
4340	279.83
4341	279.85
4342	279.81
4343	279.87
4344	279.79
4345	279.77
4346	279.79
4347	279.79
4348	279.83
4349	279.85
4350	279.89
4351	279.92
4352	279.92
4353	279.89
4354	279.85
4355	279.92
4356	279.94
4357	279.96
4358	279.94
4359	279.94
4360	279.89
4361	279.94
4362	279.83
4363	279.92
4364	279.96
4365	279.94
4366	279.94
4367	279.87
4368	279.87
4369	279.89
4370	279.87
4371	279.85
4372	279.94
4373	279.81
4374	279.83
4375	279.89
4376	279.92
4377	279.96
4378	279.94
4379	279.94
4380	279.94
4381	279.89
4382	279.89
4383	279.81
4384	279.75
4385	279.75
4386	279.73
4387	279.73
4388	279.79
4389	279.81
4390	279.79
4391	279.79
4392	279.79
4393	279.81
4394	279.77
4395	279.85
4396	279.77
4397	279.77
4398	279.77
4399	279.69
4400	279.71
4401	279.69
4402	279.66
4403	279.71
4404	279.69
4405	279.64
4406	279.69
4407	279.71
4408	279.69
4409	279.79
4410	279.73
4411	279.75
4412	279.71
4413	279.79
4414	279.83
4415	279.87
4416	279.89
4417	279.83
4418	279.81
4419	279.79
4420	279.83
4421	279.77
4422	279.77
4423	279.77
4424	279.83
4425	279.79
4426	279.83
4427	279.94
4428	279.89
4429	279.87
4430	279.87
4431	279.94
4432	279.87
4433	279.87
4434	279.81
4435	279.87
4436	279.77
4437	279.77
4438	279.89
4439	279.92
4440	279.87
4441	279.89
4442	279.87
4443	279.92
4444	279.87
4445	279.89
4446	279.85
4447	279.81
4448	279.77
4449	279.73
4450	279.75
4451	279.69
4452	279.71
4453	279.69
4454	279.64
4455	279.64
4456	279.71
4457	279.69
4458	279.69
4459	279.62
4460	279.66
4461	279.62
4462	279.62
4463	279.69
4464	279.73
4465	279.71
4466	279.77
4467	279.77
4468	279.77
4469	279.77
4470	279.73
4471	279.71
4472	279.75
4473	279.75
4474	279.71
4475	279.69
4476	279.69
4477	279.66
4478	279.66
4479	279.64
4480	279.62
4481	279.64
4482	279.62
4483	279.66
4484	279.64
4485	279.62
4486	279.71
4487	279.73
4488	279.71
4489	279.69
4490	279.73
4491	279.77
4492	279.81
4493	279.77
4494	279.75
4495	279.79
4496	279.73
4497	279.64
4498	279.81
4499	279.89
4500	279.79
4501	279.79
4502	279.85
4503	279.83
4504	279.85
4505	279.85
4506	279.75
4507	279.83
4508	279.83
4509	279.96
4510	280.15
4511	280.25
4512	280.42
4513	280.33
4514	280.44
4515	280.4
4516	280.63
4517	280.75
4518	280.9
4519	280.88
4520	280.79
4521	280.9
4522	280.86
4523	280.96
4524	280.98
4525	281
4526	281.02
4527	281.04
4528	281.04
4529	281.04
4530	280.98
4531	280.98
4532	280.96
4533	280.96
4534	281
4535	281.09
4536	281.02
4537	281.07
4538	281
4539	281.04
4540	281.04
4541	281.09
4542	281.09
4543	281.07
4544	281.09
4545	281.21
4546	281.32
4547	281.32
4548	281.23
4549	281.15
4550	281.21
4551	281.09
4552	281.21
4553	281.25
4554	281.25
4555	281.25
4556	281.17
4557	281.17
4558	281.19
4559	281.27
4560	281.11
4561	281.15
4562	281.09
4563	281.15
4564	281.17
4565	281.32
4566	281.36
4567	281.23
4568	281.34
4569	281.23
4570	281.25
4571	281.19
4572	281.19
4573	281.23
4574	281.36
4575	281.23
4576	281.27
4577	281.27
4578	281.36
4579	281.36
4580	281.38
4581	281.36
4582	281.32
4583	281.25
4584	281.36
4585	281.21
4586	281.23
4587	281.25
4588	281.25
4589	281.27
4590	281.4
4591	281.44
4592	281.42
4593	281.4
4594	281.4
4595	281.4
4596	281.32
4597	281.3
4598	281.27
4599	281.25
4600	281.34
4601	281.32
4602	281.27
4603	281.34
4604	281.34
4605	281.25
4606	281.25
4607	281.27
4608	281.27
4609	281.32
4610	281.27
4611	281.27
4612	281.32
4613	281.3
4614	281.4
4615	281.34
4616	281.34
4617	281.3
4618	281.3
4619	281.23
4620	281.21
4621	281.25
4622	281.27
4623	281.23
4624	281.32
4625	281.3
4626	281.36
4627	281.32
4628	281.34
4629	281.32
4630	281.25
4631	281.23
4632	281.25
4633	281.25
4634	281.32
4635	281.3
4636	281.27
4637	281.3
4638	281.32
4639	281.34
4640	281.23
4641	281.25
4642	281.15
4643	281.15
4644	281.15
4645	281.27
4646	281.34
4647	281.36
4648	281.34
4649	281.36
4650	281.36
4651	281.19
4652	281.21
4653	281.25
4654	281.36
4655	281.36
4656	281.44
4657	281.38
4658	281.4
4659	281.34
4660	281.3
4661	281.27
4662	281.34
4663	281.34
4664	281.4
4665	281.36
4666	281.38
4667	281.27
4668	281.27
4669	281.32
4670	281.25
4671	281.23
4672	281.23
4673	281.23
4674	281.15
4675	281.15
4676	281.25
4677	281.19
4678	281.23
4679	281.25
4680	281.32
4681	281.32
4682	281.32
4683	281.32
4684	281.25
4685	281.21
4686	281.3
4687	281.13
4688	281.02
4689	281.02
4690	280.5
4691	280.17
4692	279.98
4693	279.35
4694	278.64
4695	278.31
4696	277.93
4697	276.86
4698	276.55
4699	276.23
4700	276.07
4701	276.05
4702	275.94
4703	275.98
4704	276.17
4705	276.23
4706	276.36
4707	276.44
4708	276.59
4709	276.65
4710	276.76
4711	276.9
4712	277.15
4713	277.32
4714	277.32
4715	277.68
4716	277.93
4717	278.01
4718	278.16
4719	278.31
4720	278.39
4721	278.39
4722	278.6
4723	278.54
4724	278.62
4725	278.72
4726	278.79
4727	278.77
4728	278.85
4729	278.95
4730	279.02
4731	279.08
4732	279.06
4733	279.04
4734	279.04
4735	279.1
4736	279.14
4737	279.18
4738	279.25
4739	279.2
4740	279.25
4741	279.29
4742	279.27
4743	279.27
4744	279.35
4745	279.35
4746	279.43
4747	279.41
4748	279.46
4749	279.41
4750	279.41
4751	279.46
4752	279.5
4753	279.5
4754	279.48
4755	279.5
4756	279.56
4757	279.62
4758	279.58
4759	279.54
4760	279.54
4761	279.66
4762	279.73
4763	279.69
4764	279.73
4765	279.75
4766	279.73
4767	279.69
4768	279.69
4769	279.71
4770	279.75
4771	279.73
4772	279.66
4773	279.73
4774	279.66
4775	279.6
4776	279.62
4777	279.62
4778	279.6
4779	279.62
4780	279.64
4781	279.62
4782	279.66
4783	279.71
4784	279.66
4785	279.66
4786	279.66
4787	279.71
4788	279.66
4789	279.54
4790	279.62
4791	279.6
4792	279.6
4793	279.64
4794	279.64
4795	279.64
4796	279.66
4797	279.6
4798	279.64
4799	279.64
4800	279.64
4801	279.71
4802	279.71
4803	279.69
4804	279.66
4805	279.75
4806	279.71
4807	279.81
4808	279.73
4809	279.75
4810	279.77
4811	279.73
4812	279.75
4813	279.69
4814	279.69
4815	279.71
4816	279.69
4817	279.73
4818	279.73
4819	279.66
4820	279.64
4821	279.58
4822	279.64
4823	279.69
4824	279.69
4825	279.62
4826	279.69
4827	279.73
4828	279.69
4829	279.71
4830	279.83
4831	279.83
4832	279.92
4833	279.85
4834	279.83
4835	279.89
4836	279.94
4837	279.96
4838	279.96
4839	279.89
4840	279.92
4841	279.94
4842	279.85
4843	279.92
4844	279.94
4845	279.94
4846	279.85
4847	279.92
4848	279.94
4849	279.92
4850	279.89
4851	279.92
4852	279.85
4853	279.77
4854	279.71
4855	279.79
4856	279.79
4857	279.77
4858	279.75
4859	279.75
4860	279.73
4861	279.85
4862	279.83
4863	279.83
4864	279.92
4865	279.79
4866	279.81
4867	279.79
4868	279.81
4869	279.83
4870	279.83
4871	279.75
4872	279.79
4873	279.73
4874	279.73
4875	279.71
4876	279.71
4877	279.71
4878	279.73
4879	279.75
4880	279.81
4881	279.64
4882	279.56
4883	279.54
4884	279.52
4885	279.54
4886	279.52
4887	279.58
4888	279.62
4889	279.6
4890	279.56
4891	279.58
4892	279.56
4893	279.6
4894	279.58
4895	279.58
4896	279.54
4897	279.5
4898	279.52
4899	279.56
4900	279.58
4901	279.56
4902	279.56
4903	279.6
4904	279.56
4905	279.54
4906	279.48
4907	279.54
4908	279.58
4909	279.62
4910	279.62
4911	279.54
4912	279.6
4913	279.5
4914	279.54
4915	279.56
4916	279.56
4917	279.56
4918	279.6
4919	279.54
4920	279.6
4921	279.6
4922	279.62
4923	279.58
4924	279.6
4925	279.6
4926	279.64
4927	279.64
4928	279.69
4929	279.64
4930	279.62
4931	279.73
4932	279.66
4933	279.69
4934	279.69
4935	279.64
4936	279.69
4937	279.71
4938	279.71
4939	279.69
4940	279.66
4941	279.66
4942	279.77
4943	279.75
4944	279.75
4945	279.79
4946	279.77
4947	279.73
4948	279.73
4949	279.71
4950	279.75
4951	279.73
4952	279.71
4953	279.71
4954	279.73
4955	279.71
4956	279.77
4957	279.83
4958	279.81
4959	279.83
4960	279.85
4961	279.85
4962	279.85
4963	279.83
4964	279.83
4965	279.94
4966	279.94
4967	279.94
4968	279.92
4969	279.89
4970	279.81
4971	279.96
4972	280.06
4973	280.06
4974	280.04
4975	280.04
4976	279.98
4977	280.06
4978	279.98
4979	279.98
4980	280.06
4981	280.12
4982	280.19
4983	280.25
4984	280.48
4985	280.58
4986	280.67
4987	280.56
4988	280.84
4989	280.77
4990	280.84
4991	280.81
4992	280.88
4993	280.96
4994	280.98
4995	281
4996	281.04
4997	281.09
4998	281.07
4999	281.09
5000	280.96
5001	280.98
5002	281.04
5003	280.94
5004	281
5005	281
5006	281.02
5007	280.98
5008	281.02
5009	281.02
5010	280.96
5011	280.98
5012	280.98
5013	280.96
5014	281.02
5015	281.04
5016	281.02
5017	281.09
5018	281.17
5019	281.15
5020	281.04
5021	281.11
5022	281.17
5023	281.17
5024	281.19
5025	281.13
5026	281.04
5027	280.98
5028	281
5029	281.02
5030	281.04
5031	281.13
5032	281.13
5033	281.13
5034	281.07
5035	281.09
5036	281.15
5037	281.15
5038	281.04
5039	280.96
5040	280.96
5041	281
5042	281.07
5043	281.04
5044	281.04
5045	281.02
5046	281.13
5047	281.17
5048	281.11
5049	281.07
5050	281.07
5051	281.07
5052	281.11
5053	281.09
5054	281
5055	281.04
5056	281.09
5057	281.09
5058	281.04
5059	281.07
5060	281
5061	281.02
5062	281.09
5063	281.11
5064	281.11
5065	281.17
5066	281.15
5067	281.09
5068	281.04
5069	281.13
5070	281.09
5071	281.02
5072	280.96
5073	280.92
5074	280.9
5075	280.96
5076	280.96
5077	280.98
5078	281.02
5079	281.09
5080	281.09
5081	281.07
5082	281.09
5083	281.09
5084	281.07
5085	281.07
5086	281.02
5087	280.94
5088	280.9
5089	280.92
5090	280.96
5091	281.04
5092	281.02
5093	281.11
5094	281.09
5095	281.02
5096	281
5097	281.02
5098	281.02
5099	280.98
5100	281.04
5101	281.04
5102	281.02
5103	280.98
5104	281.04
5105	281.13
5106	281.13
5107	281.09
5108	281.09
5109	281.07
5110	281.15
5111	281.09
5112	281.09
5113	281.07
5114	281.07
5115	281.07
5116	281.13
5117	281.17
5118	281.23
5119	281.21
5120	281.17
5121	281.11
5122	281.11
5123	281.11
5124	281.17
5125	281.17
5126	281.23
5127	281.21
5128	281.3
5129	281.25
5130	281.34
5131	281.36
5132	281.34
5133	281.32
5134	281.3
5135	281.36
5136	281.34
5137	281.4
5138	281.4
5139	281.38
5140	281.44
5141	281.4
5142	281.3
5143	281.4
5144	281.46
5145	281.4
5146	281.53
5147	281.53
5148	281.34
5149	281.36
5150	281.34
5151	281.34
5152	281.25
5153	281.4
5154	281.4
5155	281.3
5156	281.34
5157	281.36
5158	281.4
5159	281.25
5160	281.19
5161	281.02
5162	280.56
5163	280.08
5164	279.77
5165	278.97
5166	278.18
5167	277.89
5168	277.55
5169	276.72
5170	276.57
5171	276.23
5172	276
5173	275.94
5174	275.98
5175	275.86
5176	275.88
5177	275.92
5178	276.11
5179	276.11
5180	276.61
5181	276.84
5182	277.01
5183	277.18
5184	277.36
5185	277.47
5186	277.47
5187	277.57
5188	277.66
5189	277.68
5190	277.76
5191	277.78
5192	277.95
5193	277.95
5194	278.2
5195	278.28
5196	278.28
5197	278.39
5198	278.45
5199	278.51
5200	278.58
5201	278.66
5202	278.74
5203	278.85
5204	278.85
5205	278.91
5206	278.93
5207	278.97
5208	279.02
5209	279
5210	279.02
5211	279
5212	279.04
5213	279.06
5214	279.1
5215	279.12
5216	279.18
5217	279.14
5218	279.14
5219	279.23
5220	279.31
5221	279.29
5222	279.31
5223	279.33
5224	279.35
5225	279.35
5226	279.39
5227	279.43
5228	279.41
5229	279.39
5230	279.41
5231	279.48
5232	279.5
5233	279.48
5234	279.52
5235	279.5
5236	279.56
5237	279.58
5238	279.56
5239	279.56
5240	279.56
5241	279.6
5242	279.58
5243	279.6
5244	279.6
5245	279.6
5246	279.6
5247	279.58
5248	279.52
5249	279.48
5250	279.48
5251	279.41
5252	279.41
5253	279.48
5254	279.5
5255	279.48
5256	279.52
5257	279.52
5258	279.56
5259	279.6
5260	279.62
5261	279.66
5262	279.69
5263	279.73
5264	279.73
5265	279.73
5266	279.75
5267	279.69
5268	279.66
5269	279.66
5270	279.66
5271	279.69
5272	279.75
5273	279.75
5274	279.73
5275	279.71
5276	279.75
5277	279.71
5278	279.73
5279	279.71
5280	279.69
5281	279.66
5282	279.66
5283	279.66
5284	279.69
5285	279.71
5286	279.71
5287	279.64
5288	279.62
5289	279.62
5290	279.62
5291	279.66
5292	279.71
5293	279.69
5294	279.66
5295	279.66
5296	279.66
5297	279.64
5298	279.64
5299	279.73
5300	279.66
5301	279.71
5302	279.71
5303	279.71
5304	279.73
5305	279.71
5306	279.73
5307	279.71
5308	279.66
5309	279.66
5310	279.64
5311	279.75
5312	279.75
5313	279.71
5314	279.66
5315	279.71
5316	279.58
5317	279.62
5318	279.58
5319	279.62
5320	279.66
5321	279.62
5322	279.6
5323	279.6
5324	279.58
5325	279.58
5326	279.56
5327	279.58
5328	279.58
5329	279.52
5330	279.52
5331	279.56
5332	279.58
5333	279.5
5334	279.5
5335	279.5
5336	279.5
5337	279.56
5338	279.6
5339	279.64
5340	279.62
5341	279.64
5342	279.62
5343	279.6
5344	279.64
5345	279.6
5346	279.6
5347	279.58
5348	279.6
5349	279.62
5350	279.6
5351	279.6
5352	279.58
5353	279.62
5354	279.64
5355	279.6
5356	279.54
5357	279.64
5358	279.79
5359	279.77
5360	279.77
5361	279.87
5362	279.81
5363	279.81
5364	279.71
5365	279.69
5366	279.73
5367	279.73
5368	279.79
5369	279.79
5370	279.83
5371	279.85
5372	279.83
5373	279.87
5374	279.87
5375	279.87
5376	279.89
5377	279.92
5378	279.87
5379	279.89
5380	279.92
5381	279.87
5382	279.87
5383	279.87
5384	279.94
5385	279.87
5386	279.85
5387	279.85
5388	279.77
5389	279.75
5390	279.77
5391	279.66
5392	279.71
5393	279.64
5394	279.64
5395	279.66
5396	279.69
5397	279.71
5398	279.73
5399	279.73
5400	279.71
5401	279.75
5402	279.75
5403	279.71
5404	279.71
5405	279.77
5406	279.77
5407	279.73
5408	279.73
5409	279.75
5410	279.77
5411	279.73
5412	279.79
5413	279.71
5414	279.77
5415	279.73
5416	279.79
5417	279.75
5418	279.79
5419	279.79
5420	279.79
5421	279.83
5422	279.83
5423	279.85
5424	279.87
5425	279.85
5426	279.87
5427	279.81
5428	279.85
5429	279.87
5430	279.89
5431	279.89
5432	279.87
5433	279.83
5434	279.83
5435	279.81
5436	279.87
5437	279.87
5438	279.87
5439	279.81
5440	279.81
5441	279.77
5442	279.69
5443	279.64
5444	279.75
5445	279.75
5446	279.98
5447	279.96
5448	280
5449	279.94
5450	279.89
5451	279.85
5452	279.83
5453	279.92
5454	279.94
5455	280.08
5456	280.06
5457	280.17
5458	280.19
5459	280.25
5460	280.52
5461	280.5
5462	280.65
5463	280.63
5464	280.75
5465	280.69
5466	280.73
5467	280.67
5468	280.69
5469	280.73
5470	280.73
5471	280.9
5472	280.96
5473	280.92
5474	280.9
5475	280.9
5476	280.96
5477	280.96
5478	281.02
5479	280.98
5480	281.07
5481	281.02
5482	281.02
5483	281.07
5484	281.09
5485	280.96
5486	280.88
5487	280.9
5488	280.92
5489	281.02
5490	281
5491	281.02
5492	281
5493	281.02
5494	281.02
5495	281.07
5496	281.13
5497	281.13
5498	281.13
5499	281.04
5500	281.09
5501	281.19
5502	281.19
5503	281.23
5504	281.11
5505	281.09
5506	281.07
5507	281.11
5508	281.09
5509	281.09
5510	281.04
5511	281
5512	281
5513	281.02
5514	281.02
5515	281.11
5516	281.11
5517	281.04
5518	281.02
5519	281
5520	281
5521	281.13
5522	281.15
5523	281.19
5524	281.19
5525	281.19
5526	281.23
5527	281.17
5528	281.15
5529	281.07
5530	281
5531	281.09
5532	281.07
5533	281.15
5534	281.15
5535	281.19
5536	281.17
5537	281.13
5538	281.19
5539	281.19
5540	281.25
5541	281.25
5542	281.25
5543	281.32
5544	281.32
5545	281.13
5546	281.11
5547	281.07
5548	281.07
5549	281.23
5550	281.21
5551	281.25
5552	281.21
5553	281.27
5554	281.23
5555	281.17
5556	281.23
5557	281.23
5558	281.21
5559	281.19
5560	281.3
5561	281.25
5562	281.21
5563	281.13
5564	281.17
5565	281.17
5566	281.17
5567	281.21
5568	281.23
5569	281.19
5570	281.3
5571	281.27
5572	281.27
5573	281.23
5574	281.27
5575	281.27
5576	281.25
5577	281.25
5578	281.19
5579	281.17
5580	281.17
5581	281.15
5582	281.13
5583	281.19
5584	281.17
5585	281.13
5586	281.09
5587	281.09
5588	281.17
5589	281.23
5590	281.25
5591	281.23
5592	281.25
5593	281.21
5594	281.13
5595	281.21
5596	281.15
5597	281.21
5598	281.25
5599	281.34
5600	281.38
5601	281.36
5602	281.34
5603	281.3
5604	281.27
5605	281.32
5606	281.34
5607	281.34
5608	281.38
5609	281.38
5610	281.27
5611	281.34
5612	281.34
5613	281.32
5614	281.32
5615	281.25
5616	281.25
5617	281.25
5618	281.19
5619	281.19
5620	281.23
5621	281.09
5622	281.07
5623	281.19
5624	281.23
5625	281.11
5626	281.11
5627	281.13
5628	281.13
5629	281.09
5630	281.13
5631	281.17
5632	281.17
5633	281.13
5634	281.04
5635	281.02
5636	280.77
5637	280.52
5638	280.4
5639	280.15
5640	279.89
5641	279.5
5642	278.81
5643	278.16
5644	277.49
5645	277.2
5646	276.8
5647	276.57
5648	276.26
5649	276.09
5650	276.03
5651	276.03
5652	276.09
5653	276.17
5654	276.21
5655	276.34
5656	276.44
5657	276.72
5658	276.72
5659	277.09
5660	277.22
5661	277.36
5662	277.59
5663	277.66
5664	277.68
5665	277.7
5666	277.74
5667	277.76
5668	277.82
5669	277.93
5670	277.99
5671	278.01
5672	278.08
5673	278.2
5674	278.22
5675	278.31
5676	278.35
5677	278.41
5678	278.54
5679	278.58
5680	278.68
5681	278.77
5682	278.85
5683	278.85
5684	278.93
5685	278.97
5686	279.02
5687	278.97
5688	279.06
5689	279.1
5690	279.1
5691	279.18
5692	279.23
5693	279.27
5694	279.29
5695	279.41
5696	279.35
5697	279.35
5698	279.39
5699	279.39
5700	279.41
5701	279.46
5702	279.39
5703	279.37
5704	279.37
5705	279.41
5706	279.43
5707	279.41
5708	279.41
5709	279.39
5710	279.37
5711	279.41
5712	279.39
5713	279.37
5714	279.48
5715	279.52
5716	279.5
5717	279.52
5718	279.56
5719	279.52
5720	279.56
5721	279.58
5722	279.58
5723	279.6
5724	279.56
5725	279.58
5726	279.56
5727	279.54
5728	279.6
5729	279.6
5730	279.62
5731	279.69
5732	279.69
5733	279.64
5734	279.69
5735	279.64
5736	279.58
5737	279.62
5738	279.62
5739	279.58
5740	279.58
5741	279.6
5742	279.6
5743	279.62
5744	279.6
5745	279.62
5746	279.58
5747	279.58
5748	279.58
5749	279.6
5750	279.56
5751	279.6
5752	279.66
5753	279.62
5754	279.62
5755	279.69
5756	279.71
5757	279.75
5758	279.71
5759	279.71
5760	279.71
5761	279.71
5762	279.66
5763	279.75
5764	279.79
5765	279.75
5766	279.75
5767	279.71
5768	279.71
5769	279.73
5770	279.73
5771	279.69
5772	279.75
5773	279.81
5774	279.83
5775	279.77
5776	279.81
5777	279.75
5778	279.73
5779	279.69
5780	279.66
5781	279.71
5782	279.71
5783	279.69
5784	279.69
5785	279.73
5786	279.64
5787	279.66
5788	279.62
5789	279.75
5790	279.77
5791	279.79
5792	279.79
5793	279.79
5794	279.81
5795	279.81
5796	279.81
5797	279.83
5798	279.85
5799	279.87
5800	279.87
5801	279.85
5802	279.77
5803	279.83
5804	279.83
5805	279.81
5806	279.89
5807	279.89
5808	279.89
5809	279.85
5810	279.92
5811	279.85
5812	279.85
5813	279.94
5814	279.87
5815	279.79
5816	279.81
5817	279.81
5818	279.83
5819	279.79
5820	279.77
5821	279.73
5822	279.81
5823	279.77
5824	279.77
5825	279.75
5826	279.71
5827	279.75
5828	279.71
5829	279.79
5830	279.73
5831	279.73
5832	279.66
5833	279.69
5834	279.75
5835	279.62
5836	279.77
5837	279.69
5838	279.69
5839	279.6
5840	279.6
5841	279.6
5842	279.64
5843	279.73
5844	279.64
5845	279.6
5846	279.6
5847	279.71
5848	279.75
5849	279.75
5850	279.79
5851	279.71
5852	279.6
5853	279.58
5854	279.66
5855	279.69
5856	279.69
5857	279.71
5858	279.64
5859	279.64
5860	279.64
5861	279.71
5862	279.64
5863	279.64
5864	279.58
5865	279.62
5866	279.69
5867	279.64
5868	279.73
5869	279.66
5870	279.62
5871	279.69
5872	279.71
5873	279.77
5874	279.75
5875	279.77
5876	279.66
5877	279.73
5878	279.73
5879	279.79
5880	279.75
5881	279.75
5882	279.73
5883	279.77
5884	279.66
5885	279.64
5886	279.77
5887	279.71
5888	279.71
5889	279.71
5890	279.73
5891	279.71
5892	279.77
5893	279.73
5894	279.79
5895	279.79
5896	279.77
5897	279.77
5898	279.85
5899	279.79
5900	279.85
5901	279.79
5902	279.79
5903	279.77
5904	279.79
5905	279.77
5906	279.77
5907	279.83
5908	279.73
5909	279.71
5910	279.62
5911	279.58
5912	279.83
5913	279.85
5914	279.89
5915	279.87
5916	279.89
5917	279.92
5918	279.92
5919	279.87
5920	279.81
5921	279.92
5922	279.94
5923	280.1
5924	280.17
5925	280.31
5926	280.54
5927	280.54
5928	280.69
5929	280.71
5930	280.75
5931	280.67
5932	280.71
5933	280.71
5934	280.71
5935	280.88
5936	280.9
5937	280.92
5938	280.88
5939	280.9
5940	280.92
5941	280.88
5942	280.94
5943	281.15
5944	281.04
5945	281.11
5946	281.07
5947	281.11
5948	281.09
5949	281.13
5950	281.07
5951	281.11
5952	281.13
5953	281.15
5954	281.17
5955	281.15
5956	281.09
5957	281
5958	281
5959	281.07
5960	281.07
5961	281.09
5962	281.13
5963	281.17
5964	281.27
5965	281.19
5966	281.19
5967	281.17
5968	281.11
5969	281.09
5970	281.09
5971	281.04
5972	281.02
5973	281.02
5974	281.13
5975	281.11
5976	281.19
5977	281.25
5978	281.25
5979	281.23
5980	281.17
5981	281.09
5982	281.11
5983	281.15
5984	281.19
5985	281.15
5986	281.15
5987	281.19
5988	281.19
5989	281.23
5990	281.25
5991	281.25
5992	281.21
5993	281.23
5994	281.21
5995	281.23
5996	281.19
5997	281.23
5998	281.23
5999	281.21
6000	281.23
6001	281.25
6002	281.3
6003	281.19
6004	281.19
6005	281.19
6006	281.32
6007	281.32
6008	281.32
6009	281.23
6010	281.27
6011	281.21
6012	281.3
6013	281.34
6014	281.3
6015	281.15
6016	281.15
6017	281.21
6018	281.23
6019	281.23
6020	281.21
6021	281.21
6022	281.19
6023	281.19
6024	281.15
6025	281.19
6026	281.11
6027	281.17
6028	281.21
6029	281.3
6030	281.36
6031	281.36
6032	281.34
6033	281.25
6034	281.3
6035	281.32
6036	281.25
6037	281.25
6038	281.3
6039	281.21
6040	281.15
6041	281.17
6042	281.17
6043	281.15
6044	281.15
6045	281.11
6046	281.19
6047	281.19
6048	281.25
6049	281.19
6050	281.21
6051	281.21
6052	281.21
6053	281.21
6054	281.17
6055	281.11
6056	281.15
6057	281.13
6058	281.17
6059	281.25
6060	281.23
6061	281.17
6062	281.15
6063	281.15
6064	281.17
6065	281.15
6066	281.21
6067	281.25
6068	281.19
6069	281.19
6070	281.3
6071	281.36
6072	281.36
6073	281.34
6074	281.34
6075	281.19
6076	281.19
6077	281.25
6078	281.27
6079	281.19
6080	281.19
6081	281.21
6082	281.09
6083	281.09
6084	281
6085	281.11
6086	281.13
6087	281.02
6088	281.07
6089	281.11
6090	281.21
6091	281.25
6092	281.25
6093	281.23
6094	281.27
6095	281.3
6096	281.23
6097	281.25
6098	281.17
6099	280.94
6100	280.9
6101	280.88
6102	280.86
6103	280.61
6104	280.35
6105	279.62
6106	278.64
6107	277.7
6108	277.7
6109	276.49
6110	276.34
6111	276.12
6112	276
6113	276
6114	276.02
6115	276.09
6116	276.09
6117	276.11
6118	276.21
6119	276.49
6120	276.72
6121	276.78
6122	276.9
6123	277.11
6124	277.28
6125	277.39
6126	277.59
6127	277.76
6128	277.8
6129	277.95
6130	278.16
6131	278.2
6132	278.31
6133	278.33
6134	278.41
6135	278.37
6136	278.49
6137	278.62
6138	278.79
6139	278.79
6140	278.79
6141	278.91
6142	278.89
6143	278.93
6144	278.97
6145	279.04
6146	279.18
6147	279.18
6148	279.25
6149	279.23
6150	279.23
6151	279.2
6152	279.27
6153	279.35
6154	279.35
6155	279.29
6156	279.31
6157	279.27
6158	279.33
6159	279.46
6160	279.5
6161	279.52
6162	279.43
6163	279.35
6164	279.31
6165	279.08
6166	278.91
6167	278.72
6168	278.77
6169	279.12
6170	279.18
6171	279.37
6172	279.48
6173	279.5
6174	279.6
6175	279.58
6176	279.54
6177	279.41
6178	279.52
6179	279.52
