1	271.79999
2	271.82001
3	271.85999
4	271.76001
5	271.76001
6	271.79999
7	271.88
8	271.85999
9	271.92999
10	271.92999
11	271.92999
12	271.97
13	271.91
14	271.91
15	271.92999
16	271.95001
17	271.98999
18	271.98999
19	271.91
20	271.88
21	271.97
22	271.79999
23	271.79999
24	271.84
25	271.91
26	271.91
27	271.91
28	271.95001
29	271.91
30	271.91
31	271.88
32	271.92999
33	271.97
34	271.92999
35	271.98999
36	272.01001
37	271.92999
38	272.01001
39	272.04999
40	272.03
41	271.97
42	271.95001
43	271.85999
44	271.92999
45	271.91
46	271.88
47	271.85999
48	271.79999
49	271.79999
50	271.79999
51	271.73999
52	271.73999
53	271.70001
54	271.72
55	271.72
56	271.64999
57	271.70001
58	271.67999
59	271.76001
60	271.70001
61	271.67999
62	271.67999
63	271.67999
64	271.73999
65	271.67999
66	271.70001
67	271.67999
68	271.70001
69	271.64999
70	271.76001
71	271.73999
72	271.67999
73	271.70001
74	271.76001
75	271.72
76	271.72
77	271.78
78	271.78
79	271.78
80	271.76001
81	271.73999
82	271.76001
83	271.84
84	271.79999
85	271.79999
86	271.78
87	271.70001
88	271.82001
89	271.76001
90	271.82001
91	271.88
92	271.79999
93	271.79999
94	271.79999
95	271.88
96	271.82001
97	271.84
98	271.82001
99	271.82001
100	271.82001
101	271.82001
102	271.95001
103	272.16
104	272.32001
105	272.41
106	272.51001
107	272.54999
108	272.53
109	272.78
110	272.92999
111	272.95001
112	273.17999
113	273.57999
114	273.76999
115	274
116	274.45999
117	274.60001
118	274.88
119	275.19
120	275.31
121	275.67001
122	275.76999
123	276.03
124	276.19
125	276.34
126	276.34
127	276.45999
128	276.59
129	276.64999
130	276.82001
131	276.85999
132	276.92001
133	276.92001
134	277.13
135	277.28
136	277.29999
137	277.35999
138	277.42999
139	277.42999
140	277.42999
141	277.48999
142	277.42999
143	277.42999
144	277.47
145	277.53
146	277.62
147	277.53
148	277.62
149	277.64001
150	277.70001
151	277.66
152	277.67999
153	277.72
154	277.78
155	277.62
156	277.73999
157	277.72
158	277.79999
159	277.73999
160	277.85001
161	277.87
162	277.91
163	277.95001
164	277.92999
165	277.92999
166	277.91
167	277.89001
168	277.95001
169	277.87
170	277.95001
171	277.95001
172	277.95001
173	277.98999
174	277.91
175	277.91
176	278.01001
177	278.01001
178	278.01001
179	278.07999
180	278.07999
181	278.03
182	278.14001
183	278.04999
184	278.17999
185	278.14001
186	278.17999
187	278.10001
188	278.10001
189	278.04999
190	278.03
191	278.16
192	278.20001
193	278.23999
194	278.20001
195	278.23999
196	278.42999
197	278.42999
198	278.32999
199	278.20001
200	278.23999
201	278.22
202	278.23999
203	278.31
204	278.31
205	278.26001
206	278.26001
207	278.31
208	278.23999
209	278.26001
210	278.22
211	278.22
212	278.32999
213	278.31
214	278.28
215	278.32999
216	278.35001
217	278.26001
218	278.31
219	278.31
220	278.35001
221	278.32999
222	278.20001
223	278.28
224	278.20001
225	278.28
226	278.32999
227	278.28
228	278.26001
229	278.20001
230	278.26001
231	278.23999
232	278.23999
233	278.20001
234	278.22
235	278.22
236	278.22
237	278.23999
238	278.26001
239	278.37
240	278.32999
241	278.23999
242	278.17999
243	278.17999
244	278.17999
245	278.20001
246	278.26001
247	278.39001
248	278.28
249	278.22
250	278.26001
251	278.23999
252	278.22
253	278.14001
254	278.14001
255	278.10001
256	278.12
257	278.12
258	278.16
259	278.22
260	278.26001
261	278.37
262	278.45001
263	278.37
264	278.45001
265	278.57999
266	278.56
267	278.60001
268	278.57999
269	278.56
270	278.57999
271	278.56
272	278.45001
273	278.45001
274	278.51001
275	278.51001
276	278.39001
277	278.37
278	278.45001
279	278.20001
280	278.07999
281	277.87
282	277.87
283	277.53
284	277.42999
285	277.29999
286	277.14999
287	277.01001
288	276.97
289	276.97
290	276.95001
291	276.98999
292	276.95001
293	276.84
294	276.72
295	276.53
296	276.39999
297	275.69
298	275.45999
299	274.98001
300	274.32999
301	273.92999
302	272.95001
303	272.48999
304	271.32001
305	270.10999
306	269.07999
307	269.07999
308	267.64001
309	266.97
310	266.67999
311	266.29999
312	265.95001
313	265.76001
314	265.76001
315	265.69
316	265.79999
317	265.89999
318	266.07001
319	266.32001
320	266.35999
321	266.45001
322	266.79999
323	266.97
324	267.10001
325	267.29999
326	267.51001
327	267.60001
328	267.73999
329	268.16
330	268.17999
331	268.37
332	268.48001
333	268.56
334	268.64001
335	268.75
336	268.89001
337	269.04001
338	269.23001
339	269.26999
340	269.32999
341	269.45999
342	269.44
343	269.60999
344	269.69
345	269.73001
346	269.73001
347	269.88
348	269.94
349	269.89999
350	269.95999
351	270.17001
352	270.17001
353	270.17001
354	270.38
355	270.39999
356	270.5
357	270.60999
358	270.64999
359	270.64999
360	270.78
361	270.84
362	270.76001
363	270.84
364	270.89999
365	270.84
366	270.92001
367	270.92001
368	270.92001
369	270.95999
370	270.98999
371	271.09
372	271.04999
373	271.03
374	271.04999
375	271.09
376	271.17001
377	271.28
378	271.28
379	271.19
380	271.23999
381	271.28
382	271.29999
383	271.35999
384	271.42001
385	271.42001
386	271.39999
387	271.47
388	271.45001
389	271.42001
390	271.47
391	271.48999
392	271.48999
393	271.54999
394	271.54999
395	271.53
396	271.57001
397	271.59
398	271.60999
399	271.53
400	271.53
401	271.63
402	271.54999
403	271.45001
404	271.42001
405	271.47
406	271.39999
407	271.45001
408	271.47
409	271.47
410	271.57001
411	271.53
412	271.57001
413	271.60999
414	271.67999
415	271.64999
416	271.67999
417	271.67999
418	271.64999
419	271.64999
420	271.70001
421	271.67999
422	271.64999
423	271.73999
424	271.73999
425	271.79999
426	271.73999
427	271.70001
428	271.70001
429	271.73999
430	271.84
431	271.79999
432	271.79999
433	271.78
434	271.76001
435	271.64999
436	271.67999
437	271.57001
438	271.57001
439	271.60999
440	271.63
441	271.63
442	271.63
443	271.73999
444	271.70001
445	271.67999
446	271.60999
447	271.63
448	271.64999
449	271.64999
450	271.67999
451	271.78
452	271.82001
453	271.76001
454	271.72
455	271.70001
456	271.70001
457	271.64999
458	271.70001
459	271.70001
460	271.70001
461	271.73999
462	271.70001
463	271.70001
464	271.78
465	271.73999
466	271.78
467	271.79999
468	271.78
469	271.78
470	271.76001
471	271.82001
472	271.91
473	271.84
474	271.85999
475	271.82001
476	271.76001
477	271.78
478	271.78
479	271.82001
480	271.73999
481	271.72
482	271.73999
483	271.72
484	271.67999
485	271.76001
486	271.64999
487	271.72
488	271.72
489	271.76001
490	271.78
491	271.82001
492	271.78
493	271.84
494	271.85999
495	271.85999
496	271.85999
497	271.82001
498	271.84
499	271.88
500	271.85999
501	271.88
502	271.84
503	271.84
504	271.78
505	271.79999
506	271.78
507	271.79999
508	271.76001
509	271.79999
510	271.82001
511	271.67999
512	271.84
513	271.76001
514	271.76001
515	271.73999
516	271.72
517	271.78
518	271.78
519	271.82001
520	271.82001
521	271.79999
522	271.78
523	271.84
524	271.84
525	271.79999
526	271.76001
527	271.76001
528	271.67999
529	271.67999
530	271.72
531	271.67999
532	271.76001
533	271.72
534	271.72
535	271.73999
536	271.72
537	271.78
538	271.73999
539	271.78
540	271.79999
541	271.84
542	271.82001
543	271.82001
544	271.82001
545	271.76001
546	271.82001
547	271.82001
548	271.85999
549	271.88
550	271.91
551	271.84
552	271.88
553	271.88
554	271.84
555	271.92999
556	271.88
557	271.82001
558	271.84
559	271.84
560	271.84
561	271.79999
562	271.84
563	271.92999
564	271.85999
565	271.91
566	271.91
567	271.85999
568	271.76001
569	271.91
570	271.85999
571	271.95001
572	271.88
573	271.85999
574	271.91
575	271.91
576	272.09
577	272.28
578	272.29999
579	272.34
580	272.39001
581	272.53
582	272.54999
583	272.70001
584	272.72
585	272.76001
586	273.12
587	273.41
588	273.91
589	274.29001
590	274.62
591	275.01999
592	275.19
593	275.42001
594	275.5
595	275.67001
596	275.94
597	276.04999
598	276.04999
599	276.34
600	276.53
601	276.60999
602	276.73999
603	276.73999
604	276.84
605	276.84
606	276.98999
607	277.01001
608	277.07001
609	277.10999
610	277.22
611	277.17999
612	277.17999
613	277.23999
614	277.29999
615	277.29999
616	277.41
617	277.45001
618	277.51001
619	277.51001
620	277.47
621	277.47
622	277.54999
623	277.59
624	277.66
625	277.66
626	277.66
627	277.70001
628	277.64001
629	277.76001
630	277.76001
631	277.70001
632	277.72
633	277.72
634	277.76001
635	277.89001
636	278.01001
637	278.01001
638	277.97
639	277.98999
640	278.03
641	277.98999
642	277.92999
643	277.97
644	277.97
645	277.97
646	277.91
647	277.89001
648	277.89001
649	278.01001
650	278.04999
651	278.10001
652	277.98999
653	278.01001
654	277.95001
655	278.03
656	278.04999
657	278.01001
658	278.04999
659	278.01001
660	278.01001
661	278.03
662	278.10001
663	278.10001
664	278.07999
665	278.12
666	278.14001
667	278.14001
668	278.14001
669	278.14001
670	278.16
671	278.17999
672	278.14001
673	278.26001
674	278.16
675	278.12
676	278.12
677	278.16
678	278.16
679	278.14001
680	278.16
681	278.17999
682	278.17999
683	278.17999
684	278.07999
685	278.04999
686	278.12
687	278.10001
688	278.20001
689	278.20001
690	278.20001
691	278.31
692	278.22
693	278.31
694	278.23999
695	278.28
696	278.28
697	278.28
698	278.22
699	278.23999
700	278.14001
701	278.14001
702	278.12
703	278.14001
704	278.10001
705	278.04999
706	278.03
707	278.14001
708	278.14001
709	278.22
710	278.20001
711	278.26001
712	278.26001
713	278.28
714	278.23999
715	278.23999
716	278.22
717	278.26001
718	278.23999
719	278.26001
720	278.32999
721	278.31
722	278.39001
723	278.28
724	278.28
725	278.22
726	278.28
727	278.23999
728	278.39001
729	278.32999
730	278.39001
731	278.32999
732	278.41
733	278.45001
734	278.48999
735	278.41
736	278.39001
737	278.37
738	278.45001
739	278.35001
740	278.35001
741	278.35001
742	278.41
743	278.42999
744	278.32999
745	278.28
746	278.20001
747	278.20001
748	278.12
749	278.10001
750	278.10001
751	278.14001
752	277.97
753	277.85001
754	277.78
755	277.53
756	277.32001
757	277.22
758	277.03
759	276.95001
760	276.92001
761	276.84
762	276.72
763	276.64999
764	276.63
765	276.69
766	276.67001
767	276.60999
768	276.57001
769	276.48999
770	276.17001
771	275.84
772	275.84
773	274.70999
774	273.89001
775	273.47
776	272.23999
777	271.13
778	270.17001
779	270.17001
780	268.62
781	267.81
782	267.45001
783	266.70001
784	266.10999
785	265.69
786	265.69
787	265.34
788	265.28
789	265.29999
790	265.28
791	265.44
792	265.51001
793	265.59
794	265.95001
795	266.03
796	266.23999
797	266.53
798	266.70001
799	266.95001
800	267.01001
801	267.42999
802	267.51001
803	267.66
804	267.89001
805	268.14001
806	268.25
807	268.25
808	268.42999
809	268.57999
810	268.69
811	268.69
812	268.75
813	268.94
814	269.04001
815	269.12
816	269.26999
817	269.32999
818	269.32999
819	269.51999
820	269.60999
821	269.73001
822	269.84
823	269.92001
824	270
825	270
826	270.14999
827	270.29999
828	270.29999
829	270.29999
830	270.34
831	270.38
832	270.45999
833	270.44
834	270.5
835	270.5
836	270.53
837	270.63
838	270.5
839	270.64999
840	270.69
841	270.70999
842	270.73001
843	270.84
844	270.84
845	270.82001
846	270.85999
847	270.89999
848	270.89999
849	270.98999
850	270.98999
851	270.92001
852	270.94
853	270.95999
854	270.98999
855	271.01001
856	271.07001
857	271.07001
858	271.13
859	271.13
860	271.10999
861	271.17001
862	271.17001
863	271.13
864	271.22
865	271.13
866	271.17001
867	271.22
868	271.22
869	271.26001
870	271.23999
871	271.23999
872	271.28
873	271.26001
874	271.38
875	271.34
876	271.32001
877	271.42001
878	271.35999
879	271.34
880	271.32001
881	271.32001
882	271.32001
883	271.39999
884	271.35999
885	271.38
886	271.38
887	271.42001
888	271.45001
889	271.45001
890	271.42001
891	271.47
892	271.45001
893	271.45001
894	271.42001
895	271.47
896	271.47
897	271.47
898	271.42001
899	271.48999
900	271.42001
901	271.48999
902	271.47
903	271.45001
904	271.47
905	271.45001
906	271.45001
907	271.47
908	271.42001
909	271.38
910	271.47
911	271.34
912	271.34
913	271.45001
914	271.42001
915	271.39999
916	271.48999
917	271.47
918	271.42001
919	271.51001
920	271.53
921	271.53
922	271.54999
923	271.42001
924	271.39999
925	271.45001
926	271.39999
927	271.48999
928	271.48999
929	271.57001
930	271.63
931	271.54999
932	271.51001
933	271.54999
934	271.48999
935	271.47
936	271.42001
937	271.38
938	271.45001
939	271.51001
940	271.54999
941	271.59
942	271.57001
943	271.53
944	271.60999
945	271.67999
946	271.57001
947	271.63
948	271.53
949	271.51001
950	271.51001
951	271.45001
952	271.51001
953	271.51001
954	271.51001
955	271.57001
956	271.54999
957	271.54999
958	271.57001
959	271.57001
960	271.57001
961	271.64999
962	271.72
963	271.73999
964	271.60999
965	271.64999
966	271.63
967	271.63
968	271.67999
969	271.70001
970	271.78
971	271.70001
972	271.73999
973	271.72
974	271.70001
975	271.64999
976	271.64999
977	271.59
978	271.67999
979	271.59
980	271.59
981	271.73999
982	271.60999
983	271.59
984	271.57001
985	271.47
986	271.53
987	271.57001
988	271.63
989	271.63
990	271.64999
991	271.54999
992	271.54999
993	271.63
994	271.54999
995	271.54999
996	271.60999
997	271.54999
998	271.63
999	271.63
1000	271.64999
1001	271.59
1002	271.51001
1003	271.63
1004	271.60999
1005	271.59
1006	271.60999
1007	271.67999
1008	271.63
1009	271.64999
1010	271.70001
1011	271.64999
1012	271.67999
1013	271.70001
1014	271.63
1015	271.73999
1016	271.72
1017	271.64999
1018	271.72
1019	271.67999
1020	271.57001
1021	271.60999
1022	271.57001
1023	271.60999
1024	271.59
1025	271.53
1026	271.57001
1027	271.59
1028	271.57001
1029	271.59
1030	271.51001
1031	271.51001
1032	271.70001
1033	271.60999
1034	271.54999
1035	271.60999
1036	271.59
1037	271.63
1038	271.63
1039	271.54999
1040	271.64999
1041	271.60999
1042	271.54999
1043	271.54999
1044	271.54999
1045	271.57001
1046	271.53
1047	271.57001
1048	271.54999
1049	271.64999
1050	271.84
1051	272.04999
1052	272.07001
1053	272.23999
1054	272.22
1055	272.34
1056	272.47
1057	272.48999
1058	272.62
1059	272.70001
1060	272.95001
1061	273.35001
1062	273.70001
1063	273.70001
1064	274.31
1065	274.64999
1066	274.89999
1067	275.25
1068	275.31
1069	275.59
1070	275.59
1071	276
1072	276.10999
1073	276.23001
1074	276.42001
1075	276.59
1076	276.64999
1077	276.64999
1078	276.78
1079	276.84
1080	276.89999
1081	276.95001
1082	277.03
1083	276.98999
1084	277.07001
1085	277.13
1086	277.17999
1087	277.09
1088	277.17999
1089	277.26001
1090	277.23999
1091	277.26001
1092	277.26001
1093	277.35999
1094	277.39001
1095	277.42999
1096	277.45001
1097	277.48999
1098	277.48999
1099	277.53
1100	277.48999
1101	277.51001
1102	277.51001
1103	277.53
1104	277.54999
1105	277.59
1106	277.62
1107	277.64001
1108	277.79999
1109	277.79999
1110	277.85001
1111	277.85001
1112	277.82001
1113	277.82001
1114	277.73999
1115	277.73999
1116	277.73999
1117	277.72
1118	277.72
1119	277.82001
1120	277.85001
1121	277.85001
1122	277.91
1123	277.91
1124	277.95001
1125	277.97
1126	278.01001
1127	277.95001
1128	277.97
1129	277.97
1130	278.01001
1131	277.91
1132	277.95001
1133	277.91
1134	277.91
1135	277.97
1136	277.97
1137	277.97
1138	277.98999
1139	278.01001
1140	277.92999
1141	277.92999
1142	277.95001
1143	277.97
1144	277.98999
1145	278.04999
1146	278.10001
1147	278.10001
1148	278.10001
1149	278.04999
1150	278.03
1151	278.07999
1152	278.07999
1153	278.07999
1154	278.10001
1155	278.03
1156	278.17999
1157	278.16
1158	278.14001
1159	278.16
1160	278.10001
1161	278.12
1162	278.04999
1163	278.12
1164	278.12
1165	278.14001
1166	278.10001
1167	278.07999
1168	278.12
1169	278.01001
1170	278.03
1171	278.10001
1172	278.20001
1173	278.20001
1174	278.23999
1175	278.14001
1176	278.16
1177	278.16
1178	278.14001
1179	278.16
1180	278.16
1181	278.17999
1182	278.12
1183	278.14001
1184	278.14001
1185	278.04999
1186	278.07999
1187	278.16
1188	278.20001
1189	278.23999
1190	278.16
1191	278.22
1192	278.17999
1193	278.14001
1194	278.10001
1195	278.01001
1196	278.03
1197	278.04999
1198	278.12
1199	278.10001
1200	278.07999
1201	278.16
1202	278.14001
1203	278.26001
1204	278.28
1205	278.28
1206	278.26001
1207	278.22
1208	278.22
1209	278.20001
1210	278.22
1211	278.20001
1212	278.20001
1213	278.17999
1214	278.17999
1215	278.17999
1216	278.22
1217	278.17999
1218	278.12
1219	278.12
1220	278.17999
1221	278.12
1222	278.10001
1223	278.10001
1224	278.20001
1225	278.10001
1226	277.98999
1227	277.73999
1228	277.62
1229	277.48999
1230	277.17999
1231	277.13
1232	277.09
1233	277.09
1234	276.92001
1235	276.92001
1236	276.79999
1237	276.73999
1238	276.72
1239	276.64999
1240	276.57001
1241	276.53
1242	276.34
1243	276.17001
1244	276.17001
1245	275.48001
1246	274.94
1247	274.60001
1248	273.73001
1249	272.73999
1250	271.63
1251	271.63
1252	269.84
1253	268.73001
1254	268.20001
1255	267.32999
1256	266.66
1257	266.32001
1258	266.14999
1259	265.48999
1260	265.32001
1261	265.23001
1262	265.26001
1263	265.32001
1264	265.39999
1265	265.45999
1266	265.64999
1267	265.69
1268	265.88
1269	266.13
1270	266.23999
1271	266.35999
1272	266.53
1273	266.70001
1274	266.82001
1275	267.04999
1276	267.04999
1277	267.35001
1278	267.48999
1279	267.60001
1280	267.73999
1281	267.87
1282	268
1283	268
1284	268.20001
1285	268.42999
1286	268.57999
1287	268.76999
1288	268.92001
1289	269.14999
1290	269.14999
1291	269.29001
1292	269.39999
1293	269.45999
1294	269.51999
1295	269.63
1296	269.60999
1297	269.69
1298	269.73001
1299	269.76999
1300	269.76999
1301	269.84
1302	269.88
1303	269.92001
1304	269.95999
1305	270.01999
1306	270.10999
1307	270.19
1308	270.23001
1309	270.26999
1310	270.29999
1311	270.26999
1312	270.32001
1313	270.29999
1314	270.39999
1315	270.39999
1316	270.44
1317	270.57001
1318	270.5
1319	270.57001
1320	270.54999
1321	270.64999
1322	270.64999
1323	270.67001
1324	270.70999
1325	270.70999
1326	270.78
1327	270.79999
1328	270.78
1329	270.79999
1330	270.85999
1331	270.88
1332	270.92001
1333	270.95999
1334	270.95999
1335	271.01001
1336	270.94
1337	270.98999
1338	270.89999
1339	270.98999
1340	270.92001
1341	270.94
1342	270.98999
1343	271.01001
1344	271.04999
1345	271.13
1346	271.14999
1347	271.19
1348	271.13
1349	271.13
1350	271.13
1351	271.17001
1352	271.22
1353	271.13
1354	271.13
1355	271.19
1356	271.22
1357	271.17001
1358	271.26001
1359	271.19
1360	271.19
1361	271.19
1362	271.17001
1363	271.23999
1364	271.14999
1365	271.23999
1366	271.28
1367	271.29999
1368	271.19
1369	271.32001
1370	271.39999
1371	271.38
1372	271.29999
1373	271.28
1374	271.28
1375	271.29999
1376	271.29999
1377	271.34
1378	271.32001
1379	271.35999
1380	271.32001
1381	271.39999
1382	271.38
1383	271.28
1384	271.38
1385	271.39999
1386	271.39999
1387	271.38
1388	271.42001
1389	271.39999
1390	271.39999
1391	271.45001
1392	271.45001
1393	271.45001
1394	271.39999
1395	271.45001
1396	271.39999
1397	271.42001
1398	271.39999
1399	271.39999
1400	271.39999
1401	271.34
1402	271.28
1403	271.32001
1404	271.26001
1405	271.34
1406	271.28
1407	271.29999
1408	271.29999
1409	271.35999
1410	271.32001
1411	271.38
1412	271.47
1413	271.45001
1414	271.45001
1415	271.45001
1416	271.53
1417	271.53
1418	271.59
1419	271.53
1420	271.60999
1421	271.54999
1422	271.53
1423	271.59
1424	271.64999
1425	271.64999
1426	271.54999
1427	271.47
1428	271.48999
1429	271.54999
1430	271.48999
1431	271.48999
1432	271.48999
1433	271.47
1434	271.35999
1435	271.45001
1436	271.42001
1437	271.54999
1438	271.45001
1439	271.45001
1440	271.53
1441	271.54999
1442	271.57001
1443	271.53
1444	271.47
1445	271.57001
1446	271.57001
1447	271.45001
1448	271.47
1449	271.42001
1450	271.45001
1451	271.45001
1452	271.45001
1453	271.42001
1454	271.47
1455	271.54999
1456	271.57001
1457	271.57001
1458	271.59
1459	271.54999
1460	271.54999
1461	271.53
1462	271.51001
1463	271.51001
1464	271.51001
1465	271.48999
1466	271.53
1467	271.48999
1468	271.47
1469	271.48999
1470	271.42001
1471	271.42001
1472	271.42001
1473	271.45001
1474	271.51001
1475	271.53
1476	271.54999
1477	271.54999
1478	271.59
1479	271.53
1480	271.54999
1481	271.48999
1482	271.48999
1483	271.51001
1484	271.53
1485	271.51001
1486	271.53
1487	271.59
1488	271.57001
1489	271.54999
1490	271.60999
1491	271.63
1492	271.63
1493	271.57001
1494	271.57001
1495	271.57001
1496	271.57001
1497	271.57001
1498	271.53
1499	271.48999
1500	271.45001
1501	271.45001
1502	271.48999
1503	271.48999
1504	271.48999
1505	271.45001
1506	271.47
1507	271.51001
1508	271.51001
1509	271.53
1510	271.53
1511	271.57001
1512	271.59
1513	271.57001
1514	271.59
1515	271.60999
1516	271.59
1517	271.64999
1518	271.63
1519	271.67999
1520	271.73999
1521	271.73999
1522	271.78
1523	271.95001
1524	272.07001
1525	272.20001
1526	272.34
1527	272.48999
1528	272.48999
1529	272.47
1530	272.42999
1531	272.45001
1532	272.70001
1533	272.89001
1534	273.32999
1535	273.32999
1536	274.01999
1537	274.32999
1538	274.56
1539	274.89999
1540	275.19
1541	275.42001
1542	275.42001
1543	275.84
1544	276.04999
1545	276.09
1546	276.17001
1547	276.28
1548	276.42001
1549	276.54999
1550	276.76001
1551	276.85999
1552	276.89999
1553	276.89999
1554	276.95001
1555	276.95001
1556	276.97
1557	277.09
1558	277.03
1559	277.17999
1560	277.22
1561	277.20001
1562	277.20001
1563	277.22
1564	277.28
1565	277.32001
1566	277.23999
1567	277.23999
1568	277.45001
1569	277.47
1570	277.45001
1571	277.53
1572	277.57001
1573	277.67999
1574	277.67999
1575	277.76001
1576	277.72
1577	277.78
1578	277.76001
1579	277.89001
1580	277.87
1581	277.89001
1582	277.79999
1583	277.78
1584	277.76001
1585	277.72
1586	277.66
1587	277.79999
1588	277.66
1589	277.67999
1590	277.70001
1591	277.70001
1592	277.72
1593	277.73999
1594	277.76001
1595	277.79999
1596	277.82001
1597	277.89001
1598	277.92999
1599	277.92999
1600	277.92999
1601	277.95001
1602	277.82001
1603	277.89001
1604	277.89001
1605	278.04999
1606	278.04999
1607	278.04999
1608	278.04999
1609	277.98999
1610	277.95001
1611	277.95001
1612	277.91
1613	277.91
1614	277.91
1615	277.95001
1616	277.97
1617	277.98999
1618	277.97
1619	277.92999
1620	277.98999
1621	278.03
1622	278.07999
1623	278.12
1624	278.16
1625	278.23999
1626	278.23999
1627	278.16
1628	278.16
1629	278.17999
1630	278.07999
1631	278.03
1632	278.10001
1633	278.04999
1634	278.03
1635	278.14001
1636	278.16
1637	278.26001
1638	278.26001
1639	278.14001
1640	278.22
1641	278.16
1642	278.12
1643	278.14001
1644	278.10001
1645	278.10001
1646	278.16
1647	278.26001
1648	278.31
1649	278.23999
1650	278.23999
1651	278.22
1652	278.22
1653	278.16
1654	278.14001
1655	278.17999
1656	278.07999
1657	278.12
1658	278.07999
1659	278.01001
1660	278.12
1661	278.12
1662	278.16
1663	278.10001
1664	278.07999
1665	278.17999
1666	278.12
1667	278.17999
1668	278.17999
1669	278.20001
1670	278.16
1671	278.14001
1672	278.20001
1673	278.10001
1674	278.26001
1675	278.14001
1676	278.14001
1677	278.14001
1678	278.03
1679	278.04999
1680	278.04999
1681	278.14001
1682	278.17999
1683	278.12
1684	278.12
1685	278.14001
1686	278.12
1687	278.04999
1688	278.10001
1689	278.12
1690	278.17999
1691	278.16
1692	278.14001
1693	278.16
1694	278.04999
1695	278.16
1696	278.07999
1697	278.12
1698	278.07999
1699	277.97
1700	277.89001
1701	277.73999
1702	277.51001
1703	277.45001
1704	277.26001
1705	277.22
1706	277.10999
1707	277.03
1708	276.95001
1709	276.95001
1710	276.85999
1711	276.85999
1712	276.78
1713	276.67001
1714	276.64999
1715	276.48999
1716	276.48999
1717	276.19
1718	275.70999
1719	275.48001
1720	274.75
1721	273.87
1722	272.67999
1723	272.67999
1724	270.64999
1725	269.45999
1726	268.92001
1727	267.85001
1728	267.12
1729	266.78
1730	266.54999
1731	265.79999
1732	265.69
1733	265.54999
1734	265.45999
1735	265.48999
1736	265.48999
1737	265.60999
1738	265.82001
1739	266.09
1740	266.29999
1741	266.57001
1742	266.72
1743	266.89001
1744	266.98999
1745	267.22
1746	267.48999
1747	267.57999
1748	267.57999
1749	267.85001
1750	268.04001
1751	268.14001
1752	268.23001
1753	268.45999
1754	268.57999
1755	268.57999
1756	268.82999
1757	268.98001
1758	269
1759	269.19
1760	269.26999
1761	269.31
1762	269.31
1763	269.56
1764	269.56
1765	269.56
1766	269.57999
1767	269.75
1768	269.75
1769	269.81
1770	269.92001
1771	269.88
1772	269.95999
1773	270.07001
1774	270.09
1775	270.14999
1776	270.13
1777	270.20999
1778	270.25
1779	270.34
1780	270.34
1781	270.42001
1782	270.53
1783	270.5
1784	270.67001
1785	270.59
1786	270.60999
1787	270.60999
1788	270.69
1789	270.76001
1790	270.70999
1791	270.70999
1792	270.76001
1793	270.76001
1794	270.76001
1795	270.85999
1796	270.92001
1797	270.92001
1798	270.98999
1799	270.95999
1800	270.98999
1801	271.01001
1802	271.03
1803	270.98999
1804	271.04999
1805	271.10999
1806	271.09
1807	271.09
1808	271.09
1809	270.98999
1810	271.01001
1811	270.94
1812	271.03
1813	271.09
1814	271.07001
1815	271.07001
1816	271.22
1817	271.17001
1818	271.22
1819	271.22
1820	271.26001
1821	271.29999
1822	271.28
1823	271.38
1824	271.35999
1825	271.39999
1826	271.39999
1827	271.32001
1828	271.35999
1829	271.38
1830	271.42001
1831	271.42001
1832	271.42001
1833	271.38
1834	271.39999
1835	271.45001
1836	271.39999
1837	271.34
1838	271.39999
1839	271.32001
1840	271.28
1841	271.29999
1842	271.38
1843	271.34
1844	271.39999
1845	271.42001
1846	271.45001
1847	271.47
1848	271.45001
1849	271.48999
1850	271.47
1851	271.47
1852	271.45001
1853	271.51001
1854	271.53
1855	271.48999
1856	271.47
1857	271.54999
1858	271.54999
1859	271.54999
1860	271.60999
1861	271.54999
1862	271.54999
1863	271.53
1864	271.53
1865	271.53
1866	271.53
1867	271.53
1868	271.54999
1869	271.47
1870	271.48999
1871	271.51001
1872	271.48999
1873	271.51001
1874	271.51001
1875	271.60999
1876	271.59
1877	271.60999
1878	271.57001
1879	271.53
1880	271.54999
1881	271.45001
1882	271.47
1883	271.42001
1884	271.47
1885	271.42001
1886	271.42001
1887	271.47
1888	271.47
1889	271.48999
1890	271.48999
1891	271.47
1892	271.47
1893	271.51001
1894	271.48999
1895	271.59
1896	271.60999
1897	271.60999
1898	271.60999
1899	271.59
1900	271.59
1901	271.51001
1902	271.54999
1903	271.57001
1904	271.54999
1905	271.53
1906	271.57001
1907	271.60999
1908	271.59
1909	271.64999
1910	271.64999
1911	271.64999
1912	271.63
1913	271.64999
1914	271.63
1915	271.70001
1916	271.64999
1917	271.63
1918	271.60999
1919	271.60999
1920	271.60999
1921	271.60999
1922	271.60999
1923	271.60999
1924	271.59
1925	271.63
1926	271.70001
1927	271.70001
1928	271.63
1929	271.63
1930	271.63
1931	271.63
1932	271.63
1933	271.67999
1934	271.64999
1935	271.63
1936	271.63
1937	271.64999
1938	271.54999
1939	271.59
1940	271.54999
1941	271.60999
1942	271.57001
1943	271.67999
1944	271.59
1945	271.57001
1946	271.63
1947	271.63
1948	271.59
1949	271.63
1950	271.64999
1951	271.64999
1952	271.59
1953	271.59
1954	271.54999
1955	271.57001
1956	271.59
1957	271.51001
1958	271.51001
1959	271.45001
1960	271.53
1961	271.53
1962	271.47
1963	271.59
1964	271.51001
1965	271.60999
1966	271.64999
1967	271.67999
1968	271.67999
1969	271.63
1970	271.67999
1971	271.60999
1972	271.64999
1973	271.63
1974	271.64999
1975	271.64999
1976	271.64999
1977	271.70001
1978	271.67999
1979	271.70001
1980	271.72
1981	271.70001
1982	271.72
1983	271.63
1984	271.70001
1985	271.63
1986	271.64999
1987	271.64999
1988	271.67999
1989	271.76001
1990	271.63
1991	271.63
1992	271.59
1993	271.67999
1994	271.60999
1995	271.70001
1996	271.79999
1997	272.09
1998	272.01001
1999	272.03
2000	272.03
2001	272.03
2002	272.07001
2003	272.09
2004	272.29999
2005	272.51001
2006	272.76001
2007	272.76001
2008	273.16
2009	273.47
2010	273.64001
2011	274.07999
2012	274.45999
2013	274.67001
2014	274.81
2015	275.29001
2016	275.42001
2017	275.67001
2018	275.94
2019	276
2020	276.14999
2021	276.20999
2022	276.35999
2023	276.34
2024	276.48999
2025	276.63
2026	276.69
2027	276.79999
2028	276.72
2029	276.82001
2030	276.88
2031	276.98999
2032	276.98999
2033	277.03
2034	277.01001
2035	277.04999
2036	277.09
2037	277.13
2038	277.28
2039	277.28
2040	277.28
2041	277.23999
2042	277.32001
2043	277.35999
2044	277.32001
2045	277.34
2046	277.34
2047	277.32001
2048	277.29999
2049	277.34
2050	277.45001
2051	277.42999
2052	277.41
2053	277.42999
2054	277.48999
2055	277.51001
2056	277.41
2057	277.34
2058	277.39001
2059	277.51001
2060	277.67999
2061	277.59
2062	277.64001
2063	277.59
2064	277.57001
2065	277.59
2066	277.57001
2067	277.64001
2068	277.66
2069	277.72
2070	277.67999
2071	277.67999
2072	277.72
2073	277.76001
2074	277.73999
2075	277.72
2076	277.79999
2077	277.91
2078	277.91
2079	277.91
2080	277.79999
2081	277.78
2082	277.76001
2083	277.79999
2084	277.82001
2085	277.76001
2086	277.73999
2087	277.73999
2088	277.76001
2089	277.79999
2090	277.79999
2091	277.72
2092	277.78
2093	277.87
2094	277.82001
2095	277.87
2096	277.87
2097	277.85001
2098	277.92999
2099	277.97
2100	278.03
2101	278.01001
2102	277.95001
2103	277.95001
2104	277.98999
2105	277.95001
2106	277.95001
2107	277.97
2108	277.89001
2109	277.85001
2110	277.85001
2111	277.78
2112	277.89001
2113	277.85001
2114	277.91
2115	277.92999
2116	278.04999
2117	278.04999
2118	278.12
2119	278.10001
2120	278.01001
2121	277.95001
2122	278.01001
2123	277.92999
2124	277.95001
2125	277.92999
2126	277.92999
2127	277.98999
2128	277.89001
2129	277.95001
2130	277.98999
2131	277.92999
2132	277.97
2133	277.95001
2134	277.95001
2135	277.87
2136	277.91
2137	278.03
2138	277.98999
2139	278.04999
2140	278.07999
2141	278.12
2142	278.12
2143	278.16
2144	278.22
2145	278.12
2146	278.10001
2147	277.95001
2148	277.95001
2149	277.95001
2150	278.07999
2151	278.04999
2152	278.10001
2153	278.14001
2154	278.10001
2155	277.98999
2156	278.03
2157	277.95001
2158	277.98999
2159	278.03
2160	277.92999
2161	278.01001
2162	277.98999
2163	277.95001
2164	277.98999
2165	277.92999
2166	277.98999
2167	277.92999
2168	277.95001
2169	277.95001
2170	277.91
2171	277.87
2172	277.64001
2173	277.57001
2174	277.32001
2175	277.28
2176	277.13
2177	277.03
2178	277.03
2179	276.92001
2180	276.92001
2181	276.92001
2182	276.78
2183	276.67001
2184	276.73999
2185	276.76001
2186	276.72
2187	276.72
2188	276.72
2189	276.42001
2190	276.03
2191	275.79999
2192	275.14999
2193	274.48001
2194	274.12
2195	273.62
2196	271.85999
2197	271.32001
2198	270.25
2199	269.23001
2200	268.25
2201	267.82999
2202	267.35001
2203	266.26001
2204	265.98999
2205	265.59
2206	265.32001
2207	265.34
2208	265.26001
2209	265.28
2210	265.28
2211	265.32001
2212	265.51001
2213	265.51001
2214	265.85999
2215	266.14999
2216	266.20001
2217	266.51001
2218	266.76001
2219	266.92999
2220	266.92999
2221	267.39001
2222	267.60001
2223	267.64001
2224	267.81
2225	267.81
2226	267.92999
2227	267.92999
2228	268.20001
2229	268.37
2230	268.37
2231	268.51999
2232	268.66
2233	268.76999
2234	268.92001
2235	269.06
2236	269.19
2237	269.26999
2238	269.38
2239	269.39999
2240	269.5
2241	269.54001
2242	269.60999
2243	269.70999
2244	269.81
2245	269.98001
2246	269.92001
2247	270.07001
2248	270.09
2249	270.10999
2250	270.14999
2251	270.13
2252	270.13
2253	270.13
2254	270.26999
2255	270.29999
2256	270.35999
2257	270.39999
2258	270.53
2259	270.53
2260	270.59
2261	270.59
2262	270.54999
2263	270.63
2264	270.73001
2265	270.73001
2266	270.78
2267	270.69
2268	270.69
2269	270.70999
2270	270.73001
2271	270.78
2272	270.84
2273	270.84
2274	270.84
2275	270.82001
2276	270.79999
2277	270.92001
2278	270.89999
2279	270.94
2280	270.92001
2281	270.95999
2282	271.01001
2283	270.92001
2284	270.92001
2285	270.92001
2286	271.01001
2287	270.98999
2288	270.95999
2289	270.94
2290	270.98999
2291	270.98999
2292	270.89999
2293	271.01001
2294	270.98999
2295	271.01001
2296	271.04999
2297	271.01001
2298	271.01001
2299	270.98999
2300	271.07001
2301	271.13
2302	271.10999
2303	271.09
2304	271.17001
2305	271.14999
2306	271.10999
2307	271.10999
2308	271.13
2309	271.13
2310	271.22
2311	271.19
2312	271.10999
2313	271.13
2314	271.07001
2315	271.09
2316	271.03
2317	270.92001
2318	271.01001
2319	271.10999
2320	271.17001
2321	271.22
2322	271.22
2323	271.22
2324	271.32001
2325	271.38
2326	271.29999
2327	271.29999
2328	271.29999
2329	271.29999
2330	271.29999
2331	271.29999
2332	271.42001
2333	271.48999
2334	271.45001
2335	271.32001
2336	271.35999
2337	271.32001
2338	271.32001
2339	271.28
2340	271.26001
2341	271.23999
2342	271.22
2343	271.32001
2344	271.29999
2345	271.34
2346	271.26001
2347	271.42001
2348	271.42001
2349	271.39999
2350	271.39999
2351	271.47
2352	271.47
2353	271.42001
2354	271.47
2355	271.47
2356	271.45001
2357	271.54999
2358	271.54999
2359	271.60999
2360	271.54999
2361	271.54999
2362	271.54999
2363	271.60999
2364	271.67999
2365	271.63
2366	271.70001
2367	271.60999
2368	271.51001
2369	271.51001
2370	271.59
2371	271.57001
2372	271.57001
2373	271.59
2374	271.57001
2375	271.63
2376	271.57001
2377	271.63
2378	271.67999
2379	271.63
2380	271.64999
2381	271.64999
2382	271.63
2383	271.60999
2384	271.59
2385	271.59
2386	271.60999
2387	271.59
2388	271.59
2389	271.57001
2390	271.57001
2391	271.51001
2392	271.48999
2393	271.45001
2394	271.45001
2395	271.39999
2396	271.39999
2397	271.42001
2398	271.47
2399	271.57001
2400	271.53
2401	271.53
2402	271.57001
2403	271.59
2404	271.57001
2405	271.48999
2406	271.60999
2407	271.53
2408	271.48999
2409	271.45001
2410	271.42001
2411	271.34
2412	271.32001
2413	271.32001
2414	271.35999
2415	271.32001
2416	271.34
2417	271.32001
2418	271.45001
2419	271.35999
2420	271.42001
2421	271.53
2422	271.45001
2423	271.51001
2424	271.51001
2425	271.51001
2426	271.53
2427	271.51001
2428	271.54999
2429	271.54999
2430	271.53
2431	271.54999
2432	271.57001
2433	271.57001
2434	271.54999
2435	271.53
2436	271.53
2437	271.51001
2438	271.54999
2439	271.54999
2440	271.54999
2441	271.54999
2442	271.53
2443	271.51001
2444	271.51001
2445	271.54999
2446	271.48999
2447	271.54999
2448	271.60999
2449	271.59
2450	271.59
2451	271.60999
2452	271.57001
2453	271.51001
2454	271.51001
2455	271.59
2456	271.64999
2457	271.60999
2458	271.63
2459	271.60999
2460	271.54999
2461	271.59
2462	271.59
2463	271.63
2464	271.63
2465	271.63
2466	271.57001
2467	271.47
2468	271.47
2469	271.54999
2470	271.79999
2471	271.97
2472	271.97
2473	271.95001
2474	271.97
2475	272.03
2476	272.04999
2477	272.14001
2478	272.34
2479	272.34
2480	272.81
2481	273.12
2482	273.32999
2483	273.67999
2484	274
2485	274.14001
2486	274.32999
2487	275.06
2488	275.20999
2489	275.39999
2490	275.54001
2491	275.54001
2492	275.64999
2493	275.75
2494	275.95999
2495	276.17001
2496	276.32001
2497	276.51001
2498	276.48999
2499	276.51001
2500	276.54999
2501	276.67001
2502	276.76001
2503	276.78
2504	276.78
2505	276.85999
2506	276.85999
2507	276.98999
2508	277.09
2509	277.17999
2510	277.13
2511	277.13
2512	277.20001
2513	277.20001
2514	277.22
2515	277.29999
2516	277.23999
2517	277.35999
2518	277.35999
2519	277.48999
2520	277.54999
2521	277.54999
2522	277.54999
2523	277.59
2524	277.59
2525	277.67999
2526	277.64001
2527	277.70001
2528	277.67999
2529	277.67999
2530	277.78
2531	277.72
2532	277.72
2533	277.67999
2534	277.76001
2535	277.67999
2536	277.67999
2537	277.78
2538	277.78
2539	277.89001
2540	277.85001
2541	277.78
2542	277.82001
2543	277.82001
2544	277.73999
2545	277.82001
2546	277.85001
2547	277.79999
2548	277.72
2549	277.73999
2550	277.73999
2551	277.76001
2552	277.82001
2553	277.79999
2554	277.91
2555	277.95001
2556	277.91
2557	277.91
2558	277.91
2559	277.95001
2560	277.89001
2561	277.89001
2562	278.01001
2563	277.97
2564	278.01001
2565	277.97
2566	278.01001
2567	278.03
2568	277.98999
2569	277.91
2570	277.98999
2571	277.92999
2572	277.92999
2573	277.87
2574	277.87
2575	277.87
2576	277.91
2577	277.89001
2578	277.85001
2579	277.79999
2580	277.79999
2581	277.91
2582	277.91
2583	277.95001
2584	277.82001
2585	277.91
2586	277.97
2587	278.01001
2588	278.03
2589	277.92999
2590	278.01001
2591	278.01001
2592	277.92999
2593	277.95001
2594	277.97
2595	278.01001
2596	278.01001
2597	277.98999
2598	277.92999
2599	278.03
2600	277.91
2601	277.91
2602	277.82001
2603	277.89001
2604	277.79999
2605	277.85001
2606	277.85001
2607	277.85001
2608	277.97
2609	278.03
2610	278.10001
2611	278.10001
2612	278.04999
2613	278.03
2614	278.03
2615	278.12
2616	278.14001
2617	278.12
2618	278.12
2619	278.07999
2620	278.10001
2621	278.10001
2622	278.04999
2623	278.16
2624	278.07999
2625	278.14001
2626	278.07999
2627	278.07999
2628	278.03
2629	277.98999
2630	278.10001
2631	278.03
2632	278.07999
2633	278.07999
2634	278.03
2635	278.07999
2636	277.92999
2637	278.01001
2638	277.98999
2639	278.04999
2640	278.10001
2641	278.14001
2642	278.26001
2643	278.26001
2644	278.28
2645	278.10001
2646	278.10001
2647	277.89001
2648	277.73999
2649	277.66
2650	277.42999
2651	277.29999
2652	277.28
2653	277.28
2654	277.10999
2655	277.01001
2656	276.95001
2657	276.97
2658	276.97
2659	276.95001
2660	276.85999
2661	276.76001
2662	276.57001
2663	276.38
2664	275.92001
2665	275.26999
2666	274.92001
2667	274.51999
2668	272.72
2669	272.09
2670	270.69
2671	269.20999
2672	268.62
2673	267.48999
2674	267.01001
2675	266.23999
2676	265.67001
2677	265.28
2678	264.92001
2679	264.82001
2680	264.64999
2681	264.60999
2682	264.54001
2683	264.64999
2684	264.75
2685	264.75
2686	265.10999
2687	265.45999
2688	265.48999
2689	265.92001
2690	266.28
2691	266.57001
2692	266.57001
2693	266.84
2694	267.03
2695	267.10001
2696	267.42999
2697	267.76999
2698	267.70001
2699	267.85001
2700	268.14001
2701	268.23001
2702	268.39001
2703	268.48001
2704	268.81
2705	268.73001
2706	268.76999
2707	268.94
2708	268.98001
2709	269.17001
2710	269.23001
2711	269.25
2712	269.31
2713	269.39999
2714	269.5
2715	269.51999
2716	269.60999
2717	269.60999
2718	269.73001
2719	269.84
2720	269.89999
2721	269.98001
2722	270.04001
2723	270.07001
2724	270.07001
2725	270.14999
2726	270.25
2727	270.29999
2728	270.34
2729	270.48001
2730	270.64999
2731	270.64999
2732	270.59
2733	270.63
2734	270.54999
2735	270.42001
2736	270.44
2737	270.35999
2738	270.29999
2739	270.48001
2740	270.54999
2741	270.64999
2742	270.76001
2743	270.84
2744	270.89999
2745	270.94
2746	270.88
2747	270.94
2748	271.01001
2749	270.95999
2750	271.04999
2751	271.01001
2752	270.98999
2753	270.98999
2754	271.01001
2755	271.04999
2756	271.04999
2757	271.17001
2758	271.29999
2759	271.26001
2760	271.22
2761	271.22
2762	271.19
2763	271.19
2764	271.22
2765	271.14999
2766	271.19
2767	271.14999
2768	271.03
2769	271.01001
2770	270.94
2771	270.78
2772	270.67001
2773	270.63
2774	270.59
2775	270.57001
2776	270.54999
2777	270.53
2778	270.64999
2779	270.69
2780	270.60999
2781	270.69
2782	270.60999
2783	270.70999
2784	270.78
2785	270.78
2786	270.79999
2787	270.84
2788	270.84
2789	270.85999
2790	270.94
2791	270.92001
2792	270.95999
2793	270.94
2794	270.98999
2795	270.98999
2796	270.98999
2797	271.04999
2798	271.03
2799	271.07001
2800	271.10999
2801	271.13
2802	271.13
2803	271.17001
2804	271.14999
2805	271.10999
2806	271.17001
2807	271.13
2808	271.23999
2809	271.26001
2810	271.13
2811	271.14999
2812	271.10999
2813	271.19
2814	271.22
2815	271.29999
2816	271.14999
2817	271.28
2818	271.34
2819	271.32001
2820	271.22
2821	271.19
2822	271.23999
2823	271.34
2824	271.32001
2825	271.39999
2826	271.38
2827	271.38
2828	271.39999
2829	271.48999
2830	271.42001
2831	271.54999
2832	271.51001
2833	271.35999
2834	271.35999
2835	271.47
2836	271.48999
2837	271.54999
2838	271.57001
2839	271.59
2840	271.57001
2841	271.67999
2842	271.54999
2843	271.57001
2844	271.53
2845	271.57001
2846	271.60999
2847	271.57001
2848	271.59
2849	271.70001
2850	271.64999
2851	271.76001
2852	271.78
2853	271.79999
2854	271.84
2855	271.84
2856	271.79999
2857	271.82001
2858	271.82001
2859	271.82001
2860	271.82001
2861	271.84
2862	271.84
2863	271.85999
2864	271.85999
2865	271.85999
2866	271.85999
2867	271.84
2868	271.78
2869	271.85999
2870	271.79999
2871	271.85999
2872	271.82001
2873	271.82001
2874	271.76001
2875	271.84
2876	271.82001
2877	271.88
2878	271.79999
2879	271.84
2880	271.78
2881	271.76001
2882	271.82001
2883	271.78
2884	271.67999
2885	271.73999
2886	271.63
2887	271.64999
2888	271.70001
2889	271.63
2890	271.73999
2891	271.78
2892	271.82001
2893	271.92999
2894	271.91
2895	271.91
2896	271.91
2897	271.88
2898	271.88
2899	271.85999
2900	271.91
2901	271.84
2902	271.88
2903	271.85999
2904	271.91
2905	271.91
2906	271.84
2907	271.88
2908	271.92999
2909	271.88
2910	271.92999
2911	271.85999
2912	271.91
2913	271.91
2914	271.97
2915	271.98999
2916	271.91
2917	271.82001
2918	271.88
2919	271.97
2920	271.91
2921	271.92999
2922	271.85999
2923	271.85999
2924	271.95001
2925	272.01001
2926	272.04999
2927	271.97
2928	271.92999
2929	271.95001
2930	272.07001
2931	271.97
2932	271.98999
2933	271.92999
2934	272.04999
2935	272.09
2936	272.16
2937	272.16
2938	272.09
2939	272.10999
2940	272.17999
2941	272.10999
2942	272.20001
2943	272.53
2944	272.53
2945	272.62
2946	272.60001
2947	272.67999
2948	272.89001
2949	273.04001
2950	273.14001
2951	273.32999
2952	273.81
2953	273.85001
2954	274.19
2955	274.44
2956	274.56
2957	274.95999
2958	274.98001
2959	275.23001
2960	275.38
2961	275.54001
2962	275.70999
2963	275.67001
2964	275.75
2965	275.82001
2966	275.95999
2967	276.04999
2968	276.07001
2969	276.07001
2970	276.14999
2971	276.26001
2972	276.20999
2973	276.42001
2974	276.53
2975	276.57001
2976	276.57001
2977	276.53
2978	276.60999
2979	276.72
2980	276.76001
2981	276.76001
2982	276.82001
2983	276.88
2984	277.03
2985	277.01001
2986	277.03
2987	277.09
2988	277.03
2989	277.03
2990	276.98999
2991	277.07001
2992	277.03
2993	277.01001
2994	277.03
2995	277.03
2996	277.04999
2997	277.14999
2998	277.13
2999	277.10999
3000	277.10999
3001	277.13
3002	277.09
3003	277.22
3004	277.22
3005	277.29999
3006	277.32001
3007	277.29999
3008	277.29999
3009	277.34
3010	277.41
3011	277.42999
3012	277.32001
3013	277.14999
3014	277.34
3015	277.34
3016	277.29999
3017	277.42999
3018	277.32001
3019	277.32001
3020	277.22
3021	277.20001
3022	277.22
3023	277.20001
3024	277.14999
3025	277.23999
3026	277.22
3027	277.28
3028	277.20001
3029	277.26001
3030	277.23999
3031	277.29999
3032	277.23999
3033	277.28
3034	277.13
3035	277.14999
3036	277.09
3037	277.09
3038	277.13
3039	277.09
3040	277.09
3041	277.09
3042	277.07001
3043	277.10999
3044	277.14999
3045	277.14999
3046	277.22
3047	277.22
3048	277.10999
3049	277.20001
3050	277.14999
3051	277.23999
3052	277.23999
3053	277.23999
3054	277.23999
3055	277.23999
3056	277.20001
3057	277.22
3058	277.28
3059	277.28
3060	277.39001
3061	277.35999
3062	277.32001
3063	277.26001
3064	277.22
3065	277.20001
3066	277.23999
3067	277.14999
3068	277.22
3069	277.17999
3070	277.13
3071	277.09
3072	277.20001
3073	277.20001
3074	277.28
3075	277.32001
3076	277.28
3077	277.29999
3078	277.35999
3079	277.35999
3080	277.34
3081	277.35999
3082	277.45001
3083	277.47
3084	277.45001
3085	277.32001
3086	277.32001
3087	277.26001
3088	277.32001
3089	277.32001
3090	277.28
3091	277.28
3092	277.29999
3093	277.32001
3094	277.23999
3095	277.26001
3096	277.28
3097	277.23999
3098	277.23999
3099	277.26001
3100	277.28
3101	277.32001
3102	277.41
3103	277.34
3104	277.26001
3105	277.26001
3106	277.22
3107	277.28
3108	277.28
3109	277.34
3110	277.29999
3111	277.29999
3112	277.17999
3113	277.26001
3114	277.32001
3115	277.23999
3116	277.22
3117	277.32001
3118	277.32001
3119	277.13
3120	277.04999
3121	276.92001
3122	276.64999
3123	276.38
3124	276.23001
3125	276.23001
3126	276.07001
3127	276.07001
3128	275.94
3129	275.92001
3130	275.89999
3131	275.95999
3132	275.95999
3133	275.84
3134	275.79999
3135	275.60999
3136	275.29001
3137	275.14999
3138	274.51999
3139	274.23001
3140	272.48999
3141	271.95001
3142	270.88
3143	269.67001
3144	269.12
3145	267.97
3146	267.47
3147	266.73999
3148	266.26001
3149	265.88
3150	265.88
3151	265.59
3152	265.48999
3153	265.42001
3154	265.54999
3155	265.69
3156	265.95001
3157	265.95001
3158	266.38
3159	266.66
3160	266.73999
3161	267.14001
3162	267.37
3163	267.41
3164	267.56
3165	267.92999
3166	268.10001
3167	268.16
3168	268.35001
3169	268.54001
3170	268.56
3171	268.64001
3172	268.87
3173	268.89001
3174	269.06
3175	269.12
3176	269.17001
3177	269.35001
3178	269.44
3179	269.54001
3180	269.67001
3181	269.76999
3182	269.76999
3183	269.92001
3184	270.04001
3185	270.13
3186	270.13
3187	270.19
3188	270.25
3189	270.25
3190	270.32001
3191	270.34
3192	270.44
3193	270.5
3194	270.63
3195	270.59
3196	270.59
3197	270.63
3198	270.76001
3199	270.79999
3200	270.85999
3201	270.88
3202	270.92001
3203	270.92001
3204	270.89999
3205	270.85999
3206	271.01001
3207	270.94
3208	271.03
3209	271.09
3210	271.07001
3211	271.17001
3212	271.17001
3213	271.22
3214	271.28
3215	271.23999
3216	271.26001
3217	271.34
3218	271.29999
3219	271.34
3220	271.35999
3221	271.35999
3222	271.32001
3223	271.38
3224	271.38
3225	271.38
3226	271.35999
3227	271.42001
3228	271.42001
3229	271.45001
3230	271.47
3231	271.42001
3232	271.59
3233	271.57001
3234	271.53
3235	271.60999
3236	271.64999
3237	271.60999
3238	271.63
3239	271.53
3240	271.47
3241	271.54999
3242	271.48999
3243	271.57001
3244	271.59
3245	271.63
3246	271.63
3247	271.67999
3248	271.64999
3249	271.60999
3250	271.59
3251	271.59
3252	271.64999
3253	271.64999
3254	271.70001
3255	271.64999
3256	271.67999
3257	271.64999
3258	271.67999
3259	271.64999
3260	271.64999
3261	271.60999
3262	271.59
3263	271.59
3264	271.64999
3265	271.63
3266	271.67999
3267	271.67999
3268	271.79999
3269	271.70001
3270	271.70001
3271	271.70001
3272	271.70001
3273	271.73999
3274	271.67999
3275	271.72
3276	271.64999
3277	271.67999
3278	271.70001
3279	271.63
3280	271.64999
3281	271.57001
3282	271.59
3283	271.70001
3284	271.73999
3285	271.76001
3286	271.78
3287	271.70001
3288	271.67999
3289	271.73999
3290	271.78
3291	271.76001
3292	271.76001
3293	271.78
3294	271.73999
3295	271.79999
3296	271.82001
3297	271.82001
3298	271.76001
3299	271.76001
3300	271.72
3301	271.64999
3302	271.67999
3303	271.78
3304	271.70001
3305	271.76001
3306	271.76001
3307	271.78
3308	271.82001
3309	271.78
3310	271.78
3311	271.82001
3312	271.79999
3313	271.72
3314	271.82001
3315	271.79999
3316	271.79999
3317	271.82001
3318	271.78
3319	271.79999
3320	271.82001
3321	271.78
3322	271.73999
3323	271.73999
3324	271.70001
3325	271.73999
3326	271.72
3327	271.76001
3328	271.72
3329	271.76001
3330	271.76001
3331	271.76001
3332	271.70001
3333	271.78
3334	271.82001
3335	271.72
3336	271.73999
3337	271.76001
3338	271.76001
3339	271.82001
3340	271.73999
3341	271.84
3342	271.76001
3343	271.78
3344	271.82001
3345	271.76001
3346	271.78
3347	271.78
3348	271.78
3349	271.73999
3350	271.79999
3351	271.82001
3352	271.78
3353	271.72
3354	271.72
3355	271.73999
3356	271.76001
3357	271.78
3358	271.72
3359	271.73999
3360	271.76001
3361	271.73999
3362	271.79999
3363	271.79999
3364	271.76001
3365	271.72
3366	271.73999
3367	271.70001
3368	271.73999
3369	271.73999
3370	271.73999
3371	271.67999
3372	271.63
3373	271.64999
3374	271.67999
3375	271.73999
3376	271.76001
3377	271.76001
3378	271.73999
3379	271.70001
3380	271.70001
3381	271.70001
3382	271.70001
3383	271.72
3384	271.64999
3385	271.67999
3386	271.70001
3387	271.73999
3388	271.72
3389	271.78
3390	271.72
3391	271.64999
3392	271.64999
3393	271.70001
3394	271.76001
3395	271.70001
3396	271.76001
3397	271.73999
3398	271.73999
3399	271.73999
3400	271.73999
3401	271.70001
3402	271.70001
3403	271.67999
3404	271.70001
3405	271.73999
3406	271.76001
3407	271.78
3408	271.76001
3409	271.76001
3410	271.82001
3411	271.73999
3412	271.84
3413	271.59
3414	271.57001
3415	271.64999
3416	271.64999
3417	272.22
3418	272.34
3419	272.47
3420	272.57999
3421	272.67999
3422	272.73999
3423	272.72
3424	273.01001
3425	273.17999
3426	273.5
3427	273.76999
3428	273.91
3429	274.14001
3430	274.20999
3431	274.42001
3432	274.60001
3433	274.82999
3434	275.13
3435	275.23001
3436	275.38
3437	275.45999
3438	275.60999
3439	275.67001
3440	275.69
3441	275.69
3442	275.84
3443	275.89999
3444	275.89999
3445	275.84
3446	275.88
3447	276.07001
3448	276.07001
3449	276.07001
3450	276.14999
3451	276.17001
3452	276.13
3453	276.09
3454	276.19
3455	276.17001
3456	276.28
3457	276.34
3458	276.32001
3459	276.29999
3460	276.29999
3461	276.38
3462	276.39999
3463	276.53
3464	276.59
3465	276.54999
3466	276.59
3467	276.57001
3468	276.57001
3469	276.63
3470	276.73999
3471	276.79999
3472	276.76001
3473	276.76001
3474	276.79999
3475	276.82001
3476	276.82001
3477	276.84
3478	276.78
3479	276.69
3480	276.69
3481	276.64999
3482	276.59
3483	276.64999
3484	276.67001
3485	276.67001
3486	276.72
3487	276.72
3488	276.72
3489	276.67001
3490	276.76001
3491	276.78
3492	276.84
3493	276.82001
3494	276.82001
3495	276.78
3496	276.82001
3497	276.67001
3498	276.82001
3499	276.85999
3500	276.84
3501	276.78
3502	276.84
3503	276.92001
3504	276.85999
3505	276.88
3506	276.92001
3507	276.89999
3508	276.82001
3509	276.98999
3510	276.89999
3511	277.03
3512	277.03
3513	277.01001
3514	276.92001
3515	276.97
3516	276.88
3517	276.95001
3518	276.97
3519	276.97
3520	277.01001
3521	277.04999
3522	277.07001
3523	277.07001
3524	276.95001
3525	277.01001
3526	276.98999
3527	277.14999
3528	277.03
3529	277.07001
3530	276.95001
3531	276.92001
3532	276.97
3533	276.88
3534	276.88
3535	276.79999
3536	276.85999
3537	276.82001
3538	276.84
3539	276.82001
3540	276.79999
3541	276.73999
3542	276.84
3543	276.79999
3544	276.79999
3545	276.84
3546	276.79999
3547	276.82001
3548	276.79999
3549	276.79999
3550	276.78
3551	276.78
3552	276.89999
3553	276.89999
3554	276.85999
3555	276.84
3556	276.82001
3557	276.78
3558	276.78
3559	276.79999
3560	276.73999
3561	276.73999
3562	276.72
3563	276.72
3564	276.82001
3565	276.78
3566	276.78
3567	276.84
3568	276.89999
3569	276.92001
3570	276.84
3571	276.85999
3572	276.88
3573	276.95001
3574	276.88
3575	276.85999
3576	276.73999
3577	276.82001
3578	276.85999
3579	276.95001
3580	276.88
3581	276.95001
3582	277.03
3583	277.03
3584	277.03
3585	276.92001
3586	276.92001
3587	276.88
3588	276.89999
3589	276.89999
3590	276.89999
3591	276.89999
3592	276.67001
3593	276.54999
3594	276.35999
3595	276.23001
3596	276.13
3597	276.09
3598	275.79999
3599	275.67001
3600	275.79999
3601	275.70999
3602	275.70999
3603	275.67001
3604	275.54001
3605	275.45999
3606	275.39999
3607	275.38
3608	275.34
3609	275.25
3610	274.98001
3611	274.79001
3612	274.07999
3613	273.16
3614	272.04999
3615	272.04999
3616	270.20999
3617	269.12
3618	268.69
3619	267.70001
3620	266.92999
3621	266.34
3622	266.34
3623	265.85999
3624	265.72
3625	265.76001
3626	265.76001
3627	265.89999
3628	266.09
3629	266.09
3630	266.29999
3631	266.57001
3632	266.66
3633	266.87
3634	267.14001
3635	267.23999
3636	267.29999
3637	267.54001
3638	267.72
3639	267.82999
3640	268.01999
3641	268.10001
3642	268.23001
3643	268.32999
3644	268.51999
3645	268.60001
3646	268.73001
3647	268.87
3648	268.89001
3649	269
3650	269.06
3651	269.12
3652	269.29001
3653	269.32999
3654	269.32999
3655	269.48001
3656	269.64999
3657	269.64999
3658	269.70999
3659	269.81
3660	269.81
3661	269.81
3662	269.92001
3663	269.94
3664	270
3665	269.98001
3666	270.09
3667	270.04001
3668	270.09
3669	270.13
3670	270.19
3671	270.26999
3672	270.29999
3673	270.34
3674	270.38
3675	270.38
3676	270.53
3677	270.53
3678	270.48001
3679	270.5
3680	270.5
3681	270.59
3682	270.63
3683	270.64999
3684	270.70999
3685	270.69
3686	270.76001
3687	270.79999
3688	270.79999
3689	270.85999
3690	270.85999
3691	270.78
3692	270.79999
3693	270.79999
3694	270.88
3695	270.95999
3696	270.94
3697	270.98999
3698	270.94
3699	270.85999
3700	270.85999
3701	270.88
3702	270.92001
3703	270.89999
3704	270.94
3705	270.94
3706	270.94
3707	270.98999
3708	271.03
3709	271.07001
3710	271.07001
3711	271.10999
3712	271.14999
3713	271.04999
3714	271.07001
3715	271.09
3716	271.03
3717	271.07001
3718	271.17001
3719	271.10999
3720	271.14999
3721	271.09
3722	271.17001
3723	271.14999
3724	271.17001
3725	271.17001
3726	271.23999
3727	271.26001
3728	271.23999
3729	271.26001
3730	271.28
3731	271.32001
3732	271.32001
3733	271.26001
3734	271.34
3735	271.38
3736	271.34
3737	271.39999
3738	271.35999
3739	271.35999
3740	271.32001
3741	271.35999
3742	271.22
3743	271.28
3744	271.17001
3745	271.28
3746	271.32001
3747	271.28
3748	271.34
3749	271.34
3750	271.28
3751	271.29999
3752	271.28
3753	271.19
3754	271.32001
3755	271.32001
3756	271.34
3757	271.28
3758	271.23999
3759	271.29999
3760	271.28
3761	271.26001
3762	271.32001
3763	271.38
3764	271.38
3765	271.38
3766	271.29999
3767	271.35999
3768	271.38
3769	271.39999
3770	271.35999
3771	271.35999
3772	271.23999
3773	271.19
3774	271.23999
3775	271.23999
3776	271.22
3777	271.19
3778	271.29999
3779	271.29999
3780	271.35999
3781	271.32001
3782	271.32001
3783	271.39999
3784	271.34
3785	271.34
3786	271.32001
3787	271.29999
3788	271.32001
3789	271.32001
3790	271.19
3791	271.17001
3792	271.29999
3793	271.28
3794	271.28
3795	271.34
3796	271.34
3797	271.26001
3798	271.23999
3799	271.28
3800	271.28
3801	271.29999
3802	271.34
3803	271.34
3804	271.35999
3805	271.26001
3806	271.32001
3807	271.32001
3808	271.35999
3809	271.28
3810	271.28
3811	271.22
3812	271.19
3813	271.23999
3814	271.29999
3815	271.32001
3816	271.17001
3817	271.26001
3818	271.14999
3819	271.19
3820	271.17001
3821	271.19
3822	271.10999
3823	271.14999
3824	271.19
3825	271.19
3826	271.26001
3827	271.19
3828	271.17001
3829	271.17001
3830	271.14999
3831	271.23999
3832	271.29999
3833	271.32001
3834	271.28
3835	271.28
3836	271.26001
3837	271.28
3838	271.28
3839	271.35999
3840	271.32001
3841	271.32001
3842	271.32001
3843	271.17001
3844	271.19
3845	271.23999
3846	271.23999
3847	271.32001
3848	271.28
3849	271.32001
3850	271.28
3851	271.34
3852	271.35999
3853	271.34
3854	271.39999
3855	271.34
3856	271.38
3857	271.32001
3858	271.39999
3859	271.34
3860	271.39999
3861	271.29999
3862	271.29999
3863	271.34
3864	271.22
3865	271.22
3866	271.19
3867	271.19
3868	271.19
3869	271.19
3870	271.34
3871	271.38
3872	271.35999
3873	271.34
3874	271.34
3875	271.34
3876	271.28
3877	271.39999
3878	271.38
3879	271.26001
3880	271.23999
3881	271.23999
3882	271.32001
3883	271.38
3884	271.32001
3885	271.34
3886	271.26001
3887	271.26001
3888	271.28
3889	271.51001
3890	271.64999
3891	271.97
3892	272.16
3893	272.22
3894	272.22
3895	272.32001
3896	272.34
3897	272.42999
3898	272.54999
3899	272.72
3900	272.82999
3901	273.01001
3902	273.17999
3903	273.47
3904	273.66
3905	273.89001
3906	273.89001
3907	274.26999
3908	274.60001
3909	274.73001
3910	274.85001
3911	274.92001
3912	275.04001
3913	275.04001
3914	275.20999
3915	275.29001
3916	275.29001
3917	275.5
3918	275.54001
3919	275.60999
3920	275.63
3921	275.70999
3922	275.73001
3923	275.69
3924	275.69
3925	275.67001
3926	275.79999
3927	275.75
3928	275.84
3929	275.88
3930	275.92001
3931	275.94
3932	275.95999
3933	276.04999
3934	276.04999
3935	276.13
3936	276.07001
3937	276.13
3938	276.07001
3939	276.10999
3940	276.19
3941	276.17001
3942	276.19
3943	276.17001
3944	276.17001
3945	276.17001
3946	276.17001
3947	276.17001
3948	276.19
3949	276.23001
3950	276.26001
3951	276.20999
3952	276.20999
3953	276.29999
3954	276.32001
3955	276.29999
3956	276.26001
3957	276.32001
3958	276.28
3959	276.34
3960	276.44
3961	276.54999
3962	276.57001
3963	276.51001
3964	276.39999
3965	276.39999
3966	276.35999
3967	276.34
3968	276.26001
3969	276.32001
3970	276.23001
3971	276.26001
3972	276.29999
3973	276.38
3974	276.42001
3975	276.42001
3976	276.53
3977	276.53
3978	276.44
3979	276.44
3980	276.59
3981	276.60999
3982	276.51001
3983	276.44
3984	276.44
3985	276.53
3986	276.57001
3987	276.60999
3988	276.64999
3989	276.63
3990	276.54999
3991	276.54999
3992	276.59
3993	276.59
3994	276.60999
3995	276.45999
3996	276.42001
3997	276.44
3998	276.42001
3999	276.45999
4000	276.51001
4001	276.51001
4002	276.48999
4003	276.48999
4004	276.42001
4005	276.34
4006	276.38
4007	276.39999
4008	276.39999
4009	276.48999
4010	276.45999
4011	276.45999
4012	276.57001
4013	276.60999
4014	276.60999
4015	276.54999
4016	276.54999
4017	276.54999
4018	276.51001
4019	276.42001
4020	276.42001
4021	276.44
4022	276.39999
4023	276.39999
4024	276.53
4025	276.51001
4026	276.53
4027	276.48999
4028	276.53
4029	276.59
4030	276.59
4031	276.48999
4032	276.53
4033	276.54999
4034	276.51001
4035	276.45999
4036	276.42001
4037	276.53
4038	276.54999
4039	276.57001
4040	276.59
4041	276.60999
4042	276.64999
4043	276.64999
4044	276.64999
4045	276.63
4046	276.59
4047	276.59
4048	276.59
4049	276.51001
4050	276.44
4051	276.44
4052	276.35999
4053	276.35999
4054	276.38
4055	276.38
4056	276.35999
4057	276.34
4058	276.44
4059	276.44
4060	276.45999
4061	276.44
4062	276.44
4063	276.57001
4064	276.53
4065	276.53
4066	276.29999
4067	276.10999
4068	275.95999
4069	275.85999
4070	275.60999
4071	275.51999
4072	275.5
4073	275.39999
4074	275.44
4075	275.39999
4076	275.38
4077	275.20999
4078	275.29001
4079	275.25
4080	275.20999
4081	275.10999
4082	274.94
4083	274.73001
4084	274.32999
4085	273.82999
4086	273.12
4087	273.12
4088	271.76001
4089	270.78
4090	270.26999
4091	269.06
4092	268
4093	267.12
4094	267.12
4095	266.04999
4096	265.67001
4097	265.54999
4098	265.35999
4099	265.32001
4100	265.20999
4101	265.23001
4102	265.44
4103	265.69
4104	265.63
4105	265.85999
4106	266.14999
4107	266.20001
4108	266.28
4109	266.66
4110	266.73999
4111	266.92999
4112	267.17999
4113	267.22
4114	267.41
4115	267.54001
4116	267.76999
4117	267.92999
4118	268.04001
4119	268.17999
4120	268.26999
4121	268.37
4122	268.48001
4123	268.60001
4124	268.70999
4125	268.76999
4126	268.76999
4127	268.94
4128	269.07999
4129	269.12
4130	269.26999
4131	269.31
4132	269.32999
4133	269.32999
4134	269.5
4135	269.56
4136	269.73001
4137	269.73001
4138	269.76999
4139	269.89999
4140	269.88
4141	270
4142	270.09
4143	270.23001
4144	270.25
4145	270.29999
4146	270.26999
4147	270.34
4148	270.32001
4149	270.48001
4150	270.45999
4151	270.45999
4152	270.54999
4153	270.53
4154	270.53
4155	270.54999
4156	270.64999
4157	270.63
4158	270.63
4159	270.63
4160	270.67001
4161	270.63
4162	270.64999
4163	270.73001
4164	270.76001
4165	270.76001
4166	270.73001
4167	270.69
4168	270.73001
4169	270.70999
4170	270.67001
4171	270.70999
4172	270.70999
4173	270.79999
4174	270.85999
4175	270.84
4176	270.85999
4177	270.84
4178	270.88
4179	270.85999
4180	270.92001
4181	270.92001
4182	270.85999
4183	270.89999
4184	270.92001
4185	270.98999
4186	270.92001
4187	270.92001
4188	271.01001
4189	270.98999
4190	270.92001
4191	271.01001
4192	271.03
4193	271.03
4194	271.09
4195	271.10999
4196	271.13
4197	271.13
4198	271.07001
4199	271.10999
4200	271.10999
4201	271.14999
4202	271.10999
4203	271.14999
4204	271.14999
4205	271.01001
4206	271.09
4207	271.07001
4208	271.10999
4209	271.13
4210	271.14999
4211	271.13
4212	271.13
4213	271.13
4214	271.13
4215	271.10999
4216	271.13
4217	271.10999
4218	271.17001
4219	271.10999
4220	271.14999
4221	271.13
4222	271.09
4223	271.04999
4224	271.10999
4225	271.17001
4226	271.14999
4227	271.14999
4228	271.14999
4229	271.14999
4230	271.23999
4231	271.19
4232	271.23999
4233	271.28
4234	271.19
4235	271.26001
4236	271.26001
4237	271.14999
4238	271.19
4239	271.19
4240	271.26001
4241	271.22
4242	271.19
4243	271.19
4244	271.19
4245	271.14999
4246	271.14999
4247	271.10999
4248	271.17001
4249	271.22
4250	271.26001
4251	271.23999
4252	271.26001
4253	271.35999
4254	271.29999
4255	271.29999
4256	271.19
4257	271.19
4258	271.26001
4259	271.22
4260	271.29999
4261	271.32001
4262	271.35999
4263	271.32001
4264	271.35999
4265	271.35999
4266	271.32001
4267	271.32001
4268	271.32001
4269	271.19
4270	271.23999
4271	271.23999
4272	271.23999
4273	271.26001
4274	271.26001
4275	271.26001
4276	271.28
4277	271.17001
4278	271.32001
4279	271.22
4280	271.14999
4281	271.23999
4282	271.19
4283	271.22
4284	271.28
4285	271.23999
4286	271.17001
4287	271.23999
4288	271.22
4289	271.17001
4290	271.26001
4291	271.22
4292	271.17001
4293	271.19
4294	271.28
4295	271.14999
4296	271.17001
4297	271.13
4298	271.14999
4299	271.17001
4300	271.17001
4301	271.22
4302	271.26001
4303	271.19
4304	271.26001
4305	271.26001
4306	271.22
4307	271.22
4308	271.23999
4309	271.22
4310	271.14999
4311	271.09
4312	271.07001
4313	271.07001
4314	271.07001
4315	271.14999
4316	271.17001
4317	271.04999
4318	271.09
4319	271.13
4320	271.09
4321	271.13
4322	271.17001
4323	271.13
4324	271.14999
4325	271.19
4326	271.17001
4327	271.22
4328	271.17001
4329	271.04999
4330	271.14999
4331	271.07001
4332	271.10999
4333	271.10999
4334	271.10999
4335	271.17001
4336	271.19
4337	271.14999
4338	271.13
4339	271.13
4340	271.17001
4341	271.22
4342	271.19
4343	271.17001
4344	271.22
4345	271.22
4346	271.22
4347	271.22
4348	271.23999
4349	271.22
4350	271.19
4351	271.13
4352	271.13
4353	271.14999
4354	271.14999
4355	271.22
4356	271.17001
4357	271.13
4358	271.17001
4359	271.19
4360	271.17001
4361	271.14999
4362	271.28
4363	271.47
4364	271.78
4365	271.82001
4366	271.84
4367	271.92999
4368	271.97
4369	272.03
4370	272.10999
4371	272.10999
4372	272.45001
4373	272.82999
4374	272.97
4375	273.37
4376	273.60001
4377	273.95999
4378	273.95999
4379	274.23001
4380	274.48001
4381	274.5
4382	274.67001
4383	274.75
4384	274.82999
4385	274.82999
4386	274.95999
4387	275.06
4388	275.23001
4389	275.26999
4390	275.31
4391	275.31
4392	275.38
4393	275.48001
4394	275.48001
4395	275.44
4396	275.69
4397	275.67001
4398	275.75
4399	275.76999
4400	275.84
4401	275.75
4402	275.85999
4403	275.76999
4404	275.84
4405	275.89999
4406	275.79999
4407	275.88
4408	275.98001
4409	275.98001
4410	275.98001
4411	276.04999
4412	275.94
4413	275.98001
4414	276.09
4415	276.09
4416	276.19
4417	276.19
4418	276.13
4419	276.04999
4420	276.10999
4421	276.10999
4422	276.13
4423	276.20999
4424	276.19
4425	276.20999
4426	276.26001
4427	276.26001
4428	276.29999
4429	276.35999
4430	276.35999
4431	276.32001
4432	276.34
4433	276.26001
4434	276.23001
4435	276.26001
4436	276.28
4437	276.29999
4438	276.28
4439	276.32001
4440	276.23001
4441	276.29999
4442	276.29999
4443	276.28
4444	276.23001
4445	276.32001
4446	276.26001
4447	276.23001
4448	276.38
4449	276.38
4450	276.34
4451	276.38
4452	276.38
4453	276.38
4454	276.34
4455	276.42001
4456	276.42001
4457	276.48999
4458	276.53
4459	276.48999
4460	276.39999
4461	276.38
4462	276.29999
4463	276.29999
4464	276.29999
4465	276.35999
4466	276.39999
4467	276.28
4468	276.29999
4469	276.38
4470	276.34
4471	276.42001
4472	276.44
4473	276.48999
4474	276.42001
4475	276.38
4476	276.38
4477	276.35999
4478	276.32001
4479	276.32001
4480	276.34
4481	276.34
4482	276.32001
4483	276.35999
4484	276.26001
4485	276.28
4486	276.32001
4487	276.42001
4488	276.42001
4489	276.42001
4490	276.48999
4491	276.42001
4492	276.39999
4493	276.51001
4494	276.57001
4495	276.51001
4496	276.39999
4497	276.44
4498	276.42001
4499	276.35999
4500	276.38
4501	276.39999
4502	276.34
4503	276.42001
4504	276.42001
4505	276.39999
4506	276.39999
4507	276.42001
4508	276.42001
4509	276.34
4510	276.39999
4511	276.38
4512	276.48999
4513	276.39999
4514	276.44
4515	276.35999
4516	276.45999
4517	276.44
4518	276.35999
4519	276.38
4520	276.38
4521	276.28
4522	276.29999
4523	276.28
4524	276.20999
4525	276.26001
4526	276.26001
4527	276.26001
4528	276.32001
4529	276.26001
4530	276.26001
4531	276.23001
4532	276.26001
4533	276.23001
4534	276.26001
4535	276.23001
4536	276.23001
4537	276.20999
4538	276.26001
4539	276.14999
4540	276.04999
4541	276.04999
4542	275.79999
4543	275.64999
4544	275.45999
4545	275.35999
4546	275.31
4547	275.19
4548	275.25
4549	275.20999
4550	275.17001
4551	275.07999
4552	275.07999
4553	275.04001
4554	274.92001
4555	274.89999
4556	274.64999
4557	274.23001
4558	273.89001
4559	273.89001
4560	272.91
4561	271.95001
4562	271.35999
4563	270.19
4564	269
4565	268.01999
4566	268.01999
4567	266.60999
4568	266.09
4569	265.82001
4570	265.39999
4571	265.17001
4572	265.13
4573	265.13
4574	265.07001
4575	265.13
4576	265.29999
4577	265.45999
4578	265.63
4579	265.84
4580	265.97
4581	266.10999
4582	266.38
4583	266.60999
4584	266.87
4585	266.97
4586	267.14001
4587	267.26001
4588	267.41
4589	267.60001
4590	267.81
4591	267.81
4592	267.89001
4593	267.95001
4594	268.04001
4595	268.17999
4596	268.32999
4597	268.41
4598	268.41
4599	268.60001
4600	268.73001
4601	268.81
4602	268.81
4603	268.95999
4604	268.94
4605	268.98001
4606	269.14999
4607	269.12
4608	269.29001
4609	269.39999
4610	269.32999
4611	269.48001
4612	269.42001
4613	269.56
4614	269.56
4615	269.69
4616	269.73001
4617	269.73001
4618	269.84
4619	269.75
4620	269.79001
4621	269.79001
4622	269.85999
4623	269.85999
4624	269.92001
4625	269.95999
4626	270
4627	270
4628	270.04001
4629	270.07001
4630	270.07001
4631	270.04001
4632	270.10999
4633	270.07001
4634	270.20999
4635	270.19
4636	270.26999
4637	270.26999
4638	270.38
4639	270.35999
4640	270.39999
4641	270.42001
4642	270.42001
4643	270.45999
4644	270.42001
4645	270.45999
4646	270.44
4647	270.48001
4648	270.54999
4649	270.53
4650	270.53
4651	270.53
4652	270.57001
4653	270.53
4654	270.59
4655	270.54999
4656	270.67001
4657	270.60999
4658	270.63
4659	270.57001
4660	270.57001
4661	270.60999
4662	270.60999
4663	270.76001
4664	270.70999
4665	270.73001
4666	270.70999
4667	270.73001
4668	270.73001
4669	270.73001
4670	270.76001
4671	270.64999
4672	270.59
4673	270.59
4674	270.64999
4675	270.63
4676	270.64999
4677	270.64999
4678	270.67001
4679	270.63
4680	270.69
4681	270.64999
4682	270.69
4683	270.64999
4684	270.64999
4685	270.73001
4686	270.73001
4687	270.70999
4688	270.76001
4689	270.79999
4690	270.78
4691	270.73001
4692	270.67001
4693	270.78
4694	270.78
4695	270.67001
4696	270.67001
4697	270.76001
4698	270.82001
4699	270.88
4700	270.79999
4701	270.79999
4702	270.82001
4703	270.79999
4704	270.73001
4705	270.73001
4706	270.84
4707	270.76001
4708	270.76001
4709	270.82001
4710	270.79999
4711	270.79999
4712	270.78
4713	270.92001
4714	270.78
4715	270.84
4716	270.89999
4717	270.78
4718	270.69
4719	270.78
4720	270.73001
4721	270.73001
4722	270.79999
4723	270.89999
4724	270.92001
4725	270.88
4726	270.79999
4727	270.82001
4728	270.73001
4729	270.78
4730	270.82001
4731	270.84
4732	270.85999
4733	270.85999
4734	270.84
4735	270.85999
4736	270.84
4737	270.89999
4738	270.94
4739	270.94
4740	270.94
4741	270.89999
4742	270.92001
4743	270.92001
4744	270.89999
4745	270.92001
4746	270.82001
4747	270.82001
4748	270.92001
4749	270.95999
4750	270.94
4751	270.98999
4752	270.95999
4753	270.95999
4754	270.94
4755	270.94
4756	270.92001
4757	270.88
4758	270.88
4759	270.92001
4760	270.94
4761	270.94
4762	270.92001
4763	270.98999
4764	270.94
4765	270.92001
4766	270.98999
4767	270.95999
4768	270.92001
4769	270.94
4770	270.92001
4771	270.94
4772	270.94
4773	270.94
4774	270.92001
4775	270.94
4776	270.89999
4777	270.89999
4778	270.92001
4779	270.92001
4780	270.88
4781	270.79999
4782	270.92001
4783	270.85999
4784	270.95999
4785	270.85999
4786	270.92001
4787	270.85999
4788	270.88
4789	270.85999
4790	270.89999
4791	270.89999
4792	270.94
4793	270.89999
4794	270.92001
4795	270.88
4796	270.88
4797	270.92001
4798	270.89999
4799	270.84
4800	270.88
4801	270.85999
4802	270.85999
4803	270.82001
4804	270.82001
4805	270.89999
4806	270.95999
4807	270.94
4808	270.89999
4809	270.82001
4810	270.94
4811	270.94
4812	270.92001
4813	270.85999
4814	270.92001
4815	270.84
4816	270.89999
4817	270.92001
4818	270.92001
4819	270.84
4820	270.89999
4821	270.89999
4822	270.95999
4823	270.92001
4824	270.92001
4825	271.07001
4826	270.95999
4827	271.01001
4828	270.89999
4829	270.85999
4830	270.85999
4831	270.82001
4832	270.73001
4833	270.82001
4834	270.76001
4835	270.85999
4836	271.07001
4837	271.28
4838	271.38
4839	271.42001
4840	271.42001
4841	271.47
4842	271.42001
4843	271.42001
4844	271.51001
4845	271.67999
4846	271.79999
4847	272.09
4848	272.53
4849	272.97
4850	272.97
4851	273.39001
4852	273.60001
4853	273.64001
4854	273.85001
4855	274.04001
4856	274.16
4857	274.31
4858	274.57999
4859	274.60001
4860	274.70999
4861	274.75
4862	274.79001
4863	274.81
4864	274.85001
4865	274.92001
4866	274.82999
4867	275
4868	275.06
4869	275.14999
4870	275.04001
4871	275.06
4872	275.10999
4873	275.17001
4874	275.19
4875	275.19
4876	275.14999
4877	275.17001
4878	275.19
4879	275.17001
4880	275.14999
4881	275.26999
4882	275.26999
4883	275.17001
4884	275.13
4885	275.17001
4886	275.25
4887	275.20999
4888	275.20999
4889	275.20999
4890	275.34
4891	275.25
4892	275.34
4893	275.25
4894	275.34
4895	275.23001
4896	275.26999
4897	275.35999
4898	275.39999
4899	275.5
4900	275.54001
4901	275.60999
4902	275.51999
4903	275.59
4904	275.44
4905	275.45999
4906	275.39999
4907	275.39999
4908	275.44
4909	275.54001
4910	275.5
4911	275.5
4912	275.51999
4913	275.54001
4914	275.54001
4915	275.57001
4916	275.45999
4917	275.45999
4918	275.5
4919	275.45999
4920	275.5
4921	275.5
4922	275.44
4923	275.34
4924	275.39999
4925	275.45999
4926	275.57001
4927	275.54001
4928	275.48001
4929	275.45999
4930	275.38
4931	275.35999
4932	275.29001
4933	275.31
4934	275.23001
4935	275.26999
4936	275.25
4937	275.38
4938	275.38
4939	275.45999
4940	275.48001
4941	275.42001
4942	275.42001
4943	275.5
4944	275.48001
4945	275.44
4946	275.5
4947	275.48001
4948	275.5
4949	275.45999
4950	275.5
4951	275.5
4952	275.48001
4953	275.48001
4954	275.42001
4955	275.42001
4956	275.5
4957	275.63
4958	275.63
4959	275.5
4960	275.5
4961	275.48001
4962	275.59
4963	275.48001
4964	275.51999
4965	275.57001
4966	275.54001
4967	275.59
4968	275.57001
4969	275.63
4970	275.63
4971	275.59
4972	275.67001
4973	275.69
4974	275.73001
4975	275.59
4976	275.64999
4977	275.51999
4978	275.5
4979	275.54001
4980	275.48001
4981	275.48001
4982	275.48001
4983	275.45999
4984	275.42001
4985	275.42001
4986	275.42001
4987	275.44
4988	275.48001
4989	275.48001
4990	275.57001
4991	275.45999
4992	275.45999
4993	275.48001
4994	275.5
4995	275.57001
4996	275.54001
4997	275.48001
4998	275.44
4999	275.39999
5000	275.45999
5001	275.48001
5002	275.48001
5003	275.39999
5004	275.35999
5005	275.38
5006	275.38
5007	275.48001
5008	275.45999
5009	275.45999
5010	275.48001
5011	275.5
5012	275.35999
5013	275.25
5014	275.10999
5015	275.01999
5016	274.95999
5017	274.94
5018	274.92001
5019	274.92001
5020	274.89999
5021	274.81
5022	274.82999
5023	274.76999
5024	274.76999
5025	274.64999
5026	274.60001
5027	274.67001
5028	274.48001
5029	274.31
5030	273.85001
5031	273.85001
5032	273.07999
5033	272.39001
5034	271.91
5035	270.73001
5036	269.57999
5037	269.04001
5038	268.5
5039	266.92999
5040	266.53
5041	265.85999
5042	265.34
5043	265.03
5044	264.82001
5045	264.76999
5046	264.73001
5047	264.79999
5048	264.89999
5049	264.88
5050	264.92001
5051	265.09
5052	265.14999
5053	265.38
5054	265.59
5055	265.79999
5056	265.79999
5057	266.14999
5058	266.41
5059	266.48999
5060	266.70001
5061	266.95001
5062	267.07001
5063	267.07001
5064	267.28
5065	267.42999
5066	267.54001
5067	267.72
5068	267.91
5069	267.95001
5070	267.95001
5071	268.14001
5072	268.23001
5073	268.32999
5074	268.35001
5075	268.45999
5076	268.54001
5077	268.57999
5078	268.64001
5079	268.64001
5080	268.76999
5081	268.89001
5082	268.98001
5083	269.06
5084	269.06
5085	269.20999
5086	269.20999
5087	269.29001
5088	269.38
5089	269.38
5090	269.45999
5091	269.48001
5092	269.54001
5093	269.56
5094	269.57999
5095	269.57999
5096	269.73001
5097	269.73001
5098	269.70999
5099	269.75
5100	269.70999
5101	269.84
5102	269.84
5103	269.92001
5104	269.89999
5105	269.88
5106	270.09
5107	270.04001
5108	270.07001
5109	270.13
5110	270.04001
5111	270.23001
5112	270.13
5113	270.19
5114	270.10999
5115	270.10999
5116	270.17001
5117	270.09
5118	270.13
5119	270.17001
5120	270.14999
5121	270.20999
5122	270.19
5123	270.25
5124	270.23001
5125	270.20999
5126	270.17001
5127	270.17001
5128	270.14999
5129	270.20999
5130	270.23001
5131	270.26999
5132	270.32001
5133	270.29999
5134	270.29999
5135	270.35999
5136	270.38
5137	270.38
5138	270.34
5139	270.35999
5140	270.32001
5141	270.32001
5142	270.38
5143	270.35999
5144	270.44
5145	270.35999
5146	270.39999
5147	270.42001
5148	270.35999
5149	270.42001
5150	270.39999
5151	270.44
5152	270.45999
5153	270.39999
5154	270.48001
5155	270.5
5156	270.48001
5157	270.45999
5158	270.48001
5159	270.59
5160	270.5
5161	270.5
5162	270.5
5163	270.48001
5164	270.45999
5165	270.5
5166	270.5
5167	270.5
5168	270.5
5169	270.48001
5170	270.45999
5171	270.38
5172	270.38
5173	270.38
5174	270.39999
5175	270.38
5176	270.45999
5177	270.44
5178	270.42001
5179	270.53
5180	270.59
5181	270.5
5182	270.60999
5183	270.54999
5184	270.54999
5185	270.57001
5186	270.53
5187	270.53
5188	270.5
5189	270.48001
5190	270.5
5191	270.39999
5192	270.44
5193	270.45999
5194	270.45999
5195	270.42001
5196	270.53
5197	270.53
5198	270.53
5199	270.53
5200	270.63
5201	270.64999
5202	270.67001
5203	270.67001
5204	270.67001
5205	270.67001
5206	270.59
5207	270.54999
5208	270.67001
5209	270.59
5210	270.57001
5211	270.60999
5212	270.60999
5213	270.67001
5214	270.63
5215	270.60999
5216	270.69
5217	270.63
5218	270.67001
5219	270.69
5220	270.67001
5221	270.60999
5222	270.69
5223	270.63
5224	270.69
5225	270.67001
5226	270.69
5227	270.76001
5228	270.69
5229	270.63
5230	270.73001
5231	270.69
5232	270.64999
5233	270.73001
5234	270.70999
5235	270.73001
5236	270.64999
5237	270.64999
5238	270.78
5239	270.70999
5240	270.70999
5241	270.70999
5242	270.69
5243	270.70999
5244	270.70999
5245	270.70999
5246	270.73001
5247	270.78
5248	270.82001
5249	270.73001
5250	270.69
5251	270.69
5252	270.82001
5253	270.78
5254	270.79999
5255	270.79999
5256	270.78
5257	270.82001
5258	270.79999
5259	270.76001
5260	270.84
5261	270.69
5262	270.73001
5263	270.73001
5264	270.69
5265	270.73001
5266	270.73001
5267	270.70999
5268	270.70999
5269	270.60999
5270	270.59
5271	270.63
5272	270.69
5273	270.73001
5274	270.64999
5275	270.64999
5276	270.64999
5277	270.63
5278	270.64999
5279	270.67001
5280	270.67001
5281	270.59
5282	270.67001
5283	270.67001
5284	270.73001
5285	270.69
5286	270.64999
5287	270.69
5288	270.63
5289	270.60999
5290	270.67001
5291	270.67001
5292	270.69
5293	270.64999
5294	270.59
5295	270.57001
5296	270.63
5297	270.64999
5298	270.73001
5299	270.67001
5300	270.70999
5301	270.79999
5302	270.79999
5303	270.76001
5304	270.69
5305	270.63
5306	270.73001
5307	270.69
5308	270.69
5309	270.79999
5310	271.03
5311	271.07001
5312	271.07001
5313	271.04999
5314	271.22
5315	271.22
5316	271.13
5317	271.07001
5318	271.09
5319	271.29999
5320	271.73999
5321	272.14001
5322	272.14001
5323	272.54999
5324	272.85001
5325	272.87
5326	273.01001
5327	273.17999
5328	273.26999
5329	273.37
5330	273.67999
5331	273.75
5332	273.79001
5333	273.95999
5334	273.98001
5335	274.01999
5336	274.06
5337	274.14001
5338	274.20999
5339	274.31
5340	274.37
5341	274.37
5342	274.45999
5343	274.48001
5344	274.57999
5345	274.70999
5346	274.67001
5347	274.67001
5348	274.75
5349	274.69
5350	274.69
5351	274.73001
5352	274.70999
5353	274.75
5354	274.75
5355	274.79001
5356	274.79001
5357	274.75
5358	274.94
5359	274.82999
5360	274.79001
5361	274.81
5362	274.92001
5363	274.95999
5364	275.07999
5365	275.06
5366	275
5367	275.13
5368	275.01999
5369	275
5370	275.13
5371	275
5372	274.98001
5373	275.13
5374	275.07999
5375	274.98001
5376	275.13
5377	275.17001
5378	275.14999
5379	275.14999
5380	275.07999
5381	275.07999
5382	275.06
5383	275.10999
5384	275.07999
5385	275.10999
5386	275.10999
5387	275.07999
5388	275.19
5389	275.26999
5390	275.34
5391	275.29001
5392	275.31
5393	275.31
5394	275.31
5395	275.31
5396	275.42001
5397	275.26999
5398	275.42001
5399	275.45999
5400	275.48001
5401	275.34
5402	275.38
5403	275.35999
5404	275.20999
5405	275.35999
5406	275.19
5407	275.17001
5408	275.25
5409	275.26999
5410	275.20999
5411	275.19
5412	275.25
5413	275.25
5414	275.20999
5415	275.35999
5416	275.34
5417	275.25
5418	275.25
5419	275.25
5420	275.20999
5421	275.26999
5422	275.23001
5423	275.14999
5424	275.25
5425	275.25
5426	275.10999
5427	275.10999
5428	275.06
5429	275.13
5430	275.01999
5431	275.04001
5432	275.07999
5433	275.13
5434	275.26999
5435	275.26999
5436	275.14999
5437	275.23001
5438	275.20999
5439	275.19
5440	275.14999
5441	275.20999
5442	275.17001
5443	275.06
5444	275.07999
5445	275.10999
5446	275.06
5447	275.13
5448	275.19
5449	275.14999
5450	275.14999
5451	275.20999
5452	275.23001
5453	275.19
5454	275.25
5455	275.23001
5456	275.23001
5457	275.23001
5458	275.20999
5459	275.25
5460	275.14999
5461	275.23001
5462	275.20999
5463	275.17001
5464	275.17001
5465	275.23001
5466	275.17001
5467	275.25
5468	275.35999
5469	275.39999
5470	275.29001
5471	275.31
5472	275.39999
5473	275.35999
5474	275.31
5475	275.29001
5476	275.35999
5477	275.39999
5478	275.35999
5479	275.38
5480	275.31
5481	275.29001
5482	275.38
5483	275.35999
5484	275.34
5485	275.39999
5486	275.20999
5487	275.01999
5488	274.94
5489	274.94
5490	274.76999
5491	274.67001
5492	274.69
5493	274.60001
5494	274.56
5495	274.60001
5496	274.60001
5497	274.51999
5498	274.45999
5499	274.44
5500	274.32999
5501	274.19
5502	274.16
5503	274.16
5504	273.56
5505	273.04001
5506	272.82999
5507	271.97
5508	270.85999
5509	270.26999
5510	269.76999
5511	268.07999
5512	267.51001
5513	266.64001
5514	265.79999
5515	265.45999
5516	265.17001
5517	264.95999
5518	264.79999
5519	264.79999
5520	264.69
5521	264.69
5522	264.73001
5523	264.92001
5524	264.94
5525	265.10999
5526	265.44
5527	265.57001
5528	265.57001
5529	265.82001
5530	266.04999
5531	266.13
5532	266.20001
5533	266.41
5534	266.57001
5535	266.57001
5536	266.79999
5537	266.97
5538	267.01001
5539	267.07001
5540	267.20001
5541	267.37
5542	267.51001
5543	267.60001
5544	267.72
5545	267.85001
5546	267.91
5547	268
5548	268.12
5549	268.26999
5550	268.26999
5551	268.31
5552	268.35001
5553	268.35001
5554	268.45999
5555	268.48001
5556	268.62
5557	268.60001
5558	268.66
5559	268.85001
5560	268.85001
5561	268.89001
5562	268.94
5563	268.98001
5564	269.07999
5565	269.07999
5566	269.07999
5567	269.07999
5568	269.19
5569	269.25
5570	269.17001
5571	269.29001
5572	269.32999
5573	269.48001
5574	269.48001
5575	269.48001
5576	269.57999
5577	269.63
5578	269.67001
5579	269.67001
5580	269.60999
5581	269.73001
5582	269.69
5583	269.69
5584	269.75
5585	269.76999
5586	269.79001
5587	269.84
5588	269.81
5589	269.89999
5590	269.92001
5591	269.84
5592	269.95999
5593	269.94
5594	269.88
5595	269.84
5596	269.95999
5597	269.95999
5598	269.98001
5599	269.98001
5600	270.01999
5601	269.98001
5602	270
5603	270.09
5604	270.07001
5605	270.07001
5606	270.07001
5607	270.19
5608	270.17001
5609	270.13
5610	270.25
5611	270.20999
5612	270.25
5613	270.20999
5614	270.29999
5615	270.26999
5616	270.23001
5617	270.26999
5618	270.25
5619	270.19
5620	270.29999
5621	270.26999
5622	270.25
5623	270.29999
5624	270.35999
5625	270.25
5626	270.20999
5627	270.25
5628	270.35999
5629	270.29999
5630	270.23001
5631	270.23001
5632	270.19
5633	270.25
5634	270.26999
5635	270.38
5636	270.29999
5637	270.29999
5638	270.29999
5639	270.29999
5640	270.32001
5641	270.26999
5642	270.32001
5643	270.23001
5644	270.29999
5645	270.29999
5646	270.25
5647	270.34
5648	270.35999
5649	270.29999
5650	270.26999
5651	270.32001
5652	270.34
5653	270.25
5654	270.26999
5655	270.32001
5656	270.32001
5657	270.34
5658	270.26999
5659	270.34
5660	270.29999
5661	270.26999
5662	270.26999
5663	270.44
5664	270.42001
5665	270.45999
5666	270.42001
5667	270.44
5668	270.44
5669	270.39999
5670	270.39999
5671	270.39999
5672	270.48001
5673	270.38
5674	270.34
5675	270.39999
5676	270.42001
5677	270.42001
5678	270.42001
5679	270.32001
5680	270.34
5681	270.44
5682	270.38
5683	270.35999
5684	270.34
5685	270.38
5686	270.42001
5687	270.38
5688	270.38
5689	270.45999
5690	270.44
5691	270.48001
5692	270.53
5693	270.59
5694	270.5
5695	270.5
5696	270.5
5697	270.59
5698	270.48001
5699	270.44
5700	270.35999
5701	270.35999
5702	270.35999
5703	270.34
5704	270.35999
5705	270.44
5706	270.44
5707	270.42001
5708	270.45999
5709	270.45999
5710	270.44
5711	270.42001
5712	270.42001
5713	270.54999
5714	270.5
5715	270.48001
5716	270.48001
5717	270.57001
5718	270.59
5719	270.57001
5720	270.57001
5721	270.54999
5722	270.57001
5723	270.57001
5724	270.53
5725	270.53
5726	270.54999
5727	270.5
5728	270.48001
5729	270.67001
5730	270.57001
5731	270.60999
5732	270.59
5733	270.5
5734	270.67001
5735	270.60999
5736	270.64999
5737	270.64999
5738	270.57001
5739	270.53
5740	270.54999
5741	270.54999
5742	270.54999
5743	270.48001
5744	270.54999
5745	270.42001
5746	270.45999
5747	270.48001
5748	270.48001
5749	270.5
5750	270.45999
5751	270.39999
5752	270.35999
5753	270.34
5754	270.34
5755	270.39999
5756	270.44
5757	270.5
5758	270.44
5759	270.45999
5760	270.44
5761	270.53
5762	270.57001
5763	270.53
5764	270.5
5765	270.5
5766	270.54999
5767	270.57001
5768	270.53
5769	270.42001
5770	270.44
5771	270.38
5772	270.45999
5773	270.38
5774	270.5
5775	270.45999
5776	270.42001
5777	270.39999
5778	270.53
5779	270.54999
5780	270.54999
5781	270.5
5782	270.54999
5783	270.70999
5784	271.04999
5785	270.98999
5786	271.01001
5787	271.01001
5788	271.19
5789	271.17001
5790	271.19
5791	271.32001
5792	271.47
5793	271.51001
5794	271.64999
5795	272.20001
5796	272.37
5797	272.60001
5798	272.89001
5799	273.07999
5800	273.37
5801	273.45001
5802	273.82999
5803	273.92999
5804	274.04001
5805	274.12
5806	274.20999
5807	274.35001
5808	274.39001
5809	274.64999
5810	274.62
5811	274.70999
5812	274.70999
5813	274.82999
5814	274.82999
5815	274.88
5816	275
5817	275.04001
5818	275.07999
5819	275.07999
5820	275.14999
5821	275.20999
5822	275.25
5823	275.19
5824	275.17001
5825	275.20999
5826	275.26999
5827	275.29001
5828	275.31
5829	275.35999
5830	275.42001
5831	275.35999
5832	275.29001
5833	275.31
5834	275.42001
5835	275.39999
5836	275.42001
5837	275.44
5838	275.39999
5839	275.57001
5840	275.5
5841	275.44
5842	275.39999
5843	275.5
5844	275.44
5845	275.48001
5846	275.51999
5847	275.42001
5848	275.5
5849	275.44
5850	275.54001
5851	275.54001
5852	275.5
5853	275.44
5854	275.42001
5855	275.44
5856	275.42001
5857	275.44
5858	275.44
5859	275.57001
5860	275.67001
5861	275.64999
5862	275.64999
5863	275.69
5864	275.76999
5865	275.75
5866	275.73001
5867	275.64999
5868	275.59
5869	275.59
5870	275.5
5871	275.44
5872	275.42001
5873	275.59
5874	275.54001
5875	275.54001
5876	275.54001
5877	275.5
5878	275.54001
5879	275.54001
5880	275.64999
5881	275.59
5882	275.63
5883	275.63
5884	275.63
5885	275.60999
5886	275.60999
5887	275.67001
5888	275.67001
5889	275.60999
5890	275.60999
5891	275.54001
5892	275.57001
5893	275.59
5894	275.5
5895	275.59
5896	275.67001
5897	275.67001
5898	275.59
5899	275.60999
5900	275.51999
5901	275.63
5902	275.63
5903	275.63
5904	275.69
5905	275.63
5906	275.60999
5907	275.59
5908	275.57001
5909	275.63
5910	275.64999
5911	275.60999
5912	275.54001
5913	275.59
5914	275.60999
5915	275.60999
5916	275.60999
5917	275.63
5918	275.64999
5919	275.73001
5920	275.84
5921	275.70999
5922	275.70999
5923	275.69
5924	275.69
5925	275.73001
5926	275.84
5927	275.79999
5928	275.73001
5929	275.73001
5930	275.76999
5931	275.76999
5932	275.73001
5933	275.69
5934	275.73001
5935	275.73001
5936	275.82001
5937	275.84
5938	275.76999
5939	275.79999
5940	275.85999
5941	275.85999
5942	275.92001
5943	275.89999
5944	275.82001
5945	275.85999
5946	275.82001
5947	275.82001
5948	275.76999
5949	275.76999
5950	275.73001
5951	275.82001
5952	275.70999
5953	275.73001
5954	275.73001
5955	275.69
5956	275.70999
5957	275.64999
5958	275.64999
5959	275.57001
5960	275.45999
5961	275.45999
5962	275.25
5963	275.14999
5964	275.04001
5965	274.89999
5966	274.85001
5967	274.79001
5968	274.79001
5969	274.79001
5970	274.75
5971	274.76999
5972	274.73001
5973	274.69
5974	274.64999
5975	274.56
5976	274.10001
5977	273.91
5978	273.45001
5979	272.76001
5980	272.37
5981	271.42001
5982	270.92001
5983	269.26999
5984	268.70999
5985	267.67999
5986	266.70001
5987	266.26001
5988	265.57001
5989	265.23001
5990	264.84
5991	264.60999
5992	264.54001
5993	264.54001
5994	264.51999
5995	264.57001
5996	264.51999
5997	264.76999
5998	264.94
5999	265.20999
6000	265.20999
6001	265.51001
6002	265.79999
6003	265.85999
6004	266.09
6005	266.29999
6006	266.42999
6007	266.51001
6008	266.89001
6009	266.98999
6010	267.04999
6011	267.16
6012	267.32999
6013	267.47
6014	267.54001
6015	267.67999
6016	267.81
6017	267.85001
6018	268.12
6019	268.12
6020	268.25
6021	268.32999
6022	268.31
6023	268.51999
6024	268.54001
6025	268.54001
6026	268.62
6027	268.79001
6028	268.87
6029	268.87
6030	268.89001
6031	268.95999
6032	268.95999
6033	269.12
6034	269.10001
6035	269.17001
6036	269.17001
6037	269.26999
6038	269.25
6039	269.25
6040	269.38
6041	269.38
6042	269.42001
6043	269.44
6044	269.57999
6045	269.51999
6046	269.63
6047	269.60999
6048	269.63
6049	269.67001
6050	269.67001
6051	269.75
6052	269.64999
6053	269.73001
6054	269.76999
6055	269.76999
6056	269.79001
6057	269.89999
6058	269.95999
6059	269.98001
6060	269.89999
6061	269.95999
6062	270.04001
6063	270.10999
6064	270.10999
6065	270.07001
6066	270.04001
6067	270.07001
6068	270.13
6069	270.20999
6070	270.17001
6071	270.17001
6072	270.20999
6073	270.19
6074	270.29999
6075	270.29999
6076	270.26999
6077	270.32001
6078	270.29999
6079	270.42001
6080	270.39999
6081	270.34
6082	270.38
6083	270.35999
6084	270.35999
6085	270.42001
6086	270.44
6087	270.45999
6088	270.5
6089	270.38
6090	270.42001
6091	270.5
6092	270.45999
6093	270.45999
6094	270.39999
6095	270.44
6096	270.48001
6097	270.39999
6098	270.45999
6099	270.54999
6100	270.45999
6101	270.42001
6102	270.44
6103	270.44
6104	270.42001
6105	270.38
6106	270.42001
6107	270.5
6108	270.42001
6109	270.38
6110	270.38
6111	270.44
6112	270.54999
6113	270.53
6114	270.54999
6115	270.54999
6116	270.5
6117	270.5
6118	270.59
6119	270.53
6120	270.54999
6121	270.57001
6122	270.5
6123	270.48001
6124	270.48001
6125	270.59
6126	270.54999
6127	270.5
6128	270.53
6129	270.53
6130	270.59
6131	270.53
6132	270.59
6133	270.54999
6134	270.57001
6135	270.57001
6136	270.53
6137	270.63
6138	270.48001
6139	270.5
6140	270.60999
6141	270.57001
6142	270.57001
6143	270.59
6144	270.57001
6145	270.59
6146	270.5
6147	270.44
6148	270.45999
6149	270.45999
6150	270.53
6151	270.5