1	83.18000031
2	82.97000122
3	83.44000244
4	83.04000092
5	83.01000214
6	83.23000336
7	83.04000092
8	83.01999664
9	83.73000336
10	82.73999786
11	83.08000183
12	83.12000275
13	82.87000275
14	84.12999725
15	82.69999695
16	83.58000183
17	83.91999817
18	83.41000366
19	83.51999664
20	82.87000275
21	83.19999695
22	83.26999664
23	83.09999847
24	83.23000336
25	83.19999695
26	83.90000153
27	83.86000061
28	83.18000031
29	83.87999725
30	82.84999847
31	83.41000366
32	83.62999725
33	83.48000336
34	83.13999939
35	83.87999725
36	83.18000031
37	83.25
38	83.59999847
39	83.23000336
40	83.23000336
41	83.01000214
42	83.38999939
43	83.04000092
44	83.19999695
45	83.26999664
46	83.98000336
47	83.83000183
48	82.91000366
49	83.73000336
50	83.73000336
51	83.51999664
52	83.01999664
53	84.08999634
54	83.66999817
55	83.44000244
56	83.18000031
57	83.41999817
58	83.22000122
59	83.22000122
60	83.45999908
61	83.76999664
62	83.33000183
63	83.01999664
64	83.70999908
65	84
66	83.33000183
67	82.77999878
68	83.62000275
69	83.62000275
70	83.94000244
71	83.22000122
72	83.83000183
73	83.44000244
74	83.44000244
75	83.38999939
76	83.75
77	83.80999756
78	83.44000244
79	83.19999695
80	83.38999939
81	83.29000092
82	83.65000153
83	84
84	83.55999756
85	83.25
86	83.41999817
87	83.70999908
88	83.69000244
89	83.18000031
90	83.79000092
91	83.69000244
92	83.30999756
93	83.29000092
94	83.25
95	83.41999817
96	82.87000275
97	83.05999756
98	83.51999664
99	83.54000092
100	83.13999939
101	83.62999725
102	83.41000366
103	83.90000153
104	83.80999756
105	83.5
106	84
107	83.90000153
108	83.94000244
109	84.36000061
110	84.20999908
111	84.33999634
112	84.31999969
113	84.47000122
114	84.26000214
115	84.08999634
116	83.90000153
117	84.26000214
118	84.52999878
119	84.16999817
120	84.12999725
121	84.15000153
122	84.48999786
123	84.06999969
124	83.94000244
125	83.98000336
126	84.37999725
127	84.06999969
128	84.51000214
129	84.72000122
130	84.66000366
131	84.94999695
132	85.01000214
133	84.40000153
134	84.77999878
135	84.98999786
136	85.30999756
137	84.83999634
138	84.20999908
139	84.73999786
140	84.69999695
141	84.55000305
142	84.61000061
143	84.72000122
144	84.47000122
145	85.26000214
146	85.08000183
147	84.73999786
148	84.04000092
149	84.83999634
150	84.55000305
151	85.05000305
152	84.80000305
153	84.66000366
154	84.97000122
155	85.09999847
156	84.83999634
157	84.19000244
158	84.91000366
159	84.97000122
160	84.94999695
161	84.33999634
162	84.91000366
163	85.5
164	84.88999939
165	84.73999786
166	85.06999969
167	84.61000061
168	85.01000214
169	85.18000031
170	84.44000244
171	84.61000061
172	85.08000183
173	84.87000275
174	84.94999695
175	84.37999725
176	85.55999756
177	84.94999695
178	85.16000366
179	84.73999786
180	84.83999634
181	84.66000366
182	85.43000031
183	84.52999878
184	84.77999878
185	85.01000214
186	85.19999695
187	85.22000122
188	85.16000366
189	84.87000275
190	84.97000122
191	85.43000031
192	85.01000214
193	84.76000214
194	84.77999878
195	85.01000214
196	85.06999969
197	84.98999786
198	84.98999786
199	85.01000214
200	84.48999786
201	85.08000183
202	85.08000183
203	85.19999695
204	84.68000031
205	85.12000275
206	84.68000031
207	85.22000122
208	84.58999634
209	84.80000305
210	85.73000336
211	84.76000214
212	85.16000366
213	84.65000153
214	85.12000275
215	85.13999939
216	84.83999634
217	84.77999878
218	85.19999695
219	84.66000366
220	84.44999695
221	84.88999939
222	84.81999969
223	85.58000183
224	84.94999695
225	84.83999634
226	84.86000061
227	85.38999939
228	84.76000214
229	85.27999878
230	85.05000305
231	84.51000214
232	85.30999756
233	85.19999695
234	85.06999969
235	84.51000214
236	85.44999695
237	85.27999878
238	84.61000061
239	85.02999878
240	85.51999664
241	84.58999634
242	84.66000366
243	84.83999634
244	85.27999878
245	84.81999969
246	84.65000153
247	85.43000031
248	84.37999725
249	85.09999847
250	84.48999786
251	84.65000153
252	84.83999634
253	84.56999969
254	84.44000244
255	85.01000214
256	84.88999939
257	85.16000366
258	84.47000122
259	85.08000183
260	84.91000366
261	84.87000275
262	84.97000122
263	85.13999939
264	84.33999634
265	84.33999634
266	84.73999786
267	84.44999695
268	84.91000366
269	84.62999725
270	85.23999786
271	85.16000366
272	84.72000122
273	84.55000305
274	84.27999878
275	84.87000275
276	85.08000183
277	84.88999939
278	84.48999786
279	84.68000031
280	84.65000153
281	85.12000275
282	84.68000031
283	84.44999695
284	85.27999878
285	85.33000183
286	85.08000183
287	84.52999878
288	84.37999725
289	84.19000244
290	84.25
291	83.55999756
292	83.37000275
293	82.72000122
294	81.56999969
295	81.29000092
296	81.62999725
297	81.09999847
298	80.26000214
299	80.02999878
300	79.33999634
301	79.19000244
302	79.26999664
303	79.77999878
304	79.90000153
305	80.22000122
306	80.11000061
307	80.05000305
308	80.22000122
309	80.47000122
310	80.55999756
311	80.31999969
312	80.93000031
313	80.59999847
314	80.95999908
315	80.93000031
316	80.98000336
317	81.23000336
318	81.33000183
319	81.36000061
320	81.80000305
321	81.81999969
322	81.16000366
323	81.61000061
324	81.69000244
325	81.90000153
326	82.01000214
327	81.73000336
328	81.73000336
329	82.01000214
330	82.55000305
331	82.43000031
332	82.41000366
333	82.51000214
334	82.16999817
335	81.90000153
336	82.11000061
337	82.43000031
338	82.11000061
339	82.16999817
340	82.27999878
341	82.38999939
342	82.77999878
343	82.16999817
344	82.11000061
345	82.11000061
346	82.77999878
347	82.48999786
348	82.22000122
349	82.12999725
350	82.66000366
351	82.83000183
352	82.58999634
353	82.26000214
354	82.77999878
355	82.36000061
356	82.36000061
357	82.76000214
358	82.87000275
359	82.06999969
360	82.58999634
361	82.58999634
362	82.88999939
363	82.38999939
364	83.44000244
365	82.69999695
366	82.68000031
367	82.43000031
368	82.56999969
369	82.84999847
370	82.56999969
371	82.68000031
372	83.25
373	82.15000153
374	82.55000305
375	83.65000153
376	82.41000366
377	82.55000305
378	82.06999969
379	82.62000275
380	82.76000214
381	82.76000214
382	83.23000336
383	83.55999756
384	82.22000122
385	82.97000122
386	82.94999695
387	82.68000031
388	82.52999878
389	83.33000183
390	83.01000214
391	82.55000305
392	82.33999634
393	82.76000214
394	82.93000031
395	82.58999634
396	82.91000366
397	82.73999786
398	82.48999786
399	82.62000275
400	83.18000031
401	82.56999969
402	82.94999695
403	82.84999847
404	82.84999847
405	82.12999725
406	82.59999847
407	82.68000031
408	83.26999664
409	82.52999878
410	82.37999725
411	82.94999695
412	83.23000336
413	82.91000366
414	83.09999847
415	82.63999939
416	82.38999939
417	82.59999847
418	83.22000122
419	82.38999939
420	83.01999664
421	83.04000092
422	82.51000214
423	82.11000061
424	82.69999695
425	82.84999847
426	82.59999847
427	82.58999634
428	82.56999969
429	82.66000366
430	83.18000031
431	82.69999695
432	82.88999939
433	83.22000122
434	82.68000031
435	82.33999634
436	82.41000366
437	82.55000305
438	82.38999939
439	82.63999939
440	82.91000366
441	82.38999939
442	82.30000305
443	82.77999878
444	83.08000183
445	83.01000214
446	82.73999786
447	83.08000183
448	83.38999939
449	82.52999878
450	82.62000275
451	83.19999695
452	82.88999939
453	82.38999939
454	82.58999634
455	82.66000366
456	83.01999664
457	82.37999725
458	82.38999939
459	82.47000122
460	82.19999695
461	82.31999969
462	82.37999725
463	82.43000031
464	82.31999969
465	82.41000366
466	82.44999695
467	82.88999939
468	82.47000122
469	82.68000031
470	82.51000214
471	82.63999939
472	82.43000031
473	82.91000366
474	83.09999847
475	83.37000275
476	82.58999634
477	83.01999664
478	82.41000366
479	83.29000092
480	82.08999634
481	82.36000061
482	82.11000061
483	82.31999969
484	82.22000122
485	82.26000214
486	82.76000214
487	82.84999847
488	82.31999969
489	81.86000061
490	82.23999786
491	82.37999725
492	82.30000305
493	82.41000366
494	82.73999786
495	81.86000061
496	82.41000366
497	82.08999634
498	81.95999908
499	81.95999908
500	82.48999786
501	82.08999634
502	82.58999634
503	81.77999878
504	83.01999664
505	82.55000305
506	82.76000214
507	82.08999634
508	82.69999695
509	82.98999786
510	82.19999695
511	82.98999786
512	83.08000183
513	82.58999634
514	82.72000122
515	83.04000092
516	82.84999847
517	82.77999878
518	82.56999969
519	82.63999939
520	83.12000275
521	82.15000153
522	82.88999939
523	82.73999786
524	82.56999969
525	83.33000183
526	82.94999695
527	82.41000366
528	83.30999756
529	82.30000305
530	82.83000183
531	83.55999756
532	82.83000183
533	82.80999756
534	82.69999695
535	83.19999695
536	82.98999786
537	83.05999756
538	82.77999878
539	82.27999878
540	82.66000366
541	82.88999939
542	83.13999939
543	83.38999939
544	82.23999786
545	82.58999634
546	83.01999664
547	82.62000275
548	82.58999634
549	82.98999786
550	82.48999786
551	82.37999725
552	82.94999695
553	82.91000366
554	82.30000305
555	82.80000305
556	82.58999634
557	82.55000305
558	82.43000031
559	82.80000305
560	83.22000122
561	82.55000305
562	82.23999786
563	82.72000122
564	82.68000031
565	82.47000122
566	82.06999969
567	83.12000275
568	83.09999847
569	83.01000214
570	82.72000122
571	82.52999878
572	82.87000275
573	82.84999847
574	83.29000092
575	82.27999878
576	82.98999786
577	82.68000031
578	83.55999756
579	82.80000305
580	83.25
581	82.55000305
582	83.12000275
583	83.30999756
584	83.44000244
585	83.25
586	82.93000031
587	83.04000092
588	83.41999817
589	83.26999664
590	83.62999725
591	84
592	84.04000092
593	84.44000244
594	83.54000092
595	83.26999664
596	83.62999725
597	84.36000061
598	84.08999634
599	84.01999664
600	83.76999664
601	83.62000275
602	83.94000244
603	83.62000275
604	84
605	84.06999969
606	84.20999908
607	84.16999817
608	84.23000336
609	84
610	83.87999725
611	83.41999817
612	83.83999634
613	83.65000153
614	84.06999969
615	83.87999725
616	84.31999969
617	83.98000336
618	84.26000214
619	84.23000336
620	84.55000305
621	84.61000061
622	84.30000305
623	84.15000153
624	84.52999878
625	84.58999634
626	84.65000153
627	84.26000214
628	84.33999634
629	83.95999908
630	84.36000061
631	84.01999664
632	84.58999634
633	85.26000214
634	84.93000031
635	84.36000061
636	84.48999786
637	84.05000305
638	83.70999908
639	84.30000305
640	83.98000336
641	83.90000153
642	84.33999634
643	84.26000214
644	83.95999908
645	84.47000122
646	84.08999634
647	84.20999908
648	83.83999634
649	84.40000153
650	83.73000336
651	84.86000061
652	85.08000183
653	84.51000214
654	84.83999634
655	84.44000244
656	83.83000183
657	83.65000153
658	84.08999634
659	84.23000336
660	84.73999786
661	84.47000122
662	84.55000305
663	84.25
664	84.40000153
665	83.94000244
666	84
667	83.83999634
668	84.31999969
669	84.86000061
670	84.44999695
671	83.94000244
672	83.95999908
673	83.91999817
674	84.41999817
675	84.58999634
676	84.41999817
677	83.70999908
678	83.91999817
679	83.95999908
680	84.93000031
681	84.19000244
682	83.98000336
683	84.12999725
684	85.13999939
685	84.44000244
686	83.98000336
687	83.95999908
688	84.11000061
689	84.01999664
690	84.11000061
691	84.15000153
692	84.04000092
693	84.05000305
694	84.06999969
695	84.47000122
696	83.70999908
697	84.05000305
698	84.91000366
699	84.11000061
700	83.98000336
701	84.41999817
702	83.86000061
703	84.20999908
704	84.25
705	84.44999695
706	84.62999725
707	84.76000214
708	84.04000092
709	84.30000305
710	84.31999969
711	84.33999634
712	84.27999878
713	84.94999695
714	84.23000336
715	83.69000244
716	84.30000305
717	84.04000092
718	84.31999969
719	84.23000336
720	84.27999878
721	83.95999908
722	84.44000244
723	84.44000244
724	84.37999725
725	84.23000336
726	84.65000153
727	84.40000153
728	84.58999634
729	84.16999817
730	84.58999634
731	84.58999634
732	84.05000305
733	84.51000214
734	84.30000305
735	84.20999908
736	84.20999908
737	84.36000061
738	84.91000366
739	84.51000214
740	84.51000214
741	84.48999786
742	83.98000336
743	84.15000153
744	84.65000153
745	84.58999634
746	84.16999817
747	84.23000336
748	84.83999634
749	84.83999634
750	83.90000153
751	84.56999969
752	84.05000305
753	84.52999878
754	83.86000061
755	84.47000122
756	84.04000092
757	84.27999878
758	83.91999817
759	84.36000061
760	83.90000153
761	83.98000336
762	83.91999817
763	83.73000336
764	82.97000122
765	82.72000122
766	82.33999634
767	82.62000275
768	81.81999969
769	80.84999847
770	80.06999969
771	80.31999969
772	79.70999908
773	79.30000305
774	80.27999878
775	79.29000092
776	79.44000244
777	79.19000244
778	79.19000244
779	78.84999847
780	79.25
781	79.52999878
782	79.65000153
783	79.45999908
784	79.90000153
785	79.70999908
786	80.23999786
787	80.52999878
788	80.51000214
789	80.43000031
790	81.61000061
791	80.93000031
792	81.16000366
793	81.30999756
794	81.12000275
795	81.09999847
796	81.45999908
797	81.69000244
798	81.23000336
799	81.25
800	81.51999664
801	81.54000092
802	81.66999817
803	81.40000153
804	81.65000153
805	82.12999725
806	81.80000305
807	82.22000122
808	81.61000061
809	81.56999969
810	81.77999878
811	81.77999878
812	81.75
813	81.80000305
814	81.70999908
815	81.80000305
816	81.48000336
817	81.58999634
818	81.65000153
819	81.75
820	81.76999664
821	81.80000305
822	81.98999786
823	81.94000244
824	82.30000305
825	81.98999786
826	82.27999878
827	81.98999786
828	82.01000214
829	82.23999786
830	82.30000305
831	82.58999634
832	82.27999878
833	82.31999969
834	82.66000366
835	82.73999786
836	82.30000305
837	82.68000031
838	82.37999725
839	82.22000122
840	82.69999695
841	82.69999695
842	82.80000305
843	82.22000122
844	82.51000214
845	82.94999695
846	82.68000031
847	82.88999939
848	82.31999969
849	81.90000153
850	81.86000061
851	82.27999878
852	82.23999786
853	82.58999634
854	82.48999786
855	82.91000366
856	82.76000214
857	82.59999847
858	82.66000366
859	82.30000305
860	82.08999634
861	82.38999939
862	82.55000305
863	82.80000305
864	82.68000031
865	82.84999847
866	82.47000122
867	82.48999786
868	82.31999969
869	82.80999756
870	82.51000214
871	82.83000183
872	82.91000366
873	82.41000366
874	82.19000244
875	82.30000305
876	82.31999969
877	82.76000214
878	82.06999969
879	82.37999725
880	82.31999969
881	82.66000366
882	82.41000366
883	82.76000214
884	82.08999634
885	82.38999939
886	82.23999786
887	82.97000122
888	82.48999786
889	82.06999969
890	82.33999634
891	82.27999878
892	83.12000275
893	82.19000244
894	82.41000366
895	82.66000366
896	82.80999756
897	82.87000275
898	82.26000214
899	82.36000061
900	82.66000366
901	82.43000031
902	82.98999786
903	82.22000122
904	82.68000031
905	82.69999695
906	82.43000031
907	82.48999786
908	82.22000122
909	82.44999695
910	82.76000214
911	82.38999939
912	82.37999725
913	82.69999695
914	82.83000183
915	82.12999725
916	82.19999695
917	83.22000122
918	82.80999756
919	82.55000305
920	81.98999786
921	82.68000031
922	82.69999695
923	83.33000183
924	82.43000031
925	82.63999939
926	82.19999695
927	82.33999634
928	82.83000183
929	82.41000366
930	82.47000122
931	82.58999634
932	82.63999939
933	82.44999695
934	82.69999695
935	83.34999847
936	82.19999695
937	82.73999786
938	82.97000122
939	81.95999908
940	82.55000305
941	82.38999939
942	82.41000366
943	82.19000244
944	82.80999756
945	82.76000214
946	81.77999878
947	82.37999725
948	83.19999695
949	81.94000244
950	82.15000153
951	82.55000305
952	82.23999786
953	82.23999786
954	82.12999725
955	82.44999695
956	82.88999939
957	82.33999634
958	82.97000122
959	82.48999786
960	82.66000366
961	82.69999695
962	82.08999634
963	82.11000061
964	82.58999634
965	82.26000214
966	82.30000305
967	82.11000061
968	82.68000031
969	82.23999786
970	82.59999847
971	82.84999847
972	83.04000092
973	82.19999695
974	82.43000031
975	82.48999786
976	82.69999695
977	82.55000305
978	82.77999878
979	82.98999786
980	82.36000061
981	83.01000214
982	82.31999969
983	81.86000061
984	82.26000214
985	82.33999634
986	82.19999695
987	82.36000061
988	82.05000305
989	82.51000214
990	81.98999786
991	82.37999725
992	82.08999634
993	82.22000122
994	82.15000153
995	82.76000214
996	82.06999969
997	82.16999817
998	82.47000122
999	82.36000061
1000	82.62000275
1001	82.36000061
1002	82.36000061
1003	82.02999878
1004	82.41000366
1005	82.23999786
1006	82.30000305
1007	82.44999695
1008	82.43000031
1009	82.66000366
1010	82.94999695
1011	82.91000366
1012	82.37999725
1013	82.52999878
1014	82.37999725
1015	82.52999878
1016	82.37999725
1017	82.30000305
1018	81.91999817
1019	82.11000061
1020	82.22000122
1021	82.51000214
1022	82.36000061
1023	82.80999756
1024	82.80000305
1025	82.33999634
1026	82.16999817
1027	82.26000214
1028	82.52999878
1029	82.97000122
1030	82.08999634
1031	82.41000366
1032	82.26000214
1033	82.97000122
1034	82.55000305
1035	82.76000214
1036	83.08000183
1037	82.52999878
1038	82.27999878
1039	82.76000214
1040	82.27999878
1041	82.63999939
1042	82.63999939
1043	82.80999756
1044	82.15000153
1045	83.13999939
1046	82.44999695
1047	82.69999695
1048	82.33999634
1049	82.52999878
1050	82.93000031
1051	82.43000031
1052	83.04000092
1053	82.98999786
1054	82.59999847
1055	82.48999786
1056	82.88999939
1057	83.04000092
1058	83.09999847
1059	82.55000305
1060	83.55999756
1061	83.01000214
1062	83.70999908
1063	82.77999878
1064	83.58000183
1065	83.70999908
1066	83.54000092
1067	83.75
1068	83.22000122
1069	83.18000031
1070	83.25
1071	83.83000183
1072	83.34999847
1073	83.34999847
1074	83.76999664
1075	83.5
1076	84.08999634
1077	83.86000061
1078	83.69000244
1079	83.45999908
1080	83.73000336
1081	82.97000122
1082	83.91999817
1083	84.05000305
1084	83.62999725
1085	84.25
1086	83.75
1087	83.66999817
1088	83.45999908
1089	83.45999908
1090	83.69000244
1091	82.98999786
1092	83.80999756
1093	83.91999817
1094	84.05000305
1095	83.69000244
1096	83.73000336
1097	83.38999939
1098	83.18000031
1099	83.58000183
1100	83.33000183
1101	83.73000336
1102	83.41000366
1103	83.38999939
1104	84.04000092
1105	82.84999847
1106	83.58000183
1107	84.01999664
1108	83.58000183
1109	83.83000183
1110	83.44000244
1111	84.01999664
1112	83.73000336
1113	83.86000061
1114	83.66999817
1115	83.66999817
1116	83.62000275
1117	83.87999725
1118	84.15000153
1119	83.16000366
1120	83.86000061
1121	84.33999634
1122	83.41999817
1123	83.83999634
1124	83.80999756
1125	83.69000244
1126	83.54000092
1127	83.80999756
1128	83.94000244
1129	84.15000153
1130	83.16000366
1131	83.69000244
1132	83.79000092
1133	84.26000214
1134	83.79000092
1135	83.44000244
1136	84.05000305
1137	83.95999908
1138	83.86000061
1139	83.5
1140	83.58000183
1141	83.83000183
1142	83.95999908
1143	83.75
1144	83.73000336
1145	83.58000183
1146	84.04000092
1147	83.87999725
1148	83.48000336
1149	84.08999634
1150	83.76999664
1151	84.27999878
1152	84.20999908
1153	83.86000061
1154	83.59999847
1155	83.41000366
1156	83.44000244
1157	83.76999664
1158	83.66999817
1159	84.23000336
1160	83.69000244
1161	83.54000092
1162	83.58000183
1163	84.20999908
1164	83.75
1165	84.04000092
1166	84.58999634
1167	84.04000092
1168	84.25
1169	84.19000244
1170	84.25
1171	84.26000214
1172	83.59999847
1173	84.01999664
1174	83.83000183
1175	83.70999908
1176	83.83999634
1177	83.83999634
1178	83.91999817
1179	84.16999817
1180	83.79000092
1181	83.62999725
1182	83.98000336
1183	84.01999664
1184	84.12999725
1185	83.91999817
1186	83.66999817
1187	83.91999817
1188	83.76999664
1189	83.79000092
1190	83.87999725
1191	83.86000061
1192	84.19000244
1193	83.95999908
1194	83.83000183
1195	83.90000153
1196	84.36000061
1197	83.83000183
1198	83.19999695
1199	83.58000183
1200	83.62000275
1201	83.95999908
1202	83.86000061
1203	84.25
1204	84.08999634
1205	83.29000092
1206	83.76999664
1207	83.95999908
1208	84.11000061
1209	83.90000153
1210	84.23000336
1211	83.83000183
1212	83.51999664
1213	83.80999756
1214	83.91999817
1215	84.19000244
1216	83.73000336
1217	84.01999664
1218	84.01999664
1219	84
1220	83.70999908
1221	83.94000244
1222	84.12999725
1223	83.79000092
1224	83.51999664
1225	83.98000336
1226	83.41999817
1227	83.80999756
1228	83.83999634
1229	83.23000336
1230	83.51999664
1231	84.01999664
1232	83.62999725
1233	83.86000061
1234	83.34999847
1235	83.16000366
1236	83.62999725
1237	83.48000336
1238	82.80999756
1239	82.58999634
1240	81.95999908
1241	81.69000244
1242	81.16000366
1243	80.22000122
1244	80.30000305
1245	80.33000183
1246	79.61000061
1247	79.23000336
1248	78.87000275
1249	78.94000244
1250	78.5
1251	78.87000275
1252	78.66000366
1253	78.55999756
1254	78.79000092
1255	79.51000214
1256	79.08000183
1257	79.16999817
1258	79.98999786
1259	79.30000305
1260	79.31999969
1261	80.01000214
1262	79.93000031
1263	79.80000305
1264	79.94999695
1265	80.08999634
1266	80.37000275
1267	80.52999878
1268	81.26999664
1269	80.18000031
1270	81.01999664
1271	81.04000092
1272	80.91000366
1273	80.31999969
1274	80.73999786
1275	81.12000275
1276	80.83000183
1277	81.16000366
1278	81.08000183
1279	80.58000183
1280	81.16000366
1281	81.34999847
1282	81.40000153
1283	80.93000031
1284	81.29000092
1285	81.62999725
1286	81.29000092
1287	81.08000183
1288	81.36000061
1289	81.66999817
1290	81.76999664
1291	81.61000061
1292	81.41999817
1293	81.44000244
1294	81.86000061
1295	81.48000336
1296	81.5
1297	81.51999664
1298	82.08999634
1299	81.76999664
1300	81.69000244
1301	81.33000183
1302	81.23000336
1303	81.69000244
1304	81.44000244
1305	81.91999817
1306	82.02999878
1307	81.87999725
1308	82.19000244
1309	82.12999725
1310	81.58999634
1311	81.41999817
1312	81.70999908
1313	81.5
1314	81.62999725
1315	81.65000153
1316	81.98999786
1317	82.12999725
1318	81.69000244
1319	81.80000305
1320	81.65000153
1321	81.37999725
1322	81.36000061
1323	81.70999908
1324	81.25
1325	81.5
1326	81.48000336
1327	81.90000153
1328	81.56999969
1329	81.29000092
1330	81.62999725
1331	81.51999664
1332	81.65000153
1333	81.83999634
1334	81.81999969
1335	81.55999756
1336	81.76999664
1337	81.62999725
1338	81.80000305
1339	81.80000305
1340	82.16999817
1341	82.08999634
1342	82.19000244
1343	81.94000244
1344	82.44999695
1345	82.23999786
1346	81.58999634
1347	82.22000122
1348	81.12000275
1349	81.51999664
1350	81.45999908
1351	81.54000092
1352	81.77999878
1353	81.51999664
1354	81.81999969
1355	81.5
1356	81.55999756
1357	81.69000244
1358	81.75
1359	81.58999634
1360	81.81999969
1361	81.5
1362	81.37999725
1363	81.20999908
1364	81.40000153
1365	81.62999725
1366	81.40000153
1367	81.40000153
1368	81.80000305
1369	81.87999725
1370	81.80000305
1371	82.08999634
1372	81.75
1373	81.26999664
1374	81.56999969
1375	81.40000153
1376	82.16999817
1377	81.98000336
1378	81.55999756
1379	81.55999756
1380	82.23999786
1381	81.36000061
1382	81.12000275
1383	81.48000336
1384	81.33000183
1385	81.98999786
1386	82.19000244
1387	81.54000092
1388	81.87999725
1389	81.76999664
1390	82.01000214
1391	82.11000061
1392	81.94000244
1393	81.20999908
1394	81.56999969
1395	81.98000336
1396	81.5
1397	81.48000336
1398	81.77999878
1399	82.06999969
1400	81.66999817
1401	81.44000244
1402	81.65000153
1403	81.65000153
1404	81.44000244
1405	81.54000092
1406	81.90000153
1407	81.5
1408	81.54000092
1409	81.98000336
1410	81.30999756
1411	81.62999725
1412	81.91999817
1413	82.11000061
1414	81.80000305
1415	81.75
1416	82.06999969
1417	82.05000305
1418	81.95999908
1419	82.36000061
1420	81.86000061
1421	81.73000336
1422	81.76999664
1423	81.65000153
1424	82.38999939
1425	82.19000244
1426	82.02999878
1427	81.48000336
1428	81.91999817
1429	82.06999969
1430	81.83999634
1431	81.76999664
1432	81.69000244
1433	81.51999664
1434	82.06999969
1435	82.44999695
1436	81.5
1437	81.83999634
1438	81.94000244
1439	82.31999969
1440	81.98000336
1441	82.01000214
1442	82.37999725
1443	81.75
1444	82.06999969
1445	81.55999756
1446	81.70999908
1447	81.66999817
1448	82.27999878
1449	81.73000336
1450	81.55999756
1451	82.11000061
1452	82.06999969
1453	81.44000244
1454	81.5
1455	81.98000336
1456	82.48999786
1457	81.81999969
1458	82.05000305
1459	81.91999817
1460	81.69000244
1461	81.58999634
1462	81.87999725
1463	82.41000366
1464	82.31999969
1465	81.75
1466	82.01000214
1467	82.22000122
1468	81.86000061
1469	82.36000061
1470	82.38999939
1471	81.56999969
1472	81.80000305
1473	82.51000214
1474	81.65000153
1475	82.02999878
1476	82.11000061
1477	82.47000122
1478	82.15000153
1479	82.05000305
1480	82.59999847
1481	81.61000061
1482	82.02999878
1483	82.47000122
1484	81.77999878
1485	81.75
1486	81.91999817
1487	82.27999878
1488	82.08999634
1489	81.91999817
1490	81.83999634
1491	81.40000153
1492	82.16999817
1493	82.41000366
1494	81.62999725
1495	81.54000092
1496	82.31999969
1497	82.30000305
1498	81.48000336
1499	81.83999634
1500	82.59999847
1501	82.06999969
1502	81.62999725
1503	82.12999725
1504	82.37999725
1505	82.69999695
1506	81.90000153
1507	82.38999939
1508	82.05000305
1509	82.31999969
1510	82.30000305
1511	81.75
1512	81.95999908
1513	82.01000214
1514	82.58999634
1515	81.73000336
1516	81.91999817
1517	82.41000366
1518	82.02999878
1519	82.02999878
1520	82.30000305
1521	82.73999786
1522	82.22000122
1523	81.87999725
1524	82.58999634
1525	82.76000214
1526	82.36000061
1527	82.93000031
1528	82.72000122
1529	83.01000214
1530	82.44999695
1531	83.29000092
1532	83.01000214
1533	82.94999695
1534	82.72000122
1535	82.94999695
1536	83.30999756
1537	83.13999939
1538	83.26999664
1539	83.80999756
1540	83.04000092
1541	83.34999847
1542	83.37000275
1543	83.18000031
1544	82.94999695
1545	82.88999939
1546	83.30999756
1547	83.34999847
1548	83.22000122
1549	83.25
1550	83.23000336
1551	82.93000031
1552	83.16000366
1553	83.34999847
1554	83.30999756
1555	83.59999847
1556	83.5
1557	82.68000031
1558	82.94999695
1559	83.25
1560	83.59999847
1561	83.62000275
1562	83.37000275
1563	83.70999908
1564	83.16000366
1565	83.04000092
1566	83.19999695
1567	83.08000183
1568	83.75
1569	83.41999817
1570	82.93000031
1571	82.97000122
1572	83.66999817
1573	83.18000031
1574	83.26999664
1575	83.83999634
1576	83.54000092
1577	83.37000275
1578	83.65000153
1579	82.87000275
1580	83.30999756
1581	83.33000183
1582	83.41999817
1583	83.54000092
1584	83.33000183
1585	84.05000305
1586	83.70999908
1587	83.44000244
1588	83.83000183
1589	82.80999756
1590	83.22000122
1591	83.80999756
1592	83.76999664
1593	82.87000275
1594	83.45999908
1595	83.26999664
1596	83.62000275
1597	83.51999664
1598	83.12000275
1599	83.55999756
1600	83.23000336
1601	83.18000031
1602	82.84999847
1603	83.38999939
1604	83.41999817
1605	83.26999664
1606	83.12000275
1607	83.45999908
1608	83.41000366
1609	83.37000275
1610	83.22000122
1611	83.25
1612	83.58000183
1613	83.34999847
1614	83.33000183
1615	83.34999847
1616	84.01999664
1617	83.51999664
1618	83.38999939
1619	83.18000031
1620	83.55999756
1621	83.54000092
1622	83.54000092
1623	83.62999725
1624	83.73000336
1625	83.45999908
1626	83.41000366
1627	83.62000275
1628	83.62999725
1629	83.62000275
1630	83.37000275
1631	83.62000275
1632	83.76999664
1633	83.83999634
1634	83.86000061
1635	83.16000366
1636	83.23000336
1637	83.76999664
1638	83.94000244
1639	83.48000336
1640	83.83000183
1641	83.59999847
1642	83.86000061
1643	83.23000336
1644	83.94000244
1645	84.04000092
1646	83.98000336
1647	84.04000092
1648	83.65000153
1649	83.33000183
1650	83.48000336
1651	83.22000122
1652	83.08000183
1653	83.90000153
1654	84.04000092
1655	83.37000275
1656	83.80999756
1657	84.23000336
1658	84.08999634
1659	83.23000336
1660	83.33000183
1661	83.41000366
1662	83.26999664
1663	83.58000183
1664	83.86000061
1665	83.83000183
1666	83.83000183
1667	83.69000244
1668	83.5
1669	83.12000275
1670	83.01999664
1671	83.29000092
1672	83.54000092
1673	83.38999939
1674	83.26999664
1675	83.76999664
1676	83.70999908
1677	83.65000153
1678	84.05000305
1679	83.75
1680	83.98000336
1681	83.65000153
1682	83.69000244
1683	83.38999939
1684	83.29000092
1685	83.34999847
1686	83.48000336
1687	83.59999847
1688	83.59999847
1689	83.41000366
1690	83.73000336
1691	84
1692	83.87999725
1693	83.75
1694	83.65000153
1695	83.65000153
1696	83.62999725
1697	83.73000336
1698	83.51999664
1699	83.5
1700	83.38999939
1701	83.58000183
1702	83.48000336
1703	83.25
1704	84.08999634
1705	83.59999847
1706	83.26999664
1707	83.33000183
1708	83.18000031
1709	83.01000214
1710	83.13999939
1711	82.88999939
1712	82.26000214
1713	82.30000305
1714	81.76999664
1715	80.94999695
1716	79.87999725
1717	79.72000122
1718	79.52999878
1719	78.75
1720	78.94000244
1721	79.40000153
1722	79.15000153
1723	78.48000336
1724	78.83000183
1725	78.59999847
1726	78.75
1727	79.16999817
1728	78.68000031
1729	78.76999664
1730	78.94000244
1731	79.58999634
1732	80.22000122
1733	79.51000214
1734	79.69000244
1735	80.16000366
1736	80.27999878
1737	80.27999878
1738	80.27999878
1739	80.69999695
1740	80.87000275
1741	80.62000275
1742	80.69999695
1743	80.66000366
1744	80.75
1745	81.30999756
1746	80.93000031
1747	80.91000366
1748	80.91000366
1749	80.73999786
1750	81.70999908
1751	81.30999756
1752	81.40000153
1753	80.93000031
1754	81.30999756
1755	81.33000183
1756	81.09999847
1757	81.30999756
1758	81.81999969
1759	81.36000061
1760	81.58999634
1761	82.05000305
1762	81.55999756
1763	81.66999817
1764	81.56999969
1765	81.90000153
1766	81.65000153
1767	81.76999664
1768	81.05999756
1769	82.01000214
1770	82.06999969
1771	81.29000092
1772	81.62999725
1773	81.45999908
1774	81.23000336
1775	81.95999908
1776	82.23999786
1777	81.37999725
1778	81.90000153
1779	82.06999969
1780	81.56999969
1781	81.69000244
1782	82.12999725
1783	81.58999634
1784	81.86000061
1785	81.86000061
1786	81.36000061
1787	81.98000336
1788	81.90000153
1789	81.61000061
1790	81.87999725
1791	82.19999695
1792	81.83999634
1793	81.91999817
1794	81.70999908
1795	81.95999908
1796	81.94000244
1797	81.80000305
1798	82.12999725
1799	81.80000305
1800	81.5
1801	82.19000244
1802	81.90000153
1803	81.56999969
1804	81.54000092
1805	81.81999969
1806	82.16999817
1807	81.58999634
1808	81.29000092
1809	81.51999664
1810	82.19000244
1811	82.52999878
1812	81.80000305
1813	81.5
1814	81.55999756
1815	82.02999878
1816	82.16999817
1817	81.94000244
1818	81.86000061
1819	81.44000244
1820	81.86000061
1821	81.80000305
1822	82.22000122
1823	81.98999786
1824	81.83999634
1825	81.81999969
1826	81.90000153
1827	81.70999908
1828	81.83999634
1829	82.16999817
1830	82.22000122
1831	81.81999969
1832	82.02999878
1833	81.65000153
1834	81.81999969
1835	81.65000153
1836	81.98000336
1837	81.94000244
1838	82.19000244
1839	81.86000061
1840	81.54000092
1841	82.06999969
1842	82.01000214
1843	81.75
1844	81.94000244
1845	81.98999786
1846	82.06999969
1847	82.01000214
1848	82.12999725
1849	82.41000366
1850	82.59999847
1851	82.30000305
1852	81.70999908
1853	81.58999634
1854	81.45999908
1855	81.73000336
1856	81.76999664
1857	82.36000061
1858	82.08999634
1859	82.11000061
1860	82.15000153
1861	82.31999969
1862	82.27999878
1863	82.55000305
1864	82.76000214
1865	82.56999969
1866	81.81999969
1867	81.81999969
1868	81.75
1869	82.16999817
1870	81.98999786
1871	81.86000061
1872	81.95999908
1873	82.05000305
1874	81.86000061
1875	82.11000061
1876	82.12999725
1877	82.02999878
1878	82.12999725
1879	82.06999969
1880	81.94000244
1881	81.94000244
1882	81.91999817
1883	81.86000061
1884	82.33999634
1885	82.27999878
1886	82.30000305
1887	82.08999634
1888	81.95999908
1889	81.95999908
1890	82.23999786
1891	82.06999969
1892	82.12999725
1893	82.19000244
1894	82.22000122
1895	82.43000031
1896	82.30000305
1897	82.27999878
1898	81.98999786
1899	82.01000214
1900	82.05000305
1901	81.73000336
1902	81.73000336
1903	81.87999725
1904	81.91999817
1905	82.12999725
1906	82.02999878
1907	82.08999634
1908	82.12999725
1909	82.06999969
1910	82.01000214
1911	81.98000336
1912	82.38999939
1913	82.58999634
1914	82.76000214
1915	82.43000031
1916	82.37999725
1917	82.06999969
1918	82.11000061
1919	82.06999969
1920	81.98999786
1921	81.98000336
1922	81.95999908
1923	81.95999908
1924	81.94000244
1925	82.19000244
1926	82.01000214
1927	82.41000366
1928	82.33999634
1929	82.52999878
1930	82.55000305
1931	82.55000305
1932	82.43000031
1933	82.36000061
1934	82.51000214
1935	81.77999878
1936	81.75
1937	81.77999878
1938	81.58999634
1939	81.62999725
1940	82.05000305
1941	82.51000214
1942	82.31999969
1943	82.01000214
1944	81.86000061
1945	82.16999817
1946	82.47000122
1947	82.44999695
1948	82.23999786
1949	82.84999847
1950	82.87000275
1951	82.31999969
1952	82.12999725
1953	82.52999878
1954	81.61000061
1955	81.83999634
1956	82.05000305
1957	82.08999634
1958	81.98999786
1959	82.06999969
1960	82.47000122
1961	82.26000214
1962	82.69999695
1963	81.98999786
1964	82.37999725
1965	82.16999817
1966	82.26000214
1967	81.70999908
1968	81.87999725
1969	81.98999786
1970	81.81999969
1971	82.36000061
1972	82.01000214
1973	82.02999878
1974	82.33999634
1975	82.52999878
1976	82.62000275
1977	82.37999725
1978	82.55000305
1979	82.11000061
1980	82.55000305
1981	81.58999634
1982	81.70999908
1983	81.86000061
1984	81.94000244
1985	81.86000061
1986	82.56999969
1987	82.23999786
1988	82.26000214
1989	82.63999939
1990	82.22000122
1991	82.68000031
1992	82.72000122
1993	82.52999878
1994	82.31999969
1995	81.77999878
1996	82.01000214
1997	82.36000061
1998	81.83999634
1999	82.06999969
2000	82.58999634
2001	82.59999847
2002	83.01999664
2003	82.87000275
2004	82.73999786
2005	82.48999786
2006	82.51000214
2007	82.94999695
2008	83.12000275
2009	83.12000275
2010	83.38999939
2011	83.04000092
2012	82.77999878
2013	82.66000366
2014	82.91000366
2015	83.05999756
2016	83.19999695
2017	82.97000122
2018	82.87000275
2019	83.01000214
2020	82.80000305
2021	83.09999847
2022	82.68000031
2023	83.01999664
2024	82.80999756
2025	82.98999786
2026	83.01000214
2027	83.22000122
2028	83.70999908
2029	83.58000183
2030	83.18000031
2031	83.19999695
2032	83.48000336
2033	82.98999786
2034	83.09999847
2035	83.09999847
2036	83.59999847
2037	83.16000366
2038	83.08000183
2039	83.09999847
2040	83.19999695
2041	82.94999695
2042	83.04000092
2043	83.08000183
2044	83.30999756
2045	83.44000244
2046	83.41999817
2047	83.22000122
2048	83.51999664
2049	82.91000366
2050	83.23000336
2051	83.04000092
2052	83.29000092
2053	83.75
2054	83.58000183
2055	82.98999786
2056	83.04000092
2057	83.12000275
2058	83.25
2059	83.5
2060	82.87000275
2061	83.33000183
2062	83.09999847
2063	82.98999786
2064	83.44000244
2065	83.80999756
2066	83.16000366
2067	82.91000366
2068	83.08000183
2069	83.19999695
2070	83.41999817
2071	83.22000122
2072	82.77999878
2073	83.01999664
2074	83.29000092
2075	83.44000244
2076	83.34999847
2077	83.54000092
2078	83.80999756
2079	83.34999847
2080	83.59999847
2081	83.05999756
2082	83.44000244
2083	83.45999908
2084	83.45999908
2085	83.73000336
2086	83.33000183
2087	83.45999908
2088	83.37000275
2089	83.33000183
2090	83.87999725
2091	84.52999878
2092	83.44000244
2093	83.80999756
2094	83.75
2095	83.69000244
2096	84.15000153
2097	83.54000092
2098	84.04000092
2099	83.5
2100	83.41999817
2101	83.79000092
2102	83.33000183
2103	83.54000092
2104	84.37999725
2105	83.48000336
2106	83.25
2107	83.76999664
2108	83.18000031
2109	83.83000183
2110	83.37000275
2111	83.19999695
2112	83.41000366
2113	83.41000366
2114	83.80999756
2115	83.04000092
2116	83.34999847
2117	83.65000153
2118	83.41000366
2119	83.62999725
2120	83.16000366
2121	83.25
2122	83.30999756
2123	82.98999786
2124	83.70999908
2125	83.95999908
2126	83.34999847
2127	83.12000275
2128	83.25
2129	84.04000092
2130	83.13999939
2131	83.37000275
2132	83.80999756
2133	83.44000244
2134	83.44000244
2135	83.62999725
2136	83.76999664
2137	83.34999847
2138	83.5
2139	83.29000092
2140	82.97000122
2141	83.37000275
2142	83.83999634
2143	83.33000183
2144	83.26999664
2145	83.79000092
2146	83.16000366
2147	83.65000153
2148	83.22000122
2149	83.73000336
2150	83.69000244
2151	83.38999939
2152	83.38999939
2153	83.12000275
2154	83.25
2155	83.5
2156	82.94999695
2157	83.59999847
2158	83.94000244
2159	83.19999695
2160	83.55999756
2161	83.91999817
2162	83.41000366
2163	83.69000244
2164	83.73000336
2165	83.65000153
2166	83.48000336
2167	83.48000336
2168	83.18000031
2169	83.29000092
2170	83.86000061
2171	83.30999756
2172	83.23000336
2173	83.51999664
2174	83.73000336
2175	83.09999847
2176	83.22000122
2177	83.33000183
2178	83.05999756
2179	83.44000244
2180	83.08000183
2181	83.18000031
2182	83.54000092
2183	82.98999786
2184	82.80999756
2185	82.55000305
2186	82.56999969
2187	81.51999664
2188	81.04000092
2189	81.13999939
2190	80.72000122
2191	79.65000153
2192	79.31999969
2193	79.15000153
2194	79.23000336
2195	78.63999939
2196	78.23999786
2197	77.94999695
2198	78.62000275
2199	78.48000336
2200	78.79000092
2201	78.88999939
2202	78.41000366
2203	78.26000214
2204	78.70999908
2205	79.01999664
2206	79.70999908
2207	79.62999725
2208	79.08000183
2209	79.41999817
2210	79.72000122
2211	80.22000122
2212	80.48999786
2213	80.34999847
2214	80.22000122
2215	80.08999634
2216	80.13999939
2217	80.41000366
2218	80.11000061
2219	80.30000305
2220	80.47000122
2221	80.55999756
2222	80.63999939
2223	80.84999847
2224	80.59999847
2225	81
2226	81.20999908
2227	81.37999725
2228	80.87000275
2229	80.79000092
2230	80.80999756
2231	80.62000275
2232	80.76999664
2233	80.66000366
2234	80.84999847
2235	81.44000244
2236	81.30999756
2237	81.20999908
2238	80.79000092
2239	80.73999786
2240	81.41999817
2241	81.54000092
2242	81.20999908
2243	81.51999664
2244	81.36000061
2245	81.44000244
2246	81.23000336
2247	81.01999664
2248	80.94999695
2249	81.33000183
2250	81.29000092
2251	81.55999756
2252	81.51999664
2253	81.36000061
2254	81.30999756
2255	81.34999847
2256	81.48000336
2257	81.25
2258	81.80000305
2259	81.65000153
2260	82.23999786
2261	81.66999817
2262	82.02999878
2263	81.01999664
2264	81.09999847
2265	81.04000092
2266	81.30999756
2267	81.45999908
2268	81.37999725
2269	81.16999817
2270	81.33000183
2271	81.25
2272	81.51999664
2273	81.41999817
2274	82.01000214
2275	81.36000061
2276	81.33000183
2277	82.06999969
2278	81.5
2279	81.45999908
2280	82.38999939
2281	82.16999817
2282	81
2283	81.62999725
2284	81.75
2285	81.70999908
2286	81.86000061
2287	81.87999725
2288	81.91999817
2289	81.56999969
2290	81.40000153
2291	81.56999969
2292	81.70999908
2293	81.73000336
2294	81.54000092
2295	82.19000244
2296	81.86000061
2297	81.25
2298	81.36000061
2299	81.08000183
2300	81.80000305
2301	81.65000153
2302	81.83999634
2303	81.81999969
2304	81.83999634
2305	81.37999725
2306	81.75
2307	81.40000153
2308	81.36000061
2309	81.37999725
2310	81.55999756
2311	81.81999969
2312	81.55999756
2313	82.19000244
2314	81.37999725
2315	81.33000183
2316	81.01999664
2317	81.19000244
2318	81.86000061
2319	81.62999725
2320	81.94000244
2321	82.01000214
2322	81.87999725
2323	81.16000366
2324	81.61000061
2325	81.5
2326	81.76999664
2327	81.65000153
2328	81.37999725
2329	81.69000244
2330	81.75
2331	81.70999908
2332	81.33000183
2333	81.54000092
2334	81.66999817
2335	81.73000336
2336	81.73000336
2337	82.01000214
2338	82.11000061
2339	81.62999725
2340	81.13999939
2341	81.09999847
2342	81.58999634
2343	81.86000061
2344	81.94000244
2345	81.51999664
2346	81.75
2347	81.44000244
2348	81.83999634
2349	81.90000153
2350	81.73000336
2351	81.56999969
2352	81.37999725
2353	81.58999634
2354	81.91999817
2355	81
2356	80.91000366
2357	81.30999756
2358	81.16999817
2359	81.76999664
2360	81.20999908
2361	81.41999817
2362	81.45999908
2363	81.66999817
2364	81.29000092
2365	81.55999756
2366	81.40000153
2367	81.86000061
2368	81.62999725
2369	81.16999817
2370	81.66999817
2371	81.33000183
2372	81.80000305
2373	81.48000336
2374	80.83000183
2375	81.16999817
2376	81.37999725
2377	81.77999878
2378	81.16999817
2379	81.19000244
2380	81.5
2381	81.33000183
2382	80.80999756
2383	80.95999908
2384	81.76999664
2385	81.05999756
2386	80.76999664
2387	81.23000336
2388	81.23000336
2389	80.87000275
2390	80.48999786
2391	80.72000122
2392	80.98000336
2393	81.29000092
2394	80.69999695
2395	80.41000366
2396	81.09999847
2397	80.79000092
2398	80.94999695
2399	80.38999939
2400	80.63999939
2401	80.79000092
2402	81.12000275
2403	80.51000214
2404	80.47000122
2405	80.73999786
2406	81.16000366
2407	80.73999786
2408	80.51000214
2409	80.68000031
2410	80.72000122
2411	80.69999695
2412	81.12000275
2413	81.04000092
2414	80.87000275
2415	80.76999664
2416	81.04000092
2417	81.20999908
2418	81.04000092
2419	80.54000092
2420	80.93000031
2421	81.33000183
2422	81.13999939
2423	80.91000366
2424	80.79000092
2425	80.75
2426	80.95999908
2427	81.5
2428	81.37999725
2429	80.98000336
2430	81.01999664
2431	80.88999939
2432	80.88999939
2433	81.73000336
2434	80.69999695
2435	80.51000214
2436	80.62000275
2437	80.48999786
2438	80.73999786
2439	80.73999786
2440	80.58000183
2441	80.84999847
2442	80.84999847
2443	80.87000275
2444	80.11000061
2445	80.12999725
2446	80.51000214
2447	80.62000275
2448	80.88999939
2449	80.94999695
2450	80.31999969
2451	79.90000153
2452	80.33000183
2453	80.33000183
2454	80.30000305
2455	80.55999756
2456	80.13999939
2457	79.73999786
2458	79.69000244
2459	80.37000275
2460	80.54000092
2461	79.70999908
2462	79.86000061
2463	79.61000061
2464	79.58999634
2465	79.72000122
2466	79.25
2467	79.52999878
2468	79.81999969
2469	79.55000305
2470	79.56999969
2471	80.11000061
2472	79.65000153
2473	79.26999664
2474	78.95999908
2475	79.25
2476	79.94999695
2477	80.18000031
2478	80.38999939
2479	80.23999786
2480	80.27999878
2481	80.34999847
2482	81.16999817
2483	80.48999786
2484	81.08000183
2485	80.76999664
2486	80.79000092
2487	80.68000031
2488	80.37000275
2489	80.16000366
2490	80.33000183
2491	80.27999878
2492	80.22000122
2493	80.51000214
2494	80.75
2495	80.87000275
2496	80.73999786
2497	81.09999847
2498	80.88999939
2499	81.5
2500	81.55999756
2501	81.70999908
2502	81.51999664
2503	81.08000183
2504	81.40000153
2505	81.26999664
2506	81.33000183
2507	81.51999664
2508	81.23000336
2509	80.88999939
2510	81.04000092
2511	81.12000275
2512	81.66999817
2513	81.70999908
2514	81.73000336
2515	81.62999725
2516	81.66999817
2517	81.75
2518	81.77999878
2519	81.83999634
2520	81.91999817
2521	82.01000214
2522	81.98000336
2523	81.95999908
2524	81.69000244
2525	81.51999664
2526	81.69000244
2527	81.86000061
2528	81.80000305
2529	81.75
2530	82.16999817
2531	82.23999786
2532	82.56999969
2533	82.47000122
2534	82.19000244
2535	82.19999695
2536	81.73000336
2537	82.33999634
2538	82.16999817
2539	82.05000305
2540	82.77999878
2541	82.26000214
2542	82.48999786
2543	83.23000336
2544	82.51000214
2545	81.80000305
2546	82.08999634
2547	81.98000336
2548	82.01000214
2549	82.12999725
2550	82.30000305
2551	82.23999786
2552	82.37999725
2553	82.87000275
2554	82.33999634
2555	82.69999695
2556	82.68000031
2557	82.72000122
2558	82.87000275
2559	81.81999969
2560	82.12999725
2561	82.02999878
2562	82.51000214
2563	82.38999939
2564	82.83000183
2565	82.68000031
2566	82.69999695
2567	82.88999939
2568	82.23999786
2569	82.26000214
2570	82.12999725
2571	82.19000244
2572	82.05000305
2573	82.48999786
2574	82.51000214
2575	82.38999939
2576	82.63999939
2577	82.38999939
2578	82.38999939
2579	82.37999725
2580	82.33999634
2581	82.30000305
2582	82.38999939
2583	82.47000122
2584	82.33999634
2585	82.15000153
2586	82.63999939
2587	82.97000122
2588	82.73999786
2589	82.56999969
2590	82.48999786
2591	82.38999939
2592	82.43000031
2593	82.31999969
2594	82.38999939
2595	82.38999939
2596	83.12000275
2597	82.93000031
2598	82.62000275
2599	82.73999786
2600	82.47000122
2601	82.80000305
2602	82.69999695
2603	82.72000122
2604	82.94999695
2605	82.63999939
2606	82.41000366
2607	82.63999939
2608	82.84999847
2609	82.15000153
2610	82.59999847
2611	82.62000275
2612	82.41000366
2613	82.52999878
2614	83.33000183
2615	82.44999695
2616	82.98999786
2617	83.12000275
2618	82.56999969
2619	83.41999817
2620	82.38999939
2621	82.33999634
2622	82.69999695
2623	82.76000214
2624	82.93000031
2625	82.93000031
2626	82.76000214
2627	83.48000336
2628	82.73999786
2629	83.13999939
2630	83.12000275
2631	82.72000122
2632	82.84999847
2633	82.44999695
2634	82.77999878
2635	82.69999695
2636	82.84999847
2637	82.97000122
2638	82.44999695
2639	82.69999695
2640	83.04000092
2641	82.38999939
2642	83.23000336
2643	82.66000366
2644	82.38999939
2645	82.44999695
2646	82.47000122
2647	82.51000214
2648	82.69999695
2649	82.31999969
2650	83.04000092
2651	82.80000305
2652	82.68000031
2653	83.09999847
2654	82.62000275
2655	82.55000305
2656	83.01999664
2657	82.44999695
2658	82.41000366
2659	81.98000336
2660	81.34999847
2661	80.94999695
2662	80.66000366
2663	80.34999847
2664	79.45999908
2665	79.01999664
2666	79.25
2667	78.34999847
2668	78.43000031
2669	78.30999756
2670	77.97000122
2671	78.18000031
2672	78.19999695
2673	78.73000336
2674	78.33000183
2675	78.38999939
2676	78.30999756
2677	78.06999969
2678	78.73000336
2679	79.44000244
2680	79.16999817
2681	79.29000092
2682	79.56999969
2683	79.33999634
2684	79.55000305
2685	79.98999786
2686	80.31999969
2687	79.69000244
2688	80.06999969
2689	80.22000122
2690	80.06999969
2691	80.12999725
2692	80.41000366
2693	80.88999939
2694	80.43000031
2695	80.43000031
2696	80.47000122
2697	81.01999664
2698	80.43000031
2699	80.26000214
2700	80.52999878
2701	80.55999756
2702	81.61000061
2703	80.88999939
2704	81.01999664
2705	80.69999695
2706	80.69999695
2707	80.80999756
2708	81.45999908
2709	81.01999664
2710	80.47000122
2711	81.20999908
2712	80.95999908
2713	81.20999908
2714	81.40000153
2715	81.40000153
2716	80.73999786
2717	80.73999786
2718	80.75
2719	80.95999908
2720	81.25
2721	81.77999878
2722	81.77999878
2723	81.45999908
2724	81.05999756
2725	80.80999756
2726	81.26999664
2727	81.36000061
2728	81.20999908
2729	81.44000244
2730	81.34999847
2731	81.08000183
2732	81
2733	81.12000275
2734	81.05999756
2735	81.12000275
2736	81.45999908
2737	81.51999664
2738	81.5
2739	80.91000366
2740	81
2741	81.26999664
2742	81.08000183
2743	81.20999908
2744	81.19000244
2745	81.44000244
2746	81.76999664
2747	82.01000214
2748	81.05999756
2749	81.13999939
2750	81.23000336
2751	81.37999725
2752	81.41999817
2753	81.45999908
2754	81.44000244
2755	81.45999908
2756	81.69000244
2757	82.06999969
2758	81.19000244
2759	81.13999939
2760	81.09999847
2761	81.12000275
2762	81.16999817
2763	81.80000305
2764	81.01999664
2765	81.01999664
2766	80.73999786
2767	81.61000061
2768	81.54000092
2769	81.33000183
2770	81.37999725
2771	81.69000244
2772	81.61000061
2773	82.05000305
2774	82.12999725
2775	82.11000061
2776	81.55999756
2777	81.20999908
2778	81.08000183
2779	81.23000336
2780	81.23000336
2781	81.13999939
2782	81.20999908
2783	81.13999939
2784	81.36000061
2785	81.20999908
2786	81.30999756
2787	81.36000061
2788	81.44000244
2789	81.77999878
2790	81.56999969
2791	81.36000061
2792	81.83999634
2793	81.55999756
2794	81.51999664
2795	81.33000183
2796	81.41999817
2797	81.34999847
2798	81.37999725
2799	80.94999695
2800	81.01999664
2801	81.13999939
2802	81.51999664
2803	81.25
2804	81.25
2805	81.34999847
2806	81.65000153
2807	81.98999786
2808	81.20999908
2809	81.37999725
2810	81.16999817
2811	81.48000336
2812	81.36000061
2813	81.16999817
2814	80.98000336
2815	81.30999756
2816	81.29000092
2817	81.55999756
2818	81.41999817
2819	81.54000092
2820	81.65000153
2821	81.62999725
2822	81.66999817
2823	81.23000336
2824	81.16000366
2825	80.98000336
2826	80.98000336
2827	81.26999664
2828	81.48000336
2829	81.33000183
2830	81.41999817
2831	81.55999756
2832	81.30999756
2833	81.86000061
2834	81.01999664
2835	81.41999817
2836	81.23000336
2837	81.44000244
2838	81.26999664
2839	80.98000336
2840	81.70999908
2841	81.98999786
2842	81.41999817
2843	81.30999756
2844	81.04000092
2845	81.25
2846	81.20999908
2847	81.16000366
2848	81.30999756
2849	81.66999817
2850	81.56999969
2851	81.40000153
2852	81.30999756
2853	81.34999847
2854	81.12000275
2855	81.30999756
2856	81.12000275
2857	81.37999725
2858	81.29000092
2859	81.69000244
2860	81.98999786
2861	82.12999725
2862	81.61000061
2863	81.29000092
2864	81.19000244
2865	81.04000092
2866	81.16000366
2867	80.93000031
2868	81.23000336
2869	81.12000275
2870	80.94999695
2871	80.91000366
2872	81.19000244
2873	80.79000092
2874	81.16000366
2875	81.40000153
2876	81.13999939
2877	81.12000275
2878	81.05999756
2879	80.95999908
2880	80.98000336
2881	81.01999664
2882	81.09999847
2883	81
2884	81.05999756
2885	80.98000336
2886	81.05999756
2887	81.83999634
2888	81.45999908
2889	81.05999756
2890	81.25
2891	81.25
2892	81.05999756
2893	81.36000061
2894	80.83000183
2895	81.13999939
2896	81.54000092
2897	81.55999756
2898	81.44000244
2899	81.36000061
2900	81.09999847
2901	81.05999756
2902	80.91000366
2903	81.05999756
2904	81.16000366
2905	81
2906	81.34999847
2907	81.08000183
2908	80.87000275
2909	81.48000336
2910	81.44000244
2911	81.36000061
2912	81.83999634
2913	81.08000183
2914	80.55999756
2915	80.75
2916	80.62000275
2917	81.09999847
2918	80.95999908
2919	81
2920	80.87000275
2921	80.83000183
2922	80.91000366
2923	80.94999695
2924	81.66999817
2925	81.54000092
2926	80.95999908
2927	80.95999908
2928	80.44999695
2929	80.91000366
2930	80.83000183
2931	80.91000366
2932	80.83000183
2933	80.87000275
2934	80.84999847
2935	80.73999786
2936	80.76999664
2937	80.98000336
2938	81.04000092
2939	81.05999756
2940	80.83000183
2941	81.16000366
2942	81.61000061
2943	81.55999756
2944	81.55999756
2945	81.48000336
2946	81.75
2947	80.84999847
2948	80.87000275
2949	81.01999664
2950	81.5
2951	80.55999756
2952	80.95999908
2953	81.16999817
2954	81.33000183
2955	81.25
2956	81.16000366
2957	81.30999756
2958	81.36000061
2959	81.16999817
2960	81.30999756
2961	81.80000305
2962	81.5
2963	81.61000061
2964	81.94000244
2965	82.26000214
2966	82.12999725
2967	82.05000305
2968	82.01000214
2969	82.16999817
2970	81.26999664
2971	81.56999969
2972	81.62999725
2973	81.55999756
2974	81.69000244
2975	81.75
2976	81.66999817
2977	81.54000092
2978	81.61000061
2979	81.80000305
2980	81.55999756
2981	81.65000153
2982	81.98999786
2983	82.63999939
2984	82.19000244
2985	82.31999969
2986	81.95999908
2987	81.75
2988	81.33000183
2989	82.16999817
2990	81.70999908
2991	81.66999817
2992	81.26999664
2993	81.56999969
2994	81.56999969
2995	81.58999634
2996	81.70999908
2997	81.81999969
2998	82.11000061
2999	81.86000061
3000	81.90000153
3001	81.90000153
3002	81.56999969
3003	81.73000336
3004	81.90000153
3005	81.87999725
3006	82.15000153
3007	82.02999878
3008	81.98999786
3009	81.91999817
3010	82.30000305
3011	81.73000336
3012	81.77999878
3013	81.69000244
3014	81.94000244
3015	81.65000153
3016	82.26000214
3017	82.08999634
3018	82.43000031
3019	81.98000336
3020	81.87999725
3021	82.12999725
3022	81.81999969
3023	81.69000244
3024	81.75
3025	81.75
3026	81.37999725
3027	81.40000153
3028	81.36000061
3029	81.44000244
3030	81.95999908
3031	81.87999725
3032	81.91999817
3033	81.69000244
3034	81.98999786
3035	81.98000336
3036	82.37999725
3037	82.19000244
3038	82.06999969
3039	81.65000153
3040	82.12999725
3041	82.19000244
3042	81.65000153
3043	81.77999878
3044	81.86000061
3045	81.41999817
3046	81.51999664
3047	81.62999725
3048	81.81999969
3049	82.01000214
3050	81.81999969
3051	81.36000061
3052	81.36000061
3053	81.87999725
3054	81.98000336
3055	82.33999634
3056	81.95999908
3057	81.83999634
3058	82.33999634
3059	81.98999786
3060	82.12999725
3061	81.90000153
3062	81.91999817
3063	81.55999756
3064	81.61000061
3065	81.81999969
3066	81.66999817
3067	82.37999725
3068	82.27999878
3069	81.98999786
3070	81.73000336
3071	82.31999969
3072	82.37999725
3073	82.37999725
3074	81.90000153
3075	81.40000153
3076	82.27999878
3077	82.52999878
3078	81.48000336
3079	81.81999969
3080	82.33999634
3081	81.61000061
3082	81.80000305
3083	81.30999756
3084	81.54000092
3085	82.15000153
3086	81.98999786
3087	81.81999969
3088	82.47000122
3089	81.58999634
3090	82.19000244
3091	82.06999969
3092	81.76999664
3093	82.19999695
3094	81.73000336
3095	81.65000153
3096	81.90000153
3097	81.55999756
3098	82.05000305
3099	81.86000061
3100	82.11000061
3101	82.37999725
3102	82.06999969
3103	81.48000336
3104	82.06999969
3105	81.75
3106	81.80000305
3107	82.08999634
3108	81.66999817
3109	81.56999969
3110	81.69000244
3111	82.02999878
3112	81.56999969
3113	81.95999908
3114	82.05000305
3115	82.38999939
3116	81.5
3117	82.02999878
3118	82.30000305
3119	81.73000336
3120	81.75
3121	81.90000153
3122	81.44000244
3123	81.26999664
3124	81.87999725
3125	81.73000336
3126	82.02999878
3127	81.40000153
3128	81.66999817
3129	81.76999664
3130	81.86000061
3131	81.08000183
3132	81.08000183
3133	81.13999939
3134	80.79000092
3135	79.81999969
3136	80.18000031
3137	79.76000214
3138	79.5
3139	78.33000183
3140	78.26999664
3141	78.05000305
3142	78.18000031
3143	77.97000122
3144	77.58999634
3145	76.86000061
3146	77
3147	77.19000244
3148	77.44000244
3149	77.40000153
3150	77.48999786
3151	77.51000214
3152	77.69999695
3153	77.97000122
3154	78.23999786
3155	77.73999786
3156	77.72000122
3157	78.09999847
3158	78.51999664
3159	79.09999847
3160	78.80999756
3161	78.73000336
3162	78.68000031
3163	78.83000183
3164	79.05999756
3165	78.91999817
3166	78.98000336
3167	79.41999817
3168	79.45999908
3169	79.5
3170	79.73999786
3171	79.72000122
3172	79.69000244
3173	79.65000153
3174	79.58999634
3175	79.55000305
3176	79.98999786
3177	79.94999695
3178	79.25
3179	79.81999969
3180	79.91999817
3181	79.86000061
3182	79.40000153
3183	79.44000244
3184	79.81999969
3185	79.41999817
3186	79.97000122
3187	80.31999969
3188	79.80000305
3189	79.83999634
3190	79.98999786
3191	80.19999695
3192	80.58000183
3193	79.98999786
3194	80.51000214
3195	80.16000366
3196	80.44999695
3197	80.06999969
3198	79.97000122
3199	80.16000366
3200	80.43000031
3201	80.11000061
3202	79.98999786
3203	80.11000061
3204	80.26000214
3205	79.98999786
3206	80.01000214
3207	79.76000214
3208	80.08999634
3209	80.11000061
3210	80.12999725
3211	79.52999878
3212	80.12999725
3213	79.86000061
3214	79.90000153
3215	80.11000061
3216	79.80000305
3217	79.73999786
3218	79.23000336
3219	80.02999878
3220	79.51000214
3221	79.97000122
3222	79.76000214
3223	79.61000061
3224	79.83999634
3225	79.66999817
3226	79.65000153
3227	79.81999969
3228	80.16000366
3229	80.11000061
3230	80.18000031
3231	80.11000061
3232	79.86000061
3233	79.25
3234	79.36000061
3235	79.55000305
3236	78.79000092
3237	79.25
3238	79.33999634
3239	79.77999878
3240	79.62999725
3241	79.65000153
3242	79.51000214
3243	80.26000214
3244	80.16000366
3245	79.86000061
3246	80.41000366
3247	80.58000183
3248	80.08999634
3249	79.81999969
3250	79.83999634
3251	80.06999969
3252	79.94999695
3253	79.86000061
3254	80.22000122
3255	79.80000305
3256	79.77999878
3257	80.19999695
3258	80.33000183
3259	80.37000275
3260	80.26000214
3261	80.43000031
3262	80.52999878
3263	79.69000244
3264	80.34999847
3265	80.43000031
3266	80.80999756
3267	79.93000031
3268	80.48999786
3269	79.73999786
3270	80.33000183
3271	80.54000092
3272	79.97000122
3273	80.69999695
3274	80.52999878
3275	80.30000305
3276	80.48999786
3277	79.90000153
3278	80.33000183
3279	79.76000214
3280	80.16000366
3281	80.38999939
3282	79.65000153
3283	79.76000214
3284	80.43000031
3285	79.81999969
3286	80.08999634
3287	80.22000122
3288	79.80000305
3289	80.11000061
3290	79.65000153
3291	79.77999878
3292	80.33000183
3293	79.33999634
3294	79.94999695
3295	79.77999878
3296	79.48000336
3297	79.65000153
3298	79.90000153
3299	79.56999969
3300	80.18000031
3301	79.58999634
3302	79.55000305
3303	80.13999939
3304	79.62999725
3305	79.90000153
3306	80.69999695
3307	79.62999725
3308	79.73999786
3309	80.41000366
3310	80.19999695
3311	79.97000122
3312	80.33000183
3313	79.73999786
3314	79.90000153
3315	80.13999939
3316	79.81999969
3317	80.02999878
3318	80.66000366
3319	79.91999817
3320	80.02999878
3321	80.02999878
3322	80.31999969
3323	80.05000305
3324	80.05000305
3325	80.30000305
3326	80.76999664
3327	80.13999939
3328	79.80000305
3329	80.08999634
3330	80.76999664
3331	79.90000153
3332	79.98999786
3333	80.22000122
3334	80.22000122
3335	80.02999878
3336	79.97000122
3337	80.27999878
3338	80.22000122
3339	80.34999847
3340	80.27999878
3341	80.13999939
3342	80.47000122
3343	80.26000214
3344	80.59999847
3345	80.80999756
3346	80.66000366
3347	80.22000122
3348	80.02999878
3349	80.47000122
3350	80.79000092
3351	81.01999664
3352	80.19999695
3353	80.72000122
3354	80.59999847
3355	80.98000336
3356	80.79000092
3357	80.41000366
3358	80.27999878
3359	80.58000183
3360	80.54000092
3361	80.30000305
3362	80.73999786
3363	80.80999756
3364	80.41000366
3365	80.26000214
3366	79.98999786
3367	80.41000366
3368	80.37000275
3369	80.68000031
3370	80.83000183
3371	80.75
3372	80.19999695
3373	80.52999878
3374	80.47000122
3375	80.66000366
3376	80.80999756
3377	80.69999695
3378	80.27999878
3379	80.26000214
3380	80.16000366
3381	80.69999695
3382	80.41000366
3383	80.88999939
3384	81.09999847
3385	79.86000061
3386	80.16000366
3387	80.44999695
3388	80.54000092
3389	80.91000366
3390	80.47000122
3391	80.16000366
3392	80.18000031
3393	80.73999786
3394	80.47000122
3395	80.55999756
3396	80.87000275
3397	81.05999756
3398	80.47000122
3399	80.12999725
3400	80.93000031
3401	80.51000214
3402	81.30999756
3403	81.09999847
3404	80.11000061
3405	80.34999847
3406	80.68000031
3407	80.68000031
3408	80.79000092
3409	80.44999695
3410	80.31999969
3411	80.51000214
3412	80.83000183
3413	80.83000183
3414	80.69999695
3415	80.73999786
3416	80.19999695
3417	80.58000183
3418	80.44999695
3419	80.38999939
3420	81
3421	81.25
3422	80.91000366
3423	80.59999847
3424	80.87000275
3425	80.83000183
3426	81.29000092
3427	81.12000275
3428	81.16999817
3429	81
3430	81.23000336
3431	81.61000061
3432	81.16000366
3433	81.41999817
3434	81.45999908
3435	81.19000244
3436	82.19000244
3437	81.20999908
3438	81.61000061
3439	81.45999908
3440	81.23000336
3441	82.02999878
3442	82.19000244
3443	81.41999817
3444	81.58999634
3445	81.75
3446	81.75
3447	81.58999634
3448	81.66999817
3449	81.73000336
3450	81.90000153
3451	81.34999847
3452	82.30000305
3453	81.58999634
3454	81.87999725
3455	81.73000336
3456	81.41999817
3457	81.80000305
3458	81.54000092
3459	81.41999817
3460	81.86000061
3461	81.75
3462	81.66999817
3463	82.12999725
3464	81.25
3465	81.73000336
3466	81.91999817
3467	81.44000244
3468	81.25
3469	81.69000244
3470	81.80000305
3471	81.81999969
3472	81.37999725
3473	81.86000061
3474	81.95999908
3475	81.94000244
3476	81.13999939
3477	81.66999817
3478	81.91999817
3479	82.02999878
3480	81.51999664
3481	81.5
3482	81.77999878
3483	81.37999725
3484	81.44000244
3485	81.75
3486	82.01000214
3487	81.56999969
3488	81.30999756
3489	81.83999634
3490	81.51999664
3491	81.45999908
3492	81.48000336
3493	81.70999908
3494	81.34999847
3495	81.90000153
3496	82.56999969
3497	81.37999725
3498	82.01000214
3499	82.22000122
3500	81.87999725
3501	81.48000336
3502	81.70999908
3503	82.62000275
3504	81.54000092
3505	81.54000092
3506	82.08999634
3507	81.25
3508	81.69000244
3509	81.90000153
3510	81.40000153
3511	81.86000061
3512	82.47000122
3513	82.19000244
3514	81.40000153
3515	81.87999725
3516	82.33999634
3517	81.86000061
3518	81.81999969
3519	82.01000214
3520	82.37999725
3521	81.65000153
3522	81.94000244
3523	81.98999786
3524	81.91999817
3525	81.54000092
3526	81.77999878
3527	82.01000214
3528	82.02999878
3529	82.06999969
3530	81.61000061
3531	81.66999817
3532	81.66999817
3533	81.76999664
3534	82.12999725
3535	82.15000153
3536	82.15000153
3537	82.11000061
3538	82.16999817
3539	81.98999786
3540	82.15000153
3541	81.94000244
3542	82.06999969
3543	81.73000336
3544	81.61000061
3545	81.86000061
3546	81.54000092
3547	81.87999725
3548	82.26000214
3549	81.87999725
3550	81.73000336
3551	81.66999817
3552	81.75
3553	81.91999817
3554	81.54000092
3555	81.66999817
3556	82.08999634
3557	82.23999786
3558	82.11000061
3559	82.43000031
3560	82.15000153
3561	81.48000336
3562	82.05000305
3563	82.30000305
3564	81.87999725
3565	81.73000336
3566	82.26000214
3567	82.31999969
3568	82.02999878
3569	82.26000214
3570	81.70999908
3571	81.94000244
3572	81.98000336
3573	81.87999725
3574	81.90000153
3575	81.61000061
3576	81.26999664
3577	81.62999725
3578	81.87999725
3579	81.81999969
3580	81.69000244
3581	81.56999969
3582	81.62999725
3583	81.83999634
3584	81.95999908
3585	81.90000153
3586	81.87999725
3587	81.87999725
3588	81.94000244
3589	81.87999725
3590	82.27999878
3591	81.95999908
3592	82.41000366
3593	82.31999969
3594	82.36000061
3595	82.44999695
3596	82.43000031
3597	82.55000305
3598	81.94000244
3599	82.72000122
3600	82.02999878
3601	82.12999725
3602	82.63999939
3603	81.77999878
3604	81.62999725
3605	81.65000153
3606	81.81999969
3607	81.73000336
3608	81.16000366
3609	80.30000305
3610	80.19999695
3611	79.61000061
3612	79.45999908
3613	79.16999817
3614	78.94000244
3615	78.76999664
3616	79.20999908
3617	79.09999847
3618	79.12999725
3619	79
3620	78.51999664
3621	78.58000183
3622	78.75
3623	78.79000092
3624	79.37999725
3625	79.48000336
3626	79.11000061
3627	79.23000336
3628	79.05999756
3629	79.26999664
3630	79.52999878
3631	80.13999939
3632	79.97000122
3633	79.98999786
3634	80.02999878
3635	79.72000122
3636	79.80000305
3637	79.91999817
3638	80.37000275
3639	80.22000122
3640	80.80999756
3641	80.23999786
3642	80.02999878
3643	79.93000031
3644	80.43000031
3645	80.83000183
3646	80.91000366
3647	80.94999695
3648	80.94999695
3649	80.47000122
3650	80.66000366
3651	80.68000031
3652	81.61000061
3653	80.55999756
3654	80.88999939
3655	81.19000244
3656	80.84999847
3657	81.29000092
3658	81.12000275
3659	80.94999695
3660	81.20999908
3661	80.62000275
3662	80.80999756
3663	81.04000092
3664	81.26999664
3665	81.26999664
3666	80.69999695
3667	81.16000366
3668	81.26999664
3669	81.55999756
3670	81.83999634
3671	81.30999756
3672	81.19000244
3673	80.94999695
3674	81
3675	81.48000336
3676	81.91999817
3677	81.26999664
3678	80.93000031
3679	81.41999817
3680	81.20999908
3681	81.33000183
3682	81.01999664
3683	81.29000092
3684	81.30999756
3685	81.61000061
3686	80.93000031
3687	81.65000153
3688	81.45999908
3689	81.61000061
3690	80.75
3691	81.16999817
3692	81.01999664
3693	81.65000153
3694	81.16999817
3695	80.95999908
3696	81.23000336
3697	81.54000092
3698	81.48000336
3699	81.12000275
3700	81.45999908
3701	81.45999908
3702	81.25
3703	81.5
3704	81.65000153
3705	81.16000366
3706	81.01999664
3707	81.26999664
3708	81.37999725
3709	81.16999817
3710	81.25
3711	81.58999634
3712	81.48000336
3713	81.61000061
3714	81
3715	81.20999908
3716	81.95999908
3717	81.66999817
3718	81.34999847
3719	81.41999817
3720	81.5
3721	81.05999756
3722	81.33000183
3723	81.73000336
3724	81.16000366
3725	80.87000275
3726	81.13999939
3727	81.86000061
3728	81.51999664
3729	81.01999664
3730	81.77999878
3731	81.62999725
3732	81.66999817
3733	81.23000336
3734	81.13999939
3735	81.36000061
3736	82.22000122
3737	81.41999817
3738	81.54000092
3739	81.91999817
3740	81.29000092
3741	81.05999756
3742	81.54000092
3743	80.87000275
3744	81.40000153
3745	81.33000183
3746	81.16000366
3747	81.44000244
3748	81.61000061
3749	82.01000214
3750	81.12000275
3751	81.29000092
3752	81.66999817
3753	81.83999634
3754	81.08000183
3755	81.45999908
3756	81.61000061
3757	81.08000183
3758	81.41999817
3759	81.62999725
3760	81.19000244
3761	81.48000336
3762	82.16999817
3763	81.98000336
3764	81.55999756
3765	81.55999756
3766	81.95999908
3767	81.26999664
3768	81.01999664
3769	81.51999664
3770	82.01000214
3771	81.54000092
3772	81.09999847
3773	81.41999817
3774	81.77999878
3775	81.09999847
3776	81.23000336
3777	81.36000061
3778	81.66999817
3779	81.05999756
3780	81.45999908
3781	81.69000244
3782	81.5
3783	81.23000336
3784	81.16999817
3785	81.34999847
3786	81.58999634
3787	81.66999817
3788	81.12000275
3789	81.44000244
3790	81.5
3791	82.80999756
3792	81.40000153
3793	81.01999664
3794	81.30999756
3795	81.41999817
3796	81.55999756
3797	81.29000092
3798	81.44000244
3799	81.69000244
3800	81.48000336
3801	81.80000305
3802	81.20999908
3803	81.44000244
3804	81.58999634
3805	81.83999634
3806	81.12000275
3807	81.05999756
3808	81.5
3809	81.37999725
3810	81.90000153
3811	82.05000305
3812	81.5
3813	81.13999939
3814	81.29000092
3815	81.58999634
3816	81.73000336
3817	81.77999878
3818	81.23000336
3819	81.34999847
3820	81.70999908
3821	81.76999664
3822	82.05000305
3823	81.55999756
3824	82.02999878
3825	81.37999725
3826	81.33000183
3827	81.34999847
3828	82.01000214
3829	81.44000244
3830	81.77999878
3831	81.45999908
3832	81.55999756
3833	81.65000153
3834	81.48000336
3835	81.65000153
3836	81.37999725
3837	81.41999817
3838	82.11000061
3839	81.61000061
3840	81.65000153
3841	81.36000061
3842	81.5
3843	81.86000061
3844	81.98999786
3845	81.94000244
3846	81.76999664
3847	81.25
3848	81.26999664
3849	81.26999664
3850	81.29000092
3851	81.62999725
3852	81.77999878
3853	81.58999634
3854	81.58999634
3855	81.94000244
3856	81.94000244
3857	81.87999725
3858	81.83999634
3859	81.76999664
3860	81.12000275
3861	81.55999756
3862	81.61000061
3863	81.54000092
3864	81.86000061
3865	81.95999908
3866	81.36000061
3867	81.16999817
3868	81.61000061
3869	81.23000336
3870	81.69000244
3871	81.80000305
3872	81.66999817
3873	81.65000153
3874	81.05999756
3875	81.76999664
3876	81.54000092
3877	81.94000244
3878	82.11000061
3879	81.94000244
3880	81.16000366
3881	81.08000183
3882	81.08000183
3883	81.54000092
3884	81.5
3885	81.94000244
3886	82.19000244
3887	81.98000336
3888	81.51999664
3889	81.48000336
3890	81.66999817
3891	81.66999817
3892	81.77999878
3893	81.90000153
3894	81.36000061
3895	81.44000244
3896	81.75
3897	81.86000061
3898	82.51000214
3899	82.52999878
3900	82.52999878
3901	82.05000305
3902	81.61000061
3903	82.05000305
3904	82.19999695
3905	82.08999634
3906	82.22000122
3907	82.55000305
3908	82.38999939
3909	81.91999817
3910	81.90000153
3911	81.80000305
3912	82.23999786
3913	82.62000275
3914	82.19999695
3915	82.38999939
3916	82.76000214
3917	82.26000214
3918	81.95999908
3919	82.12999725
3920	82.22000122
3921	82.30000305
3922	82.43000031
3923	82.59999847
3924	82.76000214
3925	83.04000092
3926	82.44999695
3927	82.47000122
3928	82.08999634
3929	81.81999969
3930	81.83999634
3931	82.01000214
3932	82.02999878
3933	81.94000244
3934	82.08999634
3935	82.31999969
3936	82.48999786
3937	81.98000336
3938	81.95999908
3939	81.90000153
3940	82.33999634
3941	82.11000061
3942	82.11000061
3943	82.06999969
3944	82.44999695
3945	82.62000275
3946	82.38999939
3947	82.47000122
3948	82.41000366
3949	82.51000214
3950	82.15000153
3951	82.69999695
3952	82.08999634
3953	82.06999969
3954	81.90000153
3955	81.66999817
3956	82.19000244
3957	81.76999664
3958	82.51000214
3959	82.23999786
3960	82.12999725
3961	82.30000305
3962	82.02999878
3963	82.27999878
3964	82.38999939
3965	82.38999939
3966	82.19000244
3967	82.33999634
3968	82.31999969
3969	82.27999878
3970	82.16999817
3971	82.05000305
3972	82.87000275
3973	82.58999634
3974	82.76000214
3975	82.69999695
3976	82.58999634
3977	82.76000214
3978	82.55000305
3979	82.22000122
3980	82.16999817
3981	82.02999878
3982	82.37999725
3983	82.52999878
3984	82.51000214
3985	82.33999634
3986	82.72000122
3987	82.94999695
3988	83.09999847
3989	82.52999878
3990	82.36000061
3991	82.43000031
3992	82.48999786
3993	82.58999634
3994	82.51000214
3995	82.69999695
3996	82.48999786
3997	82.33999634
3998	82.01000214
3999	82.12999725
4000	82.38999939
4001	82.72000122
4002	82.23999786
4003	82.27999878
4004	82.62000275
4005	82.66000366
4006	82.94999695
4007	82.80999756
4008	82.56999969
4009	81.80000305
4010	82.15000153
4011	82.30000305
4012	82.15000153
4013	82.27999878
4014	82.38999939
4015	82.27999878
4016	82.23999786
4017	82.26000214
4018	82.15000153
4019	82.26000214
4020	82.44999695
4021	82.69999695
4022	82.52999878
4023	82.55000305
4024	82.26000214
4025	82.44999695
4026	82.76000214
4027	82.31999969
4028	82.98999786
4029	82.72000122
4030	83.26999664
4031	82.62000275
4032	82.26000214
4033	81.98999786
4034	82.08999634
4035	82.58999634
4036	82.16999817
4037	82.37999725
4038	82.08999634
4039	82.41000366
4040	82.36000061
4041	82.51000214
4042	82.66000366
4043	82.59999847
4044	82.59999847
4045	83.01999664
4046	82.12999725
4047	82.27999878
4048	82.16999817
4049	82.12999725
4050	82.37999725
4051	82.59999847
4052	83.08000183
4053	82.44999695
4054	82.44999695
4055	82.44999695
4056	82.37999725
4057	82.15000153
4058	82.31999969
4059	82.41000366
4060	82.51000214
4061	82.22000122
4062	81.98999786
4063	81.95999908
4064	82.08999634
4065	82.08999634
4066	82.36000061
4067	82.26000214
4068	81.69000244
4069	81.91999817
4070	81.91999817
4071	82.02999878
4072	82.30000305
4073	82.08999634
4074	81.98000336
4075	81.61000061
4076	82.05000305
4077	82.19999695
4078	82.22000122
4079	82.16999817
4080	81.87999725
4081	81.26999664
4082	81.54000092
4083	81.04000092
4084	80.93000031
4085	80.66000366
4086	80.51000214
4087	80.41000366
4088	79.61000061
4089	80.30000305
4090	79.66999817
4091	79.44000244
4092	79.61000061
4093	79.31999969
4094	79.23000336
4095	79.29000092
4096	79.90000153
4097	79.98999786
4098	80.06999969
4099	79.80000305
4100	79.94999695
4101	79.61000061
4102	79.76000214
4103	80.12999725
4104	80.73999786
4105	80.30000305
4106	79.83999634
4107	80.23999786
4108	80.41000366
4109	80.73999786
4110	81
4111	80.19999695
4112	80.43000031
4113	80.55999756
4114	80.87000275
4115	80.48999786
4116	80.58000183
4117	81.05999756
4118	80.94999695
4119	81.01999664
4120	80.83000183
4121	80.63999939
4122	80.94999695
4123	80.91000366
4124	81.30999756
4125	80.63999939
4126	80.79000092
4127	80.93000031
4128	80.44999695
4129	81.20999908
4130	81.20999908
4131	80.93000031
4132	81
4133	81.26999664
4134	81.05999756
4135	81.29000092
4136	81.16000366
4137	81.30999756
4138	81.29000092
4139	81.19000244
4140	81.25
4141	80.76999664
4142	81.33000183
4143	81.76999664
4144	81.16000366
4145	81.23000336
4146	81.48000336
4147	81.81999969
4148	81.16000366
4149	81.09999847
4150	81.58999634
4151	81.12000275
4152	81.29000092
4153	81.44000244
4154	80.88999939
4155	81.05999756
4156	81.13999939
4157	81.54000092
4158	81.33000183
4159	81.41999817
4160	81.55999756
4161	81.04000092
4162	81.30999756
4163	81.54000092
4164	81
4165	81.20999908
4166	81.58999634
4167	80.95999908
4168	81.36000061
4169	81.58999634
4170	81.36000061
4171	81.13999939
4172	81.55999756
4173	81.48000336
4174	80.98000336
4175	81.44000244
4176	80.87000275
4177	80.93000031
4178	81.26999664
4179	82.22000122
4180	80.87000275
4181	81.30999756
4182	81.76999664
4183	81.12000275
4184	81.08000183
4185	81.94000244
4186	80.91000366
4187	81.04000092
4188	81.13999939
4189	81.16000366
4190	80.84999847
4191	81.08000183
4192	81.51999664
4193	81.04000092
4194	81.34999847
4195	81.16000366
4196	81.36000061
4197	81.04000092
4198	81.13999939
4199	81.19000244
4200	81.77999878
4201	81.58999634
4202	81.29000092
4203	81.75
4204	81.80000305
4205	81.01999664
4206	81.01999664
4207	81.13999939
4208	81.70999908
4209	81.16999817
4210	81.01999664
4211	80.98000336
4212	81.16000366
4213	81.65000153
4214	81.91999817
4215	81.23000336
4216	81.05999756
4217	81.13999939
4218	81.16000366
4219	81.16000366
4220	81.12000275
4221	81.40000153
4222	81.01999664
4223	80.87000275
4224	81.20999908
4225	81.29000092
4226	81.58999634
4227	80.95999908
4228	81.09999847
4229	81.45999908
4230	81.40000153
4231	81.62999725
4232	81.86000061
4233	81.44000244
4234	81.16000366
4235	81.48000336
4236	81.19000244
4237	81.12000275
4238	81.41999817
4239	81.65000153
4240	81.01999664
4241	81.90000153
4242	81.54000092
4243	81.5
4244	81.20999908
4245	81.86000061
4246	81.37999725
4247	81.13999939
4248	81.16000366
4249	81.51999664
4250	81.94000244
4251	81.70999908
4252	81.73000336
4253	81.55999756
4254	81.20999908
4255	80.98000336
4256	81.20999908
4257	81.30999756
4258	81.56999969
4259	81.87999725
4260	81.41999817
4261	81.20999908
4262	81.19000244
4263	81.91999817
4264	81.33000183
4265	81.80000305
4266	81.51999664
4267	81.34999847
4268	81.45999908
4269	81.30999756
4270	81.04000092
4271	80.83000183
4272	81.29000092
4273	81.19000244
4274	81.40000153
4275	81.36000061
4276	81.41999817
4277	81.65000153
4278	81.36000061
4279	81.29000092
4280	81.09999847
4281	81.16000366
4282	81.20999908
4283	81.5
4284	81.61000061
4285	81.75
4286	81.19000244
4287	81.08000183
4288	81.16999817
4289	81.26999664
4290	81.37999725
4291	81.25
4292	81.29000092
4293	81.54000092
4294	81.54000092
4295	81.54000092
4296	81.23000336
4297	80.94999695
4298	80.88999939
4299	80.91000366
4300	81.41999817
4301	81.48000336
4302	81.54000092
4303	81.66999817
4304	81.69000244
4305	81.16999817
4306	81
4307	81.01999664
4308	80.95999908
4309	81.12000275
4310	81.05999756
4311	81.36000061
4312	81.16000366
4313	81.19000244
4314	81.5
4315	81.51999664
4316	81.58999634
4317	81.65000153
4318	81.80000305
4319	81.16000366
4320	81.09999847
4321	81.44000244
4322	81.5
4323	81.62999725
4324	81.80000305
4325	81.69000244
4326	81.66999817
4327	81.58999634
4328	81.40000153
4329	81.16999817
4330	81.16000366
4331	81
4332	81.48000336
4333	81.54000092
4334	81.48000336
4335	81.37999725
4336	81.80000305
4337	81.5
4338	81.91999817
4339	82.05000305
4340	81.83999634
4341	81.81999969
4342	81.23000336
4343	81.40000153
4344	81.19000244
4345	81.33000183
4346	81.13999939
4347	81.16999817
4348	81.44000244
4349	81.26999664
4350	81.33000183
4351	81.12000275
4352	81.16999817
4353	80.95999908
4354	81.09999847
4355	81.40000153
4356	81.34999847
4357	81.36000061
4358	81.45999908
4359	81.58999634
4360	81.01999664
4361	80.93000031
4362	80.95999908
4363	80.84999847
4364	81.16999817
4365	81.09999847
4366	81
4367	81.12000275
4368	81.29000092
4369	81.86000061
4370	81.75
4371	81.83999634
4372	81.80000305
4373	81.76999664
4374	82.01000214
4375	82.19999695
4376	82.05000305
4377	81.95999908
4378	82.12999725
4379	82.06999969
4380	82.23999786
4381	82.30000305
4382	82.52999878
4383	82.01000214
4384	81.91999817
4385	82.12999725
4386	82.15000153
4387	82.31999969
4388	81.73000336
4389	81.76999664
4390	81.69000244
4391	82.15000153
4392	81.91999817
4393	81.61000061
4394	81.54000092
4395	81.65000153
4396	81.33000183
4397	82.16999817
4398	81.98000336
4399	81.90000153
4400	81.95999908
4401	81.95999908
4402	82.15000153
4403	82.55000305
4404	82.33999634
4405	82.38999939
4406	82.12999725
4407	82.15000153
4408	81.98999786
4409	81.95999908
4410	82.31999969
4411	81.91999817
4412	82.02999878
4413	81.77999878
4414	81.65000153
4415	81.62999725
4416	81.98999786
4417	81.81999969
4418	81.95999908
4419	82.02999878
4420	82.12999725
4421	81.77999878
4422	81.61000061
4423	81.69000244
4424	81.90000153
4425	82.01000214
4426	82.11000061
4427	82.01000214
4428	82.59999847
4429	81.5
4430	81.56999969
4431	81.87999725
4432	82.01000214
4433	82.02999878
4434	82.26000214
4435	82.08999634
4436	81.65000153
4437	81.48000336
4438	81.69000244
4439	81.95999908
4440	82.37999725
4441	82.22000122
4442	81.98000336
4443	82.02999878
4444	81.81999969
4445	81.87999725
4446	82.30000305
4447	82.26000214
4448	81.73000336
4449	81.98000336
4450	82.27999878
4451	82.19000244
4452	81.81999969
4453	81.65000153
4454	82.02999878
4455	82.30000305
4456	82.98999786
4457	81.61000061
4458	82.02999878
4459	82.16999817
4460	82.15000153
4461	82.31999969
4462	82.26000214
4463	81.98999786
4464	82.12999725
4465	82.44999695
4466	82.27999878
4467	82.22000122
4468	82.62000275
4469	81.73000336
4470	81.76999664
4471	81.75
4472	81.95999908
4473	81.76999664
4474	82.27999878
4475	82.36000061
4476	82.11000061
4477	82.15000153
4478	82.15000153
4479	81.86000061
4480	81.98999786
4481	82.15000153
4482	81.98000336
4483	82.26000214
4484	82.76000214
4485	81.80000305
4486	82.08999634
4487	82.58999634
4488	82.22000122
4489	81.98000336
4490	82.11000061
4491	82.43000031
4492	81.77999878
4493	82.16999817
4494	82.58999634
4495	81.87999725
4496	82.23999786
4497	82.37999725
4498	82.06999969
4499	81.87999725
4500	81.94000244
4501	82.43000031
4502	82.01000214
4503	81.87999725
4504	82.12999725
4505	82.51000214
4506	82.01000214
4507	81.95999908
4508	81.95999908
4509	81.98999786
4510	82.36000061
4511	82.08999634
4512	81.77999878
4513	82.41000366
4514	82.36000061
4515	81.86000061
4516	81.83999634
4517	82.31999969
4518	82.15000153
4519	81.58999634
4520	81.94000244
4521	82.16999817
4522	82.38999939
4523	81.58999634
4524	81.5
4525	81.95999908
4526	82.02999878
4527	82.31999969
4528	82.02999878
4529	81.94000244
4530	81.86000061
4531	82.41000366
4532	82.56999969
4533	82.02999878
4534	81.66999817
4535	81.66999817
4536	82.27999878
4537	82.23999786
4538	81.90000153
4539	81.48000336
4540	82.11000061
4541	82.19999695
4542	81.81999969
4543	82.52999878
4544	82.05000305
4545	81.56999969
4546	81.58999634
4547	81.86000061
4548	82.06999969
4549	82.06999969
4550	81.76999664
4551	81.26999664
4552	81.26999664
4553	81.61000061
4554	81.29000092
4555	81.33000183
4556	81.13999939
4557	81.16000366
4558	80.79000092
4559	79.94999695
4560	79.94999695
4561	79.86000061
4562	79.91999817
4563	79.93000031
4564	79.69000244
4565	79.72000122
4566	80.01000214
4567	79.90000153
4568	79.58999634
4569	79.52999878
4570	79.12999725
4571	79.56999969
4572	79.56999969
4573	79.93000031
4574	80.12999725
4575	80.30000305
4576	80.43000031
4577	80.02999878
4578	80.33000183
4579	80.08999634
4580	80.06999969
4581	80.37000275
4582	80.41000366
4583	80.41000366
4584	80.54000092
4585	80.47000122
4586	80.98000336
4587	80.87000275
4588	80.76999664
4589	80.34999847
4590	80.26000214
4591	80.41000366
4592	80.88999939
4593	80.55999756
4594	80.63999939
4595	80.68000031
4596	81.12000275
4597	81.01999664
4598	80.88999939
4599	80.75
4600	80.55999756
4601	80.72000122
4602	80.72000122
4603	80.95999908
4604	80.55999756
4605	81.04000092
4606	81.09999847
4607	80.93000031
4608	80.84999847
4609	80.88999939
4610	81.01999664
4611	81
4612	80.76999664
4613	80.83000183
4614	80.94999695
4615	81
4616	81.09999847
4617	81.36000061
4618	81.62999725
4619	80.84999847
4620	80.88999939
4621	80.88999939
4622	81.20999908
4623	80.83000183
4624	80.72000122
4625	81.08000183
4626	81
4627	81.16999817
4628	80.83000183
4629	80.72000122
4630	81.09999847
4631	81.01999664
4632	81.12000275
4633	81.20999908
4634	81.81999969
4635	81.44000244
4636	81.04000092
4637	80.63999939
4638	81.19000244
4639	80.84999847
4640	80.91000366
4641	80.79000092
4642	81
4643	80.93000031
4644	81.09999847
4645	81.04000092
4646	81.33000183
4647	81.45999908
4648	81.20999908
4649	81.26999664
4650	81.40000153
4651	80.93000031
4652	80.84999847
4653	80.94999695
4654	80.83000183
4655	81
4656	80.63999939
4657	80.73999786
4658	80.79000092
4659	80.88999939
4660	80.80999756
4661	80.88999939
4662	81.08000183
4663	80.94999695
4664	80.83000183
4665	81.05999756
4666	81.5
4667	81.20999908
4668	81.16000366
4669	81.12000275
4670	80.87000275
4671	80.52999878
4672	80.47000122
4673	80.59999847
4674	80.98000336
4675	81.19000244
4676	81.05999756
4677	81.25
4678	81.37999725
4679	80.83000183
4680	80.87000275
4681	80.98000336
4682	80.98000336
4683	81.44000244
4684	81.76999664
4685	81.48000336
4686	80.88999939
4687	81.01999664
4688	81.48000336
4689	81.58999634
4690	80.95999908
4691	80.93000031
4692	80.87000275
4693	81.34999847
4694	81.19000244
4695	81.16999817
4696	80.98000336
4697	80.87000275
4698	81.13999939
4699	81.09999847
4700	80.79000092
4701	81
4702	81.23000336
4703	81.86000061
4704	80.80999756
4705	80.84999847
4706	81.20999908
4707	81.16000366
4708	81.04000092
4709	81.16999817
4710	81.45999908
4711	80.69999695
4712	80.75
4713	81.36000061
4714	80.91000366
4715	80.83000183
4716	80.95999908
4717	80.79000092
4718	80.48999786
4719	80.75
4720	81.41999817
4721	80.93000031
4722	81.23000336
4723	81.20999908
4724	81.08000183
4725	80.93000031
4726	81.30999756
4727	80.72000122
4728	80.95999908
4729	81.16000366
4730	80.69999695
4731	80.91000366
4732	81.05999756
4733	80.84999847
4734	81.09999847
4735	81
4736	80.84999847
4737	81.09999847
4738	81.12000275
4739	80.66000366
4740	80.79000092
4741	81.26999664
4742	81.30999756
4743	81.29000092
4744	80.98000336
4745	81.29000092
4746	80.43000031
4747	81.09999847
4748	80.91000366
4749	80.79000092
4750	80.95999908
4751	81.16999817
4752	81.29000092
4753	81
4754	80.98000336
4755	81.41999817
4756	81.01999664
4757	80.72000122
4758	81.09999847
4759	81.25
4760	80.62000275
4761	80.76999664
4762	81.01999664
4763	80.94999695
4764	80.66000366
4765	80.80999756
4766	80.72000122
4767	80.91000366
4768	80.79000092
4769	80.79000092
4770	81
4771	80.91000366
4772	80.73999786
4773	80.94999695
4774	80.94999695
4775	81.16999817
4776	80.76999664
4777	81.25
4778	81.16000366
4779	80.91000366
4780	80.87000275
4781	80.91000366
4782	80.88999939
4783	81.16000366
4784	81
4785	80.94999695
4786	80.59999847
4787	80.87000275
4788	80.98000336
4789	80.91000366
4790	81.56999969
4791	80.94999695
4792	80.72000122
4793	80.79000092
4794	80.76999664
4795	80.87000275
4796	80.98000336
4797	81.13999939
4798	81.33000183
4799	81.19000244
4800	80.95999908
4801	80.72000122
4802	81
4803	81.12000275
4804	81.12000275
4805	81.37999725
4806	80.87000275
4807	80.62000275
4808	81.16000366
4809	80.83000183
4810	80.83000183
4811	80.83000183
4812	81.19000244
4813	81.23000336
4814	80.95999908
4815	80.84999847
4816	80.75
4817	81.13999939
4818	80.95999908
4819	81
4820	80.95999908
4821	81.25
4822	80.84999847
4823	80.76999664
4824	80.88999939
4825	80.93000031
4826	81.04000092
4827	81.25
4828	81.23000336
4829	81.16000366
4830	81.37999725
4831	81.09999847
4832	81.08000183
4833	81.08000183
4834	81.55999756
4835	81.48000336
4836	81.48000336
4837	81.45999908
4838	81.37999725
4839	81.34999847
4840	81.40000153
4841	81.66999817
4842	81.36000061
4843	81.41999817
4844	81.33000183
4845	81.23000336
4846	81.44000244
4847	81.30999756
4848	81.33000183
4849	81.48000336
4850	81.13999939
4851	81.05999756
4852	81.20999908
4853	81.20999908
4854	81.16999817
4855	81.09999847
4856	81.01999664
4857	81.20999908
4858	81.44000244
4859	81.44000244
4860	81.16999817
4861	81.26999664
4862	81.44000244
4863	81.55999756
4864	81.34999847
4865	81.66999817
4866	81.55999756
4867	81.90000153
4868	81.77999878
4869	81.66999817
4870	81.94000244
4871	81.44000244
4872	81.26999664
4873	81.44000244
4874	81.40000153
4875	81.61000061
4876	81.48000336
4877	81.36000061
4878	81.33000183
4879	82.08999634
4880	81.95999908
4881	81.36000061
4882	81.33000183
4883	81.98999786
4884	81.81999969
4885	81.55999756
4886	81.51999664
4887	81.26999664
4888	81.23000336
4889	81.44000244
4890	81.30999756
4891	81.61000061
4892	81.37999725
4893	81.05999756
4894	81.54000092
4895	81.58999634
4896	81.36000061
4897	81.40000153
4898	81.41999817
4899	81.94000244
4900	81.29000092
4901	81.05999756
4902	81.69000244
4903	81.33000183
4904	81.80000305
4905	81.69000244
4906	81.09999847
4907	81.75
4908	81.61000061
4909	81.20999908
4910	81.37999725
4911	81.58999634
4912	81.08000183
4913	81.48000336
4914	81.77999878
4915	81.12000275
4916	81.40000153
4917	81.80000305
4918	81.56999969
4919	81.41999817
4920	81.90000153
4921	81.58999634
4922	81.48000336
4923	81.29000092
4924	81.40000153
4925	81.51999664
4926	81.69000244
4927	81.69000244
4928	81.65000153
4929	81.73000336
4930	81.16000366
4931	81.26999664
4932	81.54000092
4933	81.61000061
4934	81.76999664
4935	81.29000092
4936	81.48000336
4937	81.05999756
4938	80.95999908
4939	81.44000244
4940	82.08999634
4941	81.08000183
4942	81.34999847
4943	82.08999634
4944	81.33000183
4945	81.45999908
4946	81.66999817
4947	81
4948	81.26999664
4949	81.5
4950	81.86000061
4951	81.54000092
4952	81.61000061
4953	81.86000061
4954	81.26999664
4955	81
4956	81.81999969
4957	81.75
4958	81.04000092
4959	81.58999634
4960	81.37999725
4961	81.36000061
4962	81.70999908
4963	81.45999908
4964	81.51999664
4965	81.33000183
4966	81.51999664
4967	81.45999908
4968	81.90000153
4969	81.91999817
4970	81.33000183
4971	81.56999969
4972	81.73000336
4973	82.19999695
4974	81.25
4975	81.51999664
4976	81.80000305
4977	81.86000061
4978	81.80000305
4979	81.30999756
4980	81.77999878
4981	81.73000336
4982	81.66999817
4983	82.05000305
4984	81.30999756
4985	81.51999664
4986	82.02999878
4987	81.65000153
4988	82.23999786
4989	82.08999634
4990	81.80000305
4991	81.45999908
4992	81.16000366
4993	82.05000305
4994	81.81999969
4995	81.56999969
4996	81.62999725
4997	81.30999756
4998	81.16999817
4999	81.13999939
5000	81.44000244
5001	81.66999817
5002	82.02999878
5003	81.73000336
5004	81.45999908
5005	81.41999817
5006	81.29000092
5007	81.19000244
5008	81.58999634
5009	81.58999634
5010	81.80000305
5011	81.29000092
5012	81.45999908
5013	81.61000061
5014	81.55999756
5015	81.5
5016	81.66999817
5017	81.65000153
5018	81.56999969
5019	81.41999817
5020	81.25
5021	81.56999969
5022	81.05999756
5023	81.26999664
5024	81.33000183
5025	81.56999969
5026	81.19000244
5027	81.09999847
5028	80.79000092
5029	80.73999786
5030	80.30000305
5031	80.51000214
5032	80.44999695
5033	80.02999878
5034	80.13999939
5035	80.11000061
5036	79.66999817
5037	80.05000305
5038	79.94999695
5039	80.23999786
5040	80.52999878
5041	80.18000031
5042	80.51000214
5043	80.59999847
5044	80.43000031
5045	80.55999756
5046	80.47000122
5047	80.72000122
5048	80.30000305
5049	80.51000214
5050	80.66000366
5051	80.68000031
5052	81.20999908
5053	80.52999878
5054	80.44999695
5055	80.80999756
5056	80.72000122
5057	80.79000092
5058	81.09999847
5059	81.01999664
5060	80.75
5061	80.88999939
5062	80.94999695
5063	81.26999664
5064	81.83999634
5065	81.25
5066	81.37999725
5067	80.98000336
5068	81.34999847
5069	80.93000031
5070	80.76999664
5071	80.75
5072	81.04000092
5073	81.05999756
5074	81.16000366
5075	80.98000336
5076	81.30999756
5077	80.79000092
5078	80.88999939
5079	80.98000336
5080	80.68000031
5081	80.87000275
5082	81.34999847
5083	81.33000183
5084	80.95999908
5085	80.91000366
5086	81.20999908
5087	81.09999847
5088	81.5
5089	80.91000366
5090	80.93000031
5091	81.26999664
5092	81.30999756
5093	81.16999817
5094	81.04000092
5095	81.09999847
5096	81.80000305
5097	80.94999695
5098	81.33000183
5099	81.56999969
5100	80.80999756
5101	81.12000275
5102	81.44000244
5103	80.88999939
5104	80.87000275
5105	81.51999664
5106	81.69000244
5107	81.04000092
5108	81.76999664
5109	80.91000366
5110	80.66000366
5111	81.41999817
5112	80.98000336
5113	80.98000336
5114	81.29000092
5115	80.98000336
5116	81.19000244
5117	81.36000061
5118	81.04000092
5119	81.01999664
5120	81.73000336
5121	81.5
5122	81.04000092
5123	81.55999756
5124	80.63999939
5125	81.23000336
5126	81.16999817
5127	81.29000092
5128	80.72000122
5129	81.36000061
5130	81.66999817
5131	81.08000183
5132	81.37999725
5133	81.33000183
5134	80.83000183
5135	81.56999969
5136	81.25
5137	81
5138	81.51999664
5139	81.25
5140	81
5141	81.30999756
5142	81.34999847
5143	81.19000244
5144	81.16999817
5145	81.56999969
5146	81.19000244
5147	81.13999939
5148	81.48000336
5149	81.58999634
5150	81.01999664
5151	81.73000336
5152	81.54000092
5153	81.26999664
5154	80.79000092
5155	81.20999908
5156	81.77999878
5157	80.95999908
5158	81.66999817
5159	81.73000336
5160	81.26999664
5161	81.09999847
5162	81.05999756
5163	81.23000336
5164	81.51999664
5165	81.51999664
5166	81.12000275
5167	81.44000244
5168	81.36000061
5169	81.29000092
5170	81.41999817
5171	81.26999664
5172	81.77999878
5173	81.13999939
5174	80.75
5175	81.29000092
5176	81.05999756
5177	80.95999908
5178	81.36000061
5179	81.05999756
5180	81.34999847
5181	81.12000275
5182	81.29000092
5183	81.48000336
5184	81.26999664
5185	81.48000336
5186	81.09999847
5187	81.45999908
5188	81.44000244
5189	81
5190	81.13999939
5191	81.26999664
5192	81.05999756
5193	81.26999664
5194	81.23000336
5195	81.04000092
5196	81.36000061
5197	81.34999847
5198	81.05999756
5199	81.37999725
5200	80.95999908
5201	81.01999664
5202	81.48000336
5203	81.05999756
5204	81.40000153
5205	81.65000153
5206	81.30999756
5207	81.65000153
5208	81.51999664
5209	81.20999908
5210	81.69000244
5211	81.56999969
5212	81.05999756
5213	81.44000244
5214	81.16999817
5215	81.5
5216	81.19000244
5217	81.69000244
5218	81.19000244
5219	81.34999847
5220	81.69000244
5221	81.70999908
5222	81.91999817
5223	81.54000092
5224	81.41999817
5225	81.30999756
5226	81.51999664
5227	81.44000244
5228	81.37999725
5229	81.62999725
5230	81.30999756
5231	81.09999847
5232	81.34999847
5233	81.29000092
5234	81.34999847
5235	81.19000244
5236	81.77999878