1	269.85999
2	269.85999
3	270.07001
4	269.94
5	270.01999
6	270.04001
7	270.10999
8	270.09
9	270.09
10	269.98001
11	269.85999
12	269.81
13	269.92001
14	269.95999
15	269.89999
16	269.98001
17	269.76999
18	269.81
19	269.56
20	269.57999
21	269.64999
22	269.70999
23	269.75
24	269.89999
25	269.88
26	270
27	270.13
28	270.17001
29	270.19
30	270.20999
31	270.25
32	270.29999
33	270.26999
34	270.26999
35	270.13
36	270.07001
37	270.10999
38	270.17001
39	270.13
40	270.04001
41	270.04001
42	270.20999
43	270.20999
44	270.04001
45	270.01999
46	270.10999
47	270.23001
48	270.23001
49	270.17001
50	270.26999
51	270.20999
52	270.17001
53	270.07001
54	270.13
55	270.10999
56	270.32001
57	270.25
58	270.29999
59	270.38
60	270.38
61	270.38
62	270.48001
63	270.59
64	270.53
65	270.60999
66	270.5
67	270.42001
68	270.42001
69	270.48001
70	270.45999
71	270.44
72	270.53
73	270.53
74	270.32001
75	270.19
76	270.09
77	269.95999
78	270.09
79	270.14999
80	270.14999
81	270.10999
82	270.20999
83	270.25
84	270.19
85	270.01999
86	270.04001
87	269.92001
88	269.89999
89	270
90	270.04001
91	269.98001
92	269.88
93	269.76999
94	269.64999
95	269.56
96	269.73001
97	269.95999
98	270.38
99	270.69
100	271.09
101	271.45001
102	272.07001
103	272.54999
104	273.20001
105	273.20001
106	274.14001
107	274.81
108	275.06
109	275.54001
110	276.10999
111	276.59
112	276.59
113	277.14999
114	277.51001
115	277.67999
116	277.85001
117	278.03
118	278.41
119	278.41
120	278.66
121	278.70001
122	278.76999
123	278.67999
124	278.73999
125	278.82999
126	278.82999
127	278.85001
128	278.97
129	278.92999
130	279
131	278.97
132	279.17999
133	279.14001
134	279.31
135	279.29001
136	279.25
137	279.37
138	279.26999
139	279.37
140	279.32999
141	279.37
142	279.37
143	279.26999
144	279.26999
145	279.41
146	279.45999
147	279.60001
148	279.54001
149	279.51999
150	279.5
151	279.5
152	279.5
153	279.5
154	279.5
155	279.5
156	279.51999
157	279.57999
158	279.56
159	279.42999
160	279.41
161	279.32999
162	279.26999
163	279.31
164	279.20001
165	279.17999
166	279.32999
167	279.41
168	279.41
169	279.37
170	279.29001
171	279.45999
172	279.42999
173	279.51999
174	279.60001
175	279.57999
176	279.62
177	279.66
178	279.60001
179	279.56
180	279.45999
181	279.42999
182	279.42999
183	279.42999
184	279.48001
185	279.54001
186	279.51999
187	279.51999
188	279.45999
189	279.54001
190	279.54001
191	279.42999
192	279.45999
193	279.5
194	279.5
195	279.62
196	279.64001
197	279.57999
198	279.60001
199	279.69
200	279.60001
201	279.60001
202	279.57999
203	279.60001
204	279.56
205	279.81
206	279.82999
207	279.87
208	279.87
209	279.92001
210	279.75
211	279.76999
212	279.69
213	279.73001
214	279.79001
215	279.79001
216	279.76999
217	279.66
218	279.75
219	279.64001
220	279.66
221	279.64001
222	279.64001
223	279.64001
224	279.66
225	279.64001
226	279.70999
227	279.75
228	279.73001
229	279.73001
230	279.64001
231	279.62
232	279.69
233	279.62
234	279.73001
235	279.54001
236	279.60001
237	279.60001
238	279.51999
239	279.57999
240	279.60001
241	279.60001
242	279.60001
243	279.66
244	279.57999
245	279.62
246	279.73001
247	279.73001
248	279.75
249	279.70999
250	279.75
251	279.76999
252	279.75
253	279.69
254	279.69
255	279.64001
256	279.64001
257	279.62
258	279.62
259	279.60001
260	279.79001
261	279.79001
262	279.92001
263	279.92001
264	279.85001
265	279.81
266	279.76999
267	279.75
268	279.64001
269	279.32999
270	279.20001
271	278.91
272	278.51001
273	278.03
274	277.76001
275	277.59
276	277.20001
277	277.03
278	276.92001
279	276.73999
280	276.64999
281	276.63
282	276.64999
283	276.79999
284	276.84
285	276.82001
286	276.82001
287	276.53
288	275.63
289	275.14999
290	273.60001
291	271.76001
292	269.67001
293	269.67001
294	266.10999
295	263.95999
296	262.91
297	260.98999
298	259.5
299	258.35001
300	258.35001
301	257.57999
302	257.48001
303	257.41
304	257.54001
305	257.75
306	257.98001
307	258.06
308	258.67001
309	258.81
310	259.25
311	259.73001
312	259.98999
313	260.51001
314	260.70001
315	261.29999
316	261.79999
317	262.32999
318	262.75
319	262.89001
320	263.10001
321	263.14001
322	263.44
323	263.75
324	263.94
325	263.94
326	264.39999
327	264.59
328	264.73001
329	264.98001
330	265.17001
331	265.35999
332	265.35999
333	265.82001
334	266.04999
335	266.03
336	266.04999
337	266.26001
338	266.28
339	266.42999
340	266.67999
341	266.76001
342	266.84
343	266.97
344	267.10001
345	267.10001
346	267.12
347	267.22
348	267.32999
349	267.54001
350	267.66
351	267.67999
352	267.70001
353	267.64001
354	267.72
355	267.82999
356	267.82999
357	267.82999
358	267.95001
359	268.10001
360	268.12
361	268.17999
362	268.20001
363	268.35001
364	268.35001
365	268.41
366	268.39001
367	268.37
368	268.48001
369	268.35001
370	268.29001
371	268.29001
372	268.35001
373	268.42999
374	268.48001
375	268.45999
376	268.37
377	268.48001
378	268.37
379	268.41
380	268.70999
381	268.81
382	269
383	269.10001
384	269.12
385	269.14999
386	269.12
387	269.10001
388	269.26999
389	269.14999
390	269.17001
391	269.19
392	269.17001
393	269.31
394	269.5
395	269.57999
396	269.57999
397	269.51999
398	269.54001
399	269.51999
400	269.60999
401	269.5
402	269.45999
403	269.45999
404	269.29001
405	269.14999
406	269.17001
407	269.19
408	269.17001
409	269.26999
410	269.29001
411	269.25
412	269.35001
413	269.35001
414	269.29001
415	269.35001
416	269.31
417	269.44
418	269.29001
419	269.31
420	269.35001
421	269.32999
422	269.26999
423	269.44
424	269.38
425	269.48001
426	269.42001
427	269.29001
428	269.29001
429	269.26999
430	269.25
431	269.31
432	269.29001
433	269.25
434	269.29001
435	269.29001
436	269.19
437	269.23001
438	269.39999
439	269.51999
440	269.57999
441	269.48001
442	269.48001
443	269.48001
444	269.56
445	269.44
446	269.39999
447	269.19
448	269.10001
449	269.20999
450	269.29001
451	269.25
452	269.23001
453	269.32999
454	269.31
455	269.32999
456	269.38
457	269.5
458	269.56
459	269.51999
460	269.44
461	269.69
462	269.60999
463	269.57999
464	269.64999
465	269.48001
466	269.42001
467	269.42001
468	269.32999
469	269.31
470	269.48001
471	269.5
472	269.51999
473	269.54001
474	269.54001
475	269.70999
476	269.69
477	269.69
478	269.69
479	269.79001
480	269.81
481	269.70999
482	269.79001
483	269.85999
484	269.75
485	269.63
486	269.60999
487	269.48001
488	269.45999
489	269.48001
490	269.48001
491	269.56
492	269.57999
493	269.57999
494	269.63
495	269.64999
496	269.67001
497	269.63
498	269.67001
499	269.48001
500	269.48001
501	269.54001
502	269.45999
503	269.54001
504	269.51999
505	269.60999
506	269.60999
507	269.67001
508	269.57999
509	269.57999
510	269.79001
511	269.79001
512	269.89999
513	269.89999
514	269.84
515	269.79001
516	269.73001
517	269.70999
518	269.60999
519	269.60999
520	269.67001
521	269.81
522	269.85999
523	269.81
524	269.84
525	269.89999
526	270
527	269.98001
528	269.84
529	269.94
530	270
531	270.04001
532	269.89999
533	269.79001
534	269.84
535	269.67001
536	269.81
537	269.92001
538	269.92001
539	269.88
540	269.73001
541	269.76999
542	269.81
543	269.76999
544	269.63
545	269.63
546	269.54001
547	269.57999
548	269.67001
549	269.73001
550	269.69
551	269.89999
552	269.89999
553	269.85999
554	269.92001
555	269.79001
556	269.98001
557	270.04001
558	269.98001
559	269.92001
560	269.79001
561	269.95999
562	269.92001
563	269.95999
564	270.01999
565	269.98001
566	269.95999
567	269.76999
568	269.56
569	269.76999
570	270.01999
571	270.10999
572	270.59
573	270.84
574	271.54999
575	272.34
576	272.89001
577	272.89001
578	273.75
579	274.35001
580	274.67001
581	275.19
582	275.64999
583	276.26001
584	276.26001
585	276.84
586	277.20001
587	277.29999
588	277.66
589	278.04999
590	278.20001
591	278.28
592	278.54001
593	278.48999
594	278.48999
595	278.60001
596	278.67999
597	278.81
598	278.85001
599	278.92999
600	278.97
601	278.95001
602	279
603	279.06
604	279.01999
605	278.95001
606	278.91
607	278.82999
608	278.85001
609	278.85001
610	278.87
611	278.91
612	278.97
613	279
614	279.10001
615	279.07999
616	279.07999
617	279.23001
618	279.16
619	279.10001
620	279.20001
621	279.31
622	279.35001
623	279.35001
624	279.35001
625	279.45999
626	279.37
627	279.29001
628	279.41
629	279.41
630	279.39001
631	279.35001
632	279.29001
633	279.25
634	279.32999
635	279.32999
636	279.31
637	279.32999
638	279.25
639	279.20001
640	279.25
641	279.31
642	279.32999
643	279.42999
644	279.45999
645	279.37
646	279.35001
647	279.35001
648	279.35001
649	279.25
650	279.29001
651	279.29001
652	279.37
653	279.39001
654	279.5
655	279.5
656	279.60001
657	279.69
658	279.60001
659	279.70999
660	279.81
661	279.66
662	279.66
663	279.62
664	279.56
665	279.60001
666	279.39001
667	279.45999
668	279.54001
669	279.45999
670	279.41
671	279.48001
672	279.54001
673	279.62
674	279.66
675	279.57999
676	279.57999
677	279.42999
678	279.45999
679	279.51999
680	279.51999
681	279.42999
682	279.42999
683	279.39001
684	279.31
685	279.23001
686	279.39001
687	279.39001
688	279.48001
689	279.70999
690	279.70999
691	279.81
692	279.81
693	279.81
694	279.81
695	279.66
696	279.69
697	279.51999
698	279.56
699	279.73001
700	279.56
701	279.57999
702	279.69
703	279.76999
704	279.76999
705	279.66
706	279.69
707	279.79001
708	279.75
709	279.75
710	279.82999
711	279.62
712	279.57999
713	279.54001
714	279.56
715	279.54001
716	279.60001
717	279.69
718	279.81
719	279.81
720	279.89001
721	279.82999
722	279.73001
723	279.66
724	279.69
725	279.54001
726	279.54001
727	279.66
728	279.69
729	279.64001
730	279.79001
731	279.62
732	279.64001
733	279.60001
734	279.57999
735	279.66
736	279.69
737	279.70999
738	279.69
739	279.64001
740	279.57999
741	279.12
742	279.01999
743	278.70001
744	278.41
745	278.35001
746	278.04999
747	277.70001
748	277.35999
749	277.09
750	276.97
751	276.82001
752	276.73999
753	276.54999
754	276.54999
755	276.45999
756	276.29999
757	276.13
758	276.13
759	275.94
760	275.60999
761	275.13
762	273.98001
763	272.39001
764	270.42001
765	270.42001
766	266.98999
767	264.88
768	263.81
769	261.73999
770	260.04999
771	259.34
772	258.64999
773	257.16
774	256.79001
775	256.51001
776	256.22
777	256.29999
778	256.37
779	256.53
780	257.29001
781	257.57999
782	258.07999
783	258.76999
784	259
785	259.53
786	259.82001
787	260.38
788	260.73999
789	261.26001
790	261.26001
791	262.12
792	262.48999
793	262.87
794	263.44
795	263.76999
796	263.94
797	263.94
798	264.60999
799	264.92001
800	265.03
801	265.29999
802	265.54999
803	265.78
804	265.78
805	266.03
806	266.17999
807	266.17999
808	266.41
809	266.64001
810	266.72
811	266.78
812	267.04999
813	267.14001
814	267.37
815	267.51001
816	267.47
817	267.64001
818	267.73999
819	267.89001
820	268
821	268.16
822	268.29001
823	268.23001
824	268.17999
825	268.20001
826	268.23001
827	268.23001
828	268.23001
829	268.23001
830	268.07999
831	268.07999
832	268.17999
833	268.29001
834	268.45999
835	268.60001
836	268.60001
837	268.76999
838	268.76999
839	268.79001
840	268.94
841	268.98001
842	268.98001
843	268.89001
844	269.07999
845	269
846	269.07999
847	269.26999
848	269.20999
849	269.26999
850	269.32999
851	269.42001
852	269.54001
853	269.48001
854	269.5
855	269.45999
856	269.51999
857	269.48001
858	269.57999
859	269.60999
860	269.64999
861	269.64999
862	269.48001
863	269.45999
864	269.48001
865	269.54001
866	269.54001
867	269.60999
868	269.60999
869	269.57999
870	269.67001
871	269.69
872	269.60999
873	269.70999
874	269.88
875	269.88
876	269.94
877	269.84
878	269.98001
879	269.88
880	269.85999
881	269.79001
882	269.69
883	269.69
884	269.57999
885	269.64999
886	269.73001
887	269.79001
888	269.88
889	269.88
890	270.04001
891	270.01999
892	269.98001
893	270.01999
894	269.98001
895	270.14999
896	270.19
897	270.19
898	270.14999
899	270.14999
900	270.14999
901	270.01999
902	270.09
903	270.19
904	270
905	269.94
906	269.85999
907	269.85999
908	270.07001
909	270.20999
910	270.23001
911	270.29999
912	270.20999
913	270.19
914	270.25
915	270.26999
916	270.32001
917	270.20999
918	270.23001
919	270.23001
920	270.19
921	270.09
922	269.84
923	269.81
924	269.75
925	269.85999
926	269.94
927	270.04001
928	270.01999
929	269.98001
930	269.95999
931	270.04001
932	270.04001
933	269.89999
934	269.98001
935	269.92001
936	269.98001
937	269.94
938	269.94
939	269.94
940	270.13
941	270.13
942	270.17001
943	270.19
944	270.10999
945	270.10999
946	270.10999
947	270.10999
948	270.09
949	270.25
950	270.13
951	270.01999
952	270.09
953	270
954	270.01999
955	270.07001
956	270
957	269.94
958	269.95999
959	270.01999
960	270.07001
961	270.26999
962	270.34
963	270.35999
964	270.23001
965	270.19
966	270.19
967	270.17001
968	270.17001
969	270.26999
970	270.19
971	270.19
972	270.14999
973	270.14999
974	270.26999
975	270.26999
976	270.17001
977	270.17001
978	270.17001
979	270.29999
980	270.39999
981	270.45999
982	270.34
983	270.34
984	270.34
985	270.34
986	270.23001
987	270.32001
988	270.38
989	270.45999
990	270.57001
991	270.53
992	270.54999
993	270.63
994	270.63
995	270.54999
996	270.5
997	270.44
998	270.5
999	270.57001
1000	270.48001
1001	270.44
1002	270.38
1003	270.39999
1004	270.35999
1005	270.39999
1006	270.5
1007	270.53
1008	270.45999
1009	270.39999
1010	270.39999
1011	270.48001
1012	270.45999
1013	270.44
1014	270.29999
1015	270.13
1016	270.14999
1017	270.14999
1018	270.26999
1019	270.26999
1020	270.26999
1021	270.26999
1022	270.29999
1023	270.42001
1024	270.35999
1025	270.38
1026	270.42001
1027	270.42001
1028	270.45999
1029	270.53
1030	270.54999
1031	270.54999
1032	270.45999
1033	270.45999
1034	270.42001
1035	270.53
1036	270.42001
1037	270.34
1038	270.42001
1039	270.32001
1040	270.23001
1041	270.07001
1042	270.07001
1043	270.25
1044	270.44
1045	270.64999
1046	271.17001
1047	271.72
1048	272.34
1049	272.34
1050	273.16
1051	273.5
1052	273.70001
1053	274.12
1054	274.48001
1055	274.92001
1056	274.92001
1057	275.82001
1058	276.51001
1059	276.72
1060	277.17999
1061	277.39001
1062	277.47
1063	277.54999
1064	277.87
1065	277.87
1066	278.01001
1067	278.16
1068	278.14001
1069	278.23999
1070	278.26001
1071	278.48999
1072	278.51001
1073	278.62
1074	278.64001
1075	278.79001
1076	278.76999
1077	278.81
1078	278.89001
1079	278.92999
1080	278.85001
1081	278.85001
1082	279.23001
1083	279.26999
1084	279.20001
1085	279.10001
1086	279.04001
1087	279
1088	279
1089	279.01999
1090	279.10001
1091	279.17999
1092	279.06
1093	279.04001
1094	279.07999
1095	279.07999
1096	279.12
1097	279.20001
1098	279.07999
1099	279.07999
1100	279.16
1101	279.20001
1102	279.29001
1103	279.31
1104	279.16
1105	279.23001
1106	279.39001
1107	279.39001
1108	279.39001
1109	279.42999
1110	279.54001
1111	279.62
1112	279.51999
1113	279.51999
1114	279.41
1115	279.45999
1116	279.45999
1117	279.51999
1118	279.39001
1119	279.23001
1120	279.23001
1121	279.26999
1122	279.32999
1123	279.5
1124	279.51999
1125	279.5
1126	279.57999
1127	279.57999
1128	279.70999
1129	279.70999
1130	279.75
1131	279.70999
1132	279.70999
1133	279.66
1134	279.75
1135	279.54001
1136	279.62
1137	279.64001
1138	279.62
1139	279.56
1140	279.60001
1141	279.79001
1142	279.79001
1143	279.70999
1144	279.70999
1145	279.75
1146	279.64001
1147	279.70999
1148	279.69
1149	279.66
1150	279.60001
1151	279.73001
1152	279.73001
1153	279.69
1154	279.56
1155	279.51999
1156	279.35001
1157	279.42999
1158	279.48001
1159	279.48001
1160	279.41
1161	279.39001
1162	279.39001
1163	279.48001
1164	279.51999
1165	279.5
1166	279.51999
1167	279.56
1168	279.51999
1169	279.54001
1170	279.48001
1171	279.54001
1172	279.57999
1173	279.69
1174	279.75
1175	279.66
1176	279.57999
1177	279.48001
1178	279.56
1179	279.66
1180	279.70999
1181	279.62
1182	279.60001
1183	279.54001
1184	279.54001
1185	279.56
1186	279.45999
1187	279.45999
1188	279.51999
1189	279.56
1190	279.5
1191	279.5
1192	279.37
1193	279.35001
1194	279.39001
1195	279.37
1196	279.39001
1197	279.32999
1198	279.32999
1199	279.57999
1200	279.41
1201	279.29001
1202	279.23001
1203	279.10001
1204	279.06
1205	279.10001
1206	279.20001
1207	279.20001
1208	279.12
1209	279.17999
1210	279.12
1211	279.10001
1212	279.12
1213	279.07999
1214	278.92999
1215	278.62
1216	278.35001
1217	278.23999
1218	278.12
1219	277.95001
1220	277.70001
1221	277.28
1222	276.95001
1223	276.95001
1224	276.64999
1225	276.59
1226	276.54999
1227	276.51001
1228	276.44
1229	276.28
1230	276.28
1231	276.14999
1232	276.04999
1233	275.82001
1234	275.06
1235	273.98001
1236	273.29001
1237	272.47
1238	269.38
1239	267.12
1240	266.01001
1241	263.51999
1242	261.37
1243	260.45001
1244	259.53
1245	257.32999
1246	256.72
1247	256.16
1248	255.99001
1249	255.97
1250	256.04999
1251	256.14001
1252	256.87
1253	257.22
1254	257.95999
1255	258.70999
1256	259.13
1257	259.76001
1258	259.98999
1259	260.64999
1260	261.42999
1261	262.01001
1262	262.01001
1263	262.66
1264	263.04001
1265	263.20999
1266	263.64999
1267	264.01999
1268	264.54001
1269	264.54001
1270	265.13
1271	265.51001
1272	265.64999
1273	265.84
1274	266.03
1275	266.14999
1276	266.26001
1277	266.59
1278	266.82001
1279	266.92999
1280	266.91
1281	267.20001
1282	267.26001
1283	267.37
1284	267.47
1285	267.60001
1286	267.70001
1287	267.79001
1288	267.91
1289	268.01999
1290	268.04001
1291	268.07999
1292	268.35001
1293	268.57999
1294	268.57999
1295	268.56
1296	268.56
1297	268.57999
1298	268.62
1299	268.56
1300	268.64001
1301	268.64001
1302	268.62
1303	268.54001
1304	268.57999
1305	268.60001
1306	268.70999
1307	268.75
1308	268.75
1309	268.75
1310	268.89001
1311	268.94
1312	269.04001
1313	268.92001
1314	269.04001
1315	268.98001
1316	269
1317	268.98001
1318	269.17001
1319	269.23001
1320	269.32999
1321	269.26999
1322	269.35001
1323	269.48001
1324	269.51999
1325	269.57999
1326	269.63
1327	269.63
1328	269.56
1329	269.63
1330	269.57999
1331	269.64999
1332	269.56
1333	269.56
1334	269.60999
1335	269.63
1336	269.60999
1337	269.69
1338	269.56
1339	269.57999
1340	269.57999
1341	269.94
1342	269.81
1343	269.81
1344	269.79001
1345	269.85999
1346	269.85999
1347	269.88
1348	269.73001
1349	269.70999
1350	269.76999
1351	269.76999
1352	269.67001
1353	269.70999
1354	269.67001
1355	269.67001
1356	269.73001
1357	269.81
1358	269.75
1359	269.84
1360	269.89999
1361	269.81
1362	269.88
1363	269.84
1364	269.75
1365	269.75
1366	269.85999
1367	269.95999
1368	269.79001
1369	269.67001
1370	269.73001
1371	269.88
1372	269.88
1373	269.70999
1374	269.70999
1375	269.76999
1376	269.81
1377	269.84
1378	269.85999
1379	269.85999
1380	270.04001
1381	270.07001
1382	270.09
1383	270.07001
1384	270.14999
1385	270.19
1386	270.19
1387	270.10999
1388	270.04001
1389	270.13
1390	270.09
1391	270
1392	269.98001
1393	270.01999
1394	269.89999
1395	269.85999
1396	269.98001
1397	270.01999
1398	270.04001
1399	269.88
1400	269.95999
1401	269.95999
1402	270
1403	270.07001
1404	270.07001
1405	270.07001
1406	270.07001
1407	270.01999
1408	270
1409	270.09
1410	270.07001
1411	270.07001
1412	269.88
1413	270
1414	270
1415	270.10999
1416	270.04001
1417	270.17001
1418	270.19
1419	270.23001
1420	270.19
1421	270.14999
1422	270.07001
1423	270
1424	270.01999
1425	270.01999
1426	269.98001
1427	269.95999
1428	270.09
1429	270.01999
1430	270
1431	269.95999
1432	269.88
1433	269.88
1434	269.88
1435	269.88
1436	269.89999
1437	269.94
1438	269.98001
1439	270.01999
1440	270.09
1441	270
1442	270.04001
1443	270.04001
1444	270.07001
1445	270.20999
1446	270.29999
1447	270.34
1448	270.34
1449	270.23001
1450	270.23001
1451	270.17001
1452	270.20999
1453	270.26999
1454	270.42001
1455	270.42001
1456	270.39999
1457	270.35999
1458	270.26999
1459	270.20999
1460	270.26999
1461	270.13
1462	270.19
1463	270.25
1464	270.23001
1465	270.26999
1466	270.38
1467	270.26999
1468	270.23001
1469	270.29999
1470	270.26999
1471	270.34
1472	270.39999
1473	270.29999
1474	270.13
1475	270.13
1476	270.23001
1477	270.26999
1478	270.34
1479	270.25
1480	270.29999
1481	270.17001
1482	270.17001
1483	270.09
1484	270.07001
1485	270.09
1486	270.19
1487	270.29999
1488	270.25
1489	270.25
1490	270.25
1491	270.34
1492	270.23001
1493	270.19
1494	270.25
1495	270.20999
1496	270.19
1497	270.10999
1498	270.09
1499	270
1500	270.01999
1501	270.10999
1502	270.29999
1503	270.34
1504	270.29999
1505	270.17001
1506	270.19
1507	270.17001
1508	270.29999
1509	270.45999
1510	270.42001
1511	270.35999
1512	270.19
1513	269.94
1514	269.94
1515	269.88
1516	270
1517	270.04001
1518	270.29999
1519	270.59
1520	271.07001
1521	271.07001
1522	271.92999
1523	272.45001
1524	272.78
1525	273.22
1526	273.57999
1527	273.87
1528	274.01999
1529	274.57999
1530	274.67001
1531	275.07999
1532	275.48001
1533	275.79999
1534	275.89999
1535	276
1536	276.23001
1537	276.42001
1538	276.57001
1539	276.73999
1540	276.97
1541	277.10999
1542	277.28
1543	277.45001
1544	277.62
1545	277.67999
1546	277.67999
1547	277.64001
1548	277.47
1549	277.47
1550	277.35999
1551	277.45001
1552	277.54999
1553	277.54999
1554	277.39001
1555	277.57001
1556	277.62
1557	277.64001
1558	277.73999
1559	277.82001
1560	277.82001
1561	278.03
1562	278.04999
1563	278.10001
1564	278.12
1565	278.04999
1566	278.04999
1567	277.97
1568	277.92999
1569	277.82001
1570	277.76001
1571	277.73999
1572	277.76001
1573	277.91
1574	277.89001
1575	277.91
1576	277.91
1577	277.98999
1578	278.03
1579	277.92999
1580	278.01001
1581	277.92999
1582	277.89001
1583	277.78
1584	277.92999
1585	277.92999
1586	277.92999
1587	277.97
1588	278.01001
1589	278.10001
1590	277.98999
1591	277.82001
1592	277.82001
1593	277.70001
1594	277.87
1595	278.03
1596	278.20001
1597	278.17999
1598	278.23999
1599	278.17999
1600	278.10001
1601	278.14001
1602	278.07999
1603	278.14001
1604	278.22
1605	278.28
1606	278.26001
1607	278.14001
1608	278.23999
1609	278.28
1610	278.26001
1611	278.32999
1612	278.20001
1613	278.16
1614	278.12
1615	278.12
1616	278.12
1617	278.12
1618	278.14001
1619	278.12
1620	278.10001
1621	278.04999
1622	277.98999
1623	278.07999
1624	278.07999
1625	278.01001
1626	277.98999
1627	277.95001
1628	277.98999
1629	278.12
1630	278.07999
1631	278.07999
1632	277.98999
1633	277.89001
1634	277.89001
1635	277.85001
1636	277.89001
1637	277.78
1638	277.87
1639	277.98999
1640	277.98999
1641	278.07999
1642	278.07999
1643	278.14001
1644	278.23999
1645	278.32999
1646	278.37
1647	278.57999
1648	278.66
1649	278.56
1650	278.47
1651	278.41
1652	278.35001
1653	278.20001
1654	278.26001
1655	278.39001
1656	278.39001
1657	278.48999
1658	278.37
1659	278.39001
1660	278.41
1661	278.31
1662	278.35001
1663	278.35001
1664	278.42999
1665	278.41
1666	278.35001
1667	278.23999
1668	278.20001
1669	278.17999
1670	278.07999
1671	278.04999
1672	278.12
1673	278.26001
1674	278.31
1675	278.35001
1676	278.45001
1677	278.47
1678	278.56
1679	278.41
1680	278.41
1681	278.42999
1682	278.42999
1683	278.42999
1684	278.41
1685	278.42999
1686	278.51001
1687	278.54001
1688	278.31
1689	278.12
1690	277.97
1691	277.87
1692	277.48999
1693	277.04999
1694	276.72
1695	276.72
1696	276.45999
1697	276.45999
1698	276.29999
1699	276.13
1700	276.09
1701	276.03
1702	276.03
1703	275.98001
1704	275.88
1705	275.79999
1706	275.25
1707	274.56
1708	274.06
1709	273.51999
1710	271.22
1711	270.26999
1712	268.16
1713	265.54999
1714	264.44
1715	262.16
1716	261.16
1717	258.38
1718	257.64001
1719	256.66
1720	255.84
1721	255.53
1722	255.09
1723	255.14999
1724	255.2
1725	255.57001
1726	256.04999
1727	256.04999
1728	257.04001
1729	257.76999
1730	258.19
1731	258.81
1732	259.45999
1733	260.01001
1734	260.01001
1735	260.97
1736	261.57001
1737	261.89001
1738	262.45001
1739	262.87
1740	263.10001
1741	263.5
1742	263.95999
1743	264.25
1744	264.44
1745	264.70999
1746	265
1747	265
1748	265.14999
1749	265.64999
1750	265.79999
1751	266.13
1752	266.26001
1753	266.23999
1754	266.53
1755	266.51001
1756	266.67999
1757	266.89001
1758	267.01001
1759	266.98999
1760	267.26001
1761	267.35001
1762	267.42999
1763	267.56
1764	267.64001
1765	267.67999
1766	267.67999
1767	267.97
1768	268.07999
1769	268.16
1770	268.35001
1771	268.32999
1772	268.45999
1773	268.45999
1774	268.45999
1775	268.42999
1776	268.51999
1777	268.42999
1778	268.5
1779	268.57999
1780	268.56
1781	268.57999
1782	268.64001
1783	268.73001
1784	268.73001
1785	268.85001
1786	268.87
1787	268.87
1788	268.73001
1789	268.75
1790	268.79001
1791	268.81
1792	268.76999
1793	268.81
1794	268.89001
1795	268.81
1796	268.85001
1797	268.81
1798	268.81
1799	268.94
1800	269.04001
1801	269.14999
1802	269.25
1803	269.32999
1804	269.17001
1805	269.17001
1806	269.10001
1807	269.23001
1808	269.26999
1809	269.35001
1810	269.42001
1811	269.42001
1812	269.42001
1813	269.44
1814	269.35001
1815	269.39999
1816	269.38
1817	269.44
1818	269.39999
1819	269.45999
1820	269.38
1821	269.45999
1822	269.48001
1823	269.51999
1824	269.44
1825	269.38
1826	269.35001
1827	269.29001
1828	269.25
1829	269.29001
1830	269.25
1831	269.38
1832	269.39999
1833	269.35001
1834	269.48001
1835	269.54001
1836	269.48001
1837	269.48001
1838	269.64999
1839	269.73001
1840	269.69
1841	269.76999
1842	269.81
1843	269.75
1844	269.75
1845	269.79001
1846	269.81
1847	269.75
1848	269.73001
1849	269.76999
1850	269.73001
1851	269.64999
1852	269.70999
1853	269.69
1854	269.64999
1855	269.70999
1856	269.67001
1857	269.70999
1858	269.76999
1859	269.75
1860	269.70999
1861	269.63
1862	269.51999
1863	269.57999
1864	269.57999
1865	269.69
1866	269.69
1867	269.76999
1868	269.70999
1869	269.70999
1870	269.56
1871	269.69
1872	269.54001
1873	269.69
1874	269.70999
1875	269.73001
1876	269.73001
1877	269.81
1878	269.81
1879	269.85999
1880	269.79001
1881	269.73001
1882	269.73001
1883	269.73001
1884	269.75
1885	269.88
1886	269.85999
1887	269.84
1888	269.85999
1889	269.92001
1890	269.94
1891	269.85999
1892	269.88
1893	269.88
1894	269.88
1895	269.94
1896	269.95999
1897	270
1898	269.95999
1899	269.88
1900	269.85999
1901	269.81
1902	269.79001
1903	269.73001
1904	269.67001
1905	269.64999
1906	269.67001
1907	269.73001
1908	269.73001
1909	269.64999
1910	269.67001
1911	269.69
1912	269.70999
1913	269.75
1914	269.63
1915	269.63
1916	269.57999
1917	269.60999
1918	269.75
1919	269.81
1920	269.70999
1921	269.75
1922	269.73001
1923	269.79001
1924	269.88
1925	270
1926	269.85999
1927	269.84
1928	269.98001
1929	269.85999
1930	269.81
1931	269.81
1932	269.84
1933	269.94
1934	269.84
1935	269.89999
1936	269.92001
1937	269.89999
1938	269.85999
1939	269.75
1940	269.75
1941	269.81
1942	269.88
1943	269.95999
1944	269.98001
1945	269.92001
1946	269.92001
1947	269.92001
1948	269.92001
1949	269.95999
1950	269.95999
1951	270
1952	269.98001
1953	269.89999
1954	269.89999
1955	270.04001
1956	270.13
1957	270.10999
1958	270.20999
1959	270.25
1960	270.17001
1961	270.20999
1962	270.09
1963	270.10999
1964	270.23001
1965	270.07001
1966	270.10999
1967	270.09
1968	270.10999
1969	270.23001
1970	270.19
1971	270.26999
1972	270.14999
1973	270.09
1974	270.14999
1975	270.09
1976	270
1977	270.01999
1978	269.94
1979	269.94
1980	270
1981	270
1982	269.95999
1983	269.95999
1984	269.89999
1985	269.85999
1986	269.85999
1987	269.56
1988	269.54001
1989	269.57999
1990	269.69
1991	270.09
1992	270.38
1993	270.38
1994	271.03
1995	271.64999
1996	272.04999
1997	272.67999
1998	273.20001
1999	273.56
2000	273.81
2001	274.64999
2002	274.92001
2003	275.26999
2004	275.51999
2005	275.63
2006	275.70999
2007	275.73001
2008	276.07001
2009	276.39999
2010	276.63
2011	276.97
2012	277.03
2013	276.95001
2014	277.07001
2015	277.04999
2016	277.22
2017	277.29999
2018	277.29999
2019	277.45001
2020	277.47
2021	277.45001
2022	277.34
2023	277.41
2024	277.29999
2025	277.29999
2026	277.48999
2027	277.51001
2028	277.64001
2029	277.67999
2030	277.82001
2031	277.82001
2032	277.92999
2033	278.07999
2034	278.10001
2035	278.10001
2036	278.04999
2037	277.95001
2038	277.89001
2039	277.85001
2040	277.78
2041	277.89001
2042	278.03
2043	278.07999
2044	278.01001
2045	277.98999
2046	278.10001
2047	278.04999
2048	277.91
2049	277.85001
2050	277.85001
2051	277.76001
2052	277.64001
2053	277.57001
2054	277.53
2055	277.53
2056	277.72
2057	277.72
2058	277.76001
2059	277.78
2060	277.76001
2061	277.89001
2062	278.01001
2063	278.03
2064	278.03
2065	278.03
2066	277.97
2067	277.95001
2068	277.91
2069	277.98999
2070	277.97
2071	278.01001
2072	277.79999
2073	277.92999
2074	277.73999
2075	277.76001
2076	277.85001
2077	277.67999
2078	277.59
2079	277.57001
2080	277.76001
2081	277.92999
2082	278.03
2083	278.04999
2084	278.10001
2085	278.10001
2086	278.12
2087	278.14001
2088	277.95001
2089	277.95001
2090	277.95001
2091	277.91
2092	277.89001
2093	277.92999
2094	278.10001
2095	278.16
2096	278.16
2097	278.31
2098	278.39001
2099	278.45001
2100	278.54001
2101	278.41
2102	278.39001
2103	278.32999
2104	278.12
2105	278.17999
2106	278.04999
2107	277.91
2108	277.82001
2109	277.91
2110	277.91
2111	277.91
2112	277.85001
2113	277.89001
2114	277.87
2115	277.82001
2116	278.01001
2117	278.01001
2118	278.23999
2119	278.31
2120	278.22
2121	278.22
2122	278.22
2123	278.10001
2124	278.07999
2125	277.98999
2126	277.79999
2127	277.73999
2128	277.73999
2129	277.66
2130	277.66
2131	277.66
2132	277.73999
2133	277.78
2134	277.97
2135	277.97
2136	278.10001
2137	278.07999
2138	278.22
2139	278.14001
2140	278.04999
2141	278.17999
2142	278.22
2143	278.35001
2144	278.35001
2145	278.37
2146	278.28
2147	278.20001
2148	278.16
2149	278.16
2150	278.12
2151	278.14001
2152	278.10001
2153	277.98999
2154	277.92999
2155	277.85001
2156	277.98999
2157	278.17999
2158	278.35001
2159	278.23999
2160	278.23999
2161	278.04999
2162	277.73999
2163	277.53
2164	277.32001
2165	276.98999
2166	276.54999
2167	276.54999
2168	275.94
2169	275.95999
2170	275.95999
2171	276.03
2172	276.04999
2173	275.98001
2174	275.92001
2175	275.76999
2176	275.75
2177	275.76999
2178	275.34
2179	275
2180	274.69
2181	274.26999
2182	272.10999
2183	271.17001
2184	268.94
2185	266.35999
2186	265.13
2187	262.75
2188	261.62
2189	259.32001
2190	257.60001
2191	256.28
2192	255.25999
2193	255.03
2194	254.75999
2195	254.67
2196	254.95
2197	255.32001
2198	255.64
2199	255.64
2200	256.35001
2201	256.73999
2202	257.10001
2203	257.79001
2204	258.39999
2205	259.17001
2206	259.17001
2207	260.23999
2208	260.95001
2209	261.17999
2210	261.82999
2211	262.32999
2212	262.56
2213	262.91
2214	263.75
2215	263.88
2216	264.23001
2217	264.60999
2218	264.75
2219	265.13
2220	265.32001
2221	265.73999
2222	265.84
2223	266.09
2224	266.22
2225	266.41
2226	266.41
2227	266.51001
2228	266.76001
2229	267.04999
2230	267.23999
2231	267.23999
2232	267.51001
2233	267.62
2234	267.66
2235	267.70001
2236	267.82999
2237	267.89001
2238	267.89001
2239	268.04001
2240	268.04001
2241	268.07999
2242	268.07999
2243	268.20001
2244	268.23001
2245	268.26999
2246	268.32999
2247	268.31
2248	268.35001
2249	268.35001
2250	268.62
2251	268.57999
2252	268.64001
2253	268.69
2254	268.73001
2255	268.75
2256	268.75
2257	268.70999
2258	268.57999
2259	268.70999
2260	268.62
2261	268.73001
2262	268.81
2263	268.82999
2264	268.81
2265	268.69
2266	268.76999
2267	268.89001
2268	268.94
2269	268.98001
2270	268.98001
2271	268.94
2272	268.94
2273	268.87
2274	268.85001
2275	268.94
2276	268.94
2277	268.94
2278	269.10001
2279	269.20999
2280	269.31
2281	269.35001
2282	269.29001
2283	269.25
2284	269.26999
2285	269.39999
2286	269.45999
2287	269.5
2288	269.60999
2289	269.64999
2290	269.5
2291	269.5
2292	269.38
2293	269.39999
2294	269.39999
2295	269.44
2296	269.54001
2297	269.57999
2298	269.63
2299	269.63
2300	269.54001
2301	269.48001
2302	269.48001
2303	269.48001
2304	269.35001
2305	269.42001
2306	269.38
2307	269.44
2308	269.57999
2309	269.57999
2310	269.67001
2311	269.64999
2312	269.63
2313	269.63
2314	269.51999
2315	269.56
2316	269.56
2317	269.45999
2318	269.48001
2319	269.44
2320	269.35001
2321	269.31
2322	269.45999
2323	269.31
2324	269.42001
2325	269.51999
2326	269.51999
2327	269.60999
2328	269.69
2329	269.75
2330	269.76999
2331	269.88
2332	269.92001
2333	269.89999
2334	269.92001
2335	270
2336	269.92001
2337	269.88
2338	269.88
2339	269.85999
2340	269.95999
2341	269.95999
2342	270
2343	269.89999
2344	269.89999
2345	269.92001
2346	269.88
2347	269.92001
2348	269.92001
2349	269.89999
2350	269.98001
2351	270.01999
2352	270.01999
2353	269.95999
2354	270
2355	270.04001
2356	270
2357	270
2358	270.14999
2359	270.25
2360	270.14999
2361	270.07001
2362	270.01999
2363	269.76999
2364	269.70999
2365	269.75
2366	269.75
2367	269.73001
2368	269.70999
2369	269.79001
2370	269.79001
2371	269.84
2372	269.81
2373	269.81
2374	269.95999
2375	269.94
2376	269.98001
2377	269.94
2378	270.09
2379	269.95999
2380	269.95999
2381	269.84
2382	269.85999
2383	269.88
2384	269.89999
2385	269.88
2386	269.84
2387	269.84
2388	269.84
2389	269.94
2390	269.98001
2391	270.04001
2392	270.23001
2393	270.10999
2394	270.17001
2395	270.19
2396	270.20999
2397	270.07001
2398	270
2399	269.95999
2400	269.89999
2401	269.81
2402	269.89999
2403	269.95999
2404	269.89999
2405	269.94
2406	269.95999
2407	269.94
2408	269.89999
2409	269.85999
2410	269.88
2411	269.94
2412	269.94
2413	269.94
2414	270.01999
2415	270.07001
2416	269.98001
2417	270.13
2418	270
2419	270
2420	270
2421	269.94
2422	269.89999
2423	269.84
2424	269.73001
2425	269.64999
2426	269.64999
2427	269.76999
2428	269.81
2429	269.85999
2430	269.88
2431	269.98001
2432	269.94
2433	269.94
2434	269.95999
2435	269.95999
2436	269.95999
2437	270
2438	269.98001
2439	270.07001
2440	269.88
2441	269.73001
2442	269.67001
2443	269.63
2444	269.63
2445	269.73001
2446	269.85999
2447	269.95999
2448	269.95999
2449	269.94
2450	269.88
2451	269.88
2452	270.07001
2453	270.29999
2454	270.20999
2455	270.07001
2456	269.95999
2457	269.92001
2458	269.92001
2459	269.63
2460	269.39999
2461	269.32999
2462	269.31
2463	269.54001
2464	269.67001
2465	269.76999
2466	270.19
2467	270.26999
2468	270.44
2469	270.69
2470	271.04999
2471	271.34
2472	271.48999
2473	271.95001
2474	272.14001
2475	272.37
2476	272.67999
2477	272.85001
2478	273.17999
2479	273.35001
2480	273.66
2481	274.12
2482	274.45999
2483	274.45999
2484	274.98001
2485	275.19
2486	275.26999
2487	275.45999
2488	275.57001
2489	275.67001
2490	275.67001
2491	275.82001
2492	275.85999
2493	276
2494	276.07001
2495	276.13
2496	276.14999
2497	276.14999
2498	276.14999
2499	276.20999
2500	276.17001
2501	276.19
2502	276.14999
2503	276.10999
2504	276.09
2505	276.23001
2506	276.26001
2507	276.20999
2508	276.10999
2509	276.07001
2510	276.13
2511	276.20999
2512	276.32001
2513	276.38
2514	276.44
2515	276.39999
2516	276.48999
2517	276.45999
2518	276.42001
2519	276.35999
2520	276.23001
2521	276.13
2522	276.13
2523	276.14999
2524	276.28
2525	276.26001
2526	276.28
2527	276.26001
2528	276.20999
2529	276.20999
2530	276.04999
2531	275.92001
2532	275.98001
2533	275.98001
2534	276.10999
2535	276.19
2536	276.28
2537	276.29999
2538	276.32001
2539	276.34
2540	276.28
2541	276.26001
2542	276.39999
2543	276.45999
2544	276.42001
2545	276.53
2546	276.54999
2547	276.48999
2548	276.53
2549	276.44
2550	276.45999
2551	276.42001
2552	276.48999
2553	276.59
2554	276.59
2555	276.57001
2556	276.39999
2557	276.34
2558	276.28
2559	276.35999
2560	276.32001
2561	276.32001
2562	276.38
2563	276.45999
2564	276.42001
2565	276.42001
2566	276.35999
2567	276.34
2568	276.34
2569	276.51001
2570	276.59
2571	276.54999
2572	276.63
2573	276.54999
2574	276.53
2575	276.51001
2576	276.51001
2577	276.53
2578	276.45999
2579	276.51001
2580	276.60999
2581	276.60999
2582	276.67001
2583	276.53
2584	276.59
2585	276.63
2586	276.69
2587	276.69
2588	276.63
2589	276.59
2590	276.59
2591	276.59
2592	276.51001
2593	276.51001
2594	276.57001
2595	276.69
2596	276.73999
2597	276.67001
2598	276.64999
2599	276.54999
2600	276.54999
2601	276.53
2602	276.53
2603	276.53
2604	276.67001
2605	276.64999
2606	276.54999
2607	276.57001
2608	276.51001
2609	276.60999
2610	276.53
2611	276.57001
2612	276.64999
2613	276.69
2614	276.63
2615	276.39999
2616	276.42001
2617	276.44
2618	276.42001
2619	276.45999
2620	276.63
2621	276.63
2622	276.72
2623	276.78
2624	276.76001
2625	276.76001
2626	276.72
2627	276.69
2628	276.76001
2629	276.72
2630	276.69
2631	276.78
2632	276.78
2633	276.76001
2634	276.57001
2635	276.59
2636	276.39999
2637	276.19
2638	275.98001
2639	275.98001
2640	275.54001
2641	275.25
2642	275.29001
2643	275.31
2644	275.25
2645	275.25
2646	275.39999
2647	275.60999
2648	275.84
2649	275.76999
2650	275.79999
2651	275.64999
2652	275.35999
2653	275.29001
2654	274.01999
2655	273.39001
2656	271.76001
2657	269.44
2658	268.25
2659	265.79999
2660	264.51999
2661	262.14001
2662	260.13
2663	258.31
2664	258.31
2665	256.03
2666	255.22
2667	254.95
2668	254.53
2669	254.44
2670	254.44
2671	254.44
2672	255.03
2673	255.72
2674	256.07001
2675	256.79001
2676	257.57999
2677	258.07999
2678	258.44
2679	259.73001
2680	260.23999
2681	260.57001
2682	261.20001
2683	261.70001
2684	261.95001
2685	262.22
2686	262.91
2687	263.23001
2688	263.62
2689	264.13
2690	264.38
2691	264.57001
2692	264.73001
2693	264.95999
2694	265.23001
2695	265.48999
2696	265.48999
2697	265.85999
2698	266.03
2699	266.09
2700	266.42999
2701	266.47
2702	266.53
2703	266.53
2704	266.72
2705	266.91
2706	266.98999
2707	267.23999
2708	267.32999
2709	267.47
2710	267.47
2711	267.60001
2712	267.66
2713	267.70001
2714	267.79001
2715	267.89001
2716	267.95001
2717	268
2718	268.12
2719	268.06
2720	268.10001
2721	268.12
2722	268.23001
2723	268.25
2724	268.25
2725	268.45999
2726	268.48001
2727	268.51999
2728	268.5
2729	268.42999
2730	268.5
2731	268.5
2732	268.56
2733	268.54001
2734	268.48001
2735	268.48001
2736	268.41
2737	268.45999
2738	268.54001
2739	268.54001
2740	268.62
2741	268.75
2742	268.75
2743	268.56
2744	268.60001
2745	268.57999
2746	268.64001
2747	268.73001
2748	268.70999
2749	268.89001
2750	268.79001
2751	268.82999
2752	268.81
2753	268.85001
2754	268.89001
2755	268.94
2756	268.92001
2757	268.92001
2758	268.87
2759	268.76999
2760	268.76999
2761	268.87
2762	268.95999
2763	268.89001
2764	268.87
2765	268.82999
2766	268.85001
2767	268.89001
2768	268.75
2769	268.66
2770	268.79001
2771	268.70999
2772	268.81
2773	268.85001
2774	268.85001
2775	268.92001
2776	269.12
2777	269.20999
2778	269.42001
2779	269.48001
2780	269.39999
2781	269.39999
2782	269.35001
2783	269.35001
2784	269.31
2785	269.26999
2786	269.25
2787	269.23001
2788	269.12
2789	269.04001
2790	268.98001
2791	268.94
2792	268.94
2793	268.92001
2794	268.94
2795	269
2796	269.10001
2797	269.10001
2798	269.19
2799	269.26999
2800	269.26999
2801	269.23001
2802	269.12
2803	269.12
2804	269.10001
2805	269.10001
2806	269.10001
2807	269.23001
2808	269.25
2809	269.23001
2810	269.23001
2811	269.20999
2812	269.14999
2813	269.14999
2814	269.20999
2815	269.29001
2816	269.26999
2817	269.25
2818	269.14999
2819	269.17001
2820	269.17001
2821	269.20999
2822	269.29001
2823	269.35001
2824	269.35001
2825	269.45999
2826	269.45999
2827	269.38
2828	269.35001
2829	269.32999
2830	269.35001
2831	269.19
2832	269.23001
2833	269.25
2834	269.14999
2835	269.14999
2836	269.19
2837	269.29001
2838	269.42001
2839	269.35001
2840	269.29001
2841	269.25
2842	269.19
2843	269.19
2844	269.14999
2845	269.14999
2846	269.29001
2847	269.31
2848	269.25
2849	269.20999
2850	269.04001
2851	269.10001
2852	269.10001
2853	269.29001
2854	269.25
2855	269.26999
2856	269.26999
2857	269.19
2858	269.31
2859	269.26999
2860	269.25
2861	269.20999
2862	269.23001
2863	269.26999
2864	269.32999
2865	269.31
2866	269.32999
2867	269.45999
2868	269.42001
2869	269.51999
2870	269.57999
2871	269.56
2872	269.5
2873	269.56
2874	269.44
2875	269.48001
2876	269.44
2877	269.44
2878	269.42001
2879	269.35001
2880	269.35001
2881	269.25
2882	269.20999
2883	269.14999
2884	269.14999
2885	269.26999
2886	269.26999
2887	269.44
2888	269.42001
2889	269.39999
2890	269.44
2891	269.44
2892	269.35001
2893	269.25
2894	269.17001
2895	269.12
2896	269.20999
2897	269.26999
2898	269.45999
2899	269.57999
2900	269.64999
2901	269.57999
2902	269.45999
2903	269.39999
2904	269.26999
2905	269.35001
2906	269.32999
2907	269.38
2908	269.31
2909	269.31
2910	269.35001
2911	269.39999
2912	269.48001
2913	269.60999
2914	269.57999
2915	269.67001
2916	269.67001
2917	269.51999
2918	269.45999
2919	269.48001
2920	269.45999
2921	269.48001
2922	269.54001
2923	269.54001
2924	269.64999
2925	269.51999
2926	269.44
2927	269.48001
2928	269.38
2929	269.45999
2930	269.44
2931	269.07999
2932	268.89001
2933	268.76999
2934	268.54001
2935	268.57999
2936	268.57999
2937	268.66
2938	269.17001
2939	269.38
2940	269.75
2941	270.13
2942	270.34
2943	270.70999
2944	270.85999
2945	271.29999
2946	271.73999
2947	272.28
2948	272.28
2949	272.97
2950	273.31
2951	273.45001
2952	273.81
2953	274.04001
2954	274.23001
2955	274.23001
2956	274.60001
2957	274.89999
2958	274.94
2959	275.07999
2960	275.23001
2961	275.48001
2962	275.48001
2963	275.73001
2964	275.95999
2965	276.03
2966	276.26001
2967	276.39999
2968	276.48999
2969	276.42001
2970	276.53
2971	276.53
2972	276.78
2973	276.88
2974	276.84
2975	276.82001
2976	276.82001
2977	276.63
2978	276.69
2979	276.42001
2980	276.34
2981	276.35999
2982	276.38
2983	276.29999
2984	276.45999
2985	276.63
2986	276.60999
2987	276.60999
2988	276.69
2989	276.84
2990	276.84
2991	276.89999
2992	276.79999
2993	276.72
2994	276.72
2995	276.64999
2996	276.63
2997	276.64999
2998	276.73999
2999	276.59
3000	276.54999
3001	276.53
3002	276.51001
3003	276.60999
3004	276.63
3005	276.73999
3006	276.72
3007	276.73999
3008	276.82001
3009	276.76001
3010	276.76001
3011	276.79999
3012	276.78
3013	276.82001
3014	276.78
3015	276.76001
3016	276.64999
3017	276.60999
3018	276.69
3019	276.76001
3020	276.76001
3021	276.72
3022	276.73999
3023	276.67001
3024	276.73999
3025	276.73999
3026	276.73999
3027	276.59
3028	276.57001
3029	276.53
3030	276.60999
3031	276.63
3032	276.82001
3033	276.82001
3034	277.01001
3035	276.95001
3036	276.95001
3037	276.84
3038	276.97
3039	277.04999
3040	276.95001
3041	276.98999
3042	276.85999
3043	277.03
3044	277.03
3045	277.03
3046	277.10999
3047	277.04999
3048	277.03
3049	276.98999
3050	276.85999
3051	276.97
3052	276.95001
3053	276.89999
3054	276.84
3055	276.85999
3056	277.01001
3057	276.95001
3058	276.95001
3059	277.03
3060	276.97
3061	276.97
3062	276.89999
3063	276.79999
3064	276.67001
3065	276.67001
3066	276.78
3067	276.82001
3068	276.76001
3069	276.76001
3070	276.79999
3071	276.79999
3072	276.78
3073	276.84
3074	276.82001
3075	276.79999
3076	276.82001
3077	276.82001
3078	276.72
3079	276.78
3080	276.84
3081	276.82001
3082	276.82001
3083	276.84
3084	276.85999
3085	276.92001
3086	276.89999
3087	276.92001
3088	276.95001
3089	276.79999
3090	276.79999
3091	276.82001
3092	276.76001
3093	276.76001
3094	276.89999
3095	276.97
3096	276.95001
3097	276.95001
3098	276.92001
3099	276.85999
3100	276.88
3101	276.89999
3102	276.95001
3103	276.98999
3104	276.98999
3105	277.14999
3106	277.23999
3107	277.20001
3108	276.82001
3109	276.54999
3110	276.38
3111	276.26001
3112	276
3113	275.84
3114	275.5
3115	275.39999
3116	275.31
3117	275.29001
3118	275.29001
3119	275.38
3120	275.31
3121	275.19
3122	275.29001
3123	275.26999
3124	275.25
3125	275.31
3126	274.85001
3127	274.23001
3128	273.12
3129	273.12
3130	270.60999
3131	268.57999
3132	267.45001
3133	264.76999
3134	262.31
3135	260.01001
3136	260.01001
3137	256.98999
3138	255.74001
3139	255.32001
3140	254.53
3141	254.14999
3142	254.11
3143	254.11
3144	254.34
3145	254.89999
3146	255.13
3147	255.78
3148	256.39001
3149	256.70001
3150	257.07999
3151	258.29001
3152	258.67001
3153	259.44
3154	260.22
3155	260.47
3156	261.04999
3157	261.28
3158	261.79999
3159	262.14001
3160	262.62
3161	263.06
3162	263.29001
3163	263.76999
3164	263.95999
3165	264.25
3166	264.20999
3167	264.42001
3168	264.42001
3169	264.89999
3170	265.09
3171	265.14999
3172	265.44
3173	265.54999
3174	265.64999
3175	265.64999
3176	266.09
3177	266.09
3178	266.26001
3179	266.48999
3180	266.64001
3181	266.70001
3182	266.70001
3183	266.79999
3184	266.91
3185	266.97
3186	267.10001
3187	267.23999
3188	267.35001
3189	267.35001
3190	267.47
3191	267.41
3192	267.62
3193	267.60001
3194	267.67999
3195	267.66
3196	267.66
3197	267.82999
3198	267.97
3199	268.04001
3200	268.04001
3201	267.95001
3202	267.97
3203	267.95001
3204	267.97
3205	268.07999
3206	268
3207	268
3208	267.92999
3209	268.04001
3210	268.06
3211	268.07999
3212	268.16
3213	268.31
3214	268.31
3215	268.37
3216	268.25
3217	268.31
3218	268.32999
3219	268.29001
3220	268.29001
3221	268.32999
3222	268.51999
3223	268.48001
3224	268.5
3225	268.41
3226	268.42999
3227	268.51999
3228	268.57999
3229	268.69
3230	268.69
3231	268.57999
3232	268.69
3233	268.70999
3234	268.82999
3235	268.79001
3236	268.98001
3237	269.04001
3238	269.14999
3239	269.14999
3240	269.06
3241	268.95999
3242	268.94
3243	268.98001
3244	268.73001
3245	268.66
3246	268.66
3247	268.57999
3248	268.56
3249	268.48001
3250	268.48001
3251	268.66
3252	268.60001
3253	268.62
3254	268.66
3255	268.62
3256	268.73001
3257	268.64001
3258	268.66
3259	268.79001
3260	268.82999
3261	268.73001
3262	268.73001
3263	268.62
3264	268.76999
3265	268.89001
3266	269.01999
3267	268.87
3268	269.06
3269	269.07999
3270	269.01999
3271	269.01999
3272	269
3273	268.94
3274	268.95999
3275	268.95999
3276	269
3277	269.01999
3278	269.01999
3279	268.89001
3280	268.89001
3281	268.98001
3282	268.81
3283	268.92001
3284	269.06
3285	269.06
3286	269.12
3287	268.94
3288	268.92001
3289	268.94
3290	268.92001
3291	268.87
3292	268.89001
3293	269.01999
3294	268.95999
3295	269.04001
3296	269.12
3297	269.07999
3298	269.14999
3299	269.07999
3300	269.04001
3301	268.92001
3302	269.01999
3303	269.07999
3304	269.07999
3305	269.10001
3306	269.19
3307	269.20999
3308	269.12
3309	269.20999
3310	269.20999
3311	269.29001
3312	268.07999
3313	268.07999
3314	268.29001
3315	268.41
3316	268.45999
3317	268.64001
3318	268.60001
3319	268.64001
3320	268.54001
3321	268.57999
3322	268.57999
3323	268.70999
3324	268.73001
3325	268.69
3326	268.54001
3327	268.60001
3328	268.37
3329	268.37
3330	268.39001
3331	268.39001
3332	268.45999
3333	268.5
3334	268.5
3335	268.41
3336	268.42999
3337	268.5
3338	268.5
3339	268.73001
3340	268.69
3341	268.70999
3342	268.76999
3343	268.66
3344	268.48001
3345	268.48001
3346	268.31
3347	268.35001
3348	268.23001
3349	268.39001
3350	268.54001
3351	268.60001
3352	268.60001
3353	268.79001
3354	268.92001
3355	268.82999
3356	268.92001
3357	268.89001
3358	268.82999
3359	268.73001
3360	268.79001
3361	268.73001
3362	268.89001
3363	268.76999
3364	268.75
3365	268.76999
3366	268.75
3367	268.85001
3368	268.92001
3369	268.94
3370	269
3371	268.92001
3372	268.95999
3373	268.92001
3374	269.01999
3375	269.04001
3376	269.14999
3377	269.14999
3378	268.98001
3379	268.87
3380	268.89001
3381	268.89001
3382	268.85001
3383	268.95999
3384	268.95999
3385	268.94
3386	268.92001
3387	269
3388	268.89001
3389	268.95999
3390	268.95999
3391	268.98001
3392	269.56
3393	269.95999
3394	270.73001
3395	271.79999
3396	274.56
3397	275.13
3398	275.31
3399	274.69
3400	274.37
3401	273.41
3402	272.39001
3403	271.97
3404	271.14999
3405	270.82001
3406	270.44
3407	270.42001
3408	270.35999
3409	270.35999
3410	270.57001
3411	270.79999
3412	271.17001
3413	271.64999
3414	271.79999
3415	272.17999
3416	272.17999
3417	272.98999
3418	273.76999
3419	274.14001
3420	275.04001
3421	275.60999
3422	276.14999
3423	276.14999
3424	276.76001
3425	277.03
3426	277.14999
3427	277.29999
3428	277.53
3429	277.64001
3430	277.66
3431	277.78
3432	277.79999
3433	278.07999
3434	278.23999
3435	278.37
3436	278.39001
3437	278.48999
3438	278.48999
3439	278.57999
3440	278.67999
3441	278.60001
3442	278.62
3443	278.72
3444	278.70001
3445	278.70001
3446	278.79001
3447	278.79001
3448	278.79001
3449	278.89001
3450	278.85001
3451	278.92999
3452	278.91
3453	278.81
3454	278.81
3455	278.81
3456	278.76999
3457	278.72
3458	278.67999
3459	278.79001
3460	279
3461	278.91
3462	278.85001
3463	278.79001
3464	278.82999
3465	278.89001
3466	278.89001
3467	279
3468	279.04001
3469	279.01999
3470	279.04001
3471	278.97
3472	278.91
3473	278.89001
3474	278.95001
3475	279
3476	278.85001
3477	278.87
3478	278.92999
3479	278.92999
3480	278.92999
3481	278.97
3482	279.06
3483	279.16
3484	279.16
3485	279.17999
3486	279.12
3487	279.12
3488	279.06
3489	279.04001
3490	279.07999
3491	279.01999
3492	279.17999
3493	279.16
3494	279.16
3495	279.16
3496	279.17999
3497	279.23001
3498	279.39001
3499	279.32999
3500	279.42999
3501	279.41
3502	279.37
3503	279.31
3504	279.14001
3505	279.41
3506	279.32999
3507	279.41
3508	279.31
3509	279.37
3510	279.29001
3511	279.14001
3512	279.20001
3513	279.26999
3514	279.16
3515	279.32999
3516	279.32999
3517	279.35001
3518	279.37
3519	279.37
3520	279.23001
3521	279.14001
3522	279.06
3523	279.01999
3524	279.07999
3525	279.17999
3526	279.17999
3527	279.17999
3528	279.25
3529	279.23001
3530	279.16
3531	279.25
3532	279.20001
3533	279.14001
3534	279.26999
3535	279.45999
3536	279.37
3537	279.42999
3538	279.56
3539	279.48001
3540	279.42999
3541	279.45999
3542	279.41
3543	279.29001
3544	279.26999
3545	279.31
3546	279.25
3547	279.20001
3548	279.23001
3549	279.26999
3550	279.31
3551	279.31
3552	279.32999
3553	279.23001
3554	279.35001
3555	279.20001
3556	279.26999
3557	279.31
3558	279.31
3559	279.32999
3560	279.31
3561	279.23001
3562	279.17999
3563	279.17999
3564	279.17999
3565	279.17999
3566	279.37
3567	279.35001
3568	279.29001
3569	279.25
3570	279.32999
3571	279.25
3572	279.29001
3573	279.16
3574	279.25
3575	279.32999
3576	279.37
3577	279.32999
3578	279.29001
3579	279.16
3580	278.66
3581	278.54001
3582	278.31
3583	277.79999
3584	277.57001
3585	277.03
3586	276.72
3587	276.44
3588	276.32001
3589	276.20999
3590	276.20999
3591	275.98001
3592	275.95999
3593	275.89999
3594	275.98001
3595	275.70999
3596	275.45999
3597	275.45999
3598	274.25
3599	272.87
3600	272.09
3601	270
3602	267.41
3603	266.01001
3604	264.57001
3605	260.34
3606	258.10001
3607	257.20001
3608	255.38
3609	254.23
3610	254.03
3611	253.63
3612	253.57001
3613	253.8
3614	254.28
3615	255.25999
3616	255.50999
3617	256.28
3618	256.60001
3619	257.25
3620	257.85001
3621	258.39999
3622	259.20999
3623	259.48001
3624	260.26001
3625	260.54999
3626	261.23999
3627	261.91
3628	262.56
3629	262.56
3630	263.32999
3631	263.85001
3632	264.14999
3633	264.5
3634	264.85999
3635	265.20999
3636	265.20999
3637	265.72
3638	266.04999
3639	266.13
3640	266.41
3641	266.59
3642	266.67999
3643	266.78
3644	266.84
3645	266.78
3646	266.91
3647	266.97
3648	267.04999
3649	267.10001
3650	267.20001
3651	267.39001
3652	267.42999
3653	267.47
3654	267.64001
3655	267.73999
3656	267.91
3657	267.95001
3658	268.01999
3659	268.20001
3660	268.17999
3661	268.17999
3662	268.23001
3663	268.35001
3664	268.23001
3665	268.29001
3666	268.41
3667	268.51999
3668	268.51999
3669	268.60001
3670	268.66
3671	268.66
3672	268.76999
3673	268.79001
3674	268.79001
3675	268.79001
3676	268.70999
3677	268.79001
3678	268.81
3679	268.75
3680	268.66
3681	268.66
3682	268.57999
3683	268.69
3684	268.75
3685	268.81
3686	268.87
3687	268.82999
3688	268.94
3689	268.98001
3690	269.07999
3691	269.19
3692	269.17001
3693	269.04001
3694	268.98001
3695	269.10001
3696	269.17001
3697	269.20999
3698	269.31
3699	269.42001
3700	269.42001
3701	269.26999
3702	269.23001
3703	269.12
3704	269.01999
3705	269.06
3706	269.10001
3707	269.10001
3708	269.26999
3709	269.39999
3710	269.35001
3711	269.38
3712	269.23001
3713	269.17001
3714	269
3715	268.95999
3716	268.94
3717	268.98001
3718	269.01999
3719	269.07999
3720	269.12
3721	269.19
3722	269.26999
3723	269.26999
3724	269.39999
3725	269.48001
3726	269.48001
3727	269.42001
3728	269.38
3729	269.38
3730	269.29001
3731	269.23001
3732	269.23001
3733	269.39999
3734	269.45999
3735	269.56
3736	269.67001
3737	269.67001
3738	269.57999
3739	269.57999
3740	269.63
3741	269.60999
3742	269.64999
3743	269.75
3744	269.60999
3745	269.48001
3746	269.48001
3747	269.45999
3748	269.35001
3749	269.38
3750	269.26999
3751	269.23001
3752	269.25
3753	269.19
3754	269.35001
3755	269.39999
3756	269.48001
3757	269.63
3758	269.54001
3759	269.54001
3760	269.56
3761	269.45999
3762	269.44
3763	269.32999
3764	269.31
3765	269.23001
3766	269.12
3767	269.23001
3768	269.23001
3769	269.23001
3770	269.32999
3771	269.32999
3772	269.45999
3773	269.48001
3774	269.60999
3775	269.48001
3776	269.42001
3777	269.26999
3778	269.26999
3779	269.14999
3780	268.89001
3781	268.73001
3782	268.37
3783	268.14001
3784	268.07999
3785	267.95001
3786	267.62
3787	267.37
3788	267.35001
3789	267.04999
3790	266.87
3791	266.79999
3792	266.76001
3793	266.64001
3794	266.57001
3795	266.59
3796	266.42999
3797	266.42999
3798	266.32001
3799	266.26001
3800	266.38
3801	266.32001
3802	266.32001
3803	266.32001
3804	266.09
3805	266.17999
3806	266.22
3807	266.13
3808	266.26001
3809	266.14999
3810	266.14999
3811	266.10999
3812	266.01001
3813	265.98999
3814	266.04999
3815	266.09
3816	266.09
3817	266.09
3818	266.01001
3819	265.89999
3820	265.97
3821	265.97
3822	265.95001
3823	265.98999
3824	266.01001
3825	265.84
3826	265.82001
3827	265.84
3828	265.84
3829	265.85999
3830	265.82001
3831	265.73999
3832	265.53
3833	265.54999
3834	265.51001
3835	265.73999
3836	265.79999
3837	265.84
3838	265.79999
3839	265.63
3840	265.72
3841	265.76001
3842	265.76001
3843	265.84
3844	265.76001
3845	265.88
3846	265.67001
3847	265.73999
3848	265.72
3849	265.72
3850	267.56
3851	268.39001
3852	268.82999
3853	269.48001
3854	269.56
3855	269.45999
3856	269.20999
3857	268.76999
3858	268.45999
3859	268.32999
3860	267.95001
3861	267.73999
3862	267.66
3863	267.48999
3864	267.16
3865	267.03
3866	267.01001
3867	266.97
3868	266.84
3869	266.73999
3870	266.67999
3871	266.60999
3872	266.73999
3873	266.70001
3874	266.60999
3875	266.66
3876	266.72
3877	266.73999
3878	266.87
3879	266.97
3880	267.17999
3881	267.17999
3882	267.72
3883	268.12
3884	268.26999
3885	268.66
3886	269.14999
3887	269.51999
3888	269.51999
3889	270.13
3890	270.60999
3891	270.85999
3892	271.45001
3893	271.97
3894	272.23999
3895	272.45001
3896	273.41
3897	273.70001
3898	274.31
3899	274.73001
3900	274.88
3901	275.19
3902	275.38
3903	275.64999
3904	275.64999
3905	275.82001
3906	275.89999
3907	276.09
3908	276.14999
3909	276.26001
3910	276.34
3911	276.39999
3912	276.45999
3913	276.45999
3914	276.73999
3915	276.79999
3916	276.79999
3917	276.79999
3918	276.85999
3919	276.76001
3920	276.76001
3921	276.78
3922	276.84
3923	276.78
3924	276.84
3925	276.98999
3926	276.97
3927	277.09
3928	277.23999
3929	277.23999
3930	277.10999
3931	277.04999
3932	276.97
3933	277.01001
3934	277.04999
3935	277.20001
3936	277.23999
3937	277.28
3938	277.29999
3939	277.32001
3940	277.41
3941	277.39001
3942	277.41
3943	277.42999
3944	277.41
3945	277.39001
3946	277.39001
3947	277.42999
3948	277.51001
3949	277.62
3950	277.51001
3951	277.48999
3952	277.48999
3953	277.41
3954	277.48999
3955	277.51001
3956	277.47
3957	277.39001
3958	277.34
3959	277.34
3960	277.57001
3961	277.73999
3962	277.73999
3963	277.70001
3964	277.67999
3965	277.70001
3966	277.78
3967	277.97
3968	277.97
3969	277.98999
3970	277.98999
3971	277.91
3972	278.03
3973	277.98999
3974	278.01001
3975	277.98999
3976	278.04999
3977	278.01001
3978	277.91
3979	277.85001
3980	277.92999
3981	278.01001
3982	278.12
3983	278.14001
3984	278.14001
3985	278.16
3986	278.07999
3987	278.04999
3988	277.98999
3989	277.97
3990	277.91
3991	277.91
3992	277.87
3993	277.89001
3994	277.91
3995	277.82001
3996	277.87
3997	277.85001
3998	277.85001
3999	277.97
4000	277.95001
4001	278.01001
4002	277.98999
4003	278.04999
4004	278.16
4005	278.17999
4006	278.22
4007	278.22
4008	278.16
4009	278.32999
4010	278.39001
4011	278.51001
4012	278.64001
4013	278.81
4014	278.73999
4015	278.57999
4016	278.41
4017	278.45001
4018	278.41
4019	278.42999
4020	278.57999
4021	278.64001
4022	278.64001
4023	278.64001
4024	278.62
4025	278.66
4026	278.67999
4027	278.79001
4028	278.87
4029	278.89001
4030	278.89001
4031	279.06
4032	279
4033	278.95001
4034	279.06
4035	278.92999
4036	278.95001
4037	278.87
4038	278.97
4039	278.91
4040	278.97
4041	278.97
4042	278.87
4043	278.73999
4044	278.72
4045	278.81
4046	278.76999
4047	278.85001
4048	278.92999
4049	278.92999
4050	278.97
4051	278.95001
4052	278.79001
4053	278.51001
4054	278.17999
4055	278.17999
4056	277.64001
4057	277.20001
4058	277.03
4059	276.63
4060	276.34
4061	276
4062	276
4063	275.88
4064	275.67001
4065	275.63
4066	275.5
4067	275.38
4068	275.23001
4069	275.23001
4070	274.70999
4071	274.14001
4072	273.60001
4073	272.32001
4074	270.94
4075	270.10999
4076	269.20999
4077	266.51001
4078	265.59
4079	263.94
4080	262.12
4081	261.20001
4082	259.73001
4083	259.07001
4084	257.42999
4085	257.01999
4086	256.47
4087	256.16
4088	256.07001
4089	256.10001
4090	256.17999
4091	256.35001
4092	256.70001
4093	257.20001
4094	257.20001
4095	257.82999
4096	258.26999
4097	258.42001
4098	258.89999
4099	259.45999
4100	260.01001
4101	260.01001
4102	260.84
4103	261.23999
4104	261.42999
4105	261.79999
4106	262.23999
4107	262.32999
4108	262.56
4109	262.87
4110	263.16
4111	263.26999
4112	263.57999
4113	263.85001
4114	263.98001
4115	264.07999
4116	264.59
4117	264.51999
4118	264.76999
4119	264.95999
4120	265.03
4121	265.17001
4122	265.23001
4123	265.45999
4124	265.44
4125	265.59
4126	265.67001
4127	265.64999
4128	265.76001
4129	265.82001
4130	265.95001
4131	265.97
4132	266.04999
4133	266.04999
4134	266.10999
4135	266.13
4136	266.29999
4137	266.57001
4138	266.51001
4139	266.67999
4140	266.67999
4141	266.79999
4142	266.79999
4143	266.89001
4144	266.97
4145	266.97
4146	266.97
4147	266.98999
4148	266.95001
4149	267.01001
4150	267.12
4151	267.20001
4152	267.20001
4153	267.16
4154	267.17999
4155	267.14001
4156	267.10001
4157	267.17999
4158	267.17999
4159	267.26001
4160	267.32999
4161	267.28
4162	267.41
4163	267.62
4164	267.72
4165	267.72
4166	267.70001
4167	267.76999
4168	267.79001
4169	267.73999
4170	267.79001
4171	267.79001
4172	267.79001
4173	267.82999
4174	267.87
4175	267.82999
4176	267.87
4177	267.91
4178	267.89001
4179	267.89001
4180	267.97
4181	268
4182	267.92999
4183	267.92999
4184	267.87
4185	267.85001
4186	267.85001
4187	267.95001
4188	268.06
4189	268.12
4190	268.17999
4191	268.14001
4192	268.25
4193	268.26999
4194	268.29001
4195	268.25
4196	268.17999
4197	268.10001
4198	268.14001
4199	268.16
4200	268.12
4201	268.12
4202	268.07999
4203	268.04001
4204	268.04001
4205	267.97
4206	268.04001
4207	268.04001
4208	268.06
4209	267.92999
4210	268.06
4211	268.06
4212	268.04001
4213	267.95001
4214	268.01999
4215	268.04001
4216	268.07999
4217	268.14001
4218	268.16
4219	268.25
4220	268.29001
4221	268.32999
4222	268.25
4223	268.23001
4224	268.25
4225	268.23001
4226	268.31
4227	268.32999
4228	268.37
4229	268.37
4230	268.31
4231	268.32999
4232	268.39001
4233	268.42999
4234	268.57999
4235	268.62
4236	268.62
4237	268.69
4238	268.60001
4239	268.54001
4240	268.56
4241	268.51999
4242	268.48001
4243	268.48001
4244	268.48001
4245	268.54001
4246	268.48001
4247	268.48001
4248	268.51999
4249	268.57999
4250	268.57999
4251	268.64001
4252	268.73001
4253	268.73001
4254	268.79001
4255	268.70999
4256	268.81
4257	268.73001
4258	268.70999
4259	268.70999
4260	268.57999
4261	268.57999
4262	268.51999
4263	268.56
4264	268.5
4265	268.5
4266	268.54001
4267	268.5
4268	268.41
4269	268.42999
4270	268.51999
4271	268.56
4272	268.57999
4273	268.73001
4274	268.70999
4275	268.70999
4276	268.62
4277	268.54001
4278	268.60001
4279	268.39001
4280	268.51999
4281	268.42999
4282	268.42999
4283	268.37
4284	268.5
4285	268.5
4286	268.5
4287	268.45999
4288	268.48001
4289	268.51999
4290	268.45999
4291	268.41
4292	268.35001
4293	268.35001
4294	268.37
4295	268.35001
4296	268.37
4297	268.42999
4298	268.5
4299	268.48001
4300	268.51999
4301	268.62
4302	268.56
4303	268.54001
4304	268.56
4305	268.56
4306	268.57999
4307	268.57999
4308	268.51999
4309	268.60001
4310	268.57999
4311	268.56
4312	268.60001
4313	268.51999
4314	268.51999
4315	268.48001
4316	268.51999
4317	268.35001
4318	268.39001
4319	268.37
4320	268.31
4321	268.31
4322	268.39001
4323	268.42999
4324	268.32999
4325	268.48001
4326	268.56
4327	268.5
4328	268.45999
4329	268.45999
4330	268.42999
4331	268.51999
4332	268.60001
4333	268.76999
4334	268.73001
4335	268.76999
4336	268.75
4337	268.85001
4338	268.89001
4339	268.82999
4340	268.82999
4341	268.81
4342	268.82999
4343	268.75
4344	268.66
4345	268.62
4346	268.62
4347	268.56
4348	268.56
4349	268.62
4350	268.73001
4351	268.75
4352	268.66
4353	268.66
4354	268.81
4355	269.12
4356	269.23001
4357	269.67001
4358	270.07001
4359	270.32001
4360	270.35999
4361	271.23999
4362	271.95001
4363	272.22
4364	272.92999
4365	273.39001
4366	273.56
4367	273.76999
4368	274.37
4369	274.57999
4370	274.94
4371	275.23001
4372	275.42001
4373	275.64999
4374	275.85999
4375	276.10999
4376	276.23001
4377	276.34
4378	276.51001
4379	276.57001
4380	276.76001
4381	276.73999
4382	276.76001
4383	276.72
4384	276.76001
4385	276.76001
4386	276.88
4387	276.95001
4388	276.95001
4389	276.89999
4390	276.85999
4391	276.97
4392	276.97
4393	276.98999
4394	277.04999
4395	277.14999
4396	277.26001
4397	277.32001
4398	277.28
4399	277.32001
4400	277.26001
4401	277.20001
4402	277.09
4403	277.07001
4404	277.10999
4405	277.17999
4406	277.13
4407	277.14999
4408	277.20001
4409	277.23999
4410	277.29999
4411	277.39001
4412	277.47
4413	277.41
4414	277.35999
4415	277.35999
4416	277.22
4417	277.22
4418	277.20001
4419	277.34
4420	277.35999
4421	277.45001
4422	277.45001
4423	277.48999
4424	277.48999
4425	277.47
4426	277.48999
4427	277.47
4428	277.45001
4429	277.41
4430	277.34
4431	277.34
4432	277.41
4433	277.53
4434	277.41
4435	277.41
4436	277.45001
4437	277.28
4438	277.23999
4439	277.17999
4440	277.20001
4441	277.26001
4442	277.32001
4443	277.29999
4444	277.28
4445	277.32001
4446	277.34
4447	277.35999
4448	277.34
4449	277.34
4450	277.34
4451	277.29999
4452	277.32001
4453	277.42999
4454	277.48999
4455	277.57001
4456	277.57001
4457	277.70001
4458	277.72
4459	277.62
4460	277.54999
4461	277.51001
4462	277.42999
4463	277.42999
4464	277.47
4465	277.42999
4466	277.41
4467	277.45001
4468	277.54999
4469	277.54999
4470	277.54999
4471	277.66
4472	277.66
4473	277.64001
4474	277.47
4475	277.48999
4476	277.41
4477	277.41
4478	277.48999
4479	277.41
4480	277.41
4481	277.42999
4482	277.47
4483	277.51001
4484	277.54999
4485	277.57001
4486	277.57001
4487	277.57001
4488	277.57001
4489	277.57001
4490	277.45001
4491	277.47
4492	277.35999
4493	277.32001
4494	277.29999
4495	277.29999
4496	277.26001
4497	277.22
4498	277.20001
4499	277.32001
4500	277.47
4501	277.51001
4502	277.51001
4503	277.59
4504	277.45001
4505	277.51001
4506	277.47
4507	277.42999
4508	277.42999
4509	277.42999
4510	277.41
4511	277.47
4512	277.42999
4513	277.35999
4514	277.39001
4515	277.26001
4516	277.29999
4517	277.28
4518	277.28
4519	277.34
4520	277.35999
4521	277.34
4522	277.34
4523	277.32001
4524	277.34
4525	277.34
4526	277.10999
4527	277.10999
4528	276.73999
4529	276.57001
4530	276.51001
4531	276.19
4532	275.89999
4533	275.75
4534	275.75
4535	275.59
4536	275.42001
4537	275.35999
4538	275.20999
4539	275.06
4540	275.04001
4541	275
4542	274.64999
4543	274.48001
4544	274.31
4545	273.79001
4546	272.97
4547	272.42999
4548	271.72
4549	269.26999
4550	268.26999
4551	266.34
4552	264.31
4553	263.37
4554	261.64001
4555	260.88
4556	259.38
4557	258.23001
4558	257.39001
4559	256.79001
4560	256.64001
4561	256.37
4562	256.26001
4563	256.26001
4564	256.41
4565	256.64001
4566	256.64001
4567	257.22
4568	257.76999
4569	258
4570	258.56
4571	259.07001
4572	259.5
4573	259.5
4574	260.28
4575	260.73999
4576	260.98999
4577	261.42999
4578	261.85001
4579	261.92999
4580	262.07999
4581	262.76999
4582	262.89001
4583	263.25
4584	263.5
4585	263.67001
4586	264
4587	264.17001
4588	264.42001
4589	264.59
4590	264.60999
4591	264.84
4592	264.84
4593	265.09
4594	265.04999
4595	265.13
4596	265.29999
4597	265.39999
4598	265.39999
4599	265.53
4600	265.60999
4601	265.64999
4602	265.79999
4603	265.92001
4604	266.04999
4605	266.04999
4606	266.22
4607	266.34
4608	266.35999
4609	266.48999
4610	266.51001
4611	266.48999
4612	266.48999
4613	266.53
4614	266.57001
4615	266.54999
4616	266.67999
4617	266.67999
4618	266.67999
4619	266.73999
4620	266.76001
4621	266.91
4622	266.95001
4623	267.07001
4624	267.07001
4625	267.17999
4626	267.20001
4627	267.29999
4628	267.26001
4629	267.22
4630	267.29999
4631	267.35001
4632	267.41
4633	267.35001
4634	267.45001
4635	267.42999
4636	267.45001
4637	267.45001
4638	267.28
4639	267.28
4640	267.28
4641	267.32999
4642	267.45001
4643	267.48999
4644	267.48999
4645	267.57999
4646	267.66
4647	267.72
4648	267.64001
4649	267.72
4650	267.70001
4651	267.64001
4652	267.47
4653	267.51001
4654	267.56
4655	267.47
4656	267.48999
4657	267.51001
4658	267.51001
4659	267.64001
4660	267.64001
4661	267.72
4662	267.76999
4663	267.81
4664	267.87
4665	267.87
4666	267.97
4667	267.89001
4668	267.91
4669	267.91
4670	267.97
4671	267.91
4672	267.92999
4673	267.91
4674	267.95001
4675	267.87
4676	267.87
4677	267.95001
4678	268.01999
4679	268.04001
4680	268.01999
4681	268.04001
4682	267.97
4683	267.97
4684	267.87
4685	267.91
4686	267.87
4687	267.91
4688	267.82999
4689	267.91
4690	267.87
4691	267.73999
4692	267.70001
4693	267.60001
4694	267.57999
4695	267.60001
4696	267.62
4697	267.57999
4698	267.64001
4699	267.66
4700	267.60001
4701	267.57999
4702	267.62
4703	267.62
4704	267.60001
4705	267.67999
4706	267.67999
4707	267.67999
4708	267.67999
4709	267.66
4710	267.73999
4711	267.81
4712	267.81
4713	267.91
4714	267.91
4715	267.91
4716	267.91
4717	267.85001
4718	267.95001
4719	267.92999
4720	267.82999
4721	267.95001
4722	267.97
4723	268
4724	268.04001
4725	268.04001
4726	268
4727	268.01999
4728	268.06
4729	267.91
4730	268.12
4731	268.01999
4732	268.01999
4733	268.07999
4734	268.04001
4735	268.07999
4736	268.17999
4737	268.20001
4738	268.17999
4739	268.14001
4740	268.14001
4741	268.04001
4742	268.06
4743	268.16
4744	268.06
4745	268.17999
4746	268.14001
4747	268.14001
4748	268.16
4749	268.10001
4750	268.14001
4751	268.17999
4752	268.20001
4753	268.23001
4754	268.23001
4755	268.23001
4756	268.25
4757	268.25
4758	268.23001
4759	268.07999
4760	268.16
4761	268.14001
4762	268.12
4763	268.14001
4764	268.14001
4765	268.07999
4766	268.06
4767	268.04001
4768	268.16
4769	268.23001
4770	268.17999
4771	268.25
4772	268.32999
4773	268.20001
4774	268.25
4775	268.20001
4776	268.25
4777	268.14001
4778	268.17999
4779	268.17999
4780	268.14001
4781	268.16
4782	268.12
4783	268.07999
4784	267.97
4785	267.87
4786	267.87
4787	268.12
4788	268.12
4789	268.17999
4790	268.25
4791	268.23001
4792	268.45999
4793	268.31
4794	268.35001
4795	268.31
4796	268.26999
4797	268.29001
4798	268.29001
4799	268.23001
4800	268.26999
4801	268.20001
4802	268.17999
4803	268.16
4804	268.17999
4805	268.12
4806	268.04001
4807	268.01999
4808	267.95001
4809	267.89001
4810	267.85001
4811	268.01999
4812	267.92999
4813	267.95001
4814	268.10001
4815	268.01999
4816	267.92999
4817	267.92999
4818	267.92999
4819	268.04001
4820	268.10001
4821	268.10001
4822	268.10001
4823	268.10001
4824	268.12
4825	268.12
4826	268.37
4827	268.54001
4828	268.62
4829	269.01999
4830	269.42001
4831	269.70999
4832	270
4833	270.42001
4834	270.67001
4835	270.95999
4836	271.29999
4837	271.45001
4838	271.95001
4839	272.14001
4840	272.72
4841	272.87
4842	273.16
4843	273.54001
4844	273.73001
4845	274.07999
4846	274.26999
4847	274.51999
4848	274.81
4849	275.17001
4850	275.17001
4851	275.42001
4852	275.54001
4853	275.59
4854	275.64999
4855	275.63
4856	275.79999
4857	275.79999
4858	275.84
4859	276
4860	276
4861	276.13
4862	276.19
4863	276.29999
4864	276.32001
4865	276.63
4866	276.63
4867	276.64999
4868	276.79999
4869	276.72
4870	276.69
4871	276.79999
4872	276.59
4873	276.64999
4874	276.59
4875	276.44
4876	276.48999
4877	276.53
4878	276.53
4879	276.48999
4880	276.51001
4881	276.42001
4882	276.48999
4883	276.48999
4884	276.53
4885	276.57001
4886	276.45999
4887	276.51001
4888	276.44
4889	276.44
4890	276.26001
4891	276.35999
4892	276.35999
4893	276.38
4894	276.35999
4895	276.63
4896	276.63
4897	276.64999
4898	276.67001
4899	276.57001
4900	276.60999
4901	276.60999
4902	276.64999
4903	276.59
4904	276.54999
4905	276.60999
4906	276.67001
4907	276.78
4908	276.85999
4909	276.82001
4910	276.84
4911	276.82001
4912	276.73999
4913	276.76001
4914	276.82001
4915	276.79999
4916	276.73999
4917	276.78
4918	276.69
4919	276.64999
4920	276.54999
4921	276.54999
4922	276.44
4923	276.53
4924	276.54999
4925	276.63
4926	276.72
4927	276.73999
4928	276.73999
4929	276.76001
4930	276.76001
4931	276.76001
4932	276.69
4933	276.69
4934	276.64999
4935	276.64999
4936	276.69
4937	276.67001
4938	276.67001
4939	276.69
4940	276.69
4941	276.82001
4942	276.85999
4943	277.13
4944	277.03
4945	277.03
4946	276.84
4947	276.97
4948	276.85999
4949	276.67001
4950	276.59
4951	276.67001
4952	276.60999
4953	276.59
4954	276.51001
4955	276.45999
4956	276.45999
4957	276.38
4958	276.32001
4959	276.17001
4960	276.17001
4961	276.10999
4962	276
4963	276.09
4964	276.03
4965	276
4966	276
4967	276
4968	276.23001
4969	276.19
4970	276.23001
4971	276.29999
4972	276.23001
4973	276.10999
4974	276.10999
4975	276.13
4976	276.10999
4977	276.09
4978	276.14999
4979	276.10999
4980	276.17001
4981	276.14999
4982	276.10999
4983	276.10999
4984	276.13
4985	276.14999
4986	276.09
4987	276.13
4988	275.95999
4989	275.94
4990	275.88
4991	275.79999
4992	275.79999
4993	275.88
4994	275.79999
4995	275.76999
4996	275.82001
4997	275.75
4998	275.59
4999	275.59
5000	275.35999
5001	275.25
5002	275.19
5003	274.95999
5004	274.67001
5005	274.35001
5006	274.35001
5007	273.89001
5008	273.81
5009	273.73001
5010	273.54001
5011	273.42999
5012	273.39001
5013	273.29001
5014	273.14001
5015	273.14001
5016	272.98999
5017	272.72
5018	272.60001
5019	271.79999
5020	271.35999
5021	269.51999
5022	268.82999
5023	267.32999
5024	265.64999
5025	264.89999
5026	263.29001
5027	262.60001
5028	260.82001
5029	259.54999
5030	258.42001
5031	258.42001
5032	257.01999
5033	256.41
5034	256.16
5035	255.84
5036	255.67999
5037	255.72
5038	255.72
5039	255.91
5040	256.22
5041	256.37
5042	256.81
5043	257.25
5044	257.48001
5045	257.73001
5046	258.44
5047	258.76999
5048	258.92001
5049	259.23001
5050	259.67001
5051	259.79999
5052	259.92001
5053	260.57001
5054	260.67999
5055	261.04999
5056	261.39001
5057	261.64001
5058	261.91
5059	262.07999
5060	262.26001
5061	262.41
5062	262.62
5063	262.62
5064	262.95999
5065	263.07999
5066	263.14001
5067	263.10001
5068	263.25
5069	263.31
5070	263.31
5071	263.39001
5072	263.54001
5073	263.54001
5074	263.64999
5075	263.76999
5076	263.92001
5077	263.92001
5078	264.13
5079	264.10999
5080	264.17001
5081	264.19
5082	264.07999
5083	264.19
5084	264.13
5085	264.14999
5086	264.13
5087	264.34
5088	264.34
5089	264.5
5090	264.48001
5091	264.51999
5092	264.64999
5093	264.63
5094	264.69
5095	264.75
5096	264.70999
5097	264.79999
5098	264.79999
5099	264.94
5100	264.92001
5101	264.88
5102	264.88
5103	264.94
5104	264.92001
5105	264.89999
5106	264.98001
5107	265.03
5108	264.94
5109	264.94
5110	265.04999
5111	265.10999
5112	265.17001
5113	265.14999
5114	265.10999
5115	265.17001
5116	265.14999
5117	265.23001
5118	265.26001
5119	265.32001
5120	265.42001
5121	265.38
5122	265.32001
5123	265.29999
5124	265.20999
5125	265.23001
5126	265.14999
5127	265.19
5128	265.26001
5129	265.23001
5130	265.13
5131	265.20999
5132	265.20999
5133	265.20999
5134	265.28
5135	265.28
5136	265.17001
5137	265.13
5138	265.09
5139	265.09
5140	265.04999
5141	265.04999
5142	264.94
5143	264.95999
5144	264.98001
5145	264.94
5146	264.94
5147	264.94
5148	264.94
5149	265.04999
5150	265.13
5151	265.10999
5152	265.10999
5153	265.10999
5154	265.10999
5155	265.20999
5156	265.29999
5157	265.32001
5158	265.29999
5159	265.20999
5160	265.23001
5161	265.19
5162	265.23001
5163	265.13
5164	265.19
5165	265.23001
5166	265.17001
5167	265.26001
5168	265.26001
5169	265.19
5170	265.20999
5171	265.29999
5172	265.28
5173	265.28
5174	265.10999
5175	265.13
5176	265.13
5177	265.17001
5178	265.19
5179	265.26001
5180	265.26001
5181	265.26001
5182	265.34
5183	265.29999
5184	265.26001
5185	265.28
5186	265.23001
5187	265.23001
5188	265.23001
5189	265.17001
5190	265.19
5191	265.13
5192	265.23001
5193	265.26001
5194	265.32001
5195	265.28
5196	265.28
5197	265.28
5198	265.35999
5199	265.39999
5200	265.35999
5201	265.39999
5202	265.51001
5203	265.51001
5204	265.51001
5205	265.53
5206	265.51001
5207	265.44
5208	265.57001
5209	265.53
5210	265.63
5211	265.57001
5212	265.57001
5213	265.60999
5214	265.51001
5215	265.51001
5216	265.48999
5217	265.48999
5218	265.42001
5219	265.42001
5220	265.35999
5221	265.26001
5222	265.29999
5223	265.23001
5224	265.29999
5225	265.23001
5226	265.26001
5227	265.26001
5228	265.20999
5229	265.34
5230	265.19
5231	265.19
5232	265.19
5233	265.26001
5234	265.38
5235	265.35999
5236	265.35999
5237	265.39999
5238	265.42001
5239	265.44
5240	265.35999
5241	265.44
5242	265.57001
5243	265.48999
5244	265.48999
5245	265.38
5246	265.34
5247	265.38
5248	265.26001
5249	265.26001
5250	265.26001
5251	265.26001
5252	265.34
5253	265.42001
5254	265.32001
5255	265.28
5256	265.26001
5257	265.32001
5258	265.32001
5259	265.34
5260	265.44
5261	265.53
5262	265.63
5263	265.53
5264	265.60999
5265	265.53
5266	265.51001
5267	265.44
5268	265.42001
5269	265.48999
5270	265.48999
5271	265.48999
5272	265.42001
5273	265.39999
5274	265.42001
5275	265.32001
5276	265.29999
5277	265.20999
5278	265.17001
5279	265.19
5280	265.13
5281	265.19
5282	265.17001
5283	265.17001
5284	265.26001
5285	265.20999
5286	265.17001
5287	265.07001
5288	265.04999
5289	264.98001
5290	264.98001
5291	264.89999
5292	264.88
5293	264.92001
5294	264.85999
5295	264.95999
5296	264.95999
5297	264.94
5298	264.95999
5299	264.92001
5300	265.03
5301	265.17001
5302	265.54999
5303	265.79999
5304	266.01001
5305	266.79999
5306	267.23999
5307	268.10001
5308	268.69
5309	269.01999
5310	269.64999
5311	269.85999
5312	270.39999
5313	270.88
5314	271.32001
5315	271.32001
5316	271.92999
5317	272.09
5318	272.10999
5319	272.20001
5320	272.20001
5321	272.34
5322	272.34
5323	272.78
5324	273.04001
5325	273.04001
5326	272.97
5327	273.01001
5328	273.06
5329	273.06
5330	273.32999
5331	273.5
5332	273.57999
5333	273.60001
5334	273.67999
5335	273.67999
5336	273.76999
5337	273.82999
5338	273.82999
5339	273.89001
5340	274
5341	273.92999
5342	273.98001
5343	273.89001
5344	273.82999
5345	273.76999
5346	273.70001
5347	273.75
5348	273.76999
5349	273.73001
5350	273.85001
5351	273.81
5352	273.89001
5353	273.98001
5354	273.98001
5355	274.07999
5356	274.14001
5357	274.19
5358	274.25
5359	274.23001
5360	274.25
5361	274.25
5362	274.19
5363	274.16
5364	274.16
5365	274.14001
5366	274.23001
5367	274.19
5368	274.23001
5369	274.39001
5370	274.32999
5371	274.29001
5372	274.12
5373	273.92999
5374	274.06
5375	273.89001
5376	274.01999
5377	274.06
5378	273.98001
5379	273.98001
5380	273.95999
5381	274.06
5382	274.14001
5383	274.16
5384	274.20999
5385	274.07999
5386	274.06
5387	274.01999
5388	274.06
5389	273.95999
5390	273.91
5391	273.91
5392	273.82999
5393	273.82999
5394	273.98001
5395	274
5396	274.06
5397	274.07999
5398	274.20999
5399	274.20999
5400	274.20999
5401	274.04001
5402	274.01999
5403	274.04001
5404	273.98001
5405	274.25
5406	274.26999
5407	274.39001
5408	274.5
5409	274.45999
5410	274.20999
5411	274.20999
5412	274.14001
5413	274.12
5414	274.12
5415	274.20999
5416	274.25
5417	274.25
5418	274.06
5419	274.14001
5420	274.06
5421	274
5422	273.85001
5423	273.79001
5424	273.66
5425	273.66
5426	273.75
5427	273.73001
5428	273.67999
5429	273.62
5430	273.54001
5431	273.47
5432	273.47
5433	273.45001
5434	273.42999
5435	273.54001
5436	273.62
5437	273.64001
5438	273.64001
5439	273.64001
5440	273.62
5441	273.64001
5442	273.75
5443	273.66
5444	273.73001
5445	273.75
5446	273.76999
5447	273.75
5448	273.75
5449	273.79001
5450	273.87
5451	273.85001
5452	274.04001
5453	274.10001
5454	274.10001
5455	274
5456	274.16
5457	274.14001
5458	274.14001
5459	274.12
5460	274.01999
5461	273.89001
5462	273.87
5463	273.82999
5464	273.82999
5465	273.98001
5466	273.98001
5467	274.01999
5468	273.95999
5469	273.89001
5470	273.92999
5471	273.92999
5472	273.64001
5473	273.37
5474	273.22
5475	273.01001
5476	272.85001
5477	272.73999
5478	272.51001
5479	272.07001
5480	271.91
5481	271.70001
5482	271.53
5483	271.47
5484	271.48999
5485	271.47
5486	271.35999
5487	271.26001
5488	271.19
5489	270.94
5490	270.88
5491	270.45999
5492	270.14999
5493	269.32999
5494	268.23001
5495	266.79999
5496	266.79999
5497	264.14999
5498	262.35001
5499	261.41
5500	259.53
5501	257.87
5502	256.45001
5503	256.45001
5504	254.8
5505	254.03
5506	253.75
5507	253.31
5508	253.19
5509	253.17
5510	253.17
5511	253.42
5512	253.8
5513	253.88
5514	254.3
5515	254.8
5516	255.03
5517	255.38
5518	256.17999
5519	256.41
5520	256.82999
5521	257.26999
5522	257.62
5523	257.98001
5524	258.20999
5525	258.57999
5526	258.84
5527	259.25
5528	259.64999
5529	259.67001
5530	260.04999
5531	260.09
5532	260.38
5533	260.53
5534	260.73999
5535	260.73999
5536	261.01001
5537	261.22
5538	261.26001
5539	261.41
5540	261.64001
5541	261.79999
5542	261.79999
5543	262.06
5544	262.22
5545	262.26001
5546	262.37
5547	262.51999
5548	262.60001
5549	262.60001
5550	262.82999
5551	262.85001
5552	263
5553	262.98001
5554	263.01999
5555	263.06
5556	263.12
5557	263.26999
5558	263.39001
5559	263.44
5560	263.51999
5561	263.54001
5562	263.51999
5563	263.57999
5564	263.62
5565	263.69
5566	263.79001
5567	263.79001
5568	263.81
5569	263.85001
5570	263.81
5571	263.76999
5572	263.67001
5573	263.73001
5574	263.73001
5575	263.88
5576	264
5577	263.95999
5578	264.06
5579	264.20999
5580	264.14999
5581	264.14999
5582	264.17001
5583	264.17001
5584	264.14999
5585	264.14999
5586	264.13
5587	264.13
5588	264.07999
5589	264.19
5590	264.25
5591	264.20999
5592	264.20999
5593	264.25
5594	264.31
5595	264.19
5596	264.17001
5597	264.20999
5598	264.26999
5599	264.23001
5600	264.31
5601	264.34
5602	264.38
5603	264.45999
5604	264.48001
5605	264.5
5606	264.5
5607	264.45999
5608	264.44
5609	264.38
5610	264.38
5611	264.38
5612	264.42001
5613	264.42001
5614	264.42001
5615	264.39999
5616	264.35999
5617	264.39999
5618	264.45999
5619	264.38
5620	264.42001
5621	264.29001
5622	264.35999
5623	264.35999
5624	264.42001
5625	264.44
5626	264.39999
5627	264.42001
5628	264.51999
5629	264.51999
5630	264.51999
5631	264.70999
5632	264.64999
5633	264.67001
5634	264.64999
5635	264.60999
5636	264.54001
5637	264.51999
5638	264.51999
5639	264.51999
5640	264.51999
5641	264.54001
5642	264.45999
5643	264.45999
5644	264.5
5645	264.5
5646	264.57001
5647	264.67001
5648	264.54001
5649	264.57001
5650	264.51999
5651	264.59
5652	264.59
5653	264.59
5654	264.69
5655	264.70999
5656	264.59
5657	264.45999
5658	264.44
5659	264.5
5660	264.51999
5661	264.45999
5662	264.44
5663	264.54001
5664	264.54001
5665	264.51999
5666	264.54001
5667	264.64999
5668	264.63
5669	264.60999
5670	264.64999
5671	264.64999
5672	264.63
5673	264.69
5674	264.60999
5675	264.42001
5676	264.44
5677	264.44
5678	264.60999
5679	264.64999
5680	264.63
5681	264.69
5682	264.75
5683	264.82001
5684	264.82001
5685	264.75
5686	264.75
5687	264.85999
5688	264.79999
5689	264.82001
5690	264.84
5691	264.92001
5692	264.76999
5693	264.85999
5694	264.67001
5695	264.73001
5696	264.76999
5697	264.73001
5698	264.75
5699	264.84
5700	264.82001
5701	264.82001
5702	264.69
5703	264.73001
5704	264.69
5705	264.73001
5706	264.67001
5707	264.69
5708	264.67001
5709	264.79999
5710	264.84
5711	264.85999
5712	264.94
5713	264.98001
5714	265.04999
5715	264.94
5716	264.94
5717	264.89999
5718	264.89999
5719	264.94
5720	264.89999
5721	264.76999
5722	264.69
5723	264.69
5724	264.60999
5725	264.69
5726	264.67001
5727	264.70999
5728	264.69
5729	264.75
5730	264.73001
5731	264.79999
5732	264.79999
5733	264.89999
5734	264.89999
5735	264.92001
5736	264.95999
5737	264.92001
5738	264.84
5739	264.79999
5740	264.84
5741	264.73001
5742	264.75
5743	264.64999
5744	264.67001
5745	264.69
5746	264.70999
5747	264.75
5748	264.75
5749	264.79999
5750	264.79999
5751	264.67001
5752	264.70999
5753	264.69
5754	264.76999
5755	264.76999
5756	264.75
5757	264.73001
5758	264.70999
5759	264.84
5760	264.88
5761	264.79999
5762	264.79999
5763	264.88
5764	264.84
5765	264.75
5766	264.64999
5767	264.63
5768	264.63
5769	264.57001
5770	264.60999
5771	264.60999
5772	264.48001
5773	264.5
5774	264.60999
5775	264.89999
5776	265.19
5777	266.34
5778	266.79999
5779	267.39001
5780	268.04001
5781	268.26999
5782	268.69
5783	268.94
5784	269.56
5785	270.14999
5786	270.53
5787	270.53
5788	271.19
5789	271.67999
5790	271.84
5791	272.04999
5792	272.14001
5793	272.28
5794	272.28
5795	272.53
5796	272.70001
5797	272.78
5798	272.92999
5799	273.14001
5800	273.32999
5801	273.26999
5802	273.39001
5803	273.42999
5804	273.41
5805	273.42999
5806	273.37
5807	273.35001
5808	273.42999
5809	273.56
5810	273.56
5811	273.57999
5812	273.54001
5813	273.70001
5814	273.57999
5815	273.66
5816	273.56
5817	273.56
5818	273.54001
5819	273.54001
5820	273.62
5821	273.75
5822	273.79001
5823	273.75
5824	273.76999
5825	273.70001
5826	273.70001
5827	273.70001
5828	273.67999
5829	273.75
5830	273.67999
5831	273.64001
5832	273.79001
5833	273.79001
5834	273.76999
5835	273.70001
5836	273.75
5837	273.76999
5838	273.95999
5839	273.89001
5840	273.95999
5841	274.01999
5842	274.07999
5843	274.01999
5844	273.92999
5845	274.04001
5846	274.14001
5847	274.20999
5848	274.16
5849	274.12
5850	274.07999
5851	274.04001
5852	274.10001
5853	274.16
5854	274.19
5855	274.10001
5856	274
5857	274
5858	274
5859	274
5860	274.07999
5861	274.01999
5862	273.98001
5863	273.98001
5864	274
5865	274
5866	273.92999
5867	273.92999
5868	273.89001
5869	274.06
5870	274.06
5871	274.07999
5872	274.10001
5873	274.04001
5874	274
5875	273.95999
5876	274.04001
5877	273.92999
5878	273.85001
5879	273.85001
5880	274.06
5881	274.04001
5882	274.04001
5883	274.06
5884	274.12
5885	274.04001
5886	274.12
5887	274.01999
5888	274.25
5889	274.39001
5890	274.39001
5891	274.35001
5892	274.19
5893	274.23001
5894	274.07999
5895	274.23001
5896	274.20999
5897	274.20999
5898	274.06
5899	274.14001
5900	274.04001
5901	274.14001
5902	274.01999
5903	274.16
5904	274.16
5905	274.16
5906	274.14001
5907	274.12
5908	274.07999
5909	274.23001
5910	274.16
5911	274.14001
5912	274.14001
5913	274.16
5914	274.10001
5915	274.01999
5916	274
5917	273.89001
5918	273.85001
5919	273.82999
5920	273.82999
5921	273.91
5922	273.95999
5923	274.12
5924	274.12
5925	274.32999
5926	274.37
5927	274.44
5928	274.39001
5929	274.39001
5930	274.35001
5931	274.26999
5932	274.23001
5933	274.23001
5934	274.16
5935	274.14001
5936	274.14001
5937	274.16
5938	274.06
5939	274.19
5940	274.14001
5941	274.16
5942	274.10001
5943	274.04001
5944	273.98001
5945	273.85001
5946	273.76999
5947	273.51999
5948	273.07999
5949	272.98999
5950	272.82999
5951	272.16
5952	272.07001
5953	271.76001
5954	271.53
5955	271.32001
5956	271.19
5957	271.10999
5958	271.01001
5959	270.94
5960	270.89999
5961	270.73001
5962	270.70999
5963	270.38
5964	270.26999
5965	269.75
5966	269.19
5967	268.20001
5968	268.20001
5969	266.07001
5970	264.42001
5971	263.54001
5972	261.64001
5973	259.70999
5974	258.01999
5975	258.01999
5976	255.75999
5977	254.55
5978	254.09
5979	253.42
5980	253.03999
5981	252.96001
5982	252.83
5983	252.71001
5984	252.78999
5985	252.87
5986	253.25
5987	253.57001
5988	253.67
5989	253.88
5990	254.44
5991	254.69
5992	255.07001
5993	255.55
5994	255.74001
5995	256.14001
5996	256.42999
5997	256.82999
5998	257.29001
5999	257.64001
6000	257.64001
6001	258.20999
6002	258.56
6003	258.79001
6004	259.13
6005	259.39999
6006	259.57001
6007	259.57001
6008	260.07001
6009	260.22
6010	260.35999
6011	260.51001
6012	260.59
6013	260.76001
6014	260.76001
6015	261.03
6016	261.20001
6017	261.20001
6018	261.26001
6019	261.34
6020	261.41
6021	261.51001
6022	261.67999
6023	261.82999
6024	261.91
6025	262.01001
6026	262.03
6027	262.22
6028	262.16
6029	262.23999
6030	262.26001
6031	262.42999
6032	262.37
6033	262.42999
6034	262.42999
6035	262.45001
6036	262.42999
6037	262.47
6038	262.54001
6039	262.54001
6040	262.75
6041	262.81
6042	262.75
6043	262.98001
6044	263.07999
6045	263.01999
6046	263.01999
6047	263.04001
6048	263
6049	263.06
6050	263.01999
6051	263.06
6052	263.06
6053	263.07999
6054	263.20999
6055	263.19
6056	263.37
6057	263.45999
6058	263.45999
6059	263.42001
6060	263.35001
6061	263.44
6062	263.45999
6063	263.5
6064	263.60001
6065	263.54001
6066	263.62
6067	263.45999
6068	263.32999
6069	263.35001
6070	263.35001
6071	263.35001
6072	263.39001
6073	263.48001
6074	263.5
6075	263.51999
6076	263.57999
6077	263.48001
6078	263.48001
6079	263.64999
6080	263.51999
6081	263.56
6082	263.56
6083	263.56
6084	263.64999
6085	263.64999
6086	263.70999
6087	263.67001
6088	263.81
6089	263.76999
6090	263.85001
6091	263.81
6092	263.82999
6093	263.76999
6094	263.85001
6095	263.73001
6096	263.73001
6097	263.70999
6098	263.69
6099	263.67001
6100	263.67001
6101	263.56
6102	263.57999
6103	263.54001
6104	263.5
6105	263.60001
6106	263.48001
6107	263.60001
6108	263.69
6109	263.56
6110	263.56
6111	263.48001
6112	263.45999
6113	263.44
6114	263.62
6115	263.69
6116	263.75
6117	263.75
6118	263.88
6119	263.88
6120	263.89999
6121	263.92001
6122	263.81
6123	263.89999
6124	263.92001
6125	263.92001
6126	263.92001
6127	263.89999
6128	263.85001
6129	263.88
6130	263.88
6131	263.85001
6132	263.81
6133	263.76999
6134	263.76999
6135	263.81
6136	263.81
6137	263.79001
6138	263.79001
6139	263.75
6140	263.75
6141	263.76999
6142	263.76999
6143	263.81
6144	263.85001
6145	263.92001
6146	263.94
6147	263.92001
6148	263.88
6149	263.88
6150	263.79001
6151	263.70999
6152	263.82999
6153	263.82999
6154	263.89999
6155	263.89999
6156	263.89999
6157	263.85001
6158	263.79001
6159	263.85001
6160	263.92001
6161	263.95999
6162	263.94
6163	263.98001
6164	263.98001
6165	264.04001
6166	264.10999
6167	264.13
6168	264.07999
6169	264.17001
6170	264.23001
6171	264.23001
6172	264.34
6173	264.38
6174	264.39999
6175	264.38
6176	264.48001
6177	264.51999
6178	264.60999
6179	264.82001
6180	264.95999