1	275.7099915
2	275.7099915
3	275.6700134
4	275.6099854
5	275.6099854
6	275.6099854
7	275.6499939
8	275.6499939
9	275.6499939
10	275.6499939
11	275.6099854
12	275.6300049
13	275.6099854
14	275.7099915
15	275.6499939
16	275.6300049
17	275.5899963
18	275.5700073
19	275.5899963
20	275.519989
21	275.5899963
22	275.5899963
23	275.6499939
24	275.7099915
25	275.769989
26	275.75
27	275.8599854
28	275.75
29	275.75
30	275.7999878
31	275.7999878
32	275.8399963
33	275.8800049
34	275.8399963
35	275.7999878
36	275.7999878
37	275.8200073
38	275.8200073
39	275.7999878
40	275.7999878
41	275.8200073
42	275.9200134
43	275.9200134
44	275.9400024
45	276.0299988
46	275.980011
47	275.980011
48	276.0700073
49	276.0299988
50	276
51	275.980011
52	275.9400024
53	275.8399963
54	275.8999939
55	275.9200134
56	275.8800049
57	275.8599854
58	275.8999939
59	275.8999939
60	275.8200073
61	275.8200073
62	275.8599854
63	275.9599915
64	275.980011
65	275.9599915
66	275.980011
67	275.9200134
68	275.7999878
69	275.8399963
70	275.8399963
71	275.7999878
72	275.7999878
73	275.8399963
74	275.980011
75	276
76	275.8999939
77	275.8999939
78	275.7999878
79	275.7999878
80	275.8200073
81	275.8399963
82	275.9200134
83	275.9400024
84	275.9599915
85	275.980011
86	275.9599915
87	275.9200134
88	275.980011
89	275.980011
90	275.8800049
91	275.8200073
92	275.8200073
93	275.8800049
94	275.769989
95	275.8200073
96	275.7999878
97	275.8399963
98	275.8200073
99	275.8800049
100	276.0299988
101	276.1499939
102	276.1499939
103	276.2600098
104	276.4200134
105	276.4599915
106	276.6499939
107	276.9200134
108	277.3399963
109	277.3399963
110	277.9700012
111	278.4700012
112	278.6799927
113	279.1600037
114	279.5799866
115	279.6400146
116	279.8299866
117	280.0799866
118	280.3099976
119	280.4400024
120	280.75
121	280.8800049
122	280.8599854
123	280.9200134
124	280.9200134
125	280.8999939
126	281.0400085
127	281.1099854
128	281.0899963
129	281.0899963
130	281.0400085
131	281.1099854
132	281.2099915
133	281.2099915
134	281.2099915
135	281.2099915
136	281.269989
137	281.2999878
138	281.3999939
139	281.5299988
140	281.5899963
141	281.5899963
142	281.5899963
143	281.6099854
144	281.6099854
145	281.6099854
146	281.5899963
147	281.6900024
148	281.6900024
149	281.8200073
150	281.8200073
151	281.7799988
152	281.7999878
153	281.7099915
154	281.730011
155	281.8200073
156	281.8999939
157	281.9200134
158	281.8399963
159	281.8800049
160	281.8399963
161	281.8599854
162	281.8599854
163	281.9200134
164	281.8999939
165	282.0100098
166	281.9200134
167	281.8599854
168	281.8200073
169	281.7999878
170	281.8399963
171	281.8999939
172	281.8800049
173	281.8800049
174	281.8999939
175	281.8800049
176	281.9400024
177	281.9899902
178	281.9899902
179	282.0499878
180	282.0499878
181	282.0899963
182	282.0899963
183	282.1099854
184	282.2200012
185	282.2000122
186	282.1499939
187	282.1499939
188	282.0299988
189	282.1499939
190	282.0899963
191	282.1099854
192	282.0700073
193	282.1300049
194	282.0899963
195	282.1099854
196	282.1099854
197	282.1499939
198	282.1099854
199	282.2000122
200	282.2200012
201	282.2000122
202	282.1300049
203	282.0899963
204	282.1300049
205	282.1099854
206	282.1099854
207	282.1499939
208	282.2000122
209	282.1700134
210	282.2200012
211	282.2600098
212	282.2600098
213	282.3399963
214	282.3599854
215	282.3599854
216	282.2999878
217	282.1700134
218	282.1099854
219	282.1099854
220	282.1499939
221	282.1700134
222	282.1499939
223	282.1700134
224	282.1499939
225	282.1300049
226	282.1300049
227	282.1499939
228	282.1499939
229	282.2000122
230	282.0899963
231	282.1099854
232	282.1300049
233	282.1700134
234	282.1499939
235	282.1700134
236	282.2200012
237	282.2000122
238	282.1099854
239	282.1300049
240	282.1499939
241	282.2399902
242	282.2399902
243	282.2399902
244	282.2399902
245	282.2200012
246	282.1300049
247	282.1700134
248	282.2999878
249	282.3200073
250	282.3200073
251	282.3200073
252	282.3200073
253	282.2200012
254	282.2999878
255	282.2999878
256	282.3200073
257	282.3399963
258	282.3399963
259	282.3599854
260	282.3599854
261	282.3599854
262	282.2999878
263	282.3399963
264	282.2200012
265	282.2399902
266	282.2000122
267	282.2200012
268	282.2399902
269	282.2000122
270	282.1499939
271	282.1499939
272	282.1700134
273	282.2999878
274	282.2999878
275	282.3200073
276	282.1099854
277	281.9599915
278	281.7099915
279	281.6499939
280	281.5
281	281.4599915
282	281.4200134
283	281.4200134
284	281.3999939
285	281.3800049
286	281.3599854
287	281.3599854
288	281.1300049
289	280.5
290	280.5
291	279
292	276.8599854
293	275.7099915
294	273.5599976
295	271.5299988
296	270.4599915
297	269.480011
298	266.9299927
299	265.7200012
300	265.2799988
301	264.7999878
302	264.6700134
303	264.7099915
304	264.8200073
305	265.7600098
306	266.0899963
307	266.7600098
308	267.6199951
309	268.0599976
310	268.75
311	269.1199951
312	269.769989
313	270.230011
314	270.8800049
315	270.8800049
316	271.4899902
317	271.8200073
318	271.8599854
319	272.1099854
320	272.2999878
321	272.5299988
322	272.5299988
323	272.8099976
324	272.9700012
325	273.1000061
326	273.3299866
327	273.5799866
328	273.7000122
329	273.7000122
330	273.8099976
331	273.8500061
332	273.8500061
333	273.9100037
334	274.0599976
335	274.1600037
336	274.25
337	274.3500061
338	274.4200134
339	274.519989
340	274.6199951
341	274.6499939
342	274.730011
343	274.5799866
344	274.730011
345	274.7900085
346	274.8299866
347	274.8800049
348	274.8800049
349	275.019989
350	275.1099854
351	275.1499939
352	275.1700134
353	275.2099915
354	275.2099915
355	275.1900024
356	275.1900024
357	275.1700134
358	275.1300049
359	275.1499939
360	275.2099915
361	275.2099915
362	275.3099976
363	275.2900085
364	275.4200134
365	275.4400024
366	275.4200134
367	275.4200134
368	275.3999939
369	275.480011
370	275.480011
371	275.4400024
372	275.4200134
373	275.5
374	275.480011
375	275.5700073
376	275.519989
377	275.519989
378	275.4599915
379	275.4200134
380	275.4200134
381	275.480011
382	275.519989
383	275.5899963
384	275.6900024
385	275.6099854
386	275.5
387	275.4400024
388	275.4400024
389	275.4200134
390	275.5
391	275.519989
392	275.5
393	275.5
394	275.5899963
395	275.6099854
396	275.6499939
397	275.6099854
398	275.6099854
399	275.5899963
400	275.5899963
401	275.5400085
402	275.5400085
403	275.5700073
404	275.5899963
405	275.5400085
406	275.5700073
407	275.6099854
408	275.6300049
409	275.5899963
410	275.5899963
411	275.6300049
412	275.5700073
413	275.5700073
414	275.5400085
415	275.5700073
416	275.5899963
417	275.5899963
418	275.5899963
419	275.5400085
420	275.5700073
421	275.5899963
422	275.5899963
423	275.5700073
424	275.5700073
425	275.5700073
426	275.4599915
427	275.480011
428	275.4599915
429	275.4400024
430	275.519989
431	275.5
432	275.5
433	275.4599915
434	275.3099976
435	275.3999939
436	275.3999939
437	275.5
438	275.5400085
439	275.519989
440	275.6300049
441	275.6499939
442	275.6700134
443	275.6300049
444	275.6099854
445	275.6099854
446	275.6099854
447	275.6700134
448	275.730011
449	275.730011
450	275.6900024
451	275.6900024
452	275.6900024
453	275.6900024
454	275.6300049
455	275.6700134
456	275.6099854
457	275.6099854
458	275.6300049
459	275.6099854
460	275.5
461	275.5400085
462	275.6300049
463	275.6099854
464	275.6099854
465	275.5700073
466	275.4400024
467	275.5400085
468	275.5700073
469	275.5400085
470	275.5899963
471	275.5899963
472	275.6300049
473	275.6700134
474	275.6700134
475	275.6499939
476	275.5700073
477	275.5700073
478	275.5400085
479	275.4599915
480	275.4400024
481	275.4599915
482	275.519989
483	275.4400024
484	275.480011
485	275.519989
486	275.6099854
487	275.5899963
488	275.6499939
489	275.6499939
490	275.6300049
491	275.5700073
492	275.5
493	275.519989
494	275.519989
495	275.6499939
496	275.6499939
497	275.6900024
498	275.6300049
499	275.5400085
500	275.5700073
501	275.519989
502	275.5
503	275.5
504	275.6499939
505	275.6900024
506	275.7099915
507	275.7099915
508	275.769989
509	275.8200073
510	275.8200073
511	275.8200073
512	275.8999939
513	275.8999939
514	275.8999939
515	275.9200134
516	275.9400024
517	275.8999939
518	275.8599854
519	275.8399963
520	275.769989
521	275.75
522	275.769989
523	275.8200073
524	275.8399963
525	275.7999878
526	275.8999939
527	275.7999878
528	275.730011
529	275.769989
530	275.769989
531	275.769989
532	275.75
533	275.6099854
534	275.5700073
535	275.5700073
536	275.6099854
537	275.5700073
538	275.5700073
539	275.519989
540	275.5700073
541	275.5899963
542	275.5899963
543	275.6499939
544	275.6700134
545	275.75
546	275.769989
547	275.730011
548	275.6900024
549	275.75
550	275.6900024
551	275.6700134
552	275.769989
553	275.75
554	275.8399963
555	275.8999939
556	275.8800049
557	275.8200073
558	275.8599854
559	275.75
560	275.7999878
561	275.769989
562	275.7099915
563	275.730011
564	275.75
565	275.8599854
566	275.9200134
567	275.9200134
568	275.8599854
569	275.9200134
570	275.9400024
571	275.9599915
572	276.0299988
573	276.1700134
574	276.1700134
575	276.1300049
576	276.1900024
577	276.230011
578	276.4899902
579	276.6300049
580	276.7399902
581	276.7399902
582	277.2999878
583	277.8500061
584	277.9899902
585	278.5400085
586	278.9299927
587	279.1799927
588	279.3099976
589	279.7900085
590	279.8500061
591	280.1199951
592	280.2900085
593	280.3500061
594	280.5400085
595	280.6900024
596	280.8800049
597	280.8999939
598	281.0899963
599	281.0899963
600	281.0899963
601	281
602	281
603	281.019989
604	281.0899963
605	281.230011
606	281.230011
607	281.3399963
608	281.4400024
609	281.4599915
610	281.5
611	281.5299988
612	281.6099854
613	281.6099854
614	281.5899963
615	281.6300049
616	281.730011
617	281.6499939
618	281.7099915
619	281.6900024
620	281.730011
621	281.7999878
622	281.7600098
623	281.6900024
624	281.6900024
625	281.7600098
626	281.7999878
627	281.8399963
628	281.8999939
629	281.9400024
630	281.8999939
631	281.9200134
632	281.8599854
633	281.8800049
634	281.8800049
635	282.0100098
636	282.0499878
637	281.9899902
638	281.9899902
639	281.9899902
640	281.8800049
641	281.8999939
642	281.9899902
643	282.0299988
644	282.1099854
645	282.1099854
646	282.1099854
647	282.1099854
648	282.0899963
649	282.0700073
650	282.1099854
651	282.0700073
652	282.0700073
653	281.9400024
654	282.1099854
655	282.2200012
656	282.1499939
657	282.2200012
658	282.2000122
659	282.2000122
660	282.0899963
661	282.0299988
662	282.0499878
663	282.1099854
664	282.1499939
665	282.2200012
666	282.1300049
667	282.0700073
668	282.0899963
669	282.2000122
670	282.1300049
671	282.1300049
672	282.1499939
673	282.2200012
674	282.1300049
675	282.1499939
676	282.1499939
677	282.1499939
678	282.0100098
679	282.0299988
680	282.1099854
681	282.1300049
682	282.1499939
683	282.0499878
684	282.0499878
685	282.0700073
686	282.1300049
687	282.0899963
688	282.1300049
689	282.0700073
690	282.0899963
691	282.0700073
692	282.0700073
693	282.0299988
694	281.9899902
695	282.0499878
696	282.1300049
697	282.1499939
698	282.1499939
699	282.2600098
700	282.2799988
701	282.2600098
702	282.2600098
703	282.1700134
704	282.1499939
705	282.2000122
706	282.2799988
707	282.2200012
708	282.1499939
709	282.2399902
710	282.2999878
711	282.2600098
712	282.2200012
713	282.2799988
714	282.2000122
715	282.2999878
716	282.2999878
717	282.2200012
718	282.2200012
719	282.1499939
720	282.2600098
721	282.2200012
722	282.2399902
723	282.2399902
724	282.2600098
725	282.3200073
726	282.2999878
727	282.2600098
728	282.2799988
729	282.2600098
730	282.2399902
731	282.2200012
732	282.2999878
733	282.2399902
734	282.2799988
735	282.2600098
736	282.2200012
737	282.1700134
738	282.2399902
739	282.2600098
740	282.3200073
741	282.2600098
742	282.2399902
743	282.2600098
744	282.2200012
745	282.2200012
746	282.2000122
747	282.2000122
748	282.2000122
749	282.1499939
750	281.8800049
751	281.7600098
752	281.3800049
753	281.3200073
754	281.230011
755	281.230011
756	281.3399963
757	281.2999878
758	281.2999878
759	281.3599854
760	281.269989
761	281.1900024
762	281.1900024
763	280.5
764	279.230011
765	278.2799988
766	276.1300049
767	274.3099976
768	273.269989
769	272.1799927
770	268.75
771	267.8299866
772	266.3399963
773	265.2099915
774	264.8599854
775	264.3800049
776	264.2900085
777	264.6499939
778	264.9400024
779	265.5899963
780	266.2399902
781	266.5100098
782	267.0299988
783	267.3500061
784	268.3099976
785	269.1499939
786	269.8099976
787	269.8099976
788	270.5899963
789	271.0499878
790	271.3200073
791	271.6099854
792	271.9500122
793	272.2600098
794	272.2600098
795	272.5100098
796	272.5299988
797	272.6600037
798	272.9299927
799	273.1799927
800	273.3699951
801	273.4500122
802	273.730011
803	273.8299866
804	273.8500061
805	273.9599915
806	274
807	274.1199951
808	274.1900024
809	274.3500061
810	274.4200134
811	274.4200134
812	274.4599915
813	274.519989
814	274.5799866
815	274.6000061
816	274.75
817	274.8800049
818	275.019989
819	275.019989
820	274.9400024
821	274.9599915
822	274.980011
823	274.980011
824	275.019989
825	275.019989
826	275.019989
827	275.0799866
828	275.2099915
829	275.2099915
830	275.269989
831	275.3399963
832	275.269989
833	275.269989
834	275.3099976
835	275.3399963
836	275.3599854
837	275.3800049
838	275.3099976
839	275.3399963
840	275.269989
841	275.230011
842	275.3099976
843	275.3399963
844	275.3099976
845	275.3599854
846	275.3099976
847	275.3800049
848	275.480011
849	275.3800049
850	275.269989
851	275.3099976
852	275.3099976
853	275.3999939
854	275.4200134
855	275.4599915
856	275.4599915
857	275.4200134
858	275.4200134
859	275.4200134
860	275.3999939
861	275.3999939
862	275.480011
863	275.4599915
864	275.5
865	275.5
866	275.5700073
867	275.480011
868	275.519989
869	275.5
870	275.5
871	275.519989
872	275.5400085
873	275.5400085
874	275.519989
875	275.4599915
876	275.519989
877	275.5899963
878	275.5700073
879	275.6300049
880	275.5700073
881	275.5899963
882	275.5899963
883	275.6099854
884	275.6900024
885	275.6900024
886	275.6700134
887	275.6900024
888	275.730011
889	275.730011
890	275.75
891	275.6499939
892	275.5700073
893	275.5899963
894	275.5
895	275.5400085
896	275.6900024
897	275.6900024
898	275.6700134
899	275.6900024
900	275.6700134
901	275.7099915
902	275.6700134
903	275.5899963
904	275.5899963
905	275.5899963
906	275.5700073
907	275.5700073
908	275.5
909	275.5
910	275.519989
911	275.480011
912	275.5400085
913	275.5700073
914	275.519989
915	275.4200134
916	275.3999939
917	275.480011
918	275.4599915
919	275.4400024
920	275.4400024
921	275.5
922	275.5400085
923	275.5
924	275.5400085
925	275.6700134
926	275.5899963
927	275.6099854
928	275.6700134
929	275.6700134
930	275.5400085
931	275.5400085
932	275.480011
933	275.5700073
934	275.5899963
935	275.6700134
936	275.6700134
937	275.5700073
938	275.519989
939	275.480011
940	275.5400085
941	275.5899963
942	275.6499939
943	275.6300049
944	275.6499939
945	275.6499939
946	275.6300049
947	275.6700134
948	275.6900024
949	275.6499939
950	275.6499939
951	275.6499939
952	275.5400085
953	275.519989
954	275.6099854
955	275.5400085
956	275.6300049
957	275.6099854
958	275.6499939
959	275.5899963
960	275.6099854
961	275.5
962	275.5
963	275.5899963
964	275.5400085
965	275.4400024
966	275.4400024
967	275.480011
968	275.480011
969	275.4599915
970	275.4400024
971	275.4400024
972	275.4599915
973	275.5400085
974	275.5400085
975	275.5400085
976	275.5
977	275.519989
978	275.519989
979	275.4599915
980	275.3599854
981	275.3999939
982	275.4400024
983	275.5700073
984	275.5
985	275.4200134
986	275.4400024
987	275.480011
988	275.480011
989	275.4599915
990	275.480011
991	275.4400024
992	275.5700073
993	275.6099854
994	275.6300049
995	275.5899963
996	275.6300049
997	275.5899963
998	275.5700073
999	275.6300049
1000	275.6300049
1001	275.6700134
1002	275.5899963
1003	275.5899963
1004	275.5400085
1005	275.5
1006	275.4400024
1007	275.4400024
1008	275.519989
1009	275.5400085
1010	275.5700073
1011	275.519989
1012	275.519989
1013	275.5700073
1014	275.5700073
1015	275.5
1016	275.519989
1017	275.5400085
1018	275.480011
1019	275.4599915
1020	275.5
1021	275.5
1022	275.3999939
1023	275.3599854
1024	275.4200134
1025	275.4599915
1026	275.480011
1027	275.5700073
1028	275.519989
1029	275.5
1030	275.480011
1031	275.4599915
1032	275.4599915
1033	275.519989
1034	275.519989
1035	275.5
1036	275.4599915
1037	275.4200134
1038	275.4200134
1039	275.4200134
1040	275.6300049
1041	275.6300049
1042	275.5400085
1043	275.4599915
1044	275.3999939
1045	275.25
1046	275.25
1047	275.4200134
1048	275.519989
1049	275.5400085
1050	275.7999878
1051	275.980011
1052	276.0700073
1053	276.1099854
1054	276.3399963
1055	276.7600098
1056	277.0299988
1057	277.5700073
1058	278.0100098
1059	278.2799988
1060	278.5400085
1061	279.2000122
1062	279.3099976
1063	279.5400085
1064	279.769989
1065	279.8699951
1066	280.1700134
1067	280.269989
1068	280.3800049
1069	280.519989
1070	280.6499939
1071	280.6499939
1072	280.7099915
1073	280.7900085
1074	280.8099976
1075	280.8800049
1076	280.9200134
1077	281
1078	281
1079	281.1700134
1080	281.1700134
1081	281.1300049
1082	281.1700134
1083	281.230011
1084	281.269989
1085	281.269989
1086	281.3800049
1087	281.4200134
1088	281.4599915
1089	281.3599854
1090	281.3999939
1091	281.3399963
1092	281.3800049
1093	281.3599854
1094	281.4599915
1095	281.5499878
1096	281.5
1097	281.4599915
1098	281.4400024
1099	281.5
1100	281.6900024
1101	281.7099915
1102	281.6700134
1103	281.6900024
1104	281.6300049
1105	281.6900024
1106	281.730011
1107	281.7099915
1108	281.730011
1109	281.8599854
1110	281.8599854
1111	281.9400024
1112	281.9599915
1113	281.9599915
1114	281.9599915
1115	281.9400024
1116	281.9200134
1117	281.9200134
1118	281.8800049
1119	281.8399963
1120	281.8599854
1121	281.8999939
1122	281.9400024
1123	281.9899902
1124	282.0100098
1125	282.0100098
1126	282.0499878
1127	282.0499878
1128	282.0100098
1129	281.8999939
1130	281.9200134
1131	281.9200134
1132	282.0299988
1133	282.0299988
1134	281.9599915
1135	281.9599915
1136	281.9400024
1137	282.0700073
1138	282.0899963
1139	282.1300049
1140	282.0499878
1141	282.0700073
1142	282.0700073
1143	281.9899902
1144	281.9899902
1145	281.9400024
1146	282.0499878
1147	282.1499939
1148	282.0899963
1149	282.0899963
1150	282.0299988
1151	281.9599915
1152	281.9899902
1153	281.9400024
1154	281.9899902
1155	281.9200134
1156	281.9200134
1157	281.9400024
1158	282.0299988
1159	282.0100098
1160	281.9599915
1161	282.0299988
1162	282.0100098
1163	282.0499878
1164	282.1099854
1165	282.0700073
1166	282.0899963
1167	282.0100098
1168	281.9899902
1169	281.9899902
1170	282.0299988
1171	282.0100098
1172	282.0100098
1173	282.0299988
1174	281.9899902
1175	282.0100098
1176	281.9899902
1177	282.0100098
1178	282.0100098
1179	282.1300049
1180	282.2000122
1181	282.2000122
1182	282.1700134
1183	282.1099854
1184	282.1499939
1185	282.2200012
1186	282.1300049
1187	281.9899902
1188	281.9899902
1189	282.0700073
1190	281.9899902
1191	282.0700073
1192	282.0299988
1193	282.0299988
1194	281.9899902
1195	281.9899902
1196	282.0899963
1197	282.1499939
1198	282.1700134
1199	282.1700134
1200	282.1499939
1201	282.2000122
1202	282.2600098
1203	282.2600098
1204	282.2000122
1205	282.1300049
1206	282.2000122
1207	282.2200012
1208	282.1700134
1209	282.1499939
1210	282.1700134
1211	282.0499878
1212	282.0700073
1213	282.0100098
1214	282.0499878
1215	282.1700134
1216	282.1300049
1217	282.1700134
1218	282.1499939
1219	282.0899963
1220	282.0899963
1221	282.1099854
1222	282.0700073
1223	281.8999939
1224	281.5899963
1225	281.5499878
1226	281.5299988
1227	281.5299988
1228	281.4599915
1229	281.3800049
1230	281.3800049
1231	281.3599854
1232	281.3200073
1233	281.25
1234	281.25
1235	280.5799866
1236	280.2900085
1237	279.6900024
1238	277.9500122
1239	276.3599854
1240	275.5899963
1241	274.730011
1242	271.4500122
1243	270.3200073
1244	268.3099976
1245	266.6099854
1246	265.9500122
1247	265
1248	264.6700134
1249	264.4400024
1250	264.769989
1251	265.3399963
1252	265.3399963
1253	266.4500122
1254	267.1199951
1255	267.4100037
1256	267.8699951
1257	268.3900146
1258	269.019989
1259	269.019989
1260	269.6900024
1261	270.0899963
1262	270.3800049
1263	270.7999878
1264	271.1900024
1265	271.4899902
1266	271.4899902
1267	271.8599854
1268	272.1099854
1269	272.2600098
1270	272.5100098
1271	272.7200012
1272	272.7200012
1273	272.8500061
1274	273.1400146
1275	273.1400146
1276	273.2399902
1277	273.4299927
1278	273.519989
1279	273.6799927
1280	273.769989
1281	273.8900146
1282	274
1283	273.9599915
1284	274.0799866
1285	274.1400146
1286	274.2099915
1287	274.3099976
1288	274.3900146
1289	274.4200134
1290	274.519989
1291	274.519989
1292	274.6700134
1293	274.6700134
1294	274.6199951
1295	274.5799866
1296	274.6199951
1297	274.6199951
1298	274.6199951
1299	274.6499939
1300	274.730011
1301	274.6900024
1302	274.75
1303	274.8299866
1304	274.8800049
1305	274.8999939
1306	275
1307	275
1308	275.019989
1309	275.019989
1310	275.0799866
1311	275.1099854
1312	275.0799866
1313	275.0400085
1314	275.019989
1315	275.0400085
1316	275.0400085
1317	275
1318	274.980011
1319	275
1320	275.0400085
1321	275.019989
1322	275.019989
1323	275.019989
1324	275.0400085
1325	275.019989
1326	275.0799866
1327	275.1499939
1328	275.1900024
1329	275.1700134
1330	275.1700134
1331	275.2099915
1332	275.1499939
1333	275.1300049
1334	275.1300049
1335	275.1300049
1336	275.1900024
1337	275.1900024
1338	275.1900024
1339	275.2099915
1340	275.25
1341	275.1700134
1342	275.1499939
1343	275.1700134
1344	275.2099915
1345	275.3800049
1346	275.3999939
1347	275.3099976
1348	275.269989
1349	275.2900085
1350	275.3399963
1351	275.3399963
1352	275.3099976
1353	275.3999939
1354	275.4400024
1355	275.4200134
1356	275.4200134
1357	275.4200134
1358	275.3800049
1359	275.3800049
1360	275.3599854
1361	275.25
1362	275.25
1363	275.25
1364	275.230011
1365	275.3099976
1366	275.25
1367	275.230011
1368	275.2099915
1369	275.2099915
1370	275.25
1371	275.3999939
1372	275.3599854
1373	275.3800049
1374	275.3800049
1375	275.4200134
1376	275.4200134
1377	275.3399963
1378	275.4400024
1379	275.4599915
1380	275.4400024
1381	275.4599915
1382	275.3999939
1383	275.4400024
1384	275.480011
1385	275.5
1386	275.4200134
1387	275.519989
1388	275.5400085
1389	275.4400024
1390	275.4599915
1391	275.3399963
1392	275.3800049
1393	275.3800049
1394	275.4400024
1395	275.4400024
1396	275.4400024
1397	275.4599915
1398	275.4200134
1399	275.3599854
1400	275.3399963
1401	275.3399963
1402	275.3599854
1403	275.3800049
1404	275.4200134
1405	275.4200134
1406	275.480011
1407	275.4599915
1408	275.4599915
1409	275.5700073
1410	275.480011
1411	275.5
1412	275.4599915
1413	275.4200134
1414	275.480011
1415	275.4599915
1416	275.6099854
1417	275.6300049
1418	275.6099854
1419	275.6499939
1420	275.6300049
1421	275.6499939
1422	275.6499939
1423	275.6499939
1424	275.6099854
1425	275.6300049
1426	275.6099854
1427	275.5899963
1428	275.6300049
1429	275.6499939
1430	275.6900024
1431	275.6700134
1432	275.6700134
1433	275.6700134
1434	275.6700134
1435	275.730011
1436	275.75
1437	275.7099915
1438	275.6300049
1439	275.5700073
1440	275.5700073
1441	275.5700073
1442	275.6300049
1443	275.6700134
1444	275.5700073
1445	275.5
1446	275.4400024
1447	275.4400024
1448	275.4599915
1449	275.5
1450	275.519989
1451	275.5899963
1452	275.519989
1453	275.5400085
1454	275.519989
1455	275.519989
1456	275.519989
1457	275.6099854
1458	275.5400085
1459	275.5899963
1460	275.5899963
1461	275.6300049
1462	275.5700073
1463	275.5700073
1464	275.480011
1465	275.4200134
1466	275.3599854
1467	275.2900085
1468	275.3399963
1469	275.4400024
1470	275.4599915
1471	275.4200134
1472	275.4200134
1473	275.4400024
1474	275.480011
1475	275.3999939
1476	275.4200134
1477	275.3800049
1478	275.3999939
1479	275.3999939
1480	275.4200134
1481	275.4200134
1482	275.5700073
1483	275.480011
1484	275.5
1485	275.5
1486	275.5
1487	275.4599915
1488	275.4400024
1489	275.5
1490	275.4400024
1491	275.3599854
1492	275.4400024
1493	275.3800049
1494	275.5
1495	275.519989
1496	275.519989
1497	275.5899963
1498	275.5400085
1499	275.5
1500	275.4400024
1501	275.480011
1502	275.480011
1503	275.4599915
1504	275.4599915
1505	275.5
1506	275.519989
1507	275.5
1508	275.5899963
1509	275.519989
1510	275.519989
1511	275.519989
1512	275.5899963
1513	275.6099854
1514	275.6099854
1515	275.5700073
1516	275.5899963
1517	275.6900024
1518	275.6900024
1519	275.6900024
1520	275.7099915
1521	275.7999878
1522	275.7999878
1523	275.9599915
1524	276.0700073
1525	276.1300049
1526	276.3200073
1527	276.3800049
1528	276.6300049
1529	277.0299988
1530	277.2399902
1531	277.7600098
1532	277.9899902
1533	278.5599976
1534	278.8699951
1535	279.2900085
1536	279.6900024
1537	279.8699951
1538	280.019989
1539	280.1199951
1540	280.269989
1541	280.3800049
1542	280.5599976
1543	280.5599976
1544	280.5599976
1545	280.730011
1546	280.7900085
1547	280.8999939
1548	281.019989
1549	281.0700073
1550	281.0700073
1551	281.25
1552	281.25
1553	281.25
1554	281.3599854
1555	281.5
1556	281.3999939
1557	281.4400024
1558	281.4200134
1559	281.5299988
1560	281.5
1561	281.6300049
1562	281.6900024
1563	281.6499939
1564	281.6499939
1565	281.6700134
1566	281.730011
1567	281.7999878
1568	281.730011
1569	281.6900024
1570	281.7799988
1571	281.6900024
1572	281.7600098
1573	281.7799988
1574	281.730011
1575	281.730011
1576	281.7799988
1577	281.8800049
1578	281.8999939
1579	281.8999939
1580	281.8800049
1581	281.8999939
1582	281.8999939
1583	281.9200134
1584	281.9599915
1585	281.9599915
1586	282.0299988
1587	282.0299988
1588	282.0299988
1589	282.0299988
1590	282.0899963
1591	282.1099854
1592	282.0499878
1593	282.0899963
1594	282.0899963
1595	282.1300049
1596	282.0899963
1597	282.0100098
1598	282.0700073
1599	282.1099854
1600	282.1700134
1601	282.2600098
1602	282.2399902
1603	282.2000122
1604	282.2200012
1605	282.2399902
1606	282.2399902
1607	281.9899902
1608	282.1099854
1609	282.0899963
1610	282.1700134
1611	282.1300049
1612	282.1300049
1613	282.1499939
1614	282.1499939
1615	282.1099854
1616	282.1300049
1617	282.1300049
1618	282.1700134
1619	282.1300049
1620	282.0100098
1621	282.0100098
1622	282.1099854
1623	282.0299988
1624	282.0700073
1625	282.0700073
1626	281.9899902
1627	281.9400024
1628	281.8999939
1629	281.9200134
1630	281.9599915
1631	282.0100098
1632	282.0499878
1633	282.0700073
1634	282.0299988
1635	282.0899963
1636	282.0299988
1637	281.9599915
1638	281.9599915
1639	282.0299988
1640	282.0299988
1641	281.9899902
1642	281.9899902
1643	282.0299988
1644	282.1300049
1645	282.1300049
1646	282.1300049
1647	282.0299988
1648	282.0700073
1649	282.1099854
1650	282.1099854
1651	282.0899963
1652	282.1499939
1653	282.1499939
1654	282.2399902
1655	282.2200012
1656	282.2600098
1657	282.1300049
1658	282.1499939
1659	282.1499939
1660	282.1499939
1661	282.2200012
1662	282.2399902
1663	282.3200073
1664	282.3399963
1665	282.3800049
1666	282.3599854
1667	282.3200073
1668	282.3200073
1669	282.3399963
1670	282.2399902
1671	282.3399963
1672	282.3200073
1673	282.3599854
1674	282.3200073
1675	282.3599854
1676	282.2600098
1677	282.2200012
1678	282.2399902
1679	282.2200012
1680	282.2399902
1681	282.2399902
1682	282.2999878
1683	282.2200012
1684	282.2200012
1685	282.2200012
1686	282.1300049
1687	282.0899963
1688	282.0899963
1689	282.0299988
1690	282.0299988
1691	282.1099854
1692	282.1099854
1693	282.2000122
1694	282.2000122
1695	282.2200012
1696	282.0899963
1697	281.7799988
1698	281.7600098
1699	281.5899963
1700	281.5
1701	281.5299988
1702	281.5499878
1703	281.5299988
1704	281.5
1705	281.4200134
1706	281.4400024
1707	281.3200073
1708	281.2999878
1709	281.1099854
1710	280.1700134
1711	279.3099976
1712	277.4899902
1713	276.5899963
1714	274.4599915
1715	272.0899963
1716	269.6300049
1717	267.3900146
1718	266.5700073
1719	265.1700134
1720	264.6300049
1721	264.0599976
1722	263.7900085
1723	263.8099976
1724	263.8099976
1725	264.6099854
1726	265.3800049
1727	265.7399902
1728	266.7600098
1729	267.6600037
1730	268.230011
1731	268.230011
1732	268.8099976
1733	269.25
1734	269.3999939
1735	269.8800049
1736	270.3200073
1737	270.5
1738	270.6900024
1739	271.3599854
1740	271.5700073
1741	271.7399902
1742	272.0700073
1743	272.2799988
1744	272.3200073
1745	272.5100098
1746	272.9299927
1747	272.9299927
1748	273.1000061
1749	273.3099976
1750	273.3500061
1751	273.4500122
1752	273.5400085
1753	273.6600037
1754	273.7000122
1755	273.8099976
1756	273.8099976
1757	273.8099976
1758	273.8699951
1759	273.8699951
1760	273.980011
1761	274.1000061
1762	274.1900024
1763	274.1900024
1764	274.230011
1765	274.2099915
1766	274.3099976
1767	274.3500061
1768	274.4400024
1769	274.519989
1770	274.519989
1771	274.5799866
1772	274.6700134
1773	274.6199951
1774	274.6900024
1775	274.6900024
1776	274.730011
1777	274.730011
1778	274.8299866
1779	274.8800049
1780	274.8800049
1781	274.8500061
1782	275
1783	275.019989
1784	275
1785	274.9400024
1786	274.8299866
1787	274.9400024
1788	275
1789	274.980011
1790	275
1791	275.0400085
1792	275.0599976
1793	275.019989
1794	275.019989
1795	275.019989
1796	275.1300049
1797	275.1700134
1798	275.1499939
1799	275.1900024
1800	275.0799866
1801	275.0799866
1802	275.0799866
1803	275.1499939
1804	275.1700134
1805	275.2099915
1806	275.1499939
1807	275.1099854
1808	275.1099854
1809	275.1499939
1810	275.1499939
1811	275.1099854
1812	275.0599976
1813	275.019989
1814	275.019989
1815	275.0400085
1816	274.980011
1817	275.019989
1818	275.1300049
1819	275.1099854
1820	275.230011
1821	275.230011
1822	275.230011
1823	275.230011
1824	275.2099915
1825	275.230011
1826	275.1700134
1827	275.1700134
1828	275.1900024
1829	275.1499939
1830	275.1099854
1831	275.1499939
1832	275.2099915
1833	275.1700134
1834	275.1700134
1835	275.1499939
1836	275.1499939
1837	275.1099854
1838	275.1700134
1839	275.1900024
1840	275.1499939
1841	275.1499939
1842	275.1900024
1843	275.269989
1844	275.25
1845	275.269989
1846	275.269989
1847	275.230011
1848	275.1900024
1849	275.230011
1850	275.2099915
1851	275.1700134
1852	275.1900024
1853	275.1499939
1854	275.1900024
1855	275.2099915
1856	275.1300049
1857	275.2099915
1858	275.0799866
1859	275.019989
1860	275.019989
1861	274.980011
1862	275.019989
1863	274.9599915
1864	274.9599915
1865	274.9599915
1866	274.9599915
1867	274.980011
1868	275.019989
1869	274.9599915
1870	274.9400024
1871	274.980011
1872	275.019989
1873	275.019989
1874	275.019989
1875	275.0400085
1876	275.0599976
1877	275.0599976
1878	275.0799866
1879	275.0599976
1880	275.1300049
1881	275.1099854
1882	275.0400085
1883	275
1884	275.0599976
1885	274.980011
1886	274.9400024
1887	274.9599915
1888	274.9599915
1889	275
1890	274.980011
1891	275.1099854
1892	275.1099854
1893	275.1300049
1894	275.1099854
1895	275.1099854
1896	275.019989
1897	275.1300049
1898	275.1300049
1899	275.0400085
1900	275.0799866
1901	275.1099854
1902	275.1099854
1903	275.019989
1904	274.9400024
1905	274.9400024
1906	274.980011
1907	275.0599976
1908	275.1300049
1909	275.0799866
1910	275.0799866
1911	275.0799866
1912	275.0799866
1913	275.1499939
1914	275.1300049
1915	275.1300049
1916	275.1300049
1917	275.1499939
1918	275.1099854
1919	275.1499939
1920	275.1300049
1921	275.2099915
1922	275.1900024
1923	275.1300049
1924	275.1300049
1925	275.0799866
1926	275.0799866
1927	275.0599976
1928	275.1499939
1929	275.1900024
1930	275.1300049
1931	275.1099854
1932	275.1099854
1933	275.1499939
1934	275.1900024
1935	275.230011
1936	275.1700134
1937	275.1700134
1938	275.230011
1939	275.230011
1940	275.1700134
1941	275.1300049
1942	275.1300049
1943	275.1700134
1944	275.1700134
1945	275.1099854
1946	275.0599976
1947	275.0400085
1948	275.1499939
1949	275.2099915
1950	275.2099915
1951	275.1700134
1952	275.2099915
1953	275.1900024
1954	275.1700134
1955	275.1700134
1956	274.980011
1957	274.980011
1958	274.9599915
1959	275.1099854
1960	275.1499939
1961	275.1099854
1962	275.0599976
1963	275.0599976
1964	275.0599976
1965	275.0799866
1966	275.0599976
1967	275.019989
1968	274.980011
1969	275.019989
1970	275.0599976
1971	275.1099854
1972	275.1099854
1973	275.1099854
1974	275.1099854
1975	275.1499939
1976	275.1499939
1977	275.0799866
1978	275.2099915
1979	275.1900024
1980	275.1700134
1981	275.2099915
1982	275.1900024
1983	275.1900024
1984	275.019989
1985	275.0799866
1986	275.0799866
1987	275
1988	275.0799866
1989	275.1099854
1990	275.1099854
1991	275.019989
1992	275.0400085
1993	275.1300049
1994	275.1900024
1995	275.2900085
1996	275.4200134
1997	275.480011
1998	275.7999878
1999	275.8399963
2000	275.980011
2001	276.3399963
2002	276.4599915
2003	277.0100098
2004	277.2000122
2005	277.7999878
2006	278.2600098
2007	278.7900085
2008	278.7900085
2009	279.4599915
2010	279.769989
2011	279.9599915
2012	280.1199951
2013	280.3999939
2014	280.480011
2015	280.480011
2016	280.6900024
2017	280.8800049
2018	280.8999939
2019	280.9599915
2020	280.980011
2021	281
2022	281
2023	281.0899963
2024	281.1700134
2025	281.1099854
2026	281.1300049
2027	281.1499939
2028	281.1900024
2029	281.1700134
2030	281.3200073
2031	281.3399963
2032	281.5
2033	281.480011
2034	281.4200134
2035	281.3999939
2036	281.4400024
2037	281.4400024
2038	281.4599915
2039	281.5499878
2040	281.480011
2041	281.4599915
2042	281.5700073
2043	281.5499878
2044	281.6099854
2045	281.6099854
2046	281.730011
2047	281.730011
2048	281.7600098
2049	281.6300049
2050	281.6300049
2051	281.6700134
2052	281.6700134
2053	281.6900024
2054	281.6900024
2055	281.8999939
2056	281.8800049
2057	281.8999939
2058	281.8599854
2059	281.8399963
2060	281.8399963
2061	281.8200073
2062	282.0100098
2063	282.0299988
2064	281.9899902
2065	281.9200134
2066	281.9599915
2067	281.9200134
2068	281.8999939
2069	282.0299988
2070	282.0499878
2071	282.1300049
2072	282.0700073
2073	282.1300049
2074	282.1300049
2075	282.1099854
2076	282.1700134
2077	282.1099854
2078	282.2200012
2079	282.2200012
2080	282.2200012
2081	282.1499939
2082	282.1499939
2083	282.1499939
2084	282.2399902
2085	282.2399902
2086	282.2399902
2087	282.2399902
2088	282.2600098
2089	282.2799988
2090	282.2399902
2091	282.3200073
2092	282.2999878
2093	282.2999878
2094	282.2200012
2095	282.2999878
2096	282.2999878
2097	282.2600098
2098	282.1700134
2099	282.2399902
2100	282.2799988
2101	282.2799988
2102	282.3200073
2103	282.3399963
2104	282.2999878
2105	282.2200012
2106	282.1700134
2107	282.2200012
2108	282.2600098
2109	282.2600098
2110	282.1700134
2111	282.1499939
2112	282.1700134
2113	282.1700134
2114	282.2399902
2115	282.2600098
2116	282.2999878
2117	282.2600098
2118	282.2600098
2119	282.2399902
2120	282.1700134
2121	282.1499939
2122	282.1499939
2123	282.2399902
2124	282.1700134
2125	282.1700134
2126	282.2000122
2127	282.2399902
2128	282.2399902
2129	282.2200012
2130	282.2799988
2131	282.2399902
2132	282.2399902
2133	282.2200012
2134	282.2399902
2135	282.2200012
2136	282.2799988
2137	282.1700134
2138	282.1499939
2139	282.2200012
2140	282.2600098
2141	282.2799988
2142	282.2200012
2143	282.2600098
2144	282.2000122
2145	282.2000122
2146	282.2000122
2147	282.2399902
2148	282.1700134
2149	282.2600098
2150	282.2600098
2151	282.2200012
2152	282.2600098
2153	282.3200073
2154	282.2600098
2155	282.2200012
2156	282.2399902
2157	282.2399902
2158	282.1499939
2159	282.1700134
2160	282.2000122
2161	282.2000122
2162	282.2799988
2163	282.2600098
2164	282.2600098
2165	282.2399902
2166	282.2000122
2167	282.2200012
2168	282.4299927
2169	282.2999878
2170	282.1499939
2171	281.9599915
2172	281.5
2173	281.3999939
2174	281.269989
2175	281.3200073
2176	281.3999939
2177	281.4400024
2178	281.5
2179	281.3999939
2180	281.3999939
2181	281.3200073
2182	280.8599854
2183	280.480011
2184	279.6400146
2185	278.9700012
2186	277.2399902
2187	275.1099854
2188	272.9100037
2189	272.9100037
2190	269.8999939
2191	268.0400085
2192	267.1600037
2193	265.6700134
2194	264.8999939
2195	264.480011
2196	264.480011
2197	264.8800049
2198	265.3999939
2199	265.7200012
2200	266.2799988
2201	267.0100098
2202	267.2600098
2203	267.5799866
2204	268.269989
2205	268.769989
2206	269
2207	269.4400024
2208	270
2209	270.25
2210	270.480011
2211	271.0700073
2212	271.2200012
2213	271.5100098
2214	271.8200073
2215	271.9899902
2216	272.1799927
2217	272.2799988
2218	272.4100037
2219	272.6600037
2220	272.7000122
2221	272.8500061
2222	272.9299927
2223	273.0599976
2224	273.0100098
2225	273.2000122
2226	273.3699951
2227	273.4500122
2228	273.4500122
2229	273.4700012
2230	273.5599976
2231	273.6400146
2232	273.6400146
2233	273.7900085
2234	273.730011
2235	273.730011
2236	273.8299866
2237	274.0400085
2238	274.0400085
2239	274.1400146
2240	274.0799866
2241	274.0400085
2242	274.0599976
2243	274.1000061
2244	274.230011
2245	274.230011
2246	274.3299866
2247	274.3699951
2248	274.3299866
2249	274.3699951
2250	274.3900146
2251	274.4599915
2252	274.6000061
2253	274.6000061
2254	274.5599976
2255	274.480011
2256	274.5
2257	274.4599915
2258	274.5400085
2259	274.5599976
2260	274.5599976
2261	274.6700134
2262	274.6700134
2263	274.6900024
2264	274.6900024
2265	274.730011
2266	274.769989
2267	274.769989
2268	274.75
2269	274.7900085
2270	274.7900085
2271	274.7900085
2272	274.6900024
2273	274.7099915
2274	274.7099915
2275	274.9200134
2276	274.9400024
2277	274.980011
2278	275.0599976
2279	275
2280	275.0599976
2281	275.0599976
2282	275.1300049
2283	275.1099854
2284	275.0599976
2285	274.8500061
2286	274.8999939
2287	275.0400085
2288	275.0599976
2289	275.0400085
2290	275.0799866
2291	275.0400085
2292	274.9400024
2293	275
2294	275.0599976
2295	275.1300049
2296	275.1499939
2297	275.0599976
2298	275.0599976
2299	275.0599976
2300	275.019989
2301	275
2302	275.0799866
2303	275.0799866
2304	275.0400085
2305	275.0599976
2306	275.0599976
2307	275.0799866
2308	275.0599976
2309	275.1499939
2310	275.1099854
2311	275.0799866
2312	275.0799866
2313	275.0599976
2314	275
2315	275
2316	274.9599915
2317	275.1099854
2318	275.1099854
2319	275.0599976
2320	275.1300049
2321	275.1099854
2322	275.0400085
2323	275.019989
2324	274.9599915
2325	274.9400024
2326	275
2327	274.9599915
2328	274.9200134
2329	274.8800049
2330	275
2331	275
2332	275.019989
2333	274.9200134
2334	274.8800049
2335	274.9200134
2336	275.0400085
2337	275.1499939
2338	275.1499939
2339	275.0599976
2340	275.1099854
2341	275.019989
2342	274.9200134
2343	274.8099976
2344	274.8299866
2345	274.8299866
2346	274.9400024
2347	274.9400024
2348	275
2349	274.9599915
2350	274.8999939
2351	274.9200134
2352	274.9400024
2353	275.019989
2354	274.9599915
2355	274.9599915
2356	274.8500061
2357	274.7900085
2358	274.8099976
2359	274.8299866
2360	274.9200134
2361	274.8500061
2362	274.9599915
2363	274.9599915
2364	274.8999939
2365	274.9200134
2366	274.8999939
2367	274.8500061
2368	274.8099976
2369	274.769989
2370	274.769989
2371	274.8999939
2372	274.8299866
2373	274.8299866
2374	274.769989
2375	274.75
2376	274.75
2377	274.75
2378	274.75
2379	274.8099976
2380	274.8500061
2381	274.8999939
2382	274.9400024
2383	274.980011
2384	275.019989
2385	274.9400024
2386	274.8999939
2387	274.8500061
2388	274.769989
2389	274.75
2390	274.6900024
2391	274.75
2392	274.75
2393	274.7900085
2394	274.8800049
2395	274.8500061
2396	274.8800049
2397	274.8299866
2398	274.8500061
2399	274.8299866
2400	274.8299866
2401	274.8099976
2402	274.8999939
2403	274.8500061
2404	274.8800049
2405	274.9200134
2406	274.8999939
2407	274.9200134
2408	274.7900085
2409	274.7900085
2410	274.6900024
2411	274.730011
2412	274.7099915
2413	274.6499939
2414	274.6700134
2415	274.6900024
2416	274.6900024
2417	274.6700134
2418	274.75
2419	274.769989
2420	274.8099976
2421	274.7900085
2422	274.8299866
2423	274.7900085
2424	274.75
2425	274.7099915
2426	274.6900024
2427	274.7099915
2428	274.730011
2429	274.6199951
2430	274.6499939
2431	274.519989
2432	274.5599976
2433	274.6000061
2434	274.5799866
2435	274.5400085
2436	274.6900024
2437	274.6700134
2438	274.7099915
2439	274.6499939
2440	274.5599976
2441	274.5599976
2442	274.519989
2443	274.6499939
2444	274.6199951
2445	274.5799866
2446	274.5799866
2447	274.6900024
2448	274.6900024
2449	274.769989
2450	274.75
2451	274.7099915
2452	274.7099915
2453	274.6199951
2454	274.6199951
2455	274.5799866
2456	274.5400085
2457	274.4400024
2458	274.5400085
2459	274.5799866
2460	274.6000061
2461	274.6900024
2462	274.6499939
2463	274.7099915
2464	274.730011
2465	274.730011
2466	274.7900085
2467	274.8099976
2468	274.9400024
2469	274.9599915
2470	275.0599976
2471	275.3599854
2472	275.4400024
2473	275.519989
2474	275.6900024
2475	276.0499878
2476	276.3399963
2477	277.0899963
2478	277.6400146
2479	278.1000061
2480	278.1000061
2481	278.7200012
2482	279.1400146
2483	279.25
2484	279.5599976
2485	279.7099915
2486	279.8900146
2487	279.8900146
2488	280.1700134
2489	280.25
2490	280.3299866
2491	280.4400024
2492	280.6499939
2493	280.7099915
2494	280.7900085
2495	280.8999939
2496	280.9200134
2497	280.9400024
2498	281
2499	281.1300049
2500	281.0700073
2501	281.1499939
2502	281.269989
2503	281.2999878
2504	281.3599854
2505	281.3999939
2506	281.4400024
2507	281.3999939
2508	281.4400024
2509	281.5
2510	281.5700073
2511	281.5700073
2512	281.5700073
2513	281.6099854
2514	281.6700134
2515	281.6700134
2516	281.730011
2517	281.7099915
2518	281.730011
2519	281.730011
2520	281.7999878
2521	281.7999878
2522	281.8200073
2523	281.8800049
2524	281.8800049
2525	281.8399963
2526	281.8399963
2527	281.9200134
2528	282.0499878
2529	282.0299988
2530	281.9400024
2531	281.8999939
2532	281.9200134
2533	282.0100098
2534	282.0499878
2535	282.0299988
2536	282.0299988
2537	282.0700073
2538	282.0499878
2539	282.0700073
2540	282.0700073
2541	282.1700134
2542	282.2200012
2543	282.2000122
2544	282.1700134
2545	282.1700134
2546	282.1700134
2547	282.2000122
2548	282.0700073
2549	282.0299988
2550	281.9899902
2551	281.9899902
2552	282.0700073
2553	282.0299988
2554	282.0499878
2555	282.0499878
2556	282.0499878
2557	282.0499878
2558	282.0499878
2559	282.0899963
2560	282.1499939
2561	282.1700134
2562	282.1499939
2563	282.1099854
2564	282.1099854
2565	282.1499939
2566	282.0100098
2567	282.0499878
2568	282.0499878
2569	282.1700134
2570	282.1499939
2571	282.1300049
2572	282.1099854
2573	282.1099854
2574	282.1099854
2575	282.1499939
2576	282.2000122
2577	282.2200012
2578	282.1700134
2579	282.1499939
2580	282.1700134
2581	282.2000122
2582	282.2799988
2583	282.2799988
2584	282.2799988
2585	282.2799988
2586	282.2200012
2587	282.3399963
2588	282.2799988
2589	282.3200073
2590	282.3200073
2591	282.2999878
2592	282.2000122
2593	282.2200012
2594	282.1300049
2595	282.1300049
2596	282.1700134
2597	282.1700134
2598	282.2200012
2599	282.2600098
2600	282.2399902
2601	282.1700134
2602	282.1700134
2603	282.2200012
2604	282.1300049
2605	282.1499939
2606	282.2000122
2607	282.1300049
2608	282.2399902
2609	282.2200012
2610	282.2399902
2611	282.2799988
2612	282.2200012
2613	282.2000122
2614	282.2200012
2615	282.1700134
2616	282.1700134
2617	282.0700073
2618	282.0700073
2619	282.0299988
2620	282.1499939
2621	282.2000122
2622	282.2000122
2623	282.1700134
2624	282.2200012
2625	282.2200012
2626	282.1700134
2627	282.1300049
2628	282.1300049
2629	282.1300049
2630	282.2399902
2631	282.1499939
2632	282.1700134
2633	282.1300049
2634	282.1099854
2635	282.1700134
2636	282.2000122
2637	282.2399902
2638	282.2999878
2639	282.2200012
2640	282.2000122
2641	282.1499939
2642	282.1300049
2643	282.0499878
2644	281.730011
2645	281.5499878
2646	281.3999939
2647	281.3599854
2648	281.3399963
2649	281.3999939
2650	281.3999939
2651	281.3599854
2652	281.3399963
2653	281.3200073
2654	281.3200073
2655	281.1499939
2656	280.5
2657	279.980011
2658	278.6799927
2659	276.8599854
2660	275.1099854
2661	275.1099854
2662	272.0700073
2663	269.7900085
2664	268.75
2665	266.9100037
2666	265.7999878
2667	264.6900024
2668	264.6900024
2669	264.1499939
2670	264.2900085
2671	264.3999939
2672	264.8800049
2673	265.6499939
2674	265.9899902
2675	266.4299927
2676	267.4700012
2677	267.7000122
2678	268.230011
2679	268.8099976
2680	269.0799866
2681	269.519989
2682	269.769989
2683	270.1099854
2684	270.2099915
2685	270.3200073
2686	270.5899963
2687	270.7799988
2688	270.9899902
2689	271.1499939
2690	271.5299988
2691	271.9299927
2692	272.2000122
2693	272.2000122
2694	272.5100098
2695	272.7200012
2696	272.8299866
2697	272.9700012
2698	273.0599976
2699	273.1400146
2700	273.1400146
2701	273.2200012
2702	273.2000122
2703	273.2900085
2704	273.3900146
2705	273.5
2706	273.519989
2707	273.519989
2708	273.6199951
2709	273.6799927
2710	273.6799927
2711	273.7000122
2712	273.75
2713	273.6600037
2714	273.6600037
2715	273.730011
2716	273.7900085
2717	273.8099976
2718	274.0400085
2719	274.0599976
2720	274.1000061
2721	274.2099915
2722	274.1600037
2723	274.1000061
2724	274.1199951
2725	274.0799866
2726	274.0599976
2727	274.1000061
2728	274.2099915
2729	274.230011
2730	274.1600037
2731	274.2900085
2732	274.2900085
2733	274.3500061
2734	274.4200134
2735	274.480011
2736	274.5
2737	274.4400024
2738	274.4599915
2739	274.4599915
2740	274.4200134
2741	274.4599915
2742	274.5
2743	274.5
2744	274.519989
2745	274.519989
2746	274.519989
2747	274.6199951
2748	274.6700134
2749	274.6700134
2750	274.730011
2751	274.6700134
2752	274.6700134
2753	274.6499939
2754	274.730011
2755	274.75
2756	274.730011
2757	274.730011
2758	274.7900085
2759	274.8099976
2760	274.7900085
2761	274.769989
2762	274.730011
2763	274.6900024
2764	274.6900024
2765	274.5799866
2766	274.5599976
2767	274.5599976
2768	274.5400085
2769	274.519989
2770	274.4599915
2771	274.4599915
2772	274.5
2773	274.480011
2774	274.519989
2775	274.480011
2776	274.519989
2777	274.5
2778	274.6000061
2779	274.8299866
2780	274.9400024
2781	274.9200134
2782	274.9599915
2783	274.8500061
2784	274.730011
2785	274.6199951
2786	274.4400024
2787	274.4400024
2788	274.4200134
2789	274.519989
2790	274.5400085
2791	274.5400085
2792	274.4599915
2793	274.5
2794	274.6199951
2795	274.6700134
2796	274.6900024
2797	274.6700134
2798	274.6499939
2799	274.75
2800	274.8800049
2801	274.8800049
2802	274.9200134
2803	274.9200134
2804	274.8500061
2805	274.7900085
2806	274.8299866
2807	274.8099976
2808	274.75
2809	274.75
2810	274.75
2811	274.6700134
2812	274.8500061
2813	274.8500061
2814	274.8299866
2815	274.769989
2816	274.7099915
2817	274.6900024
2818	274.5799866
2819	274.6900024
2820	274.6700134
2821	274.7099915
2822	274.6700134
2823	274.7099915
2824	274.8099976
2825	274.8999939
2826	274.9400024
2827	274.9400024
2828	274.9599915
2829	275
2830	275.019989
2831	275.0599976
2832	275.230011
2833	275.25
2834	275.25
2835	275.25
2836	275.3399963
2837	275.3399963
2838	275.3099976
2839	275.3800049
2840	275.480011
2841	275.519989
2842	275.519989
2843	275.6300049
2844	275.6700134
2845	275.6099854
2846	275.6900024
2847	275.75
2848	275.75
2849	275.75
2850	275.8599854
2851	275.7999878
2852	275.7999878
2853	275.7099915
2854	275.7999878
2855	275.769989
2856	275.8200073
2857	275.8200073
2858	275.7999878
2859	275.7999878
2860	275.769989
2861	275.730011
2862	275.6700134
2863	275.730011
2864	275.8200073
2865	275.8200073
2866	275.8200073
2867	275.7999878
2868	275.8399963
2869	275.769989
2870	275.769989
2871	275.8200073
2872	275.7999878
2873	275.6700134
2874	275.6700134
2875	275.7099915
2876	275.730011
2877	275.8200073
2878	275.8200073
2879	275.75
2880	275.6900024
2881	275.6900024
2882	275.480011
2883	275.519989
2884	275.6300049
2885	275.769989
2886	275.7099915
2887	275.6499939
2888	275.730011
2889	275.6300049
2890	275.6499939
2891	275.6499939
2892	275.6700134
2893	275.5700073
2894	275.6099854
2895	275.5400085
2896	275.5700073
2897	275.6099854
2898	275.6499939
2899	275.6499939
2900	275.6300049
2901	275.6300049
2902	275.6900024
2903	275.6900024
2904	275.6700134
2905	275.519989
2906	275.519989
2907	275.5700073
2908	275.6700134
2909	275.6099854
2910	275.6300049
2911	275.6700134
2912	275.5400085
2913	275.5400085
2914	275.6099854
2915	275.5899963
2916	275.6499939
2917	275.5700073
2918	275.5700073
2919	275.5400085
2920	275.5400085
2921	275.6700134
2922	275.730011
2923	275.8200073
2924	275.8399963
2925	275.75
2926	275.730011
2927	275.730011
2928	275.6499939
2929	275.6499939
2930	275.6900024
2931	275.6900024
2932	275.75
2933	275.730011
2934	275.75
2935	275.8599854
2936	275.8999939
2937	275.9400024
2938	275.980011
2939	275.9400024
2940	276
2941	276.1300049
2942	276.1700134
2943	276.3599854
2944	276.5700073
2945	276.5700073
2946	276.7200012
2947	276.8800049
2948	277.0299988
2949	277.3399963
2950	277.8900146
2951	278.3699951
2952	278.3699951
2953	278.9500122
2954	279.0599976
2955	279.2000122
2956	279.4100037
2957	279.7099915
2958	279.730011
2959	279.769989
2960	280.0599976
2961	280.1700134
2962	280.1900024
2963	280.3099976
2964	280.4599915
2965	280.4599915
2966	280.4599915
2967	280.5599976
2968	280.5799866
2969	280.5799866
2970	280.6700134
2971	280.6900024
2972	280.730011
2973	280.7900085
2974	280.8099976
2975	280.769989
2976	280.9599915
2977	280.9599915
2978	281.0700073
2979	281.0700073
2980	281.019989
2981	281.1099854
2982	281
2983	281.0400085
2984	281.0400085
2985	281.0899963
2986	281.0899963
2987	281.1700134
2988	281.1499939
2989	281.0899963
2990	281.1700134
2991	281.1700134
2992	281.2099915
2993	281.25
2994	281.25
2995	281.230011
2996	281.230011
2997	281.230011
2998	281.1499939
2999	281.2099915
3000	281.25
3001	281.269989
3002	281.3599854
3003	281.3599854
3004	281.3200073
3005	281.3399963
3006	281.3800049
3007	281.3800049
3008	281.3999939
3009	281.3200073
3010	281.3800049
3011	281.3800049
3012	281.3399963
3013	281.3800049
3014	281.25
3015	281.25
3016	281.25
3017	281.25
3018	281.2999878
3019	281.3800049
3020	281.4200134
3021	281.4599915
3022	281.4400024
3023	281.4400024
3024	281.4400024
3025	281.5
3026	281.5
3027	281.5299988
3028	281.5700073
3029	281.6499939
3030	281.6900024
3031	281.5299988
3032	281.5299988
3033	281.4599915
3034	281.5
3035	281.4400024
3036	281.3999939
3037	281.480011
3038	281.6099854
3039	281.5499878
3040	281.480011
3041	281.3800049
3042	281.480011
3043	281.4200134
3044	281.3999939
3045	281.4200134
3046	281.5
3047	281.5899963
3048	281.730011
3049	281.6700134
3050	281.730011
3051	281.6700134
3052	281.6099854
3053	281.5299988
3054	281.5299988
3055	281.5299988
3056	281.5700073
3057	281.5899963
3058	281.6099854
3059	281.6099854
3060	281.6099854
3061	281.5700073
3062	281.5700073
3063	281.5899963
3064	281.5700073
3065	281.5899963
3066	281.4400024
3067	281.4599915
3068	281.5
3069	281.480011
3070	281.5
3071	281.4599915
3072	281.480011
3073	281.5499878
3074	281.5
3075	281.6099854
3076	281.4599915
3077	281.5
3078	281.5700073
3079	281.5700073
3080	281.5899963
3081	281.3999939
3082	281.3800049
3083	281.3399963
3084	281.5499878
3085	281.4599915
3086	281.5
3087	281.5
3088	281.5700073
3089	281.730011
3090	281.5299988
3091	281.6099854
3092	281.5899963
3093	281.5700073
3094	281.5700073
3095	281.6300049
3096	281.6099854
3097	281.480011
3098	281.4400024
3099	281.5299988
3100	281.6900024
3101	281.6900024
3102	281.5700073
3103	281.6300049
3104	281.6499939
3105	281.7099915
3106	281.7099915
3107	281.7799988
3108	281.7099915
3109	281.6700134
3110	281.6700134
3111	281.5899963
3112	281.6900024
3113	281.6099854
3114	281.5700073
3115	281.6499939
3116	281.480011
3117	281.3999939
3118	281.1300049
3119	280.8599854
3120	280.8399963
3121	280.7900085
3122	280.7900085
3123	280.7900085
3124	280.7099915
3125	280.5799866
3126	280.5799866
3127	280.4599915
3128	280.3999939
3129	280.0599976
3130	279.0599976
3131	277.2999878
3132	275.769989
3133	275.769989
3134	272.7000122
3135	270.5700073
3136	269.730011
3137	268.4100037
3138	267.6600037
3139	267.4500122
3140	267.2200012
3141	267.4299927
3142	267.6799927
3143	267.7200012
3144	267.8099976
3145	268.019989
3146	268.230011
3147	268.3699951
3148	269.1499939
3149	269.3999939
3150	269.8999939
3151	270.6499939
3152	270.9899902
3153	271.6099854
3154	271.7999878
3155	272.2000122
3156	272.6000061
3157	272.9700012
3158	272.9700012
3159	273.4100037
3160	273.5799866
3161	273.6199951
3162	273.730011
3163	273.9599915
3164	274.0599976
3165	274.0599976
3166	274.1400146
3167	274.1900024
3168	274.269989
3169	274.5799866
3170	274.730011
3171	274.8999939
3172	274.8999939
3173	275.1499939
3174	275.1499939
3175	275.230011
3176	275.230011
3177	275.1900024
3178	275.230011
3179	275.2900085
3180	275.3800049
3181	275.3800049
3182	275.4400024
3183	275.519989
3184	275.6300049
3185	275.6900024
3186	275.6499939
3187	275.769989
3188	275.8399963
3189	275.8599854
3190	275.75
3191	275.8599854
3192	275.9400024
3193	275.8599854
3194	275.8800049
3195	275.9400024
3196	276
3197	276
3198	275.9599915
3199	275.9200134
3200	276.0299988
3201	275.9599915
3202	276.1300049
3203	276.2099915
3204	276.2099915
3205	276.2099915
3206	276.1700134
3207	276.230011
3208	276.2999878
3209	276.2999878
3210	276.2600098
3211	276.2999878
3212	276.2799988
3213	276.2600098
3214	276.3200073
3215	276.2600098
3216	276.2600098
3217	276.2799988
3218	276.2799988
3219	276.3399963
3220	276.4200134
3221	276.3599854
3222	276.2600098
3223	276.2999878
3224	276.2600098
3225	276.2799988
3226	276.3399963
3227	276.2799988
3228	276.2600098
3229	276.230011
3230	276.2600098
3231	276.230011
3232	276.1300049
3233	276.2099915
3234	276.3399963
3235	276.4400024
3236	276.4400024
3237	276.5100098
3238	276.4200134
3239	276.4599915
3240	276.4400024
3241	276.4400024
3242	276.3999939
3243	276.3999939
3244	276.4599915
3245	276.4899902
3246	276.4899902
3247	276.4200134
3248	276.5100098
3249	276.3599854
3250	276.3999939
3251	276.4400024
3252	276.5100098
3253	276.5100098
3254	276.4899902
3255	276.4899902
3256	276.3800049
3257	276.3399963
3258	276.3999939
3259	276.3999939
3260	276.4200134
3261	276.3800049
3262	276.3999939
3263	276.4599915
3264	276.5100098
3265	276.3800049
3266	276.4400024
3267	276.3800049
3268	276.3800049
3269	276.4899902
3270	276.6099854
3271	276.5899963
3272	276.5700073
3273	276.5700073
3274	276.4899902
3275	276.4899902
3276	276.4599915
3277	276.3399963
3278	276.3800049
3279	276.3800049
3280	276.2999878
3281	276.3200073
3282	276.3200073
3283	276.3999939
3284	276.4599915
3285	276.4400024
3286	276.3800049
3287	276.5299988
3288	276.5299988
3289	276.5700073
3290	276.4899902
3291	276.4200134
3292	276.5700073
3293	276.5700073
3294	276.4599915
3295	276.5700073
3296	276.5299988
3297	276.4400024
3298	276.5299988
3299	276.4899902
3300	276.5700073
3301	276.5499878
3302	276.5700073
3303	276.5499878
3304	276.5100098
3305	276.5299988
3306	276.4599915
3307	276.4599915
3308	276.5100098
3309	276.5499878
3310	276.5700073
3311	276.5499878
3312	276.5499878
3313	276.5299988
3314	276.5299988
3315	276.4400024
3316	276.5899963
3317	276.5899963
3318	276.5100098
3319	276.4400024
3320	276.4200134
3321	276.4200134
3322	276.3599854
3323	276.3999939
3324	276.4200134
3325	276.3800049
3326	276.3999939
3327	276.4899902
3328	276.4400024
3329	276.5499878
3330	276.3999939
3331	276.4400024
3332	276.3999939
3333	276.3800049
3334	276.3800049
3335	276.3999939
3336	276.3999939
3337	276.3800049
3338	276.3999939
3339	276.3999939
3340	276.3800049
3341	276.3800049
3342	276.5100098
3343	276.4400024
3344	276.3399963
3345	276.3200073
3346	276.3200073
3347	276.3200073
3348	276.4400024
3349	276.4599915
3350	276.4400024
3351	276.4400024
3352	276.4200134
3353	276.4200134
3354	276.2999878
3355	276.3599854
3356	276.2999878
3357	276.2600098
3358	276.2799988
3359	276.230011
3360	276.1099854
3361	276.0899963
3362	276.1099854
3363	276.230011
3364	276.2799988
3365	276.2999878
3366	276.3800049
3367	276.3800049
3368	276.4200134
3369	276.4400024
3370	276.4599915
3371	276.4200134
3372	276.4200134
3373	276.3800049
3374	276.3399963
3375	276.2799988
3376	276.2099915
3377	276.2999878
3378	276.2999878
3379	276.5100098
3380	276.4899902
3381	276.4200134
3382	276.4400024
3383	276.3999939
3384	276.3800049
3385	276.3800049
3386	276.3599854
3387	276.2999878
3388	276.3200073
3389	276.2099915
3390	276.2799988
3391	276.2600098
3392	276.1700134
3393	276.2999878
3394	276.3399963
3395	276.3599854
3396	276.3800049
3397	276.4200134
3398	276.3399963
3399	276.3599854
3400	276.3999939
3401	276.4400024
3402	276.3599854
3403	276.3999939
3404	276.4200134
3405	276.2799988
3406	276.3599854
3407	276.3999939
3408	276.3800049
3409	276.3399963
3410	276.2999878
3411	276.3399963
3412	276.3200073
3413	276.3999939
3414	276.5899963
3415	276.5499878
3416	276.6300049
3417	276.6300049
3418	276.8399963
3419	276.8999939
3420	277.0499878
3421	277.1499939
3422	277.5100098
3423	277.8699951
3424	277.8699951
3425	278.5599976
3426	278.9100037
3427	279
3428	279.1799927
3429	279.4299927
3430	279.480011
3431	279.7099915
3432	279.9599915
3433	279.9599915
3434	280.0799866
3435	280.0799866
3436	280.2099915
3437	280.230011
3438	280.3099976
3439	280.4400024
3440	280.4400024
3441	280.4400024
3442	280.5400085
3443	280.519989
3444	280.6300049
3445	280.6300049
3446	280.75
3447	280.730011
3448	280.769989
3449	280.769989
3450	280.75
3451	280.8099976
3452	280.9599915
3453	280.8399963
3454	280.8800049
3455	280.8999939
3456	280.8999939
3457	281
3458	280.980011
3459	281
3460	280.8999939
3461	280.980011
3462	281
3463	281
3464	281.1099854
3465	281.0400085
3466	281
3467	281.0700073
3468	281.019989
3469	281.0400085
3470	281.1499939
3471	281.1300049
3472	281.0899963
3473	281.0700073
3474	281.1099854
3475	281.1099854
3476	281.1900024
3477	281.1300049
3478	281.0899963
3479	281.1700134
3480	281.1300049
3481	281.1499939
3482	281.1499939
3483	281.25
3484	281.2999878
3485	281.1300049
3486	281.230011
3487	281.25
3488	281.25
3489	281.230011
3490	281.1700134
3491	281.2099915
3492	281.1499939
3493	281.1700134
3494	281.1300049
3495	281.1300049
3496	281.1499939
3497	281.1099854
3498	281.1499939
3499	281.1900024
3500	281.230011
3501	281.2099915
3502	281.2099915
3503	281.25
3504	281.25
3505	281.230011
3506	281.2999878
3507	281.2999878
3508	281.269989
3509	281.3399963
3510	281.3200073
3511	281.2999878
3512	281.3999939
3513	281.2999878
3514	281.3999939
3515	281.2999878
3516	281.269989
3517	281.230011
3518	281.3399963
3519	281.3200073
3520	281.3200073
3521	281.3999939
3522	281.2999878
3523	281.3399963
3524	281.3599854
3525	281.3200073
3526	281.3399963
3527	281.3399963
3528	281.3999939
3529	281.3599854
3530	281.3200073
3531	281.3599854
3532	281.2999878
3533	281.3399963
3534	281.3399963
3535	281.3800049
3536	281.3800049
3537	281.4200134
3538	281.4400024
3539	281.3599854
3540	281.5299988
3541	281.4400024
3542	281.4400024
3543	281.3599854
3544	281.3599854
3545	281.3800049
3546	281.3399963
3547	281.3999939
3548	281.4400024
3549	281.3800049
3550	281.4400024
3551	281.3800049
3552	281.3399963
3553	281.2999878
3554	281.2999878
3555	281.3200073
3556	281.25
3557	281.269989
3558	281.269989
3559	281.269989
3560	281.269989
3561	281.2099915
3562	281.2999878
3563	281.269989
3564	281.25
3565	281.3399963
3566	281.3399963
3567	281.3200073
3568	281.4200134
3569	281.4400024
3570	281.3399963
3571	281.3999939
3572	281.3999939
3573	281.4599915
3574	281.3800049
3575	281.3800049
3576	281.3800049
3577	281.3599854
3578	281.3599854
3579	281.2999878
3580	281.3599854
3581	281.4200134
3582	281.3999939
3583	281.5
3584	281.5299988
3585	281.5
3586	281.5299988
3587	281.4599915
3588	281.4599915
3589	281.3200073
3590	281.0700073
3591	281.0700073
3592	280.8800049
3593	280.8599854
3594	280.8999939
3595	280.8099976
3596	280.8800049
3597	280.8999939
3598	280.8999939
3599	280.6900024
3600	280.6300049
3601	280.5599976
3602	280.1000061
3603	279.4599915
3604	278.8500061
3605	278.8500061
3606	276.6499939
3607	274.269989
3608	273.0100098
3609	270.8599854
3610	269.3099976
3611	268.8299866
3612	268.4100037
3613	267.6600037
3614	267.5400085
3615	267.7200012
3616	268.3500061
3617	268.5799866
3618	269.0599976
3619	269.3099976
3620	269.9599915
3621	270.1499939
3622	270.6099854
3623	271.1300049
3624	271.3599854
3625	271.6099854
3626	271.8399963
3627	272.2000122
3628	272.4899902
3629	272.8099976
3630	272.8099976
3631	273.1600037
3632	273.3900146
3633	273.6199951
3634	273.8500061
3635	274.0400085
3636	274.1900024
3637	274.1900024
3638	274.3299866
3639	274.4200134
3640	274.4200134
3641	274.5
3642	274.7099915
3643	274.6700134
3644	274.8099976
3645	274.8800049
3646	275.019989
3647	275.019989
3648	275.0799866
3649	275.0799866
3650	275.1499939
3651	275.230011
3652	275.1700134
3653	275.3399963
3654	275.2099915
3655	275.269989
3656	275.3099976
3657	275.5
3658	275.5400085
3659	275.519989
3660	275.5400085
3661	275.6900024
3662	275.6900024
3663	275.6900024
3664	275.730011
3665	275.769989
3666	275.7999878
3667	275.8200073
3668	275.8399963
3669	275.8399963
3670	275.9400024
3671	276
3672	275.9599915
3673	275.8999939
3674	275.9200134
3675	275.9599915
3676	275.9599915
3677	275.9599915
3678	275.8999939
3679	275.9200134
3680	275.8599854
3681	275.8800049
3682	275.8599854
3683	275.8599854
3684	275.8399963
3685	275.8200073
3686	275.8599854
3687	276.0299988
3688	276.0299988
3689	276.0499878
3690	276.1300049
3691	276.0499878
3692	276.1099854
3693	276.1499939
3694	276.1700134
3695	276.2999878
3696	276.2099915
3697	276.1700134
3698	276.0299988
3699	276.2099915
3700	276.2099915
3701	276.2099915
3702	276.1900024
3703	276.2799988
3704	276.2600098
3705	276.1700134
3706	276.1700134
3707	276.0700073
3708	276.0700073
3709	276.1499939
3710	276.3200073
3711	276.2600098
3712	276.3200073
3713	276.3999939
3714	276.3999939
3715	276.3200073
3716	276.3399963
3717	276.3399963
3718	276.3599854
3719	276.2999878
3720	276.2999878
3721	276.2799988
3722	276.2799988
3723	276.1900024
3724	276.1700134
3725	276.230011
3726	276.230011
3727	276.1099854
3728	276.1900024
3729	276.3200073
3730	276.2999878
3731	276.2799988
3732	276.230011
3733	276.1499939
3734	276.2099915
3735	276.2600098
3736	276.2600098
3737	276.2099915
3738	276.1700134
3739	276.2099915
3740	276.2099915
3741	276.1900024
3742	276.230011
3743	276.2600098
3744	276.230011
3745	276.230011
3746	276.230011
3747	276.230011
3748	276.1900024
3749	276.1900024
3750	276.1300049
3751	276.1499939
3752	276.2999878
3753	276.3599854
3754	276.3999939
3755	276.3999939
3756	276.4400024
3757	276.3200073
3758	276.1900024
3759	276.1700134
3760	276.0499878
3761	276.1099854
3762	276.2799988
3763	276.2600098
3764	276.2099915
3765	276.3200073
3766	276.2799988
3767	276.2999878
3768	276.2999878
3769	276.3200073
3770	276.3800049
3771	276.2799988
3772	276.2799988
3773	276.1700134
3774	276.1900024
3775	276.2999878
3776	276.2099915
3777	276.1700134
3778	276.1300049
3779	276.1300049
3780	276.0299988
3781	276.1900024
3782	276.1499939
3783	276.2099915
3784	276.2600098
3785	276.2600098
3786	276.2600098
3787	276.1900024
3788	276.1099854
3789	276.0700073
3790	276.1700134
3791	276.230011
3792	276.2099915
3793	276.2600098
3794	276.3599854
3795	276.4200134
3796	276.3599854
3797	276.3399963
3798	276.3200073
3799	276.3399963
3800	276.3399963
3801	276.2999878
3802	276.2999878
3803	276.2799988
3804	276.2099915
3805	276.230011
3806	276.3399963
3807	276.3599854
3808	276.3599854
3809	276.3599854
3810	276.4200134
3811	276.4200134
3812	276.3999939
3813	276.2799988
3814	276.2799988
3815	276.2799988
3816	276.2600098
3817	276.2999878
3818	276.2999878
3819	276.3399963
3820	276.2799988
3821	276.2799988
3822	276.3200073
3823	276.2999878
3824	276.2799988
3825	276.2600098
3826	276.2600098
3827	276.1700134
3828	276.2799988
3829	276.2600098
3830	276.3399963
3831	276.2799988
3832	276.2099915
3833	276.1700134
3834	276.1700134
3835	276.0899963
3836	276.1099854
3837	276.230011
3838	276.2799988
3839	276.2600098
3840	276.2099915
3841	276.1700134
3842	276.1900024
3843	276.1900024
3844	276.1900024
3845	276.1099854
3846	276.0499878
3847	276.0700073
3848	276.230011
3849	276.2799988
3850	276.2799988
3851	276.0700073
3852	276.0700073
3853	276.0700073
3854	276.1099854
3855	276.230011
3856	276.230011
3857	276.230011
3858	276.1499939
3859	276.1099854
3860	276.1099854
3861	276
3862	275.9599915
3863	275.980011
3864	275.9599915
3865	276.1099854
3866	276.1700134
3867	276.2799988
3868	276.2799988
3869	276.2099915
3870	276.2799988
3871	276.230011
3872	276.2799988
3873	276.3200073
3874	276.3399963
3875	276.3200073
3876	276.2600098
3877	276.2099915
3878	276.2999878
3879	276.2799988
3880	276.2099915
3881	276.1900024
3882	276.1900024
3883	276.1300049
3884	276.1099854
3885	276.0899963
3886	276.230011
3887	276.4599915
3888	276.6700134
3889	276.6700134
3890	276.6499939
3891	276.8599854
3892	276.8399963
3893	276.9700012
3894	277.2600098
3895	277.4100037
3896	277.7000122
3897	278.3699951
3898	278.5799866
3899	278.7000122
3900	279.019989
3901	279.3299866
3902	279.3900146
3903	279.4299927
3904	279.8099976
3905	279.769989
3906	279.9200134
3907	279.980011
3908	279.980011
3909	280.1000061
3910	280.1700134
3911	280.230011
3912	280.1900024
3913	280.3099976
3914	280.2900085
3915	280.4599915
3916	280.5400085
3917	280.5400085
3918	280.6499939
3919	280.730011
3920	280.730011
3921	280.730011
3922	280.8399963
3923	280.8999939
3924	280.8599854
3925	280.8800049
3926	280.8999939
3927	280.8999939
3928	280.8999939
3929	280.9400024
3930	280.9200134
3931	280.8399963
3932	280.8399963
3933	280.8399963
3934	280.8599854
3935	280.8599854
3936	280.9200134
3937	280.9200134
3938	280.9400024
3939	281.019989
3940	281
3941	281.0899963
3942	281.0700073
3943	281.0700073
3944	281.0700073
3945	281.1099854
3946	281.1700134
3947	281.1700134
3948	281.1499939
3949	281.1499939
3950	281.0899963
3951	281.1300049
3952	281.0899963
3953	281.0899963
3954	281.25
3955	281.2099915
3956	281.2099915
3957	281.25
3958	281.25
3959	281.230011
3960	281.230011
3961	281.3200073
3962	281.3399963
3963	281.25
3964	281.230011
3965	281.2999878
3966	281.3200073
3967	281.3399963
3968	281.3999939
3969	281.3800049
3970	281.3200073
3971	281.3800049
3972	281.3999939
3973	281.4400024
3974	281.4599915
3975	281.3999939
3976	281.4200134
3977	281.3399963
3978	281.3599854
3979	281.4400024
3980	281.3999939
3981	281.3999939
3982	281.4200134
3983	281.3599854
3984	281.4599915
3985	281.3800049
3986	281.4200134
3987	281.4599915
3988	281.4200134
3989	281.3800049
3990	281.3999939
3991	281.3399963
3992	281.3399963
3993	281.4200134
3994	281.3599854
3995	281.269989
3996	281.230011
3997	281.3399963
3998	281.3999939
3999	281.3999939
4000	281.4200134
4001	281.3999939
4002	281.3999939
4003	281.4400024
4004	281.4599915
4005	281.4599915
4006	281.3999939
4007	281.3999939
4008	281.3599854
4009	281.4400024
4010	281.3999939
4011	281.3399963
4012	281.3999939
4013	281.4400024
4014	281.3599854
4015	281.3999939
4016	281.3599854
4017	281.3399963
4018	281.4200134
4019	281.3999939
4020	281.3800049
4021	281.480011
4022	281.5
4023	281.480011
4024	281.480011
4025	281.4400024
4026	281.4400024
4027	281.480011
4028	281.4400024
4029	281.3999939
4030	281.4599915
4031	281.4599915
4032	281.480011
4033	281.4400024
4034	281.5
4035	281.5899963
4036	281.4599915
4037	281.5899963
4038	281.5899963
4039	281.5499878
4040	281.5499878
4041	281.5899963
4042	281.5700073
4043	281.5700073
4044	281.5
4045	281.5
4046	281.5700073
4047	281.5
4048	281.4599915
4049	281.5499878
4050	281.5700073
4051	281.5899963
4052	281.6900024
4053	281.6300049
4054	281.5700073
4055	281.6099854
4056	281.6499939
4057	281.6300049
4058	281.5499878
4059	281.6300049
4060	281.6300049
4061	281.6300049
4062	281.6300049
4063	281.6300049
4064	281.3200073
4065	281.0400085
4066	280.8800049
4067	280.8999939
4068	280.8999939
4069	280.8399963
4070	280.8399963
4071	280.6900024
4072	280.6499939
4073	280.5599976
4074	280.5
4075	280.2900085
4076	279.9200134
4077	279.480011
4078	278.2000122
4079	277.7399902
4080	276.1099854
4081	274
4082	272.2399902
4083	271.3599854
4084	270.5
4085	268.5799866
4086	268.2900085
4087	267.8099976
4088	267.7399902
4089	267.8500061
4090	268.1199951
4091	268.4299927
4092	268.9599915
4093	269.480011
4094	270.0400085
4095	270.0400085
4096	270.9899902
4097	271.5100098
4098	271.6499939
4099	272.0299988
4100	272.1400146
4101	272.3699951
4102	272.3699951
4103	272.8099976
4104	273.1199951
4105	273.3099976
4106	273.6199951
4107	273.8699951
4108	274
4109	274
4110	274.25
4111	274.3699951
4112	274.480011
4113	274.6000061
4114	274.769989
4115	274.8099976
4116	274.8800049
4117	275.1099854
4118	275.1700134
4119	275.1300049
4120	275.0599976
4121	275.019989
4122	275.0799866
4123	275.1099854
4124	275.2900085
4125	275.2900085
4126	275.4400024
4127	275.5400085
4128	275.5400085
4129	275.5700073
4130	275.6300049
4131	275.6300049
4132	275.6700134
4133	275.730011
4134	275.730011
4135	275.5700073
4136	275.5899963
4137	275.6099854
4138	275.5
4139	275.5899963
4140	275.6700134
4141	275.6700134
4142	275.75
4143	275.7999878
4144	275.769989
4145	275.7099915
4146	275.730011
4147	275.6700134
4148	275.730011
4149	275.75
4150	275.730011
4151	275.7999878
4152	275.9200134
4153	275.8800049
4154	275.8999939
4155	275.8999939
4156	275.9400024
4157	275.8599854
4158	275.9200134
4159	275.8999939
4160	275.9400024
4161	275.8800049
4162	275.9599915
4163	275.9200134
4164	275.9599915
4165	275.980011
4166	275.980011
4167	275.9599915
4168	275.8999939
4169	275.8999939
4170	275.9200134
4171	276.0700073
4172	276.0899963
4173	276.0899963
4174	276.0899963
4175	276.1300049
4176	276.1300049
4177	276.1099854
4178	276
4179	275.980011
4180	275.980011
4181	276.0700073
4182	276.230011
4183	276.1700134
4184	276.2799988
4185	276.2600098
4186	276.2600098
4187	276.2099915
4188	276.1499939
4189	276.1499939
4190	276.0700073
4191	276.1099854
4192	276.0899963
4193	276.1499939
4194	276.2099915
4195	276.3200073
4196	276.2600098
4197	276.2099915
4198	276.230011
4199	276.2099915
4200	276.230011
4201	276.230011
4202	276.3399963
4203	276.2999878
4204	276.2799988
4205	276.2799988
4206	276.1700134
4207	276.1700134
4208	276.1499939
4209	276.1300049
4210	276.0700073
4211	275.980011
4212	275.980011
4213	275.9599915
4214	275.9400024
4215	275.9200134
4216	275.8599854
4217	275.8599854
4218	275.8800049
4219	275.8800049
4220	275.8999939
4221	276.0499878
4222	275.980011
4223	276
4224	276.1099854
4225	276.1099854
4226	276.1099854
4227	276.1499939
4228	276.230011
4229	276.2799988
4230	276.1900024
4231	276.2999878
4232	276.2600098
4233	276.2799988
4234	276.3399963
4235	276.230011
4236	276.2099915
4237	276.1499939
4238	276.1900024
4239	276.1499939
4240	276.3200073
4241	276.230011
4242	276.1099854
4243	276.1499939
4244	276.1499939
4245	276.1900024
4246	276.2099915
4247	276.2600098
4248	276.1900024
4249	276.2600098
4250	276.2099915
4251	276.2099915
4252	276.3599854
4253	276.3399963
4254	276.3200073
4255	276.2600098
4256	276.2099915
4257	276.230011
4258	276.1499939
4259	276.0700073
4260	276.1900024
4261	276.230011
4262	276.3399963
4263	276.3599854
4264	276.3599854
4265	276.3599854
4266	276.2799988
4267	276.3399963
4268	276.3200073
4269	276.230011
4270	276.230011
4271	276.2799988
4272	276.3399963
4273	276.2999878
4274	276.3800049
4275	276.3399963
4276	276.3399963
4277	276.3999939
4278	276.4899902
4279	276.4899902
4280	276.3999939
4281	276.3399963
4282	276.3399963
4283	276.3399963
4284	276.3200073
4285	276.3200073
4286	276.3399963
4287	276.3200073
4288	276.2799988
4289	276.1900024
4290	276.1900024
4291	276.1900024
4292	276.2099915
4293	276.230011
4294	276.1900024
4295	276.0899963
4296	276.0899963
4297	276.1099854
4298	276
4299	275.9599915
4300	275.9599915
4301	275.980011
4302	275.9599915
4303	276.0299988
4304	276.0899963
4305	276.0299988
4306	276
4307	276.0299988
4308	276.0899963
4309	276.0899963
4310	276
4311	275.9200134
4312	275.9200134
4313	275.9200134
4314	275.9400024
4315	275.9400024
4316	275.8399963
4317	275.7999878
4318	275.769989
4319	275.8800049
4320	275.8999939
4321	275.9400024
4322	275.9400024
4323	276.0299988
4324	276
4325	275.980011
4326	275.8999939
4327	275.8599854
4328	275.8599854
4329	275.8800049
4330	276
4331	276.0499878
4332	276.0499878
4333	276.0299988
4334	276.0299988
4335	276.0299988
4336	275.9599915
4337	275.9200134
4338	275.9200134
4339	276.0299988
4340	276.2099915
4341	276.1499939
4342	276.1300049
4343	276.0299988
4344	276.0499878
4345	276.0700073
4346	276.0700073
4347	276.0700073
4348	276.0299988
4349	276.1099854
4350	276.1300049
4351	276.0700073
4352	276.0299988
4353	275.980011
4354	275.980011
4355	275.9200134
4356	275.9599915
4357	275.980011
4358	275.980011
4359	276.0499878
4360	276.1099854
4361	276.1099854
4362	276.2799988
4363	276.4899902
4364	276.6300049
4365	276.6700134
4366	276.7999878
4367	276.8599854
4368	276.8200073
4369	277.3399963
4370	277.5299988
4371	277.8699951
4372	278.2799988
4373	278.5799866
4374	278.9299927
4375	279.0400085
4376	279.3500061
4377	279.5799866
4378	279.7099915
4379	279.769989
4380	279.8299866
4381	280.0799866
4382	280.0799866
4383	280.230011
4384	280.3099976
4385	280.3500061
4386	280.3500061
4387	280.6499939
4388	280.75
4389	280.8099976
4390	280.8099976
4391	280.75
4392	280.769989
4393	280.769989
4394	280.8999939
4395	281
4396	281.019989
4397	281.0400085
4398	281.1099854
4399	281.019989
4400	281.0700073
4401	281.1300049
4402	281.1700134
4403	281.1499939
4404	281.1300049
4405	281.1099854
4406	281.1300049
4407	281.2099915
4408	281.269989
4409	281.3399963
4410	281.2999878
4411	281.3599854
4412	281.3399963
4413	281.3200073
4414	281.3399963
4415	281.3999939
4416	281.4200134
4417	281.4599915
4418	281.4599915
4419	281.3999939
4420	281.3399963
4421	281.3999939
4422	281.4200134
4423	281.480011
4424	281.4599915
4425	281.4599915
4426	281.5899963
4427	281.6300049
4428	281.6300049
4429	281.5299988
4430	281.5
4431	281.5299988
4432	281.5299988
4433	281.5299988
4434	281.5299988
4435	281.5299988
4436	281.5299988
4437	281.6300049
4438	281.6499939
4439	281.7099915
4440	281.6099854
4441	281.6099854
4442	281.6099854
4443	281.6700134
4444	281.5899963
4445	281.6499939
4446	281.6499939
4447	281.6099854
4448	281.6099854
4449	281.6099854
4450	281.6499939
4451	281.6700134
4452	281.5899963
4453	281.6300049
4454	281.6099854
4455	281.5899963
4456	281.6300049
4457	281.6300049
4458	281.7099915
4459	281.730011
4460	281.730011
4461	281.730011
4462	281.730011
4463	281.7600098
4464	281.7600098
4465	281.8200073
4466	281.7600098
4467	281.7600098
4468	281.8599854
4469	281.7600098
4470	281.7999878
4471	281.7799988
4472	281.8399963
4473	281.8599854
4474	281.8999939
4475	281.8800049
4476	281.8800049
4477	281.8599854
4478	281.8399963
4479	281.7999878
4480	281.8200073
4481	281.7799988
4482	281.7099915
4483	281.6900024
4484	281.7099915
4485	281.7799988
4486	281.7999878
4487	281.8200073
4488	281.7999878
4489	281.7999878
4490	281.8599854
4491	281.7999878
4492	281.8200073
4493	281.7999878
4494	281.7600098
4495	281.7799988
4496	281.7799988
4497	281.730011
4498	281.730011
4499	281.6900024
4500	281.6900024
4501	281.8200073
4502	281.7799988
4503	281.7799988
4504	281.7799988
4505	281.730011
4506	281.7999878
4507	281.8599854
4508	281.8800049
4509	281.8399963
4510	281.8800049
4511	281.8200073
4512	281.8399963
4513	281.7600098
4514	281.7799988
4515	281.6900024
4516	281.7999878
4517	281.8599854
4518	281.7999878
4519	281.8599854
4520	281.7999878
4521	281.7799988
4522	281.7999878
4523	281.7600098
4524	281.7600098
4525	281.8399963
4526	281.8599854
4527	281.7999878
4528	281.7999878
4529	281.7999878
4530	281.8200073
4531	281.730011
4532	281.7999878
4533	281.7099915
4534	281.730011
4535	281.730011
4536	281.6700134
4537	281.3999939
4538	281.3999939
4539	281.2999878
4540	281.1499939
4541	281.1700134
4542	281.1700134
4543	281.2099915
4544	281.230011
4545	281.25
4546	281.25
4547	281.1900024
4548	281.1300049
4549	280.9599915
4550	279.730011
4551	279.3900146
4552	278.6199951
4553	277.3900146
4554	276.6900024
4555	275.2900085
4556	274.5799866
4557	273.0100098
4558	271.3200073
4559	270
4560	269.1000061
4561	268.8900146
4562	268.5
4563	268.4100037
4564	268.4100037
4565	268.75
4566	268.9599915
4567	268.9599915
4568	269.5
4569	270.230011
4570	270.6499939
4571	271.3200073
4572	271.8399963
4573	272.1799927
4574	272.1799927
4575	272.5499878
4576	272.7799988
4577	272.9500122
4578	273.1199951
4579	273.3299866
4580	273.3699951
4581	273.519989
4582	273.6799927
4583	273.75
4584	273.8099976
4585	273.8299866
4586	273.9299927
4587	274
4588	274.1400146
4589	274.519989
4590	274.480011
4591	274.6900024
4592	274.7900085
4593	274.8299866
4594	274.8099976
4595	274.8299866
4596	275
4597	275.1300049
4598	275.1900024
4599	275.1900024
4600	275.2099915
4601	275.2900085
4602	275.3599854
4603	275.4400024
4604	275.3999939
4605	275.480011
4606	275.480011
4607	275.730011
4608	275.6499939
4609	275.6300049
4610	275.5899963
4611	275.5700073
4612	275.6900024
4613	275.6900024
4614	275.6700134
4615	275.75
4616	275.769989
4617	275.8999939
4618	275.9400024
4619	275.8999939
4620	275.9200134
4621	276.0299988
4622	276.0299988
4623	275.8800049
4624	275.8399963
4625	275.8399963
4626	275.7999878
4627	275.769989
4628	275.8399963
4629	275.9400024
4630	276.0299988
4631	275.9599915
4632	276
4633	276
4634	275.980011
4635	276.1099854
4636	276.1900024
4637	276.1300049
4638	276.1300049
4639	276.1700134
4640	276.2600098
4641	276.230011
4642	276.2799988
4643	276.2099915
4644	276
4645	276
4646	276.0499878
4647	276.0700073
4648	276.1700134
4649	276.1499939
4650	276.0899963
4651	276.0700073
4652	276.0899963
4653	275.980011
4654	275.980011
4655	276
4656	276.0899963
4657	276.2099915
4658	276.230011
4659	276.2799988
4660	276.3399963
4661	276.3800049
4662	276.3599854
4663	276.3399963
4664	276.230011
4665	276.1499939
4666	276.0899963
4667	276.1499939
4668	276.0899963
4669	276.1300049
4670	276.1300049
4671	276.0299988
4672	276.0299988
4673	276.1099854
4674	276.2600098
4675	276.2600098
4676	276.1900024
4677	276.1900024
4678	276.2099915
4679	276.1499939
4680	276.1499939
4681	276.230011
4682	276.1900024
4683	276.3200073
4684	276.3200073
4685	276.230011
4686	276.1499939
4687	276.1099854
4688	275.980011
4689	275.8599854
4690	276
4691	276.0700073
4692	276.1499939
4693	276.1900024
4694	276.2600098
4695	276.1900024
4696	276.1099854
4697	276.1499939
4698	276.1300049
4699	276.0899963
4700	276.1099854
4701	276.0899963
4702	276.1099854
4703	276.1300049
4704	276.1499939
4705	276.1300049
4706	276.1900024
4707	276.1700134
4708	276.1700134
4709	276.1700134
4710	276.3200073
4711	276.3399963
4712	276.3399963
4713	276.2799988
4714	276.1900024
4715	276.0899963
4716	276.0899963
4717	276.1300049
4718	276.1300049
4719	276.1700134
4720	276.1700134
4721	276.1099854
4722	276.230011
4723	276.230011
4724	276.3599854
4725	276.3599854
4726	276.3200073
4727	276.3399963
4728	276.230011
4729	276.3200073
4730	276.3399963
4731	276.2999878
4732	276.2600098
4733	276.2799988
4734	276.2600098
4735	276.2799988
4736	276.3599854
4737	276.4200134
4738	276.4400024
4739	276.5100098
4740	276.6300049
4741	276.6300049
4742	276.5299988
4743	276.5100098
4744	276.4899902
4745	276.4599915
4746	276.3999939
4747	276.3399963
4748	276.3399963
4749	276.2099915
4750	276.2099915
4751	276.1499939
4752	276.1499939
4753	276.3599854
4754	276.2600098
4755	276.2600098
4756	276.2799988
4757	276.3999939
4758	276.3599854
4759	276.3800049
4760	276.230011
4761	276.1900024
4762	276.1099854
4763	275.980011
4764	276.0299988
4765	276.0299988
4766	276.1499939
4767	276.1700134
4768	276.2999878
4769	276.2600098
4770	276.2099915
4771	276.1499939
4772	276.0899963
4773	276.0700073
4774	276.1700134
4775	276.2600098
4776	276.2600098
4777	276.1300049
4778	276.1499939
4779	276.1900024
4780	276.1900024
4781	276.1099854
4782	276.0700073
4783	276.1300049
4784	276.0299988
4785	276
4786	275.9200134
4787	275.9200134
4788	275.8599854
4789	275.8800049
4790	275.8599854
4791	275.8599854
4792	275.769989
4793	275.8800049
4794	275.8599854
4795	275.8200073
4796	275.9400024
4797	275.9400024
4798	276.0299988
4799	276
4800	275.9200134
4801	275.8999939
4802	276.0299988
4803	275.980011
4804	276.0899963
4805	276.1300049
4806	276.0899963
4807	276.1499939
4808	276
4809	275.9599915
4810	275.980011
4811	276.1499939
4812	276.1700134
4813	276.1700134
4814	276.0899963
4815	276.1099854
4816	275.9400024
4817	275.8599854
4818	275.7999878
4819	275.7999878
4820	275.7999878
4821	275.7999878
4822	275.75
4823	275.769989
4824	275.8800049
4825	275.8599854
4826	275.8599854
4827	275.9599915
4828	276
4829	276
4830	276.0499878
4831	276.0299988
4832	275.980011
4833	275.9200134
4834	275.980011
4835	276.0899963
4836	276.1700134
4837	276.3800049
4838	276.5100098
4839	276.5899963
4840	276.5700073
4841	276.7600098
4842	276.8599854
4843	277.0700073
4844	277.4299927
4845	277.7200012
4846	278.2200012
4847	278.4299927
4848	278.8500061
4849	279.2000122
4850	279.4599915
4851	279.4599915
4852	279.75
4853	279.8500061
4854	279.8900146
4855	280.019989
4856	280.1499939
4857	280.25
4858	280.25
4859	280.3800049
4860	280.480011
4861	280.6099854
4862	280.6300049
4863	280.730011
4864	280.769989
4865	280.769989
4866	280.8800049
4867	280.8999939
4868	280.8999939
4869	281.0400085
4870	280.980011
4871	281.0700073
4872	281.1099854
4873	281.1300049
4874	281.1300049
4875	281.1900024
4876	281.230011
4877	281.2099915
4878	281.3200073
4879	281.3999939
4880	281.3800049
4881	281.4599915
4882	281.5299988
4883	281.5700073
4884	281.6300049
4885	281.5299988
4886	281.5
4887	281.5
4888	281.5700073
4889	281.6300049
4890	281.6300049
4891	281.6300049
4892	281.6300049
4893	281.6499939
4894	281.730011
4895	281.6700134
4896	281.6900024
4897	281.6900024
4898	281.7099915
4899	281.6900024
4900	281.6300049
4901	281.7099915
4902	281.7799988
4903	281.7600098
4904	281.730011
4905	281.6700134
4906	281.6900024
4907	281.6700134
4908	281.6700134
4909	281.6700134
4910	281.6700134
4911	281.6099854
4912	281.6099854
4913	281.5899963
4914	281.6499939
4915	281.6499939
4916	281.6900024
4917	281.6700134
4918	281.7600098
4919	281.6700134
4920	281.7099915
4921	281.730011
4922	281.730011
4923	281.7600098
4924	281.730011
4925	281.6900024
4926	281.6900024
4927	281.7099915
4928	281.7600098
4929	281.7600098
4930	281.6900024
4931	281.6700134
4932	281.7099915
4933	281.6700134
4934	281.6900024
4935	281.7799988
4936	281.7799988
4937	281.6900024
4938	281.6499939
4939	281.6700134
4940	281.7799988
4941	281.7799988
4942	281.7799988
4943	281.7999878
4944	281.8200073
4945	281.8200073
4946	281.7600098
4947	281.7799988
4948	281.8399963
4949	281.730011
4950	281.6900024
4951	281.8800049
4952	281.8800049
4953	281.730011
4954	281.7799988
4955	281.7999878
4956	281.8800049
4957	281.8999939
4958	281.8399963
4959	281.7799988
4960	281.8200073
4961	281.8200073
4962	281.8399963
4963	281.8800049
4964	281.8399963
4965	281.8800049
4966	281.8200073
4967	281.730011
4968	281.730011
4969	281.8599854
4970	281.8999939
4971	281.9200134
4972	281.9200134
4973	281.9200134
4974	281.9400024
4975	281.9599915
4976	281.9899902
4977	282.0100098
4978	281.9400024
4979	281.8599854
4980	281.9400024
4981	281.8200073
4982	281.8800049
4983	281.9400024
4984	282.0100098
4985	281.9899902
4986	281.9899902
4987	282.0100098
4988	281.8999939
4989	281.9400024
4990	281.9599915
4991	281.9200134
4992	282.0100098
4993	282.0100098
4994	281.9400024
4995	281.9200134
4996	281.8800049
4997	281.8999939
4998	281.9400024
4999	281.8399963
5000	281.8399963
5001	281.9899902
5002	281.9599915
5003	281.8800049
5004	281.8599854
5005	282.0299988
5006	282.0100098
5007	282.0100098
5008	281.8999939
5009	281.8399963
5010	281.7099915
5011	281.3599854
5012	281.1900024
5013	281.1900024
5014	281.0700073
5015	281.0700073
5016	281.230011
5017	281.0899963
5018	281.0400085
5019	280.7900085
5020	280.769989
5021	280.730011
5022	280.3800049
5023	280.0599976
5024	279.4100037
5025	278.4500122
5026	277.8699951
5027	276.3599854
5028	275.4200134
5029	273.4100037
5030	271.8599854
5031	270.480011
5032	270.480011
5033	268.730011
5034	268.1400146
5035	268
5036	267.9100037
5037	267.9700012
5038	268.1600037
5039	268.1600037
5040	269.0400085
5041	269.5400085
5042	269.6700134
5043	270.0700073
5044	270.480011
5045	270.7999878
5046	271.0299988
5047	271.9100037
5048	272.3900146
5049	272.6000061
5050	272.7799988
5051	272.8500061
5052	273.0599976
5053	273.1600037
5054	273.5400085
5055	273.6400146
5056	273.730011
5057	273.8299866
5058	273.980011
5059	274.25
5060	274.3699951
5061	274.6000061
5062	274.6199951
5063	274.6000061
5064	274.75
5065	274.8299866
5066	274.7900085
5067	274.8500061
5068	274.9599915
5069	275
5070	275.019989
5071	275.019989
5072	275.1099854
5073	275.1499939
5074	275.1700134
5075	275.1900024
5076	275.3399963
5077	275.480011
5078	275.480011
5079	275.4200134
5080	275.4599915
5081	275.480011
5082	275.6499939
5083	275.75
5084	275.7099915
5085	275.75
5086	275.75
5087	275.75
5088	275.5700073
5089	275.5400085
5090	275.480011
5091	275.5400085
5092	275.6099854
5093	275.6499939
5094	275.6499939
5095	275.6300049
5096	275.6700134
5097	275.75
5098	275.8800049
5099	275.8999939
5100	275.9599915
5101	276.0700073
5102	276.1499939
5103	276.1499939
5104	276.2600098
5105	276.1099854
5106	276.1099854
5107	276
5108	275.9200134
5109	276.0499878
5110	276.0499878
5111	276.1900024
5112	276.1300049
5113	276.1099854
5114	275.9400024
5115	275.8599854
5116	275.730011
5117	275.730011
5118	275.7999878
5119	275.9599915
5120	275.9400024
5121	276
5122	276.0700073
5123	276.0899963
5124	276.0700073
5125	276.1499939
5126	276.1300049
5127	276.1099854
5128	276.1099854
5129	276.2099915
5130	276.1099854
5131	276.2099915
5132	276.230011
5133	276.230011
5134	276.1300049
5135	276.1099854
5136	276.1300049
5137	276.1900024
5138	276.1900024
5139	276.3800049
5140	276.2999878
5141	276.2799988
5142	276.2799988
5143	276.3399963
5144	276.2999878
5145	276.2600098
5146	276.3200073
5147	276.3399963
5148	276.3599854
5149	276.3599854
5150	276.2999878
5151	276.2799988
5152	276.3200073
5153	276.2799988
5154	276.2999878
5155	276.3999939
5156	276.3800049
5157	276.4400024
5158	276.4200134
5159	276.3999939
5160	276.4200134
5161	276.3800049
5162	276.4400024
5163	276.3599854
5164	276.230011
5165	276.1700134
5166	276.3399963
5167	276.4899902
5168	276.4899902
5169	276.4899902
5170	276.4200134
5171	276.3800049
5172	276.3800049
5173	276.3999939
5174	276.3999939
5175	276.3599854
5176	276.1900024
5177	276.2099915
5178	276.3599854
5179	276.2799988
5180	276.2600098
5181	276.2600098
5182	276.1700134
5183	276.1499939
5184	276.1700134
5185	276.0899963
5186	276.0700073
5187	276.1499939
5188	276.1499939
5189	276.2799988
5190	276.2099915
5191	276.2099915
5192	276.1499939
5193	276.0700073
5194	276
5195	276
5196	275.980011
5197	275.980011
5198	275.9400024
5199	276
5200	276.0499878
5201	276.0299988
5202	276.0700073
5203	276.1300049
5204	276.1700134
5205	276.1700134
5206	276.1499939
5207	276.0899963
5208	276.1099854
5209	276.1300049
5210	276.1300049
5211	276.230011
5212	276.2999878
5213	276.2999878
5214	276.3200073
5215	276.3399963
5216	276.3200073
5217	276.3599854
5218	276.230011
5219	276.2799988
5220	276.2799988
5221	276.2999878
5222	276.2799988
5223	276.230011
5224	276.230011
5225	276.2600098
5226	276.2600098
5227	276.2600098
5228	276.230011
5229	276.3200073
5230	276.2999878
5231	276.3399963
5232	276.4400024
5233	276.4599915
5234	276.4400024
5235	276.3399963
5236	276.3599854
5237	276.2600098
5238	276.2099915
5239	276.2099915
5240	276.1700134
5241	276.1499939
5242	276.1499939
5243	276.0899963
5244	276.0899963
5245	276.0700073
5246	276.0299988
5247	276.0299988
5248	276.0700073
5249	276.0299988
5250	276.0700073
5251	275.980011
5252	275.980011
5253	275.8999939
5254	276
5255	276
5256	275.9599915
5257	276.0700073
5258	276
5259	276
5260	276.1099854
5261	276.0499878
5262	276.0899963
5263	276.0899963
5264	276
5265	275.9599915
5266	275.8599854
5267	275.9200134
5268	275.9599915
5269	276.1499939
5270	276.1099854
5271	276.1099854
5272	276.1300049
5273	276.1099854
5274	276.1300049
5275	276.0499878
5276	276.1099854
5277	276.0899963
5278	276.1099854
5279	276.0700073
5280	276.1300049
5281	276.0899963
5282	275.980011
5283	275.9400024
5284	275.9400024
5285	275.8999939
5286	275.9599915
5287	276
5288	276.0299988
5289	275.9599915
5290	276.1099854
5291	276.1099854
5292	275.9599915
5293	275.8800049
5294	275.980011
5295	275.9400024
5296	275.9400024
5297	275.9400024
5298	275.9400024
5299	275.980011
5300	275.980011
5301	275.9599915
5302	276.0899963
5303	276.0499878
5304	276.0700073
5305	276.1099854
5306	276.1300049
5307	276.2600098
5308	276.2099915
5309	276.3399963
5310	276.3800049
5311	276.7200012
5312	276.7399902
5313	276.9500122
5314	277.1099854
5315	277.2799988
5316	277.7200012
5317	277.9500122
5318	278.3900146
5319	278.5100098
5320	278.8699951
5321	279.1400146
5322	279.4599915
5323	279.4599915
5324	279.8099976
5325	279.9400024
5326	279.9599915
5327	280.1499939
5328	280.230011
5329	280.230011
5330	280.230011
5331	280.4400024
5332	280.5599976
5333	280.5599976
5334	280.6499939
5335	280.75
5336	280.75
5337	280.769989
5338	280.8800049
5339	280.8999939
5340	280.8800049
5341	280.9599915
5342	281.0700073
5343	281.019989
5344	281.0700073
5345	281.1300049
5346	281.1900024
5347	281.1300049
5348	281.1300049
5349	281.1700134
5350	281.25
5351	281.230011
5352	281.269989
5353	281.3399963
5354	281.3399963
5355	281.3399963
5356	281.4200134
5357	281.480011
5358	281.4599915
5359	281.3800049
5360	281.3399963
5361	281.3800049
5362	281.3800049
5363	281.3999939
5364	281.3399963
5365	281.4400024
5366	281.3999939
5367	281.5
5368	281.5499878
5369	281.5499878
5370	281.5899963
5371	281.6099854
5372	281.6099854
5373	281.6099854
5374	281.5700073
5375	281.6099854
5376	281.5299988
5377	281.5299988
5378	281.5700073
5379	281.6499939
5380	281.6499939
5381	281.6499939
5382	281.7099915
5383	281.730011
5384	281.6900024
5385	281.6300049
5386	281.5700073
5387	281.4599915
5388	281.5299988
5389	281.5
5390	281.5
5391	281.5
5392	281.5499878
5393	281.5700073
5394	281.5700073
5395	281.6300049
5396	281.6099854
5397	281.6099854
5398	281.5499878
5399	281.6099854
5400	281.6099854
5401	281.6099854
5402	281.6900024
5403	281.7099915
5404	281.6900024
5405	281.6900024
5406	281.7999878
5407	281.6700134
5408	281.7099915
5409	281.6499939
5410	281.7099915
5411	281.6900024
5412	281.730011
5413	281.7600098
5414	281.6900024
5415	281.6700134
5416	281.730011
5417	281.7600098
5418	281.6900024
5419	281.8200073
5420	281.7799988
5421	281.7999878
5422	281.8399963
5423	281.7099915
5424	281.7099915
5425	281.730011
5426	281.730011
5427	281.7099915
5428	281.7600098
5429	281.6700134
5430	281.730011
5431	281.7099915
5432	281.6099854
5433	281.6099854
5434	281.7799988
5435	281.8599854
5436	281.8200073
5437	281.8800049
5438	281.7999878
5439	281.8200073
5440	281.8200073
5441	281.8200073
5442	281.8399963
5443	281.8399963
5444	281.7799988
5445	281.8599854
5446	281.8200073
5447	281.7600098
5448	281.730011
5449	281.730011
5450	281.8399963
5451	281.7799988
5452	281.8399963
5453	281.8599854
5454	281.8200073
5455	281.8599854
5456	281.8599854
5457	281.9599915
5458	281.8999939
5459	281.8800049
5460	281.8800049
5461	281.8599854
5462	281.8399963
5463	281.9400024
5464	281.9599915
5465	281.9599915
5466	281.9899902
5467	282.0299988
5468	281.8999939
5469	281.8999939
5470	281.8999939
5471	281.8599854
5472	281.8599854
5473	281.9599915
5474	281.8999939
5475	281.9599915
5476	281.8999939
5477	281.8800049
5478	281.8800049
5479	281.8800049
5480	281.9599915
5481	282.0100098
5482	281.9599915
5483	281.7799988
5484	281.6300049
5485	281.480011
5486	281.3399963
5487	281.1099854
5488	281.019989
5489	280.9599915
5490	280.8599854
5491	280.75
5492	280.75
5493	280.769989
5494	280.7900085
5495	280.6900024
5496	280.269989
5497	280.269989
5498	278.8099976
5499	277.3900146
5500	276.5899963
5501	274.519989
5502	272.6799927
5503	270.8599854
5504	270.8599854
5505	268.7099915
5506	267.9299927
5507	267.7200012
5508	267.6400146
5509	267.8299866
5510	268
5511	268
5512	268.2000122
5513	268.5
5514	268.6900024
5515	269.230011
5516	269.769989
5517	270.0400085
5518	270.2999878
5519	271.2799988
5520	271.4700012
5521	271.7000122
5522	272.0700073
5523	272.1099854
5524	272.5100098
5525	272.6600037
5526	273.3099976
5527	273.3900146
5528	273.5799866
5529	273.8099976
5530	273.9599915
5531	274.1600037
5532	274.1600037
5533	274.3299866
5534	274.5599976
5535	274.75
5536	274.75
5537	274.8800049
5538	274.8800049
5539	274.9599915
5540	275.019989
5541	275.019989
5542	275.1900024
5543	275.1900024
5544	275.230011
5545	275.2099915
5546	275.269989
5547	275.3099976
5548	275.3999939
5549	275.269989
5550	275.3399963
5551	275.4400024
5552	275.6099854
5553	275.6700134
5554	275.7099915
5555	275.75
5556	275.730011
5557	275.7999878
5558	275.8800049
5559	275.8399963
5560	275.8399963
5561	275.9599915
5562	275.9200134
5563	275.9400024
5564	275.9200134
5565	275.8800049
5566	276
5567	276.0700073
5568	276.1300049
5569	276.1499939
5570	276.0899963
5571	276.0700073
5572	275.980011
5573	276
5574	276.1099854
5575	276.1099854
5576	276.1700134
5577	276.2099915
5578	276.1900024
5579	276.1499939
5580	276.0899963
5581	276.0700073
5582	276.0700073
5583	276.0499878
5584	276.0299988
5585	276.1099854
5586	276.0700073
5587	276.1099854
5588	276.1499939
5589	276.1300049
5590	276.0700073
5591	276.0700073
5592	276
5593	276.0299988
5594	275.9400024
5595	276.0899963
5596	276.1499939
5597	276.2099915
5598	276.2600098
5599	276.1900024
5600	276
5601	275.9599915
5602	275.9200134
5603	276.0499878
5604	276.0700073
5605	276.1099854