1	285.35001
2	285.37
3	285.25
4	285.29001
5	285.35001
6	285.39001
7	285.39001
8	285.37
9	285.44
10	285.35001
11	285.39001
12	285.39001
13	285.39001
14	285.42001
15	285.32999
16	285.37
17	285.31
18	285.25
19	285.32999
20	285.32999
21	285.32999
22	285.35001
23	285.37
24	285.42001
25	285.37
26	285.31
27	285.32999
28	285.45999
29	285.48001
30	285.39001
31	285.48001
32	285.51999
33	285.60001
34	285.56
35	285.62
36	285.67001
37	285.70999
38	285.73001
39	285.73001
40	285.79001
41	285.85001
42	285.94
43	285.88
44	285.79001
45	285.79001
46	285.89999
47	285.94
48	286
49	286.10999
50	286.14999
51	286.10999
52	286.10999
53	286.25
54	286.23001
55	286.25
56	286.23001
57	286.34
58	286.25
59	286.25
60	286.35999
61	286.39999
62	286.44
63	286.48001
64	286.57001
65	286.51999
66	286.57001
67	286.39999
68	286.45999
69	286.44
70	286.44
71	286.48001
72	286.57001
73	286.59
74	286.60999
75	286.67001
76	286.69
77	286.69
78	286.69
79	286.70999
80	286.75
81	286.73001
82	286.64999
83	286.69
84	286.69
85	286.82001
86	286.89999
87	286.92001
88	287.10999
89	287.35999
90	287.42001
91	287.42001
92	287.54999
93	287.70001
94	287.63
95	287.60999
96	287.59
97	287.59
98	287.59
99	287.82001
100	287.73999
101	287.70001
102	287.78
103	287.72
104	287.72
105	287.78
106	287.92999
107	288.01001
108	288.03
109	288.10999
110	288.10999
111	288.10999
112	288.04999
113	288.16
114	288.03
115	288.07001
116	288.16
117	288.23999
118	288.42999
119	288.39001
120	288.47
121	288.48999
122	288.48999
123	288.48999
124	288.73999
125	288.98999
126	289.16
127	289.60001
128	289.87
129	290.12
130	290.12
131	290.56
132	290.81
133	290.92001
134	291.06
135	291.23001
136	291.25
137	291.26999
138	291.35001
139	291.39999
140	291.45999
141	291.69
142	291.64999
143	291.75
144	291.75
145	291.85999
146	291.88
147	292.01999
148	292.01999
149	292.04999
150	292.09
151	292.10999
152	292.17001
153	292.20999
154	292.17001
155	292.17001
156	292.20999
157	292.20999
158	292.20999
159	292.20999
160	292.28
161	292.32001
162	292.32001
163	292.29999
164	292.28
165	292.25
166	292.35999
167	292.44
168	292.45999
169	292.44
170	292.38
171	292.39999
172	292.44
173	292.45999
174	292.44
175	292.39999
176	292.44
177	292.39999
178	292.39999
179	292.44
180	292.48001
181	292.44
182	292.45999
183	292.45999
184	292.38
185	292.42001
186	292.44
187	292.51001
188	292.53
189	292.53
190	292.45999
191	292.53
192	292.51001
193	292.51001
194	292.51001
195	292.57001
196	292.57001
197	292.60999
198	292.63
199	292.63
200	292.57001
201	292.57001
202	292.54999
203	292.57001
204	292.57001
205	292.57001
206	292.53
207	292.51001
208	292.59
209	292.64999
210	292.63
211	292.60999
212	292.59
213	292.53
214	292.54999
215	292.53
216	292.57001
217	292.60999
218	292.63
219	292.67001
220	292.73999
221	292.70999
222	292.70999
223	292.64999
224	292.63
225	292.59
226	292.59
227	292.54999
228	292.53
229	292.57001
230	292.63
231	292.54999
232	292.63
233	292.63
234	292.73999
235	292.69
236	292.67001
237	292.69
238	292.73999
239	292.73999
240	292.73999
241	292.76001
242	292.84
243	292.82001
244	292.70999
245	292.69
246	292.70999
247	292.73999
248	292.79999
249	292.84
250	292.73999
251	292.69
252	292.73999
253	292.73999
254	292.70999
255	292.69
256	292.79999
257	292.73999
258	292.70999
259	292.76001
260	292.67001
261	292.64999
262	292.78
263	292.73999
264	292.76001
265	292.76001
266	292.70999
267	292.73999
268	292.84
269	292.79999
270	292.84
271	292.78
272	292.78
273	292.76001
274	292.69
275	292.73999
276	292.67001
277	292.73999
278	292.73999
279	292.70999
280	292.67001
281	292.67001
282	292.76001
283	292.70999
284	292.79999
285	292.76001
286	292.78
287	292.64999
288	292.73999
289	292.73999
290	292.79999
291	292.79999
292	292.78
293	292.70999
294	292.44
295	292.32001
296	292.20999
297	292.20999
298	292.04999
299	292.14999
300	292.07001
301	292.07001
302	292.07001
303	291.94
304	291.94
305	291.42001
306	290.73001
307	290.17999
308	289.03
309	287.78
310	285.94
311	285.94
312	283.04999
313	282.63
314	282.09
315	281.94
316	281.60001
317	281.51999
318	281.57999
319	281.76999
320	281.92001
321	282.38
322	282.85999
323	282.87999
324	282.93
325	283.14999
326	283.23999
327	283.44999
328	283.51001
329	283.98999
330	284.12
331	284.42999
332	284.57999
333	284.98001
334	285.16
335	285.44
336	285.44
337	285.75
338	285.85001
339	285.81
340	285.98001
341	286.07999
342	286.10999
343	286.10999
344	286.48001
345	286.59
346	286.59
347	286.60999
348	286.70999
349	286.79999
350	286.79999
351	286.95999
352	286.95999
353	287.01001
354	287.10999
355	287.20999
356	287.23999
357	287.23999
358	287.32001
359	287.32001
360	287.34
361	287.44
362	287.51001
363	287.48999
364	287.51001
365	287.51001
366	287.54999
367	287.64999
368	287.64999
369	287.76001
370	287.73999
371	287.70001
372	287.67001
373	287.76001
374	287.67001
375	287.67001
376	287.79999
377	287.79999
378	287.82001
379	287.85999
380	287.84
381	287.92999
382	287.92999
383	287.95001
384	287.88
385	287.97
386	287.92999
387	287.97
388	287.92999
389	287.97
390	287.89999
391	288.01001
392	287.98999
393	287.97
394	287.97
395	287.89999
396	288.01001
397	287.95001
398	287.89999
399	287.95001
400	288.04999
401	288.01001
402	287.98999
403	287.97
404	287.89999
405	288.10999
406	288.10999
407	288.10999
408	287.98999
409	288.03
410	287.97
411	287.98999
412	288.03
413	288.07001
414	288.07001
415	288.13
416	288.10999
417	288.09
418	288.16
419	288.13
420	288.04999
421	288.04999
422	288.22
423	288.22
424	288.32001
425	288.28
426	288.23999
427	288.20001
428	288.20001
429	288.16
430	288.22
431	288.28
432	288.23999
433	288.28
434	288.16
435	288.17999
436	288.16
437	288.22
438	288.22
439	288.16
440	288.09
441	288.20001
442	288.13
443	288.23999
444	288.23999
445	288.28
446	288.28
447	288.26001
448	288.23999
449	288.17999
450	288.01001
451	287.98999
452	288.07001
453	288.07001
454	288.41
455	288.32001
456	288.32001
457	288.35999
458	288.35999
459	288.26001
460	288.26001
461	288.13
462	288.20001
463	288.28
464	288.39001
465	288.17999
466	288.13
467	288.17999
468	288.20001
469	288.20001
470	288.16
471	288.22
472	288.23999
473	288.35999
474	288.35999
475	288.41
476	288.34
477	288.45001
478	288.45001
479	288.35999
480	288.41
481	288.45001
482	288.35999
483	288.32001
484	288.23999
485	288.23999
486	288.39001
487	288.35999
488	288.35999
489	288.42999
490	288.35999
491	288.29999
492	288.29999
493	288.22
494	288.28
495	288.17999
496	288.26001
497	288.35999
498	288.32001
499	288.32001
500	288.29999
501	288.29999
502	288.29999
503	288.29999
504	288.34
505	288.35999
506	288.34
507	288.29999
508	288.32001
509	288.35999
510	288.45001
511	288.35999
512	288.29999
513	288.35999
514	288.29999
515	288.29999
516	288.35999
517	288.35999
518	288.39001
519	288.41
520	288.39001
521	288.48999
522	288.42999
523	288.48999
524	288.48999
525	288.42999
526	288.39001
527	288.41
528	288.47
529	288.39001
530	288.35999
531	288.41
532	288.53
533	288.51001
534	288.45001
535	288.53
536	288.42999
537	288.39001
538	288.39001
539	288.45001
540	288.48999
541	288.48999
542	288.51001
543	288.57001
544	288.59
545	288.57001
546	288.62
547	288.51001
548	288.54999
549	288.54999
550	288.51001
551	288.45001
552	288.48999
553	288.41
554	288.35999
555	288.48999
556	288.48999
557	288.48999
558	288.35999
559	288.41
560	288.48999
561	288.42999
562	288.48999
563	288.48999
564	288.48999
565	288.48999
566	288.48999
567	288.48999
568	288.35999
569	288.41
570	288.39001
571	288.35999
572	288.42999
573	288.53
574	288.53
575	288.48999
576	288.45001
577	288.48999
578	288.47
579	288.51001
580	288.47
581	288.53
582	288.48999
583	288.39001
584	288.39001
585	288.29999
586	288.32001
587	288.42999
588	288.42999
589	288.45001
590	288.53
591	288.62
592	288.79999
593	288.91
594	288.91
595	288.91
596	288.95001
597	289.10001
598	289.14001
599	289.41
600	289.66
601	289.87
602	290
603	290.37
604	290.62
605	290.66
606	290.82999
607	290.95999
608	291.04001
609	291.12
610	291.31
611	291.35001
612	291.45999
613	291.51999
614	291.56
615	291.69
616	291.70999
617	291.84
618	291.76999
619	291.82001
620	291.92001
621	291.94
622	292.01999
623	292.01999
624	292.09
625	292.13
626	292.14999
627	292.14999
628	292.14999
629	292.17001
630	292.17001
631	292.23001
632	292.34
633	292.34
634	292.34
635	292.34
636	292.29999
637	292.34
638	292.34
639	292.28
640	292.35999
641	292.35999
642	292.42001
643	292.44
644	292.35999
645	292.34
646	292.38
647	292.38
648	292.38
649	292.39999
650	292.35999
651	292.51001
652	292.45999
653	292.51001
654	292.45999
655	292.48001
656	292.38
657	292.45999
658	292.44
659	292.44
660	292.42001
661	292.45999
662	292.48001
663	292.51001
664	292.54999
665	292.60999
666	292.60999
667	292.53
668	292.54999
669	292.57001
670	292.53
671	292.63
672	292.70999
673	292.70999
674	292.51001
675	292.57001
676	292.57001
677	292.53
678	292.60999
679	292.59
680	292.59
681	292.57001
682	292.53
683	292.54999
684	292.59
685	292.59
686	292.51001
687	292.59
688	292.48001
689	292.57001
690	292.53
691	292.57001
692	292.57001
693	292.59
694	292.59
695	292.54999
696	292.53
697	292.48001
698	292.48001
699	292.57001
700	292.54999
701	292.54999
702	292.48001
703	292.51001
704	292.44
705	292.44
706	292.51001
707	292.57001
708	292.60999
709	292.54999
710	292.64999
711	292.57001
712	292.57001
713	292.53
714	292.51001
715	292.44
716	292.53
717	292.51001
718	292.48001
719	292.57001
720	292.67001
721	292.73999
722	292.60999
723	292.59
724	292.64999
725	292.60999
726	292.60999
727	292.63
728	292.60999
729	292.64999
730	292.64999
731	292.64999
732	292.60999
733	292.54999
734	292.59
735	292.48001
736	292.51001
737	292.51001
738	292.57001
739	292.64999
740	292.60999
741	292.60999
742	292.59
743	292.60999
744	292.60999
745	292.63
746	292.60999
747	292.73999
748	292.70999
749	292.73999
750	292.69
751	292.67001
752	292.70999
753	292.69
754	292.60999
755	292.67001
756	292.59
757	292.64999
758	292.57001
759	292.59
760	292.67001
761	292.63
762	292.60999
763	292.63
764	292.59
765	292.67001
766	292.51001
767	292.34
768	292.23001
769	292.23001
770	292.10999
771	292.07001
772	292.13
773	291.98001
774	291.98001
775	291.95999
776	291.95999
777	291.85999
778	291.64999
779	291.5
780	290.41
781	288.78
782	288.01001
783	287.34
784	285.44
785	284.70001
786	283.12
787	282.78
788	282.07001
789	281.79001
790	281.67001
791	281.75
792	282.01999
793	282.59
794	282.63999
795	282.87
796	282.92999
797	283.20001
798	283.67999
799	283.97
800	284.35001
801	284.35001
802	284.87
803	285.19
804	285.37
805	285.60001
806	285.85001
807	286.06
808	286.06
809	286.38
810	286.42001
811	286.54001
812	286.75
813	286.85999
814	286.94
815	286.94
816	287.01001
817	287.10999
818	287.26001
819	287.39999
820	287.44
821	287.35999
822	287.35999
823	287.53
824	287.54999
825	287.60999
826	287.67001
827	287.67001
828	287.84
829	287.82001
830	287.85999
831	287.84
832	287.85999
833	287.95001
834	287.98999
835	287.97
836	288.07001
837	288.10999
838	288.09
839	288.13
840	288.13
841	288.09
842	288.16
843	288.13
844	288.17999
845	288.22
846	288.22
847	288.22
848	288.13
849	288.20001
850	288.26001
851	288.23999
852	288.29999
853	288.45001
854	288.47
855	288.29999
856	288.47
857	288.51001
858	288.45001
859	288.39001
860	288.53
861	288.53
862	288.53
863	288.53
864	288.53
865	288.42999
866	288.42999
867	288.57001
868	288.59
869	288.64001
870	288.67999
871	288.59
872	288.59
873	288.64001
874	288.72
875	288.72
876	288.70001
877	288.67999
878	288.73999
879	288.73999
880	288.76001
881	288.85001
882	288.73999
883	288.70001
884	288.73999
885	288.79999
886	288.79999
887	288.79999
888	288.76001
889	288.73999
890	288.76001
891	288.82001
892	288.85001
893	288.82001
894	288.82001
895	288.85001
896	288.78
897	288.72
898	288.70001
899	288.78
900	288.78
901	288.76001
902	288.72
903	288.64001
904	288.70001
905	288.73999
906	288.72
907	288.73999
908	288.72
909	288.78
910	288.76001
911	288.76001
912	288.82001
913	288.79999
914	288.82001
915	288.87
916	288.82001
917	288.85001
918	288.85001
919	288.87
920	288.79999
921	288.85001
922	288.78
923	288.85001
924	288.79999
925	288.79999
926	288.85001
927	288.98999
928	288.89001
929	288.79999
930	288.76001
931	288.72
932	288.64001
933	288.72
934	288.78
935	288.73999
936	288.72
937	288.78
938	288.79999
939	288.89001
940	288.79999
941	288.89001
942	288.91
943	288.82001
944	288.85001
945	288.76001
946	288.82001
947	288.79999
948	288.78
949	288.76001
950	288.76001
951	288.73999
952	288.76001
953	288.78
954	288.87
955	288.87
956	288.91
957	288.91
958	288.73999
959	288.73999
960	288.79999
961	288.78
962	288.73999
963	288.78
964	288.67999
965	288.73999
966	288.76001
967	288.72
968	288.79999
969	288.72
970	288.76001
971	288.79999
972	288.79999
973	288.79999
974	288.91
975	288.70001
976	288.67999
977	288.73999
978	288.78
979	288.76001
980	288.66
981	288.70001
982	288.70001
983	288.67999
984	288.76001
985	288.78
986	288.78
987	288.73999
988	288.78
989	288.78
990	288.85001
991	288.95001
992	289.04999
993	289.07999
994	289.10001
995	289.10001
996	289.10001
997	289.04999
998	289.01001
999	289.01001
1000	289.01001
1001	288.89001
1002	288.82001
1003	288.82001
1004	288.82001
1005	288.91
1006	288.89001
1007	288.87
1008	288.91
1009	288.98999
1010	288.95001
1011	289.01001
1012	288.98999
1013	288.85001
1014	288.95001
1015	288.95001
1016	289.01001
1017	289.03
1018	289.03
1019	289.10001
1020	289.01001
1021	289.01001
1022	289.04999
1023	289.04999
1024	289.12
1025	289.12
1026	289.20001
1027	289.22
1028	289.22
1029	289.22
1030	289.17999
1031	289.10001
1032	288.98999
1033	288.95001
1034	288.98999
1035	288.97
1036	288.91
1037	288.89001
1038	288.91
1039	288.95001
1040	288.95001
1041	288.91
1042	289.01001
1043	288.95001
1044	288.91
1045	288.92999
1046	288.92999
1047	288.91
1048	289.01001
1049	289.04999
1050	289.04999
1051	289.01001
1052	289.04999
1053	289.04999
1054	289.03
1055	289.14001
1056	289.12
1057	289.16
1058	289.14001
1059	289.07999
1060	289.07999
1061	289.07999
1062	289.04999
1063	289.04999
1064	289.20001
1065	289.35001
1066	289.39001
1067	289.39001
1068	289.42999
1069	289.51001
1070	289.67999
1071	289.76999
1072	289.92999
1073	290.07999
1074	290.17999
1075	290.57999
1076	290.64001
1077	290.87
1078	291.12
1079	291.20999
1080	291.32999
1081	291.39999
1082	291.56
1083	291.54001
1084	291.57999
1085	291.64999
1086	291.70999
1087	291.76999
1088	291.76999
1089	291.82001
1090	291.82001
1091	291.88
1092	291.88
1093	292.01999
1094	292.04999
1095	292.07001
1096	292.09
1097	292.14999
1098	292.19
1099	292.19
1100	292.23001
1101	292.23001
1102	292.28
1103	292.34
1104	292.35999
1105	292.32001
1106	292.35999
1107	292.32001
1108	292.32001
1109	292.32001
1110	292.44
1111	292.39999
1112	292.34
1113	292.32001
1114	292.42001
1115	292.42001
1116	292.35999
1117	292.39999
1118	292.51001
1119	292.51001
1120	292.48001
1121	292.45999
1122	292.48001
1123	292.54999
1124	292.54999
1125	292.54999
1126	292.54999
1127	292.54999
1128	292.53
1129	292.60999
1130	292.67001
1131	292.67001
1132	292.69
1133	292.63
1134	292.63
1135	292.64999
1136	292.64999
1137	292.69
1138	292.69
1139	292.73999
1140	292.78
1141	292.69
1142	292.60999
1143	292.64999
1144	292.69
1145	292.69
1146	292.64999
1147	292.64999
1148	292.60999
1149	292.67001
1150	292.69
1151	292.63
1152	292.64999
1153	292.67001
1154	292.70999
1155	292.69
1156	292.70999
1157	292.78
1158	292.76001
1159	292.76001
1160	292.70999
1161	292.73999
1162	292.76001
1163	292.76001
1164	292.73999
1165	292.76001
1166	292.73999
1167	292.73999
1168	292.69
1169	292.82001
1170	292.82001
1171	292.76001
1172	292.76001
1173	292.70999
1174	292.57001
1175	292.67001
1176	292.60999
1177	292.59
1178	292.63
1179	292.59
1180	292.60999
1181	292.64999
1182	292.63
1183	292.64999
1184	292.67001
1185	292.64999
1186	292.63
1187	292.67001
1188	292.59
1189	292.59
1190	292.67001
1191	292.70999
1192	292.70999
1193	292.70999
1194	292.67001
1195	292.59
1196	292.64999
1197	292.69
1198	292.78
1199	292.79999
1200	292.79999
1201	292.67001
1202	292.67001
1203	292.69
1204	292.73999
1205	292.73999
1206	292.73999
1207	292.70999
1208	292.73999
1209	292.73999
1210	292.70999
1211	292.70999
1212	292.70999
1213	292.73999
1214	292.76001
1215	292.73999
1216	292.79999
1217	292.76001
1218	292.67001
1219	292.69
1220	292.60999
1221	292.69
1222	292.67001
1223	292.70999
1224	292.64999
1225	292.64999
1226	292.63
1227	292.73999
1228	292.70999
1229	292.70999
1230	292.67001
1231	292.64999
1232	292.67001
1233	292.70999
1234	292.70999
1235	292.70999
1236	292.70999
1237	292.73999
1238	292.69
1239	292.70999
1240	292.48001
1241	292.48001
1242	292.34
1243	292.17001
1244	292.19
1245	292.10999
1246	292.09
1247	292.17001
1248	292.17001
1249	292
1250	291.88
1251	291.75
1252	291.19
1253	290.70999
1254	290.29001
1255	289.76999
1256	287.47
1257	286.64999
1258	284.89001
1259	283.35001
1260	282.70001
1261	281.85999
1262	281.60999
1263	281.44
1264	281.67001
1265	281.92001
1266	282.38
1267	282.67999
1268	283.17999
1269	283.41
1270	283.81
1271	284.20001
1272	284.54001
1273	284.54001
1274	285.10001
1275	285.45999
1276	285.67001
1277	285.88
1278	286.07999
1279	286.42001
1280	286.42001
1281	286.60999
1282	286.75
1283	286.79999
1284	286.88
1285	287.13
1286	287.23999
1287	287.23999
1288	287.32001
1289	287.32001
1290	287.44
1291	287.53
1292	287.63
1293	287.67001
1294	287.76001
1295	287.95001
1296	287.89999
1297	287.95001
1298	288.07001
1299	288.13
1300	288.29999
1301	288.32001
1302	288.32001
1303	288.23999
1304	288.16
1305	288.16
1306	288.17999
1307	288.35999
1308	288.39001
1309	288.29999
1310	288.47
1311	288.45001
1312	288.45001
1313	288.51001
1314	288.57001
1315	288.48999
1316	288.54999
1317	288.59
1318	288.62
1319	288.62
1320	288.66
1321	288.73999
1322	288.73999
1323	288.66
1324	288.62
1325	288.64001
1326	288.59
1327	288.62
1328	288.66
1329	288.66
1330	288.64001
1331	288.57001
1332	288.66
1333	288.66
1334	288.70001
1335	288.78
1336	288.70001
1337	288.72
1338	288.67999
1339	288.67999
1340	288.70001
1341	288.66
1342	288.64001
1343	288.72
1344	288.72
1345	288.67999
1346	288.67999
1347	288.64001
1348	288.64001
1349	288.76001
1350	288.82001
1351	288.82001
1352	288.70001
1353	288.72
1354	288.73999
1355	288.82001
1356	288.95001
1357	288.92999
1358	288.92999
1359	288.95001
1360	288.95001
1361	288.95001
1362	288.95001
1363	288.92999
1364	288.89001
1365	288.95001
1366	288.92999
1367	288.91
1368	289.01001
1369	288.95001
1370	288.91
1371	288.85001
1372	288.79999
1373	288.91
1374	288.85001
1375	288.82001
1376	288.82001
1377	288.72
1378	288.79999
1379	288.85001
1380	288.92999
1381	288.92999
1382	288.91
1383	288.91
1384	288.92999
1385	288.91
1386	288.85001
1387	288.87
1388	288.89001
1389	288.97
1390	288.97
1391	289.04999
1392	289.07999
1393	289.10001
1394	289.20001
1395	289.23999
1396	289.07999
1397	289.07999
1398	288.95001
1399	289.01001
1400	288.91
1401	288.95001
1402	288.95001
1403	288.92999
1404	288.91
1405	288.92999
1406	288.89001
1407	288.95001
1408	289.01001
1409	289.03
1410	289.04999
1411	289.10001
1412	289.14001
1413	289.03
1414	289.01001
1415	289.01001
1416	289.07999
1417	288.98999
1418	289.03
1419	289.04999
1420	288.98999
1421	289.07999
1422	289.07999
1423	288.98999
1424	289.07999
1425	289.12
1426	289.07999
1427	289.01001
1428	289.03
1429	289.03
1430	288.98999
1431	289.03
1432	289.07999
1433	289.16
1434	289.10001
1435	289.07999
1436	289.07999
1437	289.07999
1438	289.10001
1439	289.10001
1440	289.07999
1441	289.04999
1442	288.98999
1443	289.03
1444	288.95001
1445	288.87
1446	288.97
1447	289.03
1448	289.03
1449	289.03
1450	288.98999
1451	288.92999
1452	289.04999
1453	289.16
1454	289.16
1455	289.12
1456	288.95001
1457	288.98999
1458	288.98999
1459	289.03
1460	288.98999
1461	288.98999
1462	288.97
1463	288.97
1464	289.03
1465	289.04999
1466	289.20001
1467	289.20001
1468	289.20001
1469	289.03
1470	289.01001
1471	289.04999
1472	289.12
1473	289.10001
1474	289.10001
1475	289.14001
1476	289.17999
1477	289.12
1478	289.01001
1479	289.04999
1480	289.03
1481	288.97
1482	288.95001
1483	288.98999
1484	289.04999
1485	289.12
1486	289.12
1487	289.07999
1488	289.10001
1489	289.07999
1490	289.01001
1491	288.98999
1492	289.10001
1493	289.10001
1494	289.10001
1495	289.07999
1496	289.03
1497	289.03
1498	289.07999
1499	289.04999
1500	289.12
1501	289.01001
1502	289.03
1503	288.98999
1504	289.03
1505	288.98999
1506	288.92999
1507	288.92999
1508	288.91
1509	288.98999
1510	288.97
1511	288.97
1512	289.01001
1513	288.98999
1514	288.92999
1515	288.92999
1516	288.95001
1517	289.01001
1518	289.03
1519	289.10001
1520	289.10001
1521	289.12
1522	289.03
1523	289.10001
1524	289.10001
1525	289.10001
1526	289.07999
1527	289.07999
1528	289.10001
1529	289.03
1530	289.07999
1531	289.03
1532	289.03
1533	289.03
1534	289.03
1535	289.04999
1536	289.04999
1537	289.23999
1538	289.32999
1539	289.39001
1540	289.54001
1541	289.56
1542	289.66
1543	289.76999
1544	289.82999
1545	289.92999
1546	290.01999
1547	290.45999
1548	290.64001
1549	290.82999
1550	291
1551	291.07999
1552	291.17001
1553	291.20999
1554	291.38
1555	291.54001
1556	291.51999
1557	291.51999
1558	291.63
1559	291.70999
1560	291.73001
1561	291.82001
1562	291.82001
1563	291.88
1564	291.88
1565	291.94
1566	291.98001
1567	292.07001
1568	292.07001
1569	292.10999
1570	292.10999
1571	292.10999
1572	292.14999
1573	292.19
1574	292.25
1575	292.23001
1576	292.23001
1577	292.23001
1578	292.23001
1579	292.34
1580	292.38
1581	292.34
1582	292.28
1583	292.29999
1584	292.32001
1585	292.32001
1586	292.38
1587	292.38
1588	292.39999
1589	292.44
1590	292.44
1591	292.42001
1592	292.44
1593	292.35999
1594	292.53
1595	292.44
1596	292.44
1597	292.44
1598	292.45999
1599	292.51001
1600	292.44
1601	292.39999
1602	292.39999
1603	292.39999
1604	292.48001
1605	292.51001
1606	292.45999
1607	292.45999
1608	292.54999
1609	292.53
1610	292.48001
1611	292.48001
1612	292.57001
1613	292.57001
1614	292.48001
1615	292.48001
1616	292.48001
1617	292.51001
1618	292.53
1619	292.57001
1620	292.59
1621	292.57001
1622	292.60999
1623	292.63
1624	292.63
1625	292.51001
1626	292.54999
1627	292.64999
1628	292.64999
1629	292.60999
1630	292.53
1631	292.45999
1632	292.54999
1633	292.54999
1634	292.63
1635	292.63
1636	292.67001
1637	292.63
1638	292.57001
1639	292.59
1640	292.54999
1641	292.60999
1642	292.60999
1643	292.60999
1644	292.60999
1645	292.59
1646	292.59
1647	292.54999
1648	292.57001
1649	292.53
1650	292.57001
1651	292.54999
1652	292.60999
1653	292.63
1654	292.60999
1655	292.57001
1656	292.59
1657	292.57001
1658	292.54999
1659	292.57001
1660	292.51001
1661	292.63
1662	292.67001
1663	292.70999
1664	292.70999
1665	292.69
1666	292.64999
1667	292.64999
1668	292.63
1669	292.59
1670	292.63
1671	292.59
1672	292.57001
1673	292.63
1674	292.63
1675	292.67001
1676	292.60999
1677	292.64999
1678	292.67001
1679	292.67001
1680	292.60999
1681	292.64999
1682	292.63
1683	292.63
1684	292.59
1685	292.59
1686	292.54999
1687	292.54999
1688	292.51001
1689	292.51001
1690	292.63
1691	292.60999
1692	292.59
1693	292.63
1694	292.53
1695	292.54999
1696	292.53
1697	292.53
1698	292.57001
1699	292.57001
1700	292.44
1701	292.51001
1702	292.53
1703	292.57001
1704	292.63
1705	292.63
1706	292.63
1707	292.54999
1708	292.53
1709	292.45999
1710	292.48001
1711	292.45999
1712	292.53
1713	292.53
1714	292.34
1715	292.01999
1716	292.04999
1717	291.92001
1718	291.88
1719	291.84
1720	291.88
1721	291.88
1722	291.89999
1723	291.85999
1724	291.69
1725	291.54001
1726	291.04001
1727	290.66
1728	289.22
1729	288.73999
1730	287.59
1731	285.95999
1732	285.20999
1733	283.97
1734	283.37
1735	282.45001
1736	282.09
1737	281.85999
1738	281.85999
1739	282.23999
1740	282.67999
1741	282.95001
1742	283.42999
1743	283.89001
1744	284.31
1745	284.31
1746	284.85001
1747	285.23001
1748	285.44
1749	285.79001
1750	285.92001
1751	286.14999
1752	286.14999
1753	286.42001
1754	286.59
1755	286.63
1756	286.75
1757	286.94
1758	286.98001
1759	287.04999
1760	287.32001
1761	287.38
1762	287.44
1763	287.42001
1764	287.39999
1765	287.53
1766	287.59
1767	287.64999
1768	287.73999
1769	287.76001
1770	287.89999
1771	287.92999
1772	288.01001
1773	288.04999
1774	287.97
1775	288.07001
1776	288.17999
1777	288.17999
1778	288.26001
1779	288.28
1780	288.29999
1781	288.26001
1782	288.34
1783	288.39001
1784	288.39001
1785	288.47
1786	288.41
1787	288.41
1788	288.47
1789	288.51001
1790	288.59
1791	288.59
1792	288.59
1793	288.57001
1794	288.62
1795	288.59
1796	288.66
1797	288.67999
1798	288.73999
1799	288.78
1800	288.78
1801	288.79999
1802	288.72
1803	288.70001
1804	288.64001
1805	288.62
1806	288.76001
1807	288.87
1808	288.82001
1809	288.82001
1810	288.76001
1811	288.72
1812	288.73999
1813	288.78
1814	288.89001
1815	288.89001
1816	288.89001
1817	288.91
1818	288.87
1819	288.89001
1820	288.82001
1821	288.82001
1822	288.87
1823	288.87
1824	288.76001
1825	288.78
1826	288.85001
1827	288.91
1828	288.92999
1829	288.85001
1830	288.89001
1831	288.76001
1832	288.78
1833	288.72
1834	288.85001
1835	288.82001
1836	288.95001
1837	288.89001
1838	288.87
1839	288.82001
1840	288.79999
1841	288.82001
1842	288.87
1843	288.95001
1844	288.89001
1845	288.95001
1846	288.95001
1847	288.87
1848	288.87
1849	288.91
1850	288.97
1851	288.92999
1852	288.95001
1853	288.89001
1854	288.92999
1855	288.92999
1856	288.91
1857	288.98999
1858	288.97
1859	289.01001
1860	288.95001
1861	288.97
1862	288.92999
1863	288.92999
1864	288.89001
1865	288.87
1866	288.85001
1867	288.95001
1868	289.01001
1869	288.98999
1870	288.98999
1871	289.01001
1872	288.92999
1873	288.89001
1874	288.87
1875	288.97
1876	288.98999
1877	289.03
1878	289.07999
1879	288.97
1880	288.97
1881	288.85001
1882	288.92999
1883	289.03
1884	288.98999
1885	288.95001
1886	288.92999
1887	288.92999
1888	288.91
1889	288.95001
1890	288.98999
1891	288.89001
1892	288.85001
1893	288.85001
1894	288.85001
1895	288.92999
1896	288.87
1897	288.89001
1898	288.92999
1899	288.91
1900	288.91
1901	288.91
1902	288.97
1903	288.98999
1904	289.14001
1905	289.04999
1906	289.07999
1907	289.10001
1908	289.07999
1909	289.03
1910	289.07999
1911	289.04999
1912	288.92999
1913	288.98999
1914	288.89001
1915	288.97
1916	289.01001
1917	289.12
1918	289.04999
1919	289.04999
1920	289.04999
1921	288.97
1922	288.97
1923	288.97
1924	288.98999
1925	288.95001
1926	288.95001
1927	288.89001
1928	288.85001
1929	288.82001
1930	288.78
1931	288.79999
1932	288.78
1933	288.85001
1934	288.82001
1935	288.98999
1936	288.92999
1937	288.98999
1938	288.98999
1939	288.97
1940	289.03
1941	289.01001
1942	289.03
1943	288.87
1944	288.85001
1945	288.87
1946	288.95001
1947	288.98999
1948	289.04999
1949	289.04999
1950	289.07999
1951	288.98999
1952	288.92999
1953	288.95001
1954	288.91
1955	288.95001
1956	288.87
1957	288.79999
1958	288.79999
1959	288.91
1960	288.91
1961	288.73999
1962	288.85001
1963	288.92999
1964	288.89001
1965	288.89001
1966	288.92999
1967	288.97
1968	288.95001
1969	288.92999
1970	288.91
1971	288.92999
1972	288.95001
1973	288.82001
1974	288.79999
1975	288.82001
1976	288.91
1977	288.91
1978	288.92999
1979	288.91
1980	288.82001
1981	288.89001
1982	288.92999
1983	288.95001
1984	288.87
1985	288.78
1986	288.78
1987	288.89001
1988	288.92999
1989	288.97
1990	288.97
1991	288.95001
1992	288.97
1993	288.95001
1994	288.85001
1995	288.78
1996	288.82001
1997	288.82001
1998	288.87
1999	288.85001
2000	288.85001
2001	288.82001
2002	288.95001
2003	288.98999
2004	288.98999
2005	288.89001
2006	288.89001
2007	288.82001
2008	288.82001
2009	288.76001
2010	288.91
2011	289.04999
2012	289.28
2013	289.28
2014	289.39001
2015	289.42999
2016	289.42999
2017	289.47
2018	289.54001
2019	289.76999
2020	289.91
2021	290.06
2022	290.32999
2023	290.45999
2024	290.66
2025	290.69
2026	290.85001
2027	290.95999
2028	291.07999
2029	291.07999
2030	291.26999
2031	291.38
2032	291.42001
2033	291.5
2034	291.54001
2035	291.48001
2036	291.48001
2037	291.56
2038	291.67001
2039	291.67001
2040	291.69
2041	291.76999
2042	291.70999
2043	291.82001
2044	291.76999
2045	291.79001
2046	291.85999
2047	291.92001
2048	291.89999
2049	292.01999
2050	291.92001
2051	291.98001
2052	292.09
2053	292.04999
2054	292.07001
2055	292.04999
2056	292.09
2057	292.09
2058	292.10999
2059	292.10999
2060	292.13
2061	292.13
2062	292.14999
2063	292.13
2064	292.13
2065	292.10999
2066	292.13
2067	292.10999
2068	292.10999
2069	292.19
2070	292.20999
2071	292.20999
2072	292.20999
2073	292.19
2074	292.23001
2075	292.23001
2076	292.19
2077	292.17001
2078	292.17001
2079	292.20999
2080	292.28
2081	292.29999
2082	292.28
2083	292.29999
2084	292.32001
2085	292.23001
2086	292.28
2087	292.20999
2088	292.25
2089	292.29999
2090	292.32001
2091	292.34
2092	292.25
2093	292.20999
2094	292.17001
2095	292.29999
2096	292.29999
2097	292.28
2098	292.34
2099	292.32001
2100	292.32001
2101	292.29999
2102	292.29999
2103	292.29999
2104	292.35999
2105	292.25
2106	292.29999
2107	292.29999
2108	292.23001
2109	292.28
2110	292.28
2111	292.32001
2112	292.38
2113	292.39999
2114	292.38
2115	292.32001
2116	292.25
2117	292.28
2118	292.28
2119	292.25
2120	292.34
2121	292.34
2122	292.39999
2123	292.42001
2124	292.48001
2125	292.39999
2126	292.39999
2127	292.34
2128	292.34
2129	292.38
2130	292.32001
2131	292.34
2132	292.35999
2133	292.34
2134	292.35999
2135	292.29999
2136	292.34
2137	292.38
2138	292.39999
2139	292.39999
2140	292.32001
2141	292.35999
2142	292.39999
2143	292.34
2144	292.35999
2145	292.34
2146	292.34
2147	292.42001
2148	292.29999
2149	292.28
2150	292.28
2151	292.23001
2152	292.28
2153	292.28
2154	292.25
2155	292.25
2156	292.32001
2157	292.34
2158	292.34
2159	292.38
2160	292.35999
2161	292.25
2162	292.28
2163	292.23001
2164	292.25
2165	292.28
2166	292.32001
2167	292.20999
2168	292.34
2169	292.35999
2170	292.34
2171	292.34
2172	292.19
2173	292.20999
2174	292.23001
2175	292.34
2176	292.29999
2177	292.32001
2178	292.29999
2179	292.28
2180	292.29999
2181	292.20999
2182	292.23001
2183	292.28
2184	292.23001
2185	292.23001
2186	292.13
2187	291.95999
2188	291.92001
2189	291.73001
2190	291.70999
2191	291.70999
2192	291.60999
2193	291.56
2194	291.54001
2195	291.39999
2196	291.38
2197	291.35001
2198	291.17001
2199	290.89001
2200	290.31
2201	289.41
2202	288.32001
2203	286.92001
2204	286.17001
2205	284.73001
2206	284.06
2207	282.84
2208	281.94
2209	281.38
2210	281.38
2211	281.23001
2212	281.45999
2213	281.59
2214	281.98999
2215	282.51001
2216	282.92999
2217	282.92999
2218	283.41
2219	283.78
2220	283.97
2221	284.37
2222	284.70001
2223	284.89001
2224	285
2225	285.44
2226	285.62
2227	285.73001
2228	285.81
2229	285.95999
2230	286.04001
2231	286.06
2232	286.35999
2233	286.42001
2234	286.44
2235	286.60999
2236	286.60999
2237	286.82001
2238	286.89999
2239	286.95999
2240	287.04999
2241	287.13
2242	287.13
2243	287.10999
2244	287.14999
2245	287.17001
2246	287.26001
2247	287.23999
2248	287.20999
2249	287.20999
2250	287.32001
2251	287.42001
2252	287.47
2253	287.53
2254	287.53
2255	287.53
2256	287.53
2257	287.64999
2258	287.63
2259	287.64999
2260	287.73999
2261	287.78
2262	287.73999
2263	287.73999
2264	287.70001
2265	287.76001
2266	287.82001
2267	287.85999
2268	287.95001
2269	287.88
2270	287.79999
2271	287.84
2272	287.95001
2273	287.92999
2274	287.89999
2275	287.95001
2276	288.01001
2277	287.95001
2278	287.92999
2279	288.03
2280	288.07001
2281	288.07001
2282	288.03
2283	288.03
2284	288.07001
2285	288.09
2286	288.17999
2287	288.04999
2288	288.04999
2289	288.13
2290	288.10999
2291	288.16
2292	288.23999
2293	288.17999
2294	288.22
2295	288.22
2296	288.10999
2297	288.09
2298	288.16
2299	288.13
2300	288.20001
2301	288.10999
2302	288.09
2303	287.98999
2304	287.95001
2305	287.98999
2306	287.98999
2307	288.03
2308	288.09
2309	288.09
2310	288.07001
2311	288.13
2312	288.17999
2313	288.17999
2314	288.26001
2315	288.16
2316	288.10999
2317	288.17999
2318	288.20001
2319	288.20001
2320	288.20001
2321	288.23999
2322	288.26001
2323	288.22
2324	288.28
2325	288.28
2326	288.34
2327	288.34
2328	288.26001
2329	288.26001
2330	288.22
2331	288.39001
2332	288.26001
2333	288.23999
2334	288.23999
2335	288.28
2336	288.26001
2337	288.32001
2338	288.32001
2339	288.23999
2340	288.28
2341	288.35999
2342	288.26001
2343	288.20001
2344	288.16
2345	288.22
2346	288.20001
2347	288.20001
2348	288.17999
2349	288.10999
2350	288.13
2351	288.09
2352	288.09
2353	288.13
2354	288.13
2355	288.23999
2356	288.22
2357	288.22
2358	288.26001
2359	288.26001
2360	288.10999
2361	288.16
2362	288.13
2363	288.17999
2364	288.17999
2365	288.22
2366	288.26001
2367	288.16
2368	288.13
2369	288.16
2370	288.04999
2371	288.03
2372	288.01001
2373	288.01001
2374	288.16
2375	288.17999
2376	288.10999
2377	288.03
2378	288.03
2379	288.01001
2380	287.97
2381	288.03
2382	287.97
2383	287.98999
2384	287.98999
2385	288.01001
2386	288.03
2387	288.04999
2388	288.01001
2389	287.95001
2390	287.92999
2391	287.92999
2392	288.04999
2393	287.92999
2394	287.95001
2395	287.95001
2396	288.04999
2397	288.07001
2398	288.07001
2399	287.89999
2400	287.92999
2401	288.01001
2402	287.97
2403	287.98999
2404	287.84
2405	287.97
2406	287.95001
2407	287.89999
2408	287.89999
2409	287.97
2410	287.98999
2411	288.01001
2412	288.01001
2413	288.01001
2414	288.07001
2415	287.97
2416	287.97
2417	287.98999
2418	287.92999
2419	287.97
2420	287.97
2421	287.92999
2422	287.97
2423	287.97
2424	287.89999
2425	287.98999
2426	288.09
2427	287.98999
2428	288.03
2429	287.95001
2430	287.95001
2431	287.82001
2432	287.85999
2433	287.88
2434	287.92999
2435	287.84
2436	287.82001
2437	287.70001
2438	287.67001
2439	287.84
2440	287.92999
2441	287.84
2442	287.79999
2443	287.79999
2444	287.92999
2445	287.95001
2446	287.89999
2447	287.95001
2448	287.98999
2449	288.01001
2450	287.92999
2451	287.88
2452	287.82001
2453	287.89999
2454	287.89999
2455	287.85999
2456	287.92999
2457	287.85999
2458	287.88
2459	287.85999
2460	287.85999
2461	287.82001
2462	287.82001
2463	287.78
2464	287.78
2465	287.79999
2466	287.84
2467	287.95001
2468	287.98999
2469	287.98999
2470	287.95001
2471	288.07001
2472	287.95001
2473	287.98999
2474	287.84
2475	287.85999
2476	287.92999
2477	287.89999
2478	287.95001
2479	287.92999
2480	287.97
2481	287.95001
2482	287.84
2483	287.72
2484	287.84
2485	288.01001
2486	288.07001
2487	288.10999
2488	288.13
2489	288.16
2490	288.22
2491	288.28
2492	288.34
2493	288.48999
2494	288.48999
2495	288.82001
2496	289.04999
2497	289.17999
2498	289.39001
2499	289.56
2500	289.66
2501	289.66
2502	289.82999
2503	289.95001
2504	289.92999
2505	290.12
2506	290.14001
2507	290.20001
2508	290.25
2509	290.25
2510	290.26999
2511	290.31
2512	290.45999
2513	290.41
2514	290.5
2515	290.51999
2516	290.5
2517	290.56
2518	290.54001
2519	290.64001
2520	290.60001
2521	290.73001
2522	290.70999
2523	290.70999
2524	290.70999
2525	290.79001
2526	290.75
2527	290.79001
2528	290.79001
2529	290.85001
2530	290.85001
2531	290.82999
2532	290.81
2533	290.81
2534	290.85001
2535	290.89001
2536	290.87
2537	290.94
2538	290.95999
2539	290.94
2540	290.94
2541	290.94
2542	290.92001
2543	290.94
2544	290.92001
2545	290.98001
2546	291
2547	291
2548	290.95999
2549	290.95999
2550	291
2551	291.12
2552	291.06
2553	291.04001
2554	291
2555	291.04001
2556	291.06
2557	291.04001
2558	291.06
2559	290.98001
2560	291.07999
2561	291.10001
2562	291.10001
2563	291
2564	290.95999
2565	290.95999
2566	291.07999
2567	291.06
2568	291.10001
2569	291.04001
2570	291.04001
2571	291
2572	291
2573	291.06
2574	291
2575	291.01999
2576	291.06
2577	291.17001
2578	291.07999
2579	291.07999
2580	291.10001
2581	291.17001
2582	291.17001
2583	291.17001
2584	291.14999
2585	291.20999
2586	291.23001
2587	291.25
2588	291.20999
2589	291.25
2590	291.12
2591	291.19
2592	291.25
2593	291.26999
2594	291.17001
2595	291.20999
2596	291.25
2597	291.23001
2598	291.29001
2599	291.26999
2600	291.20999
2601	291.31
2602	291.29001
2603	291.20999
2604	291.20999
2605	291.12
2606	291.19
2607	291.19
2608	291.23001
2609	291.26999
2610	291.25
2611	291.25
2612	291.29001
2613	291.32999
2614	291.31
2615	291.25
2616	291.26999
2617	291.23001
2618	291.25
2619	291.29001
2620	291.26999
2621	291.23001
2622	291.17001
2623	291.17001
2624	291.12
2625	291.12
2626	291.10001
2627	291.10001
2628	291.12
2629	291.19
2630	291.25
2631	291.26999
2632	291.31
2633	291.26999
2634	291.26999
2635	291.31
2636	291.31
2637	291.26999
2638	291.26999
2639	291.23001
2640	291.32999
2641	291.31
2642	291.29001
2643	291.29001
2644	291.29001
2645	291.23001
2646	291.25
2647	291.26999
2648	291.29001
2649	291.32999
2650	291.32999
2651	291.26999
2652	291.29001
2653	291.23001
2654	291.20999
2655	291.23001
2656	291.31
2657	291.26999
2658	291.29001
2659	291.29001
2660	291
2661	291.01999
2662	291
2663	290.85001
2664	290.87
2665	290.75
2666	290.66
2667	290.69
2668	290.75
2669	290.73001
2670	290.69
2671	290.60001
2672	290.26999
2673	289.76999
2674	289.10001
2675	289.10001
2676	287.60999
2677	286.45999
2678	285.85001
2679	284.26999
2680	282.73999
2681	281.60999
2682	281.60999
2683	280.76999
2684	280.60999
2685	280.67001
2686	280.84
2687	280.94
2688	281.09
2689	281.29999
2690	282.10999
2691	282.66
2692	282.84
2693	283.22
2694	283.51001
2695	283.66
2696	283.89001
2697	284.26999
2698	284.29001
2699	284.39001
2700	284.56
2701	284.73001
2702	285
2703	285.19
2704	285.39001
2705	285.48001
2706	285.51999
2707	285.51999
2708	285.75
2709	285.85001
2710	285.85001
2711	285.89999
2712	286.01999
2713	286.07999
2714	286.07999
2715	286.13
2716	286.31
2717	286.34
2718	286.48001
2719	286.57001
2720	286.64999
2721	286.64999
2722	286.70999
2723	286.73001
2724	286.76999
2725	286.73001
2726	286.70999
2727	286.79999
2728	286.73001
2729	286.85999
2730	286.92001
2731	286.98001
2732	286.94
2733	286.98001
2734	287.01001
2735	286.98001
2736	286.98001
2737	286.98001
2738	287.03
2739	287.09
2740	287.13
2741	287.10999
2742	287.13
2743	287.07001
2744	287.09
2745	287.20999
2746	287.20999
2747	287.20999
2748	287.20999
2749	287.20999
2750	287.35999
2751	287.29999
2752	287.29999
2753	287.29999
2754	287.20999
2755	287.10999
2756	287.14999
2757	287.32001
2758	287.51001
2759	287.51001
2760	287.51001
2761	287.23999
2762	287.17001
2763	287.03
2764	286.88
2765	286.95999
2766	287.07001
2767	287.19
2768	287.29999
2769	287.44
2770	287.42001
2771	287.38
2772	287.42001
2773	287.44
2774	287.51001
2775	287.57001
2776	287.59
2777	287.63
2778	287.59
2779	287.60999
2780	287.51001
2781	287.51001
2782	287.57001
2783	287.59
2784	287.59
2785	287.59
2786	287.54999
2787	287.51001
2788	287.57001
2789	287.57001
2790	287.53
2791	287.47
2792	287.47
2793	287.44
2794	287.38
2795	287.34
2796	287.32001
2797	287.29999
2798	287.29999
2799	287.32001
2800	287.26001
2801	287.28
2802	287.26001
2803	287.28
2804	287.14999
2805	287.03
2806	287.04999
2807	287.01001
2808	286.92001
2809	286.94
2810	287.01001
2811	286.95999
2812	287.04999
2813	287.04999
2814	287.03
2815	287.04999
2816	286.98001
2817	286.98001
2818	287.07001
2819	287.03
2820	286.95999
2821	286.98001
2822	286.98001
2823	287.04999
2824	287.04999
2825	286.94
2826	287.04999
2827	286.98001
2828	286.98001
2829	286.89999
2830	287.10999
2831	287.10999
2832	286.98001
2833	287.01001
2834	286.95999
2835	287.03
2836	287.01001
2837	287.10999
2838	287.13
2839	287.13
2840	287.10999
2841	287.03
2842	287.01001
2843	287.07001
2844	287.09
2845	287.09
2846	287.23999
2847	287.29999
2848	287.29999
2849	287.29999
2850	287.26001
2851	287.17001
2852	287.20999
2853	287.13
2854	287.13
2855	287.19
2856	287.19
2857	287.14999
2858	287.26001
2859	287.14999
2860	287.10999
2861	287.09
2862	287.13
2863	287.13
2864	287.19
2865	287.26001
2866	287.28
2867	287.20999
2868	287.19
2869	287.20999
2870	287.20999
2871	287.23999
2872	287.19
2873	287.13
2874	287.13
2875	287.23999
2876	287.14999
2877	287.19
2878	287.23999
2879	287.23999
2880	287.26001
2881	287.28
2882	287.28
2883	287.20999
2884	287.20999
2885	287.20999
2886	287.26001
2887	287.32001
2888	287.32001
2889	287.32001
2890	287.35999
2891	287.35999
2892	287.34
2893	287.38
2894	287.32001
2895	287.32001
2896	287.29999
2897	287.34
2898	287.34
2899	287.39999
2900	287.38
2901	287.34
2902	287.34
2903	287.48999
2904	287.44
2905	287.38
2906	287.44
2907	287.42001
2908	287.47
2909	287.47
2910	287.42001
2911	287.42001
2912	287.39999
2913	287.48999
2914	287.42001
2915	287.38
2916	287.42001
2917	287.44
2918	287.38
2919	287.35999
2920	287.44
2921	287.44
2922	287.44
2923	287.44
2924	287.44
2925	287.44
2926	287.47
2927	287.47
2928	287.42001
2929	287.42001
2930	287.29999
2931	287.32001
2932	287.32001
2933	287.32001
2934	287.32001
2935	287.39999
2936	287.47
2937	287.48999
2938	287.53
2939	287.42001
2940	287.44
2941	287.39999
2942	287.47
2943	287.39999
2944	287.48999
2945	287.44
2946	287.44
2947	287.47
2948	287.47
2949	287.53
2950	287.48999
2951	287.54999
2952	287.51001
2953	287.53
2954	287.51001
2955	287.51001
2956	287.48999
2957	287.72
2958	287.92999
2959	287.92999
2960	288.04999
2961	288.20001
2962	288.26001
2963	288.29999
2964	288.41
2965	288.57001
2966	288.57001
2967	288.87
2968	289.14001
2969	289.16
2970	289.41
2971	289.57999
2972	289.67999
2973	289.67999
2974	289.87
2975	289.89001
2976	289.95001
2977	290.04001
2978	290.14001
2979	290.10001
2980	290.25
2981	290.35001
2982	290.32999
2983	290.42999
2984	290.45999
2985	290.48001
2986	290.37
2987	290.39001
2988	290.41
2989	290.39001
2990	290.42999
2991	290.54001
2992	290.60001
2993	290.56
2994	290.60001
2995	290.54001
2996	290.66
2997	290.70999
2998	290.70999
2999	290.66
3000	290.66
3001	290.70999
3002	290.73001
3003	290.73001
3004	290.73001
3005	290.73001
3006	290.79001
3007	290.82999
3008	290.79001
3009	290.81
3010	290.76999
3011	290.79001
3012	290.79001
3013	290.79001
3014	290.82999
3015	290.82999
3016	290.87
3017	291.01999
3018	290.89001
3019	290.89001
3020	290.85001
3021	290.82999
3022	290.85001
3023	290.92001
3024	290.89001
3025	290.95999
3026	291
3027	291
3028	290.94
3029	290.95999
3030	290.92001
3031	290.95999
3032	290.92001
3033	290.92001
3034	290.89001
3035	290.95999
3036	290.92001
3037	290.92001
3038	290.94
3039	290.95999
3040	291
3041	290.98001
3042	290.98001
3043	290.89001
3044	290.89001
3045	290.87
3046	290.98001
3047	291
3048	290.89001
3049	290.87
3050	290.82999
3051	290.82999
3052	290.81
3053	290.89001
3054	290.87
3055	290.94
3056	290.94
3057	290.85001
3058	290.92001
3059	290.87
3060	290.98001
3061	290.95999
3062	290.94
3063	290.92001
3064	290.94
3065	290.98001
3066	291.01999
3067	291
3068	290.98001
3069	290.98001
3070	290.87
3071	290.79001
3072	290.81
3073	290.82999
3074	290.92001
3075	290.95999
3076	290.95999
3077	290.98001
3078	291
3079	290.87
3080	290.89001
3081	290.87
3082	290.85001
3083	290.85001
3084	290.85001
3085	290.81
3086	290.76999
3087	290.81
3088	290.82999
3089	290.87
3090	290.89001
3091	290.98001
3092	290.95999
3093	290.94
3094	290.95999
3095	291
3096	290.98001
3097	290.94
3098	290.85001
3099	290.82999
3100	290.85001
3101	290.81
3102	290.81
3103	290.87
3104	290.85001
3105	290.81
3106	290.87
3107	290.85001
3108	290.85001
3109	290.85001
3110	290.92001
3111	290.87
3112	290.81
3113	290.85001
3114	290.82999
3115	290.82999
3116	290.82999
3117	290.81
3118	290.76999
3119	290.76999
3120	290.79001
3121	290.76999
3122	290.79001
3123	290.85001
3124	290.76999
3125	290.76999
3126	290.70999
3127	290.79001
3128	290.82999
3129	290.89001
3130	290.95999
3131	290.85001
3132	290.87
3133	290.66
3134	290.62
3135	290.5
3136	290.41
3137	290.37
3138	290.39001
3139	290.31
3140	290.31
3141	290.29001
3142	290.35001
3143	290.31
3144	290.16
3145	289.92999
3146	289.57999
3147	289.57999
3148	288.53
3149	287.54999
3150	286.88
3151	285.62
3152	284.47
3153	283.23999
3154	283.23999
3155	281.98999
3156	281.59
3157	281.38
3158	281.35999
3159	281.53
3160	281.59
3161	281.79999
3162	282.67999
3163	282.97
3164	283.37
3165	283.81
3166	283.87
3167	284.06
3168	284.10001
3169	284.41
3170	284.51999
3171	284.81
3172	285.10001
3173	285.25
3174	285.37
3175	285.37
3176	285.37
3177	285.44
3178	285.56
3179	285.56
3180	285.69
3181	285.81
3182	285.89999
3183	285.98001
3184	285.98001
3185	286.01999
3186	286.01999
3187	286.23001
3188	286.38
3189	286.44
3190	286.42001
3191	286.51999
3192	286.59
3193	286.63
3194	286.73001
3195	286.82001
3196	286.79999
3197	286.84
3198	286.92001
3199	286.89999
3200	286.95999
3201	286.89999
3202	286.92001
3203	286.84
3204	286.84
3205	286.85999
3206	286.94
3207	286.94
3208	286.85999
3209	286.88
3210	287.01001
3211	287.01001
3212	287.10999
3213	287.14999
3214	287.14999
3215	287.10999
3216	287.13
3217	287.20999
3218	287.20999
3219	287.28
3220	287.20999
3221	287.19
3222	287.19
3223	287.23999
3224	287.20999
3225	287.20999
3226	287.14999
3227	287.17001
3228	287.17001
3229	287.19
3230	287.28
3231	287.23999
3232	287.20999
3233	287.28
3234	287.26001
3235	287.20999
3236	287.17001
3237	287.14999
3238	287.14999
3239	287.17001
3240	287.13
3241	287.14999
3242	287.07001
3243	287.04999
3244	287.13
3245	287.17001
3246	287.20999
3247	287.17001
3248	287.14999
3249	287.09
3250	287.09
3251	287.23999
3252	287.26001
3253	287.20999
3254	287.23999
3255	287.23999
3256	287.14999
3257	287.14999
3258	287.17001
3259	287.19
3260	287.14999
3261	287.17001
3262	287.23999
3263	287.10999
3264	287.10999
3265	287.14999
3266	287.23999
3267	287.20999
3268	287.19
3269	287.14999
3270	287.13
3271	287.13
3272	287.14999
3273	287.13
3274	287.03
3275	287.13
3276	287.13
3277	287.20999
3278	287.17001
3279	287.17001
3280	287.20999
3281	287.17001
3282	287.20999
3283	287.19
3284	287.19
3285	287.20999
3286	287.10999
3287	287.19
3288	287.26001
3289	287.26001
3290	287.32001
3291	287.23999
3292	287.20999
3293	287.20999
3294	287.09
3295	287.09
3296	287.09
3297	287.04999
3298	287.10999
3299	287.14999
3300	287.10999
3301	287.13
3302	287.14999
3303	287.09
3304	287.10999
3305	287.19
3306	287.14999
3307	287.23999
3308	287.23999
3309	287.20999
3310	287.14999
3311	287.23999
3312	287.26001
3313	287.23999
3314	287.20999
3315	287.23999
3316	287.20999
3317	287.19
3318	287.23999
3319	287.19
3320	287.14999
3321	287.14999
3322	287.04999
3323	287.17001
3324	287.20999
3325	287.28
3326	287.20999
3327	287.19
3328	287.19
3329	287.13
3330	287.14999
3331	287.14999
3332	287.17001
3333	287.19
3334	287.26001
3335	287.26001
3336	287.23999
3337	287.23999
3338	287.28
3339	287.20999
3340	287.20999
3341	287.26001
3342	287.23999
3343	287.28
3344	287.28
3345	287.26001
3346	287.23999
3347	287.14999
3348	287.19
3349	287.17001
3350	287.13
3351	287.19
3352	287.28
3353	287.35999
3354	287.23999
3355	287.28
3356	287.20999
3357	287.20999
3358	287.20999
3359	287.28
3360	287.28
3361	287.23999
3362	287.26001
3363	287.26001
3364	287.32001
3365	287.32001
3366	287.32001
3367	287.32001
3368	287.01001
3369	286.92001
3370	286.94
3371	286.92001
3372	286.89999
3373	286.82001
3374	286.88
3375	286.98001
3376	286.98001
3377	287.03
3378	286.95999
3379	286.95999
3380	286.89999
3381	286.92001
3382	286.92001
3383	286.88
3384	286.89999
3385	286.85999
3386	286.85999
3387	286.85999
3388	286.88
3389	286.88
3390	286.84
3391	286.79999
3392	286.79999
3393	286.82001
3394	286.76999
3395	286.82001
3396	286.75
3397	286.70999
3398	286.75
3399	286.75
3400	286.69
3401	286.69
3402	286.69
3403	286.70999
3404	286.73001
3405	286.67001
3406	286.67001
3407	286.57001
3408	286.59
3409	286.59
3410	286.5
3411	286.60999
3412	286.60999
3413	286.63
3414	286.63
3415	286.63
3416	286.57001
3417	286.57001
3418	286.5
3419	286.5
3420	286.51999
3421	286.42001
3422	286.42001
3423	286.42001
3424	286.48001
3425	286.51999
3426	286.57001
3427	286.54001
3428	286.54001
3429	286.5
3430	286.64999
3431	286.64999
3432	287.01001
3433	287.13
3434	287.17001
3435	287.14999
3436	287.23999
3437	287.34
3438	287.34
3439	287.42001
3440	287.51001
3441	287.51001
3442	287.78
3443	288.13
3444	288.16
3445	288.26001
3446	288.42999
3447	288.53
3448	288.70001
3449	288.79999
3450	288.85001
3451	288.89001
3452	288.89001
3453	288.97
3454	289.04999
3455	289.10001
3456	289.20001
3457	289.22
3458	289.26001
3459	289.20001
3460	289.20001
3461	289.17999
3462	289.26001
3463	289.26001
3464	289.35001
3465	289.39001
3466	289.47
3467	289.48999
3468	289.47
3469	289.42999
3470	289.42999
3471	289.51001
3472	289.56
3473	289.54001
3474	289.56
3475	289.60001
3476	289.64001
3477	289.64001
3478	289.66
3479	289.64001
3480	289.56
3481	289.62
3482	289.66
3483	289.70001
3484	289.62
3485	289.62
3486	289.67999
3487	289.66
3488	289.72
3489	289.73999
3490	289.72
3491	289.72
3492	289.67999
3493	289.70001
3494	289.81
3495	289.82999
3496	289.82999
3497	289.76999
3498	289.89001
3499	289.79001
3500	289.82999
3501	289.89001
3502	289.89001
3503	289.89001
3504	289.87
3505	289.91
3506	289.85001
3507	289.89001
3508	289.87
3509	289.87
3510	289.87
3511	289.85001
3512	289.85001
3513	289.82999
3514	289.87
3515	289.92999
3516	289.87
3517	289.87
3518	289.85001
3519	289.82999
3520	289.81
3521	289.89001
3522	289.82999
3523	289.87
3524	289.85001
3525	289.87
3526	289.81
3527	289.76999
3528	289.85001
3529	289.82999
3530	289.89001
3531	289.91
3532	290
3533	289.95001
3534	289.85001
3535	289.89001
3536	289.81
3537	289.85001
3538	289.89001
3539	289.91
3540	289.97
3541	289.97
3542	289.92999
3543	289.92999
3544	289.92999
3545	289.91
3546	289.81
3547	289.82999
3548	289.82999
3549	289.85001
3550	289.92999
3551	289.91
3552	289.91
3553	289.87
3554	289.89001
3555	289.91
3556	289.95001
3557	289.95001
3558	289.95001
3559	290
3560	289.97
3561	290.01999
3562	290
3563	289.97
3564	289.87
3565	289.87
3566	289.92999
3567	289.95001
3568	290.01999
3569	290.04001
3570	290.07999
3571	290.10001
3572	290.07999
3573	290.07999
3574	290.06
3575	290.07999
3576	289.97
3577	290.01999
3578	290.04001
3579	290.07999
3580	290.07999
3581	290.16
3582	290.20001
3583	290.20001
3584	290.16
3585	290.07999
3586	290.01999
3587	290.01999
3588	290.04001
3589	289.95001
3590	289.95001
3591	290.04001
3592	290.06
3593	290.20001
3594	290.17999
3595	290.10001
3596	290.14001
3597	290.16
3598	290.17999
3599	290.23001
3600	290.14001
3601	290.12
3602	290.10001
3603	290.20001
3604	290.20001
3605	290.20001
3606	290.20001
3607	289.91
3608	289.73999
3609	289.54001
3610	289.56
3611	289.47
3612	289.47
3613	289.32999
3614	289.37
3615	289.35001
3616	289.37
3617	289.35001
3618	289.35001
3619	289.35001
3620	289.17999
3621	288.79999
3622	288.57001
3623	288.07001
3624	287.23999
3625	286.69
3626	286.25
3627	284.91
3628	284.5
3629	283.45001
3630	282.66
3631	282.09
3632	281.84
3633	281.67001
3634	281.48001
3635	281.57001
3636	281.59
3637	281.70999
3638	281.78
3639	281.88
3640	282.07001
3641	282.28
3642	282.57001
3643	282.72
3644	282.72
3645	283.03
3646	283.37
3647	283.45001
3648	283.51001
3649	283.76001
3650	283.87
3651	283.87
3652	284.10001
3653	284.31
3654	284.41
3655	284.66
3656	284.81
3657	284.82999
3658	284.82999
3659	285.07999
3660	285.07999
3661	285.14001
3662	285.26999
3663	285.39001
3664	285.44
3665	285.44
3666	285.51999
3667	285.62
3668	285.64999
3669	285.75
3670	285.81
3671	285.79001
3672	285.79001
3673	285.73001
3674	285.76999
3675	285.85001
3676	285.85001
3677	285.92001
3678	285.89999
3679	285.89999
3680	285.94
3681	285.95999
3682	286.06
3683	286.06
3684	286.04001
3685	286.07999
3686	286
3687	285.98001
3688	286
3689	286.17001
3690	286.17001
3691	286.20999
3692	286.19
3693	286.20999
3694	286.19
3695	286.19
3696	286.17001
3697	286.19
3698	286.20999
3699	286.29001
3700	286.26999
3701	286.38
3702	286.34
3703	286.23001
3704	286.17001
3705	286.25
3706	286.35999
3707	286.35999
3708	286.34
3709	286.29001
3710	286.19
3711	286.20999
3712	286.38
3713	286.44
3714	286.42001
3715	286.42001
3716	286.51999
3717	286.39999
3718	286.26999
3719	286.35999
3720	286.34
3721	286.44
3722	286.44
3723	286.31
3724	286.39999
3725	286.44
3726	286.38
3727	286.25
3728	286.20999
3729	286.20999
3730	286.25
3731	286.35999
3732	286.34
3733	286.29001
3734	286.39999
3735	286.42001
3736	286.42001
3737	286.45999
3738	286.5
3739	286.5
3740	286.51999
3741	286.5
3742	286.54001
3743	286.48001
3744	286.5
3745	286.44
3746	286.51999
3747	286.54001
3748	286.5
3749	286.57001
3750	286.57001
3751	286.59
3752	286.57001
3753	286.51999
3754	286.51999
3755	286.51999
3756	286.57001
3757	286.5
3758	286.54001
3759	286.44
3760	286.5
3761	286.5
3762	286.60999
3763	286.63
3764	286.69
3765	286.60999
3766	286.51999
3767	286.48001
3768	286.45999
3769	286.51999
3770	286.60999
3771	286.63
3772	286.59
3773	286.54001
3774	286.5
3775	286.54001
3776	286.64999
3777	286.69
3778	286.67001
3779	286.59
3780	286.60999
3781	286.54001
3782	286.57001
3783	286.39999
3784	286.45999
3785	286.5
3786	286.57001
3787	286.60999
3788	286.51999
3789	286.45999
3790	286.45999
3791	286.60999
3792	286.51999
3793	286.51999
3794	286.38
3795	286.42001
3796	286.38
3797	286.38
3798	286.44
3799	286.48001
3800	286.48001
3801	286.57001
3802	286.42001
3803	286.44
3804	286.35999
3805	286.39999
3806	286.42001
3807	286.5
3808	286.51999
3809	286.57001
3810	286.57001
3811	286.48001
3812	286.45999
3813	286.54001
3814	286.5
3815	286.42001
3816	286.44
3817	286.39999
3818	286.38
3819	286.31
3820	286.29001
3821	286.35999
3822	286.31
3823	286.34
3824	286.42001
3825	286.42001
3826	286.35999
3827	286.39999
3828	286.29001
3829	286.35999
3830	286.26999
3831	286.31
3832	286.31
3833	286.29001
3834	286.31
3835	286.31
3836	286.39999
3837	286.38
3838	286.34
3839	286.39999
3840	286.57001
3841	286.51999
3842	286.5
3843	286.48001
3844	286.45999
3845	286.44
3846	286.44
3847	286.45999
3848	286.44
3849	286.45999
3850	286.45999
3851	286.45999
3852	286.44
3853	286.39999
3854	286.45999
3855	286.44
3856	286.35999
3857	286.31
3858	286.34
3859	286.38
3860	286.35999
3861	286.25
3862	286.31
3863	286.34
3864	286.34
3865	286.44
3866	286.29001
3867	286.29001
3868	286.34
3869	286.38
3870	286.34
3871	286.34
3872	286.34
3873	286.34
3874	286.26999
3875	286.35999
3876	286.34
3877	286.35999
3878	286.35999
3879	286.38
3880	286.38
3881	286.44
3882	286.54001
3883	286.51999
3884	286.45999
3885	286.44
3886	286.35999
3887	286.31
3888	286.34
3889	286.44
3890	286.44
3891	286.51999
3892	286.42001
3893	286.44
3894	286.44
3895	286.44
3896	286.44
3897	286.39999
3898	286.42001
3899	286.45999
3900	286.44
3901	286.44
3902	286.29001
3903	286.29001
3904	286.54001
3905	286.73001
3906	286.85999
3907	287.09
3908	287.10999
3909	287.14999
3910	287.14999
3911	287.17001
3912	287.23999
3913	287.34
3914	287.53
3915	287.73999
3916	287.85999
3917	287.92999
3918	288.26001
3919	288.35999
3920	288.47
3921	288.66
3922	288.70001
3923	288.76001
3924	288.79999
3925	288.97
3926	289.04999
3927	289.10001
3928	289.17999
3929	289.22
3930	289.23999
3931	289.20001
3932	289.26001
3933	289.41
3934	289.51001
3935	289.51001
3936	289.56
3937	289.60001
3938	289.60001
3939	289.60001
3940	289.70001
3941	289.66
3942	289.66
3943	289.76999
3944	289.79001
3945	289.73999
3946	289.72
3947	289.73999
3948	289.79001
3949	289.70001
3950	289.72
3951	289.76999
3952	289.82999
3953	289.91
3954	289.87
3955	289.87
3956	289.91
3957	289.85001
3958	289.85001
3959	289.87
3960	289.89001
3961	289.95001
3962	289.95001
3963	289.92999
3964	289.97
3965	290.06
3966	290.01999
3967	290.01999
3968	290.01999
3969	290.04001
3970	290.07999
3971	290.06
3972	290.04001
3973	290.01999
3974	290.01999
3975	290.07999
3976	290.14001
3977	290.20001
3978	290.20001
3979	290.12
3980	290.07999
3981	290.07999
3982	290.10001
3983	290.04001
3984	290.06
3985	290.07999
3986	290.12
3987	290.16
3988	290.12
3989	290.07999
3990	290.17999
3991	290.16
3992	290.16
3993	290.16
3994	290.20001
3995	290.29001
3996	290.29001
3997	290.25
3998	290.23001
3999	290.26999
4000	290.17999
4001	290.29001
4002	290.26999
4003	290.26999
4004	290.29001
4005	290.35001
4006	290.35001
4007	290.29001
4008	290.26999
4009	290.32999
4010	290.31
4011	290.29001
4012	290.29001
4013	290.29001
4014	290.29001
4015	290.26999
4016	290.23001
4017	290.25
4018	290.20001
4019	290.23001
4020	290.17999
4021	290.14001
4022	290.20001
4023	290.23001
4024	290.17999
4025	290.17999
4026	290.17999
4027	290.23001
4028	290.29001
4029	290.23001
4030	290.23001
4031	290.25
4032	290.26999
4033	290.25
4034	290.29001
4035	290.32999
4036	290.26999
4037	290.29001
4038	290.29001
4039	290.17999
4040	290.20001
4041	290.20001
4042	290.25
4043	290.31
4044	290.26999
4045	290.26999
4046	290.23001
4047	290.23001
4048	290.20001
4049	290.20001
4050	290.23001
4051	290.25
4052	290.25
4053	290.29001
4054	290.29001
4055	290.29001
4056	290.31
4057	290.23001
4058	290.20001
4059	290.17999
4060	290.07999
4061	290.26999
4062	290.16
4063	290.17999
4064	290.20001
4065	290.25
4066	290.26999
4067	290.25
4068	290.20001
4069	290.35001
4070	290.23001
4071	290.29001
4072	290.26999
4073	290.29001
4074	290.25
4075	290.20001
4076	290.20001
4077	290.20001
4078	290.26999
4079	290.32999
4080	290.16
4081	289.92999
4082	289.73999
4083	289.66
4084	289.66
4085	289.57999
4086	289.51001
4087	289.51001
4088	289.47
4089	289.41
4090	289.47
4091	289.54001
4092	289.16
4093	288.79999
4094	288.62
4095	288.16
4096	287.85999
4097	287.54999
4098	287.13
4099	285.32999
4100	284.76999
4101	283.85001
4102	282.97
4103	282.57001
4104	282.10999
4105	281.89999
4106	281.57001
4107	281.60999
4108	281.85999
4109	282.10999
4110	282.23999
4111	282.35999
4112	282.47
4113	282.76001
4114	283.07001
4115	283.28
4116	283.28
4117	283.48999
4118	283.48999
4119	283.57999
4120	283.82999
4121	283.92999
4122	284.06
4123	284.06
4124	284.42999
4125	284.62
4126	284.60001
4127	284.70001
4128	284.79001
4129	284.75
4130	284.79001
4131	285.14001
4132	285.20999
4133	285.29001
4134	285.26999
4135	285.26999
4136	285.31
4137	285.26999
4138	285.35001
4139	285.44
4140	285.48001
4141	285.48001
4142	285.56
4143	285.57999
4144	285.67001
4145	285.70999
4146	285.67001
4147	285.57999
4148	285.57999
4149	285.67001
4150	285.70999
4151	285.73001
4152	285.76999
4153	285.79001
4154	285.85001
4155	285.85001
4156	285.85001
4157	285.76999
4158	285.79001
4159	285.82999
4160	285.81
4161	285.70999
4162	285.70999
4163	285.82999
4164	285.79001
4165	285.82999
4166	285.85001
4167	285.92001
4168	285.85001
4169	285.88
4170	285.82999
4171	285.88
4172	285.94
4173	285.88
4174	285.85001
4175	285.81
4176	285.81
4177	285.94
4178	285.95999
4179	285.94
4180	286.04001
4181	286.01999
4182	286.01999
4183	285.95999
4184	286.06
4185	286.07999
4186	286.06
4187	286.06
4188	286
4189	285.98001
4190	285.95999
4191	285.94
4192	285.94
4193	285.94
4194	285.94
4195	286.01999
4196	286.01999
4197	285.95999
4198	286.01999
4199	286.10999
4200	286.06
4201	286
4202	285.92001
4203	285.98001
4204	286.06
4205	286.04001
4206	286.07999
4207	286
4208	286.07999
4209	285.98001
4210	286
4211	286.01999
4212	286.06
4213	286.13
4214	286.20999
4215	286.14999
4216	286
4217	286.04001
4218	286.04001
4219	286.04001
4220	286.19
4221	286.19
4222	286.25
4223	286.23001
4224	286.19
4225	286.29001
4226	286.29001
4227	286.25
4228	286.14999
4229	286.10999
4230	286.20999
4231	286.31
4232	286.42001
4233	286.42001
4234	286.26999
4235	286.25
4236	286.26999
4237	286.25
4238	286.23001
4239	286.23001
4240	286.14999
4241	286.14999
4242	286.20999
4243	286.23001
4244	286.19
4245	286.23001
4246	286.23001
4247	286.19
4248	286.38
4249	286.38
4250	286.35999
4251	286.31
4252	286.20999
4253	286.20999
4254	286.19
4255	286.20999
4256	286.20999
4257	286.14999
4258	286.14999
4259	286.06
4260	286.10999
4261	286.23001
4262	286.19
4263	286.14999
4264	286.14999
4265	286.14999
4266	286.19
4267	286.23001
4268	286.19
4269	286.14999
4270	286.14999
4271	286.17001
4272	286.13
4273	286.23001
4274	286.20999
4275	286.19
4276	286.23001
4277	286.23001
4278	286.19
4279	286.19
4280	286.17001
4281	286.13
4282	286.13
4283	286.07999
4284	286
4285	286.10999
4286	286.10999
4287	286.14999
4288	286.01999
4289	286.17001
4290	286.17001
4291	286.01999
4292	286.01999
4293	286.06
4294	286.01999
4295	285.94
4296	285.88
4297	285.88
4298	285.98001
4299	286.04001
4300	286
4301	286.06
4302	286
4303	286.13
4304	286.13
4305	286.06
4306	286.04001
4307	286.01999
4308	286
4309	286
4310	285.94
4311	286.04001
4312	285.89999
4313	286
4314	285.88
4315	285.94
4316	285.94
4317	285.92001
4318	285.92001
4319	285.85001
4320	285.89999
4321	285.95999
4322	285.98001
4323	285.94
4324	286.06
4325	286.04001
4326	285.95999
4327	285.94
4328	286.06
4329	286.06
4330	286.23001
4331	286.14999
4332	286.10999
4333	286.01999
4334	286
4335	285.98001
4336	285.98001
4337	286.06
4338	286.07999
4339	286.14999
4340	286.10999
4341	286.07999
4342	286.07999
4343	286.07999
4344	286.01999
4345	285.98001
4346	285.92001
4347	286
4348	285.95999
4349	286
4350	286
4351	285.95999
4352	285.98001
4353	285.94
4354	285.95999
4355	286.01999
4356	285.94
4357	285.98001
4358	285.98001
4359	286.01999
4360	286.06
4361	286
4362	285.95999
4363	285.89999
4364	285.94
4365	285.94
4366	285.95999
4367	285.94
4368	285.94
4369	285.85001
4370	285.88
4371	285.82999
4372	285.82999
4373	285.82999
4374	285.88
4375	285.88
4376	285.89999
4377	286.13
4378	286.23001
4379	286.39999
4380	286.59
4381	286.64999
4382	286.75
4383	286.84
4384	286.76999
4385	286.88
4386	287.01001
4387	287.19
4388	287.23999
4389	287.32001
4390	287.64999
4391	287.76001
4392	287.95001
4393	288.09
4394	288.20001
4395	288.22
4396	288.29999
4397	288.53
4398	288.54999
4399	288.66
4400	288.66
4401	288.78
4402	288.87
4403	288.89001
4404	288.91
4405	289.01001
4406	289.01001
4407	289.01001
4408	289.04999
4409	289.14001
4410	289.22
4411	289.20001
4412	289.22
4413	289.22
4414	289.22
4415	289.20001
4416	289.28
4417	289.28
4418	289.35001
4419	289.37
4420	289.41
4421	289.47
4422	289.54001
4423	289.51001
4424	289.51001
4425	289.56
4426	289.56
4427	289.54001
4428	289.54001
4429	289.56
4430	289.60001
4431	289.60001
4432	289.54001
4433	289.51001
4434	289.45001
4435	289.56
4436	289.48999
4437	289.51001
4438	289.62
4439	289.62
4440	289.70001
4441	289.70001
4442	289.70001
4443	289.62
4444	289.54001
4445	289.48999
4446	289.48999
4447	289.48999
4448	289.48999
4449	289.47
4450	289.47
4451	289.48999
4452	289.48999
4453	289.54001
4454	289.54001
4455	289.57999
4456	289.56
4457	289.48999
4458	289.47
4459	289.41
4460	289.39001
4461	289.48999
4462	289.54001
4463	289.51001
4464	289.56
4465	289.56
4466	289.54001
4467	289.51001
4468	289.45001
4469	289.45001
4470	289.51001
4471	289.57999
4472	289.57999
4473	289.60001
4474	289.66
4475	289.57999
4476	289.56
4477	289.54001
4478	289.54001
4479	289.57999
4480	289.48999
4481	289.48999
4482	289.54001
4483	289.54001
4484	289.48999
4485	289.48999
4486	289.57999
4487	289.56
4488	289.57999
4489	289.62
4490	289.66
4491	289.67999
4492	289.64001
4493	289.64001
4494	289.66
4495	289.64001
4496	289.64001
4497	289.64001
4498	289.54001
4499	289.56
4500	289.51001
4501	289.56
4502	289.57999
4503	289.60001
4504	289.60001
4505	289.64001
4506	289.62
4507	289.64001
4508	289.67999
4509	289.72
4510	289.72
4511	289.72
4512	289.72
4513	289.72
4514	289.72
4515	289.67999
4516	289.76999
4517	289.76999
4518	289.70001
4519	289.73999
4520	289.72
4521	289.79001
4522	289.89001
4523	289.85001
4524	289.81
4525	289.79001
4526	289.79001
4527	289.79001
4528	289.87
4529	289.85001
4530	289.85001
4531	289.81
4532	289.76999
4533	289.82999
4534	289.79001
4535	289.73999
4536	289.79001
4537	289.67999
4538	289.67999
4539	289.70001
4540	289.70001
4541	289.87
4542	289.79001
4543	289.81
4544	289.73999
4545	289.73999
4546	289.70001
4547	289.81
4548	289.85001
4549	289.85001
4550	289.81
4551	289.76999
4552	289.73999
4553	289.64001
4554	289.28
4555	289.07999
4556	289.07999
4557	288.92999
4558	288.97
4559	289.01001
4560	288.82001
4561	288.78
4562	288.82001
4563	288.89001
4564	288.98999
4565	288.98999
4566	288.87
4567	288.62
4568	288.16
4569	287.97
4570	287.70001
4571	286.85999
4572	286.51999
4573	285.75
4574	284.87
4575	284.37
4576	283.51001
4577	283.09
4578	282.23999
4579	281.60999
4580	281.23001
4581	281.23001
4582	280.84
4583	280.75
4584	280.76999
4585	281.10999
4586	281.17001
4587	281.42001
4588	281.42001
4589	281.84
4590	282.03
4591	282.09
4592	282.22
4593	282.42999
4594	282.63
4595	282.63
4596	283.01001
4597	283.23999
4598	283.28
4599	283.45001
4600	283.51001
4601	283.57999
4602	283.62
4603	283.98999
4604	284.12
4605	284.23999
4606	284.35001
4607	284.35001
4608	284.51999
4609	284.56
4610	284.60001
4611	284.56
4612	284.56
4613	284.75
4614	284.81
4615	284.75
4616	284.75
4617	284.76999
4618	284.82999
4619	284.95999
4620	284.95999
4621	285
4622	284.95999
4623	285.04001
4624	285.10001
4625	285.32999
4626	285.35001
4627	285.35001
4628	285.32999
4629	285.26999
4630	285.32999
4631	285.42001
4632	285.5
4633	285.48001
4634	285.54001
4635	285.42001
4636	285.51999
4637	285.56
4638	285.57999
4639	285.60001
4640	285.56
4641	285.57999
4642	285.64999
4643	285.57999
4644	285.67001
4645	285.73001
4646	285.75
4647	285.73001
4648	285.70999
4649	285.75
4650	285.73001
4651	285.73001
4652	285.73001
4653	285.69
4654	285.69
4655	285.73001
4656	285.70999
4657	285.67001
4658	285.70999
4659	285.70999
4660	285.69
4661	285.67001
4662	285.69
4663	285.73001
4664	285.75
4665	285.73001
4666	285.73001
4667	285.67001
4668	285.79001
4669	285.75
4670	285.73001
4671	285.73001
4672	285.70999
4673	285.70999
4674	285.79001
4675	285.85001
4676	285.88
4677	285.82999
4678	285.79001
4679	285.82999
4680	285.76999
4681	285.79001
4682	285.82999
4683	285.82999
4684	285.79001
4685	285.76999
4686	285.73001
4687	285.76999
4688	285.69
4689	285.73001
4690	285.73001
4691	285.73001
4692	285.70999
4693	285.70999
4694	285.79001
4695	285.88
4696	285.76999
4697	285.73001
4698	285.73001
4699	285.73001
4700	285.70999
4701	285.73001
4702	285.73001
4703	285.81
4704	285.81
4705	285.73001
4706	285.70999
4707	285.69
4708	285.62
4709	285.67001
4710	285.62
4711	285.67001
4712	285.64999
4713	285.82999
4714	285.82999
4715	285.81
4716	285.70999
4717	285.75
4718	285.76999
4719	285.75
4720	285.73001
4721	285.82999
4722	285.76999
4723	285.76999
4724	285.76999
4725	285.70999
4726	285.75
4727	285.70999
4728	285.67001
4729	285.73001
4730	285.73001
4731	285.75
4732	285.82999
4733	285.85001
4734	285.67001
4735	285.73001
4736	285.69
4737	285.69
4738	285.75
4739	285.81
4740	285.89999
4741	285.73001
4742	285.88
4743	285.82999
4744	285.79001
4745	285.81
4746	285.75
4747	285.73001
4748	285.75
4749	285.76999
4750	285.79001
4751	285.75
4752	285.81
4753	285.79001
4754	285.81
4755	285.85001
4756	285.88
4757	285.89999
4758	285.92001
4759	285.81
4760	285.81
4761	285.81
4762	285.81
4763	285.75
4764	285.67001
4765	285.70999
4766	285.62
4767	285.73001
4768	285.85001
4769	285.85001
4770	285.88
4771	285.79001
4772	285.88
4773	285.81
4774	285.94
4775	285.98001
4776	285.98001
4777	285.88
4778	285.79001
4779	285.79001
4780	285.75
4781	285.69
4782	285.64999
4783	285.67001
4784	285.56
4785	285.57999
4786	285.62
4787	285.57999
4788	285.64999
4789	285.70999
4790	285.75
4791	285.60001
4792	285.56
4793	285.62
4794	285.62
4795	285.57999
4796	285.64999
4797	285.67001
4798	285.60001
4799	285.64999
4800	285.60001
4801	285.60001
4802	285.51999
4803	285.57999
4804	285.67001
4805	285.69
4806	285.73001
4807	285.69
4808	285.69
4809	285.67001
4810	285.76999
4811	285.81
4812	285.82999
4813	285.79001
4814	285.73001
4815	285.67001
4816	285.64999
4817	285.64999
4818	285.79001
4819	285.73001
4820	285.67001
4821	285.69
4822	285.75
4823	285.62
4824	285.64999
4825	285.67001
4826	285.70999
4827	285.64999
4828	285.70999
4829	285.75
4830	285.81
4831	285.79001
4832	285.75
4833	285.75
4834	285.70999
4835	285.76999
4836	285.73001
4837	285.64999
4838	285.70999
4839	285.64999
4840	285.64999
4841	285.75
4842	285.60001
4843	285.64999
4844	285.69
4845	285.67001
4846	285.70999
4847	285.70999
4848	285.70999
4849	285.57999
4850	285.67001
4851	286.10999
4852	286.39999
4853	286.48001
4854	286.51999
4855	286.64999
4856	286.69
4857	286.79999
4858	286.85999
4859	286.92001
4860	287.07001
4861	287.23999
4862	287.53
4863	287.54999
4864	287.72
4865	287.95001
4866	288.10999
4867	288.26001
4868	288.35999
4869	288.48999
4870	288.53
4871	288.59
4872	288.59
4873	288.70001
4874	288.78
4875	288.82001
4876	289.01001
4877	289.03
4878	289.04999
4879	289.04999
4880	289.12
4881	289.22
4882	289.17999
4883	289.23999
4884	289.22
4885	289.26001
4886	289.31
4887	289.35001
4888	289.35001
4889	289.41
4890	289.48999
4891	289.54001
4892	289.60001
4893	289.56
4894	289.57999
4895	289.57999
4896	289.57999
4897	289.70001
4898	289.60001
4899	289.56
4900	289.60001
4901	289.62
4902	289.70001
4903	289.76999
4904	289.76999
4905	289.73999
4906	289.72
4907	289.73999
4908	289.66
4909	289.67999
4910	289.73999
4911	289.73999
4912	289.87
4913	289.89001
4914	289.82999
4915	289.73999
4916	289.79001
4917	289.81
4918	289.81
4919	289.82999
4920	289.91
4921	289.91
4922	289.85001
4923	289.89001
4924	289.87
4925	289.82999
4926	289.87
4927	289.87
4928	289.91
4929	289.89001
4930	289.92999
4931	289.92999
4932	289.92999
4933	289.92999
4934	289.92999
4935	289.87
4936	289.89001
4937	289.87
4938	289.85001
4939	289.85001
4940	289.79001
4941	289.85001
4942	289.82999
4943	289.82999
4944	289.87
4945	289.92999
4946	289.89001
4947	290
4948	290
4949	290.01999
4950	290.01999
4951	289.97
4952	290.04001
4953	290.01999
4954	289.92999
4955	289.89001
4956	289.97
4957	289.97
4958	290.01999
4959	289.97
4960	290.01999
4961	290.06
4962	290.06
4963	290.12
4964	290
4965	290.01999
4966	290.04001
4967	290
4968	289.92999
4969	289.97
4970	289.97
4971	289.97
4972	290.01999
4973	290.07999
4974	289.97
4975	290.07999
4976	290.07999
4977	290.04001
4978	290.07999
4979	290.06
4980	290
4981	290.01999
4982	290.01999
4983	290.01999
4984	290
4985	290.01999
4986	290.06
4987	290.07999
4988	290.01999
4989	290.01999
4990	289.97
4991	289.95001
4992	289.97
4993	290.06
4994	290.06
4995	290.07999
4996	290.01999
4997	290.06
4998	290.06
4999	290.04001
5000	290.06
5001	290.07999
5002	290.07999
5003	290.10001
5004	290.10001
5005	290.04001
5006	290.06
5007	290.12
5008	290.12
5009	290.14001
5010	290.10001
5011	290.07999
5012	290.07999
5013	290.07999
5014	290.07999
5015	290.06
5016	290.14001
5017	290.12
5018	290.17999
5019	290.12
5020	290.10001
5021	290.10001
5022	290.14001
5023	290.14001
5024	290.12
5025	290.16
5026	290.06
5027	289.87
5028	289.72
5029	289.31
5030	289.20001
5031	289.16
5032	289.14001
5033	289.12
5034	289.04999
5035	289.10001
5036	289.01001
5037	288.92999
5038	288.82001
5039	288.79999
5040	288.79999
5041	288.70001
5042	288.62
5043	288.16
5044	287.85999
5045	287.29999
5046	286.45999
5047	286.04001
5048	285.04001
5049	284.54001
5050	283.60001
5051	282.84
5052	282.29999
5053	282.29999
5054	281.63
5055	281.39999
5056	281.42001
5057	281.38
5058	281.48001
5059	281.54999
5060	281.54999
5061	281.73001
5062	281.84
5063	281.92001
5064	282.20001
5065	282.39999
5066	282.57001
5067	282.70001
5068	283.04999
5069	283.16
5070	283.42999
5071	283.57999
5072	283.73999
5073	283.87
5074	283.97
5075	284.12
5076	284.17999
5077	284.29001
5078	284.54001
5079	284.51999
5080	284.54001
5081	284.67999
5082	284.82999
5083	284.87
5084	285
5085	285
5086	285.12
5087	285.20999
5088	285.26999
5089	285.39001
5090	285.48001
5091	285.42001
5092	285.42001
5093	285.35001
5094	285.44
5095	285.42001
5096	285.48001
5097	285.60001
5098	285.70999
5099	285.70999
5100	285.69
5101	285.62
5102	285.69
5103	285.81
5104	285.69
5105	285.70999
5106	285.75
5107	285.88
5108	285.94
5109	285.89999
5110	285.95999
5111	285.89999
5112	285.79001
5113	285.82999
5114	285.82999
5115	285.95999
5116	286
5117	286.01999
5118	286
5119	285.95999
5120	285.92001
5121	285.94
5122	286.13
5123	286.13
5124	286.13
5125	286.04001
5126	286.14999
5127	286.13
5128	286.07999
5129	286.14999
5130	286.14999
5131	286.14999
5132	286.07999
5133	286.17001
5134	286.19
5135	286.13
5136	286.14999
5137	286.17001
5138	286.14999
5139	286.17001
5140	286.07999
5141	286.23001
5142	286.31
5143	286.31
5144	286.25
5145	286.29001
5146	286.29001
5147	286.20999
5148	286.31
5149	286.29001
5150	286.25
5151	286.25
5152	286.29001
5153	286.23001
5154	286.13
5155	286.17001
5156	286.17001
5157	286.17001
5158	286.25
5159	286.23001
5160	286.20999
5161	286.25
5162	286.25
5163	286.25
5164	286.34
5165	286.26999
5166	286.20999
5167	286.29001
5168	286.29001
5169	286.23001
5170	286.23001
5171	286.10999
5172	286.23001
5173	286.14999
5174	286.19
5175	286.25
5176	286.20999
5177	286.23001
5178	286.17001
5179	286.25
5180	286.23001
5181	286.20999
5182	286.25
5183	286.23001
5184	286.25
5185	286.23001
5186	286.20999
5187	286.19
5188	286.13
5189	286.13
5190	286.14999
5191	286.17001
5192	286.19
5193	286.14999
5194	286.17001
5195	286.17001
5196	286.20999
5197	286.20999
5198	286.25
5199	286.25
5200	286.26999
5201	286.29001
5202	286.29001
5203	286.29001
5204	286.34
5205	286.39999
5206	286.38
5207	286.31
5208	286.34
5209	286.29001
5210	286.26999
5211	286.20999
5212	286.25
5213	286.29001
5214	286.19
5215	286.20999
5216	286.23001
5217	286.26999
5218	286.26999
5219	286.25
5220	286.25
5221	286.17001
5222	286.19
5223	286.23001
5224	286.31
5225	286.26999
5226	286.20999
5227	286.20999
5228	286.17001
5229	286.10999
5230	286.17001
5231	286.13
5232	286.14999
5233	286.13
5234	286.13
5235	286.10999
5236	286.10999
5237	286.13
5238	286.14999
5239	286.23001
5240	286.23001
5241	286.23001
5242	286.25
5243	286.20999
5244	286.19
5245	286.26999
5246	286.34
5247	286.26999
5248	286.38
5249	286.48001
5250	286.42001
5251	286.44
5252	286.59
5253	286.59
5254	286.48001
5255	286.45999
5256	286.38
5257	286.35999
5258	286.39999
5259	286.39999
5260	286.45999
5261	286.39999
5262	286.38
5263	286.25
5264	286.35999
5265	286.31
5266	286.31
5267	286.38
5268	286.34
5269	286.29001
5270	286.34
5271	286.34
5272	286.34
5273	286.34
5274	286.31
5275	286.26999
5276	286.26999
5277	286.20999
5278	286.29001
5279	286.38
5280	286.38
5281	286.25
5282	286.23001
5283	286.23001
5284	286.25
5285	286.26999
5286	286.29001
5287	286.26999
5288	286.34
5289	286.34
5290	286.31
5291	286.39999
5292	286.39999
5293	286.31
5294	286.31
5295	286.26999
5296	286.34
5297	286.35999
5298	286.29001
5299	286.35999
5300	286.26999
5301	286.25
5302	286.25
5303	286.20999
5304	286.20999
5305	286.20999
5306	286.23001
5307	286.20999
5308	286.25
5309	286.29001
5310	286.29001
5311	286.31
5312	286.31
5313	286.35999
5314	286.35999
5315	286.39999
5316	286.39999
5317	286.38
5318	286.38
5319	286.38
5320	286.34
5321	286.35999
5322	286.39999
5323	286.44
5324	286.63
5325	286.76999
5326	286.76999
5327	286.94
5328	287.04999
5329	287.14999
5330	287.14999
5331	287.13
5332	287.23999
5333	287.23999
5334	287.48999
5335	287.64999
5336	287.85999
5337	287.85999
5338	288.09
5339	288.28
5340	288.29999
5341	288.48999
5342	288.62
5343	288.67999
5344	288.67999
5345	288.87
5346	288.89001
5347	288.95001
5348	288.97
5349	289.03
5350	289.12
5351	289.12
5352	289.17999
5353	289.17999
5354	289.17999
5355	289.23999
5356	289.28
5357	289.32999
5358	289.37
5359	289.41
5360	289.39001
5361	289.37
5362	289.41
5363	289.41
5364	289.51001
5365	289.54001
5366	289.48999
5367	289.48999
5368	289.47
5369	289.57999
5370	289.60001
5371	289.57999
5372	289.57999
5373	289.67999
5374	289.67999
5375	289.67999
5376	289.67999
5377	289.64001
5378	289.66
5379	289.62
5380	289.64001
5381	289.64001
5382	289.57999
5383	289.57999
5384	289.66
5385	289.66
5386	289.64001
5387	289.62
5388	289.72
5389	289.67999
5390	289.73999
5391	289.64001
5392	289.70001
5393	289.73999
5394	289.79001
5395	289.70001
5396	289.72
5397	289.76999
5398	289.81
5399	289.73999
5400	289.67999
5401	289.73999
5402	289.73999
5403	289.76999
5404	289.73999
5405	289.79001
5406	289.76999
5407	289.73999
5408	289.73999
5409	289.76999
5410	289.76999
5411	289.81
5412	289.76999
5413	289.82999
5414	289.79001
5415	289.79001
5416	289.79001
5417	289.76999
5418	289.79001
5419	289.82999
5420	289.85001
5421	289.89001
5422	289.89001
5423	289.76999
5424	289.76999
5425	289.72
5426	289.72
5427	289.72
5428	289.73999
5429	289.76999
5430	289.85001
5431	289.81
5432	289.81
5433	289.82999
5434	289.81
5435	289.79001
5436	289.76999
5437	289.87
5438	289.72
5439	289.81
5440	289.70001
5441	289.73999
5442	289.76999
5443	289.76999
5444	289.82999
5445	289.82999
5446	289.81
5447	289.81
5448	289.82999
5449	289.73999
5450	289.76999
5451	289.87
5452	289.85001
5453	289.89001
5454	289.89001
5455	289.92999
5456	289.97
5457	289.91
5458	289.79001
5459	289.76999
5460	289.73999
5461	289.76999
5462	289.82999
5463	289.87
5464	289.81
5465	289.89001
5466	289.81
5467	289.76999
5468	289.79001
5469	289.82999
5470	289.85001
5471	289.85001
5472	289.81
5473	289.82999
5474	289.89001
5475	289.95001
5476	289.92999
5477	289.92999
5478	289.92999
5479	289.92999
5480	289.81
5481	289.81
5482	289.92999
5483	289.97
5484	290
5485	289.92999
5486	289.92999
5487	289.92999
5488	290
5489	289.95001
5490	289.91
5491	289.85001
5492	289.95001
5493	289.95001
5494	289.89001
5495	289.95001
5496	290.01999
5497	290
5498	289.92999
5499	289.95001
5500	289.87
5501	289.41
5502	289.32999
5503	289.20001
5504	289.17999
5505	289.12
5506	289.12
5507	289.16
5508	289.10001
5509	289.07999
5510	288.97
5511	288.98999
5512	288.95001
5513	288.87
5514	288.82001
5515	288.45001
5516	288.17999
5517	287.79999
5518	287.79999
5519	286.67001
5520	285.92001
5521	285.56
5522	284.64001
5523	283.76001
5524	283.03
5525	283.03
5526	282.04999
5527	281.76001
5528	281.63
5529	281.60999
5530	281.54999
5531	281.59
5532	281.57001
5533	281.88
5534	282.07001
5535	282.20001
5536	282.45001
5537	282.67999
5538	282.76001
5539	282.91
5540	283.17999
5541	283.29999
5542	283.60001
5543	283.85001
5544	283.87
5545	283.97
5546	284.06
5547	284.01001
5548	284.20001
5549	284.23999
5550	284.23999
5551	284.41
5552	284.56
5553	284.56
5554	284.76999
5555	284.87
5556	284.92999
5557	284.92999
5558	285
5559	285.04001
5560	285.10001
5561	285.20999
5562	285.20999
5563	285.26999
5564	285.26999
5565	285.29001
5566	285.20999
5567	285.29001
5568	285.42001
5569	285.48001
5570	285.48001
5571	285.56
5572	285.69
5573	285.69
5574	285.70999
5575	285.75
5576	285.75
5577	285.70999
5578	285.85001
5579	285.94
5580	285.94
5581	285.92001
5582	285.92001
5583	285.95999
5584	286
5585	285.94
5586	285.95999
5587	286.06
5588	286.07999
5589	286.07999
5590	286.01999
5591	285.98001
5592	286.01999
5593	286
5594	286.10999
5595	286.10999
5596	286.10999
5597	286.14999
5598	286.10999
5599	286.10999
5600	286.07999
5601	286.17001
5602	286.06
5603	286.13
5604	285.98001
5605	286.10999
5606	286.13
5607	286.25
5608	286.19
5609	286.23001
5610	286.20999
5611	286.23001
5612	286.26999
5613	286.23001
5614	286.23001
5615	286.23001
5616	286.25
5617	286.20999
5618	286.17001
5619	286.23001
5620	286.25
5621	286.31
5622	286.29001
5623	286.29001
5624	286.34
5625	286.31
5626	286.23001
5627	286.19
5628	286.19
5629	286.26999
5630	286.23001
5631	286.23001
5632	286.20999
5633	286.31
5634	286.29001
5635	286.29001
5636	286.25
5637	286.31
5638	286.34
5639	286.39999
5640	286.42001
5641	286.39999
5642	286.38
5643	286.25
5644	286.34
5645	286.23001
5646	286.20999
5647	286.35999
5648	286.34
5649	286.34
5650	286.31
5651	286.35999
5652	286.42001
5653	286.38
5654	286.38
5655	286.35999
5656	286.38
5657	286.42001
5658	286.39999
5659	286.25
5660	286.25
5661	286.35999
5662	286.44
5663	286.39999
5664	286.35999
5665	286.39999
5666	286.39999
5667	286.39999
5668	286.34
5669	286.38
5670	286.34
5671	286.39999
5672	286.35999
5673	286.31
5674	286.31
5675	286.29001
5676	286.26999
5677	286.25
5678	286.31
5679	286.38
5680	286.39999
5681	286.34
5682	286.39999
5683	286.44
5684	286.44
5685	286.45999
5686	286.42001
5687	286.34
5688	286.34
5689	286.31
5690	286.35999
5691	286.26999
5692	286.29001
5693	286.42001
5694	286.5
5695	286.48001
5696	286.44
5697	286.34
5698	286.26999
5699	286.26999
5700	286.39999
5701	286.35999
5702	286.42001
5703	286.44
5704	286.42001
5705	286.38
5706	286.38
5707	286.38
5708	286.39999
5709	286.45999
5710	286.5
5711	286.5
5712	286.5
5713	286.54001
5714	286.44
5715	286.5
5716	286.51999
5717	286.5
5718	286.39999
5719	286.44
5720	286.44
5721	286.34
5722	286.35999
5723	286.39999
5724	286.45999
5725	286.42001
5726	286.42001
5727	286.39999
5728	286.39999
5729	286.59
5730	286.54001
5731	286.54001
5732	286.48001
5733	286.45999
5734	286.45999
5735	286.44
5736	286.35999
5737	286.31
5738	286.31
5739	286.38
5740	286.31
5741	286.29001
5742	286.34
5743	286.38
5744	286.35999
5745	286.35999
5746	286.38
5747	286.48001
5748	286.54001
5749	286.54001
5750	286.5
5751	286.5
5752	286.45999
5753	286.48001
5754	286.44
5755	286.42001
5756	286.54001
5757	286.51999
5758	286.51999
5759	286.51999
5760	286.54001
5761	286.51999
5762	286.5
5763	286.45999
5764	286.45999
5765	286.34
5766	286.34
5767	286.38
5768	286.42001
5769	286.5
5770	286.5
5771	286.60999
5772	286.59
5773	286.57001
5774	286.64999
5775	286.73001
5776	286.64999
5777	286.64999
5778	286.70999
5779	286.60999
5780	286.67001
5781	286.57001
5782	286.59
5783	286.57001
5784	286.59
5785	286.63
5786	286.63
5787	286.60999
5788	286.60999
5789	286.60999
5790	286.60999
5791	286.67001
5792	286.70999
5793	286.60999
5794	286.64999
5795	286.60999
5796	286.51999
5797	286.67001
5798	286.82001
5799	287.07001
5800	287.17001
5801	287.29999
5802	287.34
5803	287.34
5804	287.42001
5805	287.47
5806	287.57001
5807	287.70001
5808	287.95001
5809	287.95001
5810	288.28
5811	288.42999
5812	288.53
5813	288.66
5814	288.85001
5815	288.91
5816	288.91
5817	289.12
5818	289.22
5819	289.23999
5820	289.37
5821	289.37
5822	289.39001
5823	289.45001
5824	289.57999
5825	289.57999
5826	289.57999
5827	289.54001
5828	289.57999
5829	289.60001
5830	289.62
5831	289.66
5832	289.66
5833	289.76999
5834	289.85001
5835	289.95001
5836	289.95001
5837	290
5838	289.97
5839	290.01999
5840	290.06
5841	290.06
5842	290.10001
5843	290.07999
5844	290.14001
5845	290.10001
5846	290.07999
5847	290.06
5848	290.06
5849	290.12
5850	290.20001
5851	290.23001
5852	290.25
5853	290.26999
5854	290.29001
5855	290.25
5856	290.29001
5857	290.32999
5858	290.31
5859	290.35001
5860	290.35001
5861	290.29001
5862	290.31
5863	290.29001
5864	290.25
5865	290.29001
5866	290.35001
5867	290.32999
5868	290.31
5869	290.29001
5870	290.29001
5871	290.32999
5872	290.29001
5873	290.31
5874	290.31
5875	290.23001
5876	290.25
5877	290.25
5878	290.31
5879	290.32999
5880	290.32999
5881	290.35001
5882	290.35001
5883	290.35001
5884	290.32999
5885	290.32999
5886	290.31
5887	290.31
5888	290.32999
5889	290.29001
5890	290.29001
5891	290.31
5892	290.37
5893	290.37
5894	290.35001
5895	290.37
5896	290.41
5897	290.39001
5898	290.32999
5899	290.42999
5900	290.32999
5901	290.32999
5902	290.26999
5903	290.31
5904	290.31
5905	290.39001
5906	290.32999
5907	290.31
5908	290.32999
5909	290.26999
5910	290.31
5911	290.31
5912	290.31
5913	290.39001
5914	290.32999
5915	290.35001
5916	290.31
5917	290.37
5918	290.31
5919	290.31
5920	290.29001
5921	290.41
5922	290.37
5923	290.35001
5924	290.32999
5925	290.39001
5926	290.39001
5927	290.41
5928	290.37
5929	290.37
5930	290.35001
5931	290.39001
5932	290.41
5933	290.35001
5934	290.39001
5935	290.37
5936	290.39001
5937	290.37
5938	290.31
5939	290.37
5940	290.39001
5941	290.37
5942	290.39001
5943	290.39001
5944	290.31
5945	290.37
5946	290.39001
5947	290.41
5948	290.41
5949	290.39001
5950	290.41
5951	290.41
5952	290.37
5953	290.37
5954	290.37
5955	290.37
5956	290.35001
5957	290.41
5958	290.41
5959	290.48001
5960	290.39001
5961	290.39001
5962	290.42999
5963	290.37
5964	290.41
5965	290.41
5966	290.39001
5967	290.35001
5968	290.35001
5969	290.35001
5970	290.32999
5971	290.37
5972	290.37
5973	290.16
5974	290.10001
5975	289.97
5976	289.92999
5977	289.81
5978	289.73999
5979	289.76999
5980	289.66
5981	289.64001
5982	289.56
5983	289.56
5984	289.57999
5985	289.48999
5986	289.41
5987	289.39001
5988	289.22
5989	288.85001
5990	288.85001
5991	287.82001
5992	286.89999
5993	286.44
5994	285.20999
5995	284.35001
5996	283.60001
5997	283.60001
5998	282.60999
5999	282.23999
6000	282.09
6001	281.89999
6002	281.82001
6003	281.85999
6004	281.88
6005	282.07001
6006	282.13
6007	282.28
6008	282.53
6009	282.60999
6010	282.85999
6011	282.92999
6012	283.29999
6013	283.41
6014	283.62
6015	283.85001
6016	283.92999
6017	284.12
6018	284.16
6019	284.32999
6020	284.45001
6021	284.57999
6022	284.57999
6023	284.73001
6024	284.81
6025	284.85001
6026	284.95999
6027	285.06
6028	285.19
6029	285.19
6030	285.16
6031	285.35001
6032	285.37
6033	285.45999
6034	285.45999
6035	285.51999
6036	285.51999
6037	285.54001
6038	285.69
6039	285.75
6040	285.82999
6041	285.76999
6042	285.81
6043	285.88
6044	285.85001
6045	285.82999
6046	285.89999
6047	285.92001
6048	285.92001
6049	285.88
6050	285.94
6051	285.92001
6052	285.94
6053	285.94
6054	285.94
6055	286.07999
6056	286.06
6057	286.07999
6058	286.10999
6059	286.10999
6060	286.14999
6061	286.14999
6062	286.17001
6063	286.17001
6064	286.19
6065	286.13
6066	286.10999
6067	286.20999
6068	286.20999
6069	286.26999
6070	286.34
6071	286.38
6072	286.29001
6073	286.29001
6074	286.26999
6075	286.26999
6076	286.31
6077	286.26999
6078	286.25
6079	286.19
6080	286.23001
6081	286.25
6082	286.23001
6083	286.23001
6084	286.20999
6085	286.17001
6086	286.23001
6087	286.26999
6088	286.26999
6089	286.23001
6090	286.29001
6091	286.35999
6092	286.26999
6093	286.26999
6094	286.29001
6095	286.23001
6096	286.29001
6097	286.25
6098	286.23001
6099	286.38
6100	286.38
6101	286.38
6102	286.31
6103	286.38
6104	286.38
6105	286.35999
6106	286.29001
6107	286.19
6108	286.25
6109	286.25
6110	286.29001
6111	286.38
6112	286.35999
6113	286.38
6114	286.35999
6115	286.25
6116	286.29001
6117	286.31
6118	286.25
6119	286.26999
6120	286.29001
6121	286.35999
6122	286.39999
6123	286.35999
6124	286.34
6125	286.42001
6126	286.34
6127	286.29001
6128	286.26999
6129	286.29001
6130	286.26999
6131	286.19
6132	286.19
6133	286.29001
6134	286.29001
6135	286.23001
6136	286.06
6137	286.13
6138	286.06
6139	286.06
6140	286
6141	286.06
6142	286.06
6143	286.10999
6144	286.20999
6145	286.23001
6146	286.23001
6147	286.25
6148	286.26999
6149	286.29001
6150	286.23001
6151	286.20999
6152	286.20999
6153	286.19
6154	286.23001
6155	286.14999
6156	286.20999
6157	286.19
6158	286.26999
6159	286.34
6160	286.26999
6161	286.29001
6162	286.23001
6163	286.26999
6164	286.26999
6165	286.20999
6166	286.14999
6167	286.20999
6168	286.13
6169	286.14999
6170	286.26999
6171	286.26999
6172	286.17001
6173	286.25
6174	286.25
6175	286.23001
6176	286.29001
6177	286.20999
6178	286.20999
6179	286.17001
6180	286.19
6181	286.17001
6182	286.14999
6183	286.23001
6184	286.29001
6185	286.31
6186	286.23001
6187	286.23001
6188	286.25
6189	286.26999
6190	286.20999
6191	286.14999
6192	286.13
6193	286.13
6194	286.13
6195	286.10999
6196	286.07999
6197	286.07999
6198	286.07999
6199	286.10999
6200	286.19
6201	286.19
6202	286.14999
6203	286.14999
6204	286.17001
6205	286.20999
6206	286.17001
6207	286.19
6208	286.26999
6209	286.25
6210	286.25
6211	286.20999
6212	286.29001
6213	286.25
6214	286.14999
6215	286.04001
6216	286.04001
6217	286.07999
6218	286.26999
6219	286.23001
6220	286.20999
6221	286.19
6222	286.10999
6223	286.10999
6224	286.13
6225	286.07999
6226	286.06
6227	285.98001
6228	286.04001
6229	286.04001
6230	286.06
6231	286.13
6232	286.20999
6233	286.14999
6234	286.06
6235	286.06
6236	286.01999
6237	286.01999
6238	286.06
6239	286.10999
6240	286.23001
6241	286.14999