1	282.7000122
2	282.7399902
3	282.7399902
4	282.7399902
5	282.7399902
6	282.7799988
7	282.8200073
8	282.7999878
9	282.7799988
10	282.8599854
11	282.8599854
12	282.9100037
13	282.9100037
14	282.9100037
15	282.8900146
16	282.8399963
17	282.9100037
18	282.8900146
19	282.8399963
20	282.7799988
21	282.7600098
22	282.7799988
23	282.7399902
24	282.7999878
25	282.7600098
26	282.8599854
27	282.9500122
28	282.9700012
29	282.9299927
30	282.9299927
31	282.7799988
32	282.8599854
33	282.8900146
34	282.9299927
35	282.9299927
36	282.8900146
37	282.8900146
38	282.8200073
39	282.7799988
40	282.7200012
41	282.8399963
42	282.8200073
43	282.7799988
44	282.7399902
45	282.7399902
46	282.7600098
47	282.7000122
48	282.7200012
49	282.8200073
50	282.7600098
51	282.7999878
52	282.8200073
53	282.7999878
54	282.7799988
55	282.7799988
56	282.7200012
57	282.8900146
58	282.9500122
59	283.0100098
60	283.0899963
61	283.0299988
62	282.8599854
63	282.8399963
64	282.7999878
65	282.8599854
66	282.9500122
67	283.0100098
68	282.9899902
69	282.9899902
70	282.9899902
71	283.0100098
72	282.9899902
73	283.0499878
74	283.0899963
75	283.1400146
76	283.1400146
77	283.0499878
78	283.0299988
79	282.9700012
80	283.0100098
81	282.9100037
82	282.9299927
83	282.8599854
84	282.9700012
85	282.9700012
86	282.9700012
87	282.8399963
88	282.8900146
89	282.8200073
90	282.7799988
91	282.7799988
92	282.8200073
93	282.7600098
94	282.7399902
95	282.7600098
96	282.8200073
97	282.8399963
98	283.0499878
99	283.1199951
100	283.2000122
101	283.2000122
102	283.4500122
103	283.6199951
104	283.7000122
105	283.9100037
106	284.0799866
107	284.1600037
108	284.1600037
109	284.4100037
110	284.5799866
111	284.6600037
112	284.7900085
113	284.9299927
114	285.1000061
115	285.1000061
116	285.3299866
117	285.4200134
118	285.4200134
119	285.5599976
120	285.6900024
121	285.6900024
122	285.6700134
123	285.8099976
124	285.8299866
125	285.8999939
126	285.980011
127	286.0400085
128	286.1099854
129	286.1700134
130	286.25
131	286.269989
132	286.3099976
133	286.3399963
134	286.2900085
135	286.3099976
136	286.3099976
137	286.3399963
138	286.3999939
139	286.3599854
140	286.3599854
141	286.4599915
142	286.480011
143	286.4599915
144	286.4400024
145	286.4400024
146	286.4599915
147	286.4599915
148	286.4599915
149	286.4599915
150	286.3599854
151	286.3599854
152	286.4400024
153	286.480011
154	286.5
155	286.519989
156	286.5
157	286.6099854
158	286.5899963
159	286.6099854
160	286.5700073
161	286.5400085
162	286.480011
163	286.4200134
164	286.480011
165	286.4599915
166	286.480011
167	286.4599915
168	286.480011
169	286.5400085
170	286.5400085
171	286.519989
172	286.519989
173	286.5
174	286.5
175	286.5
176	286.5
177	286.480011
178	286.5400085
179	286.5400085
180	286.5
181	286.519989
182	286.519989
183	286.5
184	286.5899963
185	286.6700134
186	286.6700134
187	286.6900024
188	286.6700134
189	286.5700073
190	286.6099854
191	286.6499939
192	286.6499939
193	286.6099854
194	286.5899963
195	286.6099854
196	286.6499939
197	286.5899963
198	286.6300049
199	286.6099854
200	286.480011
201	286.5700073
202	286.5899963
203	286.6300049
204	286.6300049
205	286.6099854
206	286.6099854
207	286.6300049
208	286.6900024
209	286.6900024
210	286.6900024
211	286.6900024
212	286.6300049
213	286.6099854
214	286.6300049
215	286.6499939
216	286.6300049
217	286.6499939
218	286.6499939
219	286.7099915
220	286.6499939
221	286.730011
222	286.6900024
223	286.6900024
224	286.6700134
225	286.6300049
226	286.6700134
227	286.6499939
228	286.6099854
229	286.5700073
230	286.5700073
231	286.6900024
232	286.6099854
233	286.5899963
234	286.6099854
235	286.6700134
236	286.5899963
237	286.5899963
238	286.519989
239	286.5700073
240	286.519989
241	286.6300049
242	286.5400085
243	286.5400085
244	286.6099854
245	286.5700073
246	286.5899963
247	286.519989
248	286.519989
249	286.519989
250	286.519989
251	286.5899963
252	286.519989
253	286.5400085
254	286.5400085
255	286.5700073
256	286.6300049
257	286.6300049
258	286.6900024
259	286.730011
260	286.730011
261	286.75
262	286.7999878
263	286.7999878
264	286.7999878
265	286.6900024
266	286.6300049
267	286.6099854
268	286.6499939
269	286.6499939
270	286.6900024
271	286.6300049
272	286.730011
273	286.6300049
274	286.5899963
275	286.2900085
276	286.2099915
277	285.9400024
278	285.8999939
279	285.6499939
280	285.4400024
281	285.3699951
282	285.3699951
283	285.3699951
284	285.4200134
285	285.3699951
286	285.3099976
287	285.3500061
288	285.1900024
289	285.1900024
290	284.8299866
291	284.3299866
292	284.0400085
293	283.0899963
294	282.2000122
295	281.6900024
296	281.2999878
297	279.9200134
298	279.2900085
299	279
300	278.5400085
301	278.2200012
302	278.2399902
303	278.1799927
304	278.2000122
305	278.2000122
306	278.2399902
307	278.3099976
308	278.3699951
309	278.4700012
310	278.6000061
311	278.8099976
312	279.0400085
313	279.25
314	279.3099976
315	279.3900146
316	279.5400085
317	279.6000061
318	279.8099976
319	279.9400024
320	280.1000061
321	280.1000061
322	280.3099976
323	280.4599915
324	280.480011
325	280.5599976
326	280.6099854
327	280.7099915
328	280.7099915
329	280.6700134
330	280.769989
331	280.8099976
332	281.019989
333	281.1300049
334	281.1099854
335	281.1099854
336	281.230011
337	281.3399963
338	281.3999939
339	281.4400024
340	281.6300049
341	281.6300049
342	281.6300049
343	281.5700073
344	281.5899963
345	281.6300049
346	281.730011
347	281.8200073
348	281.730011
349	281.7799988
350	281.8399963
351	281.8800049
352	281.8399963
353	281.8399963
354	281.9599915
355	281.9400024
356	281.9599915
357	282.0299988
358	282.0299988
359	282.0299988
360	282.0299988
361	282.0899963
362	282.0700073
363	282.0899963
364	282.1099854
365	282.1099854
366	282.1300049
367	282.1300049
368	282.1700134
369	282.1099854
370	282.0899963
371	282.1700134
372	282.1700134
373	282.2600098
374	282.2399902
375	282.2799988
376	282.2999878
377	282.3800049
378	282.3800049
379	282.3599854
380	282.3599854
381	282.3399963
382	282.3200073
383	282.3800049
384	282.3999939
385	282.3399963
386	282.2999878
387	282.2399902
388	282.2399902
389	282.3599854
390	282.4899902
391	282.3599854
392	282.3599854
393	282.2600098
394	282.2999878
395	282.2600098
396	282.3200073
397	282.4500122
398	282.5100098
399	282.5100098
400	282.5499878
401	282.4700012
402	282.4700012
403	282.4899902
404	282.5299988
405	282.5100098
406	282.5499878
407	282.5700073
408	282.5100098
409	282.5499878
410	282.6300049
411	282.5700073
412	282.6300049
413	282.6099854
414	282.6300049
415	282.5899963
416	282.7600098
417	282.8200073
418	282.7999878
419	282.7399902
420	282.7200012
421	282.7600098
422	282.7200012
423	282.7200012
424	282.7200012
425	282.7200012
426	282.7399902
427	282.7600098
428	282.7399902
429	282.6600037
430	282.5899963
431	282.5899963
432	282.5899963
433	282.6600037
434	282.7000122
435	282.7600098
436	282.7600098
437	282.7000122
438	282.7000122
439	282.6799927
440	282.6300049
441	282.7000122
442	282.6300049
443	282.6600037
444	282.6600037
445	282.7200012
446	282.7200012
447	282.7000122
448	282.7000122
449	282.8200073
450	282.7999878
451	282.7799988
452	282.7799988
453	282.6300049
454	282.5700073
455	282.6300049
456	282.7799988
457	282.7999878
458	282.8200073
459	282.7999878
460	282.6300049
461	282.5899963
462	282.5299988
463	282.5299988
464	282.6799927
465	282.7200012
466	282.7399902
467	282.7399902
468	282.7000122
469	282.7000122
470	282.7000122
471	282.7399902
472	282.7000122
473	282.7000122
474	282.7399902
475	282.7799988
476	282.8399963
477	282.7999878
478	282.8399963
479	282.8900146
480	282.8200073
481	282.7799988
482	282.7399902
483	282.8399963
484	282.8599854
485	282.8399963
486	282.7999878
487	282.6799927
488	282.6799927
489	282.6300049
490	282.5100098
491	282.6099854
492	282.7399902
493	282.8200073
494	282.8399963
495	282.8399963
496	282.7200012
497	282.7399902
498	282.7000122
499	282.7799988
500	282.7399902
501	282.6600037
502	282.6600037
503	282.7399902
504	282.7600098
505	282.7399902
506	282.8399963
507	282.7399902
508	282.6799927
509	282.6799927
510	282.5700073
511	282.6300049
512	282.6799927
513	282.6799927
514	282.7000122
515	282.7200012
516	282.8200073
517	282.8599854
518	282.8900146
519	282.8599854
520	282.7600098
521	282.7000122
522	282.7200012
523	282.6600037
524	282.7399902
525	282.7399902
526	282.7399902
527	282.7399902
528	282.7999878
529	282.8900146
530	282.8599854
531	282.7200012
532	282.7999878
533	282.8399963
534	282.8399963
535	282.8900146
536	282.8599854
537	282.8399963
538	282.8900146
539	282.8399963
540	282.9700012
541	282.9700012
542	282.9299927
543	282.8900146
544	282.8200073
545	282.8399963
546	282.7799988
547	282.8200073
548	282.7999878
549	282.8200073
550	282.8599854
551	282.8599854
552	282.9100037
553	282.8599854
554	282.7999878
555	282.7200012
556	282.6099854
557	282.6099854
558	282.6099854
559	282.7200012
560	282.7000122
561	282.7999878
562	282.7799988
563	282.7399902
564	282.7600098
565	282.6799927
566	282.5899963
567	282.5299988
568	282.5299988
569	282.5100098
570	282.6099854
571	282.8399963
572	283.0299988
573	283.0299988
574	283.3500061
575	283.4899902
576	283.6000061
577	283.7600098
578	283.8099976
579	283.8699951
580	283.8699951
581	284.0100098
582	284.1400146
583	284.2399902
584	284.3699951
585	284.519989
586	284.6000061
587	284.7000122
588	284.9299927
589	285.0400085
590	285.1900024
591	285.3699951
592	285.480011
593	285.6199951
594	285.6700134
595	285.9200134
596	285.8999939
597	286.0799866
598	286.1499939
599	286.1900024
600	286.230011
601	286.1499939
602	286.25
603	286.2900085
604	286.2900085
605	286.2900085
606	286.25
607	286.2900085
608	286.2900085
609	286.25
610	286.3099976
611	286.2900085
612	286.2900085
613	286.3399963
614	286.3099976
615	286.2900085
616	286.2900085
617	286.3800049
618	286.3999939
619	286.4599915
620	286.4400024
621	286.3999939
622	286.4200134
623	286.3800049
624	286.3599854
625	286.3999939
626	286.3999939
627	286.4599915
628	286.480011
629	286.5
630	286.480011
631	286.480011
632	286.480011
633	286.4599915
634	286.4400024
635	286.480011
636	286.5400085
637	286.4599915
638	286.480011
639	286.5
640	286.4599915
641	286.5
642	286.5
643	286.5700073
644	286.5700073
645	286.6700134
646	286.6499939
647	286.6700134
648	286.7099915
649	286.5899963
650	286.5700073
651	286.5700073
652	286.5400085
653	286.480011
654	286.4400024
655	286.480011
656	286.5
657	286.5400085
658	286.5
659	286.5700073
660	286.5899963
661	286.5700073
662	286.6099854
663	286.5899963
664	286.519989
665	286.5
666	286.5400085
667	286.5400085
668	286.5
669	286.480011
670	286.4599915
671	286.4599915
672	286.4200134
673	286.5
674	286.5
675	286.5
676	286.5
677	286.6499939
678	286.5899963
679	286.6499939
680	286.6099854
681	286.6300049
682	286.6700134
683	286.6700134
684	286.6300049
685	286.6700134
686	286.6900024
687	286.6700134
688	286.6300049
689	286.5899963
690	286.5899963
691	286.6300049
692	286.5700073
693	286.519989
694	286.5
695	286.480011
696	286.519989
697	286.5899963
698	286.519989
699	286.519989
700	286.480011
701	286.519989
702	286.480011
703	286.519989
704	286.5700073
705	286.5
706	286.5
707	286.5700073
708	286.5899963
709	286.6300049
710	286.6499939
711	286.6700134
712	286.6300049
713	286.6700134
714	286.730011
715	286.730011
716	286.6700134
717	286.6099854
718	286.6300049
719	286.6499939
720	286.6900024
721	286.6900024
722	286.6900024
723	286.6499939
724	286.6900024
725	286.6700134
726	286.6700134
727	286.6499939
728	286.6099854
729	286.5400085
730	286.5400085
731	286.6099854
732	286.6499939
733	286.6499939
734	286.5899963
735	286.5700073
736	286.5700073
737	286.5700073
738	286.5899963
739	286.6499939
740	286.5899963
741	286.6700134
742	286.6700134
743	286.6900024
744	286.6700134
745	286.6499939
746	286.6900024
747	286.6900024
748	286.4200134
749	286.1900024
750	286.019989
751	285.7099915
752	285.5
753	285.3900146
754	285.3900146
755	285.3500061
756	285.4200134
757	285.3900146
758	285.3500061
759	285.2900085
760	285.3900146
761	285.3900146
762	285.230011
763	284.980011
764	284.8900146
765	284.3699951
766	283.5299988
767	283.0299988
768	282.5700073
769	281.0700073
770	280.6700134
771	279.9200134
772	279.3099976
773	278.9700012
774	278.4100037
775	278.2200012
776	277.9899902
777	277.9899902
778	278.0799866
779	278.3099976
780	278.4299927
781	278.4899902
782	278.6000061
783	278.7399902
784	278.8900146
785	279.1000061
786	279.1000061
787	279.2900085
788	279.3900146
789	279.4599915
790	279.6199951
791	279.9200134
792	280.1199951
793	280.1199951
794	280.1499939
795	280.25
796	280.3299866
797	280.4400024
798	280.5
799	280.6300049
800	280.6700134
801	280.75
802	280.6300049
803	280.5599976
804	280.6300049
805	280.730011
806	280.8399963
807	280.9599915
808	281.0400085
809	281.1099854
810	281.1900024
811	281.1499939
812	281.1300049
813	281.1300049
814	281.1900024
815	281.269989
816	281.3599854
817	281.4400024
818	281.4400024
819	281.4400024
820	281.5299988
821	281.5499878
822	281.5700073
823	281.6499939
824	281.5899963
825	281.5899963
826	281.6499939
827	281.5700073
828	281.6499939
829	281.7099915
830	281.730011
831	281.6099854
832	281.6099854
833	281.5700073
834	281.6499939
835	281.7099915
836	281.8800049
837	281.9200134
838	281.9400024
839	281.8999939
840	281.9899902
841	281.9599915
842	282.0299988
843	282.0700073
844	282.1099854
845	282.1499939
846	282.2000122
847	282.1099854
848	282.1300049
849	282.0299988
850	282.0299988
851	282.0499878
852	282.1300049
853	282.1700134
854	282.2799988
855	282.1700134
856	282.1099854
857	282.1099854
858	282.1700134
859	282.1300049
860	282.1499939
861	282.1099854
862	282.1300049
863	282.1700134
864	282.1700134
865	282.0700073
866	282.0100098
867	281.9200134
868	281.8599854
869	281.8399963
870	281.9400024
871	281.9400024
872	282.1099854
873	282.2399902
874	282.2399902
875	282.2799988
876	282.3200073
877	282.3399963
878	282.2999878
879	282.2000122
880	282.2000122
881	282.2200012
882	282.2799988
883	282.2799988
884	282.2399902
885	282.2399902
886	282.2000122
887	282.1499939
888	282.1700134
889	282.2000122
890	282.2999878
891	282.2399902
892	282.2399902
893	282.2600098
894	282.2799988
895	282.3200073
896	282.3200073
897	282.3200073
898	282.2999878
899	282.3399963
900	282.3399963
901	282.2999878
902	282.2399902
903	282.2399902
904	282.1499939
905	282.1099854
906	282.2200012
907	282.2799988
908	282.3200073
909	282.2999878
910	282.3200073
911	282.3200073
912	282.2600098
913	282.3399963
914	282.3999939
915	282.4500122
916	282.3999939
917	282.3399963
918	282.3399963
919	282.3599854
920	282.3999939
921	282.3399963
922	282.3200073
923	282.3999939
924	282.3999939
925	282.3599854
926	282.2999878
927	282.2600098
928	282.2600098
929	282.3599854
930	282.4299927
931	282.4899902
932	282.4700012
933	282.4899902
934	282.2999878
935	282.2999878
936	282.2799988
937	282.3200073
938	282.3800049
939	282.3800049
940	282.3999939
941	282.4899902
942	282.4899902
943	282.3800049
944	282.4299927
945	282.3800049
946	282.3200073
947	282.2999878
948	282.2999878
949	282.2999878
950	282.3399963
951	282.4299927
952	282.3999939
953	282.4700012
954	282.4500122
955	282.3999939
956	282.3999939
957	282.4299927
958	282.5299988
959	282.5499878
960	282.5899963
961	282.6600037
962	282.6799927
963	282.6099854
964	282.5499878
965	282.4899902
966	282.3999939
967	282.3999939
968	282.2399902
969	282.2000122
970	282.1700134
971	282.2999878
972	282.2000122
973	282.1499939
974	282.1499939
975	282.3399963
976	282.4899902
977	282.5299988
978	282.5700073
979	282.5299988
980	282.5700073
981	282.5700073
982	282.6600037
983	282.6799927
984	282.6300049
985	282.5499878
986	282.5100098
987	282.5499878
988	282.4899902
989	282.3800049
990	282.3599854
991	282.3999939
992	282.3999939
993	282.3999939
994	282.4299927
995	282.4899902
996	282.5299988
997	282.5499878
998	282.5499878
999	282.5499878
1000	282.4299927
1001	282.4899902
1002	282.5299988
1003	282.5700073
1004	282.5700073
1005	282.4899902
1006	282.4899902
1007	282.4899902
1008	282.5499878
1009	282.4899902
1010	282.5299988
1011	282.5700073
1012	282.6099854
1013	282.6099854
1014	282.5299988
1015	282.4299927
1016	282.4700012
1017	282.5100098
1018	282.5899963
1019	282.6300049
1020	282.6799927
1021	282.6300049
1022	282.6799927
1023	282.7000122
1024	282.5700073
1025	282.5100098
1026	282.2799988
1027	282.2799988
1028	282.4500122
1029	282.4299927
1030	282.4899902
1031	282.4899902
1032	282.5299988
1033	282.5899963
1034	282.6099854
1035	282.5499878
1036	282.5299988
1037	282.5100098
1038	282.5100098
1039	282.5499878
1040	282.5100098
1041	282.6099854
1042	282.6600037
1043	282.6600037
1044	282.6300049
1045	282.6300049
1046	282.6099854
1047	282.7999878
1048	282.9500122
1049	283.2999878
1050	283.4700012
1051	283.4500122
1052	283.5100098
1053	283.6400146
1054	283.6400146
1055	283.6600037
1056	283.8099976
1057	283.9899902
1058	284.1400146
1059	284.2900085
1060	284.6199951
1061	284.7000122
1062	284.8699951
1063	285.1000061
1064	285.1600037
1065	285.3299866
1066	285.4400024
1067	285.3900146
1068	285.5
1069	285.5599976
1070	285.5599976
1071	285.8299866
1072	285.8800049
1073	285.769989
1074	285.6900024
1075	285.75
1076	285.7900085
1077	285.7900085
1078	285.8299866
1079	285.8800049
1080	285.8800049
1081	285.9400024
1082	286.0400085
1083	286.1300049
1084	286.1300049
1085	285.980011
1086	286
1087	285.980011
1088	286.019989
1089	286.0799866
1090	286.1499939
1091	286.0799866
1092	286.0599976
1093	286.1300049
1094	286.1499939
1095	286.1099854
1096	286.1300049
1097	286.1099854
1098	286.1700134
1099	286.1300049
1100	286.1499939
1101	286.2099915
1102	286.230011
1103	286.1900024
1104	286.1499939
1105	286.1700134
1106	286.1700134
1107	286.1700134
1108	286.230011
1109	286.230011
1110	286.2900085
1111	286.269989
1112	286.2900085
1113	286.2900085
1114	286.3099976
1115	286.3399963
1116	286.3399963
1117	286.3800049
1118	286.3800049
1119	286.3800049
1120	286.3800049
1121	286.3999939
1122	286.3800049
1123	286.3599854
1124	286.3599854
1125	286.3999939
1126	286.3599854
1127	286.2099915
1128	286.25
1129	286.25
1130	286.230011
1131	286.3099976
1132	286.2900085
1133	286.3599854
1134	286.3399963
1135	286.3999939
1136	286.4200134
1137	286.3800049
1138	286.3399963
1139	286.3099976
1140	286.3599854
1141	286.4200134
1142	286.4599915
1143	286.4599915
1144	286.480011
1145	286.3800049
1146	286.3399963
1147	286.25
1148	286.25
1149	286.3800049
1150	286.3599854
1151	286.3399963
1152	286.269989
1153	286.3099976
1154	286.3599854
1155	286.3599854
1156	286.3599854
1157	286.3999939
1158	286.3999939
1159	286.3999939
1160	286.3599854
1161	286.3800049
1162	286.3999939
1163	286.3099976
1164	286.269989
1165	286.230011
1166	286.230011
1167	286.2900085
1168	286.3800049
1169	286.3999939
1170	286.4400024
1171	286.4200134
1172	286.3999939
1173	286.4400024
1174	286.5
1175	286.5400085
1176	286.519989
1177	286.5
1178	286.480011
1179	286.519989
1180	286.519989
1181	286.519989
1182	286.4599915
1183	286.5
1184	286.5
1185	286.4599915
1186	286.4599915
1187	286.4599915
1188	286.4599915
1189	286.3800049
1190	286.3800049
1191	286.3999939
1192	286.4599915
1193	286.4599915
1194	286.4599915
1195	286.4599915
1196	286.5400085
1197	286.5
1198	286.519989
1199	286.519989
1200	286.519989
1201	286.5
1202	286.5400085
1203	286.519989
1204	286.5700073
1205	286.5700073
1206	286.6099854
1207	286.6099854
1208	286.6099854
1209	286.5400085
1210	286.519989
1211	286.4400024
1212	286.5400085
1213	286.519989
1214	286.3999939
1215	286.4200134
1216	286.3399963
1217	286.2900085
1218	286.2099915
1219	286.2099915
1220	286.230011
1221	286.1499939
1222	286.0799866
1223	286
1224	285.8800049
1225	285.6700134
1226	285.6700134
1227	285.480011
1228	285.3900146
1229	285.3500061
1230	285.1400146
1231	285.0599976
1232	285.019989
1233	285.0400085
1234	285.0799866
1235	285
1236	284.9100037
1237	284.6799927
1238	284.3500061
1239	284.0599976
1240	283.6600037
1241	282.0700073
1242	281.5
1243	280.6099854
1244	279.8500061
1245	279.519989
1246	279.019989
1247	279.1199951
1248	278.3099976
1249	278.2200012
1250	278.3900146
1251	278.3500061
1252	278.3699951
1253	278.5100098
1254	278.5400085
1255	278.6199951
1256	278.7399902
1257	279
1258	279
1259	279.230011
1260	279.4100037
1261	279.4299927
1262	279.519989
1263	279.5599976
1264	279.6900024
1265	279.6900024
1266	279.7900085
1267	279.9599915
1268	280.019989
1269	280.1000061
1270	280.2099915
1271	280.230011
1272	280.3800049
1273	280.6700134
1274	280.6099854
1275	280.6300049
1276	280.6700134
1277	280.8599854
1278	280.8800049
1279	280.9599915
1280	280.9400024
1281	281
1282	281.1099854
1283	281.1900024
1284	281.2099915
1285	281.2099915
1286	281.25
1287	281.3200073
1288	281.25
1289	281.25
1290	281.25
1291	281.25
1292	281.2999878
1293	281.3399963
1294	281.3999939
1295	281.3800049
1296	281.3399963
1297	281.3399963
1298	281.4400024
1299	281.5299988
1300	281.5499878
1301	281.6099854
1302	281.6700134
1303	281.7600098
1304	281.7600098
1305	281.7600098
1306	281.7999878
1307	281.8599854
1308	281.8599854
1309	281.8599854
1310	281.8399963
1311	281.7799988
1312	281.7799988
1313	281.8599854
1314	281.8999939
1315	282.0499878
1316	282.0499878
1317	282.0899963
1318	282.0700073
1319	282.0700073
1320	282.1700134
1321	282.1499939
1322	282.0899963
1323	282.1700134
1324	282.2399902
1325	282.2399902
1326	282.2200012
1327	282.1700134
1328	282.1499939
1329	282.1499939
1330	282.1700134
1331	282.1099854
1332	282.1300049
1333	282.2000122
1334	282.2600098
1335	282.2399902
1336	282.2399902
1337	282.2600098
1338	282.2999878
1339	282.3200073
1340	282.3399963
1341	282.3200073
1342	282.2999878
1343	282.3200073
1344	282.2999878
1345	282.2799988
1346	282.2399902
1347	282.2600098
1348	282.3399963
1349	282.3399963
1350	282.3399963
1351	282.4700012
1352	282.5100098
1353	282.4700012
1354	282.2999878
1355	282.2200012
1356	282.1300049
1357	282.1099854
1358	282.1499939
1359	282.1700134
1360	282.2799988
1361	282.2799988
1362	282.3399963
1363	282.3800049
1364	282.2999878
1365	282.2999878
1366	282.2999878
1367	282.2600098
1368	282.2600098
1369	282.2600098
1370	282.3200073
1371	282.3200073
1372	282.3800049
1373	282.4500122
1374	282.3999939
1375	282.3999939
1376	282.3599854
1377	282.3200073
1378	282.3599854
1379	282.3800049
1380	282.4899902
1381	282.5100098
1382	282.4700012
1383	282.5700073
1384	282.4899902
1385	282.3599854
1386	282.3200073
1387	282.3399963
1388	282.3200073
1389	282.3399963
1390	282.3999939
1391	282.3999939
1392	282.4500122
1393	282.4299927
1394	282.4899902
1395	282.4500122
1396	282.4700012
1397	282.4700012
1398	282.4299927
1399	282.3399963
1400	282.3399963
1401	282.3200073
1402	282.3399963
1403	282.2999878
1404	282.3599854
1405	282.4500122
1406	282.4299927
1407	282.4299927
1408	282.5100098
1409	282.4500122
1410	282.3599854
1411	282.3599854
1412	282.3399963
1413	282.4299927
1414	282.3399963
1415	282.4299927
1416	282.4899902
1417	282.5299988
1418	282.4899902
1419	282.4500122
1420	282.3599854
1421	282.3200073
1422	282.2200012
1423	282.2399902
1424	282.2200012
1425	282.1300049
1426	282.1300049
1427	282.1300049
1428	282.2200012
1429	282.3599854
1430	282.5100098
1431	282.5499878
1432	282.5499878
1433	282.4899902
1434	282.5299988
1435	282.5100098
1436	282.4299927
1437	282.3800049
1438	282.3800049
1439	282.3800049
1440	282.2999878
1441	282.3999939
1442	282.4500122
1443	282.5100098
1444	282.6099854
1445	282.5899963
1446	282.5899963
1447	282.5100098
1448	282.6600037
1449	282.6300049
1450	282.7000122
1451	282.6300049
1452	282.5899963
1453	282.5700073
1454	282.5700073
1455	282.6600037
1456	282.7000122
1457	282.6099854
1458	282.6099854
1459	282.5700073
1460	282.5899963
1461	282.6099854
1462	282.6099854
1463	282.5899963
1464	282.4899902
1465	282.4700012
1466	282.4899902
1467	282.5100098
1468	282.5299988
1469	282.4899902
1470	282.4500122
1471	282.4500122
1472	282.5100098
1473	282.4299927
1474	282.3999939
1475	282.5299988
1476	282.5100098
1477	282.5899963
1478	282.5899963
1479	282.6799927
1480	282.6099854
1481	282.6099854
1482	282.5700073
1483	282.5700073
1484	282.5700073
1485	282.6099854
1486	282.6600037
1487	282.6300049
1488	282.5899963
1489	282.4899902
1490	282.4899902
1491	282.4500122
1492	282.5299988
1493	282.5700073
1494	282.5700073
1495	282.6099854
1496	282.6799927
1497	282.7000122
1498	282.7399902
1499	282.7799988
1500	282.7799988
1501	282.7000122
1502	282.5100098
1503	282.4500122
1504	282.4299927
1505	282.5499878
1506	282.5299988
1507	282.5299988
1508	282.5100098
1509	282.5100098
1510	282.5100098
1511	282.6300049
1512	282.6799927
1513	282.6799927
1514	282.7200012
1515	282.7000122
1516	282.6600037
1517	282.6600037
1518	282.6300049
1519	282.7000122
1520	282.6799927
1521	282.9700012
1522	283.2200012
1523	283.3500061
1524	283.3900146
1525	283.7000122
1526	283.8099976
1527	283.9299927
1528	284.0799866
1529	284.1400146
1530	284.3299866
1531	284.4100037
1532	284.730011
1533	284.9100037
1534	285.1400146
1535	285.3699951
1536	285.3099976
1537	285.3699951
1538	285.3900146
1539	285.4200134
1540	285.480011
1541	285.5599976
1542	285.5599976
1543	285.6700134
1544	285.6900024
1545	285.75
1546	285.8299866
1547	285.8500061
1548	285.9599915
1549	285.9599915
1550	286.0799866
1551	286.1499939
1552	286.1099854
1553	286.1499939
1554	286.1900024
1555	286.2099915
1556	286.2099915
1557	286.1300049
1558	286.1099854
1559	286.1499939
1560	286.1300049
1561	286.1900024
1562	286.1099854
1563	286.1900024
1564	286.1900024
1565	286.1499939
1566	286.230011
1567	286.3399963
1568	286.3599854
1569	286.3999939
1570	286.4400024
1571	286.3800049
1572	286.3099976
1573	286.25
1574	286.1499939
1575	286.1499939
1576	286.2099915
1577	286.1900024
1578	286.230011
1579	286.269989
1580	286.25
1581	286.25
1582	286.2900085
1583	286.3399963
1584	286.3099976
1585	286.3800049
1586	286.2900085
1587	286.3800049
1588	286.3800049
1589	286.3399963
1590	286.3599854
1591	286.3099976
1592	286.2900085
1593	286.2900085
1594	286.2900085
1595	286.25
1596	286.3099976
1597	286.3099976
1598	286.4400024
1599	286.480011
1600	286.519989
1601	286.5899963
1602	286.5700073
1603	286.5899963
1604	286.5400085
1605	286.480011
1606	286.5400085
1607	286.5899963
1608	286.519989
1609	286.519989
1610	286.4200134
1611	286.3999939
1612	286.4400024
1613	286.4400024
1614	286.269989
1615	286.3099976
1616	286.3099976
1617	286.3399963
1618	286.3399963
1619	286.3999939
1620	286.3999939
1621	286.2900085
1622	286.2900085
1623	286.269989
1624	286.1300049
1625	286.1300049
1626	286.1900024
1627	286.1900024
1628	286.25
1629	286.3399963
1630	286.3999939
1631	286.4400024
1632	286.4599915
1633	286.3599854
1634	286.3999939
1635	286.3800049
1636	286.3599854
1637	286.3999939
1638	286.3599854
1639	286.3599854
1640	286.3099976
1641	286.2900085
1642	286.3399963
1643	286.3999939
1644	286.519989
1645	286.480011
1646	286.5
1647	286.4599915
1648	286.5
1649	286.6099854
1650	286.5
1651	286.5
1652	286.5
1653	286.519989
1654	286.4599915
1655	286.480011
1656	286.519989
1657	286.4400024
1658	286.5
1659	286.5
1660	286.5400085
1661	286.5899963
1662	286.5
1663	286.5400085
1664	286.5
1665	286.480011
1666	286.4599915
1667	286.4400024
1668	286.3999939
1669	286.3999939
1670	286.3599854
1671	286.3999939
1672	286.4200134
1673	286.3800049
1674	286.4400024
1675	286.4599915
1676	286.4400024
1677	286.4200134
1678	286.4599915
1679	286.4599915
1680	286.519989
1681	286.5
1682	286.519989
1683	286.519989
1684	286.519989
1685	286.5400085
1686	286.480011
1687	286.480011
1688	286.480011
1689	286.5400085
1690	286.5700073
1691	286.5700073
1692	286.4599915
1693	286.4200134
1694	286.3800049
1695	286.2900085
1696	286.0400085
1697	285.9200134
1698	285.9200134
1699	285.7099915
1700	285.5799866
1701	285.5
1702	285.4599915
1703	285.4200134
1704	285.3099976
1705	285.2900085
1706	285.2099915
1707	285.25
1708	285.1900024
1709	285.1000061
1710	284.9100037
1711	284.5799866
1712	284.269989
1713	282.9100037
1714	282.3999939
1715	281.3999939
1716	280.4599915
1717	280.019989
1718	279.269989
1719	278.9500122
1720	278.5100098
1721	278.2200012
1722	277.9700012
1723	277.9700012
1724	277.8699951
1725	277.9700012
1726	278.0499878
1727	278.1600037
1728	278.3099976
1729	278.3900146
1730	278.3900146
1731	278.6000061
1732	278.8099976
1733	278.8500061
1734	279.019989
1735	279.2000122
1736	279.230011
1737	279.3500061
1738	279.6400146
1739	279.8099976
1740	279.8699951
1741	280.019989
1742	280.0599976
1743	280.1499939
1744	280.1700134
1745	280.2099915
1746	280.25
1747	280.3299866
1748	280.4400024
1749	280.5
1750	280.519989
1751	280.6700134
1752	280.8099976
1753	280.9599915
1754	281
1755	281
1756	281.0700073
1757	281.1900024
1758	281.1700134
1759	281.2099915
1760	281.269989
1761	281.3599854
1762	281.3599854
1763	281.3200073
1764	281.3599854
1765	281.4200134
1766	281.5
1767	281.4599915
1768	281.4400024
1769	281.4400024
1770	281.3599854
1771	281.480011
1772	281.5700073
1773	281.6300049
1774	281.7099915
1775	281.6700134
1776	281.7099915
1777	281.7600098
1778	281.730011
1779	281.8399963
1780	281.7600098
1781	281.730011
1782	281.6700134
1783	281.6900024
1784	281.7799988
1785	281.8599854
1786	281.9400024
1787	281.8999939
1788	281.8399963
1789	281.8200073
1790	281.7999878
1791	281.7999878
1792	281.8200073
1793	281.8800049
1794	281.8800049
1795	281.8999939
1796	281.8399963
1797	281.8800049
1798	281.7999878
1799	281.7999878
1800	281.8800049
1801	281.8800049
1802	281.8800049
1803	281.7600098
1804	281.6700134
1805	281.6300049
1806	281.6900024
1807	281.730011
1808	281.730011
1809	281.8999939
1810	281.8999939
1811	281.8800049
1812	281.8200073
1813	281.9599915
1814	281.9200134
1815	281.8800049
1816	281.8999939
1817	281.9599915
1818	281.8800049
1819	281.9400024
1820	281.9899902
1821	282.0700073
1822	282.1300049
1823	282.1499939
1824	282.2000122
1825	282.1700134
1826	282.1099854
1827	282.1099854
1828	282.0899963
1829	282.1099854
1830	282.1700134
1831	282.2799988
1832	282.3399963
1833	282.3399963
1834	282.3399963
1835	282.2999878
1836	282.2600098
1837	282.2000122
1838	282.2600098
1839	282.2600098
1840	282.2600098
1841	282.2200012
1842	282.2600098
1843	282.2799988
1844	282.2999878
1845	282.3800049
1846	282.3999939
1847	282.3999939
1848	282.3200073
1849	282.2999878
1850	282.2399902
1851	282.2600098
1852	282.1499939
1853	282.1099854
1854	282.0499878
1855	282.1700134
1856	282.2000122
1857	282.2799988
1858	282.1499939
1859	282.1300049
1860	282.0899963
1861	282.1300049
1862	282.1700134
1863	282.2799988
1864	282.1700134
1865	282.1700134
1866	282.2200012
1867	282.3200073
1868	282.2999878
1869	282.2399902
1870	282.1700134
1871	282.1700134
1872	282.1700134
1873	282.3200073
1874	282.3399963
1875	282.3599854
1876	282.3200073
1877	282.3200073
1878	282.2799988
1879	282.2799988
1880	282.1499939
1881	282.1700134
1882	282.1300049
1883	282.2200012
1884	282.2399902
1885	282.3200073
1886	282.2000122
1887	282.3399963
1888	282.2999878
1889	282.3399963
1890	282.3800049
1891	282.4299927
1892	282.3800049
1893	282.3999939
1894	282.3999939
1895	282.5100098
1896	282.4700012
1897	282.4500122
1898	282.3800049
1899	282.2799988
1900	282.3399963
1901	282.3399963
1902	282.3399963
1903	282.3399963
1904	282.3399963
1905	282.3399963
1906	282.3200073
1907	282.3399963
1908	282.4299927
1909	282.4299927
1910	282.3999939
1911	282.3999939
1912	282.3599854
1913	282.3399963
1914	282.3200073
1915	282.4299927
1916	282.3999939
1917	282.4500122
1918	282.4500122
1919	282.3800049
1920	282.4299927
1921	282.4299927
1922	282.4500122
1923	282.5499878
1924	282.5499878
1925	282.5100098
1926	282.3800049
1927	282.3599854
1928	282.3200073
1929	282.3599854
1930	282.3800049
1931	282.3800049
1932	282.4299927
1933	282.3200073
1934	282.3200073
1935	282.2200012
1936	282.2200012
1937	282.2000122
1938	282.2000122
1939	282.2600098
1940	282.2799988
1941	282.1300049
1942	282.1499939
1943	282.1499939
1944	282.2399902
1945	282.3200073
1946	282.2799988
1947	282.3200073
1948	282.3999939
1949	282.4500122
1950	282.4500122
1951	282.4899902
1952	282.3999939
1953	282.3999939
1954	282.3399963
1955	282.2999878
1956	282.2600098
1957	282.2999878
1958	282.2999878
1959	282.2999878
1960	282.3800049
1961	282.4700012
1962	282.5100098
1963	282.5499878
1964	282.5499878
1965	282.5899963
1966	282.6099854
1967	282.6799927
1968	282.5899963
1969	282.6300049
1970	282.5899963
1971	282.6799927
1972	282.6600037
1973	282.5899963
1974	282.6099854
1975	282.6099854
1976	282.5700073
1977	282.6600037
1978	282.5499878
1979	282.5299988
1980	282.5299988
1981	282.5100098
1982	282.5100098
1983	282.5299988
1984	282.5100098
1985	282.5299988
1986	282.6099854
1987	282.5499878
1988	282.5100098
1989	282.5499878
1990	282.4899902
1991	282.7000122
1992	282.6300049
1993	282.8399963
1994	283.0100098
1995	283.1600037
1996	283.2799988
1997	283.4899902
1998	283.5499878
1999	283.5799866
2000	283.7200012
2001	283.7799988
2002	283.9500122
2003	284.0100098
2004	284.2200012
2005	284.3900146
2006	284.6799927
2007	284.6799927
2008	285.0400085
2009	285.0799866
2010	285.1199951
2011	285.230011
2012	285.3699951
2013	285.5
2014	285.5
2015	285.6199951
2016	285.6900024
2017	285.6700134
2018	285.7099915
2019	285.7099915
2020	285.7900085
2021	285.7900085
2022	285.8299866
2023	285.9200134
2024	285.9599915
2025	286
2026	286.0599976
2027	286.0400085
2028	286.0599976
2029	286.0400085
2030	286.0400085
2031	285.9599915
2032	286.019989
2033	286.0799866
2034	286.1099854
2035	286.0799866
2036	286.1300049
2037	286.2099915
2038	286.1099854
2039	286.1300049
2040	286.0799866
2041	286.1499939
2042	286.0599976
2043	286.0400085
2044	286.0599976
2045	286.0400085
2046	286.0400085
2047	286
2048	286.1700134
2049	286.1900024
2050	286.1499939
2051	286.1900024
2052	286.2099915
2053	286.2099915
2054	286.0799866
2055	286.1700134
2056	286.1700134
2057	286.230011
2058	286.269989
2059	286.3599854
2060	286.3599854
2061	286.3399963
2062	286.3399963
2063	286.3800049
2064	286.3800049
2065	286.4200134
2066	286.3999939
2067	286.3599854
2068	286.4400024
2069	286.4400024
2070	286.5
2071	286.519989
2072	286.5700073
2073	286.5
2074	286.4599915
2075	286.3800049
2076	286.3999939
2077	286.3099976
2078	286.3399963
2079	286.3599854
2080	286.2900085
2081	286.3099976
2082	286.3099976
2083	286.3800049
2084	286.3999939
2085	286.3999939
2086	286.3099976
2087	286.3599854
2088	286.3999939
2089	286.3999939
2090	286.3099976
2091	286.2900085
2092	286.2900085
2093	286.3099976
2094	286.230011
2095	286.3599854
2096	286.3599854
2097	286.3399963
2098	286.2900085
2099	286.3800049
2100	286.2900085
2101	286.3999939
2102	286.4200134
2103	286.3800049
2104	286.3599854
2105	286.3399963
2106	286.3399963
2107	286.3999939
2108	286.4400024
2109	286.4599915
2110	286.5
2111	286.480011
2112	286.480011
2113	286.5
2114	286.519989
2115	286.4599915
2116	286.5
2117	286.5
2118	286.4599915
2119	286.480011
2120	286.5
2121	286.519989
2122	286.4400024
2123	286.519989
2124	286.519989
2125	286.5
2126	286.4599915
2127	286.4400024
2128	286.3999939
2129	286.3800049
2130	286.4200134
2131	286.4200134
2132	286.480011
2133	286.5
2134	286.5
2135	286.5400085
2136	286.519989
2137	286.5700073
2138	286.5899963
2139	286.5700073
2140	286.6300049
2141	286.6700134
2142	286.6499939
2143	286.6099854
2144	286.5899963
2145	286.480011
2146	286.3800049
2147	286.4400024
2148	286.480011
2149	286.4599915
2150	286.4400024
2151	286.6099854
2152	286.5700073
2153	286.6099854
2154	286.5
2155	286.519989
2156	286.519989
2157	286.519989
2158	286.5400085
2159	286.519989
2160	286.5899963
2161	286.6499939
2162	286.6499939
2163	286.6499939
2164	286.7099915
2165	286.6900024
2166	286.730011
2167	286.5899963
2168	286.3999939
2169	286.2900085
2170	286.1900024
2171	285.8299866
2172	285.75
2173	285.5400085
2174	285.3299866
2175	285.3099976
2176	285.3099976
2177	285.3099976
2178	285.3699951
2179	285.3299866
2180	285.2099915
2181	285.0400085
2182	284.9100037
2183	284.6600037
2184	284.5400085
2185	284.1199951
2186	283.3699951
2187	282.4700012
2188	282.4700012
2189	280.9200134
2190	280.0799866
2191	279.6400146
2192	278.7900085
2193	278.3099976
2194	277.9899902
2195	277.9899902
2196	277.7399902
2197	277.6600037
2198	277.6799927
2199	277.7399902
2200	278.0100098
2201	278.1000061
2202	278.1000061
2203	278.2200012
2204	278.4500122
2205	278.6000061
2206	278.8099976
2207	278.9500122
2208	279.0799866
2209	279.2900085
2210	279.519989
2211	279.6000061
2212	279.5799866
2213	279.7099915
2214	279.7099915
2215	279.8299866
2216	279.8699951
2217	279.980011
2218	280.1700134
2219	280.3500061
2220	280.4200134
2221	280.4200134
2222	280.480011
2223	280.5400085
2224	280.7099915
2225	280.75
2226	280.7900085
2227	280.7900085
2228	280.8999939
2229	280.9599915
2230	281
2231	280.980011
2232	281
2233	281.1099854
2234	281.1099854
2235	281.1700134
2236	281.1099854
2237	281.0400085
2238	280.8599854
2239	280.9400024
2240	280.8599854
2241	280.980011
2242	281.0899963
2243	281.1300049
2244	281.1499939
2245	281.269989
2246	281.2999878
2247	281.230011
2248	281.2099915
2249	281.3599854
2250	281.4400024
2251	281.5
2252	281.5499878
2253	281.5499878
2254	281.5499878
2255	281.6099854
2256	281.6700134
2257	281.730011
2258	281.8800049
2259	281.8800049
2260	281.7999878
2261	281.730011
2262	281.8200073
2263	281.8200073
2264	281.7799988
2265	281.7999878
2266	281.7999878
2267	281.8399963
2268	281.8999939
2269	281.9200134
2270	281.9200134
2271	282.0100098
2272	281.9899902
2273	281.9899902
2274	281.9599915
2275	281.8599854
2276	281.8200073
2277	281.8200073
2278	281.8999939
2279	281.9599915
2280	281.9599915
2281	282.0700073
2282	281.9899902
2283	282.0499878
2284	282.0499878
2285	282.0100098
2286	281.9899902
2287	282.0499878
2288	282.1099854
2289	282.0899963
2290	282.0899963
2291	282.1099854
2292	282.1700134
2293	282.2200012
2294	282.2399902
2295	282.1300049
2296	282.0299988
2297	282.0499878
2298	282.0499878
2299	282.0499878
2300	282.0700073
2301	282.1099854
2302	281.9599915
2303	281.9899902
2304	282.1700134
2305	282.1700134
2306	282.2200012
2307	282.1700134
2308	282.1700134
2309	282.1300049
2310	282.1499939
2311	282.2200012
2312	282.2999878
2313	282.2200012
2314	282.1499939
2315	282.1700134
2316	282.2600098
2317	282.3200073
2318	282.3200073
2319	282.3800049
2320	282.3800049
2321	282.3200073
2322	282.2399902
2323	282.2399902
2324	282.2999878
2325	282.2799988
2326	282.3399963
2327	282.3800049
2328	282.3399963
2329	282.2799988
2330	282.2799988
2331	282.2200012
2332	282.2600098
2333	282.2600098
2334	282.2799988
2335	282.2999878
2336	282.3399963
2337	282.3399963
2338	282.2000122
2339	282.3800049
2340	282.3200073
2341	282.3200073
2342	282.3399963
2343	282.3999939
2344	282.3999939
2345	282.3800049
2346	282.3599854
2347	282.3599854
2348	282.2399902
2349	282.3200073
2350	282.2799988
2351	282.2999878
2352	282.2799988
2353	282.2399902
2354	282.2399902
2355	282.1700134
2356	282.2200012
2357	282.3999939
2358	282.3399963
2359	282.4500122
2360	282.3999939
2361	282.4500122
2362	282.4899902
2363	282.5499878
2364	282.6099854
2365	282.6300049
2366	282.6600037
2367	282.6799927
2368	282.7200012
2369	282.7200012
2370	282.5700073
2371	282.5499878
2372	282.5299988
2373	282.5299988
2374	282.5700073
2375	282.4899902
2376	282.4899902
2377	282.4899902
2378	282.4299927
2379	282.3200073
2380	282.3200073
2381	282.3399963
2382	282.2999878
2383	282.3800049
2384	282.3999939
2385	282.3800049
2386	282.3999939
2387	282.4500122
2388	282.5299988
2389	282.6099854
2390	282.5899963
2391	282.5100098
2392	282.5100098
2393	282.4299927
2394	282.5700073
2395	282.5899963
2396	282.5700073
2397	282.5899963
2398	282.4899902
2399	282.4700012
2400	282.4700012
2401	282.5100098
2402	282.4299927
2403	282.4500122
2404	282.4500122
2405	282.4700012
2406	282.3399963
2407	282.2999878
2408	282.2999878
2409	282.4899902
2410	282.4700012
2411	282.5299988
2412	282.6099854
2413	282.5899963
2414	282.5100098
2415	282.5100098
2416	282.4899902
2417	282.4500122
2418	282.4500122
2419	282.3399963
2420	282.3800049
2421	282.3800049
2422	282.3999939
2423	282.3999939
2424	282.4299927
2425	282.4500122
2426	282.4899902
2427	282.3999939
2428	282.3999939
2429	282.3599854
2430	282.3800049
2431	282.3999939
2432	282.3399963
2433	282.3800049
2434	282.3599854
2435	282.5100098
2436	282.5299988
2437	282.6600037
2438	282.7000122
2439	282.6600037
2440	282.6600037
2441	282.4500122
2442	282.4500122
2443	282.4700012
2444	282.3800049
2445	282.5499878
2446	282.5299988
2447	282.5299988
2448	282.4899902
2449	282.5100098
2450	282.5700073
2451	282.6300049
2452	282.5899963
2453	282.4500122
2454	282.4500122
2455	282.4500122
2456	282.5299988
2457	282.5499878
2458	282.5299988
2459	282.5299988
2460	282.5299988
2461	282.5299988
2462	282.5499878
2463	282.4899902
2464	282.5700073
2465	282.8200073
2466	282.8599854
2467	282.9700012
2468	283.0700073
2469	283.3500061
2470	283.4700012
2471	283.5299988
2472	283.6400146
2473	283.7200012
2474	283.9100037
2475	284.0799866
2476	284.269989
2477	284.3900146
2478	284.4700012
2479	284.4700012
2480	284.7000122
2481	284.9100037
2482	285
2483	285.1900024
2484	285.3299866
2485	285.4400024
2486	285.4400024
2487	285.5400085
2488	285.6499939
2489	285.7099915
2490	285.8099976
2491	285.8500061
2492	285.8500061
2493	285.8999939
2494	285.8500061
2495	285.8500061
2496	285.8099976
2497	285.9599915
2498	286.019989
2499	286.0599976
2500	286.0400085
2501	286.0400085
2502	285.980011
2503	286
2504	285.9599915
2505	286.019989
2506	286.0599976
2507	286.1300049
2508	286.1700134
2509	286.230011
2510	286.2900085
2511	286.2900085
2512	286.230011
2513	286.1900024
2514	286.1900024
2515	286.230011
2516	286.25
2517	286.2900085
2518	286.2900085
2519	286.3099976
2520	286.3399963
2521	286.269989
2522	286.3800049
2523	286.3099976
2524	286.3399963
2525	286.3399963
2526	286.4400024
2527	286.5
2528	286.4400024
2529	286.5
2530	286.4200134
2531	286.3999939
2532	286.4200134
2533	286.3800049
2534	286.3399963
2535	286.3399963
2536	286.3599854
2537	286.3800049
2538	286.3599854
2539	286.4200134
2540	286.480011
2541	286.480011
2542	286.6099854
2543	286.5400085
2544	286.519989
2545	286.6300049
2546	286.6499939
2547	286.6499939
2548	286.5899963
2549	286.5400085
2550	286.5400085
2551	286.5700073
2552	286.5400085
2553	286.519989
2554	286.480011
2555	286.4200134
2556	286.4400024
2557	286.4400024
2558	286.5400085
2559	286.5
2560	286.4599915
2561	286.3999939
2562	286.3599854
2563	286.3999939
2564	286.4200134
2565	286.4400024
2566	286.4400024
2567	286.5400085
2568	286.519989
2569	286.5400085
2570	286.5400085
2571	286.519989
2572	286.480011
2573	286.5700073
2574	286.5400085
2575	286.480011
2576	286.4400024
2577	286.4200134
2578	286.4200134
2579	286.480011
2580	286.480011
2581	286.519989
2582	286.5700073
2583	286.519989
2584	286.5899963
2585	286.6099854
2586	286.519989
2587	286.5400085
2588	286.5700073
2589	286.5700073
2590	286.6099854
2591	286.4599915
2592	286.5
2593	286.4599915
2594	286.480011
2595	286.5
2596	286.5
2597	286.519989
2598	286.5400085
2599	286.6499939
2600	286.6099854
2601	286.6300049
2602	286.6300049
2603	286.7099915
2604	286.6900024
2605	286.6900024
2606	286.5700073
2607	286.519989
2608	286.480011
2609	286.5400085
2610	286.519989
2611	286.4599915
2612	286.519989
2613	286.5
2614	286.519989
2615	286.5400085
2616	286.5
2617	286.5700073
2618	286.5700073
2619	286.5400085
2620	286.5899963
2621	286.5899963
2622	286.5899963
2623	286.6099854
2624	286.6099854
2625	286.6099854
2626	286.519989
2627	286.6099854
2628	286.6099854
2629	286.5899963
2630	286.6099854
2631	286.6099854
2632	286.5899963
2633	286.5899963
2634	286.5899963
2635	286.5899963
2636	286.480011
2637	286.5400085
2638	286.5400085
2639	286.5700073
2640	286.6099854
2641	286.5
2642	286.4200134
2643	285.9200134
2644	285.8800049
2645	285.5799866
2646	285.5400085
2647	285.5
2648	285.3500061
2649	285.3900146
2650	285.25
2651	285.1900024
2652	285.25
2653	285.3099976
2654	285.230011
2655	285.1199951
2656	285.0599976
2657	284.769989
2658	284.2200012
2659	283.2999878
2660	283.2999878
2661	281.5
2662	280.5799866
2663	280.1700134
2664	279.230011
2665	278.6199951
2666	278.1799927
2667	278.1799927
2668	277.6400146
2669	277.5899963
2670	277.6600037
2671	277.6600037
2672	277.7000122
2673	277.6799927
2674	277.7999878
2675	278.0299988
2676	278.1600037
2677	278.3699951
2678	278.5799866
2679	278.8500061
2680	278.9299927
2681	279.0799866
2682	279.3299866
2683	279.3299866
2684	279.4299927
2685	279.6000061
2686	279.6400146
2687	279.769989
2688	279.8299866
2689	279.9200134
2690	280.0599976
2691	280.0799866
2692	280.0799866
2693	280.0799866
2694	280.0799866
2695	280.0799866
2696	280.230011
2697	280.3099976
2698	280.4599915
2699	280.4599915
2700	280.75
2701	280.8800049
2702	280.980011
2703	281
2704	280.980011
2705	281.1499939
2706	281.1499939
2707	281.0400085
2708	281.0400085
2709	281.0400085
2710	281.1099854
2711	281.1300049
2712	281.1700134
2713	281.1900024
2714	281.230011
2715	281.25
2716	281.269989
2717	281.2999878
2718	281.3399963
2719	281.4400024
2720	281.4400024
2721	281.5
2722	281.5700073
2723	281.5700073
2724	281.4400024
2725	281.3999939
2726	281.4400024
2727	281.5499878
2728	281.6099854
2729	281.5700073
2730	281.6099854
2731	281.6099854
2732	281.5899963
2733	281.5700073
2734	281.5499878
2735	281.6300049
2736	281.6900024
2737	281.7799988
2738	281.7799988
2739	281.7999878
2740	281.7799988
2741	281.7600098
2742	281.7099915
2743	281.6700134
2744	281.6099854
2745	281.5700073
2746	281.6499939
2747	281.7999878
2748	281.7799988
2749	281.7999878
2750	281.8599854
2751	281.8599854
2752	281.9200134
2753	281.8999939
2754	281.8800049
2755	281.8599854
2756	281.8599854
2757	281.8599854
2758	281.9899902
2759	281.9599915
2760	281.9400024
2761	281.9899902
2762	281.8800049
2763	281.8800049
2764	281.8999939
2765	282.0100098
2766	281.9899902
2767	281.9400024
2768	281.9200134
2769	281.9400024
2770	281.9400024
2771	281.9200134
2772	281.9599915
2773	281.9899902
2774	281.8999939
2775	281.8800049
2776	281.8999939
2777	281.8999939
2778	281.8999939
2779	282.0299988
2780	282.0700073
2781	282.2000122
2782	282.1700134
2783	282.1300049
2784	282.1499939
2785	282.2200012
2786	282.1499939
2787	282.0499878
2788	282.0499878
2789	282.0899963
2790	282.0499878
2791	282.0700073
2792	282.0899963
2793	282.1099854
2794	282.0899963
2795	282.1099854
2796	282.0899963
2797	282.2000122
2798	282.2999878
2799	282.2399902
2800	282.1700134
2801	282.0899963
2802	282.0899963
2803	282.0299988
2804	281.9400024
2805	281.9599915
2806	281.9599915
2807	281.9899902
2808	281.9899902
2809	281.9899902
2810	282.0700073
2811	282.1700134
2812	282.1300049
2813	282.2600098
2814	282.1300049
2815	282.0299988
2816	282.0499878
2817	282.0899963
2818	282.0899963
2819	282.0700073
2820	281.9599915
2821	281.9899902
2822	282.0700073
2823	282.0899963
2824	282.0700073
2825	281.9899902
2826	282.0899963
2827	282.1700134
2828	282.2000122
2829	282.1499939
2830	282.2000122
2831	282.0700073
2832	282.1499939
2833	282.1499939
2834	282.1499939
2835	282.1300049
2836	282.1700134
2837	282.1700134
2838	282.2200012
2839	282.2399902
2840	282.1300049
2841	282.1300049
2842	282.0899963
2843	282.0299988
2844	282.0299988
2845	282.0899963
2846	282.1300049
2847	282.1499939
2848	282.1499939
2849	282.1099854
2850	282.1099854
2851	282.1499939
2852	282.2600098
2853	282.3800049
2854	282.3999939
2855	282.3800049
2856	282.3399963
2857	282.3599854
2858	282.3200073
2859	282.2399902
2860	282.2200012
2861	282.1300049
2862	282.1499939
2863	282.2000122
2864	282.2000122
2865	282.2200012
2866	282.2999878
2867	282.3200073
2868	282.3200073
2869	282.3200073
2870	282.3999939
2871	282.4500122
2872	282.4700012
2873	282.4700012
2874	282.5100098
2875	282.4500122
2876	282.3800049
2877	282.3800049
2878	282.3599854
2879	282.2999878
2880	282.2999878
2881	282.2200012
2882	282.2600098
2883	282.2600098
2884	282.3399963
2885	282.4700012
2886	282.4700012
2887	282.3999939
2888	282.2799988
2889	282.1300049
2890	282.1700134
2891	282.2200012
2892	282.2200012
2893	282.2000122
2894	282.0899963
2895	281.8200073
2896	281.6900024
2897	281.6300049
2898	281.8200073
2899	281.8599854
2900	282.0700073
2901	281.9899902
2902	282.1099854
2903	282.1700134
2904	282.2999878
2905	282.4299927
2906	282.3800049
2907	282.4299927
2908	282.3999939
2909	282.3999939
2910	282.3999939
2911	282.3200073
2912	282.3200073
2913	282.3599854
2914	282.3599854
2915	282.3200073
2916	282.0700073
2917	281.7999878
2918	281.8399963
2919	281.8399963
2920	282.0899963
2921	282.1700134
2922	282.2600098
2923	282.2200012
2924	282.1300049
2925	282.0700073
2926	282.0499878
2927	281.9400024
2928	282.0100098
2929	282.0299988
2930	282.0700073
2931	282.1300049
2932	282.1300049
2933	282.2600098
2934	282.2799988
2935	282.3599854
2936	282.4500122
2937	282.4899902
2938	282.6099854
2939	282.6300049
2940	282.6099854
2941	282.7600098
2942	282.9500122
2943	283.0899963
2944	283.0899963
2945	283.4100037
2946	283.4299927
2947	283.5299988
2948	283.7000122
2949	283.9299927
2950	284.2000122
2951	284.2000122
2952	284.6199951
2953	284.9100037
2954	284.9599915
2955	285.1400146
2956	285.2099915
2957	285.2900085
2958	285.2900085
2959	285.3699951
2960	285.4599915
2961	285.5
2962	285.6000061
2963	285.5799866
2964	285.5400085
2965	285.6000061
2966	285.6000061
2967	285.6700134
2968	285.769989
2969	285.8800049
2970	285.9200134
2971	285.9200134
2972	285.9200134
2973	285.9200134
2974	285.9200134
2975	285.9400024
2976	286.0599976
2977	286
2978	286.0799866
2979	286.1099854
2980	286.1499939
2981	286.1900024
2982	286.2099915
2983	286.2099915
2984	286.0799866
2985	286.1499939
2986	286.1099854
2987	286.1499939
2988	286.1700134
2989	286.25
2990	286.25
2991	286.269989
2992	286.2900085
2993	286.269989
2994	286.3800049
2995	286.3599854
2996	286.3399963
2997	286.3599854
2998	286.2900085
2999	286.3099976
3000	286.3099976
3001	286.25
3002	286.230011
3003	286.1900024
3004	286.1499939
3005	286.1900024
3006	286.1300049
3007	286.1300049
3008	286.1499939
3009	286.1300049
3010	286.0799866
3011	286.1700134
3012	286.1900024
3013	286.3599854
3014	286.3800049
3015	286.3800049
3016	286.3800049
3017	286.3399963
3018	286.3399963
3019	286.2900085
3020	286.25
3021	286.269989
3022	286.269989
3023	286.25
3024	286.3099976
3025	286.269989
3026	286.269989
3027	286.2900085
3028	286.230011
3029	286.230011
3030	286.230011
3031	286.269989
3032	286.25
3033	286.25
3034	286.2099915
3035	286.230011
3036	286.2099915
3037	286.3099976
3038	286.3399963
3039	286.2900085
3040	286.3099976
3041	286.3599854
3042	286.4400024
3043	286.4599915
3044	286.480011
3045	286.4200134
3046	286.4200134
3047	286.4400024
3048	286.3800049
3049	286.3099976
3050	286.2900085
3051	286.2900085
3052	286.3099976
3053	286.3099976
3054	286.3099976
3055	286.269989
3056	286.3399963
3057	286.3399963
3058	286.3399963
3059	286.2900085
3060	286.3399963
3061	286.3399963
3062	286.2900085
3063	286.3599854
3064	286.3399963
3065	286.4200134
3066	286.3999939
3067	286.4400024
3068	286.3800049
3069	286.2900085
3070	286.2900085
3071	286.25
3072	286.230011
3073	286.25
3074	286.2099915
3075	286.230011
3076	286.1700134
3077	286.1900024
3078	286.269989
3079	286.269989
3080	286.25
3081	286.25
3082	286.269989
3083	286.269989
3084	286.2900085
3085	286.2900085
3086	286.2900085
3087	286.3399963
3088	286.3099976
3089	286.269989
3090	286.269989
3091	286.2900085
3092	286.3800049
3093	286.3800049
3094	286.2900085
3095	286.2900085
3096	286.25
3097	286.230011
3098	286.230011
3099	286.2099915
3100	286.2099915
3101	286.3399963
3102	286.3399963
3103	286.3399963
3104	286.3999939
3105	286.4599915
3106	286.3099976
3107	286.269989
3108	286.269989
3109	286.269989
3110	286.2900085
3111	286.230011
3112	286.25
3113	286.269989
3114	286.1700134
3115	285.980011
3116	285.8800049
3117	285.7099915
3118	285.5599976
3119	285.519989
3120	285.4400024
3121	285.4200134
3122	285.3699951
3123	285.3500061
3124	285.230011
3125	285.230011
3126	285.230011
3127	285.1900024
3128	285.1900024
3129	285
3130	284.8299866
3131	284.5400085
3132	284.5400085
3133	283.7799988
3134	282.9500122
3135	282.3599854
3136	281.0899963
3137	279.8299866
3138	279.3500061
3139	278.9100037
3140	278.0499878
3141	277.8500061
3142	277.7000122
3143	277.7000122
3144	277.7999878
3145	277.8500061
3146	277.9700012
3147	278.2600098
3148	278.3500061
3149	278.5400085
3150	278.769989
3151	278.769989
3152	278.8900146
3153	278.9500122
3154	279.1799927
3155	279.3299866
3156	279.5599976
3157	279.7900085
3158	279.769989
3159	279.8699951
3160	279.9200134
3161	280
3162	280.1199951
3163	280.1700134
3164	280.1700134
3165	280.3099976
3166	280.3999939
3167	280.4400024
3168	280.480011
3169	280.6300049
3170	280.730011
3171	280.730011
3172	280.769989
3173	280.769989
3174	280.8099976
3175	280.8800049
3176	280.9599915
3177	281.019989
3178	281
3179	281.2099915
3180	281.230011
3181	281.269989
3182	281.3200073
3183	281.3399963
3184	281.2999878
3185	281.3999939
3186	281.4599915
3187	281.480011
3188	281.5299988
3189	281.480011
3190	281.480011
3191	281.5299988
3192	281.5299988
3193	281.480011
3194	281.4599915
3195	281.480011
3196	281.480011
3197	281.5700073
3198	281.5700073
3199	281.6099854
3200	281.6700134
3201	281.7799988
3202	281.7999878
3203	281.7999878
3204	281.8599854
3205	281.8200073
3206	281.8999939
3207	281.9200134
3208	281.8999939
3209	281.8999939
3210	281.8999939
3211	281.7799988
3212	281.8200073
3213	281.7999878
3214	281.8599854
3215	281.8999939
3216	281.9200134
3217	281.9200134
3218	281.9200134
3219	281.8999939
3220	281.8999939
3221	281.9599915
3222	282.0299988
3223	281.9899902
3224	282.0499878
3225	282.0700073
3226	282.1099854
3227	282.1099854
3228	282.2000122
3229	282.1099854
3230	282.2200012
3231	282.2200012
3232	282.2000122
3233	282.2000122
3234	282.0899963
3235	282.0899963
3236	282.0499878
3237	282.0299988
3238	282.1099854
3239	282.1700134
3240	282.2000122
3241	282.1099854
3242	282.1099854
3243	282.0899963
3244	282.1499939
3245	282.1700134
3246	282.1700134
3247	282.0700073
3248	282.2399902
3249	282.1300049
3250	282.1499939
3251	282.1300049
3252	282.0899963
3253	282.2200012
3254	282.2399902
3255	282.2600098
3256	282.2799988
3257	282.2799988
3258	282.3200073
3259	282.2600098
3260	282.2399902
3261	282.2600098
3262	282.2000122
3263	282.2000122
3264	282.2399902
3265	282.2999878
3266	282.2799988
3267	282.2799988
3268	282.2999878
3269	282.2399902
3270	282.2399902
3271	282.2000122
3272	282.2000122
3273	282.2200012
3274	282.2200012
3275	282.2600098
3276	282.3599854
3277	282.3999939
3278	282.4500122
3279	282.3800049
3280	282.2799988
3281	282.2799988
3282	282.3200073
3283	282.3399963
3284	282.2799988
3285	282.3200073
3286	282.2600098
3287	282.2399902
3288	282.2000122
3289	282.2600098
3290	282.3800049
3291	282.3399963
3292	282.4299927
3293	282.3999939
3294	282.3200073
3295	282.3399963
3296	282.3800049
3297	282.3599854
3298	282.3200073
3299	282.3200073
3300	282.2999878
3301	282.3200073
3302	282.2799988
3303	282.2999878
3304	282.3599854
3305	282.3999939
3306	282.3999939
3307	282.3399963
3308	282.3599854
3309	282.3200073
3310	282.3200073
3311	282.3200073
3312	282.3599854
3313	282.3599854
3314	282.2999878
3315	282.3200073
3316	282.3999939
3317	282.5299988
3318	282.5700073
3319	282.5299988
3320	282.5100098
3321	282.5100098
3322	282.5100098
3323	282.4700012
3324	282.3800049
3325	282.4700012
3326	282.4500122
3327	282.4500122
3328	282.3800049
3329	282.3399963
3330	282.4899902
3331	282.4899902
3332	282.5700073
3333	282.4500122
3334	282.4899902
3335	282.5100098
3336	282.3599854
3337	282.3200073
3338	282.3200073
3339	282.4299927
3340	282.5499878
3341	282.5299988
3342	282.6799927
3343	282.6099854
3344	282.6300049
3345	282.6300049
3346	282.6799927
3347	282.6600037
3348	282.6600037
3349	282.5700073
3350	282.6099854
3351	282.6799927
3352	282.6799927
3353	282.6600037
3354	282.5899963
3355	282.5499878
3356	282.5299988
3357	282.5899963
3358	282.6099854
3359	282.6099854
3360	282.6300049
3361	282.6600037
3362	282.6799927
3363	282.6600037
3364	282.6300049
3365	282.4700012
3366	282.4500122
3367	282.3200073
3368	282.3800049
3369	282.4299927
3370	282.4899902
3371	282.5299988
3372	282.6300049
3373	282.7200012
3374	282.7200012
3375	282.7999878
3376	282.7200012
3377	282.7200012
3378	282.6099854
3379	282.5499878
3380	282.6099854
3381	282.5899963
3382	282.6099854
3383	282.6799927
3384	282.6799927
3385	282.7799988
3386	282.7399902
3387	282.7200012
3388	282.6600037
3389	282.6300049
3390	282.5700073
3391	282.5700073
3392	282.5899963
3393	282.5499878
3394	282.5299988
3395	282.5700073
3396	282.5899963
3397	282.5700073
3398	282.5899963
3399	282.7000122
3400	282.7000122
3401	282.7200012
3402	282.7200012
3403	282.7399902
3404	282.7200012
3405	282.7200012
3406	282.6300049
3407	282.5700073
3408	282.5700073
3409	282.6099854
3410	282.6600037
3411	282.7799988
3412	282.8599854
3413	282.8900146
3414	283.0499878
3415	283.2799988
3416	283.2799988
3417	283.4500122
3418	283.5799866
3419	283.6000061
3420	283.7399902
3421	283.8099976
3422	283.9500122
3423	283.9500122
3424	284.0400085
3425	284.1799927
3426	284.2900085
3427	284.5799866
3428	284.730011
3429	284.8099976
3430	284.8500061
3431	285.1400146
3432	285.230011
3433	285.3500061
3434	285.480011
3435	285.5
3436	285.519989
3437	285.6499939
3438	285.6499939
3439	285.6700134
3440	285.7099915
3441	285.8099976
3442	285.769989
3443	285.8299866
3444	285.8099976
3445	285.8299866
3446	285.8299866
3447	285.8299866
3448	285.8299866
3449	285.8500061
3450	285.8999939
3451	285.980011
3452	286
3453	286.0799866
3454	285.980011
3455	285.980011
3456	285.9599915
3457	286
3458	285.980011
3459	286.019989
3460	286.0599976
3461	286.019989
3462	286.0799866
3463	286.1499939
3464	286.1499939
3465	286.1700134
3466	286.0799866
3467	286.0599976
3468	286.1499939
3469	286.1700134
3470	286.1700134
3471	286.1700134
3472	286.2099915
3473	286.1700134
3474	286.2099915
3475	286.1900024
3476	286.1700134
3477	286.1900024
3478	286.1700134
3479	286.269989
3480	286.25
3481	286.25
3482	286.25
3483	286.230011
3484	286.230011
3485	286.230011
3486	286.3099976
3487	286.3099976
3488	286.269989
3489	286.25
3490	286.25
3491	286.230011
3492	286.230011
3493	286.230011
3494	286.230011
3495	286.269989
3496	286.25
3497	286.25
3498	286.2900085
3499	286.3099976
3500	286.3399963
3501	286.2900085
3502	286.2900085
3503	286.2900085
3504	286.2900085
3505	286.3599854
3506	286.3800049
3507	286.3399963
3508	286.3800049
3509	286.3599854
3510	286.3399963
3511	286.2900085
3512	286.3599854
3513	286.3399963
3514	286.3399963
3515	286.269989
3516	286.3099976
3517	286.269989
3518	286.2900085
3519	286.2900085
3520	286.269989
3521	286.1700134
3522	286.1499939
3523	286.1499939
3524	286.1499939
3525	286.2099915
3526	286.2099915
3527	286.2900085
3528	286.2900085
3529	286.3099976
3530	286.3599854
3531	286.3999939
3532	286.3800049
3533	286.3800049
3534	286.269989
3535	286.269989
3536	286.230011
3537	286.269989
3538	286.2099915
3539	286.2099915
3540	286.269989
3541	286.3099976
3542	286.3800049
3543	286.4400024
3544	286.3999939
3545	286.3999939
3546	286.3800049
3547	286.3800049
3548	286.3599854
3549	286.3999939
3550	286.3999939
3551	286.25
3552	286.3599854
3553	286.25
3554	286.269989
3555	286.2900085
3556	286.269989
3557	286.3599854
3558	286.3599854
3559	286.2900085
3560	286.2099915
3561	286.230011
3562	286.230011
3563	286.25
3564	286.2900085
3565	286.2900085
3566	286.3099976
3567	286.3399963
3568	286.3399963
3569	286.3599854
3570	286.3800049
3571	286.2900085
3572	286.269989
3573	286.3599854
3574	286.3800049
3575	286.3399963
3576	286.3099976
3577	286.2900085
3578	286.25
3579	286.269989
3580	286.269989
3581	286.230011
3582	286.25
3583	286.2900085
3584	286.3099976
3585	286.3099976
3586	286.3099976
3587	286.3099976
3588	286.2099915
3589	285.9400024
3590	285.9400024
3591	285.769989
3592	285.6499939
3593	285.6000061
3594	285.4400024
3595	285.3099976
3596	285.1400146
3597	285.1400146
3598	285.1400146
3599	285.1600037
3600	285.1199951
3601	285.1000061
3602	285.0799866
3603	284.8699951
3604	284.8699951
3605	284.1199951
3606	283.4500122
3607	283.0899963
3608	282.2399902
3609	281.3399963
3610	280.8999939
3611	280.3299866
3612	279.269989
3613	279
3614	278.6000061
3615	278.3500061
3616	278.2399902
3617	278.1400146
3618	278.1400146
3619	278.2600098
3620	278.3699951
3621	278.5799866
3622	278.8099976
3623	278.8699951
3624	279.0400085
3625	279.1199951
3626	279.1600037
3627	279.269989
3628	279.3500061
3629	279.3500061
3630	279.6600037
3631	279.7900085
3632	279.9200134
3633	280
3634	280.1199951
3635	280.3299866
3636	280.3299866
3637	280.3800049
3638	280.3999939
3639	280.519989
3640	280.5400085
3641	280.6300049
3642	280.7099915
3643	280.75
3644	280.9200134
3645	281
3646	280.980011
3647	280.9599915
3648	281.019989
3649	281.0700073
3650	281.0400085
3651	281
3652	281
3653	281.0700073
3654	281.1300049
3655	281.1900024
3656	281.269989
3657	281.3200073
3658	281.3599854
3659	281.4599915
3660	281.4599915
3661	281.4599915
3662	281.5
3663	281.3800049
3664	281.2999878
3665	281.3999939
3666	281.4599915
3667	281.5
3668	281.5
3669	281.6300049
3670	281.7099915
3671	281.730011
3672	281.7600098
3673	281.6700134
3674	281.6499939
3675	281.6499939
3676	281.7099915
3677	281.7600098
3678	281.730011
3679	281.7799988
3680	281.730011
3681	281.7999878
3682	281.7600098
3683	281.6900024
3684	281.7600098
3685	281.730011
3686	281.7799988
3687	281.6900024
3688	281.730011
3689	281.7600098
3690	281.7600098
3691	281.8599854
3692	281.8999939
3693	281.9899902
3694	282.0499878
3695	282.1300049
3696	282.1099854
3697	282.2200012
3698	282.2399902
3699	282.3200073
3700	282.3200073
3701	282.3200073
3702	282.2999878
3703	282.2799988
3704	282.3599854
3705	282.3599854
3706	282.3999939
3707	282.3999939
3708	282.3999939
3709	282.3800049
3710	282.4500122
3711	282.4299927
3712	282.4299927
3713	282.4899902
3714	282.3999939
3715	282.3800049
3716	282.3800049
3717	282.4700012
3718	282.4299927
3719	282.5499878
3720	282.5100098
3721	282.5100098
3722	282.4700012
3723	282.4899902
3724	282.4700012
3725	282.2600098
3726	282.2799988
3727	282.2200012
3728	282.2200012
3729	282.2399902
3730	282.2799988
3731	282.3399963
3732	282.4299927
3733	282.3399963
3734	282.3999939
3735	282.3999939
3736	282.4700012
3737	282.3399963
3738	282.2399902
3739	282.2399902
3740	282.2000122
3741	282.2600098
3742	282.3200073
3743	282.3399963
3744	282.2600098
3745	282.3200073
3746	282.3200073
3747	282.4299927
3748	282.4299927
3749	282.3800049
3750	282.4899902
3751	282.5100098
3752	282.5299988
3753	282.5100098
3754	282.4700012
3755	282.5100098
3756	282.5299988
3757	282.5100098
3758	282.5100098
3759	282.5100098
3760	282.4899902
3761	282.4500122
3762	282.4899902
3763	282.5499878
3764	282.5100098
3765	282.4899902
3766	282.4700012
3767	282.3999939
3768	282.3800049
3769	282.4500122
3770	282.5700073
3771	282.5700073
3772	282.6300049
3773	282.5899963
3774	282.5899963
3775	282.4299927
3776	282.3999939
3777	282.4899902
3778	282.4899902
3779	282.6099854
3780	282.7600098
3781	282.7200012
3782	282.7799988
3783	282.7000122
3784	282.6600037
3785	282.6600037
3786	282.5899963
3787	282.5299988
3788	282.5100098
3789	282.5299988
3790	282.5700073
3791	282.5299988
3792	282.5299988
3793	282.4700012
3794	282.3999939
3795	282.3999939
3796	282.4500122
3797	282.4899902
3798	282.6099854
3799	282.5499878
3800	282.6300049
3801	282.6099854
3802	282.5899963
3803	282.6300049
3804	282.6600037
3805	282.6799927
3806	282.7000122
3807	282.6099854
3808	282.5299988
3809	282.5299988
3810	282.5299988
3811	282.5100098
3812	282.5499878
3813	282.5299988
3814	282.5299988
3815	282.4899902
3816	282.5299988
3817	282.5299988
3818	282.5899963
3819	282.5499878
3820	282.5700073
3821	282.6099854
3822	282.6799927
3823	282.7200012
3824	282.7399902
3825	282.7000122
3826	282.6799927
3827	282.6099854
3828	282.6600037
3829	282.6300049
3830	282.6099854
3831	282.6799927
3832	282.7600098
3833	282.7399902
3834	282.7799988
3835	282.7600098
3836	282.7799988
3837	282.7399902
3838	282.7200012
3839	282.7200012
3840	282.7200012
3841	282.6300049
3842	282.6300049
3843	282.7600098
3844	282.7000122
3845	282.7200012
3846	282.7200012
3847	282.7600098
3848	282.8200073
3849	282.8200073
3850	282.8200073
3851	282.7200012
3852	282.7000122
3853	282.6600037
3854	282.7200012
3855	282.6799927
3856	282.6799927
3857	282.7200012
3858	282.7799988
3859	282.7600098
3860	282.7399902
3861	282.7200012
3862	282.7200012
3863	282.7399902
3864	282.6799927
3865	282.7000122
3866	282.6799927
3867	282.6600037
3868	282.7000122
3869	282.7200012
3870	282.6600037
3871	282.6099854
3872	282.5700073
3873	282.5899963
3874	282.6300049
3875	282.6600037
3876	282.6300049
3877	282.6600037
3878	282.7399902
3879	282.7399902
3880	282.7200012
3881	282.7200012
3882	282.7999878
3883	282.7399902
3884	282.5700073
3885	282.6300049
3886	282.7000122
3887	282.8599854
3888	282.8599854
3889	283.2000122
3890	283.3500061
3891	283.4299927
3892	283.5100098
3893	283.6199951
3894	283.7200012
3895	283.8099976
3896	283.9299927
3897	284.2000122
3898	284.3500061
3899	284.6000061
3900	284.8099976
3901	284.8699951
3902	284.9299927
3903	285.1400146
3904	285.230011
3905	285.3699951
3906	285.480011
3907	285.480011
3908	285.5400085
3909	285.5400085
3910	285.6000061
3911	285.6499939
3912	285.6900024
3913	285.7099915
3914	285.7900085
3915	285.8099976
3916	285.7900085
3917	285.8500061
3918	285.8800049
3919	285.9200134
3920	285.9200134
3921	286.019989
3922	286.0599976
3923	286.0400085
3924	286.1099854
3925	286.0599976
3926	286.1099854
3927	286.1099854
3928	286.0599976
3929	286.1499939
3930	286.1700134
3931	286.1499939
3932	286.1300049
3933	286.1700134
3934	286.1700134
3935	286.1300049
3936	286.1700134
3937	286.1499939
3938	286.1499939
3939	286.1499939
3940	286.1499939
3941	286.1700134
3942	286.1499939
3943	286.0799866
3944	286.1499939
3945	286.2099915
3946	286.269989
3947	286.2900085
3948	286.3099976
3949	286.3099976
3950	286.2900085
3951	286.3099976
3952	286.3099976
3953	286.25
3954	286.1900024
3955	286.2099915
3956	286.230011
3957	286.269989
3958	286.25
3959	286.25
3960	286.3099976
3961	286.3099976
3962	286.3099976
3963	286.0799866
3964	286.0799866
3965	286.0599976
3966	286.1300049
3967	286.2900085
3968	286.3599854
3969	286.3399963
3970	286.3099976
3971	286.3399963
3972	286.269989
3973	286.2900085
3974	286.25
3975	286.230011
3976	286.25
3977	286.1700134
3978	286.1900024
3979	286.1099854
3980	286.0400085
3981	286.0599976
3982	286.1499939
3983	286.1099854
3984	286.1099854
3985	286.0599976
3986	286.1099854
3987	286.1099854
3988	286.1700134
3989	286.2900085
3990	286.3599854
3991	286.3599854
3992	286.2900085
3993	286.3399963
3994	286.2900085
3995	286.2900085
3996	286.3399963
3997	286.2900085
3998	286.2900085
3999	286.3099976
4000	286.2900085
4001	286.2900085
4002	286.3599854
4003	286.4200134
4004	286.3399963
4005	286.3599854
4006	286.3099976
4007	286.3099976
4008	286.3599854
4009	286.3800049
4010	286.4200134
4011	286.3599854
4012	286.3599854
4013	286.25
4014	286.2900085
4015	286.2900085
4016	286.3399963
4017	286.2900085
4018	286.230011
4019	286.269989
4020	286.3800049
4021	286.3800049
4022	286.3599854
4023	286.3599854
4024	286.3099976
4025	286.25
4026	286.230011
4027	286.3099976
4028	286.3399963
4029	286.2900085
4030	286.2900085
4031	286.3099976
4032	286.3099976
4033	286.3099976
4034	286.269989
4035	286.2900085
4036	286.3099976
4037	286.3099976
4038	286.4200134
4039	286.3099976
4040	286.25
4041	286.3599854
4042	286.3599854
4043	286.3800049
4044	286.3099976
4045	286.3099976
4046	286.2900085
4047	286.2900085
4048	286.3099976
4049	286.3099976
4050	286.3099976
4051	286.2900085
4052	286.3099976
4053	286.25
4054	286.269989
4055	286.3800049
4056	286.3999939
4057	286.3599854
4058	286.3800049
4059	286.3599854
4060	286.3399963
4061	286.1499939
4062	286.1499939
4063	285.8500061
4064	285.6700134
4065	285.5799866
4066	285.3099976
4067	285.1000061
4068	285.0799866
4069	285.0799866
4070	285.1600037
4071	285.0799866
4072	285.1400146
4073	285.0400085
4074	285.0599976
4075	285.0799866
4076	285
4077	284.6799927
4078	284.269989
4079	283.9299927
4080	283.1400146
4081	282.3200073
4082	281.7999878
4083	281.3999939
4084	280.2900085
4085	279.9400024
4086	279.3900146
4087	278.8500061
4088	278.6600037
4089	278.4700012
4090	278.4899902
4091	278.5400085
4092	278.5599976
4093	278.5599976
4094	278.5599976
4095	278.769989
4096	278.7900085
4097	278.8699951
4098	279.019989
4099	279.1799927
4100	279.3900146
4101	279.3900146
4102	279.6900024
4103	279.7099915
4104	279.7900085
4105	279.8699951
4106	279.8699951
4107	280
4108	280
4109	280.269989
4110	280.3800049
4111	280.3299866
4112	280.4400024
4113	280.6099854
4114	280.6099854
4115	280.5599976
4116	280.75
4117	280.75
4118	280.8099976
4119	280.8999939
4120	280.9400024
4121	281.0400085
4122	281.0700073
4123	281.1900024
4124	281.1700134
4125	281.25
4126	281.230011
4127	281.2999878
4128	281.269989
4129	281.3399963
4130	281.480011
4131	281.5499878
4132	281.5299988
4133	281.5299988
4134	281.5
4135	281.5
4136	281.5299988
4137	281.6499939
4138	281.730011
4139	281.7600098
4140	281.7600098
4141	281.7099915
4142	281.730011
4143	281.7099915
4144	281.7799988
4145	281.8399963
4146	281.8800049
4147	281.8200073
4148	281.730011
4149	281.7600098
4150	281.7600098
4151	281.730011
4152	281.8800049
4153	281.8399963
4154	281.8999939
4155	281.8200073
4156	281.7799988
4157	281.8599854
4158	281.7799988
4159	281.7799988
4160	281.7999878
4161	281.8599854
4162	281.9899902
4163	282.1099854
4164	282.0700073
4165	282.0100098
4166	282.0700073
4167	282.0899963
4168	282.0700073
4169	281.9599915
4170	282.0299988
4171	282.0299988
4172	282.0299988
4173	282.0499878
4174	282.0899963
4175	282.0899963
4176	282.2200012
4177	282.2999878
4178	282.2999878
4179	282.2999878
4180	282.2399902
4181	282.2999878
4182	282.3200073
4183	282.2999878
4184	282.3200073
4185	282.4299927
4186	282.3800049
4187	282.1700134
4188	282.1499939
4189	282.1099854
4190	282.1300049
4191	282.1300049
4192	282.1300049
4193	282.1700134
4194	282.2200012
4195	282.1499939
4196	282.1099854
4197	282.0899963
4198	282.1300049
4199	282.1099854
4200	282.1499939
4201	282.2200012
4202	282.2600098
4203	282.2399902
4204	282.2399902
4205	282.4299927
4206	282.3999939
4207	282.5100098
4208	282.5100098
4209	282.5499878
4210	282.6600037
4211	282.6600037
4212	282.5100098
4213	282.5499878
4214	282.4500122
4215	282.4299927
4216	282.3800049
4217	282.2799988
4218	282.2200012
4219	282.2999878
4220	282.2600098
4221	282.2600098
4222	282.1700134
4223	282.2600098
4224	282.2399902
4225	282.2999878
4226	282.2799988
4227	282.2999878
4228	282.3399963
4229	282.3200073
4230	282.3599854
4231	282.3399963
4232	282.3999939
4233	282.4299927
4234	282.4700012
4235	282.4700012
4236	282.4899902
4237	282.5299988
4238	282.6300049
4239	282.5899963
4240	282.5700073
4241	282.5499878
4242	282.6099854
4243	282.6099854
4244	282.5899963
4245	282.6099854
4246	282.5499878
4247	282.6300049
4248	282.6600037
4249	282.6300049
4250	282.6300049
4251	282.5899963
4252	282.5499878
4253	282.6099854
4254	282.6300049
4255	282.6099854
4256	282.5899963
4257	282.6300049
4258	282.6600037
4259	282.5899963
4260	282.6099854
4261	282.6300049
4262	282.7999878
4263	282.7999878
4264	282.7799988
4265	282.6600037
4266	282.6799927
4267	282.6300049
4268	282.7600098
4269	282.7600098
4270	282.7999878
4271	282.7999878
4272	282.7200012
4273	282.6600037
4274	282.6300049
4275	282.6300049
4276	282.5299988
4277	282.5299988
4278	282.5499878
4279	282.6600037
4280	282.6799927
4281	282.7399902
4282	282.7399902
4283	282.7999878
4284	282.8200073
4285	282.7000122
4286	282.6600037
4287	282.7200012
4288	282.7200012
4289	282.7200012
4290	282.6799927
4291	282.6099854
4292	282.5899963
4293	282.4700012
4294	282.5700073
4295	282.5700073
4296	282.6300049
4297	282.6300049
4298	282.7200012
4299	282.7600098
4300	282.7999878
4301	282.7600098
4302	282.7999878
4303	282.8900146
4304	282.8399963
4305	282.8599854
4306	282.7000122
4307	282.6099854
4308	282.6600037
4309	282.7200012
4310	282.7200012
4311	282.7600098
4312	282.7999878
4313	282.7600098
4314	282.7600098
4315	282.7000122
4316	282.5899963
4317	282.6600037
4318	282.6099854
4319	282.5700073
4320	282.6600037
4321	282.6600037
4322	282.7799988
4323	282.8200073
4324	282.7999878
4325	282.7399902
4326	282.7200012
4327	282.7399902
4328	282.7399902
4329	282.7600098
4330	282.7799988
4331	282.8599854
4332	282.8200073
4333	282.7200012
4334	282.7200012
4335	282.7000122
4336	282.7999878
4337	282.8399963
4338	282.8399963
4339	282.7999878
4340	282.6600037
4341	282.6600037
4342	282.7200012
4343	282.7799988
4344	282.8599854
4345	282.8399963
4346	282.8399963
4347	282.7399902
4348	282.7600098
4349	282.7600098
4350	282.7999878
4351	282.7999878
4352	282.7600098
4353	282.7600098
4354	282.7600098
4355	282.7799988
4356	282.8599854
4357	282.9100037
4358	283.0899963
4359	283.1400146
4360	283.1400146
4361	283.3200073
4362	283.4500122
4363	283.5100098
4364	283.6400146
4365	283.7000122
4366	283.7399902
4367	283.7600098
4368	283.9899902
4369	284.0799866
4370	284.3099976
4371	284.5400085
4372	284.6400146
4373	284.7900085
4374	284.9299927
4375	285.1400146
4376	285.25
4377	285.3699951
4378	285.5
4379	285.3900146
4380	285.480011
4381	285.519989
4382	285.6000061
4383	285.6000061
4384	285.6499939
4385	285.6499939
4386	285.6700134
4387	285.6900024
4388	285.769989
4389	285.7900085
4390	285.8999939
4391	286
4392	286
4393	285.980011
4394	285.980011
4395	285.980011
4396	285.9599915
4397	286.0799866
4398	286.1099854
4399	286.1099854
4400	286.1499939
4401	286.1300049
4402	286.1300049
4403	286.1300049
4404	286.1300049
4405	286.1900024
4406	286.1700134
4407	286.1499939
4408	286.230011
4409	286.2900085
4410	286.3099976
4411	286.269989
4412	286.2900085
4413	286.269989
4414	286.3099976
4415	286.3800049
4416	286.3599854
4417	286.3599854
4418	286.2900085
4419	286.230011
4420	286.2900085
4421	286.3099976
4422	286.2900085
4423	286.3800049
4424	286.3800049
4425	286.3599854
4426	286.3599854
4427	286.3399963
4428	286.3800049
4429	286.3099976
4430	286.25
4431	286.25
4432	286.1900024
4433	286.2099915
4434	286.2900085
4435	286.269989
4436	286.3399963
4437	286.3599854
4438	286.3399963
4439	286.3800049
4440	286.3599854
4441	286.3800049
4442	286.3599854
4443	286.3999939
4444	286.3999939
4445	286.4200134
4446	286.3599854
4447	286.3800049
4448	286.3399963
4449	286.3800049
4450	286.3999939
4451	286.3800049
4452	286.3999939
4453	286.4200134
4454	286.3800049
4455	286.3800049
4456	286.3800049
4457	286.3599854
4458	286.25
4459	286.25
4460	286.25
4461	286.2900085
4462	286.3099976
4463	286.3099976
4464	286.3800049
4465	286.3999939
4466	286.4200134
4467	286.4200134
4468	286.3999939
4469	286.4599915
4470	286.4599915
4471	286.480011
4472	286.4400024
4473	286.3800049
4474	286.480011
4475	286.519989
4476	286.519989
4477	286.519989
4478	286.4200134
4479	286.3399963
4480	286.4400024
4481	286.3999939
4482	286.3800049
4483	286.3099976
4484	286.25
4485	286.1700134
4486	286.2099915
4487	286.1700134
4488	286.25
4489	286.269989
4490	286.230011
4491	286.269989
4492	286.3399963
4493	286.3399963
4494	286.3800049
4495	286.3800049
4496	286.3800049
4497	286.4200134
4498	286.4200134
4499	286.480011
4500	286.4400024
4501	286.480011
4502	286.480011
4503	286.3800049
4504	286.4200134
4505	286.4599915
4506	286.3800049
4507	286.4400024
4508	286.4599915
4509	286.3999939
4510	286.4200134
4511	286.4200134
4512	286.3800049
4513	286.3999939
4514	286.4200134
4515	286.4400024
4516	286.4400024
4517	286.4400024
4518	286.4400024
4519	286.4200134
4520	286.4599915
4521	286.4400024
4522	286.4200134
4523	286.4400024
4524	286.4400024
4525	286.4200134
4526	286.3999939
4527	286.3999939
4528	286.3399963
4529	286.3999939
4530	286.4200134
4531	286.4400024
4532	286.3999939
4533	286.480011
4534	286.480011
4535	286.3099976
4536	286.1499939
4537	286.0400085
4538	285.8800049
4539	285.8099976
4540	285.730011
4541	285.730011
4542	285.6499939
4543	285.519989
4544	285.519989
4545	285.4200134
4546	285.4400024
4547	285.3900146
4548	285.3699951
4549	285.1000061
4550	284.8099976
4551	284.3099976
4552	283.5799866
4553	283.1600037
4554	282.4299927
4555	282.0100098
4556	281.0899963
4557	280.730011
4558	280.1000061
4559	279.6900024
4560	279.5
4561	279.1799927
4562	279.1400146
4563	279
4564	278.8900146
4565	278.8500061
4566	278.8500061
4567	279.0799866
4568	279.230011
4569	279.1799927
4570	279.4299927
4571	279.5400085
4572	279.769989
4573	279.769989
4574	279.8900146
4575	279.8900146
4576	279.9400024
4577	280.019989
4578	280.1499939
4579	280.2099915
4580	280.2900085
4581	280.3500061
4582	280.4599915
4583	280.5
4584	280.6700134
4585	280.8399963
4586	280.8999939
4587	280.9400024
4588	281.1099854
4589	281.0700073
4590	281.0700073
4591	281.019989
4592	281
4593	280.980011
4594	281
4595	281.1700134
4596	281.1700134
4597	281.230011
4598	281.230011
4599	281.3399963
4600	281.5
4601	281.480011
4602	281.5700073
4603	281.4599915
4604	281.4599915
4605	281.4599915
4606	281.5299988
4607	281.5700073
4608	281.5700073
4609	281.4200134
4610	281.480011
4611	281.6099854
4612	281.6099854
4613	281.6900024
4614	281.730011
4615	281.8399963
4616	281.8200073
4617	281.7799988
4618	281.8200073
4619	281.8800049
4620	281.8800049
4621	281.8999939
4622	282.0100098
4623	282.0499878
4624	282.0499878
4625	282.1300049
4626	282.1300049
4627	282.0700073
4628	282.1300049
4629	282.0700073
4630	282.2200012
4631	282.2600098
4632	282.3200073
4633	282.2999878
4634	282.3399963
4635	282.4299927
4636	282.3399963
4637	282.3399963
4638	282.1700134
4639	282.1300049
4640	282.1300049
4641	282.1700134
4642	282.2799988
4643	282.2999878
4644	282.2999878
4645	282.3599854
4646	282.2600098
4647	282.2999878
4648	282.2999878
4649	282.2799988
4650	282.3200073
4651	282.2200012
4652	282.3200073
4653	282.4299927
4654	282.3399963
4655	282.2999878
4656	282.3200073
4657	282.3399963
4658	282.2999878
4659	282.3999939
4660	282.3800049
4661	282.3800049
4662	282.3599854
4663	282.3399963
4664	282.3800049
4665	282.3999939
4666	282.3999939
4667	282.4500122
4668	282.5100098
4669	282.5299988
4670	282.5499878
4671	282.5100098
4672	282.4899902
4673	282.5100098
4674	282.5299988
4675	282.5499878
4676	282.5499878
4677	282.4700012
4678	282.5299988
4679	282.5899963
4680	282.6300049
4681	282.7000122
4682	282.6799927
4683	282.6799927
4684	282.6799927
4685	282.6099854
4686	282.5299988
4687	282.5899963
4688	282.5700073
4689	282.6300049
4690	282.5499878
4691	282.5499878
4692	282.5700073
4693	282.6300049
4694	282.6300049
4695	282.6600037
4696	282.6099854
4697	282.5299988
4698	282.4299927
4699	282.3800049
4700	282.4500122
4701	282.4899902
4702	282.3999939
4703	282.3800049
4704	282.4299927
4705	282.5700073
4706	282.6099854
4707	282.6600037
4708	282.6600037
4709	282.5899963
4710	282.5899963
4711	282.6300049
4712	282.6099854
4713	282.6099854
4714	282.6799927
4715	282.6799927
4716	282.7200012
4717	282.5700073
4718	282.5499878
4719	282.5899963
4720	282.6300049
4721	282.6600037
4722	282.6600037
4723	282.7000122
4724	282.7200012
4725	282.7000122
4726	282.7000122
4727	282.7399902
4728	282.7399902
4729	282.7200012
4730	282.6099854
4731	282.6799927
4732	282.7000122
4733	282.7000122
4734	282.6600037
4735	282.7600098
4736	282.7600098
4737	282.6300049
4738	282.4500122
4739	282.3800049
4740	282.3399963
4741	282.3800049
4742	282.4700012
4743	282.5700073
4744	282.6099854
4745	282.5499878
4746	282.6099854
4747	282.6099854
4748	282.6300049
4749	282.6300049
4750	282.6600037
4751	282.6600037
4752	282.6099854
4753	282.7000122
4754	282.7000122
4755	282.6099854
4756	282.6300049
4757	282.6799927
4758	282.6600037
4759	282.7200012
4760	282.7799988
4761	282.7999878
4762	282.7999878
4763	282.8200073
4764	282.8399963
4765	282.7799988
4766	282.7799988
4767	282.7200012
4768	282.7399902
4769	282.6600037
4770	282.6799927
4771	282.7000122
4772	282.7600098
4773	282.7200012
4774	282.7200012
4775	282.7000122
4776	282.7600098
4777	282.7999878
4778	282.7200012
4779	282.7200012
4780	282.7000122
4781	282.7399902
4782	282.7799988
4783	282.7000122
4784	282.7000122
4785	282.7399902
4786	282.7399902
4787	282.7000122
4788	282.7399902
4789	282.7399902
4790	282.8200073
4791	282.8200073
4792	282.8200073
4793	282.8200073
4794	282.7000122
4795	282.6600037
4796	282.7799988
4797	282.7999878
4798	282.7799988
4799	282.7600098
4800	282.7600098
4801	282.7200012
4802	282.7399902
4803	282.7600098
4804	282.7799988
4805	282.7399902
4806	282.7799988
4807	282.7200012
4808	282.6799927
4809	282.7200012
4810	282.7999878
4811	282.8599854
4812	282.9700012
4813	282.9500122
4814	282.9500122
4815	282.9299927
4816	282.9500122
4817	282.8399963
4818	282.8399963
4819	282.7200012
4820	282.7200012
4821	282.7000122
4822	282.7399902
4823	282.6600037
4824	282.6799927
4825	282.6799927
4826	282.7000122
4827	282.5899963
4828	282.6300049
4829	282.6600037
4830	282.7600098
4831	282.7999878
4832	282.8599854
4833	282.9299927
4834	283.1400146
4835	283.2600098
4836	283.5100098
4837	283.6799927
4838	283.7200012
4839	283.6400146
4840	283.7200012
4841	283.8900146
4842	284.0599976
4843	284.2900085
4844	284.3500061
4845	284.6000061
4846	284.769989
4847	284.8900146
4848	285
4849	285.1400146
4850	285.1400146
4851	285.2900085
4852	285.4599915
4853	285.5400085
4854	285.6000061
4855	285.7099915
4856	285.75
4857	285.75
4858	285.75
4859	285.8099976
4860	285.9200134
4861	285.9200134
4862	286.019989
4863	286.0799866
4864	286.0799866
4865	286.1300049
4866	286.1499939
4867	286.1300049
4868	286.1300049
4869	286.1099854
4870	286.1099854
4871	286.1900024
4872	286.2099915
4873	286.230011
4874	286.1499939
4875	286.2099915
4876	286.1900024
4877	286.25
4878	286.2099915
4879	286.1499939
4880	286.2099915
4881	286.269989
4882	286.25
4883	286.3399963
4884	286.3800049
4885	286.2900085
4886	286.25
4887	286.2099915
4888	286.1300049
4889	286.1300049
4890	286.1700134
4891	286.1499939
4892	286.1099854
4893	286.1900024
4894	286.230011
4895	286.2099915
4896	286.2099915
4897	286.3099976
4898	286.269989
4899	286.3099976
4900	286.3099976
4901	286.2900085
4902	286.3399963
4903	286.3800049
4904	286.3599854
4905	286.3800049
4906	286.3999939
4907	286.3800049
4908	286.4200134
4909	286.4200134
4910	286.3999939
4911	286.3399963
4912	286.3399963
4913	286.3399963
4914	286.269989
4915	286.25
4916	286.3099976
4917	286.3099976
4918	286.269989
4919	286.25
4920	286.1700134
4921	286.230011
4922	286.25
4923	286.25
4924	286.25
4925	286.2900085
4926	286.2900085
4927	286.2900085
4928	286.2900085
4929	286.3999939
4930	286.480011
4931	286.3800049
4932	286.3999939
4933	286.3599854
4934	286.3800049
4935	286.3800049
4936	286.3099976
4937	286.25
4938	286.25
4939	286.230011
4940	286.269989
4941	286.269989
4942	286.2900085
4943	286.25
4944	286.2099915
4945	286.1700134
4946	286.1900024
4947	286.1700134
4948	286.1700134
4949	286.1900024
4950	286.1900024
4951	286.1900024
4952	286.25
4953	286.3099976
4954	286.3399963
4955	286.3599854
4956	286.3800049
4957	286.4599915
4958	286.4599915
4959	286.4599915
4960	286.4599915
4961	286.4599915
4962	286.480011
4963	286.5
4964	286.4599915
4965	286.4200134
4966	286.4200134
4967	286.4200134
4968	286.3599854
4969	286.3999939
4970	286.3399963
4971	286.3999939
4972	286.3599854
4973	286.3800049
4974	286.3399963
4975	286.2900085
4976	286.3599854
4977	286.2900085
4978	286.4200134
4979	286.4599915
4980	286.480011
4981	286.4400024
4982	286.4400024
4983	286.519989
4984	286.4400024
4985	286.4599915
4986	286.3099976
4987	286.3099976
4988	286.3599854
4989	286.3399963
4990	286.3999939
4991	286.3800049
4992	286.3099976
4993	286.2900085
4994	286.25
4995	286.3099976
4996	286.1900024
4997	286.2900085
4998	286.3099976
4999	286.3099976
5000	286.3099976
5001	286.3999939
5002	286.3599854
5003	286.3999939
5004	286.3999939
5005	286.4400024
5006	286.4400024
5007	286.3999939
5008	286.2099915
5009	286.0400085
5010	285.8099976
5011	285.6499939
5012	285.5599976
5013	285.5
5014	285.3500061
5015	285.3900146
5016	285.3699951
5017	285.3099976
5018	285.2900085
5019	285.1400146
5020	285.25
5021	285.1000061
5022	285.1000061
5023	285
5024	284.5
5025	284.1799927
5026	283.4899902
5027	283.1400146
5028	282.2399902
5029	281.3399963
5030	280.5400085
5031	280.5400085
5032	279.75
5033	279.4100037
5034	279.1600037
5035	278.8900146
5036	278.7399902
5037	278.7399902
5038	278.7399902
5039	278.7000122
5040	278.7399902
5041	278.8099976
5042	278.9700012
5043	279.1199951
5044	279.3699951
5045	279.3699951
5046	279.6199951
5047	279.6900024
5048	279.75
5049	279.8099976
5050	279.9599915
5051	280.0400085
5052	280.1199951
5053	280.3500061
5054	280.3800049
5055	280.4599915
5056	280.5599976
5057	280.5799866
5058	280.7099915
5059	280.769989
5060	280.8399963
5061	280.9200134
5062	280.980011
5063	281.0400085
5064	281.1099854
5065	281.1900024
5066	281.2099915
5067	281.25
5068	281.25
5069	281.25
5070	281.25
5071	281.3599854
5072	281.3599854
5073	281.3800049
5074	281.4200134
5075	281.480011
5076	281.4200134
5077	281.4200134
5078	281.4400024
5079	281.4200134
5080	281.4599915
5081	281.5
5082	281.6499939
5083	281.7099915
5084	281.6900024
5085	281.7099915
5086	281.6900024
5087	281.7099915
5088	281.6900024
5089	281.730011
5090	281.7999878
5091	281.6700134
5092	281.7999878
5093	281.730011
5094	281.730011
5095	281.8200073
5096	281.7999878
5097	281.7799988
5098	281.7999878
5099	281.9200134
5100	281.9899902
5101	281.9599915
5102	281.9599915
5103	281.9899902
5104	281.8999939
5105	281.9400024
5106	281.8200073
5107	281.8800049
5108	281.9200134
5109	281.9200134
5110	282.0499878
5111	282.1300049
5112	282.0899963
5113	282.0499878
5114	282.1700134
5115	282.1499939
5116	282.1499939
5117	282.1099854
5118	282.0299988
5119	282.1099854
5120	282.1300049
5121	282.1700134
5122	282.1499939
5123	282.2000122
5124	282.1499939
5125	282.1300049
5126	282.1099854
5127	282.1099854
5128	282.1499939
5129	282.2600098
5130	282.2600098
5131	282.3399963
5132	282.3200073
5133	282.2799988
5134	282.2600098
5135	282.2600098
5136	282.3599854
5137	282.3999939
5138	282.2600098
5139	282.1700134
5140	282.2000122
5141	282.2000122
5142	282.2399902
5143	282.2999878
5144	282.3200073
5145	282.3599854
5146	282.3999939
5147	282.4700012
5148	282.4700012
5149	282.3200073
5150	282.3599854
5151	282.4299927
5152	282.4899902
5153	282.5100098
5154	282.4899902
5155	282.5700073
5156	282.4899902
5157	282.3999939
5158	282.3800049
5159	282.3200073
5160	282.3200073
5161	282.2999878
5162	282.3200073
5163	282.3999939
5164	282.3999939
5165	282.4299927
5166	282.4700012
5167	282.4500122
5168	282.4700012
5169	282.4700012
5170	282.5299988
5171	282.4899902
5172	282.4700012
5173	282.4700012
5174	282.3599854
5175	282.3999939
5176	282.3999939
5177	282.3999939
5178	282.4500122
5179	282.4899902
5180	282.4899902
5181	282.5100098
5182	282.4299927
5183	282.3999939
5184	282.4500122
5185	282.4299927
5186	282.4500122
5187	282.4500122
5188	282.4899902
5189	282.5299988
5190	282.5899963
5191	282.6099854
5192	282.6099854
5193	282.6099854
5194	282.5700073
5195	282.4299927
5196	282.3800049
5197	282.3399963
5198	282.3599854
5199	282.3399963
5200	282.3200073
5201	282.2600098
5202	282.4299927
5203	282.4500122
5204	282.4500122
5205	282.4500122
5206	282.3999939
5207	282.4899902
5208	282.4700012
5209	282.5299988
5210	282.5299988
5211	282.5299988
5212	282.5299988
5213	282.5299988
5214	282.4500122
5215	282.4500122
5216	282.4299927
5217	282.4500122
5218	282.3999939
5219	282.3999939
5220	282.3200073
5221	282.3800049
5222	282.3999939
5223	282.4700012
5224	282.4299927
5225	282.3599854
5226	282.3599854
5227	282.4899902
5228	282.5299988
5229	282.4700012
5230	282.5100098
5231	282.5499878
5232	282.3800049
5233	282.4299927
5234	282.3200073
5235	282.3599854
5236	282.3599854
5237	282.4500122
5238	282.4700012
5239	282.5299988
5240	282.5499878
5241	282.5299988
5242	282.5299988
5243	282.5100098
5244	282.4899902
5245	282.5299988
5246	282.4299927
5247	282.4299927
5248	282.4299927
5249	282.5100098
5250	282.5499878
5251	282.5499878
5252	282.6799927
5253	282.7999878
5254	282.7399902
5255	282.6799927
5256	282.6099854
5257	282.5899963
5258	282.5899963
5259	282.5299988
5260	282.5299988
5261	282.5499878
5262	282.4700012
5263	282.3399963
5264	282.3200073
5265	282.3200073
5266	282.2799988
5267	282.2600098
5268	282.2000122
5269	282.2600098
5270	282.3200073
5271	282.3599854
5272	282.3200073
5273	282.4700012
5274	282.4299927
5275	282.5100098
5276	282.5100098
5277	282.5499878
5278	282.5299988
5279	282.5299988
5280	282.4700012
5281	282.4899902
5282	282.5299988
5283	282.5299988
5284	282.5499878
5285	282.5899963
5286	282.5899963
5287	282.5100098
5288	282.4500122
5289	282.4500122
5290	282.4500122
5291	282.4700012
5292	282.5299988
5293	282.5499878
5294	282.5299988
5295	282.4700012
5296	282.4700012
5297	282.4700012
5298	282.5499878
5299	282.5700073
5300	282.5100098
5301	282.4700012
5302	282.4500122
5303	282.4299927
5304	282.3999939
5305	282.5100098
5306	282.5299988
5307	282.6099854
5308	282.8900146
5309	283.0299988
5310	283.1400146
5311	283.2799988
5312	283.4500122
5313	283.5100098
5314	283.6199951
5315	283.6600037
5316	283.7200012
5317	283.9500122
5318	284.0799866
5319	284.3099976
5320	284.519989
5321	284.6000061
5322	284.6000061
5323	284.8099976
5324	285
5325	285.019989
5326	285.0599976
5327	285.0799866
5328	285.25
5329	285.25
5330	285.3299866
5331	285.4200134
5332	285.4400024
5333	285.5
5334	285.5400085
5335	285.519989
5336	285.5599976
5337	285.6000061
5338	285.6499939
5339	285.6000061
5340	285.7099915
5341	285.75
5342	285.6900024
5343	285.769989
5344	285.8500061
5345	285.8299866
5346	285.75
5347	285.769989
5348	285.769989
5349	285.8099976
5350	285.8800049
5351	285.8099976
5352	285.8099976
5353	285.75
5354	285.75
5355	285.8800049
5356	285.8999939
5357	285.9400024
5358	285.9400024
5359	285.9200134
5360	285.9400024
5361	285.9400024
5362	286.019989
5363	286.019989
5364	286.0799866
5365	286.019989
5366	286.0599976
5367	286
5368	286
5369	286.0799866
5370	286.0799866
5371	286.019989
5372	286.0599976
5373	286.0400085
5374	286.0799866
5375	286.0799866
5376	286.1099854
5377	286.0799866
5378	286.0400085
5379	286.0599976
5380	286.019989
5381	286.0400085
5382	286.0599976
5383	286.1099854
5384	286.1300049
5385	286.1099854
5386	286.1700134
5387	286.0799866
5388	286.1499939
5389	286.1300049
5390	286.1499939
5391	286.1300049
5392	286.1300049
5393	286.1300049
5394	286.0799866
5395	286.0799866
5396	286.1300049
5397	286.1099854
5398	286.1499939
5399	286.1099854
5400	286.1099854
5401	286.1499939
5402	286.1700134
5403	286.1700134
5404	286.0799866
5405	286.1099854
5406	286.1099854
5407	286.1300049
5408	286.0599976
5409	285.980011
5410	286.0400085
5411	285.980011
5412	285.980011
5413	285.9599915
5414	286.0400085
5415	286.0400085
5416	286.0599976
5417	286.1900024
5418	286.1099854
5419	286.0599976
5420	286.0599976
5421	286.1099854
5422	286.1099854
5423	286.1499939
5424	286.0799866
5425	286.2099915
5426	286.1700134
5427	286.2099915
5428	286.1900024
5429	286.230011
5430	286.269989
5431	286.1900024
5432	286.1900024
5433	286.2099915
5434	286.25
5435	286.230011
5436	286.25
5437	286.230011
5438	286.230011
5439	286.230011
5440	286.1099854
5441	286.1099854
5442	286.1499939
5443	286.1300049
5444	286.1499939
5445	286.1700134
5446	286.2099915
5447	286.2099915
5448	286.1700134
5449	286.1700134
5450	286.1700134
5451	286.0799866
5452	286.1700134
5453	286.1099854
5454	286.1700134
5455	286.2099915
5456	286.1700134
5457	286.2099915
5458	286.1700134
5459	286.2099915
5460	286.230011
5461	286.25
5462	286.2099915
5463	286.1900024
5464	286.1900024
5465	286.1499939
5466	286.1300049
5467	286.0599976
5468	286.0599976
5469	286.0599976
5470	286.0400085
5471	286.0400085
5472	286.0400085
5473	286.1099854
5474	286.1300049
5475	286.1499939
5476	286.1099854
5477	286.019989
5478	286.019989
5479	286.0400085
5480	286.0799866
5481	286.0400085
5482	285.8999939
5483	285.730011
5484	285.6499939
5485	285.5400085
5486	285.3699951
5487	285.3900146
5488	285.3099976
5489	285.3699951
5490	285.3099976
5491	285.1600037
5492	285.1000061
5493	285.0599976
5494	285.019989
5495	284.8900146
5496	284.769989
5497	284.6799927
5498	284.269989
5499	284.0100098
5500	283.4700012
5501	282.7799988
5502	281.9599915
5503	281.9599915
5504	280.8800049
5505	280.269989
5506	280.0599976
5507	279.6400146
5508	279.269989
5509	279.0400085
5510	279.0400085
5511	278.9100037
5512	278.8099976
5513	278.8500061
5514	278.8699951
5515	278.8699951
5516	278.9100037
5517	278.9299927
5518	279.2900085
5519	279.3699951
5520	279.6400146
5521	279.8699951
5522	279.9400024
5523	279.9200134
5524	279.980011
5525	280.0599976
5526	280.1199951
5527	280.1700134
5528	280.2099915
5529	280.1700134
5530	280.2900085
5531	280.2900085
5532	280.3299866
5533	280.4599915
5534	280.519989
5535	280.519989
5536	280.7099915
5537	280.8399963
5538	280.8099976
5539	280.8399963
5540	280.8599854
5541	281.019989
5542	281.019989
5543	281.1900024
5544	281.2099915
5545	281.1499939
5546	281.0899963
5547	281.1099854
5548	281.1300049
5549	281.1300049
5550	281.2999878
5551	281.3999939
5552	281.4200134
5553	281.5
5554	281.4200134
5555	281.3999939
5556	281.3800049
5557	281.3800049
5558	281.4599915
5559	281.5700073
5560	281.5299988
5561	281.5
5562	281.3999939
5563	281.4200134
5564	281.4599915
5565	281.5299988
5566	281.5700073
5567	281.6099854
5568	281.6900024
5569	281.6099854
5570	281.6300049
5571	281.6499939
5572	281.6499939
5573	281.7600098
5574	281.7600098
5575	281.7799988
5576	281.8200073
5577	281.8399963
5578	281.8599854
5579	281.7999878
5580	281.8200073
5581	281.8200073
5582	281.8800049
5583	281.9400024
5584	281.9599915
5585	281.9400024
5586	281.8999939
5587	282.0100098
5588	281.9200134
5589	281.9400024
5590	281.9599915
5591	281.9400024
5592	281.9200134
5593	281.8399963
5594	281.8399963
5595	281.7999878
5596	281.9200134
5597	281.9899902
5598	282.0100098
5599	281.9599915
5600	281.9899902
5601	282.0299988
5602	282.0700073
5603	282.1300049
5604	282.1700134
5605	282.1499939
5606	282.1499939
5607	282.2200012
5608	282.1300049
5609	282.1499939
5610	282.1300049
5611	282.1700134
5612	282.1099854
5613	282.1099854
5614	282.1099854
5615	282.1300049
5616	282.0700073
5617	282.2000122
5618	282.1499939
5619	282.0899963
5620	282.0899963
5621	282.2399902
5622	282.2200012
5623	282.2399902
5624	282.2799988
5625	282.2799988
5626	282.2600098
5627	282.2999878
5628	282.2999878
5629	282.3200073
5630	282.2600098
5631	282.1499939
5632	282.2200012
5633	282.2200012
5634	282.1700134
5635	282.2799988
5636	282.2600098
5637	282.2999878
5638	282.2200012
5639	282.2399902
5640	282.2200012
5641	282.2600098
5642	282.2000122
5643	282.1499939
5644	282.0899963
5645	282.0899963
5646	282.0700073
5647	282.2000122
5648	282.2200012
5649	282.2200012
5650	282.2200012
5651	282.2999878
5652	282.2999878
5653	282.2600098
5654	282.2600098
5655	282.2200012
5656	282.1300049
5657	282.1300049
5658	282.1300049
5659	282.1300049
5660	282.1300049
5661	282.1700134
5662	282.2200012
5663	282.2399902
5664	282.2999878
5665	282.2999878
5666	282.2399902
5667	282.2000122
5668	282.1700134
5669	282.1700134
5670	282.2399902
5671	282.2799988
5672	282.2999878
5673	282.2799988
5674	282.2399902
5675	282.0899963
5676	282.2000122
5677	282.1099854
5678	282.1099854
5679	282.0700073
5680	282.0499878
5681	282.0899963
5682	282.0499878
5683	281.8800049
5684	281.8800049
5685	281.6700134
5686	281.8200073
5687	281.9200134
5688	282.0299988
5689	281.9899902
5690	282.0899963
5691	282.0899963
5692	282.1099854
5693	282.2200012
5694	282.2200012
5695	282.1700134
5696	282.1700134
5697	282.1300049
5698	282.1499939
5699	282.2799988
5700	282.2799988
5701	282.2999878
5702	282.3200073
5703	282.2999878
5704	282.2000122
5705	281.8800049
5706	281.5899963
5707	281.7099915
5708	282.0100098
5709	282.2600098
5710	282.3200073
5711	282.5100098
5712	282.5499878
