1	294.04999
2	294.03
3	294.03
4	294.12
5	294.17999
6	294.20001
7	294.29999
8	294.45001
9	294.45001
10	294.41
11	294.54999
12	294.62
13	294.67999
14	294.57999
15	294.64001
16	294.67999
17	294.60001
18	294.47
19	294.45001
20	294.45001
21	294.60001
22	294.78
23	294.89001
24	294.97
25	294.97
26	294.97
27	294.95001
28	294.97
29	294.91
30	294.67999
31	294.48999
32	294.48999
33	294.17999
34	294.16
35	294.23999
36	294.57999
37	294.78
38	294.91
39	294.95001
40	295.04001
41	294.98999
42	294.95001
43	295.01001
44	294.97
45	294.95001
46	294.92999
47	294.91
48	294.95001
49	294.98999
50	294.89001
51	294.89001
52	294.89001
53	294.95001
54	294.97
55	294.92999
56	294.95001
57	294.95001
58	294.67999
59	294.60001
60	294.57999
61	294.76001
62	294.91
63	294.89001
64	294.89001
65	294.87
66	294.81
67	294.82999
68	294.85001
69	294.87
70	294.70001
71	294.70001
72	294.70001
73	294.60001
74	294.54999
75	294.64001
76	294.60001
77	294.54999
78	294.53
79	294.67999
80	294.67999
81	294.72
82	294.76001
83	294.78
84	294.81
85	294.72
86	294.62
87	294.67999
88	294.81
89	294.98999
90	295.07999
91	295.06
92	295.04001
93	294.92999
94	294.95001
95	295.01001
96	295.01001
97	294.89001
98	295.22
99	295.51999
100	296.16
101	296.62
102	296.95999
103	296.95999
104	297.17001
105	297.48001
106	297.63
107	297.94
108	298.28
109	298.47
110	298.57001
111	298.79999
112	298.82001
113	298.84
114	298.98999
115	299.17999
116	299.23999
117	299.17999
118	299.20001
119	299.22
120	299.35999
121	299.51001
122	299.59
123	299.70001
124	299.76001
125	299.79999
126	299.89001
127	299.78
128	299.78
129	299.73999
130	299.64001
131	299.67999
132	299.62
133	299.54999
134	299.57001
135	299.57001
136	299.82001
137	299.79999
138	299.73999
139	299.66
140	299.64001
141	299.72
142	299.72
143	299.82001
144	299.76001
145	299.76001
146	299.85001
147	299.89001
148	299.95001
149	299.97
150	299.95001
151	299.97
152	299.98999
153	299.97
154	299.91
155	299.79999
156	299.76001
157	299.70001
158	299.67999
159	299.67999
160	299.57001
161	299.53
162	299.66
163	299.72
164	299.67999
165	299.72
166	299.62
167	299.62
168	299.47
169	299.62
170	299.70001
171	299.72
172	299.89001
173	300.01001
174	300.01001
175	299.98999
176	299.95001
177	299.89001
178	299.82001
179	299.57001
180	299.53
181	299.54999
182	299.72
183	299.72
184	299.73999
185	299.89001
186	299.73999
187	299.67999
188	299.59
189	299.57001
190	299.76001
191	299.82001
192	300.01001
193	300.01001
194	299.82001
195	299.70001
196	299.59
197	299.59
198	299.64001
199	299.66
200	299.70001
201	299.57001
202	299.54999
203	299.51001
204	299.67999
205	299.73999
206	299.73999
207	299.72
208	299.82001
209	299.89001
210	300.10001
211	300.12
212	300.04999
213	300.04999
214	300.10001
215	300.01001
216	300.01001
217	299.92999
218	299.78
219	299.78
220	299.66
221	299.70001
222	299.73999
223	299.82001
224	299.82001
225	299.78
226	299.54999
227	299.57001
228	299.59
229	299.67999
230	299.76001
231	299.72
232	299.64001
233	299.64001
234	299.62
235	299.67999
236	299.70001
237	299.66
238	299.66
239	299.59
240	299.54999
241	299.54999
242	299.54999
243	299.62
244	299.70001
245	299.70001
246	299.73999
247	299.73999
248	299.72
249	299.72
250	299.78
251	299.87
252	299.87
253	299.79999
254	299.57001
255	299.51001
256	299.53
257	299.70001
258	299.78
259	299.85001
260	299.70001
261	299.62
262	299.62
263	299.67999
264	299.66
265	299.73999
266	299.67999
267	299.57001
268	299.70001
269	299.64001
270	299.17999
271	299.13
272	299.23999
273	299.47
274	299.53
275	299.41
276	299.23999
277	299.23999
278	298.85999
279	298.44
280	298.29999
281	297.94
282	297.94
283	297.95999
284	297.95999
285	298.20999
286	298.34
287	298.32001
288	297.95999
289	297.64999
290	297.45999
291	297.10999
292	295.22
293	294.16
294	291.73001
295	289.31
296	287.35999
297	286.44
298	285.70999
299	284.17999
300	283.81
301	283.47
302	283.39001
303	283.47
304	283.51001
305	283.60001
306	283.98999
307	284.37
308	284.91
309	284.91
310	285.94
311	286.51999
312	286.79999
313	287.35999
314	287.85999
315	288.47
316	288.47
317	289.32999
318	289.81
319	290
320	290.32999
321	290.70999
322	290.82999
323	290.82999
324	291.14999
325	291.48001
326	291.67001
327	291.88
328	291.98001
329	291.98001
330	291.95999
331	292
332	292.10999
333	292.32001
334	292.63
335	292.76001
336	292.92001
337	292.97
338	292.88
339	292.89999
340	292.97
341	293.01001
342	293.01001
343	293.10999
344	293.14999
345	293.09
346	293.07001
347	293.14999
348	293.14999
349	293.14999
350	293.13
351	293.28
352	293.51001
353	293.70001
354	293.85999
355	293.85999
356	293.70001
357	293.57001
358	293.57001
359	293.84
360	293.92999
361	293.89001
362	293.79999
363	293.67999
364	293.67999
365	293.67999
366	293.70001
367	293.79999
368	293.72
369	293.67999
370	293.70001
371	293.73999
372	293.73999
373	293.63
374	293.73999
375	293.76001
376	293.89001
377	294.04999
378	294.23999
379	294.26001
380	294.26001
381	294.01001
382	293.98999
383	293.92999
384	294.04999
385	294.09
386	294.04999
387	294.04999
388	293.85999
389	293.98999
390	294.12
391	294.37
392	294.47
393	294.53
394	294.53
395	294.42999
396	294.35001
397	294.37
398	294.35001
399	294.28
400	294.23999
401	294.29999
402	294.20001
403	294.26001
404	294.45001
405	294.64001
406	294.72
407	294.70001
408	294.72
409	294.70001
410	294.72
411	294.72
412	294.57999
413	294.53
414	294.60001
415	294.60001
416	294.81
417	294.72
418	294.73999
419	294.73999
420	294.51001
421	294.73999
422	294.81
423	295.04001
424	295.17999
425	295.07999
426	295.07999
427	294.89001
428	294.81
429	294.78
430	294.91
431	295.01001
432	295.10001
433	295.10001
434	294.97
435	294.89001
436	294.91
437	295.06
438	295.12
439	295.07999
440	295.01001
441	295.07999
442	295.07999
443	295.29001
444	295.23999
445	295.14001
446	295.10001
447	295.07999
448	295.26999
449	295.5
450	295.56
451	295.56
452	295.5
453	295.32999
454	295.22
455	295.01001
456	294.85001
457	294.67999
458	294.67999
459	294.67999
460	294.81
461	294.87
462	295.01001
463	295.06
464	295.10001
465	295.10001
466	295.16
467	295.01001
468	294.98999
469	294.85001
470	294.98999
471	295.06
472	294.97
473	295.01001
474	295.01001
475	295.07999
476	295.12
477	295.04001
478	295.12
479	295.10001
480	295.07999
481	295.12
482	295.31
483	295.32999
484	295.31
485	295.31
486	295.37
487	295.23999
488	295.22
489	295.12
490	295.20001
491	295.22
492	295.22
493	295.17999
494	295.16
495	295.20001
496	295.20001
497	295.17999
498	295.17999
499	295.23999
500	295.12
501	295.12
502	295.07999
503	295.31
504	295.31
505	295.29001
506	295.32999
507	295.26999
508	295.31
509	295.47
510	295.51999
511	295.54001
512	295.62
513	295.57999
514	295.41
515	295.14001
516	295.06
517	295.06
518	295.06
519	295.01001
520	295.04001
521	295.12
522	295.23999
523	295.23999
524	295.23999
525	295.41
526	295.39001
527	295.37
528	295.20001
529	295.16
530	295.17999
531	295.23999
532	295.20001
533	295.16
534	295.20001
535	295.31
536	295.35001
537	295.29001
538	295.20001
539	295.01001
540	294.98999
541	294.91
542	294.92999
543	294.92999
544	294.89001
545	294.91
546	295.07999
547	295.12
548	295.04001
549	294.81
550	294.76001
551	294.78
552	294.82999
553	295.06
554	295.26999
555	295.31
556	295.31
557	295.07999
558	294.81
559	294.73999
560	294.76001
561	294.92999
562	294.85001
563	294.85001
564	295.41
565	295.41
566	295.35001
567	295.42999
568	295.64001
569	295.76999
570	295.85001
571	295.95999
572	295.95999
573	295.92999
574	295.92999
575	296
576	296.04001
577	296.01999
578	296.29001
579	296.45999
580	296.76999
581	297.06
582	297.19
583	297.38
584	297.44
585	297.57001
586	297.69
587	297.88
588	297.88
589	298.14999
590	298.20999
591	298.26001
592	298.10999
593	297.98001
594	298.04999
595	298.04999
596	298.19
597	298.14999
598	298.14999
599	298.32001
600	298.26001
601	298.10999
602	298.10999
603	298.13
604	298.07001
605	297.92001
606	297.64999
607	297.70999
608	297.75
609	297.73001
610	298.01001
611	298.10999
612	298.34
613	298.38
614	298.32001
615	298.32001
616	298.23999
617	298.14999
618	298.39999
619	298.64999
620	298.79999
621	298.82001
622	298.76001
623	298.70001
624	298.54999
625	298.35999
626	298.32001
627	298.32001
628	298.34
629	298.23999
630	298.29999
631	298.64999
632	298.84
633	298.70001
634	298.70001
635	298.76001
636	298.97
637	298.97
638	298.92999
639	299.09
640	299.16
641	299.22
642	298.92999
643	298.85999
644	298.78
645	298.72
646	298.54999
647	298.53
648	298.54999
649	298.60999
650	298.57001
651	298.39999
652	298.42001
653	298.34
654	298.48999
655	298.53
656	298.53
657	298.57001
658	298.57001
659	298.57001
660	298.47
661	298.48999
662	298.47
663	298.42001
664	298.60999
665	298.70001
666	298.70001
667	298.44
668	298.48999
669	298.44
670	298.54999
671	298.64999
672	298.42001
673	298.42001
674	298.51001
675	298.73999
676	298.73999
677	298.70001
678	298.72
679	298.72
680	298.60999
681	298.57001
682	298.60999
683	298.42001
684	298.14999
685	298.04999
686	297.94
687	297.95999
688	298.26001
689	298.39999
690	298.59
691	298.54999
692	298.54999
693	298.57001
694	298.57001
695	298.59
696	298.48999
697	298.29999
698	298.29999
699	298.13
700	298.17001
701	298.17001
702	298.19
703	298.38
704	298.34
705	298.34
706	298.35999
707	298.38
708	298.54999
709	298.60999
710	298.72
711	298.84
712	298.85999
713	299.13
714	299.22
715	299.16
716	298.82001
717	298.89999
718	298.92999
719	298.88
720	298.72
721	298.59
722	298.72
723	298.79999
724	298.84
725	298.76001
726	298.67001
727	298.64999
728	298.95001
729	299.13
730	299.13
731	298.98999
732	298.63
733	298.59
734	298.59
735	298.38
736	298.35999
737	298.35999
738	298.70001
739	298.63
740	298.42001
741	298.60999
742	299.07001
743	299.70001
744	299.70001
745	299.95001
746	299.59
747	299.35999
748	298.97
749	298.64999
750	298.42001
751	298.34
752	298.03
753	298.01001
754	297.94
755	297.88
756	297.85999
757	297.92001
758	297.92001
759	297.54999
760	297.29001
761	296.57999
762	294.53
763	293.35999
764	290.76999
765	289.56
766	287.38
767	285.57999
768	284.31
769	284.31
770	282.78
771	282.32001
772	282.20001
773	282.22
774	282.34
775	282.72
776	282.72
777	283.67999
778	284.47
779	284.87
780	285.54001
781	286.20999
782	286.59
783	286.89999
784	287.82001
785	288.47
786	288.76001
787	289.28
788	289.54001
789	289.72
790	289.85001
791	290.26999
792	290.39001
793	290.70999
794	291.07999
795	291.20999
796	291.48001
797	291.60999
798	291.84
799	291.95999
800	292.10999
801	292.23001
802	292.29999
803	292.44
804	292.48001
805	292.76001
806	292.88
807	292.84
808	292.84
809	292.85999
810	293.13
811	293.20001
812	293.23999
813	293.28
814	293.17001
815	293.17001
816	293.28
817	293.26001
818	293.17001
819	293.20001
820	293.22
821	293.34
822	293.35999
823	293.34
824	293.38
825	293.54999
826	293.72
827	293.78
828	293.82001
829	293.82001
830	293.91
831	293.89001
832	293.98999
833	293.92999
834	293.97
835	294.07001
836	294.22
837	294.22
838	294.23999
839	294.29999
840	294.29999
841	294.62
842	294.45001
843	294.39001
844	294.28
845	294.41
846	294.37
847	294.37
848	294.45001
849	294.42999
850	294.45001
851	294.54999
852	294.41
853	294.29999
854	294.29999
855	294.07001
856	294.09
857	294.17999
858	294.26001
859	294.35001
860	294.29999
861	294.39001
862	294.42999
863	294.47
864	294.45001
865	294.35001
866	294.28
867	294.23999
868	294.22
869	294.35001
870	294.37
871	294.39001
872	294.35001
873	294.28
874	294.26001
875	294.37
876	294.54999
877	294.67999
878	294.70001
879	294.70001
880	294.76001
881	294.64001
882	294.57999
883	294.66
884	294.64001
885	294.64001
886	294.64001
887	294.67999
888	294.64001
889	294.54999
890	294.48999
891	294.64001
892	294.66
893	294.72
894	294.82999
895	294.78
896	294.81
897	294.82999
898	294.81
899	294.85001
900	294.87
901	294.98999
902	295.06
903	294.95001
904	294.91
905	294.92999
906	294.81
907	294.73999
908	294.48999
909	294.53
910	294.53
911	294.53
912	294.87
913	294.76001
914	294.66
915	294.64001
916	294.72
917	294.67999
918	294.67999
919	294.81
920	294.72
921	294.73999
922	294.76001
923	294.87
924	294.92999
925	294.92999
926	294.98999
927	295.10001
928	295.16
929	295.01001
930	294.82999
931	294.91
932	294.92999
933	295.07999
934	295.12
935	295.17999
936	295.31
937	295.23999
938	295.07999
939	295.04001
940	295.06
941	295.01001
942	295.12
943	295.29001
944	295.23999
945	295.35001
946	295.35001
947	295.31
948	295.29001
949	295.32999
950	295.32999
951	295.35001
952	295.35001
953	295.39001
954	295.22
955	294.98999
956	295.01001
957	295.01001
958	295.17999
959	295.29001
960	295.32999
961	295.37
962	295.29001
963	295.35001
964	295.29001
965	295.31
966	295.31
967	295.20001
968	295.01001
969	295.04001
970	295.12
971	295.22
972	295.17999
973	295.04001
974	295.04001
975	295.06
976	295.01001
977	294.98999
978	294.91
979	294.92999
980	295.12
981	295.35001
982	295.35001
983	295.39001
984	295.37
985	295.23999
986	295.16
987	295.14001
988	295.23999
989	295.23999
990	295.22
991	295.17999
992	295.14001
993	295.07999
994	295.14001
995	295.17999
996	295.17999
997	295.26999
998	295.31
999	295.29001
1000	295.26999
1001	295.22
1002	295.07999
1003	295.10001
1004	294.91
1005	294.89001
1006	294.95001
1007	295.07999
1008	295.06
1009	295.04001
1010	295.04001
1011	295.31
1012	295.41
1013	295.47
1014	295.51999
1015	295.62
1016	295.66
1017	295.62
1018	295.51999
1019	295.39001
1020	295.47
1021	295.47
1022	295.56
1023	295.54001
1024	295.51999
1025	295.51999
1026	295.57999
1027	295.42999
1028	295.42999
1029	295.22
1030	295.20001
1031	295.22
1032	295.32999
1033	295.35001
1034	295.32999
1035	295.32999
1036	295.12
1037	295.37
1038	295.45001
1039	295.29001
1040	295.32999
1041	295.37
1042	295.45001
1043	295.75
1044	295.89001
1045	295.89001
1046	296
1047	296
1048	295.95999
1049	295.91
1050	296.01999
1051	296.19
1052	296.45999
1053	296.70999
1054	296.82999
1055	297.13
1056	297.25
1057	297.63
1058	297.89999
1059	298.13
1060	298.13
1061	298.10999
1062	298.19
1063	298.20999
1064	298.13
1065	297.95999
1066	297.94
1067	297.94
1068	297.95999
1069	297.88
1070	297.92001
1071	298.13
1072	298.32001
1073	298.39999
1074	298.51001
1075	298.67001
1076	298.63
1077	298.63
1078	298.51001
1079	298.38
1080	298.28
1081	298.32001
1082	298.51001
1083	298.53
1084	298.48999
1085	298.42001
1086	298.35999
1087	298.47
1088	298.72
1089	299.13
1090	299.20001
1091	299.22
1092	299.22
1093	299.20001
1094	299.35999
1095	299.34
1096	299.34
1097	299.29999
1098	299.10999
1099	299.10999
1100	298.88
1101	298.73999
1102	298.70001
1103	298.95001
1104	299.09
1105	299.07001
1106	299.03
1107	298.88
1108	298.84
1109	298.88
1110	298.92999
1111	298.98999
1112	298.97
1113	298.88
1114	298.79999
1115	298.76001
1116	298.72
1117	298.79999
1118	298.85999
1119	299.01001
1120	299.01001
1121	298.89999
1122	298.78
1123	298.72
1124	298.64999
1125	298.47
1126	298.47
1127	298.59
1128	298.70001
1129	298.78
1130	298.82001
1131	298.82001
1132	298.88
1133	298.82001
1134	298.78
1135	298.84
1136	298.89999
1137	298.79999
1138	298.79999
1139	298.92999
1140	299.13
1141	299.23999
1142	299.23999
1143	299.09
1144	298.98999
1145	298.89999
1146	299.03
1147	299.03
1148	299.01001
1149	299.16
1150	299.01001
1151	299.01001
1152	298.98999
1153	298.82001
1154	298.73999
1155	298.64999
1156	298.85999
1157	298.88
1158	298.72
1159	298.59
1160	298.63
1161	298.73999
1162	298.97
1163	298.97
1164	298.98999
1165	298.72
1166	298.79999
1167	298.95001
1168	298.78
1169	298.72
1170	298.72
1171	298.88
1172	298.89999
1173	298.95001
1174	298.82001
1175	298.73999
1176	298.72
1177	298.72
1178	298.95001
1179	299.01001
1180	298.82001
1181	298.53
1182	298.53
1183	298.59
1184	298.60999
1185	298.97
1186	299.16
1187	299.04999
1188	298.89999
1189	298.98999
1190	298.88
1191	298.82001
1192	298.78
1193	298.64999
1194	298.47
1195	298.39999
1196	298.48999
1197	298.78
1198	298.88
1199	298.85999
1200	298.79999
1201	298.76001
1202	298.76001
1203	298.59
1204	298.78
1205	298.89999
1206	298.82001
1207	298.76001
1208	298.73999
1209	298.73999
1210	298.76001
1211	298.70001
1212	298.84
1213	298.57001
1214	298.53
1215	298.64999
1216	298.98999
1217	299.82001
1218	299.85001
1219	299.48999
1220	298.97
1221	298.73999
1222	298.64999
1223	298.59
1224	298.51001
1225	298.63
1226	298.72
1227	298.78
1228	298.88
1229	298.95001
1230	298.95001
1231	298.73999
1232	297.98001
1233	296.76999
1234	296.76999
1235	294.01001
1236	292.13
1237	291.07999
1238	288.92999
1239	286.94
1240	285.39001
1241	285.39001
1242	283.98999
1243	283.62
1244	283.53
1245	283.62
1246	283.91
1247	284.39001
1248	284.39001
1249	285.19
1250	285.79001
1251	286.06
1252	286.64999
1253	287.29999
1254	287.70001
1255	287.97
1256	288.76001
1257	288.95001
1258	289.42999
1259	289.89001
1260	290.07999
1261	290.56
1262	290.75
1263	291.04001
1264	291.20999
1265	291.42001
1266	291.79001
1267	291.89999
1268	292.13
1269	292.29999
1270	292.57001
1271	292.64999
1272	292.84
1273	292.84
1274	292.94
1275	293.14999
1276	293.20001
1277	293.34
1278	293.28
1279	293.23999
1280	293.23999
1281	293.23999
1282	293.26001
1283	293.34
1284	293.26001
1285	293.17001
1286	293.23999
1287	293.29999
1288	293.60999
1289	293.63
1290	293.63
1291	293.72
1292	293.91
1293	294.04999
1294	294.04999
1295	294.17999
1296	294.20001
1297	294.23999
1298	294.16
1299	294.17999
1300	294.37
1301	294.39001
1302	294.39001
1303	294.26001
1304	294.26001
1305	294.26001
1306	294.37
1307	294.45001
1308	294.45001
1309	294.39001
1310	294.32001
1311	294.29999
1312	294.29999
1313	294.29999
1314	294.29999
1315	294.28
1316	294.37
1317	294.39001
1318	294.41
1319	294.41
1320	294.51001
1321	294.47
1322	294.53
1323	294.60001
1324	294.70001
1325	294.60001
1326	294.66
1327	294.66
1328	294.60001
1329	294.66
1330	294.57999
1331	294.53
1332	294.51001
1333	294.51001
1334	294.53
1335	294.57999
1336	294.66
1337	294.54999
1338	294.66
1339	294.78
1340	294.82999
1341	294.98999
1342	295.10001
1343	295.04001
1344	295.04001
1345	294.89001
1346	294.73999
1347	294.81
1348	294.91
1349	294.78
1350	294.81
1351	294.81
1352	294.66
1353	294.67999
1354	294.66
1355	294.73999
1356	294.70001
1357	294.70001
1358	294.70001
1359	294.62
1360	294.57999
1361	294.57999
1362	294.51001
1363	294.53
1364	294.54999
1365	294.62
1366	294.72
1367	294.76001
1368	294.70001
1369	294.64001
1370	294.54999
1371	294.53
1372	294.48999
1373	294.64001
1374	294.72
1375	294.87
1376	294.85001
1377	294.85001
1378	294.89001
1379	294.85001
1380	294.95001
1381	295.01001
1382	295.07999
1383	295.07999
1384	295.06
1385	294.95001
1386	294.92999
1387	294.73999
1388	294.73999
1389	294.82999
1390	294.82999
1391	294.91
1392	294.97
1393	294.91
1394	294.95001
1395	294.97
1396	294.87
1397	294.87
1398	294.82999
1399	294.72
1400	294.60001
1401	294.85001
1402	294.92999
1403	294.98999
1404	294.98999
1405	295.06
1406	295.04001
1407	295.10001
1408	295.07999
1409	295.06
1410	295.07999
1411	294.91
1412	294.97
1413	295.04001
1414	295.04001
1415	295.04001
1416	295.16
1417	295.01001
1418	294.95001
1419	294.87
1420	294.78
1421	294.87
1422	294.87
1423	295.14001
1424	295.17999
1425	295.17999
1426	295.26999
1427	295.22
1428	295.14001
1429	295.14001
1430	295.17999
1431	295.26999
1432	295.22
1433	295.31
1434	295.31
1435	295.20001
1436	295.17999
1437	295.07999
1438	295.07999
1439	295.04001
1440	295.04001
1441	295.10001
1442	294.98999
1443	295.12
1444	295.26999
1445	295.32999
1446	295.41
1447	295.37
1448	295.32999
1449	295.45001
1450	295.47
1451	295.45001
1452	295.35001
1453	295.23999
1454	295.23999
1455	295.06
1456	295.01001
1457	295.01001
1458	294.98999
1459	294.97
1460	294.95001
1461	294.95001
1462	294.97
1463	295.04001
1464	294.87
1465	294.78
1466	294.66
1467	294.72
1468	294.76001
1469	294.72
1470	294.70001
1471	294.70001
1472	294.64001
1473	294.73999
1474	294.87
1475	294.89001
1476	295.01001
1477	295.01001
1478	294.92999
1479	294.87
1480	294.91
1481	294.82999
1482	294.82999
1483	294.81
1484	294.78
1485	294.76001
1486	294.76001
1487	294.87
1488	294.95001
1489	294.98999
1490	295.06
1491	294.91
1492	294.87
1493	294.87
1494	294.72
1495	294.62
1496	294.62
1497	294.54999
1498	294.62
1499	294.51001
1500	294.51001
1501	294.64001
1502	294.81
1503	294.89001
1504	294.97
1505	295.06
1506	295.01001
1507	295.04001
1508	294.92999
1509	294.78
1510	294.72
1511	294.82999
1512	294.82999
1513	294.98999
1514	295.01001
1515	295.66
1516	295.79001
1517	296.01999
1518	296.06
1519	296
1520	296.04001
1521	295.91
1522	295.89001
1523	295.98001
1524	296.19
1525	296.19
1526	296.42001
1527	296.56
1528	296.60001
1529	297.01999
1530	297.35999
1531	297.73001
1532	297.73001
1533	297.98001
1534	297.92001
1535	297.85999
1536	297.95999
1537	298.07001
1538	298.09
1539	298.10999
1540	298.29999
1541	298.32001
1542	298.34
1543	298.35999
1544	298.29999
1545	298.28
1546	298.35999
1547	298.34
1548	298.35999
1549	298.44
1550	298.70001
1551	298.64999
1552	298.70001
1553	298.60999
1554	298.48999
1555	298.53
1556	298.67001
1557	298.67001
1558	298.89999
1559	298.84
1560	298.72
1561	298.42001
1562	298.44
1563	298.38
1564	298.38
1565	298.39999
1566	298.42001
1567	298.38
1568	298.23999
1569	298.20999
1570	298.32001
1571	298.32001
1572	298.35999
1573	298.38
1574	298.47
1575	298.53
1576	298.51001
1577	298.57001
1578	298.64999
1579	298.67001
1580	298.64999
1581	298.54999
1582	298.57001
1583	298.60999
1584	298.48999
1585	298.47
1586	298.51001
1587	298.67001
1588	298.92999
1589	298.95001
1590	298.98999
1591	298.92999
1592	298.85999
1593	298.64999
1594	298.64999
1595	298.78
1596	298.78
1597	298.64999
1598	298.63
1599	298.57001
1600	298.51001
1601	298.57001
1602	298.63
1603	298.63
1604	298.60999
1605	298.57001
1606	298.67001
1607	298.97
1608	299.04999
1609	298.89999
1610	298.98999
1611	298.82001
1612	298.89999
1613	298.95001
1614	298.97
1615	298.60999
1616	298.64999
1617	298.73999
1618	298.85999
1619	299.01001
1620	299.03
1621	298.89999
1622	298.73999
1623	298.64999
1624	298.67001
1625	298.60999
1626	298.82001
1627	298.82001
1628	298.64999
1629	298.72
1630	298.84
1631	298.82001
1632	298.78
1633	298.53
1634	298.47
1635	298.47
1636	298.51001
1637	298.70001
1638	298.73999
1639	298.53
1640	298.51001
1641	298.73999
1642	298.73999
1643	298.78
1644	298.67001
1645	298.57001
1646	298.78
1647	298.95001
1648	298.95001
1649	298.89999
1650	298.95001
1651	298.85999
1652	298.72
1653	298.73999
1654	298.64999
1655	298.63
1656	298.67001
1657	298.47
1658	298.39999
1659	298.48999
1660	298.48999
1661	298.53
1662	298.51001
1663	298.47
1664	298.60999
1665	298.64999
1666	298.70001
1667	298.70001
1668	298.67001
1669	298.70001
1670	298.73999
1671	298.95001
1672	299.03
1673	299.04999
1674	299.04999
1675	298.95001
1676	298.82001
1677	298.89999
1678	298.89999
1679	298.73999
1680	298.67001
1681	298.67001
1682	298.60999
1683	298.47
1684	298.35999
1685	298.64999
1686	298.29999
1687	298.20999
1688	298.32001
1689	299.17999
1690	299.48999
1691	299.72
1692	299.45001
1693	299.29999
1694	298.92999
1695	298.72
1696	298.44
1697	298.28
1698	298.07001
1699	298.17001
1700	298.13
1701	298.07001
1702	298.04999
1703	298.07001
1704	297.88
1705	297.45999
1706	297.45999
1707	296.23001
1708	294.92999
1709	294.17999
1710	292.01999
1711	289.89001
1712	288.01001
1713	288.01001
1714	285.81
1715	284.91
1716	284.64001
1717	284.39001
1718	284.41
1719	284.45001
1720	284.54001
1721	284.89001
1722	285.10001
1723	285.32999
1724	285.82999
1725	286.39999
1726	286.75
1727	287.07001
1728	288.07001
1729	288.32001
1730	288.62
1731	289.20001
1732	289.37
1733	289.73999
1734	289.85001
1735	290.20001
1736	290.57999
1737	290.95999
1738	290.95999
1739	291.39999
1740	291.63
1741	291.70999
1742	291.75
1743	291.88
1744	292.10999
1745	292.10999
1746	292.35999
1747	292.42001
1748	292.39999
1749	292.45999
1750	292.57001
1751	292.76001
1752	292.76001
1753	292.89999
1754	292.94
1755	292.98999
1756	292.98999
1757	292.98999
1758	293.07001
1759	293.10999
1760	293.38
1761	293.38
1762	293.39999
1763	293.51001
1764	293.66
1765	293.76001
1766	293.85999
1767	293.92999
1768	293.92999
1769	293.91
1770	293.95001
1771	293.97
1772	294.01001
1773	294.03
1774	293.97
1775	293.95001
1776	293.95001
1777	293.95001
1778	294.03
1779	294.07001
1780	294.07001
1781	293.95001
1782	294.01001
1783	294.16
1784	294.16
1785	294.16
1786	294.07001
1787	294.09
1788	294.01001
1789	293.95001
1790	293.97
1791	293.97
1792	294.07001
1793	294.12
1794	294.01001
1795	293.95001
1796	294.03
1797	294.14001
1798	294.20001
1799	294.28
1800	294.28
1801	294.20001
1802	294.29999
1803	294.41
1804	294.60001
1805	294.70001
1806	294.66
1807	294.37
1808	294.39001
1809	294.26001
1810	294.32001
1811	294.28
1812	294.32001
1813	294.42999
1814	294.45001
1815	294.70001
1816	294.70001
1817	294.87
1818	294.91
1819	294.81
1820	294.67999
1821	294.62
1822	294.41
1823	294.41
1824	294.23999
1825	294.26001
1826	294.22
1827	294.35001
1828	294.35001
1829	294.42999
1830	294.41
1831	294.64001
1832	294.67999
1833	294.76001
1834	294.85001
1835	294.72
1836	294.78
1837	294.78
1838	294.60001
1839	294.53
1840	294.42999
1841	294.45001
1842	294.53
1843	294.60001
1844	294.64001
1845	294.60001
1846	294.66
1847	294.66
1848	294.66
1849	294.78
1850	294.82999
1851	294.89001
1852	294.87
1853	294.73999
1854	294.89001
1855	294.89001
1856	294.95001
1857	294.91
1858	294.87
1859	294.89001
1860	294.91
1861	295.04001
1862	295.04001
1863	294.89001
1864	294.95001
1865	294.95001
1866	295.06
1867	294.97
1868	294.91
1869	294.89001
1870	295.04001
1871	295.07999
1872	295.06
1873	295.12
1874	295.16
1875	295.23999
1876	295.17999
1877	295.16
1878	295.26999
1879	295.20001
1880	295.17999
1881	295.12
1882	295.01001
1883	295.01001
1884	294.98999
1885	295.12
1886	295.22
1887	295.22
1888	295.16
1889	295.07999
1890	295.16
1891	295.29001
1892	295.31
1893	295.42999
1894	295.42999
1895	295.5
1896	295.45001
1897	295.42999
1898	295.35001
1899	295.29001
1900	295.23999
1901	295.20001
1902	295.22
1903	295.23999
1904	295.22
1905	295.35001
1906	295.32999
1907	295.20001
1908	295.12
1909	295.01001
1910	295.06
1911	295.04001
1912	295.14001
1913	295.12
1914	295.04001
1915	295.04001
1916	295.10001
1917	295.12
1918	294.98999
1919	294.98999
1920	294.85001
1921	294.89001
1922	294.91
1923	294.95001
1924	294.97
1925	294.98999
1926	294.98999
1927	295.10001
1928	295.23999
1929	295.20001
1930	295.14001
1931	295.23999
1932	295.29001
1933	295.29001
1934	295.37
1935	295.35001
1936	295.31
1937	295.32999
1938	295.23999
1939	295.17999
1940	295.06
1941	294.92999
1942	294.95001
1943	294.89001
1944	294.85001
1945	294.85001
1946	294.91
1947	294.87
1948	294.98999
1949	294.98999
1950	295.12
1951	295.12
1952	295.16
1953	295.23999
1954	295.32999
1955	295.32999
1956	295.32999
1957	295.16
1958	295.16
1959	295.10001
1960	295.20001
1961	295.22
1962	295.26999
1963	295.37
1964	295.35001
1965	295.35001
1966	295.12
1967	294.95001
1968	294.91
1969	295.01001
1970	295.17999
1971	295.23999
1972	295.29001
1973	295.20001
1974	295.17999
1975	295.07999
1976	294.89001
1977	294.92999
1978	294.95001
1979	295.04001
1980	295.20001
1981	295.22
1982	294.97
1983	295.04001
1984	295.12
1985	295.31
1986	295.23999
1987	295.10001
1988	295.22
1989	295.51999
1990	295.51999
1991	295.81
1992	295.62
1993	295.54001
1994	295.5
1995	295.73001
1996	296.10001
1997	296.10001
1998	296.39001
1999	296.26999
2000	296.42001
2001	296.57999
2002	296.82999
2003	297.26999
2004	297.26999
2005	297.73001
2006	298.07001
2007	298.23999
2008	298.29999
2009	298.20999
2010	298.23999
2011	298.20999
2012	298.09
2013	298.09
2014	297.94
2015	297.89999
2016	298.01001
2017	298.01001
2018	298.04999
2019	298.17001
2020	298.14999
2021	298.19
2022	298.29999
2023	298.23999
2024	298.26001
2025	298.28
2026	298.47
2027	298.47
2028	298.47
2029	298.47
2030	298.38
2031	298.28
2032	298.19
2033	298.19
2034	298.20999
2035	298.38
2036	298.38
2037	298.35999
2038	298.44
2039	298.51001
2040	298.54999
2041	298.57001
2042	298.64999
2043	298.54999
2044	298.13
2045	297.98001
2046	298.01001
2047	298.14999
2048	298.20999
2049	298.29999
2050	298.34
2051	298.51001
2052	298.53
2053	298.38
2054	298.28
2055	298.26001
2056	298.26001
2057	298.29999
2058	298.38
2059	298.39999
2060	298.32001
2061	298.23999
2062	298.28
2063	298.32001
2064	298.32001
2065	298.35999
2066	298.42001
2067	298.38
2068	298.38
2069	298.29999
2070	298.17001
2071	298.03
2072	297.98001
2073	298.17001
2074	298.35999
2075	298.35999
2076	298.82001
2077	298.72
2078	298.97
2079	300.85001
2080	300.26001
2081	299.45001
2082	298.70001
2083	297.73001
2084	297.67001
2085	297.75
2086	297.84
2087	298.19
2088	298.35999
2089	298.51001
2090	298.60999
2091	298.59
2092	298.42001
2093	298.38
2094	298.29999
2095	298.14999
2096	298.03
2097	298.13
2098	298.23999
2099	298.32001
2100	298.32001
2101	298.34
2102	298.47
2103	298.59
2104	298.76001
2105	298.73999
2106	298.72
2107	298.72
2108	298.57001
2109	298.48999
2110	298.57001
2111	298.35999
2112	298.32001
2113	298.28
2114	298.28
2115	298.03
2116	297.82001
2117	297.79999
2118	297.94
2119	298.20999
2120	298.38
2121	298.39999
2122	298.48999
2123	298.51001
2124	298.59
2125	298.70001
2126	298.70001
2127	298.54999
2128	298.44
2129	298.29999
2130	298.20999
2131	298.39999
2132	298.39999
2133	298.35999
2134	298.34
2135	298.39999
2136	298.44
2137	298.39999
2138	298.14999
2139	298.14999
2140	297.59
2141	297.5
2142	297.44
2143	297.67001
2144	297.85999
2145	298.03
2146	298.03
2147	298.38
2148	298.42001
2149	298.51001
2150	298.32001
2151	298.19
2152	298.10999
2153	298.10999
2154	297.84
2155	298.26001
2156	298.47
2157	298.72
2158	298.76001
2159	298.72
2160	298.51001
2161	298.59
2162	298.78
2163	299.20001
2164	299.47
2165	299.45001
2166	299.22
2167	299.04999
2168	298.79999
2169	298.63
2170	298.35999
2171	298.35999
2172	297.85999
2173	297.73001
2174	297.69
2175	297.64999
2176	297.67001
2177	297.70999
2178	297.70999
2179	297.5
2180	296.79001
2181	296.29001
2182	294.72
2183	292.67001
2184	290.45999
2185	290.45999
2186	287.42001
2187	285.82999
2188	285.16
2189	283.98999
2190	283.20001
2191	282.89001
2192	282.89001
2193	282.78
2194	282.78
2195	283.14001
2196	283.48999
2197	283.72
2198	284.26999
2199	284.54001
2200	285.37
2201	285.70999
2202	286.39999
2203	287.09
2204	287.34
2205	287.82001
2206	288.07001
2207	288.45001
2208	288.64001
2209	288.89001
2210	288.89001
2211	289.42999
2212	289.66
2213	289.82999
2214	290.23001
2215	290.48001
2216	290.79001
2217	290.79001
2218	291.20999
2219	291.42001
2220	291.42001
2221	291.35001
2222	291.35001
2223	291.39999
2224	291.39999
2225	291.5
2226	291.56
2227	291.64999
2228	291.94
2229	292.17001
2230	292.20999
2231	292.25
2232	292.23001
2233	292.25
2234	292.44
2235	292.48001
2236	292.51001
2237	292.59
2238	292.63
2239	292.60999
2240	292.51001
2241	292.54999
2242	292.54999
2243	292.64999
2244	292.79999
2245	292.88
2246	293.01001
2247	293.20001
2248	293.17001
2249	293.17001
2250	293.04999
2251	293.04999
2252	293.04999
2253	293.01001
2254	293.09
2255	293.04999
2256	293.04999
2257	293.26001
2258	293.38
2259	293.47
2260	293.47
2261	293.57001
2262	293.70001
2263	293.78
2264	293.85999
2265	293.84
2266	293.73999
2267	293.82001
2268	294.01001
2269	294.12
2270	294.17999
2271	294.01001
2272	293.95001
2273	293.97
2274	294.01001
2275	294.01001
2276	293.72
2277	293.72
2278	293.66
2279	293.85999
2280	293.78
2281	293.78
2282	293.78
2283	293.84
2284	293.84
2285	293.85999
2286	293.98999
2287	293.98999
2288	293.98999
2289	293.95001
2290	293.98999
2291	293.98999
2292	294.03
2293	293.98999
2294	293.98999
2295	293.97
2296	293.98999
2297	293.84
2298	293.78
2299	293.78
2300	293.85999
2301	293.91
2302	293.73999
2303	293.54999
2304	293.54999
2305	293.66
2306	293.63
2307	293.67999
2308	293.70001
2309	293.63
2310	293.57001
2311	293.67999
2312	293.78
2313	293.92999
2314	293.92999
2315	293.89001
2316	293.91
2317	293.91
2318	293.89001
2319	293.82001
2320	293.82001
2321	293.67999
2322	293.54999
2323	293.54999
2324	293.57001
2325	293.63
2326	293.73999
2327	293.73999
2328	293.89001
2329	293.95001
2330	293.92999
2331	293.89001
2332	293.84
2333	293.91
2334	293.97
2335	294.14001
2336	294.09
2337	293.91
2338	293.91
2339	293.98999
2340	293.92999
2341	293.97
2342	293.95001
2343	293.97
2344	293.98999
2345	294.07001
2346	294.09
2347	294.03
2348	294.03
2349	294.04999
2350	294.09
2351	294.12
2352	294.12
2353	294.23999
2354	294.35001
2355	294.20001
2356	293.95001
2357	293.76001
2358	293.82001
2359	293.82001
2360	294.09
2361	294.16
2362	294.26001
2363	294.23999
2364	294.37
2365	294.42999
2366	294.42999
2367	294.45001
2368	294.51001
2369	294.48999
2370	294.42999
2371	294.28
2372	294.26001
2373	294.12
2374	293.98999
2375	293.95001
2376	293.89001
2377	293.91
2378	293.85999
2379	293.89001
2380	293.82001
2381	293.98999
2382	294.22
2383	294.41
2384	294.53
2385	294.53
2386	294.48999
2387	294.32001
2388	294.26001
2389	294.28
2390	294.37
2391	294.37
2392	294.41
2393	294.26001
2394	294.23999
2395	294.12
2396	293.98999
2397	294.12
2398	294.12
2399	294.20001
2400	294.20001
2401	294.28
2402	294.17999
2403	294.07001
2404	294.04999
2405	294.03
2406	294.04999
2407	294.12
2408	294.12
2409	294.20001
2410	294.17999
2411	294.28
2412	294.35001
2413	294.28
2414	294.32001
2415	294.26001
2416	294.20001
2417	294.22
2418	294.12
2419	294.04999
2420	294.01001
2421	294.12
2422	294.26001
2423	294.26001
2424	294.45001
2425	294.47
2426	294.45001
2427	294.37
2428	294.32001
2429	294.28
2430	294.28
2431	294.07001
2432	294.01001
2433	294.04999
2434	294.04999
2435	293.98999
2436	293.92999
2437	293.92999
2438	293.95001
2439	294.01001
2440	294.09
2441	294.32001
2442	294.42999
2443	294.45001
2444	294.48999
2445	294.35001
2446	294.32001
2447	294.28
2448	294.37
2449	294.37
2450	294.54999
2451	294.60001
2452	294.51001
2453	294.41
2454	294.22
2455	294.01001
2456	293.84
2457	294.16
2458	294.20001
2459	294.22
2460	294.35001
2461	294.42999
2462	294.42999
2463	294.97
2464	295.31
2465	295.29001
2466	295.45001
2467	295.54001
2468	295.62
2469	295.62
2470	295.64001
2471	295.89001
2472	296
2473	296.32999
2474	296.67001
2475	296.76999
2476	296.88
2477	297.44
2478	297.79999
2479	297.94
2480	298.19
2481	298.29999
2482	298.28
2483	298.19
2484	297.98001
2485	297.98001
2486	298.10999
2487	298.19
2488	298.20999
2489	298.38
2490	298.35999
2491	298.38
2492	298.47
2493	298.44
2494	298.44
2495	298.13
2496	297.70999
2497	297.63
2498	297.35999
2499	297.17001
2500	297.23001
2501	297.23001
2502	297.34
2503	297.25
2504	297.35999
2505	297.48001
2506	297.67001
2507	298.01001
2508	298.01001
2509	298.48999
2510	298.64999
2511	298.60999
2512	298.60999
2513	298.54999
2514	298.39999
2515	298.35999
2516	298.26001
2517	298.23999
2518	298.20999
2519	298.32001
2520	298.35999
2521	298.39999
2522	298.35999
2523	298.03
2524	298.07001
2525	298.17001
2526	298.34
2527	298.48999
2528	298.79999
2529	298.82001
2530	298.51001
2531	298.23999
2532	298.23999
2533	298.23999
2534	298.47
2535	298.32001
2536	298.20999
2537	298.26001
2538	298.32001
2539	298.39999
2540	298.39999
2541	298.53
2542	298.44
2543	298.48999
2544	298.48999
2545	298.32001
2546	298.29999
2547	298.29999
2548	298.28
2549	298.23999
2550	298.29999
2551	298.53
2552	298.72
2553	298.67001
2554	298.59
2555	298.48999
2556	298.44
2557	298.42001
2558	298.34
2559	298.32001
2560	298.42001
2561	298.29999
2562	298.44
2563	298.29999
2564	298.13
2565	298.20999
2566	298.28
2567	298.47
2568	298.51001
2569	298.57001
2570	298.67001
2571	298.60999
2572	298.60999
2573	298.57001
2574	298.44
2575	298.23999
2576	297.95999
2577	298.03
2578	298.13
2579	298.13
2580	298.38
2581	298.48999
2582	298.42001
2583	298.34
2584	298.28
2585	298.28
2586	298.28
2587	298.35999
2588	298.51001
2589	298.57001
2590	298.51001
2591	298.39999
2592	298.39999
2593	298.44
2594	298.38
2595	298.28
2596	298.09
2597	298.19
2598	298.28
2599	298.38
2600	298.48999
2601	298.64999
2602	298.60999
2603	298.63
2604	298.63
2605	298.64999
2606	298.38
2607	298.38
2608	298.34
2609	298.29999
2610	298.32001
2611	298.32001
2612	298.26001
2613	298.29999
2614	298.39999
2615	298.64999
2616	298.73999
2617	298.70001
2618	298.60999
2619	298.42001
2620	298.38
2621	298.54999
2622	298.82001
2623	298.60999
2624	298.47
2625	298.29999
2626	297.79999
2627	297.79999
2628	297.82001
2629	297.85999
2630	297.92001
2631	297.98001
2632	298.04999
2633	297.84
2634	297.84
2635	298.32001
2636	299.04999
2637	299.41
2638	299.45001
2639	299.28
2640	298.85999
2641	298.47
2642	298.26001
2643	298.26001
2644	298.01001
2645	297.88
2646	297.79999
2647	297.70999
2648	297.79999
2649	297.85999
2650	297.85999
2651	297.45999
2652	296.82999
2653	296.44
2654	295.47
2655	294.48999
2656	293.73999
2657	292.84
2658	289.92999
2659	289.12
2660	287.59
2661	286.17001
2662	284.95999
2663	284.51999
2664	284.22
2665	283.87
2666	283.82999
2667	283.95001
2668	284.32999
2669	284.62
2670	285.07999
2671	285.39001
2672	285.88
2673	286.34
2674	286.85999
2675	286.85999
2676	287.48999
2677	287.88
2678	288.03
2679	288.41
2680	288.89001
2681	289.22
2682	289.22
2683	289.81
2684	290.14001
2685	290.17999
2686	290.45999
2687	290.57999
2688	290.64001
2689	290.64001
2690	290.87
2691	291.04001
2692	291.14999
2693	291.38
2694	291.64999
2695	291.64999
2696	291.64999
2697	291.67001
2698	291.69
2699	291.98001
2700	292.19
2701	292.23001
2702	292.38
2703	292.39999
2704	292.48001
2705	292.51001
2706	292.60999
2707	292.85999
2708	292.85999
2709	293.17001
2710	293.17001
2711	293.17001
2712	293.22
2713	293.13
2714	293.13
2715	293.14999
2716	293.01001
2717	292.98999
2718	292.88
2719	292.89999
2720	292.98999
2721	292.98999
2722	292.92001
2723	292.84
2724	292.92001
2725	293.01001
2726	293.14999
2727	293.20001
2728	293.23999
2729	293.57001
2730	293.54999
2731	293.47
2732	293.54999
2733	293.51001
2734	293.42999
2735	293.47
2736	293.42999
2737	293.45001
2738	293.35999
2739	293.20001
2740	293.17001
2741	293.29999
2742	293.39999
2743	293.48999
2744	293.48999
2745	293.63
2746	293.63
2747	293.67999
2748	293.60999
2749	293.72
2750	293.85999
2751	293.85999
2752	293.95001
2753	293.95001
2754	293.84
2755	293.89001
2756	293.95001
2757	294.01001
2758	293.82001
2759	293.66
2760	293.66
2761	293.67999
2762	293.85999
2763	294.01001
2764	294.03
2765	294.01001
2766	293.97
2767	293.85999
2768	293.70001
2769	293.72
2770	293.89001
2771	293.92999
2772	294.04999
2773	293.95001
2774	294.04999
2775	294.22
2776	294.23999
2777	294.17999
2778	294.03
2779	293.98999
2780	293.89001
2781	293.89001
2782	293.85999
2783	293.72
2784	293.66
2785	293.66
2786	293.72
2787	293.84
2788	293.98999
2789	294.23999
2790	294.45001
2791	294.28
2792	294.28
2793	294.04999
2794	294.07001
2795	293.98999
2796	293.78
2797	293.76001
2798	293.82001
2799	293.84
2800	293.85999
2801	293.95001
2802	294.04999
2803	294.20001
2804	294.23999
2805	294.28
2806	294.29999
2807	294.54999
2808	294.66
2809	294.67999
2810	294.57999
2811	294.54999
2812	294.54999
2813	294.54999
2814	294.42999
2815	294.32001
2816	294.32001
2817	294.32001
2818	294.32001
2819	294.20001
2820	294.17999
2821	294.04999
2822	294.01001
2823	294.14001
2824	294.14001
2825	294.41
2826	294.57999
2827	294.64001
2828	294.73999
2829	294.62
2830	294.51001
2831	294.51001
2832	294.32001
2833	294.07001
2834	293.98999
2835	293.98999
2836	293.97
2837	293.98999
2838	294.04999
2839	294.07001
2840	294.04999
2841	294.01001
2842	293.97
2843	294.04999
2844	294.17999
2845	294.32001
2846	294.48999
2847	294.51001
2848	294.57999
2849	294.48999
2850	294.47
2851	294.48999
2852	294.54999
2853	294.67999
2854	294.70001
2855	294.60001
2856	294.60001
2857	294.48999
2858	294.42999
2859	294.32001
2860	294.23999
2861	294.14001
2862	294.53
2863	294.53
2864	296.79001
2865	296.44
2866	297
2867	296.42001
2868	295.14001
2869	294.91
2870	294.98999
2871	295.01001
2872	294.78
2873	294.81
2874	294.89001
2875	294.95001
2876	294.95001
2877	295.01001
2878	295.01001
2879	295.07999
2880	295.10001
2881	295.16
2882	295.06
2883	295.04001
2884	295.07999
2885	294.95001
2886	294.72
2887	294.62
2888	294.53
2889	294.57999
2890	294.76001
2891	294.85001
2892	294.97
2893	294.92999
2894	294.98999
2895	294.98999
2896	295.16
2897	295.16
2898	295.07999
2899	294.87
2900	294.78
2901	294.54999
2902	294.54999
2903	294.53
2904	294.67999
2905	294.73999
2906	294.87
2907	294.89001
2908	294.89001
2909	294.97
2910	294.95001
2911	294.92999
2912	294.92999
2913	295.04001
2914	295.16
2915	295.22
2916	295.29001
2917	295.23999
2918	295.22
2919	295.12
2920	295.10001
2921	295.10001
2922	295.01001
2923	294.92999
2924	294.87
2925	294.82999
2926	294.66
2927	294.66
2928	294.85001
2929	294.66
2930	294.67999
2931	294.70001
2932	294.48999
2933	294.64001
2934	294.64001
2935	296.16
2936	296.79001
2937	296.98001
2938	297.29001
2939	297.63
2940	298.07001
2941	298.07001
2942	297.57001
2943	297.39999
2944	297.64999
2945	298.53
2946	299.35999
2947	299.67999
2948	300.01001
2949	300.39001
2950	300.47
2951	300.70001
2952	300.91
2953	301.01999
2954	301.14001
2955	301.10001
2956	301.26999
2957	301.29001
2958	301.51999
2959	301.54001
2960	301.51999
2961	301.29001
2962	301.35001
2963	301.25
2964	301.25
2965	301.31
2966	301.31
2967	301.42999
2968	301.45999
2969	301.42999
2970	301.17999
2971	300.97
2972	300.89001
2973	300.89001
2974	300.91
2975	300.85001
2976	300.85001
2977	301.10001
2978	301.20001
2979	301.25
2980	301.31
2981	301.37
2982	301.20001
2983	301.20001
2984	300.97
2985	300.89001
2986	300.89001
2987	300.89001
2988	301.01999
2989	300.97
2990	301.10001
2991	301.20001
2992	301.35001
2993	301.56
2994	301.62
2995	301.67001
2996	301.51999
2997	301.41
2998	301.41
2999	301.29001
3000	301.04001
3001	301.01999
3002	300.91
3003	300.92999
3004	301
3005	301
3006	301.14001
3007	301.23001
3008	301.23001
3009	301.17999
3010	301.06
3011	300.85001
3012	300.85001
3013	301.01999
3014	301.16
3015	301.29001
3016	301.31
3017	301.32999
3018	301.37
3019	301.39001
3020	301.17999
3021	301.16
3022	301.16
3023	301.17999
3024	301.23001
3025	301.26999
3026	301.26999
3027	301.32999
3028	301.20001
3029	301.10001
3030	301.12
3031	301.17999
3032	301.39001
3033	301.5
3034	301.41
3035	301.41
3036	301.37
3037	301.37
3038	301.29001
3039	301.25
3040	301.23001
3041	301.20001
3042	301.14001
3043	301.10001
3044	301.10001
3045	301.16
3046	301.25
3047	301.32999
3048	301.35001
3049	301.29001
3050	301.25
3051	301.29001
3052	301.62
3053	301.70999
3054	301.69
3055	301.60001
3056	301.56
3057	301.42999
3058	301.39001
3059	301.41
3060	301.5
3061	301.70999
3062	301.67001
3063	301.70999
3064	301.85001
3065	301.79001
3066	301.64001
3067	301.51999
3068	301.45999
3069	301.35001
3070	301.32999
3071	301.39001
3072	301.45999
3073	301.48001
3074	301.35001
3075	301.32999
3076	301.32999
3077	301.16
3078	301.12
3079	301.16
3080	301.29001
3081	301.14001
3082	301.10001
3083	301.10001
3084	301.01999
3085	301
3086	301.01999
3087	301.12
3088	301.41
3089	301.48001
3090	301.54001
3091	301.57999
3092	301.70999
3093	301.70999
3094	301.56
3095	301.41
3096	301.51999
3097	301.45999
3098	301.23001
3099	301.14001
3100	301.16
3101	301.20001
3102	301.29001
3103	301.39001
3104	301.41
3105	301.39001
3106	301.31
3107	300.70001
3108	300.70001
3109	300.17999
3110	300.01001
3111	299.95001
3112	299.72
3113	299.35999
3114	299.07001
3115	299.07001
3116	298.78
3117	298.60999
3118	298.57001
3119	298.67001
3120	298.82001
3121	298.73999
3122	298.72
3123	298.59
3124	298.44
3125	298.32001
3126	297.88
3127	296.79001
3128	296.07999
3129	295.32999
3130	292.29999
3131	291.23001
3132	289.04999
3133	287.28
3134	286.57001
3135	285.45999
3136	284.92999
3137	284.23999
3138	284.06
3139	284.16
3140	284.32999
3141	284.37
3142	284.73001
3143	284.92999
3144	285.42001
3145	285.89999
3146	286.54001
3147	286.54001
3148	287.51001
3149	288.20001
3150	288.48999
3151	289.03
3152	289.66
3153	290.20001
3154	290.20001
3155	290.89001
3156	291.31
3157	291.44
3158	291.70999
3159	292.04999
3160	292.17001
3161	292.34
3162	292.54999
3163	292.59
3164	292.82001
3165	292.92001
3166	292.92001
3167	292.98999
3168	293.04999
3169	293.14999
3170	293.14999
3171	293.32001
3172	293.47
3173	293.59
3174	293.85999
3175	293.95001
3176	293.98999
3177	293.92999
3178	294.01001
3179	294.01001
3180	293.95001
3181	294.03
3182	294.12
3183	294.17999
3184	294.23999
3185	294.51001
3186	294.51001
3187	294.78
3188	294.73999
3189	294.76001
3190	294.53
3191	294.35001
3192	294.28
3193	294.28
3194	294.29999
3195	294.41
3196	294.39001
3197	294.42999
3198	294.53
3199	294.57999
3200	294.72
3201	294.89001
3202	294.97
3203	295.01001
3204	295.07999
3205	295.12
3206	295.10001
3207	295.10001
3208	295.23999
3209	295.35001
3210	295.23999
3211	295.14001
3212	295.16
3213	295.12
3214	295.10001
3215	295.01001
3216	294.89001
3217	294.89001
3218	294.89001
3219	294.78
3220	294.87
3221	294.81
3222	294.89001
3223	295.12
3224	295.17999
3225	295.17999
3226	294.97
3227	295.01001
3228	295.07999
3229	295.20001
3230	295.37
3231	295.37
3232	295.32999
3233	295.26999
3234	295.23999
3235	295.29001
3236	295.31
3237	295.32999
3238	295.35001
3239	295.35001
3240	295.35001
3241	295.41
3242	295.42999
3243	295.54001
3244	295.60001
3245	295.66
3246	295.62
3247	295.66
3248	295.66
3249	295.54001
3250	295.54001
3251	295.39001
3252	295.37
3253	295.42999
3254	295.60001
3255	295.60001
3256	295.56
3257	295.56
3258	295.47
3259	295.57999
3260	295.62
3261	295.56
3262	295.41
3263	295.42999
3264	295.42999
3265	295.47
3266	295.39001
3267	295.37
3268	295.31
3269	295.37
3270	295.31
3271	295.41
3272	295.57999
3273	295.60001
3274	295.47
3275	295.35001
3276	295.31
3277	295.22
3278	295.32999
3279	295.56
3280	295.56
3281	295.51999
3282	295.42999
3283	295.41
3284	295.56
3285	295.60001
3286	295.75
3287	295.75
3288	295.60001
3289	295.60001
3290	295.62
3291	295.62
3292	295.51999
3293	295.39001
3294	295.41
3295	295.41
3296	295.41
3297	295.32999
3298	295.32999
3299	295.41
3300	295.5
3301	295.70001
3302	295.79001
3303	295.81
3304	295.66
3305	295.70001
3306	295.66
3307	295.73001
3308	297.06
3309	296.95999
3310	296.82999
3311	296.89999
3312	296.94
3313	297.09
3314	297.13
3315	297.13
3316	297.13
3317	296.94
3318	296.89999
3319	296.79001
3320	296.73001
3321	296.70999
3322	296.70999
3323	296.79001
3324	296.69
3325	296.67001
3326	296.73001
3327	296.82999
3328	296.89999
3329	296.89999
3330	296.69
3331	296.64999
3332	296.60001
3333	296.54001
3334	296.60001
3335	296.62
3336	296.62
3337	296.73001
3338	296.70999
3339	296.70999
3340	296.70999
3341	296.76999
3342	296.76999
3343	296.76999
3344	296.73001
3345	296.81
3346	296.98001
3347	296.98001
3348	296.82999
3349	296.64999
3350	296.56
3351	296.73001
3352	296.82999
3353	296.70999
3354	296.70999
3355	296.79001
3356	296.81
3357	296.85999
3358	296.73001
3359	296.82999
3360	296.81
3361	296.81
3362	296.69
3363	296.60001
3364	296.57999
3365	296.64999
3366	296.73001
3367	296.67001
3368	296.73001
3369	296.54001
3370	296.56
3371	296.57999
3372	296.70999
3373	296.76999
3374	296.82999
3375	296.94
3376	296.85999
3377	296.76999
3378	296.79001
3379	296.73001
3380	296.75
3381	296.79001
3382	296.82999
3383	296.70999
3384	296.57999
3385	296.56
3386	296.56
3387	296.45999
3388	296.51999
3389	296.39001
3390	296.51999
3391	296.81
3392	296.92001
3393	296.92001
3394	296.94
3395	296.92001
3396	296.82999
3397	296.60001
3398	296.5
3399	296.42001
3400	296.44
3401	296.31
3402	296.42001
3403	296.67001
3404	297.14999
3405	297.67001
3406	297.84
3407	297.89999
3408	297.82001
3409	297.67001
3410	297.64999
3411	298.07001
3412	298.28
3413	298.70001
3414	298.70001
3415	298.57001
3416	298.59
3417	298.82001
3418	299.09
3419	299.28
3420	299.34
3421	299.41
3422	299.51001
3423	299.53
3424	299.51001
3425	299.51001
3426	300.14001
3427	300.47
3428	300.45001
3429	300.10001
3430	299.97
3431	299.78
3432	299.78
3433	299.82001
3434	299.79999
3435	299.85001
3436	299.78
3437	299.95001
3438	300.12
3439	300.16
3440	299.95001
3441	299.87
3442	299.85001
3443	299.82001
3444	299.78
3445	299.82001
3446	299.76001
3447	299.87
3448	300.01001
3449	300.26001
3450	300.23999
3451	300.14001
3452	299.91
3453	299.79999
3454	299.62
3455	299.85001
3456	300.14001
3457	300.14001
3458	300.03
3459	299.92999
3460	299.79999
3461	299.89001
3462	300.07999
3463	299.78
3464	299.78
3465	299.29999
3466	299.32001
3467	299.35999
3468	299.35999
3469	299.53
3470	299.72
3471	299.78
3472	300.23999
3473	300.22
3474	300.16
3475	299.87
3476	299.92999
3477	300.07999
3478	300.28
3479	300.51001
3480	300.47
3481	300.39001
3482	300.01001
3483	299.95001
3484	300.01001
3485	300.17999
3486	300.57999
3487	300.45001
3488	300.32999
3489	300.37
3490	300.32999
3491	300.28
3492	300.28
3493	300.17999
3494	300.14001
3495	300.26001
3496	300.26001
3497	300.28
3498	300.12
3499	300.10001
3500	300.01001
3501	300.16
3502	300.39001
3503	300.39001
3504	300.07999
3505	300.22
3506	300.28
3507	300.23999
3508	300.26001
3509	300.17999
3510	300.03
3511	299.79999
3512	299.78
3513	299.76001
3514	299.89001
3515	299.78
3516	299.73999
3517	299.92999
3518	300.56
3519	300.67999
3520	300.79001
3521	300.54001
3522	300.35001
3523	300.04999
3524	299.92999
3525	299.76001
3526	299.79999
3527	300.03
3528	300.03
3529	300.41
3530	300.79001
3531	300.87
3532	300.81
3533	300.72
3534	300.60001
3535	300.60001
3536	300.31
3537	300.42999
3538	300.42999
3539	300.35001
3540	300.45001
3541	300.67999
3542	300.67999
3543	300.72
3544	300.57999
3545	300.51001
3546	300.35001
3547	300.67999
3548	300.95001
3549	301.10001
3550	301.12
3551	301.04001
3552	301.14001
3553	301.48001
3554	301.67001
3555	301.79001
3556	301.82999
3557	301.60001
3558	301.37
3559	301.26999
3560	301.23001
3561	301.07999
3562	300.97
3563	300.97
3564	301.07999
3565	301.07999
3566	300.97
3567	300.97
3568	300.79001
3569	300.79001
3570	300.79001
3571	300.73999
3572	300.45001
3573	300.17999
3574	300.17999
3575	300.12
3576	300.04999
3577	300.10001
3578	300.41
3579	300.81
3580	300.79001
3581	300.60001
3582	299.87
3583	299.78
3584	299.62
3585	299.51001
3586	299.51001
3587	299.62
3588	299.62
3589	299.22
3590	299.17999
3591	299.26001
3592	299.34
3593	299.28
3594	298.76001
3595	298.26001
3596	296.88
3597	295.47
3598	293.79999
3599	293.79999
3600	291.10001
3601	289.70001
3602	289.10001
3603	288.01001
3604	287.35999
3605	286.89999
3606	286.89999
3607	286.85999
3608	287.10999
3609	287.26001
3610	287.59
3611	288.04999
3612	288.53
3613	288.53
3614	289.54001
3615	290.23001
3616	290.48001
3617	291.10001
3618	291.51999
3619	291.63
3620	291.79001
3621	292.32001
3622	292.39999
3623	292.88
3624	293.04999
3625	293.09
3626	293.32001
3627	293.54999
3628	294.04999
3629	294.16
3630	294.20001
3631	294.20001
3632	294.29999
3633	294.37
3634	294.51001
3635	294.73999
3636	294.67999
3637	294.62
3638	294.62
3639	294.66
3640	294.66
3641	294.72
3642	294.85001
3643	294.92999
3644	294.87
3645	294.87
3646	294.91
3647	294.91
3648	294.89001
3649	295.04001
3650	295.07999
3651	295.10001
3652	295.14001
3653	295.5
3654	295.60001
3655	295.66
3656	295.60001
3657	295.5
3658	295.39001
3659	295.5
3660	295.62
3661	295.57999
3662	295.62
3663	295.60001
3664	295.60001
3665	295.75
3666	295.76999
3667	295.75
3668	295.67999
3669	295.54001
3670	295.54001
3671	295.42999
3672	295.47
3673	295.47
3674	295.51999
3675	295.54001
3676	295.73001
3677	295.73001
3678	295.62
3679	295.45001
3680	295.64001
3681	295.79001
3682	295.81
3683	295.82999
3684	295.82999
3685	295.87
3686	295.87
3687	295.87
3688	295.87
3689	295.92999
3690	296
3691	296.10001
3692	296.20999
3693	296.23001
3694	296.20999
3695	296.10001
3696	296.04001
3697	295.87
3698	295.87
3699	295.89001
3700	295.91
3701	296
3702	295.95999
3703	296.01999
3704	295.79001
3705	295.76999
3706	296.01999
3707	296.16
3708	296.42001
3709	296.42001
3710	296.35001
3711	296.29001
3712	296.31
3713	296.25
3714	296.20999
3715	296.25
3716	296.25
3717	296.42001
3718	296.35001
3719	296.26999
3720	296.23001
3721	296.26999
3722	296.29001
3723	296.26999
3724	296.23001
3725	296.10001
3726	296.12
3727	296.12
3728	296.04001
3729	296.07999
3730	296.19
3731	296.20999
3732	296.10001
3733	296.06
3734	296.14001
3735	296.23001
3736	296.20999
3737	296.23001
3738	296.10001
3739	296.10001
3740	296.23001
3741	296.39001
3742	296.45999
3743	296.44
3744	296.54001
3745	296.62
3746	296.54001
3747	296.51999
3748	296.51999
3749	296.54001
3750	296.42001
3751	296.32999
3752	296.31
3753	296.26999
3754	296.26999
3755	296.26999
3756	296.26999
3757	296.44
3758	296.44
3759	296.39001
3760	296.42001
3761	296.45999
3762	296.51999
3763	296.35001
3764	296.32999
3765	296.20999
3766	296.16
3767	296.20999
3768	296.26999
3769	296.31
3770	296.25
3771	296.16
3772	296.25
3773	296.01999
3774	295.75
3775	295.56
3776	295.66
3777	295.87
3778	296.01999
3779	296.16
3780	296.16
3781	296.5
3782	296.62
3783	296.64999
3784	296.57999
3785	296.39001
3786	296.32999
3787	296.32999
3788	296.20999
3789	296.19
3790	296.14001
3791	296.23001
3792	296.19
3793	296.32999
3794	296.32999
3795	296.42001
3796	296.48001
3797	296.48001
3798	296.5
3799	296.32999
3800	296.31
3801	296.5
3802	296.69
3803	296.56
3804	296.48001
3805	296.48001
3806	296.56
3807	296.57999
3808	296.56
3809	296.56
3810	296.48001
3811	296.42001
3812	296.23001
3813	296.23001
3814	296.20999
3815	296.25
3816	296.42001
3817	296.44
3818	296.37
3819	296.37
3820	296.35001
3821	296.31
3822	296.31
3823	296.14001
3824	296.26999
3825	296.42001
3826	296.42001
3827	296.5
3828	296.48001
3829	296.45999
3830	296.35001
3831	296.42001
3832	296.5
3833	296.51999
3834	296.37
3835	296.44
3836	296.45999
3837	296.37
3838	296.32999
3839	296.37
3840	296.45999
3841	296.42001
3842	296.42001
3843	296.32999
3844	296.37
3845	296.35001
3846	296.32999
3847	296.26999
3848	296.42001
3849	296.35001
3850	296.37
3851	296.37
3852	296.26999
3853	296.42001
3854	296.5
3855	296.56
3856	296.39001
3857	296.29001
3858	296.29001
3859	296.42001
3860	296.54001
3861	296.5
3862	296.57999
3863	296.62
3864	296.67001
3865	296.67001
3866	296.79001
3867	296.73001
3868	296.70999
3869	296.67001
3870	296.60001
3871	296.44
3872	296.32999
3873	296.07999
3874	295.89001
3875	295.66
3876	295.73001
3877	295.95999
3878	296.42001
3879	296.69
3880	297.5
3881	297.73001
3882	298.09
3883	298.13
3884	298.03
3885	298.10999
3886	298.29999
3887	298.78
3888	299.23999
3889	299.39001
3890	299.39001
3891	299.91
3892	299.79999
3893	299.64001
3894	299.53
3895	299.51001
3896	299.62
3897	299.62
3898	299.79999
3899	299.70001
3900	299.57001
3901	299.34
3902	299.57001
3903	299.73999
3904	299.89001
3905	299.95001
3906	299.85001
3907	299.91
3908	300.10001
3909	300.42999
3910	300.47
3911	300.37
3912	299.76001
3913	299.51001
3914	299.45001
3915	299.59
3916	299.79999
3917	300.20001
3918	300.37
3919	300.85001
3920	300.97
3921	300.70001
3922	300.56
3923	300.54001
3924	300.51001
3925	300.45001
3926	299.98999
3927	299.73999
3928	299.70001
3929	299.70001
3930	299.97
3931	300.16
3932	300.22
3933	299.98999
3934	300.12
3935	300.16
3936	300.16
3937	300.04999
3938	299.87
3939	299.85001
3940	299.87
3941	300.12
3942	300.23999
3943	300.41
3944	300.60001
3945	300.45001
3946	300.12
3947	300.03
3948	300.22
3949	300.23999
3950	300.17999
3951	300.16
3952	300.22
3953	300.41
3954	300.70001
3955	300.70001
3956	300.57999
3957	300.47
3958	300.17999
3959	300.12
3960	299.91
3961	299.91
3962	299.89001
3963	299.78
3964	299.72
3965	299.98999
3966	300.56
3967	300.73999
3968	300.73999
3969	300.31
3970	300.39001
3971	300.32999
3972	300.42999
3973	300.41
3974	300.39001
3975	300.39001
3976	300.37
3977	300.45001
3978	300.60001
3979	301.04001
3980	301.14001
3981	301.04001
3982	300.85001
3983	300.91
3984	300.91
3985	300.79001
3986	300.70001
3987	300.76999
3988	300.89001
3989	300.89001
3990	300.60001
3991	300.07999
3992	299.98999
3993	300.04999
3994	300.12
3995	300.12
3996	300.14001
3997	300.03
3998	299.95001
3999	300.28
4000	300.28
4001	301
4002	300.92999
4003	300.85001
4004	300.45001
4005	300.07999
4006	300.03
4007	300.03
4008	299.78
4009	299.79999
4010	299.95001
4011	300.20001
4012	300.47
4013	300.66
4014	300.85001
4015	300.54001
4016	300.45001
4017	300.31
4018	299.85001
4019	299.57001
4020	299.64001
4021	299.95001
4022	300.62
4023	300.85001
4024	301.39001
4025	301.48001
4026	301.5
4027	301.37
4028	301.23001
4029	300.92999
4030	300.81
4031	300.70001
4032	300.70001
4033	300.89001
4034	301.29001
4035	301.42999
4036	301.54001
4037	301.51999
4038	301.60001
4039	301.60001
4040	301.16
4041	301.04001
4042	301.01999
4043	301.04001
4044	300.89001
4045	300.95001
4046	300.95001
4047	301.42999
4048	301.25
4049	300.95001
4050	300.42999
4051	300.48999
4052	300.64001
4053	300.72
4054	300.39001
4055	300.26001
4056	300.01001
4057	299.73999
4058	299.59
4059	299.41
4060	299.34
4061	299.51001
4062	299.62
4063	299.62
4064	299.34
4065	299.17999
4066	299.09
4067	299.03
4068	298.35999
4069	297.32001
4070	295.92999
4071	295.92999
4072	293.63
4073	292.01999
4074	291.20999
4075	289.60001
4076	288.87
4077	288.42999
4078	288.42999
4079	288.28
4080	288.45001
4081	288.51001
4082	288.66
4083	288.79999
4084	289.01001
4085	289.26001
4086	290.10001
4087	290.29001
4088	290.75
4089	291.19
4090	291.73001
4091	291.98001
4092	292.25
4093	292.84
4094	292.94
4095	293.13
4096	293.32001
4097	293.47
4098	293.84
4099	294.01001
4100	294.09
4101	294.23999
4102	294.28
4103	294.28
4104	294.67999
4105	294.91
4106	294.98999
4107	295.10001
4108	295.12
4109	295.14001
4110	295.14001
4111	295.32999
4112	295.42999
4113	295.45001
4114	295.56
4115	295.81
4116	295.95999
4117	295.95999
4118	296.01999
4119	296.07999
4120	296.01999
4121	295.98001
4122	295.82999
4123	295.82999
4124	295.75
4125	295.92999
4126	295.98001
4127	296.23001
4128	296.56
4129	296.56
4130	296.44
4131	296.39001
4132	296.39001
4133	296.37
4134	296.23001
4135	296.19
4136	296.23001
4137	296.26999
4138	296.31
4139	296.42001
4140	296.35001
4141	296.39001
4142	296.39001
4143	296.25
4144	296.23001
4145	296.26999
4146	296.44
4147	296.35001
4148	296.37
4149	296.37
4150	296.54001
4151	296.37
4152	296.35001
4153	296.37
4154	296.35001
4155	296.31
4156	296.25
4157	296.37
4158	296.5
4159	296.60001
4160	296.70999
4161	296.73001
4162	296.69
4163	296.67001
4164	296.73001
4165	296.69
4166	296.67001
4167	296.64999
4168	296.60001
4169	296.57999
4170	296.5
4171	296.39001
4172	296.44
4173	296.48001
4174	296.48001
4175	296.56
4176	296.64999
4177	296.76999
4178	296.81
4179	296.73001
4180	296.67001
4181	296.67001
4182	296.64999
4183	296.69
4184	296.73001
4185	296.70999
4186	296.69
4187	296.56
4188	296.56
4189	296.64999
4190	296.82999
4191	296.92001
4192	297.13
4193	297.10999
4194	296.98001
4195	296.92001
4196	296.94
4197	296.98001
4198	296.89999
4199	296.85999
4200	296.82999
4201	296.73001
4202	296.75
4203	296.81
4204	296.79001
4205	296.82999
4206	296.76999
4207	296.76999
4208	296.79001
4209	296.85999
4210	296.98001
4211	297.01999
4212	297
4213	297
4214	297.06
4215	297.17001
4216	297.10999
4217	297.01999
4218	296.92001
4219	296.95999
4220	296.95999
4221	296.76999
4222	296.79001
4223	296.75
4224	296.76999
4225	296.73001
4226	296.88
4227	296.88
4228	296.88
4229	296.89999
4230	296.89999
4231	296.89999
4232	297
4233	297.09
4234	297.17001
4235	297.26999
4236	297.20999
4237	297.10999
4238	297.09
4239	297
4240	297.06
4241	297.10999
4242	297.01999
4243	296.94
4244	296.98001
4245	297.01999
4246	296.98001
4247	297.09
4248	297.04001
4249	297.09
4250	296.98001
4251	296.95999
4252	296.95999
4253	296.70999
4254	296.82999
4255	296.89999
4256	296.89999
4257	297
4258	297.14999
4259	297.14999
4260	297.29001
4261	297.19
4262	297.06
4263	296.85999
4264	296.94
4265	297
4266	297.06
4267	297.10999
4268	296.98001
4269	296.94
4270	296.88
4271	297.04001
4272	297.09
4273	297.14999
4274	297.29001
4275	297.29001
4276	297.29001
4277	297.39999
4278	297.39999
4279	297.42001
4280	297.32001
4281	297.04001
4282	296.89999
4283	296.95999
4284	296.95999
4285	297.06
4286	297.17001
4287	297.29001
4288	297.38
4289	297.42001
4290	297.45999
4291	297.45999
4292	297.19
4293	297.06
4294	296.94
4295	296.70999
4296	296.69
4297	296.76999
4298	296.76999
4299	296.88
4300	296.95999
4301	297.09
4302	297.01999
4303	297
4304	297.01999
4305	297.06
4306	297.26999
4307	297.26999
4308	297.29001
4309	297.19
4310	297.19
4311	297.23001
4312	297.20999
4313	297.23001
4314	297.19
4315	297
4316	296.94
4317	296.95999
4318	297.06
4319	296.98001
4320	296.85999
4321	296.85999
4322	296.98001
4323	296.98001
4324	297.10999
4325	297.25
4326	297.34
4327	297.51999
4328	297.59
4329	297.60999
4330	297.60999
4331	297.26999
4332	297.29001
4333	297.34
4334	297.32001
4335	297.32001
4336	297.32001
4337	297.42001
4338	297.39999
4339	297.54999
4340	297.60999
4341	297.70999
4342	297.59
4343	297.60999
4344	297.48001
4345	297.44
4346	297.5
4347	297.44
4348	297.44
4349	297.5
4350	297.85999
4351	298.04999
4352	298.60999
4353	299.20001
4354	299.57001
4355	299.57001
4356	299.28
4357	299.26001
4358	299.47
4359	299.62
4360	299.78
4361	300.20001
4362	300.20001
4363	300.47
4364	300.47
4365	300.48999
4366	300.54001
4367	300.60001
4368	300.60001
4369	300.60001
4370	300.92999
4371	301.42999
4372	301.54001
4373	301.69
4374	301.79001
4375	301.73001
4376	301.70999
4377	301.85001
4378	301.76999
4379	301.64001
4380	301.54001
4381	301.51999
4382	301.89999
4383	301.94
4384	301.62
4385	301.56
4386	301.64001
4387	301.57999
4388	301.56
4389	301.23001
4390	301.17999
4391	301.01999
4392	301.01999
4393	301.16
4394	301.16
4395	301.16
4396	301.26999
4397	301.26999
4398	301.23001
4399	301.23001
4400	301.32999
4401	301.32999
4402	301.41
4403	301.57999
4404	301.57999
4405	301.42999
4406	301.31
4407	301.26999
4408	301.37
4409	301.51999
4410	301.35001
4411	301.26999
4412	301.37
4413	301.60001
4414	301.56
4415	301.67001
4416	301.62
4417	301.64001
4418	301.79001
4419	302.19
4420	302.19
4421	302.31
4422	302.32999
4423	301.89999
4424	301.89999
4425	302.06
4426	302.06
4427	301.92001
4428	301.82999
4429	301.76999
4430	301.5
4431	301.42999
4432	301.41
4433	301.41
4434	301.5
4435	301.51999
4436	301.51999
4437	301.81
4438	302.06
4439	301.85001
4440	301.85001
4441	301.39001
4442	301.20001
4443	301.23001
4444	301.37
4445	301.29001
4446	301.16
4447	301.01999
4448	301.07999
4449	301.12
4450	301.31
4451	301.51999
4452	301.5
4453	301.45999
4454	301.48001
4455	301.37
4456	301.35001
4457	301.26999
4458	301.41
4459	301.45999
4460	301.45999
4461	301.39001
4462	301.35001
4463	301.37
4464	301.56
4465	301.56
4466	301.76999
4467	301.56
4468	301.51999
4469	301.60001
4470	301.62
4471	301.51999
4472	301.51999
4473	301.45999
4474	301.54001
4475	301.51999
4476	301.62
4477	301.69
4478	301.62
4479	301.62
4480	301.73001
4481	301.67001
4482	301.69
4483	301.48001
4484	301.31
4485	301.20001
4486	301.31
4487	300.97
4488	300.82999
4489	300.51001
4490	300.22
4491	300.12
4492	299.95001
4493	299.95001
4494	299.89001
4495	299.85001
4496	299.89001
4497	300.04999
4498	300.03
4499	299.97
4500	300.04999
4501	300.22
4502	300.45001
4503	300.37
4504	300.37
4505	300.39001
4506	300.45001
4507	300.39001
4508	300.32999
4509	300.47
4510	300.79001
4511	300.79001
4512	301.35001
4513	301.41
4514	301.35001
4515	301.29001
4516	301.41
4517	301.39001
4518	301.56
4519	301.07999
4520	301.12
4521	301.45999
4522	301.06
4523	300.48999
4524	300.42999
4525	300.47
4526	300.73999
4527	300.56
4528	300.17999
4529	299.70001
4530	299.73999
4531	299.66
4532	299.62
4533	299.62
4534	299.62
4535	299.57001
4536	299.57001
4537	299.51001
4538	299.32001
4539	299.22
4540	299.03
4541	298.54999
4542	297.60999
4543	297.60999
4544	295.31
4545	293.54999
4546	292.64999
4547	290.87
4548	289.56
4549	288.51001
4550	288.51001
4551	287.82001
4552	287.79999
4553	287.82001
4554	288.13
4555	288.41
4556	288.64001
4557	288.89001
4558	289.87
4559	290.12
4560	290.51999
4561	290.98001
4562	291.14999
4563	291.60999
4564	291.73001
4565	292.09
4566	292.57001
4567	293.01001
4568	293.28
4569	293.29999
4570	293.59
4571	293.70001
4572	294.01001
4573	294.12
4574	294.22
4575	294.22
4576	294.64001
4577	294.82999
4578	294.95001
4579	295.04001
4580	294.82999
4581	294.89001
4582	294.89001
4583	294.91
4584	295.20001
4585	295.22
4586	295.5
4587	295.60001
4588	295.57999
4589	295.56
4590	295.66
4591	295.66
4592	295.81
4593	296.14001
4594	296.19
4595	296.16
4596	296.07999
4597	296.26999
4598	296.26999
4599	296.29001
4600	296.19
4601	296.12
4602	295.98001
4603	295.91
4604	295.91
4605	296
4606	296.16
4607	296.16
4608	296.39001
4609	296.39001
4610	296.23001
4611	296.23001
4612	296.35001
4613	296.29001
4614	296.29001
4615	296.29001
4616	296.29001
4617	296.25
4618	296.19
4619	296.16
4620	296.16
4621	296.16
4622	296.31
4623	296.20999
4624	296.23001
4625	296.32999
4626	296.37
4627	296.32999
4628	296.39001
4629	296.37
4630	296.32999
4631	296.51999
4632	296.79001
4633	296.79001
4634	296.69
4635	296.62
4636	296.26999
4637	296.20999
4638	296.26999
4639	296.5
4640	296.54001
4641	296.81
4642	296.81
4643	296.82999
4644	296.76999
4645	296.75
4646	296.75
4647	296.82999
4648	296.70999
4649	296.64999
4650	296.60001
4651	296.69
4652	296.67001
4653	296.67001
4654	296.95999
4655	297.10999
4656	297.23001
4657	297.19
4658	297.25
4659	297.25
4660	297.26999
4661	297.25
4662	297.23001
4663	297.26999
4664	297.48001
4665	297.57001
4666	297.54999
4667	297.54999
4668	297.51999
4669	297.39999
4670	297.20999
4671	297.10999
4672	297.14999
4673	297.32001
4674	297.23001
4675	297.23001
4676	297.26999
4677	297.34
4678	297.34
4679	297.29001
4680	297.32001
4681	297.01999
4682	296.92001
4683	296.92001
4684	296.95999
4685	296.95999
4686	297.19
4687	297.29001
4688	297.34
4689	297.25
4690	297.06
4691	296.94
4692	296.94
4693	296.98001
4694	296.98001
4695	297
4696	297
4697	296.94
4698	296.94
4699	296.89999
4700	296.89999
4701	296.98001
4702	297.20999
4703	297.26999
4704	297.20999
4705	297.19
4706	297.25
4707	297.09
4708	297
4709	297.04001
4710	297.14999
4711	297.13
4712	297.10999
4713	297
4714	296.92001
4715	296.94
4716	297.06
4717	297.06
4718	297
4719	297.13
4720	297.09
4721	297.04001
4722	297.01999
4723	296.85999
4724	296.85999
4725	296.88
4726	296.82999
4727	296.88
4728	297.01999
4729	297.09
4730	297.23001
4731	297.26999
4732	297.44
4733	297.19
4734	297.29001
4735	297.44
4736	297.34
4737	297.35999
4738	297.26999
4739	297.25
4740	297.19
4741	297.09
4742	297.13
4743	297.09
4744	296.98001
4745	297.01999
4746	296.94
4747	296.85999
4748	296.98001
4749	297.19
4750	297.23001
4751	297.19
4752	297.06
4753	296.81
4754	296.79001
4755	296.67001
4756	296.67001
4757	296.98001
4758	297
4759	297.04001
4760	296.98001
4761	296.98001
4762	297.10999
4763	297.10999
4764	297.09
4765	296.94
4766	296.94
4767	296.89999
4768	296.85999
4769	296.85999
4770	296.85999
4771	296.95999
4772	296.94
4773	296.85999
4774	296.79001
4775	296.82999
4776	296.89999
4777	296.94
4778	296.76999
4779	296.70999
4780	296.67001
4781	296.76999
4782	296.82999
4783	296.88
4784	296.98001
4785	297.01999
4786	296.95999
4787	297
4788	297
4789	297.10999
4790	297.01999
4791	297.09
4792	297.04001
4793	297.01999
4794	297.01999
4795	296.94
4796	296.92001
4797	296.85999
4798	296.88
4799	296.88
4800	296.92001
4801	296.81
4802	296.81
4803	296.69
4804	296.60001
4805	296.62
4806	296.42001
4807	296.54001
4808	296.64999
4809	296.75
4810	297.04001
4811	297.04001
4812	296.98001
4813	296.94
4814	297.06
4815	297.14999
4816	297.25
4817	297.09
4818	296.64999
4819	296.39001
4820	296.16
4821	296.07999
4822	295.85001
4823	295.87
4824	296.37
4825	297.23001
4826	297.94
4827	297.94
4828	298.63
4829	298.88
4830	298.84
4831	298.84
4832	298.54999
4833	298.39999
4834	298.39999
4835	298.72
4836	298.95001
4837	299.09
4838	299.28
4839	299.34
4840	299.47
4841	299.57001
4842	300.42999
4843	300.72
4844	300.85001
4845	300.72
4846	300.76999
4847	300.67999
4848	300.57999
4849	300.39001
4850	300.41
4851	300.45001
4852	300.54001
4853	300.66
4854	300.87
4855	300.87
4856	300.85001
4857	300.97
4858	300.81
4859	300.81
4860	300.67999
4861	300.79001
4862	300.73999
4863	300.66
4864	300.57999
4865	300.54001
4866	300.54001
4867	300.62
4868	300.51001
4869	300.51001
4870	300.41
4871	300.35001
4872	300.32999
4873	300.32999
4874	300.07999
4875	299.87
4876	299.79999
4877	299.82001
4878	300.03
4879	300.07999
4880	299.97
4881	299.85001
4882	299.92999
4883	299.85001
4884	299.98999
4885	300.14001
4886	300.26001
4887	300.20001
4888	300.23999
4889	300.32999
4890	300.28
4891	300.66
4892	300.67999
4893	300.72
4894	300.56
4895	300.37
4896	300.35001
4897	300.28
4898	300.28
4899	300.22
4900	300.16
4901	300.14001
4902	300.01001
4903	299.92999
4904	300.32999
4905	300.32999
4906	300.64001
4907	300.51001
4908	300.45001
4909	300.41
4910	300.60001
4911	300.45001
4912	300.41
4913	300.14001
4914	300.16
4915	300.16
4916	300.16
4917	300.31
4918	300.39001
4919	300.37
4920	300.16
4921	300.07999
4922	300.10001
4923	299.89001
4924	299.85001
4925	299.82001
4926	299.95001
4927	299.95001
4928	300.03
4929	300.12
4930	300.07999
4931	300.16
4932	300.32999
4933	300.28
4934	300.01001
4935	299.95001
4936	299.73999
4937	299.73999
4938	299.76001
4939	299.91
4940	299.98999
4941	300.26001
4942	300.41
4943	300.35001
4944	300.35001
4945	300.20001
4946	300.16
4947	300.16
4948	300.07999
4949	299.79999
4950	299.59
4951	299.51001
4952	299.67999
4953	299.82001
4954	300.20001
4955	300.35001
4956	300.48999
4957	300.48999
4958	300.54001
4959	300.56
4960	300.56
4961	300.56
4962	300.41
4963	300.41
4964	300.37
4965	300.28
4966	300.14001
4967	300.01001
4968	300.03
4969	300.03
4970	299.91
4971	299.79999
4972	299.87
4973	299.85001
4974	299.67999
4975	299.51001
4976	299.51001
4977	299.54999
4978	299.57001
4979	299.57001
4980	299.67999
4981	299.92999
4982	300.31
4983	300.31
4984	300.12
4985	299.95001
4986	299.89001
4987	299.89001
4988	299.79999
4989	299.89001
4990	299.89001
4991	299.85001
4992	299.76001
4993	299.89001
4994	299.98999
4995	299.98999
4996	299.78
4997	299.79999
4998	299.82001
4999	300.03
5000	299.95001
5001	299.54999
5002	299.51001
5003	299.20001
5004	299.13
5005	298.97
5006	298.88
5007	298.76001
5008	298.76001
5009	298.88
5010	299.13
5011	299.13
5012	299.10999
5013	298.72
5014	298.04999
5015	298.04999
5016	296.79001
5017	295.31
5018	294.39001
5019	292.28
5020	290.62
5021	289.91
5022	289.41
5023	288.32001
5024	288.09
5025	287.84
5026	287.76001
5027	287.76001
5028	287.84
5029	287.85999
5030	288.51001
5031	288.79999
5032	289.32999
5033	289.91
5034	290.17999
5035	290.76999
5036	291.06
5037	291.63
5038	292.20999
5039	292.78
5040	292.78
5041	293.42999
5042	293.73999
5043	293.92999
5044	293.97
5045	293.98999
5046	294.03
5047	294.03
5048	294.32001
5049	294.54999
5050	294.57999
5051	294.76001
5052	295.06
5053	295.10001
5054	295.10001
5055	295.39001
5056	295.45001
5057	295.42999
5058	295.56
5059	295.81
5060	295.87
5061	295.79001
5062	295.73001
5063	295.64001
5064	295.62
5065	295.81
5066	295.87
5067	296.01999
5068	296.04001
5069	296.06
5070	296.06
5071	296.01999
5072	296.16
5073	296.25
5074	296.25
5075	296.31
5076	296.10001
5077	296.19
5078	296.31
5079	296.31
5080	296.44
5081	296.32999
5082	296.23001
5083	296.16
5084	296.19
5085	296.19
5086	296.19
5087	296.07999
5088	295.91
5089	295.85001
5090	295.82999
5091	295.87
5092	295.98001
5093	296.04001
5094	296.51999
5095	296.69
5096	296.64999
5097	296.5
5098	296.56
5099	296.57999
5100	296.51999
5101	296.32999
5102	296.42001
5103	296.67001
5104	296.51999
5105	296.48001
5106	296.51999
5107	296.60001
5108	296.44
5109	296.54001
5110	296.51999
5111	296.51999
5112	296.60001
5113	296.60001
5114	296.60001
5115	296.54001
5116	296.56
5117	296.67001
5118	296.67001
5119	296.92001
5120	296.85999
5121	296.89999
5122	296.75
5123	296.54001
5124	296.56
5125	296.56
5126	296.54001
5127	296.62
5128	296.69
5129	296.69
5130	296.64999
5131	296.56
5132	296.56
5133	296.69
5134	296.67001
5135	296.62
5136	296.75
5137	296.76999
5138	296.79001
5139	296.88
5140	296.85999
5141	296.76999
5142	296.82999
5143	296.75
5144	296.67001
5145	296.67001
5146	296.64999
5147	296.69
5148	296.73001
5149	296.85999
5150	296.85999
5151	297.01999
5152	296.85999
5153	296.82999
5154	296.67001
5155	296.70999
5156	296.88
5157	296.88
5158	297.06
5159	297.04001
5160	296.95999
5161	296.75
5162	296.67001
5163	296.62
5164	296.62
5165	296.79001
5166	296.70999
5167	296.67001
5168	296.54001
5169	296.5
5170	296.54001
5171	296.37
5172	296.39001
5173	296.45999
5174	296.56
5175	296.62
5176	296.69
5177	296.67001
5178	296.73001
5179	296.57999
5180	296.44
5181	296.60001
5182	296.70999
5183	296.70999
5184	296.57999
5185	296.5
5186	296.60001
5187	296.75
5188	296.85999
5189	296.85999
5190	296.73001
5191	296.75
5192	296.85999
5193	296.95999
5194	296.70999
5195	296.54001
5196	296.54001
5197	296.32999
5198	296.39001
5199	296.44
5200	296.64999
5201	296.88
5202	296.92001
5203	296.94
5204	296.85999
5205	296.88
5206	296.76999
5207	296.70999
5208	296.67001
5209	296.70999
5210	296.62
5211	296.23001
5212	296.23001
5213	296.37
5214	296.57999
5215	296.60001
5216	296.64999
5217	296.60001
5218	296.35001
5219	296.26999
5220	296.39001
5221	296.39001
5222	296.56
5223	296.56
5224	296.70999
5225	296.73001
5226	296.69
5227	296.62
5228	296.62
5229	296.57999
5230	296.67001
5231	296.69
5232	296.76999
5233	296.79001
5234	296.56
5235	296.56
5236	296.79001
5237	296.81
5238	296.75
5239	296.67001
5240	296.69
5241	296.64999
5242	296.62
5243	296.62
5244	296.56
5245	296.70999
5246	296.70999
5247	296.75
5248	296.76999
5249	296.85999
5250	296.88
5251	296.82999
5252	296.54001
5253	296.56
5254	296.51999
5255	296.5
5256	296.48001
5257	296.37
5258	296.31
5259	296.39001
5260	296.39001
5261	296.75
5262	296.79001
5263	296.76999
5264	296.81
5265	296.81
5266	296.73001
5267	296.73001
5268	296.48001
5269	296.42001
5270	296.45999
5271	296.54001
5272	296.57999
5273	296.56
5274	296.48001
5275	296.39001
5276	296.42001
5277	296.57999
5278	296.79001
5279	296.79001
5280	296.76999
5281	296.79001
5282	296.62
5283	296.69
5284	296.5
5285	296.19
5286	296.04001
5287	296.12
5288	296.25
5289	296.67001
5290	296.88
5291	296.69
5292	296.69
5293	296.5
5294	296.16
5295	296.12
5296	296.06
5297	296.07999
5298	296.88
5299	296.88
5300	297.89999
5301	298.20999
5302	298.26001
5303	298.38
5304	298.63
5305	298.89999
5306	298.89999
5307	299.28
5308	299.42999
5309	299.51001
5310	299.72
5311	299.85001
5312	299.97
5313	299.98999
5314	300.28
5315	300.41
5316	300.47
5317	300.35001
5318	300.45001
5319	300.48999
5320	300.60001
5321	300.81
5322	300.97
5323	301.29001
5324	301.39001
5325	301.39001
5326	301.41
5327	301.32999
5328	301.17999
5329	301.01999
5330	301.10001
5331	301.10001
5332	301.32999
5333	301.41
5334	301.29001
5335	301.29001
5336	301.35001
5337	300.97
5338	300.97
5339	301.07999
5340	301.29001
5341	301.29001
5342	301.29001
5343	301.23001
5344	301.23001
5345	301.26999
5346	300.95001
5347	301.01999
5348	300.89001
5349	300.72
5350	300.87
5351	300.87
5352	300.87
5353	301.04001
5354	301.10001
5355	301.01999
5356	300.89001
5357	300.82999
5358	300.70001
5359	300.62
5360	300.76999
5361	301.07999
5362	301.32999
5363	301.32999
5364	301.69
5365	301.54001
5366	301.42999
5367	301.20001
5368	301.10001
5369	301.29001
5370	301.29001
5371	301.26999
5372	301.17999
5373	301.14001
5374	301.17999
5375	300.91
5376	300.97
5377	300.97
5378	301.37
5379	301.56
5380	301.67001
5381	301.75
5382	301.48001
5383	301.31
5384	301.31
5385	301.48001
5386	301.51999
5387	301.56
5388	301.57999
5389	301.41
5390	301.23001
5391	301.14001
5392	301
5393	301.01999
5394	300.97
5395	301.06
5396	301.06
5397	300.82999
5398	300.66
5399	300.51001
5400	300.48999
5401	300.47
5402	300.47
5403	300.70001
5404	300.97
5405	300.95001
5406	301.20001
5407	301.57999
5408	301.98001
5409	301.98001
5410	301.57999
5411	301.45999
5412	301.54001
5413	301.70999
5414	301.70999
5415	301.73001
5416	301.85001
5417	301.51999
5418	301.42999
5419	301.29001
5420	301.17999
5421	301.23001
5422	301.16
5423	301.12
5424	300.97
5425	300.92999
5426	300.92999
5427	300.92999
5428	300.87
5429	300.81
5430	301.01999
5431	301.23001
5432	301.54001
5433	301.45999
5434	301.45999
5435	301.17999
5436	301.06
5437	301.06
5438	301.20001
5439	301.20001
5440	301.04001
5441	301.04001
5442	301.06
5443	300.87
5444	300.81
5445	300.76999
5446	300.81
5447	300.82999
5448	300.82999
5449	301
5450	300.91
5451	300.87
5452	300.81
5453	300.79001
5454	300.85001
5455	300.82999
5456	301.04001
5457	301.10001
5458	301.23001
5459	301.42999
5460	301.35001
5461	301.37
5462	301.37
5463	301.01999
5464	300.95001
5465	300.66
5466	300.72
5467	300.70001
5468	300.81
5469	300.79001
5470	300.64001
5471	300.48999
5472	300.76999
5473	300.76999
5474	300.07999
5475	299.54999
5476	299.32001
5477	298.79999
5478	298.79999
5479	298.72
5480	298.72
5481	298.39999
5482	298.39999
5483	298.51001
5484	298.72
5485	298.72
5486	298.34
5487	298.34
5488	297.57001
5489	297.06
5490	296.70999
5491	295.37
5492	293.54999
5493	292.69
5494	291.89999
5495	289.81
5496	289.32999
5497	288.62
5498	288.10999
5499	288.10999
5500	288.07001
5501	288.07001
5502	288.35999
5503	288.82001
5504	289.22
5505	289.70001
5506	289.76999
5507	290.10001
5508	290.35001
5509	290.64001
5510	290.92001
5511	291.45999
5512	291.45999
5513	292.07001
5514	292.32001
5515	292.42001
5516	292.64999
5517	293.03
5518	293.29999
5519	293.29999
5520	293.67999
5521	293.84
5522	294.01001
5523	294.48999
5524	294.78
5525	294.78
5526	294.78
5527	294.60001
5528	294.66
5529	294.76001
5530	294.92999
5531	294.98999
5532	294.98999
5533	294.97
5534	295.32999
5535	295.5
5536	295.66
5537	295.56
5538	295.51999
5539	295.62
5540	295.73001
5541	295.5
5542	295.32999
5543	295.47
5544	295.47
5545	295.66
5546	295.87
5547	295.87
5548	296
5549	295.92999
5550	296.01999
5551	296.01999
5552	296.10001
5553	296.07999
5554	296.12
5555	296.12
5556	296.16
5557	296.26999
5558	296.26999
5559	296.32999
5560	296.45999
5561	296.5
5562	296.42001
5563	296.25
5564	296.25
5565	296.23001
5566	296.25
5567	296.26999
5568	296.32999
5569	296.25
5570	296.29001
5571	296.5
5572	296.57999
5573	296.94
5574	296.79001
5575	296.62
5576	296.67001
5577	296.75
5578	296.92001
5579	296.82999
5580	296.88
5581	296.89999
5582	297
5583	297
5584	297.01999
5585	296.94
5586	296.95999
5587	296.75
5588	296.76999
5589	297.01999
5590	297.01999
5591	297.23001
5592	297.23001
5593	297.25
5594	297.25
5595	297.10999
5596	297.13
5597	297.06
5598	297
5599	296.94
5600	296.81
5601	296.88
5602	297.09
5603	297.13
5604	297.14999
5605	297.14999
5606	297.17001
5607	297.19
5608	297.14999
5609	297.17001
5610	297.10999
5611	297.04001
5612	296.75
5613	296.76999
5614	297.14999
5615	297.14999
5616	297.32001
5617	297.32001
5618	297.10999
5619	296.95999
5620	296.94
5621	296.75
5622	296.75
5623	296.82999
5624	297.01999
5625	297.04001
5626	296.98001
5627	297.10999
5628	297.20999
5629	297.20999
5630	297.14999
5631	297.06
5632	297.10999
5633	297.23001
5634	297.42001
5635	297.39999
5636	297.39999
5637	297.20999
5638	297.20999
5639	297.20999
5640	297.19
5641	297.06
5642	296.98001
5643	296.88
5644	296.75
5645	296.82999
5646	296.89999
5647	297.04001
5648	297.14999
5649	297
5650	296.94
5651	296.75
5652	296.75
5653	296.82999
5654	296.82999
5655	296.92001
5656	296.76999
5657	296.81
5658	296.73001
5659	296.45999
5660	296.51999
5661	296.51999
5662	296.75
5663	296.60001
5664	296.39001
5665	296.25
5666	296.29001
5667	296.35001
5668	296.35001
5669	296.51999
5670	296.62
5671	296.60001
5672	296.64999
5673	296.60001
5674	296.56
5675	296.51999
5676	296.62
5677	296.57999
5678	296.42001
5679	296.37
5680	296.35001
5681	296.44
5682	296.42001
5683	296.42001
5684	296.45999
5685	296.56
5686	296.56
5687	296.42001
5688	296.54001
5689	296.62
5690	296.73001
5691	296.85999
5692	296.79001
5693	296.79001
5694	296.79001
5695	297.04001
5696	297.06
5697	297.04001
5698	297.06
5699	297.10999
5700	297.10999
5701	297
5702	296.95999
5703	296.94
5704	296.81
5705	296.67001
5706	296.51999
5707	296.62
5708	296.95999
5709	297.04001
5710	296.89999
5711	296.70999
5712	296.62
5713	296.60001
5714	296.56
5715	296.48001
5716	296.54001
5717	296.54001
5718	296.60001
5719	296.67001
5720	296.5
5721	296.51999
5722	296.69
5723	296.82999
5724	296.98001
5725	296.98001
5726	296.98001
5727	296.81
5728	296.75
5729	296.64999
5730	296.69
5731	296.94
5732	296.94
5733	296.79001
5734	296.57999
5735	296.51999
5736	296.56
5737	296.79001
5738	296.92001
5739	296.92001
5740	297
5741	297
5742	296.98001
5743	297.01999
5744	296.92001
5745	296.88
5746	296.88
5747	296.64999
5748	296.62
5749	296.79001
5750	296.98001
5751	297.10999
5752	297
5753	296.85999
5754	296.51999
5755	296.31
5756	296.44
5757	296.64999
5758	296.76999
5759	296.98001
5760	296.98001
5761	296.92001
5762	296.88
5763	297.09
5764	297.09
5765	296.98001
5766	296.82999
5767	296.75
5768	296.60001
5769	296.73001
5770	296.81
5771	296.81
5772	297.79999
5773	298.54999
5774	298.84
5775	299.09
5776	298.97
5777	298.92999
5778	298.92999
5779	299.22
5780	299.41
5781	299.59
5782	299.41
5783	299.35999
5784	299.41
5785	299.51001
5786	299.59
5787	299.57001
5788	299.35999
5789	299.51001
5790	299.66
5791	299.62
5792	299.59
5793	299.34
5794	299.29999
5795	299.22
5796	299.22
5797	299.28
5798	299.32001
5799	299.34
5800	299.29999
5801	299.41
5802	299.35999
5803	299.35999
5804	299.10999
5805	298.97
5806	298.97
5807	298.88
5808	298.73999
5809	298.67001
5810	298.67001
5811	298.82001
5812	299.01001
5813	299.04999
5814	299.09
5815	299.03
5816	299.01001
5817	298.97
5818	299.03
5819	299.07001
5820	299.32001
5821	299.32001
5822	299.17999
5823	299.09
5824	299.17999
5825	299.35999
5826	299.35999
5827	299.32001
5828	299.16
5829	299.13
5830	299.34
5831	299.51001
5832	299.72
5833	299.82001
5834	299.76001
5835	299.76001
5836	299.73999
5837	299.66
5838	299.57001
5839	299.32001
5840	299.20001
5841	299.20001
5842	299.20001
5843	299.03
5844	299.13
5845	299.28
5846	299.54999
5847	299.78
5848	299.92999
5849	299.95001
5850	299.70001
5851	299.73999
5852	299.91
5853	299.85001
5854	299.82001
5855	299.66
5856	299.62
5857	299.59
5858	299.54999
5859	299.39001
5860	299.35999
5861	299.32001
5862	299.07001
5863	298.98999
5864	298.89999
5865	298.85999
5866	299.03
5867	299.03
5868	299.20001
5869	299.32001
5870	299.26001
5871	299.42999
5872	299.66
5873	299.64001
5874	299.64001
5875	299.53
5876	299.42999
5877	299.47
5878	299.32001
5879	299.54999
5880	299.91
5881	299.91
5882	300.16
5883	299.98999
5884	299.92999
5885	299.89001
5886	299.92999
5887	299.82001
5888	299.76001
5889	299.73999
5890	299.76001
5891	300.03
5892	300.32999
5893	300.39001
5894	300.32999
5895	300.22
5896	299.78
5897	299.54999
5898	299.34
5899	299.10999
5900	299.10999
5901	299.26001
5902	299.22
5903	299.35999
5904	299.53
5905	299.79999
5906	299.79999
5907	299.59
5908	299.59
5909	299.70001
5910	299.91
5911	299.85001
5912	299.66
5913	299.66
5914	299.39001
5915	299.23999
5916	299.20001
5917	298.97
5918	298.78
5919	298.73999
5920	298.85999
5921	299.32001
5922	299.59
5923	299.73999
5924	299.67999
5925	299.39001
5926	299.35999
5927	299.45001
5928	299.53
5929	299.64001
5930	299.53
5931	299.28
5932	299.32001
5933	299.45001
5934	299.41
5935	299.47
5936	299.62
5937	299.59
5938	299.59
5939	299.26001
5940	299.42999
5941	299.57001
5942	299.20001
5943	298.88
5944	299.17999
5945	299.17999
5946	299.91
5947	299.76001
5948	299.59
5949	299.16
5950	298.95001
5951	298.76001
5952	298.76001
5953	298.64999
5954	298.70001
5955	298.57001
5956	298.53
5957	298.54999
5958	298.64999
5959	298.72
5960	298.23999
5961	297.84
5962	297.06
5963	296.12
5964	294.91
5965	294.20001
5966	293.51001
5967	291.14999
5968	290.48001
5969	289.31
5970	288.34
5971	288.07001
5972	287.72
5973	287.64999
5974	287.98999
5975	288.32001
5976	288.59
5977	288.59
5978	289.07999
5979	289.51001
5980	289.62
5981	290.17999
5982	290.56
5983	290.94
5984	290.94
5985	291.54001
5986	292.04999
5987	292.19
5988	292.44
5989	292.70999
5990	292.82001
5991	292.84
5992	293.20001
5993	293.38
5994	293.48999
5995	293.67999
5996	293.67999
5997	293.59
5998	293.54999
5999	294.01001
6000	294.17999
6001	294.41
6002	294.60001
6003	294.62
6004	294.60001
6005	294.60001
6006	294.73999
6007	294.67999
6008	294.72
6009	294.81
6010	294.95001
6011	295.01001
6012	295.01001
6013	294.89001
6014	295.07999
6015	295.10001
6016	295.10001
6017	295.12
6018	295.06
6019	294.97
6020	295.07999
6021	294.91
6022	294.95001
6023	294.95001
6024	295.01001
6025	294.91
6026	294.89001
6027	295.04001
6028	295.29001
6029	295.23999
6030	295.07999
6031	295.20001
6032	295.23999
6033	295.29001
6034	295.14001
6035	295.17999
6036	295.29001
6037	295.39001
6038	295.57999
6039	295.64001
6040	295.51999
6041	295.42999
6042	295.47
6043	295.56
6044	295.62
6045	295.67999
6046	295.75
6047	295.82999
6048	295.82999
6049	295.95999
6050	295.91
6051	295.87
6052	295.95999
6053	296.06
6054	296.01999
6055	296.01999
6056	295.92999
6057	295.82999
6058	295.76999
6059	295.66
6060	295.79001
6061	296.04001
6062	296.04001
6063	296.35001
6064	296.45999
6065	296.44
6066	296.35001
6067	296.12
6068	296.07999
6069	296.07999
6070	296.10001
6071	296.16
6072	296.14001
6073	296.26999
6074	296.20999
6075	296.20999
6076	296.23001
6077	296.26999
6078	296.26999
6079	296.29001
6080	296.23001
6081	296.26999
6082	296.20999
6083	296.25
6084	296.23001
6085	296.10001
6086	296.19
6087	296.19
6088	296.23001
6089	296.10001
6090	296
6091	296.04001
6092	296
6093	295.98001
6094	295.98001
6095	295.79001
6096	295.67999
6097	295.57999
6098	295.57999
6099	295.91
6100	295.95999
6101	295.91
6102	295.92999
6103	295.89001
6104	295.89001
6105	296.04001
6106	296
6107	295.98001
6108	295.92999
6109	295.91
6110	295.87
6111	295.82999
6112	295.89001
6113	295.95999
6114	296.12
6115	296.10001
6116	295.95999
6117	295.82999
6118	295.95999
6119	295.95999
6120	296.25
6121	296.26999
6122	296.23001
6123	296.29001
6124	296.14001
6125	295.91
6126	295.91
6127	295.73001
6128	295.73001
6129	295.70001
6130	295.51999
6131	295.56
6132	295.70001
6133	295.70001
6134	295.95999
6135	296.01999
6136	296.10001
6137	296.04001
6138	296.14001
6139	296.23001
6140	296.19
6141	296.45999
6142	296.5
6143	296.60001
6144	296.54001
6145	296.45999
6146	296.44
6147	296.42001
6148	296.35001
6149	296.35001
6150	296.32999
6151	296.29001
6152	296.25
6153	295.89001
6154	295.79001
6155	295.73001
6156	295.82999
6157	296.07999
6158	296.07999
6159	296.16
6160	296.29001
6161	296.39001
6162	296.32999
6163	296.31
6164	296.16
6165	296.16
6166	296.06
6167	295.98001
6168	295.91
6169	296.10001
6170	296.19
6171	296.19
6172	296.19
6173	295.92999
6174	295.82999
6175	295.91
6176	296.01999
6177	296.25
6178	296.35001
6179	296.37
6180	296.16
6181	296.19
6182	296.12
6183	296.16
6184	296.16
6185	296.10001
6186	296.12
6187	295.98001
6188	295.98001
6189	295.98001
6190	295.98001
6191	296.04001
6192	296.14001
6193	296.23001
6194	296.39001
6195	296.25
6196	296.16
6197	296.16
6198	296
6199	295.87
6200	295.98001
6201	296
6202	296.12
6203	296.23001
6204	296.23001
6205	296.10001
6206	296.14001
6207	296.14001
6208	296.16
6209	296.16
6210	296.23001
6211	296.29001
6212	296.12
6213	296.04001
6214	296.01999
6215	296.14001
6216	296.39001
6217	296.45999
6218	296.39001
6219	296.29001
6220	296.29001
6221	296.06
6222	296.16
6223	296.07999
6224	295.98001
6225	296.12
6226	296.32999
6227	296.42001
6228	296.5
6229	296.5
6230	296.82999
6231	296.70999
6232	296.69
6233	296.70999
6234	296.54001
6235	296.51999
6236	296.51999
6237	296.37
6238	296.20999
6239	296.14001
6240	295.91
6241	295.76999
6242	295.75
6243	295.89001
6244	296.5
6245	297.14999
6246	297.35999
6247	297.60999
6248	297.69
6249	297.75
6250	297.70999
6251	297.44
6252	297.25
6253	297.09
6254	297.13
6255	297.34
6256	297.94
6257	298.09
6258	298.10999
6259	298.32001
6260	298.35999
6261	298.48999
6262	298.76001
6263	298.95001
6264	299.03
6265	299.16
6266	299.28
6267	299.41
6268	299.41
6269	299.45001
6270	299.20001
6271	299.04999
6272	298.82001
6273	298.57001
6274	298.78
6275	298.78
6276	298.82001
6277	298.85999
6278	298.92999
6279	298.89999
6280	298.97
6281	298.78
6282	298.70001
6283	298.32001
6284	298.26001
6285	298.32001
6286	298.47
6287	298.54999
6288	298.67001
6289	298.64999
6290	298.47
6291	298.42001
6292	298.44
6293	298.51001
6294	298.35999
6295	298.19
6296	298.10999
6297	298.35999
6298	298.39999
6299	298.29999
6300	298.29999
6301	298.26001
6302	298.44
6303	298.53
6304	298.48999
6305	298.72
6306	298.64999
6307	298.64999
6308	298.59
6309	298.60999
6310	298.47
6311	298.20999
6312	298.28
6313	298.76001
6314	298.76001
6315	299.10999
6316	298.92999
6317	298.85999
6318	298.95001
6319	299.09
6320	299.10999
6321	298.97
6322	298.63
6323	298.38
6324	298.13
6325	298.17001
6326	298.20999
6327	298.42001
6328	298.54999
6329	298.76001
6330	298.98999
6331	299.10999
6332	299.20001
6333	299.17999
6334	299.16
6335	299.16
6336	299.04999
6337	299.32001
6338	299.54999
6339	299.54999
6340	299.66
6341	299.57001
6342	299.51001
6343	299.45001
6344	299.45001
6345	299.35999
6346	299.35999
6347	299.10999
6348	299.10999
6349	299.10999
6350	299.01001
6351	298.85999
6352	298.73999
6353	298.82001
6354	299.01001
6355	299.09
6356	299.22
6357	299.10999
6358	299.16
6359	299.17999
6360	299.17999
6361	298.89999
6362	298.76001
6363	298.64999
6364	298.72
6365	298.85999
6366	299.07001
6367	299.13
6368	299.09
6369	299.32001
6370	299.51001
6371	299.51001
6372	299.72
6373	299.64001
6374	299.53
6375	299.22
6376	299.10999
6377	299.28
6378	299.28
6379	299.26001
6380	299.17999
6381	299.13
6382	299.09
6383	298.97
6384	298.82001
6385	298.82001
6386	298.60999
6387	298.85999
6388	299.09
6389	299.17999
6390	298.97
6391	298.79999
6392	298.57001
6393	298.23999
6394	298.34
6395	298.59
6396	298.89999
6397	298.98999
6398	299.09
6399	299.10999
6400	299.09
6401	299.17999
6402	299.17999
6403	299.01001
6404	298.89999
6405	298.60999
6406	298.54999
6407	298.26001
6408	298.17001
6409	298.07001
6410	298.07001
6411	298.09
6412	298.42001
6413	298.44
6414	298.59
6415	298.67001
6416	298.35999
6417	298.35999
6418	298.78
6419	299.10999
6420	299.16
6421	298.85999
6422	298.57001
6423	298.53
6424	298.51001
6425	298.17001
6426	297.98001
6427	297.98001
6428	297.84
6429	297.88
6430	297.92001
6431	297.94
6432	298.09
6433	298.01001
6434	297.69
6435	297.09
6436	296.32999
6437	295.91
6438	295.39001
6439	293.60999
6440	291.73001
6441	290.14001
6442	290.14001
6443	288.53
6444	287.92999
6445	287.73999
6446	287.38
6447	287.35999
6448	287.28
6449	287.28
6450	287.67001
6451	288.13
6452	288.35999
6453	288.73999
6454	289.12
6455	289.62
6456	289.62
6457	290.5
6458	290.79001
6459	291
6460	291.42001
6461	291.63
6462	291.70999
6463	291.88
6464	292.38
6465	292.53
6466	292.69
6467	293.13
6468	293.28
6469	293.51001
6470	293.57001
6471	293.66
6472	293.72
6473	293.79999
6474	293.95001
6475	294.03
6476	294.17999
6477	294.28
6478	294.47
6479	294.35001
6480	294.29999
6481	294.29999
6482	294.29999
6483	294.29999
6484	294.42999
6485	294.72
6486	294.92999
6487	294.91
6488	294.91
6489	294.82999
6490	294.82999
6491	294.92999
6492	294.97
6493	294.97
6494	295.04001
6495	295.14001
6496	295.26999
6497	295.29001
6498	295.31
6499	295.26999
6500	295.32999
6501	295.26999
6502	295.22
6503	295.35001
6504	295.26999
6505	295.23999
6506	295.06
6507	294.98999
6508	294.89001
6509	294.87
6510	295.01001
6511	295.07999
6512	295.26999
6513	295.42999
6514	295.47
6515	295.5
6516	295.51999
6517	295.39001
6518	295.39001
6519	295.22
6520	295.22
6521	295.20001
6522	295.16
6523	295.06
6524	295.14001
6525	295.29001
6526	295.29001
6527	295.29001
6528	295.47
6529	295.60001
6530	295.60001
6531	295.64001
6532	295.60001
6533	295.57999
6534	295.54001
6535	295.62
6536	295.57999
6537	295.66
6538	295.60001
6539	295.64001
6540	295.76999
6541	295.82999
6542	295.91
6543	295.85001
6544	295.85001
6545	295.92999
6546	295.89001
6547	295.76999
6548	295.70001
6549	295.66
6550	295.66
6551	295.73001
6552	295.73001
6553	295.85001
6554	295.89001
6555	295.82999
6556	295.67999
6557	295.60001
6558	295.54001
6559	295.54001
6560	295.54001
6561	295.5
6562	295.60001
6563	295.57999
6564	295.73001
6565	295.81
6566	295.87
6567	295.92999
6568	295.92999
6569	295.82999
6570	295.79001
6571	295.76999
6572	295.75
6573	295.75
6574	295.60001
6575	295.62
6576	295.62
6577	295.64001
6578	295.70001
6579	295.67999
6580	295.73001
6581	295.70001
6582	295.75
6583	295.89001
6584	295.76999
6585	295.82999
6586	295.75
6587	295.76999
6588	295.67999
6589	295.76999
6590	295.76999
6591	295.76999
6592	295.89001
6593	295.95999
6594	296.07999
6595	296.06
6596	295.92999
6597	295.67999
6598	295.67999
6599	295.60001
6600	295.57999
6601	295.56
6602	295.85001
6603	295.79001
6604	295.67999
6605	295.60001
6606	295.57999
6607	295.54001
6608	295.56
6609	295.73001
6610	295.87
6611	295.67999
6612	295.64001
6613	295.60001
6614	295.67999
6615	295.76999
6616	295.81
6617	295.81
6618	295.89001
6619	295.82999
6620	295.66
6621	295.39001
6622	295.41
6623	295.41
6624	295.56
6625	295.73001
6626	295.76999
6627	295.79001
6628	295.81
6629	295.82999
6630	295.82999
6631	295.60001
6632	295.5
6633	295.47
6634	295.39001
6635	295.35001
6636	295.39001
6637	295.39001
6638	295.57999
6639	295.76999
6640	295.85001
6641	295.76999
6642	295.66
6643	295.54001
6644	295.60001
6645	295.73001
6646	295.82999
6647	295.79001
6648	295.85001
6649	295.81
6650	295.82999
6651	295.76999
6652	295.64001
6653	295.47
6654	295.45001
6655	295.67999
6656	295.62
6657	295.66
6658	295.79001
6659	295.75
6660	295.66
6661	295.64001
6662	295.64001
6663	295.51999
6664	295.66
6665	295.73001
6666	295.79001
6667	295.64001
6668	295.64001
6669	295.64001
6670	295.89001
6671	296
6672	296.06
6673	296.10001
6674	295.98001
6675	296
6676	295.98001
6677	296
6678	295.92999
6679	295.95999
6680	295.98001
6681	296.01999
6682	296.01999
6683	296.01999
6684	296.16
6685	296.12
6686	295.95999
6687	295.95999
6688	296
6689	295.95999
6690	295.91
6691	295.79001
6692	295.70001
6693	295.62
6694	295.62
6695	295.75
6696	295.66
6697	295.62
6698	295.66
6699	295.67999
6700	295.57999
6701	295.57999
6702	295.57999
6703	295.47
6704	295.42999
6705	295.31
6706	295.54001
6707	295.57999
6708	295.57999
6709	295.37
6710	295.32999
6711	295.17999
6712	295.01001
6713	295.10001
6714	295.01001
6715	294.89001
6716	294.97
6717	295.32999
6718	296.04001
6719	296.73001
6720	296.89999
6721	297.13
6722	296.98001
6723	296.51999
6724	296.57999
6725	296.79001
6726	296.98001
6727	297.06
6728	297.23001
6729	297.23001
6730	297.20999
6731	297.23001
6732	297.14999
6733	297.14999
6734	297.34
6735	297.64999
6736	297.79999
6737	298.03
6738	298.19
6739	298.26001
6740	298.26001
6741	298.28
6742	298.32001
6743	298.35999
6744	298.64999
6745	298.85999
6746	298.92999
6747	299.03
6748	299.09
6749	299.01001
6750	298.98999
6751	298.98999
6752	298.97
6753	298.85999
6754	298.84
6755	298.85999
6756	298.92999
6757	299.10999
6758	299.28
6759	299.34
6760	299.26001
6761	299.22
6762	299.42999
6763	299.72
6764	299.78
6765	299.78
6766	299.03
6767	299.07001
6768	299.04999
6769	299.13
6770	299.26001
6771	299.35999
6772	299.35999
6773	299.72
6774	299.76001
6775	299.67999
6776	299.42999
6777	299.26001
6778	299.35999
6779	299.35999
6780	299.34
6781	299.09
6782	299.03
6783	298.97
6784	298.95001
6785	298.92999
6786	298.82001
6787	298.63
6788	298.60999
6789	298.47
6790	298.42001
6791	298.35999
6792	298.47
6793	298.59
6794	298.92999
6795	298.92999
6796	298.70001
6797	298.57001
6798	298.47
6799	298.32001
6800	298.38
6801	298.54999
6802	298.53
6803	298.63
6804	298.63
6805	299.26001
6806	299.34
6807	299.39001
6808	299.34
6809	299.23999
6810	299.48999
6811	299.48999
6812	300.07999
6813	300.42999
6814	300.37
6815	299.98999
6816	299.54999
6817	299.04999
6818	299.04999
6819	298.57001
6820	298.57001
6821	298.64999
6822	298.67001
6823	298.39999
6824	298.20999
6825	298.01001
6826	297.82001
6827	297.89999
6828	298.26001
6829	298.42001
6830	298.48999
6831	298.32001
6832	298.13
6833	297.98001
6834	298.04999
6835	298.13
6836	298.10999
6837	298.07001
6838	298.14999
6839	298.23999
6840	298.38
6841	298.29999
6842	298.20999
6843	298.20999
6844	298.47
6845	298.72
6846	298.67001
6847	298.51001
6848	298.35999
6849	298.17001
6850	298.17001
6851	298.04999
6852	298.04999
6853	298.09
6854	298.44
6855	298.42001
6856	298.39999
6857	298.39999
6858	298.20999
6859	298.32001
6860	298.42001
6861	298.72
6862	298.78
6863	298.67001
6864	298.59
6865	298.63
6866	298.57001
6867	298.63
6868	298.60999
6869	298.51001
6870	298.53
6871	298.63
6872	298.73999
6873	298.44
6874	297.85999
6875	297.85999
6876	297.78
6877	297.84
6878	297.88
6879	297.95999
6880	297.95999
6881	297.85999
6882	297.85999
6883	297.70999
6884	297.79999
6885	297.73001
6886	297.78
6887	297.85999
6888	297.95999
6889	297.95999
6890	297.94
6891	298.19
6892	298.38
6893	298.59
6894	298.38
6895	298.23999
6896	298.09
6897	297.95999
6898	297.94
6899	298.01001
6900	297.94
6901	297.95999
6902	297.92001
6903	297.89999
6904	298.09
6905	298.19
6906	298.01001
6907	297.42001
6908	297.17001
6909	296.67001
6910	296.39001
6911	295.47
6912	294.07001
6913	292.29999
6914	292.29999
6915	289.62
6916	288.34
6917	287.82001
6918	287.10999
6919	286.79999
6920	286.70999
6921	286.70999
6922	287.23999
6923	287.54999
6924	287.78
6925	288.13
6926	288.53
6927	288.67999
6928	288.85001
6929	289.56
6930	289.79001
6931	290.37
6932	291.10001
6933	291.48001
6934	291.67001
6935	291.89999
6936	292.42001
6937	292.53
6938	292.60999
6939	292.59
6940	292.69
6941	292.84
6942	292.89999
6943	293.03
6944	293.04999
6945	293.01001
6946	293.01001
6947	293.35999
6948	293.73999
6949	293.91
6950	293.91
6951	293.84
6952	293.76001
6953	293.76001
6954	293.95001
6955	293.98999
6956	293.85999
6957	293.73999
6958	293.92999
6959	294.17999
6960	294.17999
6961	294.48999
6962	294.51001
6963	294.54999
6964	294.60001
6965	294.57999
6966	294.48999
6967	294.53
6968	294.72
6969	294.81
6970	294.95001
6971	294.91
6972	294.91
6973	295.01001
6974	295.06
6975	295.06
6976	295.07999
6977	294.98999
6978	295.14001
6979	295.17999
6980	295.29001
6981	295.26999
6982	295.47
6983	295.47
6984	295.47
6985	295.47
6986	295.64001
6987	295.67999
6988	295.75
6989	295.67999
6990	295.70001
6991	295.73001
6992	295.73001
6993	295.82999
6994	295.91
6995	295.91
6996	296.19
6997	296.29001
6998	296.26999
6999	296.25
7000	296.16
7001	296.25
7002	296.19
7003	296.07999
7004	296.10001
7005	296.14001
7006	296.10001
7007	296.04001
7008	296.07999
7009	295.95999
7010	295.89001
7011	296.01999
7012	296.16
7013	296.16
7014	296.32999
7015	296.32999
7016	296.19
7017	296.14001
7018	296.19
7019	296.29001
7020	296.29001
7021	296.20999
7022	296.12
7023	295.87
7024	295.87
7025	295.92999
7026	296.10001
7027	296.16
7028	296.04001
7029	295.91
7030	295.75
7031	295.75
7032	295.82999
7033	296.04001
7034	296.14001
7035	296.31
7036	296.35001
7037	296.26999
7038	296.26999
7039	296.19
7040	296.14001
7041	296.14001
7042	296.20999
7043	296.20999
7044	295.89001
7045	295.89001
7046	295.98001
7047	296.06
7048	296
7049	296.10001
7050	296.19
7051	295.89001
7052	295.85001
7053	295.82999
7054	296.04001
7055	296
7056	296
7057	295.95999
7058	296
7059	296.12
7060	296.31
7061	296.42001
7062	296.20999
7063	296.20999
7064	296.01999
7065	296.10001
7066	296.12
7067	296.10001
7068	296.12
7069	296.12
7070	296.12
7071	296
7072	295.29001
7073	294.70001
7074	294.87
7075	296.01999
7076	296.60001
7077	296.95999
7078	295.45001
7079	294.62
7080	293.03
7081	291.35001
7082	290.64001
7083	288.95001
7084	288.22
7085	286.69
7086	285.35001
7087	284.12
7088	282.76001
7089	282.38
7090	283.78
7091	285.56
7092	290.04001
7093	293.48999
7094	295.51999
7095	295.51999
7096	294.66
7097	293.84
7098	293.51001
7099	292.59
7100	293.54999
7101	295.57999
7102	295.57999
7103	297.59
7104	298.26001
7105	298.53
7106	299.09
7107	299.64001
7108	299.82001
7109	299.97
7110	300.39001
7111	300.51001
7112	300.66
7113	300.72
7114	300.62
7115	300.45001
7116	300.20001
7117	299.16
7118	298.84
7119	297.94
7120	297