1	332.50001
2	332.39999
3	332.39999
4	332.39999
5	332.39999
6	332.6
7	332.8
8	332.8
9	332.89999
10	333.09999
11	332.89999
12	332.89999
13	332.8
14	333
15	333.09999
16	333.20001
17	333.40001
18	333.20001
19	333.09999
20	333.09999
21	333
22	332.89999
23	332.8
24	332.89999
25	332.8
26	332.89999
27	332.8
28	332.8
29	332.89999
30	332.89999
31	333.09999
32	333.20001
33	333.09999
34	332.8
35	332.89999
36	332.8
37	332.8
38	332.70001
39	332.70001
40	332.8
41	332.8
42	332.8
43	333
44	333.09999
45	333.09999
46	332.89999
47	332.89999
48	332.70001
49	332.70001
50	332.50001
51	332.70001
52	332.50001
53	332.6
54	332.39999
55	332.70001
56	332.70001
57	332.89999
58	332.8
59	333.40001
60	333.29999
61	333.40001
62	333.09999
63	333.09999
64	333
65	333.09999
66	333.09999
67	332.89999
68	332.8
69	332.89999
70	332.89999
71	333.09999
72	333.09999
73	333.09999
74	332.89999
75	333
76	333.09999
77	333
78	332.89999
79	333.09999
80	332.89999
81	333.09999
82	333.09999
83	333.09999
84	333
85	333.09999
86	333.20001
87	333.09999
88	333.09999
89	333.29999
90	333.40001
91	333.09999
92	333.20001
93	333
94	332.8
95	333.09999
96	332.89999
97	333.09999
98	333.7
99	334.30001
100	334.30001
101	334.8
102	335.20001
103	335.5
104	335.79999
105	336.2
106	336.29999
107	336.49999
108	336.69999
109	337.59999
110	338.2
111	339.39999
112	339.6
113	340.7
114	341.10001
115	341.69999
116	342.3
117	342.90001
118	343.69999
119	343.69999
120	344.39999
121	344.70001
122	345
123	345.2
124	345.09999
125	345.40001
126	345.7
127	345.9
128	345.9
129	346.30001
130	346.30001
131	346.30001
132	346.30001
133	346.50001
134	346.30001
135	346.50001
136	346.30001
137	346.50001
138	346.39999
139	346.39999
140	346.39999
141	346.50001
142	346.30001
143	346.30001
144	346.6
145	346.50001
146	346.50001
147	346.6
148	346.70001
149	346.50001
150	346.6
151	346.39999
152	346.6
153	346.50001
154	346.6
155	346.6
156	346.6
157	346.6
158	346.70001
159	346.8
160	346.89999
161	346.89999
162	346.89999
163	346.6
164	346.6
165	346.6
166	346.6
167	346.39999
168	346.6
169	346.70001
170	346.89999
171	346.70001
172	346.70001
173	347
174	347
175	347.20001
176	347.20001
177	347.09999
178	347
179	347.29999
180	347.09999
181	347.29999
182	347.29999
183	347.60001
184	347.5
185	347.60001
186	347.29999
187	347.29999
188	347.20001
189	347.29999
190	347.29999
191	347.29999
192	347.40001
193	347.29999
194	347.60001
195	347.20001
196	347.29999
197	347.29999
198	347.5
199	347.60001
200	347.60001
201	347.9
202	347.9
203	347.79999
204	347.79999
205	347.60001
206	347.60001
207	347.7
208	347.60001
209	347.60001
210	347.79999
211	347.60001
212	347.60001
213	347.60001
214	347.40001
215	347.29999
216	347.5
217	347.5
218	347.29999
219	347.29999
220	347.40001
221	347.40001
222	347.29999
223	347.29999
224	347.29999
225	347.29999
226	347.09999
227	347.29999
228	347.20001
229	347.09999
230	346.89999
231	347
232	346.89999
233	347.09999
234	347.20001
235	347.20001
236	347.29999
237	347.40001
238	347.40001
239	347.29999
240	347.29999
241	347.29999
242	347.29999
243	347.40001
244	347.29999
245	347.29999
246	347
247	347.09999
248	347.29999
249	347.09999
250	347.20001
251	347.09999
252	347
253	347.20001
254	347.29999
255	346.89999
256	346.89999
257	346.8
258	346.39999
259	346.70001
260	346.8
261	346.89999
262	347.09999
263	347.20001
264	347.09999
265	346.70001
266	346.8
267	346.39999
268	346.30001
269	346.30001
270	346.6
271	346.6
272	346.6
273	346.89999
274	346.89999
275	346.6
276	346.30001
277	345.9
278	345.7
279	345.60001
280	345.49999
281	345.40001
282	345.60001
283	345.80001
284	345.60001
285	345.40001
286	345
287	343.69999
288	342.90001
289	340.29999
290	337.59999
291	334.30001
292	332.6
293	328.20001
294	323.39999
295	319.00001
296	317.09999
297	313.69999
298	311.10001
299	310.20001
300	308.60001
301	307.70001
302	307.90001
303	308
304	308.49999
305	309.39999
306	310.5
307	311.10001
308	312.09999
309	313.4
310	314.5
311	315
312	316.00001
313	317
314	317.9
315	318.30001
316	319.20001
317	320.10001
318	320.80001
319	321.3
320	322.10001
321	322.69999
322	323.1
323	323.50001
324	324.09999
325	324.40001
326	324.7
327	325.1
328	325.30001
329	325.8
330	326.00001
331	326.5
332	326.90001
333	326.99999
334	327.2
335	327.30001
336	327.6
337	327.89999
338	327.89999
339	328.3
340	328.39999
341	328.59999
342	328.70001
343	328.90001
344	329
345	328.79999
346	329
347	329
348	329.29999
349	329.2
350	329.2
351	329.29999
352	329.49999
353	329.49999
354	329.69999
355	329.60001
356	329.9
357	329.9
358	329.9
359	330.00001
360	330.1
361	330.00001
362	329.9
363	330.19999
364	330.19999
365	330.1
366	330.19999
367	330.19999
368	330.19999
369	330.19999
370	330.50001
371	330.59999
372	330.70001
373	330.8
374	331.09999
375	330.90001
376	330.8
377	330.59999
378	330.70001
379	330.59999
380	331
381	330.8
382	331.40001
383	331.49999
384	331.49999
385	331.49999
386	331.7
387	331.60001
388	331.49999
389	331.80001
390	331.60001
391	331.80001
392	331.60001
393	331.7
394	331.7
395	331.7
396	331.80001
397	331.49999
398	331.40001
399	331.29999
400	331.29999
401	331.49999
402	331.29999
403	331.49999
404	331.49999
405	331.49999
406	331.60001
407	331.49999
408	331.49999
409	331.40001
410	331.49999
411	331.49999
412	331.7
413	331.49999
414	331.29999
415	331.29999
416	331.40001
417	331.49999
418	331.7
419	331.80001
420	331.49999
421	331.80001
422	331.49999
423	331.7
424	331.7
425	331.60001
426	331.7
427	331.60001
428	331.80001
429	331.7
430	331.7
431	331.9
432	331.9
433	332.39999
434	331.99999
435	331.80001
436	331.80001
437	331.80001
438	331.80001
439	331.80001
440	331.80001
441	331.80001
442	332.30001
443	331.99999
444	332.1
445	332.1
446	332.1
447	331.80001
448	331.80001
449	331.9
450	331.9
451	331.80001
452	331.80001
453	331.7
454	331.80001
455	331.7
456	331.60001
457	331.80001
458	331.7
459	331.80001
460	331.80001
461	331.80001
462	331.80001
463	331.80001
464	331.7
465	331.60001
466	331.7
467	331.60001
468	331.7
469	331.49999
470	331.49999
471	331.80001
472	332.1
473	331.9
474	332.1
475	331.80001
476	331.9
477	331.9
478	332.1
479	331.99999
480	332.1
481	332.1
482	331.80001
483	331.60001
484	331.7
485	331.60001
486	331.7
487	331.60001
488	331.60001
489	331.7
490	331.9
491	331.7
492	331.7
493	331.9
494	331.9
495	331.80001
496	331.80001
497	331.99999
498	332.1
499	332.1
500	332.19999
501	332.39999
502	332.19999
503	332.30001
504	332.1
505	332.19999
506	332.1
507	332.1
508	331.80001
509	331.99999
510	331.80001
511	331.99999
512	331.9
513	331.80001
514	332.1
515	331.80001
516	331.60001
517	331.40001
518	331.49999
519	331.49999
520	331.60001
521	331.60001
522	331.7
523	331.80001
524	331.7
525	331.99999
526	332.1
527	331.9
528	331.99999
529	331.9
530	331.9
531	332.1
532	332.19999
533	331.99999
534	331.99999
535	332.1
536	332.30001
537	332.30001
538	331.99999
539	331.99999
540	332.1
541	331.80001
542	332.1
543	331.9
544	332.1
545	332.1
546	332.1
547	331.99999
548	331.99999
549	332.1
550	332.1
551	332.1
552	332.1
553	331.99999
554	331.99999
555	332.1
556	332.1
557	332.1
558	332.30001
559	332.1
560	332.30001
561	332.1
562	332.1
563	331.9
564	332.1
565	331.9
566	331.80001
567	331.80001
568	331.80001
569	331.9
570	331.99999
571	332.19999
572	332.50001
573	333
574	333.40001
575	333.7
576	333.99999
577	334.30001
578	334.69999
579	334.8
580	335.5
581	336.29999
582	337.1
583	337.70001
584	338.60001
585	339.6
586	340.40001
587	340.79999
588	341.4
589	342.09999
590	342.7
591	342.99999
592	343.4
593	343.80001
594	344.00001
595	344.39999
596	344.50001
597	344.59999
598	344.8
599	344.70001
600	344.90001
601	344.90001
602	344.90001
603	345
604	345.2
605	345.2
606	345.29999
607	345.2
608	345
609	345.09999
610	345.2
611	345.29999
612	345.29999
613	345.09999
614	345.09999
615	345.29999
616	345.40001
617	345.60001
618	345.49999
619	345.9
620	345.9
621	345.99999
622	345.99999
623	345.99999
624	346.1
625	346.1
626	345.99999
627	345.80001
628	345.9
629	345.99999
630	345.9
631	346.1
632	345.99999
633	346.1
634	346.1
635	346.19999
636	346.1
637	346.19999
638	346.19999
639	345.80001
640	345.99999
641	346.1
642	345.9
643	345.60001
644	345.7
645	345.99999
646	345.99999
647	346.30001
648	346.30001
649	346.30001
650	346.30001
651	346.30001
652	346.50001
653	346.39999
654	346.50001
655	346.6
656	346.6
657	346.70001
658	346.39999
659	346.30001
660	346.39999
661	346.39999
662	346.19999
663	345.99999
664	345.99999
665	346.19999
666	346.1
667	346.30001
668	346.30001
669	346.70001
670	346.70001
671	346.8
672	346.8
673	346.89999
674	347
675	347.09999
676	346.89999
677	347
678	347.20001
679	346.89999
680	347.20001
681	347.20001
682	347.5
683	347.40001
684	347.40001
685	347.40001
686	347.29999
687	347.29999
688	347.09999
689	347.09999
690	347.09999
691	347.20001
692	347.09999
693	347
694	347
695	347.20001
696	347
697	347
698	347.09999
699	347.09999
700	347
701	346.89999
702	346.89999
703	346.89999
704	347
705	347.20001
706	347
707	346.89999
708	346.8
709	346.70001
710	346.6
711	346.89999
712	347
713	347
714	347.20001
715	347.29999
716	347.29999
717	347.20001
718	347.29999
719	347.60001
720	347.29999
721	347.40001
722	347.5
723	347.60001
724	347.40001
725	347.60001
726	347.5
727	347.29999
728	347.29999
729	346.89999
730	346.89999
731	347.09999
732	347.29999
733	347.20001
734	346.89999
735	347
736	346.89999
737	346.8
738	346.70001
739	346.89999
740	346.89999
741	347
742	347.09999
743	347.20001
744	347.20001
745	347.5
746	347.7
747	347.60001
748	347.60001
749	346.89999
750	346.6
751	346.39999
752	346.30001
753	345.99999
754	345.80001
755	345.9
756	345.80001
757	345.7
758	345.80001
759	345.60001
760	345.09999
761	343.2
762	340.29999
763	338.60001
764	334.8
765	330.19999
766	326.09999
767	323.8
768	320.4
769	316.70001
770	313.89999
771	312.7
772	310.79999
773	309.6
774	308.9
775	308.80001
776	309.19999
777	309.8
778	310.60001
779	310.9
780	312.09999
781	313.10001
782	313.69999
783	315.10001
784	316.00001
785	317.20001
786	317.9
787	318.69999
788	319.5
789	320.2
790	320.69999
791	321.5
792	322.10001
793	322.80001
794	323.1
795	323.8
796	324.2
797	324.80001
798	324.99999
799	325.30001
800	325.70001
801	325.89999
802	326.09999
803	326.40001
804	326.7
805	326.7
806	326.99999
807	327.30001
808	327.6
809	327.80001
810	328.1
811	328.3
812	328.70001
813	328.70001
814	328.90001
815	328.90001
816	329.2
817	329.2
818	329.4
819	329.2
820	329.49999
821	329.60001
822	330.1
823	330.1
824	329.9
825	329.9
826	330.19999
827	330.19999
828	330.19999
829	330.1
830	330.3
831	330.19999
832	330.19999
833	330.59999
834	330.70001
835	330.70001
836	330.70001
837	330.59999
838	330.8
839	330.8
840	331
841	331.2
842	331.2
843	331.2
844	331.2
845	331.40001
846	331.40001
847	331.49999
848	331.40001
849	331.49999
850	331.49999
851	331.49999
852	331.7
853	331.80001
854	331.80001
855	331.7
856	331.9
857	331.99999
858	331.7
859	331.7
860	331.60001
861	331.80001
862	331.80001
863	331.80001
864	331.7
865	331.80001
866	331.7
867	331.80001
868	331.99999
869	331.80001
870	331.80001
871	331.9
872	332.1
873	331.9
874	332.1
875	331.99999
876	332.19999
877	332.30001
878	332.1
879	332.1
880	332.39999
881	332.50001
882	332.6
883	332.50001
884	332.6
885	332.50001
886	332.39999
887	332.30001
888	332.70001
889	332.39999
890	332.39999
891	332.19999
892	332.39999
893	332.30001
894	332.30001
895	332.39999
896	332.50001
897	332.39999
898	332.30001
899	332.30001
900	332.39999
901	332.30001
902	332.39999
903	332.39999
904	332.50001
905	332.39999
906	332.70001
907	332.6
908	332.8
909	332.70001
910	332.8
911	332.70001
912	332.8
913	332.70001
914	332.8
915	332.6
916	332.70001
917	332.50001
918	332.6
919	332.50001
920	332.39999
921	332.50001
922	332.70001
923	332.50001
924	332.39999
925	332.19999
926	332.50001
927	332.39999
928	332.30001
929	332.19999
930	332.6
931	332.50001
932	332.39999
933	332.6
934	332.39999
935	332.39999
936	332.39999
937	332.70001
938	332.39999
939	332.8
940	332.70001
941	332.70001
942	332.6
943	332.50001
944	332.6
945	332.6
946	332.6
947	332.70001
948	332.50001
949	332.50001
950	332.50001
951	332.6
952	332.8
953	332.8
954	332.70001
955	332.70001
956	332.89999
957	332.89999
958	333
959	332.8
960	333.09999
961	332.89999
962	332.8
963	332.8
964	332.8
965	332.6
966	332.39999
967	332.70001
968	332.8
969	332.70001
970	332.8
971	332.89999
972	332.89999
973	333
974	333.09999
975	333.09999
976	333.09999
977	333
978	333.09999
979	333
980	332.8
981	332.8
982	333.09999
983	332.8
984	332.70001
985	332.8
986	332.70001
987	332.8
988	332.70001
989	332.8
990	332.50001
991	332.50001
992	332.50001
993	332.50001
994	332.70001
995	332.39999
996	332.39999
997	332.39999
998	332.6
999	332.6
1000	332.70001
1001	332.50001
1002	332.6
1003	332.50001
1004	332.6
1005	332.70001
1006	332.70001
1007	332.8
1008	333
1009	333.29999
1010	333.09999
1011	333.09999
1012	333.09999
1013	333.20001
1014	332.89999
1015	332.8
1016	332.8
1017	332.70001
1018	332.70001
1019	332.89999
1020	333.20001
1021	333
1022	332.89999
1023	333
1024	332.89999
1025	332.6
1026	332.70001
1027	332.50001
1028	332.8
1029	332.8
1030	333
1031	332.89999
1032	332.89999
1033	332.8
1034	332.8
1035	332.70001
1036	332.70001
1037	332.50001
1038	332.6
1039	332.6
1040	332.70001
1041	332.50001
1042	332.6
1043	332.6
1044	332.6
1045	333
1046	333.5
1047	333.60001
1048	333.99999
1049	334.50001
1050	334.8
1051	335.00001
1052	335.3
1053	336
1054	336.60001
1055	336.69999
1056	337.50001
1057	338
1058	338.40001
1059	338.9
1060	339.8
1061	340.79999
1062	340.99999
1063	341.69999
1064	342.3
1065	342.7
1066	342.90001
1067	343.49999
1068	343.80001
1069	344.1
1070	344.39999
1071	344.50001
1072	344.39999
1073	344.8
1074	344.8
1075	344.70001
1076	344.90001
1077	345.09999
1078	345
1079	345.2
1080	345.49999
1081	345.60001
1082	345.60001
1083	345.60001
1084	345.49999
1085	345.29999
1086	345.29999
1087	345.40001
1088	345.29999
1089	345.29999
1090	345.49999
1091	345.40001
1092	345.40001
1093	345.40001
1094	345.49999
1095	345.49999
1096	345.29999
1097	345.49999
1098	345.40001
1099	345.29999
1100	345.7
1101	345.60001
1102	345.49999
1103	345.40001
1104	345.60001
1105	345.60001
1106	345.80001
1107	346.1
1108	345.99999
1109	345.99999
1110	346.39999
1111	346.39999
1112	346.6
1113	346.50001
1114	346.39999
1115	346.39999
1116	346.6
1117	346.30001
1118	346.39999
1119	346.39999
1120	346.39999
1121	346.39999
1122	346.19999
1123	346.50001
1124	346.50001
1125	346.30001
1126	346.6
1127	346.6
1128	346.70001
1129	346.8
1130	346.50001
1131	346.30001
1132	346.19999
1133	346.39999
1134	346.50001
1135	346.39999
1136	346.70001
1137	346.6
1138	346.6
1139	346.6
1140	346.6
1141	346.50001
1142	346.6
1143	346.70001
1144	346.50001
1145	346.6
1146	346.6
1147	346.50001
1148	346.39999
1149	346.6
1150	346.6
1151	346.70001
1152	346.8
1153	346.70001
1154	346.89999
1155	346.8
1156	346.39999
1157	346.30001
1158	346.50001
1159	346.50001
1160	346.39999
1161	346.6
1162	346.6
1163	346.6
1164	346.30001
1165	346.19999
1166	346.1
1167	346.30001
1168	346.30001
1169	346.6
1170	346.6
1171	346.6
1172	346.6
1173	346.6
1174	346.50001
1175	346.8
1176	346.89999
1177	346.89999
1178	346.89999
1179	346.89999
1180	346.6
1181	346.70001
1182	346.6
1183	346.6
1184	346.8
1185	346.89999
1186	346.8
1187	346.8
1188	346.89999
1189	346.8
1190	347.09999
1191	346.89999
1192	346.8
1193	346.70001
1194	346.8
1195	346.8
1196	346.89999
1197	346.89999
1198	346.70001
1199	346.8
1200	346.8
1201	346.6
1202	346.70001
1203	347
1204	346.89999
1205	346.89999
1206	347.20001
1207	347.40001
1208	347.40001
1209	347.5
1210	347.40001
1211	347.5
1212	347.5
1213	347.29999
1214	347.09999
1215	347.29999
1216	347.09999
1217	347.09999
1218	347.20001
1219	347.09999
1220	347.29999
1221	346.89999
1222	346.8
1223	346.39999
1224	346.1
1225	345.60001
1226	345.60001
1227	345.60001
1228	345.29999
1229	345.09999
1230	345.29999
1231	345.29999
1232	345.2
1233	345.09999
1234	344.50001
1235	343.9
1236	341.10001
1237	337.59999
1238	333.09999
1239	330.59999
1240	325.39999
1241	320.89999
1242	319.00001
1243	315.29999
1244	312.40001
1245	310.20001
1246	309.39999
1247	308.09999
1248	307.20001
1249	307.3
1250	307.59999
1251	308.2
1252	309.19999
1253	310.20001
1254	310.9
1255	311.8
1256	313.30001
1257	314.3
1258	314.70001
1259	316.00001
1260	317
1261	317.99999
1262	318.6
1263	319.3
1264	320.2
1265	320.6
1266	321.00001
1267	321.70001
1268	322.10001
1269	322.29999
1270	322.69999
1271	323.00001
1272	323.39999
1273	323.8
1274	324.09999
1275	324.49999
1276	324.80001
1277	324.9
1278	325.1
1279	325.50001
1280	325.8
1281	325.8
1282	326.09999
1283	326.5
1284	326.90001
1285	326.99999
1286	327.2
1287	327.4
1288	327.80001
1289	327.69999
1290	328.00001
1291	328.39999
1292	328.39999
1293	328.59999
1294	328.39999
1295	328.79999
1296	328.70001
1297	328.79999
1298	328.79999
1299	329
1300	329.2
1301	329.2
1302	329.4
1303	329.4
1304	329.49999
1305	329.69999
1306	329.49999
1307	329.69999
1308	329.80001
1309	330.00001
1310	330.19999
1311	330.19999
1312	330.1
1313	330.39999
1314	330.00001
1315	329.9
1316	330.1
1317	329.9
1318	329.9
1319	329.80001
1320	330.19999
1321	330.19999
1322	330.19999
1323	330.3
1324	330.39999
1325	330.39999
1326	330.3
1327	330.39999
1328	330.50001
1329	330.39999
1330	330.50001
1331	330.39999
1332	330.8
1333	330.8
1334	330.59999
1335	330.8
1336	330.8
1337	330.90001
1338	330.8
1339	330.8
1340	330.90001
1341	331
1342	331
1343	330.8
1344	331.2
1345	331
1346	331.2
1347	331.2
1348	331.2
1349	331.2
1350	331.2
1351	331.09999
1352	331.2
1353	331.09999
1354	331.09999
1355	331.09999
1356	331.2
1357	331.2
1358	331
1359	331.09999
1360	331.2
1361	331.2
1362	331.2
1363	331.2
1364	331.40001
1365	331.2
1366	331.09999
1367	331.2
1368	331.2
1369	331.2
1370	331.29999
1371	331.40001
1372	331.80001
1373	331.49999
1374	331.49999
1375	331.60001
1376	331.80001
1377	331.60001
1378	331.60001
1379	331.49999
1380	331.49999
1381	331.7
1382	331.7
1383	331.60001
1384	331.60001
1385	331.49999
1386	331.80001
1387	331.7
1388	331.49999
1389	331.49999
1390	331.60001
1391	331.49999
1392	331.49999
1393	331.7
1394	331.49999
1395	331.7
1396	331.7
1397	331.60001
1398	331.49999
1399	331.49999
1400	331.49999
1401	331.60001
1402	331.49999
1403	331.7
1404	331.80001
1405	331.80001
1406	331.80001
1407	331.99999
1408	331.99999
1409	331.99999
1410	332.1
1411	332.1
1412	332.19999
1413	331.99999
1414	332.1
1415	332.1
1416	332.1
1417	332.1
1418	331.80001
1419	331.80001
1420	331.9
1421	331.60001
1422	331.80001
1423	331.7
1424	331.80001
1425	331.99999
1426	332.1
1427	332.1
1428	332.30001
1429	332.6
1430	332.8
1431	332.6
1432	332.8
1433	333.20001
1434	333.20001
1435	333.40001
1436	333.5
1437	333.60001
1438	333.7
1439	333.5
1440	333.09999
1441	333.09999
1442	333.20001
1443	332.8
1444	332.8
1445	332.6
1446	332.30001
1447	332.39999
1448	332.50001
1449	332.70001
1450	332.6
1451	332.6
1452	332.39999
1453	332.30001
1454	332.39999
1455	332.6
1456	332.39999
1457	332.39999
1458	332.70001
1459	332.50001
1460	332.39999
1461	332.6
1462	332.39999
1463	332.39999
1464	332.19999
1465	332.1
1466	332.19999
1467	332.39999
1468	332.30001
1469	332.30001
1470	332.19999
1471	331.99999
1472	331.9
1473	332.1
1474	332.1
1475	332.39999
1476	332.39999
1477	332.39999
1478	332.39999
1479	332.39999
1480	332.30001
1481	332.39999
1482	332.30001
1483	332.30001
1484	332.39999
1485	332.39999
1486	332.30001
1487	332.39999
1488	332.30001
1489	332.39999
1490	332.39999
1491	332.39999
1492	332.39999
1493	332.30001
1494	332.1
1495	332.19999
1496	332.39999
1497	332.39999
1498	332.19999
1499	332.1
1500	331.99999
1501	332.30001
1502	332.19999
1503	332.30001
1504	332.1
1505	332.30001
1506	332.1
1507	331.99999
1508	332.19999
1509	332.39999
1510	332.39999
1511	332.30001
1512	332.30001
1513	332.39999
1514	332.50001
1515	333.20001
1516	332.50001
1517	332.39999
1518	332.50001
1519	333.09999
1520	333.40001
1521	333.7
1522	333.7
1523	334.10001
1524	334.30001
1525	334.6
1526	334.8
1527	335.39999
1528	336
1529	336.60001
1530	337.00001
1531	338
1532	338.80001
1533	339.6
1534	340
1535	340.9
1536	341.19999
1537	341.8
1538	342.09999
1539	342.7
1540	342.7
1541	342.90001
1542	343.2
1543	343.4
1544	343.69999
1545	343.69999
1546	344.00001
1547	344.1
1548	344.3
1549	344.39999
1550	344.39999
1551	344.50001
1552	344.59999
1553	344.59999
1554	344.90001
1555	345.2
1556	345.40001
1557	345.2
1558	345.29999
1559	345.40001
1560	345.49999
1561	345.49999
1562	345.49999
1563	345.49999
1564	345.49999
1565	345.29999
1566	345.29999
1567	345.60001
1568	345.49999
1569	345.40001
1570	345.29999
1571	345.2
1572	345.09999
1573	345.29999
1574	345.29999
1575	345.29999
1576	345.40001
1577	345.29999
1578	345.49999
1579	345.29999
1580	345.40001
1581	345.40001
1582	345.7
1583	345.99999
1584	345.9
1585	345.7
1586	345.60001
1587	345.99999
1588	345.99999
1589	345.60001
1590	345.7
1591	345.60001
1592	345.60001
1593	345.7
1594	345.60001
1595	345.49999
1596	345.60001
1597	345.9
1598	345.49999
1599	345.49999
1600	345.60001
1601	345.60001
1602	345.7
1603	345.60001
1604	345.60001
1605	345.99999
1606	345.80001
1607	345.9
1608	345.7
1609	345.7
1610	345.7
1611	345.7
1612	345.60001
1613	345.7
1614	345.99999
1615	345.99999
1616	346.1
1617	345.99999
1618	345.9
1619	345.99999
1620	345.9
1621	345.9
1622	345.7
1623	345.7
1624	345.9
1625	346.1
1626	345.7
1627	345.60001
1628	345.60001
1629	345.60001
1630	345.7
1631	345.09999
1632	345
1633	345.2
1634	345.2
1635	345.09999
1636	345.09999
1637	345.29999
1638	345.09999
1639	345
1640	345
1641	344.8
1642	344.90001
1643	345.09999
1644	345.09999
1645	345
1646	345.2
1647	345.2
1648	345.29999
1649	345.29999
1650	345.2
1651	345.29999
1652	345.40001
1653	345.60001
1654	345.7
1655	345.80001
1656	345.9
1657	345.99999
1658	345.99999
1659	345.99999
1660	346.1
1661	345.9
1662	345.9
1663	345.80001
1664	345.80001
1665	345.9
1666	345.99999
1667	345.99999
1668	345.80001
1669	345.80001
1670	345.7
1671	345.40001
1672	345.40001
1673	345.7
1674	345.60001
1675	345.49999
1676	345.40001
1677	345.2
1678	345.29999
1679	345.29999
1680	345.29999
1681	345.40001
1682	345.60001
1683	345.60001
1684	345.49999
1685	345.40001
1686	345.29999
1687	345.29999
1688	345.29999
1689	345.09999
1690	345.09999
1691	345
1692	345.29999
1693	345.29999
1694	345.29999
1695	345
1696	345
1697	344.50001
1698	344.00001
1699	343.9
1700	343.80001
1701	343.4
1702	343.4
1703	343.49999
1704	343.80001
1705	343.9
1706	343.69999
1707	343.10001
1708	342.09999
1709	340.40001
1710	339.1
1711	336
1712	332.19999
1713	328.1
1714	325.8
1715	321.3
1716	317
1717	313.49999
1718	312.00001
1719	309.70001
1720	308.2
1721	307.20001
1722	307.00001
1723	306.69999
1724	307.00001
1725	307.1
1726	307.79999
1727	308.9
1728	309.89999
1729	310.40001
1730	311.6
1731	313.10001
1732	314.59999
1733	315.10001
1734	316.39999
1735	317.5
1736	318.6
1737	318.89999
1738	319.59999
1739	320.10001
1740	320.89999
1741	320.89999
1742	321.5
1743	322
1744	322.49999
1745	322.69999
1746	322.80001
1747	323.39999
1748	323.50001
1749	323.90001
1750	324.09999
1751	324.40001
1752	324.40001
1753	324.9
1754	324.9
1755	324.99999
1756	325.1
1757	325.70001
1758	325.70001
1759	325.70001
1760	325.70001
1761	325.89999
1762	326.00001
1763	326.00001
1764	325.89999
1765	326.3
1766	326.59999
1767	326.5
1768	326.5
1769	326.99999
1770	327.2
1771	327.10001
1772	327.30001
1773	327.2
1774	327.4
1775	327.30001
1776	327.49999
1777	327.4
1778	327.6
1779	327.6
1780	327.49999
1781	327.6
1782	327.69999
1783	327.89999
1784	327.80001
1785	327.69999
1786	327.80001
1787	327.89999
1788	328.1
1789	328.3
1790	328.20001
1791	328.20001
1792	328.3
1793	328.39999
1794	328.3
1795	328.3
1796	328.20001
1797	328.3
1798	328.3
1799	328.3
1800	328.3
1801	328.39999
1802	328.39999
1803	328.70001
1804	328.59999
1805	328.59999
1806	328.79999
1807	328.90001
1808	328.79999
1809	328.90001
1810	328.59999
1811	328.79999
1812	328.79999
1813	328.59999
1814	328.90001
1815	329.10001
1816	329
1817	328.90001
1818	328.90001
1819	329.10001
1820	329.29999
1821	329
1822	329
1823	328.90001
1824	329
1825	328.90001
1826	329
1827	329
1828	329.10001
1829	329
1830	329
1831	329.10001
1832	328.79999
1833	328.90001
1834	328.90001
1835	329
1836	328.90001
1837	328.90001
1838	329.2
1839	329.10001
1840	329.2
1841	329.2
1842	329.2
1843	329.29999
1844	329.2
1845	329.2
1846	329.2
1847	329.2
1848	329.10001
1849	329.2
1850	329.2
1851	329.2
1852	329
1853	329
1854	329.10001
1855	329
1856	329
1857	329.10001
1858	329.10001
1859	329
1860	329
1861	329.2
1862	329.29999
1863	329.2
1864	329.10001
1865	329.2
1866	329
1867	328.90001
1868	329
1869	328.79999
1870	328.79999
1871	328.90001
1872	328.90001
1873	329.10001
1874	329.10001
1875	328.90001
1876	328.90001
1877	329.10001
1878	329.2
1879	329.2
1880	329.2
1881	329.4
1882	329.2
1883	329.2
1884	329.2
1885	329.10001
1886	329
1887	328.90001
1888	328.90001
1889	329
1890	328.70001
1891	328.70001
1892	328.90001
1893	329
1894	328.90001
1895	329
1896	329.2
1897	329.2
1898	329.10001
1899	329.29999
1900	329.49999
1901	329.49999
1902	329.4
1903	329.4
1904	329.4
1905	329.49999
1906	329.49999
1907	329.29999
1908	329.49999
1909	329.4
1910	329.2
1911	329
1912	329.2
1913	329.2
1914	329.29999
1915	329.10001
1916	329.49999
1917	329.29999
1918	329.4
1919	329.4
1920	329.2
1921	329.2
1922	329
1923	329
1924	329.2
1925	329.29999
1926	329.10001
1927	329.10001
1928	329
1929	329.2
1930	329.10001
1931	329.2
1932	329.2
1933	329.10001
1934	329.4
1935	329.4
1936	329.2
1937	329.2
1938	329.2
1939	329.49999
1940	329.49999
1941	329.4
1942	329.49999
1943	329.49999
1944	329.4
1945	329.29999
1946	329.49999
1947	329.49999
1948	329.49999
1949	329.49999
1950	329.49999
1951	329.60001
1952	329.49999
1953	329.49999
1954	329.4
1955	329.49999
1956	329.2
1957	329.4
1958	329.4
1959	329.49999
1960	329.4
1961	329.49999
1962	329.49999
1963	329.60001
1964	329.29999
1965	329.49999
1966	329.2
1967	329.29999
1968	329.49999
1969	329.49999
1970	329.60001
1971	329.49999
1972	329.29999
1973	329.49999
1974	329.49999
1975	329.4
1976	329.4
1977	329.60001
1978	329.49999
1979	329.49999
1980	329.49999
1981	329.49999
1982	329.29999
1983	329.29999
1984	329.2
1985	329.2
1986	329.2
1987	329.2
1988	329.2
1989	329.10001
1990	328.90001
1991	329.10001
1992	329.60001
1993	329.80001
1994	330.1
1995	330.59999
1996	331.2
1997	331.40001
1998	331.49999
1999	331.80001
2000	332.1
2001	332.50001
2002	332.70001
2003	333.09999
2004	334.10001
2005	334.50001
2006	335.20001
2007	336
2008	336.9
2009	337.39999
2010	338
2011	338.2
2012	338.80001
2013	339.19999
2014	339.50001
2015	340
2016	340.40001
2017	340.5
2018	340.79999
2019	340.99999
2020	341.50001
2021	341.8
2022	341.8
2023	341.89999
2024	342.3
2025	342.40001
2026	342.40001
2027	342.40001
2028	342.40001
2029	342.09999
2030	342.00001
2031	342.00001
2032	342.20001
2033	342.20001
2034	342.09999
2035	342.3
2036	342.3
2037	342.40001
2038	342.20001
2039	342.09999
2040	342.09999
2041	342.40001
2042	342.40001
2043	342.20001
2044	342.40001
2045	342.5
2046	342.20001
2047	342.40001
2048	342.3
2049	342.40001
2050	342.40001
2051	342.3
2052	342.40001
2053	342.59999
2054	342.5
2055	342.59999
2056	342.7
2057	342.99999
2058	342.90001
2059	343.10001
2060	343.2
2061	343.2
2062	343.2
2063	343.4
2064	343.4
2065	343.10001
2066	343.4
2067	343.30001
2068	343.4
2069	343.6
2070	343.69999
2071	343.4
2072	343.4
2073	343.30001
2074	343.4
2075	343.2
2076	343.2
2077	343.10001
2078	343.10001
2079	342.79999
2080	343.10001
2081	343.10001
2082	343.10001
2083	343.10001
2084	342.99999
2085	342.99999
2086	343.10001
2087	342.90001
2088	342.79999
2089	342.7
2090	342.7
2091	342.7
2092	343.10001
2093	343.2
2094	343.4
2095	343.4
2096	343.4
2097	343.10001
2098	343.30001
2099	343.10001
2100	343.4
2101	343.4
2102	343.30001
2103	343.4
2104	343.4
2105	343.30001
2106	343.4
2107	343.49999
2108	343.4
2109	343.4
2110	343.6
2111	343.69999
2112	343.49999
2113	343.4
2114	343.4
2115	343.2
2116	343.30001
2117	343.10001
2118	342.99999
2119	343.10001
2120	342.99999
2121	342.79999
2122	342.7
2123	342.99999
2124	343.10001
2125	343.30001
2126	343.30001
2127	343.49999
2128	343.80001
2129	343.6
2130	343.69999
2131	343.69999
2132	343.80001
2133	343.69999
2134	343.69999
2135	343.69999
2136	343.69999
2137	344.00001
2138	343.69999
2139	343.69999
2140	343.49999
2141	343.4
2142	343.10001
2143	343.10001
2144	342.99999
2145	343.10001
2146	343.10001
2147	342.59999
2148	342.59999
2149	342.5
2150	342.7
2151	342.79999
2152	342.7
2153	342.79999
2154	342.90001
2155	343.10001
2156	343.2
2157	343.4
2158	343.4
2159	343.4
2160	343.49999
2161	343.30001
2162	343.2
2163	343.30001
2164	343.2
2165	342.90001
2166	343.10001
2167	343.2
2168	342.90001
2169	342.7
2170	342.7
2171	342.7
2172	342.40001
2173	341.8
2174	341.89999
2175	341.8
2176	341.89999
2177	341.8
2178	341.8
2179	341.6
2180	340.79999
2181	339.50001
2182	338.49999
2183	336.49999
2184	333.99999
2185	332.30001
2186	328.3
2187	323.8
2188	319.20001
2189	317
2190	313.30001
2191	310.20001
2192	308
2193	307.1
2194	305.99999
2195	305.40001
2196	305.40001
2197	305.7
2198	306.2
2199	307.20001
2200	307.90001
2201	308.49999
2202	309.8
2203	310.9
2204	312.20001
2205	312.59999
2206	313.89999
2207	314.59999
2208	315.4
2209	316.3
2210	317.29999
2211	317.99999
2212	318.19999
2213	318.89999
2214	319.7
2215	320.49999
2216	320.89999
2217	321.20001
2218	321.5
2219	322.10001
2220	322.29999
2221	322.4
2222	322.69999
2223	323.1
2224	323.39999
2225	323.70001
2226	324
2227	324.29999
2228	324.40001
2229	324.7
2230	324.9
2231	324.99999
2232	324.99999
2233	324.99999
2234	325.39999
2235	325.6
2236	325.8
2237	326.00001
2238	326.20001
2239	326.3
2240	326.5
2241	326.59999
2242	326.7
2243	326.79999
2244	326.90001
2245	326.99999
2246	326.99999
2247	327.10001
2248	326.99999
2249	327.2
2250	327.10001
2251	327.30001
2252	327.30001
2253	327.49999
2254	327.6
2255	327.6
2256	327.80001
2257	328.00001
2258	328.00001
2259	327.80001
2260	327.6
2261	327.6
2262	327.80001
2263	327.89999
2264	327.69999
2265	327.69999
2266	327.89999
2267	328.00001
2268	327.89999
2269	327.89999
2270	328.00001
2271	328.3
2272	328.3
2273	328.3
2274	328.5
2275	328.59999
2276	328.5
2277	328.3
2278	328.3
2279	328.59999
2280	328.59999
2281	328.59999
2282	328.59999
2283	328.59999
2284	328.59999
2285	328.59999
2286	328.59999
2287	328.59999
2288	328.70001
2289	328.79999
2290	328.59999
2291	328.59999
2292	328.5
2293	328.59999
2294	328.5
2295	328.39999
2296	328.39999
2297	328.3
2298	328.3
2299	328.20001
2300	327.89999
2301	327.89999
2302	328.00001
2303	328.1
2304	328.00001
2305	328.20001
2306	328.3
2307	328.5
2308	328.39999
2309	328.39999
2310	328.59999
2311	328.39999
2312	328.59999
2313	328.39999
2314	328.3
2315	328.39999
2316	328.5
2317	328.3
2318	328.20001
2319	328.39999
2320	328.59999
2321	328.59999
2322	328.59999
2323	328.70001
2324	328.79999
2325	328.79999
2326	328.90001
2327	328.90001
2328	328.79999
2329	328.59999
2330	328.3
2331	328.5
2332	328.59999
2333	328.70001
2334	328.59999
2335	328.59999
2336	328.59999
2337	328.59999
2338	328.70001
2339	328.90001
2340	328.90001
2341	328.79999
2342	328.90001
2343	328.90001
2344	328.90001
2345	328.70001
2346	328.79999
2347	328.90001
2348	328.79999
2349	328.79999
2350	328.79999
2351	328.59999
2352	328.79999
2353	328.5
2354	328.5
2355	328.39999
2356	328.59999
2357	328.70001
2358	328.59999
2359	328.70001
2360	328.79999
2361	328.90001
2362	329
2363	328.79999
2364	328.79999
2365	328.79999
2366	328.90001
2367	328.59999
2368	328.3
2369	328.59999
2370	328.59999
2371	328.20001
2372	328.59999
2373	328.39999
2374	328.59999
2375	328.59999
2376	328.5
2377	328.59999
2378	328.59999
2379	328.59999
2380	328.5
2381	328.5
2382	328.59999
2383	328.59999
2384	328.59999
2385	328.59999
2386	328.59999
2387	328.39999
2388	328.5
2389	328.39999
2390	328.39999
2391	328.5
2392	328.39999
2393	328.20001
2394	328.20001
2395	328.3
2396	328.3
2397	328.1
2398	328.1
2399	328.3
2400	328.3
2401	328.3
2402	328.5
2403	328.79999
2404	328.59999
2405	328.39999
2406	328.3
2407	328.5
2408	328.39999
2409	328.3
2410	328.3
2411	328.3
2412	328.3
2413	328.00001
2414	328.20001
2415	328.20001
2416	328.1
2417	328.3
2418	328.39999
2419	328.3
2420	328.59999
2421	328.5
2422	328.59999
2423	328.59999
2424	328.59999
2425	328.39999
2426	328.39999
2427	328.70001
2428	328.59999
2429	328.79999
2430	328.90001
2431	329
2432	328.90001
2433	328.90001
2434	329.10001
2435	329.2
2436	328.90001
2437	328.90001
2438	328.90001
2439	328.79999
2440	328.59999
2441	328.79999
2442	328.90001
2443	328.90001
2444	328.70001
2445	329.10001
2446	329.10001
2447	329
2448	328.79999
2449	328.79999
2450	328.90001
2451	328.79999
2452	328.59999
2453	328.90001
2454	328.90001
2455	328.79999
2456	328.90001
2457	328.90001
2458	328.90001
2459	329
2460	328.90001
2461	328.90001
2462	328.79999
2463	328.90001
2464	329.2
2465	329.29999
2466	329.69999
2467	330.19999
2468	330.1
2469	330.19999
2470	330.3
2471	330.3
2472	330.39999
2473	330.8
2474	331.2
2475	331.9
2476	332.8
2477	333.20001
2478	333.9
2479	334.89999
2480	335.3
2481	335.5
2482	336.4
2483	337.19999
2484	337.50001
2485	338.09999
2486	338.9
2487	339.1
2488	339.30001
2489	339.6
2490	339.8
2491	340.09999
2492	340.20001
2493	340.40001
2494	340.5
2495	340.5
2496	340.79999
2497	340.79999
2498	341.10001
2499	341.10001
2500	341.19999
2501	341.4
2502	341.50001
2503	341.50001
2504	341.69999
2505	341.69999
2506	341.6
2507	341.69999
2508	341.6
2509	341.6
2510	341.50001
2511	341.50001
2512	341.4
2513	341.50001
2514	341.19999
2515	341.19999
2516	341.50001
2517	341.4
2518	341.50001
2519	341.4
2520	341.30001
2521	341.4
2522	341.30001
2523	341.50001
2524	341.30001
2525	341.30001
2526	341.30001
2527	341.50001
2528	341.50001
2529	341.50001
2530	341.6
2531	341.69999
2532	341.4
2533	341.50001
2534	341.50001
2535	341.69999
2536	341.4
2537	341.30001
2538	341.30001
2539	341.10001
2540	341.4
2541	341.50001
2542	341.6
2543	341.6
2544	341.8
2545	341.89999
2546	341.8
2547	341.8
2548	341.6
2549	341.69999
2550	341.69999
2551	341.69999
2552	341.50001
2553	341.50001
2554	342.09999
2555	342.09999
2556	342.00001
2557	342.00001
2558	341.69999
2559	341.69999
2560	341.50001
2561	341.8
2562	341.89999
2563	341.89999
2564	342.40001
2565	342.40001
2566	342.5
2567	342.5
2568	342.40001
2569	342.40001
2570	342.40001
2571	342.3
2572	342.40001
2573	342.40001
2574	342.40001
2575	342.3
2576	342.3
2577	342.09999
2578	342.09999
2579	342.09999
2580	342.00001
2581	341.8
2582	341.50001
2583	341.6
2584	341.69999
2585	341.50001
2586	341.8
2587	341.8
2588	341.8
2589	341.8
2590	341.69999
2591	341.8
2592	341.89999
2593	341.69999
2594	341.89999
2595	341.8
2596	341.8
2597	341.8
2598	341.89999
2599	342.09999
2600	342.09999
2601	342.09999
2602	342.3
2603	342.20001
2604	342.3
2605	342.09999
2606	342.40001
2607	342.5
2608	342.5
2609	342.5
2610	342.40001
2611	342.20001
2612	342.3
2613	342.40001
2614	342.40001
2615	342.59999
2616	342.5
2617	342.40001
2618	342.40001
2619	342.40001
2620	342.40001
2621	342.3
2622	342.20001
2623	342.20001
2624	342.09999
2625	342.20001
2626	342.20001
2627	342.20001
2628	342.40001
2629	342.59999
2630	342.40001
2631	342.5
2632	342.09999
2633	342.20001
2634	342.40001
2635	342.3
2636	342.40001
2637	342.5
2638	342.40001
2639	342.59999
2640	342.7
2641	342.7
2642	342.40001
2643	342.00001
2644	341.50001
2645	341.19999
2646	340.79999
2647	340.79999
2648	340.5
2649	340.5
2650	340.5
2651	340.5
2652	340.79999
2653	340.7
2654	340.29999
2655	339.6
2656	338.40001
2657	337.50001
2658	334.69999
2659	331.2
2660	326.3
2661	324.09999
2662	319.40001
2663	315.29999
2664	311.8
2665	310.29999
2666	307.70001
2667	305.99999
2668	305.40001
2669	304.8
2670	304.50001
2671	304.8
2672	305.09999
2673	305.7
2674	306.30001
2675	307.3
2676	307.79999
2677	308.7
2678	309.8
2679	310.79999
2680	311.6
2681	312.5
2682	313.4
2683	314.20001
2684	314.70001
2685	315.69999
2686	316.19999
2687	316.8
2688	317.20001
2689	317.79999
2690	318.4
2691	318.89999
2692	319.40001
2693	319.90001
2694	320.49999
2695	320.69999
2696	320.89999
2697	321.3
2698	321.59999
2699	321.79999
2700	322.29999
2701	322.49999
2702	322.80001
2703	323.1
2704	323.1
2705	323.39999
2706	323.39999
2707	323.8
2708	324.09999
2709	324.09999
2710	324.40001
2711	324.40001
2712	324.60001
2713	324.9
2714	324.9
2715	324.99999
2716	324.9
2717	325.39999
2718	325.19999
2719	325.1
2720	325.39999
2721	325.39999
2722	325.39999
2723	325.70001
2724	325.6
2725	325.6
2726	325.70001
2727	325.8
2728	325.70001
2729	325.70001
2730	325.8
2731	325.70001
2732	325.70001
2733	325.89999
2734	325.89999
2735	326.00001
2736	326.09999
2737	325.8
2738	325.89999
2739	326.3
2740	326.3
2741	326.3
2742	326.3
2743	326.40001
2744	326.59999
2745	326.5
2746	326.59999
2747	326.5
2748	326.5
2749	326.59999
2750	326.59999
2751	326.5
2752	326.40001
2753	326.5
2754	326.5
2755	326.59999
2756	326.90001
2757	326.79999
2758	326.7
2759	326.79999
2760	326.79999
2761	326.99999
2762	326.99999
2763	326.99999
2764	326.99999
2765	326.79999
2766	326.99999
2767	326.99999
2768	326.99999
2769	326.7
2770	324.7
2771	323.00001
2772	323.00001
2773	323.50001
2774	324.40001
2775	325.39999
2776	325.70001
2777	326.3
2778	326.99999
2779	327.49999
2780	327.89999
2781	327.89999
2782	328.1
2783	328.00001
2784	328.1
2785	327.89999
2786	327.89999
2787	327.49999
2788	327.6
2789	327.89999
2790	327.6
2791	327.30001
2792	327.69999
2793	327.4
2794	327.6
2795	327.6
2796	327.6
2797	327.30001
2798	327.80001
2799	327.6
2800	327.49999
2801	327.89999
2802	327.6
2803	327.6
2804	327.80001
2805	327.69999
2806	327.6
2807	327.49999
2808	327.49999
2809	326.99999
2810	327.4
2811	327.30001
2812	327.30001
2813	327.2
2814	326.99999
2815	326.90001
2816	326.40001
2817	326.3
2818	326.00001
2819	325.8
2820	326.00001
2821	325.89999
2822	325.89999
2823	325.89999
2824	325.70001
2825	325.70001
2826	325.70001
2827	325.50001
2828	325.50001
2829	325.39999
2830	325.1
2831	324.99999
2832	324.99999
2833	324.99999
2834	324.99999
2835	325.1
2836	325.1
2837	325.39999
2838	325.39999
2839	325.39999
2840	325.39999
2841	325.39999
2842	325.39999
2843	325.19999
2844	325.19999
2845	325.39999
2846	325.39999
2847	325.6
2848	325.6
2849	325.6
2850	325.6
2851	325.39999
2852	325.50001
2853	325.8
2854	325.50001
2855	325.6
2856	325.6
2857	325.70001
2858	325.6
2859	325.89999
2860	325.70001
2861	325.70001
2862	326.00001
2863	326.09999
2864	326.00001
2865	326.00001
2866	326.00001
2867	326.00001
2868	325.8
2869	326.00001
2870	326.00001
2871	326.09999
2872	326.3
2873	326.40001
2874	326.7
2875	326.59999
2876	326.7
2877	326.7
2878	326.7
2879	326.5
2880	326.5
2881	326.3
2882	326.3
2883	326.20001
2884	326.09999
2885	326.3
2886	326.3
2887	326.40001
2888	326.59999
2889	326.7
2890	327.10001
2891	326.99999
2892	327.30001
2893	327.2
2894	327.6
2895	327.30001
2896	327.2
2897	327.10001
2898	327.10001
2899	327.10001
2900	327.10001
2901	327.2
2902	327.2
2903	327.30001
2904	327.30001
2905	327.30001
2906	327.30001
2907	327.49999
2908	327.30001
2909	327.6
2910	327.49999
2911	327.69999
2912	327.4
2913	327.49999
2914	327.49999
2915	327.6
2916	327.89999
2917	327.89999
2918	327.89999
2919	328.00001
2920	327.89999
2921	327.89999
2922	327.89999
2923	328.00001
2924	328.20001
2925	328.00001
2926	328.20001
2927	328.5
2928	328.20001
2929	328.20001
2930	328.20001
2931	328.1
2932	328.3
2933	328.20001
2934	328.3
2935	328.20001
2936	328.3
2937	328.3
2938	328.59999
2939	329.2
2940	329.49999
2941	329.49999
2942	330.00001
2943	330.1
2944	330.19999
2945	330.50001
2946	330.59999
2947	331.2
2948	331.29999
2949	331.7
2950	332.50001
2951	333.29999
2952	333.7
2953	334.69999
2954	335.3
2955	336
2956	336.49999
2957	337.00001
2958	337.59999
2959	338
2960	338.2
2961	338.60001
2962	338.9
2963	338.9
2964	338.9
2965	339.19999
2966	339.30001
2967	339.39999
2968	339.39999
2969	339.50001
2970	339.8
2971	339.8
2972	340
2973	339.89999
2974	340
2975	340.20001
2976	340
2977	340.20001
2978	340.40001
2979	340.5
2980	340.60001
2981	340.5
2982	340.7
2983	340.7
2984	340.5
2985	340.79999
2986	340.79999
2987	340.79999
2988	340.9
2989	340.79999
2990	340.99999
2991	341.10001
2992	341.10001
2993	341.30001
2994	341.4
2995	341.30001
2996	341.10001
2997	341.10001
2998	340.99999
2999	341.10001
3000	341.10001
3001	340.79999
3002	340.99999
3003	341.10001
3004	341.4
3005	341.10001
3006	341.10001
3007	341.4
3008	341.50001
3009	341.50001
3010	341.4
3011	341.50001
3012	341.4
3013	341.4
3014	341.50001
3015	341.6
3016	341.69999
3017	341.69999
3018	341.69999
3019	341.69999
3020	341.50001
3021	341.50001
3022	341.50001
3023	341.50001
3024	341.19999
3025	341.30001
3026	341.50001
3027	341.4
3028	341.19999
3029	341.4
3030	341.19999
3031	341.10001
3032	341.10001
3033	341.4
3034	341.4
3035	341.4
3036	341.6
3037	341.6
3038	341.50001
3039	341.50001
3040	341.19999
3041	341.10001
3042	340.99999
3043	341.19999
3044	341.10001
3045	341.30001
3046	341.30001
3047	341.50001
3048	341.50001
3049	341.50001
3050	341.50001
3051	341.30001
3052	341.50001
3053	341.6
3054	341.50001
3055	341.69999
3056	341.8
3057	341.69999
3058	341.8
3059	341.8
3060	341.8
3061	342.00001
3062	341.89999
3063	341.8
3064	341.89999
3065	342.09999
3066	342.3
3067	342.3
3068	342.09999
3069	342.09999
3070	342.3
3071	342.09999
3072	341.89999
3073	341.89999
3074	342.09999
3075	341.89999
3076	342.00001
3077	342.40001
3078	342.40001
3079	342.40001
3080	342.40001
3081	342.7
3082	342.40001
3083	342.20001
3084	342.3
3085	342.40001
3086	342.40001
3087	342.3
3088	342.3
3089	342.40001
3090	342.40001
3091	342.3
3092	342.3
3093	342.40001
3094	342.3
3095	342.09999
3096	342.40001
3097	342.09999
3098	342.3
3099	342.40001
3100	342.3
3101	342.20001
3102	342.40001
3103	342.40001
3104	342.40001
3105	342.40001
3106	342.40001
3107	342.40001
3108	342.40001
3109	342.40001
3110	342.40001
3111	342.7
3112	342.40001
3113	342.40001
3114	342.20001
3115	342.09999
3116	341.4
3117	341.10001
3118	340.9
3119	340.7
3120	340.5
3121	340.5
3122	340.5
3123	340.5
3124	340.7
3125	340.7
3126	340.60001
3127	339.89999
3128	339.50001
3129	338.2
3130	336.29999
3131	333.20001
3132	331.7
3133	327.69999
3134	323.19999
3135	318.8
3136	316.90001
3137	313.4
3138	310.20001
3139	307.79999
3140	306.89999
3141	305.40001
3142	304.50001
3143	304.19999
3144	304.19999
3145	304.50001
3146	305.40001
3147	306.10001
3148	306.49999
3149	307.59999
3150	308.60001
3151	308.99999
3152	310.20001
3153	311.50001
3154	312.59999
3155	312.99999
3156	314.1
3157	315.10001
3158	316.00001
3159	316.39999
3160	317.09999
3161	317.60001
3162	318.30001
3163	318.6
3164	319.00001
3165	319.79999
3166	319.99999
3167	319.99999
3168	320.80001
3169	320.89999
3170	321.39999
3171	321.70001
3172	322.10001
3173	322.49999
3174	322.80001
3175	323.1
3176	323.19999
3177	323.59999
3178	323.70001
3179	323.70001
3180	323.90001
3181	324.09999
3182	324.2
3183	324.2
3184	324.40001
3185	324.49999
3186	324.7
3187	324.7
3188	324.7
3189	324.9
3190	325.1
3191	325.1
3192	325.39999
3193	325.39999
3194	325.50001
3195	325.70001
3196	325.70001
3197	325.70001
3198	325.89999
3199	325.8
3200	326.00001
3201	325.89999
3202	326.09999
3203	326.00001
3204	326.20001
3205	326.00001
3206	326.3
3207	326.5
3208	326.40001
3209	326.40001
3210	326.40001
3211	326.59999
3212	326.7
3213	326.7
3214	326.99999
3215	327.2
3216	327.30001
3217	327.4
3218	327.30001
3219	327.4
3220	327.4
3221	327.4
3222	327.69999
3223	327.69999
3224	327.69999
3225	327.6
3226	327.80001
3227	327.69999
3228	327.69999
3229	327.89999
3230	327.69999
3231	327.4
3232	327.6
3233	327.4
3234	327.6
3235	327.80001
3236	327.69999
3237	327.69999
3238	327.6
3239	327.30001
3240	327.30001
3241	327.6
3242	327.49999
3243	327.6
3244	327.89999
3245	327.89999
3246	327.80001
3247	327.89999
3248	327.69999
3249	327.80001
3250	327.89999
3251	327.89999
3252	327.89999
3253	327.89999
3254	328.00001
3255	328.00001
3256	327.89999
3257	328.00001
3258	327.89999
3259	328.39999
3260	328.20001
3261	328.20001
3262	328.39999
3263	328.5
3264	328.39999
3265	328.59999
3266	328.59999
3267	328.59999
3268	328.59999
3269	328.79999
3270	328.90001
3271	328.90001
3272	329.2
3273	329.49999
3274	329.4
3275	329.4
3276	329.49999
3277	329.49999
3278	329.60001
3279	329.49999
3280	329.4
3281	329.4
3282	329.29999
3283	329.2
3284	329.4
3285	329.4
3286	329.29999
3287	329.2
3288	329.49999
3289	329.29999
3290	329.29999
3291	329.49999
3292	329.29999
3293	329.49999
3294	329.49999
3295	329.4
3296	329.4
3297	329.4
3298	329.49999
3299	329.2
3300	329.10001
3301	329.10001
3302	329
3303	329
3304	329.10001
3305	329.10001
3306	329.2
3307	329.2
3308	329.29999
3309	329.49999
3310	329.2
3311	329.49999
3312	329.49999
3313	329.60001
3314	329.69999
3315	329.80001
3316	329.60001
3317	329.69999
3318	329.49999
3319	329.49999
3320	329.49999
3321	329.60001
3322	329.49999
3323	329.49999
3324	329.60001
3325	329.2
3326	329.4
3327	329.49999
3328	329.49999
3329	329.49999
3330	329.60001
3331	329.69999
3332	329.80001
3333	329.60001
3334	329.60001
3335	329.60001
3336	329.4
3337	329.4
3338	329.49999
3339	329.60001
3340	329.60001
3341	329.49999
3342	329.9
3343	330.19999
3344	330.1
3345	329.9
3346	330.00001
3347	330.1
3348	329.69999
3349	329.60001
3350	329.49999
3351	329.80001
3352	329.49999
3353	329.4
3354	329.29999
3355	329.2
3356	329.4
3357	329.49999
3358	329.4
3359	329.4
3360	329.60001
3361	329.80001
3362	329.60001
3363	329.69999
3364	329.9
3365	330.00001
3366	330.1
3367	329.80001
3368	329.9
3369	329.69999
3370	329.60001
3371	329.80001
3372	330.00001
3373	330.19999
3374	330.19999
3375	330.00001
3376	329.9
3377	329.9
3378	329.9
3379	329.80001
3380	329.9
3381	329.9
3382	329.9
3383	329.9
3384	330.1
3385	330.00001
3386	330.00001
3387	330.1
3388	330.19999
3389	330.1
3390	330.19999
3391	330.19999
3392	330.3
3393	330.3
3394	330.19999
3395	330.19999
3396	330.39999
3397	330.50001
3398	330.50001
3399	330.19999
3400	330.19999
3401	330.19999
3402	330.19999
3403	330.3
3404	330.50001
3405	330.50001
3406	330.3
3407	330.3
3408	330.39999
3409	330.19999
3410	330.19999
3411	330.3
3412	330.39999
3413	330.8
3414	331.29999
3415	331.2
3416	331.29999
3417	331.7
3418	331.80001
3419	332.1
3420	332.1
3421	332.6
3422	333.09999
3423	333.60001
3424	333.9
3425	334.69999
3426	335.3
3427	335.90001
3428	336.49999
3429	337.19999
3430	337.90001
3431	338.2
3432	338.7
3433	339.19999
3434	339.50001
3435	339.70001
3436	340.09999
3437	340.7
3438	340.99999
3439	341.19999
3440	341.50001
3441	341.50001
3442	341.50001
3443	341.50001
3444	341.6
3445	341.8
3446	341.89999
3447	342.00001
3448	342.00001
3449	342.09999
3450	342.40001
3451	342.5
3452	342.40001
3453	342.20001
3454	342.09999
3455	342.59999
3456	342.90001
3457	343.10001
3458	343.10001
3459	343.10001
3460	343.49999
3461	343.30001
3462	343.10001
3463	343.4
3464	343.10001
3465	342.90001
3466	342.99999
3467	342.90001
3468	342.7
3469	342.7
3470	342.59999
3471	342.59999
3472	342.7
3473	342.7
3474	342.7
3475	342.7
3476	343.10001
3477	342.99999
3478	342.90001
3479	342.79999
3480	342.7
3481	342.79999
3482	342.7
3483	342.5
3484	342.5
3485	342.59999
3486	342.7
3487	342.5
3488	342.3
3489	342.40001
3490	342.5
3491	342.5
3492	342.40001
3493	342.40001
3494	342.7
3495	342.7
3496	342.7
3497	342.5
3498	342.7
3499	342.90001
3500	342.7
3501	342.90001
3502	342.99999
3503	343.2
3504	343.4
3505	343.10001
3506	343.10001
3507	343.10001
3508	342.99999
3509	342.99999
3510	343.10001
3511	343.2
3512	343.10001
3513	343.10001
3514	343.30001
3515	342.99999
3516	343.10001
3517	343.10001
3518	343.10001
3519	342.90001
3520	342.79999
3521	342.79999
3522	342.99999
3523	342.99999
3524	343.10001
3525	343.4
3526	343.69999
3527	343.69999
3528	343.6
3529	343.4
3530	343.6
3531	343.49999
3532	343.4
3533	343.4
3534	343.49999
3535	343.49999
3536	343.69999
3537	343.6
3538	343.49999
3539	343.6
3540	343.49999
3541	343.4
3542	343.4
3543	343.2
3544	343.10001
3545	343.2
3546	343.4
3547	343.10001
3548	343.10001
3549	343.4
3550	343.2
3551	343.10001
3552	342.99999
3553	343.10001
3554	343.10001
3555	343.10001
3556	344.00001
3557	344.50001
3558	344.8
3559	344.8
3560	344.8
3561	345
3562	345.29999
3563	345.09999
3564	345
3565	344.90001
3566	344.8
3567	344.70001
3568	344.90001
3569	344.90001
3570	345.2
3571	345.49999
3572	345.60001
3573	345.7
3574	345.80001
3575	345.80001
3576	345.49999
3577	345.29999
3578	345.40001
3579	345.49999
3580	345.29999
3581	345.29999
3582	345.29999
3583	345.29999
3584	345
3585	345.2
3586	345
3587	344.8
3588	344.90001
3589	344.59999
3590	344.19999
3591	343.80001
3592	343.69999
3593	343.69999
3594	343.49999
3595	343.2
3596	343.4
3597	343.4
3598	343.69999
3599	343.4
3600	343.4
3601	343.10001
3602	342.09999
3603	339.8
3604	338.29999
3605	334.8
3606	331.2
3607	327.49999
3608	325.70001
3609	322.10001
3610	318.69999
3611	317.29999
3612	314.5
3613	312.5
3614	311.19999
3615	310.5
3616	309.8
3617	309.1
3618	309.39999
3619	309.8
3620	310.40001
3621	310.99999
3622	311.89999
3623	312.59999
3624	313.6
3625	314.59999
3626	315.49999
3627	316.1
3628	317
3629	318.10001
3630	318.89999
3631	319.3
3632	320.2
3633	320.89999
3634	321.39999
3635	321.90001
3636	322.49999
3637	322.9
3638	323.19999
3639	323.70001
3640	324.09999
3641	324.40001
3642	324.60001
3643	324.99999
3644	325.39999
3645	325.70001
3646	325.89999
3647	326.3
3648	326.59999
3649	326.7
3650	326.99999
3651	327.49999
3652	327.6
3653	327.80001
3654	328.00001
3655	328.3
3656	328.3
3657	328.59999
3658	328.59999
3659	328.59999
3660	328.90001
3661	328.90001
3662	329.2
3663	329.2
3664	329.49999
3665	329.49999
3666	329.80001
3667	329.9
3668	330.19999
3669	330.19999
3670	330.19999
3671	330.19999
3672	330.3
3673	330.50001
3674	330.39999
3675	330.3
3676	330.50001
3677	330.50001
3678	330.8
3679	330.8
3680	330.8
3681	330.70001
3682	331.09999
3683	331.09999
3684	331
3685	331
3686	331.2
3687	332.30001
3688	332.39999
3689	332.39999
3690	332.50001
3691	332.39999
3692	332.39999
3693	332.6
3694	332.70001
3695	332.8
3696	332.8
3697	332.8
3698	332.8
3699	332.89999
3700	332.89999
3701	332.89999
3702	332.8
3703	332.8
3704	332.70001
3705	332.6
3706	332.6
3707	332.6
3708	332.39999
3709	332.70001
3710	333.20001
3711	333.20001
3712	333.20001
3713	333.09999
3714	333.20001
3715	333.09999
3716	333.20001
3717	333.29999
3718	333.40001
3719	333.5
3720	333.5
3721	333.60001
3722	333.7
3723	333.7
3724	333.60001
3725	333.5
3726	333.5
3727	333.60001
3728	333.7
3729	333.60001
3730	333.60001
3731	333.60001
3732	333.5
3733	333.40001
3734	333.29999
3735	333.40001
3736	333.40001
3737	333.20001
3738	333.29999
3739	333.40001
3740	333.40001
3741	333.29999
3742	333.20001
3743	333.7
3744	333.7
3745	333.7
3746	333.7
3747	333.7
3748	333.7
3749	333.9
3750	333.9
3751	333.79999
3752	333.7
3753	333.79999
3754	333.7
3755	333.60001
3756	333.5
3757	333.60001
3758	333.5
3759	333.40001
3760	333.29999
3761	333.60001
3762	333.60001
3763	333.60001
3764	333.7
3765	333.5
3766	333.7
3767	333.7
3768	333.40001
3769	333.40001
3770	333.40001
3771	333.40001
3772	333.60001
3773	333.5
3774	333.7
3775	333.5
3776	333.5
3777	333.7
3778	333.79999
3779	333.7
3780	333.99999
3781	333.99999
3782	333.9
3783	333.79999
3784	333.79999
3785	333.79999
3786	333.9
3787	333.79999
3788	333.99999
3789	334.10001
3790	333.9
3791	333.79999
3792	333.9
3793	333.99999
3794	333.79999
3795	333.9
3796	333.79999
3797	333.9
3798	334.10001
3799	334.10001
3800	334.10001
3801	334.30001
3802	334.30001
3803	334.19999
3804	334.19999
3805	334.19999
3806	334.19999
3807	334.10001
3808	333.9
3809	333.9
3810	333.99999
3811	334.10001
3812	333.99999
3813	333.99999
3814	334.10001
3815	334.10001
3816	334.10001
3817	334.10001
3818	334.19999
3819	334.30001
3820	334.30001
3821	334.19999
3822	334.19999
3823	334.10001
3824	334.10001
3825	334.30001
3826	334.10001
3827	334.10001
3828	333.9
3829	333.7
3830	333.7
3831	333.7
3832	333.7
3833	333.60001
3834	333.79999
3835	333.7
3836	333.9
3837	333.9
3838	333.79999
3839	333.79999
3840	333.79999
3841	333.9
3842	333.9
3843	334.10001
3844	334.10001
3845	333.99999
3846	334.10001
3847	334.30001
3848	334.19999
3849	334.4
3850	334.4
3851	334.30001
3852	334.19999
3853	334.30001
3854	334.19999
3855	334.10001
3856	334.10001
3857	334.10001
3858	334.30001
3859	334.30001
3860	334.4
3861	334.19999
3862	334.4
3863	333.9
3864	333.99999
3865	333.7
3866	333.99999
3867	333.79999
3868	333.79999
3869	333.7
3870	333.79999
3871	333.9
3872	333.79999
3873	333.79999
3874	333.79999
3875	333.9
3876	333.99999
3877	333.99999
3878	334.10001
3879	333.9
3880	333.79999
3881	333.79999
3882	333.9
3883	333.7
3884	333.60001
3885	333.9
3886	334.30001
3887	334.4
3888	334.69999
3889	334.89999
3890	335.1
3891	335.3
3892	335.70001
3893	335.90001
3894	336.29999
3895	336.60001
3896	337.00001
3897	337.70001
3898	338.49999
3899	338.80001
3900	339.50001
3901	340.29999
3902	341.19999
3903	341.6
3904	342.3
3905	342.99999
3906	343.69999
3907	343.69999
3908	343.80001
3909	343.80001
3910	344.00001
3911	344.00001
3912	344.1
3913	344.39999
3914	344.70001
3915	344.8
3916	344.70001
3917	344.59999
3918	344.90001
3919	344.8
3920	344.8
3921	344.70001
3922	344.70001
3923	344.59999
3924	344.39999
3925	344.19999
3926	344.39999
3927	344.70001
3928	344.8
3929	345.2
3930	345.29999
3931	345.40001
3932	345.2
3933	345.09999
3934	345.2
3935	345.2
3936	344.90001
3937	344.8
3938	344.50001
3939	344.59999
3940	344.70001
3941	344.90001
3942	345
3943	345.29999
3944	345.60001
3945	345.49999
3946	345.60001
3947	345.7
3948	345.60001
3949	345.60001
3950	345.40001
3951	345.09999
3952	345
3953	344.8
3954	344.8
3955	345
3956	345.2
3957	345.40001
3958	345.29999
3959	345.29999
3960	345.29999
3961	345.2
3962	345.09999
3963	345.2
3964	345.29999
3965	345.29999
3966	345.29999
3967	345.29999
3968	345.49999
3969	345.49999
3970	345.40001
3971	345.60001
3972	345.49999
3973	345.29999
3974	345.29999
3975	345.09999
3976	345
3977	345
3978	345
3979	345.09999
3980	345.29999
3981	345.29999
3982	345.29999
3983	345.29999
3984	345.2
3985	345.29999
3986	345.09999
3987	345.2
3988	345.29999
3989	345.09999
3990	345
3991	345
3992	345
3993	345
3994	345.09999
3995	345
3996	345.2
3997	345.09999
3998	345.29999
3999	345.40001
4000	345.40001
4001	345.49999
4002	345.29999
4003	345.29999
4004	345.7
4005	345.49999
4006	345.40001
4007	345.49999
4008	345.60001
4009	345.49999
4010	345.7
4011	345.60001
4012	345.60001
4013	345.49999
4014	345.60001
4015	345.49999
4016	345.49999
4017	345.29999
4018	345.29999
4019	345.40001
4020	345.49999
4021	345.29999
4022	345.29999
4023	345.60001
4024	345.7
4025	345.9
4026	345.80001
4027	345.80001
4028	345.7
4029	345.99999
4030	345.80001
4031	345.7
4032	345.80001
4033	345.7
4034	345.7
4035	345.7
4036	345.80001
4037	345.7
4038	345.49999
4039	345.60001
4040	345.80001
4041	345.99999
4042	345.80001
4043	345.80001
4044	345.99999
4045	345.99999
4046	345.9
4047	345.7
4048	345.99999
4049	345.9
4050	345.60001
4051	345.80001
4052	345.7
4053	345.9
4054	345.60001
4055	345.7
4056	345.7
4057	345.60001
4058	345.40001
4059	345.60001
4060	345.60001
4061	345.49999
4062	345.29999
4063	345
4064	344.70001
4065	344.1
4066	343.9
4067	343.69999
4068	343.69999
4069	343.49999
4070	343.69999
4071	343.80001
4072	344.1
4073	344.00001
4074	343.80001
4075	343.4
4076	342.09999
4077	339.39999
4078	335.39999
4079	333.40001
4080	329
4081	324.80001
4082	321.00001
4083	319.20001
4084	316.19999
4085	313.6
4086	312.09999
4087	311.50001
4088	310.9
4089	310.7
4090	310.79999
4091	310.79999
4092	311.8
4093	312.5
4094	313.10001
4095	314.1
4096	315.10001
4097	316.00001
4098	316.50001
4099	317.79999
4100	318.69999
4101	319.3
4102	319.79999
4103	320.6
4104	321.39999
4105	321.79999
4106	322.10001
4107	322.80001
4108	323.3
4109	323.8
4110	323.90001
4111	324.49999
4112	324.7
4113	325.39999
4114	325.6
4115	326.3
4116	326.40001
4117	326.7
4118	327.4
4119	327.6
4120	327.69999
4121	328.1
4122	328.3
4123	328.39999
4124	328.5
4125	328.59999
4126	328.79999
4127	328.90001
4128	329.29999
4129	329.4
4130	329.49999
4131	329.49999
4132	329.80001
4133	329.9
4134	329.9
4135	330.1
4136	330.19999
4137	330.3
4138	330.19999
4139	330.50001
4140	330.50001
4141	330.8
4142	330.50001
4143	330.50001
4144	330.50001
4145	330.50001
4146	330.3
4147	330.39999
4148	330.3
4149	330.50001
4150	330.50001
4151	330.90001
4152	330.8
4153	330.8
4154	330.90001
4155	331.2
4156	331.2
4157	331.29999
4158	331.80001
4159	331.49999
4160	331.60001
4161	331.80001
4162	331.7
4163	331.7
4164	331.80001
4165	331.9
4166	331.99999
4167	331.99999
4168	332.1
4169	332.1
4170	332.1
4171	332.30001
4172	332.19999
4173	332.19999
4174	332.19999
4175	332.39999
4176	332.39999
4177	332.1
4178	331.9
4179	332.1
4180	332.19999
4181	332.30001
4182	332.39999
4183	332.39999
4184	332.50001
4185	332.39999
4186	332.50001
4187	332.50001
4188	332.39999
4189	332.39999
4190	332.50001
4191	332.8
4192	332.6
4193	332.70001
4194	332.8
4195	332.6
4196	332.39999
4197	332.39999
4198	332.50001
4199	332.30001
4200	332.39999
4201	332.39999
4202	332.39999
4203	332.39999
4204	332.6
4205	332.39999
4206	332.39999
4207	332.50001
4208	332.50001
4209	332.50001
4210	332.50001
4211	332.8
4212	332.89999
4213	332.8
4214	332.8
4215	332.8
4216	333.09999
4217	333
4218	333.09999
4219	332.89999
4220	332.8
4221	332.8
4222	332.8
4223	332.8
4224	332.8
4225	332.8
4226	333.09999
4227	332.89999
4228	332.8
4229	332.8
4230	333
4231	332.8
4232	332.8
4233	333
4234	333.29999
4235	333.09999
4236	333.09999
4237	333.20001
4238	333.09999
4239	333.09999
4240	333.40001
4241	333.09999
4242	333
4243	333
4244	333.09999
4245	332.89999
4246	333.09999
4247	333
4248	332.89999
4249	333
4250	332.89999
4251	332.89999
4252	332.89999
4253	332.89999
4254	332.8
4255	333
4256	333.09999
4257	332.89999
4258	332.89999
4259	332.8
4260	332.70001
4261	332.8
4262	332.8
4263	332.8
4264	332.89999
4265	333
4266	333
4267	332.89999
4268	333
4269	332.8
4270	333.09999
4271	333.09999
4272	333.29999
4273	333.09999
4274	332.89999
4275	333
4276	332.8
4277	332.8
4278	333
4279	332.8
4280	332.8
4281	332.8
4282	332.8
4283	332.70001
4284	332.70001
4285	332.8
4286	332.8
4287	332.8
4288	333
4289	332.89999
4290	332.89999
4291	333.09999
4292	333.09999
4293	333.29999
4294	333.29999
4295	333.09999
4296	333.29999
4297	333.40001
4298	333.29999
4299	333.29999
4300	333.09999
4301	333.09999
4302	333
4303	333.09999
4304	333.09999
4305	333
4306	333.09999
4307	332.89999
4308	333
4309	333.29999
4310	333.09999
4311	333.29999
4312	333.20001
4313	333.20001
4314	333.20001
4315	333.20001
4316	333.09999
4317	332.8
4318	332.8
4319	333
4320	332.89999
4321	332.8
4322	333.09999
4323	333.09999
4324	333.09999
4325	333.09999
4326	333.09999
4327	332.89999
4328	333
4329	333
4330	333
4331	332.8
4332	332.89999
4333	332.8
4334	333
4335	333.09999
4336	333.09999
4337	333
4338	333.09999
4339	333
4340	333
4341	333.09999
4342	333.09999
4343	333.40001
4344	333.29999
4345	333.09999
4346	333.09999
4347	333.29999
4348	333.29999
4349	333.09999
4350	333.29999
4351	333.40001
4352	333.09999
4353	333.20001
4354	333.29999
4355	333.20001
4356	333.29999
4357	333.29999
4358	333.40001
4359	333.79999
4360	334.10001
4361	334.30001
4362	334.6
4363	334.50001
4364	334.69999
4365	335.3
4366	335.70001
4367	335.90001
4368	336.4
4369	336.69999
4370	337.00001
4371	337.59999
4372	338.29999
4373	338.99999
4374	339.19999
4375	339.8
4376	340.5
4377	341.50001
4378	341.8
4379	342.3
4380	342.40001
4381	342.40001
4382	342.7
4383	342.40001
4384	342.7
4385	342.79999
4386	342.7
4387	342.7
4388	343.10001
4389	343.4
4390	343.69999
4391	343.9
4392	343.80001
4393	343.69999
4394	343.6
4395	343.69999
4396	343.9
4397	344.00001
4398	343.80001
4399	343.80001
4400	343.80001
4401	343.69999
4402	343.69999
4403	343.6
4404	343.69999
4405	343.69999
4406	343.9
4407	344.00001
4408	343.9
4409	344.00001
4410	344.1
4411	344.1
4412	344.1
4413	344.00001
4414	344.1
4415	344.19999
4416	344.19999
4417	344.39999
4418	344.50001
4419	344.39999
4420	344.19999
4421	343.9
4422	343.9
4423	343.9
4424	344.19999
4425	344.1
4426	344.00001
4427	343.69999
4428	343.49999
4429	343.4
4430	343.4
4431	343.6
4432	344.00001
4433	343.80001
4434	343.80001
4435	344.00001
4436	343.69999
4437	343.9
4438	343.9
4439	344.1
4440	344.00001
4441	344.3
4442	344.50001
4443	344.50001
4444	344.90001
4445	344.90001
4446	344.8
4447	344.70001
4448	344.39999
4449	344.70001
4450	344.59999
4451	344.70001
4452	344.8
4453	345.09999
4454	345.09999
4455	345
4456	345
4457	344.90001
4458	345.09999
4459	345
4460	345
4461	345
4462	344.70001
4463	344.70001
4464	344.59999
4465	344.39999
4466	344.39999
4467	343.9
4468	343.69999
4469	343.6
4470	343.6
4471	343.9
4472	344.19999
4473	344.39999
4474	344.39999
4475	344.59999
4476	344.70001
4477	344.90001
4478	344.90001
4479	344.90001
4480	345
4481	345
4482	345.2
4483	345.29999
4484	345.2
4485	345.09999
4486	345.09999
4487	345
4488	345
4489	345
4490	345
4491	345
4492	345.40001
4493	345.09999
4494	345.09999
4495	345.09999
4496	345.2
4497	345.40001
4498	345.29999
4499	345.40001
4500	345.49999
4501	345.29999
4502	345.29999
4503	345.29999
4504	345.2
4505	345
4506	344.70001
4507	344.59999
4508	344.8
4509	344.70001
4510	344.59999
4511	344.59999
4512	344.50001
4513	344.39999
4514	344.50001
4515	344.70001
4516	344.70001
4517	345
4518	345.29999
4519	345.9
4520	345.80001
4521	345.7
4522	345.49999
4523	345.29999
4524	345.2
4525	345.09999
4526	344.90001
4527	344.90001
4528	344.8
4529	344.90001
4530	345.2
4531	345
4532	344.70001
4533	344.50001
4534	344.90001
4535	344.59999
4536	344.70001
4537	344.19999
4538	343.9
4539	343.69999
4540	343.4
4541	343.30001
4542	343.30001
4543	343.10001
4544	343.4
4545	343.4
4546	343.4
4547	343.10001
4548	342.79999
4549	341.6
4550	339.8
4551	338.49999
4552	335.20001
4553	331.29999
4554	329.10001
4555	325.30001
4556	321.3
4557	317.5
4558	315.9
4559	313.30001
4560	311.30001
4561	310.09999
4562	309.39999
4563	309.1
4564	308.60001
4565	308.9
4566	309.30001
4567	310.09999
4568	311.50001
4569	312.5
4570	312.99999
4571	314.39999
4572	315.4
4573	316.39999
4574	317
4575	317.9
4576	318.89999
4577	319.20001
4578	319.99999
4579	320.89999
4580	321.79999
4581	321.90001
4582	322.60001
4583	323.1
4584	323.8
4585	324
4586	324.40001
4587	324.9
4588	325.19999
4589	325.39999
4590	325.70001
4591	326.00001
4592	326.3
4593	326.40001
4594	326.40001
4595	326.59999
4596	326.79999
4597	326.90001
4598	327.2
4599	327.30001
4600	327.6
4601	327.89999
4602	328.3
4603	328.3
4604	328.3
4605	328.5
4606	328.59999
4607	328.90001
4608	328.90001
4609	329.10001
4610	329.10001
4611	329.2
4612	329.2
4613	329.29999
4614	329.4
4615	329.49999
4616	329.29999
4617	329.69999
4618	329.9
4619	329.80001
4620	330.19999
4621	330.1
4622	330.3
4623	330.3
4624	330.3
4625	330.50001
4626	330.59999
4627	330.70001
4628	330.90001
4629	330.8
4630	331.29999
4631	331.09999
4632	330.90001
4633	331.2
4634	330.8
4635	331
4636	331
4637	330.90001
4638	330.90001
4639	330.90001
4640	330.90001
4641	330.8
4642	330.90001
4643	331.2
4644	330.90001
4645	331.09999
4646	330.90001
4647	330.8
4648	331.2
4649	331.2
4650	331.09999
4651	331.2
4652	331.49999
4653	331.49999
4654	331.80001
4655	331.29999
4656	331.49999
4657	331.40001
4658	331.40001
4659	331.99999
4660	331.7
4661	331.80001
4662	331.9
4663	331.9
4664	331.7
4665	331.60001
4666	331.49999
4667	331.49999
4668	331.40001
4669	331.29999
4670	331.29999
4671	331.2
4672	331.2
4673	331.40001
4674	331.60001
4675	331.80001
4676	331.49999
4677	331.80001
4678	331.9
4679	331.80001
4680	331.99999
4681	331.99999
4682	332.1
4683	331.99999
4684	331.99999
4685	332.1
4686	331.9
4687	331.80001
4688	331.80001
4689	331.80001
4690	331.9
4691	331.49999
4692	331.49999
4693	331.60001
4694	331.49999
4695	331.80001
4696	331.7
4697	331.80001
4698	331.9
4699	331.80001
4700	331.7
4701	331.7
4702	331.80001
4703	331.7
4704	331.7
4705	331.80001
4706	331.99999
4707	332.19999
4708	332.30001
4709	332.39999
4710	332.30001
4711	332.39999
4712	332.19999
4713	332.1
4714	332.19999
4715	332.39999
4716	332.19999
4717	332.1
4718	332.1
4719	331.99999
4720	332.19999
4721	332.1
4722	332.19999
4723	332.19999
4724	332.1
4725	332.30001
4726	332.39999
4727	332.19999
4728	332.30001
4729	332.1
4730	332.30001
4731	332.1
4732	332.1
4733	332.19999
4734	332.1
4735	331.9
4736	331.99999
4737	332.19999
4738	332.1
4739	332.39999
4740	332.30001
4741	332.39999
4742	332.30001
4743	332.30001
4744	332.30001
4745	332.39999
4746	332.1
4747	332.30001
4748	332.1
4749	332.1
4750	331.99999
4751	331.9
4752	331.9
4753	332.19999
4754	332.19999
4755	332.30001
4756	332.19999
4757	332.1
4758	332.19999
4759	332.30001
4760	332.30001
4761	332.6
4762	332.39999
4763	332.39999
4764	332.30001
4765	332.30001
4766	332.39999
4767	332.39999
4768	332.6
4769	332.39999
4770	332.50001
4771	332.39999
4772	332.6
4773	332.50001
4774	332.39999
4775	332.6
4776	332.6
4777	332.50001
4778	332.89999
4779	333.09999
4780	333.79999
4781	334.10001
4782	332.89999
4783	332.6
4784	332.8
4785	332.30001
4786	332.50001
4787	332.39999
4788	332.50001
4789	332.89999
4790	333
4791	333.29999
4792	333.20001
4793	333.09999
4794	333.29999
4795	333.29999
4796	333.60001
4797	333.5
4798	333.7
4799	333.40001
4800	333.5
4801	333.7
4802	333
4803	333.29999
4804	333.40001
4805	333.29999
4806	333.40001
4807	333.20001
4808	333.29999
4809	333.40001
4810	333.40001
4811	333
4812	333.09999
4813	333.40001
4814	333.7
4815	333.5
4816	333.7
4817	333.7
4818	333.7
4819	333.79999
4820	333.99999
4821	333.9
4822	333.99999
4823	333.9
4824	333.9
4825	333.79999
4826	333.40001
4827	333.40001
4828	333.40001
4829	333.40001
4830	333.09999
4831	333.40001
4832	333.7
4833	334.6
4834	335.00001
4835	335.59999
4836	335.39999
4837	336
4838	336.2
4839	336.80001
4840	337.39999
4841	338.2
4842	338.49999
4843	339.19999
4844	340
4845	340.40001
4846	340.99999
4847	341.69999
4848	342.20001
4849	342.99999
4850	343.10001
4851	344.00001
4852	344.3
4853	344.00001
4854	344.19999
4855	344.59999
4856	344.50001
4857	344.50001
4858	344.59999
4859	344.8
4860	345
4861	344.8
4862	345
4863	345.29999
4864	345.2
4865	345
4866	345.29999
4867	345.2
4868	345.29999
4869	345
4870	345.29999
4871	345.29999
4872	345.40001
4873	345.49999
4874	345.29999
4875	345.9
4876	346.1
4877	345.60001
4878	345.99999
4879	345.9
4880	345.80001
4881	346.1
4882	345.99999
4883	345.9
4884	345.80001
4885	345.9
4886	345.9
4887	345.7
4888	345.9
4889	345.80001
4890	345.80001
4891	345.9
4892	345.60001
4893	346.1
4894	346.1
4895	346.39999
4896	346.70001
4897	346.19999
4898	346.1
4899	346.19999
4900	346.6
4901	346.6
4902	346.6
4903	346.30001
4904	345.99999
4905	346.19999
4906	346.1
4907	346.1
4908	345.99999
4909	346.6
4910	346.30001
4911	346.70001
4912	346.50001
4913	346.70001
4914	346.50001
4915	346.1
4916	346.30001
4917	346.1
4918	346.39999
4919	346.30001
4920	346.30001
4921	346.30001
4922	346.39999
4923	346.6
4924	346.30001
4925	346.30001
4926	346.39999
4927	346.1
4928	346.30001
4929	345.99999
4930	346.1
4931	346.1
4932	346.19999
4933	346.50001
4934	346.39999
4935	346.6
4936	346.6
4937	346.6
4938	346.8
4939	346.8
4940	346.89999
4941	346.70001
4942	346.8
4943	346.6
4944	346.39999
4945	346.30001
4946	346.6
4947	346.6
4948	346.6
4949	346.70001
4950	346.50001
4951	346.1
4952	345.99999
4953	346.1
4954	346.19999
4955	346.30001
4956	346.19999
4957	346.30001
4958	346.30001
4959	346.50001
4960	346.70001
4961	346.89999
4962	347.20001
4963	346.89999
4964	346.89999
4965	346.89999
4966	346.89999
4967	346.6
4968	346.6
4969	346.39999
4970	346.70001
4971	347
4972	346.70001
4973	346.89999
4974	347.20001
4975	347.20001
4976	347.20001
4977	347.09999
4978	346.89999
4979	347
4980	346.8
4981	346.89999
4982	346.89999
4983	346.50001
4984	346.50001
4985	346.50001
4986	346.30001
4987	346.8
4988	346.6
4989	346.89999
4990	347.29999
4991	347.40001
4992	347.29999
4993	347.40001
4994	347.29999
4995	347.29999
4996	346.89999
4997	347.29999
4998	347.29999
4999	347.29999
5000	347.29999
5001	347.60001
5002	347.20001
5003	346.89999
5004	347.29999
5005	347.40001
5006	347.79999
5007	347.60001
5008	347.29999
5009	346.70001
5010	346.30001
5011	346.1
5012	345.29999
5013	345.09999
5014	345
5015	344.59999
5016	344.70001
5017	345
5018	345.2
5019	344.70001
5020	344.39999
5021	342.79999
5022	341.89999
5023	340.20001
5024	337.50001
5025	333.9
5026	331.80001
5027	327.30001
5028	322.80001
5029	318.69999
5030	317.20001
5031	314.1
5032	311.8
5033	310.5
5034	310.09999
5035	310.09999
5036	310.29999
5037	310.5
5038	311.19999
5039	311.89999
5040	312.79999
5041	313.2
5042	314.39999
5043	315.2
5044	315.9
5045	316.50001
5046	317.60001
5047	318.50001
5048	319.40001
5049	319.99999
5050	320.89999
5051	321.3
5052	322.49999
5053	322.49999
5054	323.1
5055	324
5056	324.2
5057	324.49999
5058	324.80001
5059	325.1
5060	325.50001
5061	325.70001
5062	325.89999
5063	326.09999
5064	326.3
5065	326.59999
5066	326.99999
5067	327.2
5068	327.6
5069	327.69999
5070	328.59999
5071	328.59999
5072	328.70001
5073	328.90001
5074	329.2
5075	329.29999
5076	329.2
5077	329.80001
5078	329.60001
5079	330.1
5080	330.1
5081	330.3
5082	330.59999
5083	330.59999
5084	330.50001
5085	330.8
5086	330.8
5087	330.50001
5088	330.70001
5089	330.8
5090	330.90001
5091	330.90001
5092	330.8
5093	330.70001
5094	330.70001
5095	330.8
5096	330.90001
5097	331
5098	331.40001
5099	331.49999
5100	331.09999
5101	331
5102	331
5103	331.2
5104	331
5105	330.8
5106	330.70001
5107	331.09999
5108	330.8
5109	331.09999
5110	331.09999
5111	330.8
5112	331.09999
5113	331.2
5114	331
5115	331.29999
5116	331.60001
5117	331.80001
5118	331.2
5119	331.49999
5120	331.49999
5121	331.49999
5122	331.49999
5123	331.80001
5124	331.80001
5125	331.49999
5126	331.9
5127	331.9
5128	331.80001
5129	331.99999
5130	331.99999
5131	332.19999
5132	331.80001
5133	331.49999
5134	332.30001
5135	332.1
5136	332.19999
5137	332.30001
5138	332.39999
5139	332.50001
5140	332.50001
5141	332.19999
5142	332.1
5143	332.50001
5144	332.19999
5145	332.39999
5146	332.8
5147	332.6
5148	332.50001
5149	332.39999
5150	332.6
5151	332.6
5152	332.50001
5153	332.70001
5154	332.70001
5155	332.8
5156	333
5157	332.50001
5158	332.8
5159	332.8
5160	332.70001
5161	332.6
5162	332.19999
5163	332.50001
5164	332.6
5165	332.6
5166	332.70001
5167	332.8
5168	332.8
5169	332.89999
5170	333
5171	332.70001
5172	332.50001
5173	333.09999
5174	332.8
5175	333
5176	333
5177	332.8
5178	333.09999
5179	332.89999
5180	332.8
5181	332.8
5182	332.8
5183	333.09999
5184	333.29999
5185	333.09999
5186	333.09999
5187	332.89999
5188	332.89999
5189	333.09999
5190	332.8
5191	332.70001
5192	333.09999
5193	332.8
5194	333.09999
5195	333.40001
5196	333.09999
5197	333.29999
5198	332.8
5199	333
5200	333
5201	332.70001
5202	332.8
5203	332.89999
5204	332.70001
5205	332.89999
5206	332.8
5207	332.8
5208	332.8
5209	332.70001
5210	332.6
5211	333
5212	332.89999
5213	332.89999
5214	333
5215	332.8
5216	332.70001
5217	332.8
5218	332.8
5219	332.8
5220	332.6
5221	332.8
5222	333
5223	333.09999
5224	333.40001
5225	333.20001
5226	333
5227	333.20001
5228	333.09999
5229	333.29999
5230	333.09999
5231	333
5232	333.09999
5233	333
5234	333.20001
5235	333.09999
5236	333.60001
5237	333.7
5238	333.40001
5239	333.7
5240	333.29999
5241	333.60001
5242	333.7
5243	333.79999
5244	333.7
5245	333.7
5246	333.40001
5247	333.7
5248	333.5
5249	333.60001
5250	333.40001
5251	333.5
5252	333.20001
5253	333.20001
5254	333.29999
5255	333.40001
5256	333.7
5257	333.20001
5258	333.5
5259	333.60001
5260	333.7
5261	333.7
5262	333.99999
5263	334.10001
5264	334.50001
5265	334.4
5266	334.69999
5267	334.50001
5268	334.69999
5269	334.69999
5270	334.69999
5271	334.69999
5272	334.30001
5273	334.6
5274	334.19999
5275	334.4
5276	334.4
5277	334.30001
5278	333.9
5279	334.10001
5280	334.30001
5281	334.10001
5282	334.10001
5283	334.10001
5284	333.79999
5285	333.99999
5286	333.99999
5287	334.10001
5288	334.4
5289	334.4
5290	334.69999
5291	334.30001
5292	334.30001
5293	334.19999
5294	334.10001
5295	334.10001
5296	333.9
5297	333.60001
5298	333.99999
5299	334.10001
5300	333.99999
5301	333.9
5302	333.79999
5303	334.10001
5304	334.10001
5305	334.6
5306	334.6
5307	335.5
5308	335.70001
5309	336
5310	336.49999
5311	337.00001
5312	337.00001
5313	337.59999
5314	337.90001
5315	338.40001
5316	339.19999
5317	339.70001
5318	340.5
5319	341.19999
5320	342.3
5321	342.40001
5322	342.79999
5323	343.4
5324	344.1
5325	344.3
5326	344.70001
5327	345.09999
5328	345.2
5329	345
5330	345.29999
5331	345.29999
5332	345.29999
5333	345.40001
5334	345.49999
5335	345.7
5336	345.9
5337	345.7
5338	345.99999
5339	345.99999
5340	345.99999
5341	346.1
5342	346.39999
5343	346.50001
5344	346.6
5345	346.8
5346	346.70001
5347	346.70001
5348	346.89999
5349	346.89999
5350	347.09999
5351	346.6
5352	346.89999
5353	347.09999
5354	346.6
5355	346.6
5356	346.8
5357	346.89999
5358	346.6
5359	347.09999
5360	347.29999
5361	347.40001
5362	347.60001
5363	347.60001
5364	347.7
5365	347.60001
5366	347.60001
5367	347.60001
5368	347.9
5369	347.9
5370	347.79999
5371	347.9
5372	347.99999
5373	348.19999
5374	348.19999
5375	348.10001
5376	348.50001
5377	348.30001
5378	348.30001
5379	348.4
5380	348.50001
5381	348.19999
5382	347.99999
5383	347.99999
5384	348.30001
5385	347.99999
5386	348.10001
5387	347.99999
5388	348.19999
5389	348.19999
5390	348.4
5391	348.19999
5392	348.4
5393	348.10001
5394	347.7
5395	347.79999
5396	347.9
5397	347.9
5398	347.9
5399	347.99999
5400	348.10001
5401	347.99999
5402	347.60001
5403	347.79999
5404	347.99999
5405	347.79999
5406	347.79999
5407	347.7
5408	348.19999
5409	348.30001
5410	348.19999
5411	347.9
5412	348.10001
5413	347.9
5414	347.79999
5415	347.9
5416	347.79999
5417	348.10001
5418	347.99999
5419	348.30001
5420	348.30001
5421	348.4
5422	348.50001
5423	348.8
5424	349.20001
5425	349.00001
5426	349.20001
5427	348.89999
5428	349.00001
5429	349.20001
5430	349.20001
5431	349.5
5432	349.3
5433	349.59999
5434	349.79999
5435	349.79999
5436	349.79999
5437	349.79999
5438	349.7
5439	349.5
5440	349.3
5441	349.3
5442	349.3
5443	349.00001
5444	348.89999
5445	349.00001
5446	349.09999
5447	348.89999
5448	348.89999
5449	349.20001
5450	349.3
5451	349.3
5452	349.40001
5453	349.5
5454	349.5
5455	349.3
5456	349.09999
5457	349.20001
5458	349.40001
5459	349.5
5460	349.5
5461	349.7
5462	349.5
5463	349.40001
5464	349.5
5465	349.5
5466	349.5
5467	349.5
5468	349.5
5469	349.5
5470	349.59999
5471	349.7
5472	349.99999
5473	349.79999
5474	349.79999
5475	349.5
5476	349.79999
5477	349.90001
5478	349.79999
5479	350.10001
5480	349.90001
5481	349.79999
5482	349.3
5483	349.09999
5484	348.30001
5485	347.9
5486	347.40001
5487	347.20001
5488	347.29999
5489	346.89999
5490	346.89999
5491	346.89999
5492	346.70001
5493	346.19999
5494	345.9
5495	344.70001
5496	342.90001
5497	342.09999
5498	338.29999
5499	334.30001
5500	329.80001
5501	327.6
5502	323.8
5503	320.4
5504	317.40001
5505	316.39999
5506	314.70001
5507	313.6
5508	312.99999
5509	312.99999
5510	313.49999
5511	314.00001
5512	314.90001
5513	315.4
5514	316.50001
5515	317.29999
5516	318.10001
5517	318.8
5518	319.79999
5519	320.49999
5520	321.5
5521	321.90001
5522	322.69999
5523	323.39999
5524	323.90001
5525	324.7
5526	325.39999
5527	326.00001
5528	326.3
5529	326.99999
5530	327.49999
5531	327.89999
5532	328.3
5533	328.70001
5534	328.90001
5535	329.29999
5536	329.60001
5537	329.9
5538	330.3
5539	330.8
5540	330.90001
5541	331.09999
5542	331.49999
5543	331.49999
5544	331.40001
5545	331.49999
5546	331.9
5547	332.19999
5548	332.1
5549	332.19999
5550	332.6
5551	332.50001
5552	332.70001
5553	332.8
5554	333
5555	333.09999
5556	333
5557	333.20001
5558	333.20001
5559	333.29999
5560	333.60001
5561	333.99999
5562	333.99999
5563	334.19999
5564	334.30001
5565	334.4
5566	334.4
5567	334.4
5568	334.50001
5569	334.69999
5570	334.69999
5571	334.6
5572	334.8
5573	334.69999
5574	334.69999
5575	335.00001
5576	336.2
5577	334.8
5578	334.89999
5579	334.69999
5580	334.8
5581	334.8
5582	334.69999
5583	334.6
5584	334.8
5585	335.00001
5586	334.89999
5587	334.8
5588	335.3
5589	335.00001
5590	335.1
5591	335.20001
5592	335.3
5593	335.39999
5594	335.20001
5595	335.20001
5596	335.39999
5597	335.5
5598	335.70001
5599	335.70001
5600	335.79999
5601	335.79999
5602	335.70001
5603	335.59999
5604	335.70001
5605	336.49999
5606	338
5607	339.39999
5608	339.50001
5609	339.39999
5610	341.10001
5611	338
5612	335.3
5613	331.40001
5614	329
5615	327.69999
5616	327.6
5617	328.39999
5618	328.79999
5619	328.70001
5620	328.59999
5621	329.2
5622	330.19999
5623	331
5624	331.29999
5625	332.1
5626	332.6
5627	333
5628	333.09999
5629	333.40001
5630	333.79999
5631	333.99999
5632	333.99999
5633	334.10001
5634	334.4
5635	334.50001
5636	334.50001
5637	334.8
5638	334.69999
5639	334.8
5640	335.00001
5641	335.1
5642	335.1
5643	335.1
5644	335.00001
5645	335.00001
5646	335.00001
5647	335.00001
5648	335.00001
5649	334.8
5650	335.00001
5651	335.00001
5652	335.1
5653	334.89999
5654	335.00001
5655	335.1
5656	335.20001
5657	335.20001
5658	335.3
5659	335.39999
5660	335.39999
5661	335.59999
5662	335.59999
5663	335.70001
5664	335.59999
5665	335.5
5666	335.59999
5667	335.5
5668	335.5
5669	335.59999
5670	335.70001
5671	335.70001
5672	335.59999
5673	335.70001
5674	335.59999
5675	335.70001
5676	335.70001
5677	335.79999
5678	335.70001
5679	335.5
5680	335.70001
5681	335.70001
5682	335.70001
5683	335.70001
5684	336
5685	335.90001
5686	335.79999
5687	336
5688	335.90001
5689	335.70001
5690	335.59999
5691	335.5
5692	335.3
5693	335.70001
5694	335.90001
5695	335.70001
5696	335.90001
5697	336
5698	335.79999
5699	335.90001
5700	336
5701	335.90001
5702	336
5703	335.79999
5704	336.10001
5705	335.90001
5706	335.90001
5707	335.90001
5708	335.79999
5709	335.90001
5710	335.59999
5711	335.70001
5712	335.79999
5713	336
5714	336
5715	336.10001
5716	336.29999
5717	336.29999
5718	336.29999
5719	336.4
5720	336.4
5721	336.29999
5722	336.2
5723	336.2
5724	336.29999
5725	336.29999
5726	336.2
5727	336.10001
5728	336.2
5729	336.2
5730	336.2
5731	336.2
5732	336.4
5733	336.10001
5734	336.29999
5735	336.2
5736	336.29999
5737	336.29999
5738	336.29999
5739	336.4
5740	336.49999
5741	336.49999
5742	336.29999
5743	336.4
5744	336.60001
5745	336.49999
5746	336.29999
5747	336.29999
5748	336.29999
5749	336
5750	336.29999
5751	336.29999
5752	336.29999
5753	336.60001
5754	336.49999
5755	336.60001
5756	336.4
5757	336.60001
5758	336.4
5759	336.60001
5760	336.80001
5761	336.60001
5762	336.80001
5763	336.9
5764	336.80001
5765	336.60001
5766	336.80001
5767	336.60001
5768	336.80001
5769	336.69999
5770	336.60001
5771	336.69999
5772	336.69999
5773	336.60001
5774	336.69999
5775	336.69999
5776	336.80001
5777	337.00001
5778	337.00001
5779	337.00001
5780	336.9
5781	336.9
5782	336.9
5783	336.60001
5784	336.49999
5785	336.60001
5786	337.00001
5787	337.3
5788	337.90001
5789	338
5790	338.60001
5791	339.30001
5792	339.89999
5793	340.29999
5794	341.10001
5795	341.8
5796	342.09999
5797	342.5
5798	342.7
5799	343.10001
5800	343.30001
5801	343.69999
5802	343.80001
5803	344.3
5804	344.3
5805	344.8
5806	345.09999
5807	345.2
5808	345.49999
5809	345.29999
5810	345.60001
5811	345.29999
5812	345.29999
5813	345.60001
5814	345.60001
5815	345.9
5816	345.99999
5817	345.99999
5818	346.30001
5819	345.99999
5820	345.99999
5821	345.99999
5822	345.7
5823	345.49999
5824	345.49999
5825	345.40001
5826	345.29999
5827	345.49999
5828	345.7
5829	345.40001
5830	345.60001
5831	345.99999
5832	345.9
5833	345.99999
5834	345.99999
5835	346.1
5836	346.50001
5837	346.50001
5838	346.6
5839	346.6
5840	346.6
5841	346.8
5842	346.8
5843	346.6
5844	346.6
5845	346.6
5846	346.8
5847	346.50001
5848	346.6
5849	346.30001
5850	346.30001
5851	346.1
5852	345.99999
5853	345.60001
5854	345.49999
5855	345.60001
5856	345.80001
5857	345.99999
5858	346.30001
5859	346.30001
5860	346.8
5861	346.6
5862	346.8
5863	346.89999
5864	346.89999
5865	347.09999
5866	346.89999
5867	347.09999
5868	347.29999
5869	347.40001
5870	347.5
5871	347.29999
5872	347.29999
5873	347.29999
5874	347.20001
5875	347.20001
5876	347.40001
5877	347.40001
5878	347.5
5879	347.60001
5880	347.29999
5881	347.29999
5882	346.89999
5883	346.70001
5884	346.70001
5885	346.70001
5886	347
5887	347.29999
5888	347.29999
5889	347.09999
5890	346.89999
5891	346.6
5892	346.39999
5893	346.39999
5894	346.8
5895	346.70001
5896	346.89999
5897	346.89999
5898	347.09999
5899	347
5900	347.09999
5901	346.89999
5902	346.89999
5903	346.6
5904	346.6
5905	346.89999
5906	346.89999
5907	347
5908	347.09999
5909	347.29999
5910	347.40001
5911	347.60001
5912	347.60001
5913	347.60001
5914	347.9
5915	347.79999
5916	347.9
5917	348.19999
5918	348.10001
5919	347.99999
5920	347.9
5921	347.79999
5922	347.79999
5923	347.7
5924	347.79999
5925	347.9
5926	347.9
5927	347.9
5928	347.7
5929	347.60001
5930	347.40001
5931	347.40001
5932	347.60001
5933	347.7
5934	347.60001
5935	347.9
5936	347.5
5937	347.5
5938	347.29999
5939	347.09999
5940	347.09999
5941	347
5942	347
5943	346.89999
5944	346.70001
5945	346.89999
5946	346.6
5947	346.6
5948	346.8
5949	346.6
5950	346.89999
5951	346.89999
5952	347
5953	347.7
5954	347.5
5955	347.60001
5956	347.40001
5957	347.5
5958	347.79999
5959	347.99999
5960	348.10001
5961	348.10001
5962	348.10001
5963	348.4
5964	348.50001
5965	348.6
5966	348.19999
5967	347.7
5968	346.30001
5969	345.09999
5970	342.3
5971	338.60001
5972	334.30001
5973	331.80001
5974	327.30001
5975	322.9
5976	319.59999
5977	318.19999
5978	315.60001
5979	313.89999
5980	313.10001
5981	312.79999
5982	312.3
5983	312.5
5984	312.7
5985	313.6
5986	314.39999
5987	315.49999
5988	316.00001
5989	317.29999
5990	318.19999
5991	319.7
5992	320.2
5993	321.5
5994	322.49999
5995	323.39999
5996	323.8
5997	324.7
5998	325.39999
5999	326.00001
6000	326.40001
6001	327.2
6002	327.80001
6003	328.3
6004	328.59999
6005	329
6006	329.49999
6007	329.9
6008	330.1
6009	330.70001
6010	331.09999
6011	331.29999
6012	331.49999
6013	331.99999
6014	332.1
6015	332.1
6016	332.30001
6017	332.50001
6018	332.89999
6019	333
6020	333.29999
6021	333.40001
6022	333.5
6023	333.5
6024	333.60001
6025	333.7
6026	334.10001
6027	334.10001
6028	334.19999
6029	334.4
6030	334.6
6031	334.50001
6032	334.69999
6033	334.69999
6034	334.89999
6035	334.89999
6036	335.1
6037	335.00001
6038	335.1
6039	335.20001
6040	335.3
6041	335.1
6042	335.20001
6043	335.3
6044	335.39999
6045	335.20001
6046	335.3
6047	335.5
6048	335.5
6049	335.39999
6050	335.70001
6051	335.70001
6052	335.90001
6053	335.70001
6054	335.79999
6055	335.70001
6056	335.90001
6057	335.70001
6058	335.90001
6059	336
6060	335.90001
6061	336
6062	336
6063	336
6064	336
6065	336
6066	336.10001
6067	336.2
6068	336.10001
6069	336.29999
6070	336.2
6071	336.29999
6072	336.49999
6073	336.4
6074	336.4
6075	336.60001
6076	336.49999
6077	336.4
6078	336.4
6079	336.49999
6080	336.49999
6081	336.60001
6082	336.60001
6083	336.69999
6084	336.49999
6085	336.60001
6086	336.60001
6087	336.80001
6088	336.80001
6089	336.80001
6090	337.00001
6091	336.9
6092	336.9
6093	336.80001
6094	336.9
6095	336.60001
6096	336.80001
6097	336.9
6098	336.80001
6099	336.60001
6100	336.69999
6101	336.9
6102	336.9
6103	336.80001
6104	337.1
6105	337.19999
6106	337.19999
6107	337.3
6108	337.00001
6109	336.9
6110	336.4
6111	336.49999
6112	336.60001
6113	336.60001
6114	336.60001
6115	336.69999
6116	337.00001
6117	337.00001
6118	337.19999
6119	336.80001
6120	336.9
6121	337.00001
6122	337.19999
6123	337.1
6124	337.3
6125	337.39999
6126	337.39999
6127	337.19999
6128	337.39999
6129	337.19999
6130	337.3
6131	337.19999
6132	337.3
6133	337.3
6134	337.1
6135	337.00001
6136	337.1
6137	337.1
6138	336.9
6139	337.00001
6140	337.00001
6141	337.00001
6142	337.00001
6143	337.3
6144	337.19999
6145	337.3
6146	337.19999
6147	337.1
6148	337.1
6149	337.19999
6150	337.1
6151	337.00001
6152	337.1
6153	337.1
6154	337.3
6155	337.1
6156	337.19999
6157	337.19999
6158	337.1
6159	337.00001
6160	337.3
6161	337.3
6162	337.3
6163	337.19999
6164	337.3
6165	337.3
6166	337.59999
6167	337.70001
6168	337.90001
6169	337.59999
6170	337.90001
6171	337.70001
6172	337.59999
6173	337.50001
6174	337.39999
6175	337.39999
6176	337.50001
6177	337.3
6178	337.59999
6179	337.8
6180	337.90001
6181	337.8
6182	337.8
6183	337.70001
6184	337.8
6185	337.70001
6186	337.59999
6187	337.59999
6188	337.3
6189	337.59999
6190	337.59999
6191	337.59999
6192	337.8
6193	337.59999
6194	337.59999
6195	337.59999
6196	337.59999
6197	337.70001
6198	337.50001
6199	337.50001
6200	337.59999
6201	337.90001
6202	337.59999
6203	337.59999
6204	337.8
6205	337.70001
6206	337.90001
6207	337.70001
6208	337.8
6209	337.70001
6210	337.70001
6211	337.70001
6212	337.8
6213	337.59999
6214	337.8
6215	337.70001
6216	337.8
6217	337.8
6218	337.90001
6219	337.90001
6220	337.90001
6221	337.8
6222	337.59999
6223	337.90001
6224	337.59999
6225	337.8
6226	337.59999
6227	337.8
6228	337.70001
6229	337.59999
6230	337.8
6231	337.70001
6232	337.70001
6233	337.70001
6234	337.59999
6235	337.8
6236	337.8
6237	337.90001
6238	337.59999
6239	337.8
6240	337.39999
6241	337.39999
6242	337.3
6243	337.70001
6244	337.3
6245	337.39999
6246	337.3
6247	337.3
6248	337.3
6249	337.19999
6250	337.19999
6251	337.3
6252	337.3
6253	337.39999
6254	337.1
6255	337.00001
6256	337.1
6257	337.1
6258	337.3
6259	337.19999
6260	337.50001
6261	337.90001
6262	338.09999
6263	338.80001
6264	338.9
6265	339.6
6266	340.20001
6267	340.9
6268	341.30001
6269	341.89999
6270	342.5
6271	342.90001
6272	343.4
6273	344.00001
6274	344.59999
6275	344.90001
6276	344.90001
6277	345.40001
6278	345.60001
6279	345.80001
6280	345.80001
6281	345.80001
6282	346.1
6283	345.9
6284	346.30001
6285	345.99999
6286	346.39999
6287	346.39999
6288	346.30001
6289	346.6
6290	346.30001
6291	346.39999
6292	346.39999
6293	346.1
6294	346.1
6295	346.30001
6296	346.19999
6297	346.39999
6298	346.6
6299	346.39999
6300	346.39999
6301	346.30001
6302	346.39999
6303	346.6
6304	346.70001
6305	346.70001
6306	346.89999
6307	346.8
6308	346.8
6309	346.89999
6310	346.89999
6311	346.89999
6312	347
6313	346.8
6314	346.89999
6315	346.70001
6316	346.8
6317	346.8
6318	346.8
6319	346.6
6320	346.50001
6321	346.30001
6322	346.39999
6323	346.19999
6324	346.30001
6325	346.30001
6326	346.50001
6327	346.50001
6328	346.70001
6329	346.8
6330	346.89999
6331	347.09999
6332	346.89999
6333	346.8
6334	346.6
6335	346.50001
6336	346.19999
6337	345.80001
6338	345.99999
6339	345.80001
6340	345.49999
6341	345.60001
6342	345.7
6343	345.7
6344	345.99999
6345	346.19999
6346	346.30001
6347	346.39999
6348	346.19999
6349	345.99999
6350	345.80001
6351	346.19999
6352	346.30001
6353	346.50001
6354	346.39999
6355	346.6
6356	346.50001
6357	346.6
6358	346.70001
6359	347
6360	346.89999
6361	347.09999
6362	347.29999
6363	347.09999
6364	347.29999
6365	347.29999
6366	347.40001
6367	347.5
6368	347.29999
6369	347.60001
6370	347.5
6371	347.29999
6372	347.60001
6373	347.5
6374	347.20001
6375	347.20001
6376	347.29999
6377	347.29999
6378	347.40001
6379	347.5
6380	347.29999
6381	347.29999
6382	347.29999
6383	347.29999
6384	347.40001
6385	347.29999
6386	347.29999
6387	347.40001
6388	347.09999
6389	347
6390	347.09999
6391	347.20001
6392	347.09999
6393	347.29999
6394	347.29999
6395	347.29999
6396	347.29999
6397	347.29999
6398	347.5
6399	347.29999
6400	347.29999
6401	347
6402	347
6403	347.29999
6404	347.29999
6405	347.40001
6406	347.5
6407	347.7
6408	347.9
6409	347.60001
6410	347.40001
6411	347.60001
6412	347.60001
6413	347.5
6414	347.60001
6415	347.60001
6416	347.29999
6417	347.29999
6418	347.29999
6419	347.29999
6420	347.29999
6421	347.40001
6422	347.29999
6423	347.09999
6424	347.29999
6425	347.20001
6426	343.69999
6427	347.40001
6428	347.09999
6429	347
6430	347
6431	347.29999
6432	347.29999
6433	347.09999
6434	347.40001
6435	347.5
6436	347.29999
6437	347.5
6438	347.60001
6439	347.29999
6440	347.29999
6441	346.89999
6442	345.09999
6443	342.7
6444	341.10001
6445	337.3
6446	333.09999
6447	328.90001
6448	326.90001
6449	323.00001
6450	319.90001
6451	317.29999
6452	316.00001
6453	314.39999
6454	313.30001
6455	312.99999
6456	312.79999
6457	313.2
6458	313.89999
6459	315
6460	315.4
6461	316.50001
6462	317.40001
6463	318.4
6464	318.89999
6465	320.10001
6466	321.20001
6467	321.5
6468	322.49999
6469	323.70001
6470	324.29999
6471	324.7
6472	325.39999
6473	326.00001
6474	326.7
6475	326.99999
6476	327.80001
6477	328.3
6478	328.79999
6479	328.90001
6480	329.4
6481	329.9
6482	330.1
6483	330.39999
6484	330.59999
6485	331.2
6486	331.40001
6487	331.60001
6488	331.9
6489	332.39999
6490	332.39999
6491	332.39999
6492	333
6493	332.8
6494	333
6495	333
6496	333
6497	332.89999
6498	333.29999
6499	333.09999
6500	333.20001
6501	333.40001
6502	333.40001
6503	333.79999
6504	334.19999
6505	334.19999
6506	334.19999
6507	334.4
6508	334.6
6509	334.69999
6510	334.69999
6511	334.89999
6512	334.8
6513	334.8
6514	335.00001
6515	335.00001
6516	335.00001
6517	334.89999
6518	335.00001
6519	335.00001
6520	335.3
6521	335.3
6522	335.3
6523	335.79999
6524	335.70001
6525	335.79999
6526	336
6527	336.29999
6528	336.10001
6529	336.10001
6530	336.10001
6531	336.29999
6532	336.29999
6533	336.29999
6534	336.4
6535	336.29999
6536	336.29999
6537	336.2
6538	336.29999
6539	336.2
6540	336.29999
6541	336.29999
6542	336.49999
6543	336.49999
6544	336.60001
6545	336.60001
6546	336.60001
6547	336.60001
6548	336.60001
6549	336.60001
6550	336.60001
6551	336.69999
6552	336.60001
6553	337.00001
6554	336.49999
6555	336.69999
6556	336.60001
6557	336.69999
6558	336.80001
6559	336.69999
6560	336.9
6561	336.69999
6562	336.9
6563	337.00001
6564	337.00001
6565	336.80001
6566	336.69999
6567	336.9
6568	337.1
6569	337.00001
6570	337.00001
6571	337.1
6572	337.00001
6573	337.00001
6574	337.00001
6575	337.1
6576	337.00001
6577	337.19999
6578	337.00001
6579	337.19999
6580	337.1
6581	337.3
6582	337.1
6583	337.1
6584	337.00001
6585	337.00001
6586	337.00001
6587	336.9
6588	337.3
6589	337.00001
6590	337.00001
6591	336.9
6592	337.1
6593	336.80001
6594	337.00001
6595	337.00001