1	287.5499878
2	287.5899963
3	287.5299988
4	287.5499878
5	287.5299988
6	287.5100098
7	287.5299988
8	287.5499878
9	287.5299988
10	287.5100098
11	287.4899902
12	287.4899902
13	287.4899902
14	287.4899902
15	287.5700073
16	287.5299988
17	287.7000122
18	287.7600098
19	287.7600098
20	287.7799988
21	287.7799988
22	287.7399902
23	287.7000122
24	287.6099854
25	287.6300049
26	287.6300049
27	287.6300049
28	287.5700073
29	287.6499939
30	287.7600098
31	287.7999878
32	287.7000122
33	287.7200012
34	287.6700134
35	287.7200012
36	287.7600098
37	287.8200073
38	287.8800049
39	287.8399963
40	287.8599854
41	287.8399963
42	287.8800049
43	287.9299927
44	287.9700012
45	287.9500122
46	287.9700012
47	288.0899963
48	288.1099854
49	288.0700073
50	288.0499878
51	288.0499878
52	288.0499878
53	287.9299927
54	287.8999939
55	287.8399963
56	287.7600098
57	287.8399963
58	287.8399963
59	287.8800049
60	287.9500122
61	287.9700012
62	287.9700012
63	287.9899902
64	288.0100098
65	288.0100098
66	288.0499878
67	288.1099854
68	287.9899902
69	288.0100098
70	287.9700012
71	287.9700012
72	287.9299927
73	288.0299988
74	287.9899902
75	287.9700012
76	288.0100098
77	288.0299988
78	288.0499878
79	288.0499878
80	287.9899902
81	287.9899902
82	287.9500122
83	287.9500122
84	287.8399963
85	287.8200073
86	287.8599854
87	288.0100098
88	288.0899963
89	287.9899902
90	287.9899902
91	288.1099854
92	288.1600037
93	288.2399902
94	288.2200012
95	288.2999878
96	288.3900146
97	288.3900146
98	288.4700012
99	288.5299988
100	288.6400146
101	288.5700073
102	288.7200012
103	288.7799988
104	288.8900146
105	289.1199951
106	289.1400146
107	289.3099976
108	289.4100037
109	289.4899902
110	289.5799866
111	289.6799927
112	289.7399902
113	289.8500061
114	289.9700012
115	290.0799866
116	290.1199951
117	290.230011
118	290.25
119	290.2900085
120	290.230011
121	290.269989
122	290.269989
123	290.3500061
124	290.3900146
125	290.5
126	290.5
127	290.5
128	290.480011
129	290.480011
130	290.5400085
131	290.5599976
132	290.5400085
133	290.5799866
134	290.5599976
135	290.6000061
136	290.6000061
137	290.6900024
138	290.7099915
139	290.6600037
140	290.769989
141	290.769989
142	290.769989
143	290.7900085
144	290.75
145	290.8099976
146	290.8099976
147	290.8099976
148	290.8099976
149	290.8900146
150	290.8299866
151	290.8299866
152	290.8699951
153	290.8099976
154	290.8099976
155	290.8699951
156	290.9400024
157	290.9599915
158	290.8900146
159	290.9200134
160	290.9599915
161	290.9599915
162	290.8500061
163	290.8500061
164	290.8699951
165	290.8699951
166	290.8099976
167	290.9400024
168	290.9400024
169	290.8699951
170	290.8299866
171	290.8699951
172	290.8500061
173	290.8900146
174	290.8500061
175	290.8699951
176	290.9400024
177	290.9400024
178	290.9400024
179	290.980011
180	290.980011
181	290.8900146
182	290.9200134
183	290.9200134
184	290.9200134
185	290.980011
186	291
187	290.9599915
188	290.9599915
189	290.9400024
190	291
191	290.9599915
192	290.9400024
193	290.9400024
194	290.980011
195	290.9400024
196	290.9400024
197	290.8900146
198	290.9200134
199	290.9599915
200	290.9599915
201	290.9599915
202	290.9400024
203	290.9400024
204	290.980011
205	290.980011
206	290.9599915
207	290.9599915
208	290.9599915
209	290.9400024
210	290.8900146
211	291
212	290.980011
213	290.9599915
214	290.9599915
215	291
216	290.980011
217	291
218	290.9599915
219	290.980011
220	290.9599915
221	290.9400024
222	291
223	290.9400024
224	290.9200134
225	290.9400024
226	290.8900146
227	290.9400024
228	290.9599915
229	290.9599915
230	290.980011
231	290.9599915
232	290.9599915
233	290.980011
234	290.9400024
235	290.980011
236	291.019989
237	290.980011
238	291
239	291
240	290.980011
241	291.0599976
242	290.980011
243	291.0400085
244	291.0400085
245	291.0599976
246	291.0599976
247	291.0400085
248	291.1000061
249	291.0400085
250	291.019989
251	291
252	291.019989
253	290.980011
254	290.980011
255	291
256	291.0599976
257	290.9599915
258	291
259	290.980011
260	291
261	291.0400085
262	291.019989
263	291.0400085
264	291.0400085
265	291.0599976
266	290.980011
267	290.980011
268	290.769989
269	290.5799866
270	290.4299927
271	290.4299927
272	290.4299927
273	290.3500061
274	290.4100037
275	290.3500061
276	290.25
277	290.269989
278	290.269989
279	290.2900085
280	290.2000122
281	290.1400146
282	290.0599976
283	290.019989
284	289.8500061
285	289.5400085
286	288.4299927
287	288.0899963
288	287.8200073
289	287.5700073
290	287.2999878
291	286.230011
292	285.8099976
293	285
294	284.2900085
295	283.9100037
296	283.5100098
297	283.4500122
298	283.2200012
299	283.1799927
300	283.1199951
301	282.9899902
302	283.1400146
303	283.1400146
304	283.7200012
305	284.1000061
306	284.269989
307	284.519989
308	284.6400146
309	284.6799927
310	284.6799927
311	284.8699951
312	285.0599976
313	285.1900024
314	285.3299866
315	285.3699951
316	285.3500061
317	285.4200134
318	285.5400085
319	285.5400085
320	285.5400085
321	285.5400085
322	285.5400085
323	285.5599976
324	285.6000061
325	285.9400024
326	286.0599976
327	286.1900024
328	286.1900024
329	286.1700134
330	286.1700134
331	286.1900024
332	286.25
333	286.269989
334	286.3599854
335	286.3599854
336	286.5400085
337	286.6099854
338	286.6900024
339	286.6099854
340	286.6300049
341	286.730011
342	286.730011
343	286.980011
344	287.1099854
345	287.1499939
346	287.2399902
347	287.1900024
348	287.1700134
349	287.1700134
350	287.0899963
351	287.0899963
352	287.0700073
353	287.1099854
354	287.0499878
355	286.980011
356	286.980011
357	287.0100098
358	287.1300049
359	287.2600098
360	287.3399963
361	287.2999878
362	287.4400024
363	287.4700012
364	287.5499878
365	287.4899902
366	287.4400024
367	287.3999939
368	287.3599854
369	287.2799988
370	287.2399902
371	287.2600098
372	287.2799988
373	287.2999878
374	287.2999878
375	287.4400024
376	287.3999939
377	287.4700012
378	287.3999939
379	287.4200134
380	287.3399963
381	287.3399963
382	287.3200073
383	287.3200073
384	287.3200073
385	287.3999939
386	287.5100098
387	287.5899963
388	287.6099854
389	287.7799988
390	287.7799988
391	287.7799988
392	287.7799988
393	287.7600098
394	287.6700134
395	287.7000122
396	287.8599854
397	287.8599854
398	287.8800049
399	287.9299927
400	287.8999939
401	287.8399963
402	287.8200073
403	287.7799988
404	287.7600098
405	287.7200012
406	287.7399902
407	287.7399902
408	287.7999878
409	287.8399963
410	287.8999939
411	287.9500122
412	287.9500122
413	287.9500122
414	287.9299927
415	287.9500122
416	287.9500122
417	287.9299927
418	287.9700012
419	287.9500122
420	287.9500122
421	287.9299927
422	287.8999939
423	287.9299927
424	287.8800049
425	287.9500122
426	287.9500122
427	287.9500122
428	288.0499878
429	288.0499878
430	288.0700073
431	288.0700073
432	288.0299988
433	288.0100098
434	288.0299988
435	287.9500122
436	287.9500122
437	287.8999939
438	287.8800049
439	287.9299927
440	288.0299988
441	288.0899963
442	288.1600037
443	288.2399902
444	288.2200012
445	288.2200012
446	288.1600037
447	288.1099854
448	288.1099854
449	288.1099854
450	288.0899963
451	288.0499878
452	288.0499878
453	288.0299988
454	288.0700073
455	288.1099854
456	288.1099854
457	288.2200012
458	288.2399902
459	288.2399902
460	288.3599854
461	288.3399963
462	288.4700012
463	288.4700012
464	288.6199951
465	288.5899963
466	288.5299988
467	288.4500122
468	288.4500122
469	288.4299927
470	288.4700012
471	288.4299927
472	288.4899902
473	288.4700012
474	288.4100037
475	288.4299927
476	288.4100037
477	288.3900146
478	288.3399963
479	288.3200073
480	288.2399902
481	288.2399902
482	288.2200012
483	288.1799927
484	288.1799927
485	288.2000122
486	288.1600037
487	288.1799927
488	288.2000122
489	288.2000122
490	288.2600098
491	288.2600098
492	288.3200073
493	288.5499878
494	288.5499878
495	288.6199951
496	288.5899963
497	288.5700073
498	288.5299988
499	288.5700073
500	288.5100098
501	288.4700012
502	288.4700012
503	288.4299927
504	288.4299927
505	288.4500122
506	288.5100098
507	288.6600037
508	288.5700073
509	288.5899963
510	288.5700073
511	288.5700073
512	288.5899963
513	288.7200012
514	288.6600037
515	288.7200012
516	288.7200012
517	288.7000122
518	288.7200012
519	288.6799927
520	288.5700073
521	288.5299988
522	288.4899902
523	288.4899902
524	288.5499878
525	288.5499878
526	288.5299988
527	288.5299988
528	288.4899902
529	288.4299927
530	288.4299927
531	288.4299927
532	288.4899902
533	288.5100098
534	288.4299927
535	288.3399963
536	288.3200073
537	288.3900146
538	288.3399963
539	288.4100037
540	288.5100098
541	288.5700073
542	288.6199951
543	288.5899963
544	288.4700012
545	288.3900146
546	288.3399963
547	288.2799988
548	288.2600098
549	288.2999878
550	288.3200073
551	288.4500122
552	288.5100098
553	288.5100098
554	288.5700073
555	288.5700073
556	288.7399902
557	288.7600098
558	288.7200012
559	288.7399902
560	288.7000122
561	288.7399902
562	288.7399902
563	288.7200012
564	288.9500122
565	288.9899902
566	289.1400146
567	289.1799927
568	289.1400146
569	289.1199951
570	289.1799927
571	289.1400146
572	289.0799866
573	289.1799927
574	289.1400146
575	289.2399902
576	289.3500061
577	289.5599976
578	289.6600037
579	289.8099976
580	289.8099976
581	289.9700012
582	289.9299927
583	290.0400085
584	290.1400146
585	290.2000122
586	290.3299866
587	290.3299866
588	290.5400085
589	290.5400085
590	290.5599976
591	290.6000061
592	290.730011
593	290.6600037
594	290.6600037
595	290.75
596	290.6600037
597	290.6199951
598	290.6900024
599	290.730011
600	290.6600037
601	290.6600037
602	290.8099976
603	290.8299866
604	290.8900146
605	290.9400024
606	290.9200134
607	290.8900146
608	290.9200134
609	290.9200134
610	290.9400024
611	290.9400024
612	291.0400085
613	291.0400085
614	291.019989
615	291.0599976
616	291.019989
617	290.980011
618	291
619	291.1000061
620	291.0599976
621	291.0400085
622	291.0799866
623	290.980011
624	291.0599976
625	291.0799866
626	291.0799866
627	291.1199951
628	291.1199951
629	291.1199951
630	291.1900024
631	291.1499939
632	291.1700134
633	291.1700134
634	291.1499939
635	291.2099915
636	291.1499939
637	291.1199951
638	291.2099915
639	291.1499939
640	291.1199951
641	291.269989
642	291.25
643	291.2099915
644	291.1499939
645	291.2099915
646	291.1900024
647	291.1900024
648	291.0799866
649	291.1199951
650	291.1000061
651	291.1199951
652	291.1700134
653	291.1900024
654	291.1199951
655	291.1700134
656	291.1900024
657	291.269989
658	291.269989
659	291.1900024
660	291.269989
661	291.2099915
662	291.269989
663	291.1900024
664	291.1700134
665	291.1700134
666	291.1000061
667	291.230011
668	291.25
669	291.2900085
670	291.3099976
671	291.230011
672	291.230011
673	291.1900024
674	291.1499939
675	291.230011
676	291.1900024
677	291.1700134
678	291.1900024
679	291.25
680	291.25
681	291.2900085
682	291.25
683	291.25
684	291.269989
685	291.2900085
686	291.230011
687	291.2099915
688	291.1000061
689	291.230011
690	291.25
691	291.25
692	291.1900024
693	291.1900024
694	291.2099915
695	291.1900024
696	291.25
697	291.25
698	291.1900024
699	291.25
700	291.2099915
701	291.1499939
702	291.1199951
703	291.1700134
704	291.1700134
705	291.1900024
706	291.2099915
707	291.269989
708	291.230011
709	291.269989
710	291.25
711	291.269989
712	291.269989
713	291.230011
714	291.269989
715	291.1700134
716	291.1900024
717	291.230011
718	291.1900024
719	291.230011
720	291.3099976
721	291.269989
722	291.269989
723	291.2900085
724	291.230011
725	291.3500061
726	291.269989
727	291.3099976
728	291.269989
729	291.3299866
730	291.3800049
731	291.3299866
732	291.4200134
733	291.3500061
734	291.3500061
735	291.3500061
736	291.3500061
737	291.3299866
738	291.3099976
739	291.3999939
740	291.269989
741	291.1000061
742	290.9400024
743	290.9400024
744	290.8299866
745	290.6600037
746	290.730011
747	290.7099915
748	290.6600037
749	290.6199951
750	290.6199951
751	290.6000061
752	290.5599976
753	290.5599976
754	290.4599915
755	290.019989
756	289.6799927
757	289.2600098
758	288.2000122
759	287.7600098
760	286.8200073
761	285.7900085
762	285.4200134
763	285
764	284.8500061
765	284.4500122
766	284.2000122
767	283.9899902
768	283.9899902
769	283.8099976
770	283.7799988
771	283.8099976
772	283.7799988
773	283.9100037
774	283.9500122
775	283.9500122
776	284.269989
777	284.4700012
778	284.6000061
779	284.9299927
780	285.1400146
781	285.230011
782	285.230011
783	285.2900085
784	285.4400024
785	285.6199951
786	285.6900024
787	285.7099915
788	285.6499939
789	285.6499939
790	285.8500061
791	285.8800049
792	286.019989
793	286.2099915
794	286.3399963
795	286.4400024
796	286.5400085
797	286.7099915
798	286.8599854
799	286.9599915
800	287.0499878
801	287.1099854
802	287.1900024
803	287.1700134
804	287.2099915
805	287.2600098
806	287.2399902
807	287.2399902
808	287.1900024
809	287.2999878
810	287.2999878
811	287.3800049
812	287.3800049
813	287.4400024
814	287.4400024
815	287.6099854
816	287.7600098
817	287.7999878
818	287.8800049
819	287.8399963
820	287.8800049
821	287.8599854
822	287.8200073
823	287.8200073
824	287.7000122
825	287.7000122
826	287.7200012
827	287.6700134
828	287.7000122
829	287.5700073
830	287.6099854
831	287.5299988
832	287.6700134
833	287.6300049
834	287.5899963
835	287.5499878
836	287.6499939
837	287.7200012
838	287.7999878
839	287.7999878
840	287.9299927
841	288.0100098
842	287.9899902
843	287.9700012
844	287.9899902
845	287.9899902
846	287.9899902
847	288.0100098
848	288.0299988
849	288.0700073
850	288.1799927
851	288.2399902
852	288.3399963
853	288.3399963
854	288.3399963
855	288.3200073
856	288.3200073
857	288.3399963
858	288.3599854
859	288.4100037
860	288.3900146
861	288.5299988
862	288.5700073
863	288.4700012
864	288.5700073
865	288.5700073
866	288.6199951
867	288.5299988
868	288.4500122
869	288.4299927
870	288.3399963
871	288.3399963
872	288.2200012
873	288.2600098
874	288.3200073
875	288.2399902
876	288.2999878
877	288.3599854
878	288.3599854
879	288.4700012
880	288.4500122
881	288.3599854
882	288.3399963
883	288.3900146
884	288.4700012
885	288.4700012
886	288.3900146
887	288.2999878
888	288.2999878
889	288.2999878
890	288.4100037
891	288.3900146
892	288.4299927
893	288.3900146
894	288.4299927
895	288.4100037
896	288.4100037
897	288.4700012
898	288.4500122
899	288.4899902
900	288.4299927
901	288.4100037
902	288.4500122
903	288.4100037
904	288.3399963
905	288.4899902
906	288.4500122
907	288.5100098
908	288.5499878
909	288.5700073
910	288.5700073
911	288.5299988
912	288.5700073
913	288.5899963
914	288.5299988
915	288.5100098
916	288.5299988
917	288.5299988
918	288.4700012
919	288.4899902
920	288.4299927
921	288.4100037
922	288.3599854
923	288.4100037
924	288.4100037
925	288.4899902
926	288.5299988
927	288.5100098
928	288.5100098
929	288.4899902
930	288.4500122
931	288.4500122
932	288.3900146
933	288.4299927
934	288.4700012
935	288.4899902
936	288.4899902
937	288.5299988
938	288.5299988
939	288.6600037
940	288.6799927
941	288.7200012
942	288.6600037
943	288.6400146
944	288.6400146
945	288.6799927
946	288.7200012
947	288.6600037
948	288.7200012
949	288.7200012
950	288.7000122
951	288.7000122
952	288.6600037
953	288.6400146
954	288.6199951
955	288.6600037
956	288.6600037
957	288.4899902
958	288.5700073
959	288.5499878
960	288.5499878
961	288.6400146
962	288.6199951
963	288.6199951
964	288.4899902
965	288.5100098
966	288.4899902
967	288.5899963
968	288.5700073
969	288.5499878
970	288.4899902
971	288.4100037
972	288.3900146
973	288.3399963
974	288.3399963
975	288.3200073
976	288.4100037
977	288.4500122
978	288.5499878
979	288.6600037
980	288.6600037
981	288.7999878
982	288.7999878
983	288.7799988
984	288.7200012
985	288.7600098
986	288.7600098
987	288.7399902
988	288.7399902
989	288.6799927
990	288.6600037
991	288.5899963
992	288.5899963
993	288.6199951
994	288.6400146
995	288.6400146
996	288.6600037
997	288.5700073
998	288.6400146
999	288.7399902
1000	288.7600098
1001	288.7999878
1002	288.7799988
1003	288.9299927
1004	288.9100037
1005	288.9899902
1006	288.9700012
1007	288.9899902
1008	288.9700012
1009	289.0100098
1010	288.9500122
1011	288.8699951
1012	288.8500061
1013	288.7000122
1014	288.7200012
1015	288.7200012
1016	288.7000122
1017	288.7200012
1018	288.7000122
1019	288.8200073
1020	288.8200073
1021	288.8699951
1022	288.7999878
1023	288.7799988
1024	288.8699951
1025	288.8200073
1026	288.9100037
1027	288.9100037
1028	288.9700012
1029	288.9100037
1030	288.9299927
1031	288.9899902
1032	288.9500122
1033	289.0299988
1034	289.0299988
1035	288.9700012
1036	288.8900146
1037	288.9299927
1038	289.1199951
1039	289.1199951
1040	289.1199951
1041	289.1600037
1042	289.2399902
1043	289.2600098
1044	289.2600098
1045	289.3099976
1046	289.3500061
1047	289.4899902
1048	289.5799866
1049	289.769989
1050	289.9500122
1051	290
1052	290.1799927
1053	290.1600037
1054	290.3099976
1055	290.4100037
1056	290.5
1057	290.5400085
1058	290.6600037
1059	290.6600037
1060	290.7099915
1061	290.7099915
1062	290.7099915
1063	290.7099915
1064	290.769989
1065	290.8500061
1066	290.8500061
1067	290.8900146
1068	290.8900146
1069	290.9400024
1070	290.980011
1071	290.980011
1072	291.019989
1073	291.0799866
1074	291.0799866
1075	291.1000061
1076	291.0799866
1077	291.1000061
1078	291.0599976
1079	291.1199951
1080	291.1499939
1081	291.0400085
1082	290.980011
1083	290.9599915
1084	291.019989
1085	291.019989
1086	291.0400085
1087	291.0599976
1088	291.0400085
1089	291.019989
1090	291.019989
1091	291.019989
1092	291.1000061
1093	291.0799866
1094	291.1199951
1095	291.1199951
1096	291.1499939
1097	291.1000061
1098	291.1000061
1099	291.1499939
1100	291.1199951
1101	291.2099915
1102	291.1900024
1103	291.1700134
1104	291.25
1105	291.25
1106	291.25
1107	291.2900085
1108	291.230011
1109	291.3099976
1110	291.269989
1111	291.269989
1112	291.269989
1113	291.2900085
1114	291.269989
1115	291.269989
1116	291.2900085
1117	291.2900085
1118	291.2099915
1119	291.1900024
1120	291.2099915
1121	291.2099915
1122	291.1900024
1123	291.2099915
1124	291.25
1125	291.269989
1126	291.2900085
1127	291.25
1128	291.269989
1129	291.2900085
1130	291.2900085
1131	291.269989
1132	291.230011
1133	291.269989
1134	291.25
1135	291.269989
1136	291.269989
1137	291.269989
1138	291.25
1139	291.230011
1140	291.230011
1141	291.1700134
1142	291.2099915
1143	291.1700134
1144	291.1900024
1145	291.2099915
1146	291.1700134
1147	291.2099915
1148	291.1000061
1149	291.1499939
1150	291.1900024
1151	291.230011
1152	291.25
1153	291.230011
1154	291.3299866
1155	291.230011
1156	291.25
1157	291.269989
1158	291.269989
1159	291.3099976
1160	291.2099915
1161	291.25
1162	291.25
1163	291.230011
1164	291.269989
1165	291.25
1166	291.2900085
1167	291.3099976
1168	291.25
1169	291.25
1170	291.1700134
1171	291.3099976
1172	291.269989
1173	291.230011
1174	291.25
1175	291.269989
1176	291.269989
1177	291.3099976
1178	291.2900085
1179	291.2900085
1180	291.3299866
1181	291.3500061
1182	291.3299866
1183	291.3299866
1184	291.3099976
1185	291.2900085
1186	291.230011
1187	291.3500061
1188	291.2900085
1189	291.269989
1190	291.3099976
1191	291.269989
1192	291.3099976
1193	291.2900085
1194	291.25
1195	291.269989
1196	291.3299866
1197	291.3800049
1198	291.2900085
1199	291.3800049
1200	291.3099976
1201	291.3099976
1202	291.3999939
1203	291.3500061
1204	291.3299866
1205	291.3500061
1206	291.2900085
1207	291.230011
1208	291.230011
1209	291.269989
1210	291.269989
1211	291.25
1212	291.3099976
1213	291.2900085
1214	291.2099915
1215	291.1000061
1216	290.8299866
1217	290.8099976
1218	290.7900085
1219	290.7099915
1220	290.75
1221	290.730011
1222	290.8299866
1223	290.75
1224	290.730011
1225	290.75
1226	290.8099976
1227	290.6400146
1228	290.5599976
1229	290.4299927
1230	290.1000061
1231	289.8099976
1232	288.9700012
1233	288.9700012
1234	287.1499939
1235	286.3599854
1236	285.9400024
1237	285.25
1238	284.769989
1239	284.4500122
1240	284.4500122
1241	284.1600037
1242	284.0100098
1243	284.0799866
1244	284.2900085
1245	284.5400085
1246	284.75
1247	284.75
1248	285
1249	285.019989
1250	285.1000061
1251	285.3099976
1252	285.5400085
1253	285.6900024
1254	285.7900085
1255	286.0599976
1256	286.1300049
1257	286.1700134
1258	286.2099915
1259	286.3800049
1260	286.3800049
1261	286.3599854
1262	286.480011
1263	286.5
1264	286.480011
1265	286.4200134
1266	286.4400024
1267	286.4400024
1268	286.5700073
1269	286.5400085
1270	286.6499939
1271	286.730011
1272	286.730011
1273	286.730011
1274	286.7999878
1275	286.9400024
1276	287.0899963
1277	287.2099915
1278	287.3399963
1279	287.3399963
1280	287.2999878
1281	287.3800049
1282	287.3999939
1283	287.3599854
1284	287.3200073
1285	287.3999939
1286	287.3999939
1287	287.5100098
1288	287.5899963
1289	287.5700073
1290	287.6099854
1291	287.7200012
1292	287.7399902
1293	287.8200073
1294	287.8800049
1295	287.8599854
1296	287.8399963
1297	287.8200073
1298	287.8599854
1299	287.8200073
1300	287.8399963
1301	287.9299927
1302	287.8999939
1303	287.9500122
1304	287.9899902
1305	287.9500122
1306	287.9700012
1307	287.9299927
1308	287.9299927
1309	288.0100098
1310	288.0899963
1311	288.0899963
1312	288.0700073
1313	287.9899902
1314	288.0700073
1315	287.9500122
1316	288.0499878
1317	288.0499878
1318	288.0499878
1319	288.0299988
1320	288.0499878
1321	288.0100098
1322	287.9899902
1323	287.9700012
1324	288.0899963
1325	288.0499878
1326	288.0700073
1327	288.1600037
1328	288.3900146
1329	288.5100098
1330	288.5100098
1331	288.5299988
1332	288.5899963
1333	288.5499878
1334	288.5499878
1335	288.5700073
1336	288.4899902
1337	288.4700012
1338	288.4100037
1339	288.4700012
1340	288.4299927
1341	288.4899902
1342	288.4899902
1343	288.4899902
1344	288.5700073
1345	288.5700073
1346	288.6199951
1347	288.6400146
1348	288.6600037
1349	288.6199951
1350	288.6199951
1351	288.5899963
1352	288.5899963
1353	288.5700073
1354	288.7000122
1355	288.6400146
1356	288.6600037
1357	288.6600037
1358	288.7000122
1359	288.7399902
1360	288.7000122
1361	288.7799988
1362	288.6600037
1363	288.6799927
1364	288.7200012
1365	288.7399902
1366	288.7799988
1367	288.7399902
1368	288.7799988
1369	288.7600098
1370	288.7600098
1371	288.7600098
1372	288.6799927
1373	288.7600098
1374	288.7399902
1375	288.7399902
1376	288.7200012
1377	288.7000122
1378	288.7200012
1379	288.8200073
1380	288.8900146
1381	288.9299927
1382	288.9299927
1383	288.9299927
1384	288.8900146
1385	288.8500061
1386	288.9100037
1387	288.9500122
1388	288.8900146
1389	288.8900146
1390	288.7200012
1391	288.6799927
1392	288.6600037
1393	288.7999878
1394	288.7999878
1395	288.8500061
1396	288.8699951
1397	288.8900146
1398	288.8200073
1399	288.8500061
1400	288.9100037
1401	288.8900146
1402	288.8900146
1403	288.8900146
1404	288.8699951
1405	288.7600098
1406	288.8500061
1407	288.8699951
1408	288.8699951
1409	288.8500061
1410	288.8200073
1411	288.8500061
1412	288.8900146
1413	288.7999878
1414	288.7999878
1415	288.8500061
1416	288.8200073
1417	288.8500061
1418	288.7600098
1419	288.8200073
1420	288.7999878
1421	288.7999878
1422	288.7200012
1423	288.7000122
1424	288.7600098
1425	288.6400146
1426	288.7399902
1427	288.7399902
1428	288.7399902
1429	288.8500061
1430	288.9100037
1431	288.9100037
1432	288.8500061
1433	288.8699951
1434	288.8500061
1435	288.7999878
1436	288.6400146
1437	288.6600037
1438	288.7000122
1439	288.7600098
1440	288.7600098
1441	288.7200012
1442	288.7200012
1443	288.7399902
1444	288.7799988
1445	288.7799988
1446	288.7799988
1447	288.7600098
1448	288.7999878
1449	288.8500061
1450	288.7799988
1451	288.9100037
1452	288.8699951
1453	288.8699951
1454	288.9100037
1455	288.8500061
1456	288.7999878
1457	288.7999878
1458	288.7799988
1459	288.7999878
1460	288.7999878
1461	288.7399902
1462	288.8699951
1463	288.7999878
1464	288.8500061
1465	288.7399902
1466	288.7000122
1467	288.7000122
1468	288.5700073
1469	288.6600037
1470	288.6600037
1471	288.7799988
1472	288.7399902
1473	288.8200073
1474	288.7799988
1475	288.7399902
1476	288.7000122
1477	288.6600037
1478	288.6400146
1479	288.6400146
1480	288.6400146
1481	288.6799927
1482	288.6600037
1483	288.7000122
1484	288.7399902
1485	288.7200012
1486	288.6799927
1487	288.6400146
1488	288.5499878
1489	288.4700012
1490	288.4899902
1491	288.4899902
1492	288.4899902
1493	288.6199951
1494	288.7000122
1495	288.6799927
1496	288.6799927
1497	288.7000122
1498	288.7600098
1499	288.7600098
1500	288.6799927
1501	288.6799927
1502	288.6600037
1503	288.7200012
1504	288.8200073
1505	288.7399902
1506	288.7999878
1507	288.8900146
1508	288.8699951
1509	288.7999878
1510	288.7600098
1511	288.9100037
1512	288.8699951
1513	288.8900146
1514	288.8699951
1515	288.8699951
1516	288.8699951
1517	288.8900146
1518	288.9700012
1519	289.0299988
1520	289.0799866
1521	289.2000122
1522	289.3099976
1523	289.4299927
1524	289.4299927
1525	289.6799927
1526	289.769989
1527	289.8099976
1528	289.9700012
1529	289.9700012
1530	290.1000061
1531	290.1000061
1532	290.269989
1533	290.25
1534	290.3099976
1535	290.3699951
1536	290.4599915
1537	290.5
1538	290.5
1539	290.6400146
1540	290.6400146
1541	290.7099915
1542	290.7099915
1543	290.6900024
1544	290.6400146
1545	290.6400146
1546	290.7099915
1547	290.75
1548	290.75
1549	290.8099976
1550	290.8900146
1551	290.8900146
1552	290.8299866
1553	290.8699951
1554	290.8699951
1555	290.8099976
1556	290.8099976
1557	290.8299866
1558	290.8699951
1559	290.8900146
1560	290.980011
1561	291.0400085
1562	291.0599976
1563	291.0599976
1564	291.0799866
1565	291.0599976
1566	291.1000061
1567	291
1568	291.0400085
1569	291.0799866
1570	291.0799866
1571	291.1199951
1572	291.0599976
1573	291.0799866
1574	291.0400085
1575	291.0599976
1576	291.1199951
1577	291.0400085
1578	291.1000061
1579	291.1000061
1580	291.1900024
1581	291.230011
1582	291.2099915
1583	291.2099915
1584	291.1499939
1585	291.1900024
1586	291.1499939
1587	291.019989
1588	291.0400085
1589	291.0400085
1590	291.1199951
1591	291.0799866
1592	291.0799866
1593	291.0400085
1594	291.0400085
1595	291.0400085
1596	291.1000061
1597	291.0799866
1598	291.1000061
1599	291.1499939
1600	291.2099915
1601	291.1499939
1602	291.1499939
1603	291.1000061
1604	291.1000061
1605	291.1499939
1606	291.1900024
1607	291.1900024
1608	291.1900024
1609	291.1900024
1610	291.1700134
1611	291.1700134
1612	291.2099915
1613	291.1700134
1614	291.2099915
1615	291.2099915
1616	291.1900024
1617	291.1900024
1618	291.1000061
1619	291.25
1620	291.1900024
1621	291.25
1622	291.1199951
1623	291.1199951
1624	291.1000061
1625	291.1199951
1626	291.1499939
1627	291.1000061
1628	291.1499939
1629	291.0599976
1630	291.1000061
1631	291.2099915
1632	291.2099915
1633	291.25
1634	291.25
1635	291.269989
1636	291.3099976
1637	291.25
1638	291.3099976
1639	291.2900085
1640	291.269989
1641	291.269989
1642	291.25
1643	291.1900024
1644	291.1900024
1645	291.1499939
1646	291.2099915
1647	291.1700134
1648	291.1700134
1649	291.25
1650	291.2099915
1651	291.1700134
1652	291.230011
1653	291.269989
1654	291.230011
1655	291.269989
1656	291.1900024
1657	291.230011
1658	291.2099915
1659	291.1000061
1660	291.1199951
1661	291.0799866
1662	291.1000061
1663	291.2099915
1664	291.1900024
1665	291.1199951
1666	291.1199951
1667	291.1499939
1668	291.1900024
1669	291.1700134
1670	291.25
1671	291.230011
1672	291.269989
1673	291.269989
1674	291.2900085
1675	291.2900085
1676	291.2900085
1677	291.3099976
1678	291.230011
1679	291.230011
1680	291.230011
1681	291.2099915
1682	291.2900085
1683	291.3299866
1684	291.230011
1685	291.2900085
1686	291.25
1687	291.2099915
1688	290.9599915
1689	290.9400024
1690	290.8099976
1691	290.769989
1692	290.75
1693	290.730011
1694	290.6400146
1695	290.6000061
1696	290.5
1697	290.5
1698	290.480011
1699	290.519989
1700	290.480011
1701	290.4299927
1702	290.25
1703	289.8699951
1704	289.0299988
1705	289.0299988
1706	287.7200012
1707	286.9200134
1708	286.5700073
1709	285.8099976
1710	285.3299866
1711	284.8900146
1712	284.8900146
1713	284.269989
1714	284.0799866
1715	283.9500122
1716	283.9100037
1717	283.9700012
1718	284.0799866
1719	284.1000061
1720	284.2399902
1721	284.5599976
1722	284.75
1723	285
1724	285.2099915
1725	285.2900085
1726	285.3099976
1727	285.5400085
1728	285.5799866
1729	285.8299866
1730	285.980011
1731	286.1099854
1732	286.1300049
1733	286.25
1734	286.3800049
1735	286.480011
1736	286.5700073
1737	286.7099915
1738	286.7099915
1739	286.730011
1740	286.7999878
1741	286.8599854
1742	286.8200073
1743	286.8200073
1744	286.8200073
1745	286.8599854
1746	286.9599915
1747	286.8999939
1748	286.9200134
1749	286.8800049
1750	287.0499878
1751	287.0499878
1752	287.4400024
1753	287.5899963
1754	287.6499939
1755	287.6700134
1756	287.6300049
1757	287.7200012
1758	287.6300049
1759	287.7000122
1760	287.7399902
1761	287.6700134
1762	287.7000122
1763	287.6700134
1764	287.6499939
1765	287.7200012
1766	287.7399902
1767	287.7000122
1768	287.7000122
1769	287.7000122
1770	287.7799988
1771	287.7399902
1772	287.7600098
1773	287.7999878
1774	287.7600098
1775	287.7999878
1776	287.7999878
1777	287.8200073
1778	287.9700012
1779	287.9500122
1780	287.9899902
1781	287.9899902
1782	287.9899902
1783	287.9899902
1784	288.1099854
1785	288.2200012
1786	288.2200012
1787	288.2600098
1788	288.2600098
1789	288.2000122
1790	288.2000122
1791	288.1600037
1792	288.1600037
1793	288.1099854
1794	288.1600037
1795	288.1099854
1796	288.1799927
1797	288.2000122
1798	288.1300049
1799	288.1099854
1800	288.0100098
1801	288.1300049
1802	288.2000122
1803	288.1600037
1804	288.2999878
1805	288.3399963
1806	288.3599854
1807	288.2600098
1808	288.2799988
1809	288.2600098
1810	288.2200012
1811	288.1799927
1812	288.1300049
1813	288.1099854
1814	288.0700073
1815	288.0700073
1816	288.0499878
1817	288.1600037
1818	288.0899963
1819	288.1799927
1820	288.1099854
1821	288.1600037
1822	288.1600037
1823	288.2200012
1824	288.2999878
1825	288.3200073
1826	288.2600098
1827	288.2200012
1828	288.2799988
1829	288.2200012
1830	288.2799988
1831	288.3200073
1832	288.2999878
1833	288.3900146
1834	288.4700012
1835	288.4500122
1836	288.4700012
1837	288.4899902
1838	288.4299927
1839	288.3399963
1840	288.3200073
1841	288.2799988
1842	288.2799988
1843	288.2600098
1844	288.1799927
1845	288.1600037
1846	288.3200073
1847	288.3200073
1848	288.3900146
1849	288.3399963
1850	288.2600098
1851	288.3200073
1852	288.3200073
1853	288.3200073
1854	288.3200073
1855	288.2999878
1856	288.2799988
1857	288.2799988
1858	288.2999878
1859	288.2799988
1860	288.2999878
1861	288.2999878
1862	288.3900146
1863	288.2799988
1864	288.1799927
1865	288.1300049
1866	288.2799988
1867	288.2799988
1868	288.3200073
1869	288.3900146
1870	288.4100037
1871	288.3900146
1872	288.4299927
1873	288.4299927
1874	288.4299927
1875	288.4100037
1876	288.3599854
1877	288.3599854
1878	288.2999878
1879	288.2200012
1880	288.1600037
1881	288.2200012
1882	288.1799927
1883	288.2000122
1884	288.2399902
1885	288.2399902
1886	288.2399902
1887	288.3599854
1888	288.3900146
1889	288.3599854
1890	288.4299927
1891	288.4100037
1892	288.3900146
1893	288.3900146
1894	288.3599854
1895	288.3399963
1896	288.3200073
1897	288.2799988
1898	288.2799988
1899	288.2999878
1900	288.2799988
1901	288.3200073
1902	288.3399963
1903	288.3200073
1904	288.2600098
1905	288.2799988
1906	288.2600098
1907	288.2399902
1908	288.2799988
1909	288.2799988
1910	288.2200012
1911	288.2200012
1912	288.0700073
1913	288.1099854
1914	288.0499878
1915	288.0100098
1916	287.9700012
1917	288.0100098
1918	288.0100098
1919	287.9500122
1920	287.9899902
1921	288.0499878
1922	288.0899963
1923	288.1099854
1924	288.0700073
1925	288.0700073
1926	288.1300049
1927	288.1799927
1928	288.1300049
1929	288.0299988
1930	288.0100098
1931	287.8999939
1932	287.8999939
1933	288.0299988
1934	288.1799927
1935	288.2600098
1936	288.3599854
1937	288.2600098
1938	288.3200073
1939	288.2999878
1940	288.4100037
1941	288.4100037
1942	288.2999878
1943	288.2799988
1944	288.2999878
1945	288.4100037
1946	288.4299927
1947	288.4100037
1948	288.3900146
1949	288.4299927
1950	288.4100037
1951	288.4899902
1952	288.4100037
1953	288.4500122
1954	288.4100037
1955	288.4700012
1956	288.4700012
1957	288.4700012
1958	288.2999878
1959	288.1799927
1960	288.1799927
1961	288.2000122
1962	288.2200012
1963	288.1799927
1964	288.1799927
1965	288.1799927
1966	288.1099854
1967	288.1799927
1968	288.1600037
1969	288.1099854
1970	288.2000122
1971	288.2200012
1972	288.2399902
1973	288.2399902
1974	288.2399902
1975	288.3200073
1976	288.3599854
1977	288.4299927
1978	288.4700012
1979	288.4700012
1980	288.4500122
1981	288.4700012
1982	288.3399963
1983	288.3200073
1984	288.3200073
1985	288.3900146
1986	288.4299927
1987	288.3900146
1988	288.4899902
1989	288.5899963
1990	288.6199951
1991	288.7000122
1992	288.7399902
1993	288.7600098
1994	288.9100037
1995	289.0299988
1996	289.0299988
1997	289.2600098
1998	289.3900146
1999	289.4500122
2000	289.6199951
2001	289.7900085
2002	289.9299927
2003	289.9299927
2004	290.1000061
2005	290.1400146
2006	290.2000122
2007	290.1600037
2008	290.2900085
2009	290.3699951
2010	290.3900146
2011	290.4299927
2012	290.5
2013	290.6199951
2014	290.6900024
2015	290.769989
2016	290.730011
2017	290.7900085
2018	290.8299866
2019	290.8299866
2020	290.8299866
2021	290.8500061
2022	290.8299866
2023	290.769989
2024	290.7099915
2025	290.7099915
2026	290.769989
2027	290.8299866
2028	290.8299866
2029	290.8299866
2030	290.7900085
2031	290.8900146
2032	290.8500061
2033	290.8900146
2034	290.8699951
2035	290.8699951
2036	290.9400024
2037	290.9400024
2038	290.980011
2039	291
2040	291
2041	291
2042	291
2043	290.980011
2044	290.980011
2045	290.980011
2046	290.9200134
2047	291.0599976
2048	291.0400085
2049	291
2050	291
2051	291
2052	291.0400085
2053	290.9599915
2054	290.9599915
2055	290.980011
2056	290.980011
2057	290.980011
2058	290.980011
2059	290.9599915
2060	290.980011
2061	290.980011
2062	290.980011
2063	290.9400024
2064	290.9200134
2065	290.9400024
2066	290.9599915
2067	290.9599915
2068	291.0400085
2069	290.9599915
2070	291
2071	291.0400085
2072	290.980011
2073	290.9599915
2074	290.9599915
2075	290.9400024
2076	291
2077	290.980011
2078	291.0400085
2079	291.019989
2080	291.019989
2081	290.980011
2082	290.9400024
2083	290.8699951
2084	290.9200134
2085	290.9599915
2086	291.019989
2087	290.9599915
2088	290.9200134
2089	290.9200134
2090	290.9400024
2091	290.980011
2092	291.019989
2093	290.9599915
2094	290.9599915
2095	290.8900146
2096	290.9599915
2097	291.0400085
2098	291.019989
2099	291.019989
2100	291
2101	290.980011
2102	291.019989
2103	291.019989
2104	291
2105	291.0799866
2106	291.0799866
2107	291.1000061
2108	291.0400085
2109	291.0799866
2110	291.1000061
2111	291.1000061
2112	291.0799866
2113	291.0799866
2114	291.1900024
2115	291.1900024
2116	291.2099915
2117	291.1499939
2118	291.1000061
2119	291.1000061
2120	291.1499939
2121	291.019989
2122	291.0400085
2123	290.980011
2124	290.9400024
2125	290.8900146
2126	290.9599915
2127	290.980011
2128	290.980011
2129	291.019989
2130	290.980011
2131	290.9400024
2132	290.9200134
2133	291
2134	290.980011
2135	291
2136	291.0400085
2137	291.019989
2138	291.019989
2139	291
2140	291
2141	291.0400085
2142	291.0799866
2143	291.0400085
2144	291.0799866
2145	291.0799866
2146	291.1000061
2147	291.0799866
2148	291.1199951
2149	291.1000061
2150	291.0799866
2151	291.1000061
2152	291.0400085
2153	291.0400085
2154	291.1499939
2155	291.1000061
2156	291.1000061
2157	291.1499939
2158	291.1499939
2159	291.1499939
2160	291.0799866
2161	291.019989
2162	290.8299866
2163	290.730011
2164	290.7099915
2165	290.6600037
2166	290.7099915
2167	290.6900024
2168	290.6000061
2169	290.5400085
2170	290.5400085
2171	290.5799866
2172	290.6000061
2173	290.5400085
2174	290.5
2175	290.3500061
2176	290.0599976
2177	290.0599976
2178	288.9700012
2179	288.1600037
2180	287.7200012
2181	286.6700134
2182	285.6900024
2183	285.0400085
2184	285.0400085
2185	284.1600037
2186	283.8500061
2187	283.7399902
2188	283.5799866
2189	283.4700012
2190	283.4700012
2191	283.4700012
2192	283.6400146
2193	283.7799988
2194	284.0100098
2195	284.2200012
2196	284.6000061
2197	284.6799927
2198	284.8299866
2199	285.1400146
2200	285.2099915
2201	285.3699951
2202	285.5
2203	285.5
2204	285.5400085
2205	285.5799866
2206	285.730011
2207	285.980011
2208	286.1700134
2209	286.1700134
2210	286.3999939
2211	286.3599854
2212	286.3599854
2213	286.3399963
2214	286.3399963
2215	286.3999939
2216	286.3999939
2217	286.3800049
2218	286.3800049
2219	286.4200134
2220	286.4200134
2221	286.4599915
2222	286.4200134
2223	286.3999939
2224	286.3999939
2225	286.3999939
2226	286.4400024
2227	286.4400024
2228	286.480011
2229	286.5400085
2230	286.5700073
2231	286.5899963
2232	286.5700073
2233	286.5700073
2234	286.5899963
2235	286.6300049
2236	286.769989
2237	286.769989
2238	286.7999878
2239	286.8599854
2240	286.9599915
2241	287.0100098
2242	287.0100098
2243	287.0100098
2244	286.9599915
2245	287.0499878
2246	286.9400024
2247	286.9200134
2248	286.9200134
2249	287.0299988
2250	287.1300049
2251	287.2099915
2252	287.2600098
2253	287.2399902
2254	287.1700134
2255	287.1700134
2256	287.2799988
2257	287.3599854
2258	287.3800049
2259	287.3800049
2260	287.2600098
2261	287.3399963
2262	287.2999878
2263	287.3399963
2264	287.3200073
2265	287.2799988
2266	287.3999939
2267	287.5899963
2268	287.5100098
2269	287.5899963
2270	287.6499939
2271	287.6099854
2272	287.7200012
2273	287.7200012
2274	287.6499939
2275	287.7200012
2276	287.7000122
2277	287.6300049
2278	287.5899963
2279	287.7399902
2280	287.7399902
2281	287.6099854
2282	287.5299988
2283	287.5499878
2284	287.5299988
2285	287.5700073
2286	287.5700073
2287	287.5700073
2288	287.5299988
2289	287.5299988
2290	287.4899902
2291	287.5899963
2292	287.7600098
2293	287.8800049
2294	287.8800049
2295	287.8999939
2296	287.8599854
2297	287.8399963
2298	287.7999878
2299	287.8800049
2300	287.8200073
2301	287.8399963
2302	287.7799988
2303	287.7999878
2304	287.8200073
2305	287.7600098
2306	287.7200012
2307	287.7000122
2308	287.7799988
2309	287.8200073
2310	287.7600098
2311	287.8599854
2312	287.8200073
2313	287.8599854
2314	287.8800049
2315	287.8599854
2316	287.8200073
2317	287.8599854
2318	287.8999939
2319	287.8999939
2320	287.8999939
2321	287.8999939
2322	287.8599854
2323	287.9299927
2324	288.0100098
2325	288.0100098
2326	288.0100098
2327	288.2600098
2328	288.2600098
2329	288.2600098
2330	288.1300049
2331	288.1300049
2332	288.1099854
2333	288.0899963
2334	288.0899963
2335	288.1300049
2336	288.1300049
2337	288.1600037
2338	288.1799927
2339	288.1799927
2340	288.1099854
2341	288.0700073
2342	288.0899963
2343	288.1099854
2344	287.9700012
2345	288.0499878
2346	287.9700012
2347	287.9500122
2348	287.8800049
2349	287.8599854
2350	287.7999878
2351	287.7999878
2352	287.8200073
2353	287.7999878
2354	287.8200073
2355	287.8800049
2356	287.9700012
2357	288.0499878
2358	288.0499878
2359	288.1300049
2360	288.0299988
2361	287.9899902
2362	287.9899902
2363	287.8999939
2364	287.8599854
2365	287.8599854
2366	287.7999878
2367	287.8399963
2368	287.8800049
2369	287.9299927
2370	287.9700012
2371	288.0100098
2372	287.9299927
2373	288.0299988
2374	287.9700012
2375	287.9899902
2376	287.9899902
2377	287.9500122
2378	288.0100098
2379	287.9899902
2380	287.9299927
2381	287.8999939
2382	287.8999939
2383	287.9500122
2384	288.0299988
2385	288.0899963
2386	288.1099854
2387	288.0100098
2388	288.0299988
2389	288.0100098
2390	288.0100098
2391	288.0499878
2392	288.0899963
2393	288.0899963
2394	287.9700012
2395	287.9299927
2396	287.8999939
2397	287.8999939
2398	287.7600098
2399	287.7600098
2400	287.7399902
2401	287.8999939
2402	288.0100098
2403	288.0299988
2404	288.0700073
2405	288.1099854
2406	288.0700073
2407	288.1099854
2408	288.0700073
2409	288.0899963
2410	288.0899963
2411	288.0899963
2412	288.0499878
2413	288.0899963
2414	288.0499878
2415	288.0299988
2416	287.9899902
2417	287.9899902
2418	288.0100098
2419	287.8999939
2420	287.8999939
2421	287.8999939
2422	287.8999939
2423	288.0299988
2424	287.9700012
2425	287.9899902
2426	287.8800049
2427	287.8800049
2428	287.8999939
2429	287.8999939
2430	287.9299927
2431	287.8599854
2432	287.9500122
2433	288.0299988
2434	288.1300049
2435	288.2399902
2436	288.2399902
2437	288.2200012
2438	288.1300049
2439	288.1799927
2440	288.2000122
2441	288.2600098
2442	288.2999878
2443	288.2200012
2444	288.1799927
2445	288.1600037
2446	288.0700073
2447	288.0700073
2448	288.0700073
2449	288.0899963
2450	288.0899963
2451	288.1099854
2452	288.1300049
2453	288.1799927
2454	288.2000122
2455	288.2600098
2456	288.2000122
2457	288.1600037
2458	288.2200012
2459	288.2999878
2460	288.3399963
2461	288.3399963
2462	288.3599854
2463	288.4500122
2464	288.4899902
2465	288.5299988
2466	288.6799927
2467	288.7999878
2468	288.7999878
2469	289.0799866
2470	289.0799866
2471	289.1400146
2472	289.2799988
2473	289.4500122
2474	289.4700012
2475	289.6799927
2476	289.8900146
2477	289.9700012
2478	290
2479	290.0799866
2480	290.1799927
2481	290.1799927
2482	290.1600037
2483	290.3900146
2484	290.3500061
2485	290.3900146
2486	290.480011
2487	290.4299927
2488	290.4299927
2489	290.5
2490	290.3699951
2491	290.480011
2492	290.519989
2493	290.5599976
2494	290.5400085
2495	290.6199951
2496	290.6400146
2497	290.6199951
2498	290.6600037
2499	290.6400146
2500	290.6400146
2501	290.6900024
2502	290.6000061
2503	290.6199951
2504	290.6199951
2505	290.6900024
2506	290.8099976
2507	290.8099976
2508	290.7900085
2509	290.8699951
2510	290.8299866
2511	290.8299866
2512	290.8299866
2513	290.8299866
2514	290.8099976
2515	290.8900146
2516	290.9200134
2517	290.8900146
2518	290.8900146
2519	290.9200134
2520	290.8699951
2521	290.8900146
2522	290.8099976
2523	290.8900146
2524	290.8699951
2525	290.9200134
2526	290.9599915
2527	290.8500061
2528	290.9200134
2529	290.9400024
2530	290.9599915
2531	290.9200134
2532	290.9200134
2533	290.9200134
2534	290.8500061
2535	290.9599915
2536	290.8299866
2537	290.8900146
2538	290.9200134
2539	290.9200134
2540	290.9200134
2541	290.8900146
2542	290.8500061
2543	290.9200134
2544	290.9599915
2545	290.980011
2546	290.9200134
2547	290.980011
2548	290.980011
2549	290.980011
2550	290.9400024
2551	291
2552	290.980011
2553	291
2554	291
2555	290.980011
2556	291.0400085
2557	291
2558	291.0400085
2559	291.0599976
2560	291.0400085
2561	291.1199951
2562	291.0400085
2563	291.1000061
2564	291.1900024
2565	291.1499939
2566	291.1700134
2567	291.1499939
2568	291.1199951
2569	291.1199951
2570	291.1499939
2571	291.1499939
2572	291.1199951
2573	291.1000061
2574	291.0400085
2575	291.0400085
2576	291.0599976
2577	291.1499939
2578	291.1499939
2579	291.0799866
2580	291.1700134
2581	291.1700134
2582	291.2099915
2583	291.1900024
2584	291.2099915
2585	291.1700134
2586	291.1900024
2587	291.2099915
2588	291.1499939
2589	291.1499939
2590	291.1499939
2591	291.1499939
2592	291.1700134
2593	291.2099915
2594	291.230011
2595	291.1900024
2596	291.2099915
2597	291.1900024
2598	291.1000061
2599	291.1700134
2600	291.0599976
2601	291.019989
2602	291.0400085
2603	291.0400085
2604	291.1000061
2605	291.1000061
2606	291.1199951
2607	291.1499939
2608	291.1499939
2609	291.1499939
2610	291.1499939
2611	291.1000061
2612	291.0599976
2613	291.1000061
2614	291.0599976
2615	291.1199951
2616	291.0599976
2617	291.0599976
2618	291.1700134
2619	291.2099915
2620	291.1199951
2621	291.1900024
2622	291.1900024
2623	291.1700134
2624	291.1900024
2625	291.1000061
2626	291.0599976
2627	291.1000061
2628	291.1000061
2629	291.1199951
2630	291.1199951
2631	291.1499939
2632	291.1199951
2633	291.1499939
2634	291.019989
2635	290.8099976
2636	290.75
2637	290.6199951
2638	290.6199951
2639	290.6199951
2640	290.7099915
2641	290.75
2642	290.75
2643	290.6900024
2644	290.6600037
2645	290.6199951
2646	290.5799866
2647	290.480011
2648	290.1400146
2649	290.1400146
2650	289.7200012
2651	289.3699951
2652	288.9500122
2653	287.7399902
2654	286.3999939
2655	285.7900085
2656	285.2900085
2657	284.1400146
2658	283.6600037
2659	283.4700012
2660	283.2399902
2661	283.0499878
2662	282.9899902
2663	282.9700012
2664	283.0700073
2665	283.0700073
2666	283.1600037
2667	283.2000122
2668	283.2399902
2669	283.2799988
2670	283.2600098
2671	283.3900146
2672	283.5499878
2673	283.7600098
2674	283.7600098
2675	284.0400085
2676	284.1400146
2677	284.2000122
2678	284.4100037
2679	284.6199951
2680	284.769989
2681	284.769989
2682	284.8299866
2683	284.8699951
2684	285
2685	285.0799866
2686	285.25
2687	285.5
2688	285.5
2689	285.769989
2690	285.769989
2691	285.730011
2692	285.769989
2693	285.75
2694	285.8099976
2695	285.8500061
2696	285.769989
2697	285.7900085
2698	285.8099976
2699	286.019989
2700	286.0799866
2701	286.2099915
2702	286.230011
2703	286.25
2704	286.3399963
2705	286.25
2706	286.2099915
2707	286.2099915
2708	286.25
2709	286.25
2710	286.3099976
2711	286.3099976
2712	286.4400024
2713	286.4400024
2714	286.5
2715	286.5
2716	286.5
2717	286.5
2718	286.5
2719	286.5899963
2720	286.5899963
2721	286.6099854
2722	286.6300049
2723	286.6300049
2724	286.5899963
2725	286.5899963
2726	286.6300049
2727	286.6300049
2728	286.8200073
2729	286.8200073
2730	286.9400024
2731	286.9200134
2732	286.8200073
2733	286.8800049
2734	286.8200073
2735	286.8800049
2736	286.9400024
2737	286.9200134
2738	287.0299988
2739	287.0100098
2740	287.0299988
2741	287.0499878
2742	286.9599915
2743	287.0299988
2744	287.0299988
2745	287.0299988
2746	287.0299988
2747	287.0899963
2748	287.1300049
2749	287.1300049
2750	287.1900024
2751	287.2099915
2752	287.2099915
2753	287.1700134
2754	287.1700134
2755	287.1499939
2756	287.2600098
2757	287.2399902
2758	287.1300049
2759	287.1300049
2760	287.1499939
2761	287.1499939
2762	287.1300049
2763	287.1700134
2764	287.1700134
2765	287.1499939
2766	287.1099854
2767	287.1099854
2768	287.1499939
2769	287.1499939
2770	287.2399902
2771	287.1300049
2772	287.1499939
2773	287.1900024
2774	287.2099915
2775	287.1700134
2776	287.3200073
2777	287.2399902
2778	287.2600098
2779	287.1900024
2780	287.1700134
2781	287.2799988
2782	287.2600098
2783	287.1700134
2784	287.1700134
2785	287.2600098
2786	287.2399902
2787	287.2399902
2788	287.1700134
2789	287.1700134
2790	287.0899963
2791	287.0899963
2792	286.980011
2793	287.0499878
2794	287.0299988
2795	287.0499878
2796	287.1700134
2797	287.2799988
2798	287.2799988
2799	287.3399963
2800	287.3999939
2801	287.3800049
2802	287.3999939
2803	287.3599854
2804	287.4400024
2805	287.3399963
2806	287.3599854
2807	287.3399963
2808	287.3200073
2809	287.3599854
2810	287.3399963
2811	287.4700012
2812	287.4700012
2813	287.4400024
2814	287.4400024
2815	287.4400024
2816	287.4700012
2817	287.4700012
2818	287.3999939
2819	287.4400024
2820	287.3399963
2821	287.3399963
2822	287.3399963
2823	287.3399963
2824	287.3399963
2825	287.3999939
2826	287.4200134
2827	287.3999939
2828	287.5100098
2829	287.4700012
2830	287.4700012
2831	287.4200134
2832	287.3800049
2833	287.3399963
2834	287.3599854
2835	287.3200073
2836	287.3599854
2837	287.3599854
2838	287.4400024
2839	287.4200134
2840	287.3999939
2841	287.3999939
2842	287.3599854
2843	287.3999939
2844	287.4400024
2845	287.4899902
2846	287.5299988
2847	287.4899902
2848	287.5100098
2849	287.5100098
2850	287.4400024
2851	287.3999939
2852	287.3599854
2853	287.3999939
2854	287.5100098
2855	287.5100098
2856	287.6700134
2857	287.5899963
2858	287.5700073
2859	287.6099854
2860	287.5499878
2861	287.4200134
2862	287.4200134
2863	287.1700134
2864	287.0700073
2865	286.8800049
2866	286.5899963
2867	286.1900024
2868	286.1700134
2869	286.1700134
2870	286.5
2871	286.8599854
2872	286.8800049
2873	287.0499878
2874	287.1099854
2875	287.1700134
2876	287.2099915
2877	287.3800049
2878	287.4200134
2879	287.5499878
2880	287.4400024
2881	287.4400024
2882	287.4400024
2883	287.4700012
2884	287.4400024
2885	287.4400024
2886	287.4200134
2887	287.1700134
2888	287.1499939
2889	287.1700134
2890	287.2099915
2891	287.3399963
2892	287.3999939
2893	287.4400024
2894	287.4400024
2895	287.3999939
2896	287.4899902
2897	287.5299988
2898	287.6099854
2899	287.6499939
2900	287.7000122
2901	287.7000122
2902	287.7999878
2903	287.8399963
2904	287.7999878
2905	287.7600098
2906	287.6300049
2907	287.5700073
2908	287.5899963
2909	287.5499878
2910	287.5299988
2911	287.5299988
2912	287.5100098
2913	287.5899963
2914	287.6300049
2915	287.7000122
2916	287.5700073
2917	287.5499878
2918	287.5499878
2919	287.4400024
2920	287.5700073
2921	287.3999939
2922	287.3999939
2923	287.3399963
2924	287.3200073
2925	287.2999878
2926	287.2999878
2927	287.2999878
2928	287.3399963
2929	287.3599854
2930	287.2799988
2931	287.3999939
2932	287.3999939
2933	287.3999939
2934	287.6700134
2935	287.7000122
2936	287.7600098
2937	287.7999878
2938	287.8999939
2939	288.0299988
2940	288.0299988
2941	288.1799927
2942	288.3599854
2943	288.4500122
2944	288.6600037
2945	288.7399902
2946	288.8200073
2947	288.8699951
2948	289.1000061
2949	289.1400146
2950	289.1799927
2951	289.3099976
2952	289.4100037
2953	289.5599976
2954	289.6600037
2955	289.7200012
2956	289.769989
2957	289.7399902
2958	289.7399902
2959	289.8299866
2960	289.9100037
2961	289.8900146
2962	289.9500122
2963	289.9500122
2964	289.9700012
2965	289.9700012
2966	290.0599976
2967	290.1400146
2968	290.1199951
2969	290.1600037
2970	290.1400146
2971	290.1400146
2972	290.1400146
2973	290.0400085
2974	290.0599976
2975	290.0799866
2976	290.1600037
2977	290.0799866
2978	290.1000061
2979	290.1600037
2980	290.1199951
2981	290.1400146
2982	290.1600037
2983	290.2000122
2984	290.25
2985	290.25
2986	290.2000122
2987	290.25
2988	290.3299866
2989	290.269989
2990	290.2900085
2991	290.25
2992	290.269989
2993	290.2000122
2994	290.2900085
2995	290.25
2996	290.269989
2997	290.269989
2998	290.25
2999	290.230011
3000	290.2900085
3001	290.2900085
3002	290.3099976
3003	290.3099976
3004	290.3099976
3005	290.269989
3006	290.269989
3007	290.2900085
3008	290.3099976
3009	290.3299866
3010	290.3500061
3011	290.3500061
3012	290.3900146
3013	290.4599915
3014	290.4100037
3015	290.4599915
3016	290.4299927
3017	290.4599915
3018	290.4599915
3019	290.3699951
3020	290.4100037
3021	290.3699951
3022	290.3500061
3023	290.3699951
3024	290.4299927
3025	290.4299927
3026	290.4299927
3027	290.3900146
3028	290.4299927
3029	290.4100037
3030	290.3699951
3031	290.480011
3032	290.4100037
3033	290.4100037
3034	290.4299927
3035	290.4299927
3036	290.4299927
3037	290.480011
3038	290.3900146
3039	290.3500061
3040	290.3099976
3041	290.3900146
3042	290.4100037
3043	290.4100037
3044	290.4599915
3045	290.4299927
3046	290.4299927
3047	290.4299927
3048	290.4299927
3049	290.4599915
3050	290.480011
3051	290.519989
3052	290.480011
3053	290.480011
3054	290.4299927
3055	290.4100037
3056	290.480011
3057	290.480011
3058	290.4299927
3059	290.4299927
3060	290.4599915
3061	290.480011
3062	290.4299927
3063	290.4599915
3064	290.519989
3065	290.5400085
3066	290.5400085
3067	290.519989
3068	290.5
3069	290.480011
3070	290.519989
3071	290.5
3072	290.480011
3073	290.4100037
3074	290.4599915
3075	290.4599915
3076	290.480011
3077	290.480011
3078	290.4599915
3079	290.4599915
3080	290.4100037
3081	290.4599915
3082	290.4599915
3083	290.3900146
3084	290.3699951
3085	290.3900146
3086	290.3699951
3087	290.3500061
3088	290.4299927
3089	290.4100037
3090	290.3699951
3091	290.3900146
3092	290.3900146
3093	290.3099976
3094	290.3699951
3095	290.4299927
3096	290.3900146
3097	290.3699951
3098	290.3699951
3099	290.3500061
3100	290.3500061
3101	290.3500061
3102	290.4100037
3103	290.3099976
3104	290.3900146
3105	290.4599915
3106	290.3900146
3107	290.3900146
3108	290.230011
3109	290.1600037
3110	290.0599976
3111	289.9700012
3112	289.8699951
3113	289.8099976
3114	289.8099976
3115	289.8099976
3116	289.8299866
3117	289.769989
3118	289.8099976
3119	289.7900085
3120	289.7399902
3121	289.7399902
3122	289.3900146
3123	289.1600037
3124	289.0299988
3125	288.6799927
3126	288.2799988
3127	288.0299988
3128	287.7600098
3129	286.6900024
3130	286.269989
3131	285.519989
3132	284.730011
3133	284.519989
3134	284.2200012
3135	284.1199951
3136	284.0100098
3137	283.9100037
3138	283.8299866
3139	283.7799988
3140	283.8299866
3141	283.8299866
3142	283.8299866
3143	283.8299866
3144	283.9899902
3145	284.0599976
3146	284.0599976
3147	284.3900146
3148	284.5400085
3149	284.6799927
3150	284.8099976
3151	285.0599976
3152	285.230011
3153	285.230011
3154	285.480011
3155	285.6700134
3156	285.769989
3157	285.8500061
3158	285.9400024
3159	285.9599915
3160	286.019989
3161	286.1099854
3162	286.1700134
3163	286.1700134
3164	286.269989
3165	286.3800049
3166	286.3399963
3167	286.3399963
3168	286.3999939
3169	286.3800049
3170	286.4599915
3171	286.5400085
3172	286.6099854
3173	286.519989
3174	286.5
3175	286.480011
3176	286.5700073
3177	286.6300049
3178	286.6300049
3179	286.7099915
3180	286.75
3181	286.8200073
3182	286.8800049
3183	286.8999939
3184	286.9200134
3185	286.9200134
3186	286.980011
3187	286.9400024
3188	286.980011
3189	286.9599915
3190	286.9599915
3191	287.0499878
3192	287.0899963
3193	287.0499878
3194	287.1099854
3195	287.0899963
3196	287.1499939
3197	287.1700134
3198	287.2099915
3199	287.1900024
3200	287.2600098
3201	287.3399963
3202	287.2999878
3203	287.3999939
3204	287.3200073
3205	287.3200073
3206	287.3599854
3207	287.3800049
3208	287.3999939
3209	287.4899902
3210	287.5100098
3211	287.5499878
3212	287.4899902
3213	287.4400024
3214	287.4700012
3215	287.4200134
3216	287.5700073
3217	287.6499939
3218	287.6499939
3219	287.6099854
3220	287.5299988
3221	287.5899963
3222	287.6099854
3223	287.5899963
3224	287.5899963
3225	287.6099854
3226	287.5499878
3227	287.5700073
3228	287.5299988
3229	287.6099854
3230	287.6099854
3231	287.5899963
3232	287.6099854
3233	287.7399902
3234	287.7000122
3235	287.6300049
3236	287.7200012
3237	287.6499939
3238	287.7399902
3239	287.7799988
3240	287.7000122
3241	287.6499939
3242	287.7200012
3243	287.7799988
3244	287.8200073
3245	287.7999878
3246	287.8399963
3247	287.8200073
3248	287.8399963
3249	287.8399963
3250	287.7399902
3251	287.7799988
3252	287.7000122
3253	287.7399902
3254	287.6700134
3255	287.8200073
3256	287.8200073
3257	287.8399963
3258	287.7999878
3259	287.7999878
3260	287.8800049
3261	287.9500122
3262	287.8800049
3263	287.8800049
3264	287.8399963
3265	287.7600098
3266	287.7399902
3267	287.7999878
3268	287.8599854
3269	287.8599854
3270	287.8200073
3271	287.8599854
3272	287.8599854
3273	287.8200073
3274	287.8800049
3275	287.8800049
3276	287.7799988
3277	287.8800049
3278	287.7799988
3279	287.7999878
3280	287.7999878
3281	287.8599854
3282	287.8200073
3283	287.8800049
3284	287.8800049
3285	287.8399963
3286	287.8399963
3287	287.7799988
3288	287.7799988
3289	287.8999939
3290	287.8599854
3291	287.8999939
3292	287.9700012
3293	287.9500122
3294	287.9700012
3295	287.9700012
3296	287.9700012
3297	287.9700012
3298	288.0499878
3299	288.0299988
3300	288.0499878
3301	288.0499878
3302	288.0100098
3303	288.0499878
3304	288.0299988
3305	288.0299988
3306	287.9700012
3307	288.0700073
3308	288.0100098
3309	288.0299988
3310	287.9500122
3311	287.9700012
3312	287.8999939
3313	287.9299927
3314	287.8999939
3315	287.9899902
3316	287.9700012
3317	288.0499878
3318	288.0299988
3319	288.0499878
3320	288.0700073
3321	288.0700073
3322	287.9899902
3323	287.9500122
3324	287.9700012
3325	288.0499878
3326	288.1600037
3327	288.1600037
3328	288.2200012
3329	288.2000122
3330	288.2200012
3331	288.1600037
3332	288.1600037
3333	288.1300049
3334	288.1300049
3335	288.1600037
3336	288.0899963
3337	288.1600037
3338	288.2600098
3339	288.2399902
3340	288.1600037
3341	288.1799927
3342	288.1099854
3343	288.0899963
3344	288.0700073
3345	288.1099854
3346	288.0899963
3347	288.0100098
3348	288.0100098
3349	288.1600037
3350	288.2200012
3351	288.2799988
3352	288.2399902
3353	288.2399902
3354	288.3200073
3355	288.2999878
3356	288.2399902
3357	288.1799927
3358	288.0899963
3359	288.0899963
3360	288.1099854
3361	288.1600037
3362	288.1300049
3363	288.1300049
3364	288.2399902
3365	288.2000122
3366	288.2000122
3367	288.1300049
3368	288.1300049
3369	288.1099854
3370	288.1099854
3371	288.2200012
3372	288.2000122
3373	288.2000122
3374	288.1799927
3375	288.1099854
3376	288.1600037
3377	288.1300049
3378	288.1300049
3379	288.1799927
3380	288.1300049
3381	288.1799927
3382	288.2000122
3383	288.1799927
3384	288.1099854
3385	288.1099854
3386	288.1300049
3387	288.0899963
3388	288.1099854
3389	288.0700073
3390	288.1300049
3391	288.1300049
3392	288.1600037
3393	288.0700073
3394	288.0499878
3395	288.1600037
3396	288.1799927
3397	288.1600037
3398	288.1600037
3399	288.1799927
3400	288.1600037
3401	288.2000122
3402	288.2000122
3403	288.1099854
3404	288.2000122
3405	288.2000122
3406	288.3200073
3407	288.4100037
3408	288.4299927
3409	288.5700073
3410	288.5700073
3411	288.5299988
3412	288.5700073
3413	288.7399902
3414	288.8900146
3415	288.9700012
3416	289.0499878
3417	289.1000061
3418	289.2000122
3419	289.2000122
3420	289.4100037
3421	289.3900146
3422	289.5799866
3423	289.6799927
3424	289.769989
3425	289.8299866
3426	289.8500061
3427	289.8099976
3428	289.9299927
3429	290
3430	290
3431	290.0799866
3432	290.1199951
3433	290.2000122
3434	290.2000122
3435	290.25
3436	290.269989
3437	290.269989
3438	290.269989
3439	290.25
3440	290.3099976
3441	290.2900085
3442	290.25
3443	290.2000122
3444	290.2000122
3445	290.230011
3446	290.230011
3447	290.1799927
3448	290.2900085
3449	290.3099976
3450	290.3099976
3451	290.269989
3452	290.3099976
3453	290.3299866
3454	290.269989
3455	290.3500061
3456	290.3699951
3457	290.3500061
3458	290.4100037
3459	290.4100037
3460	290.3699951
3461	290.4100037
3462	290.4299927
3463	290.4599915
3464	290.480011
3465	290.519989
3466	290.5
3467	290.4299927
3468	290.5
3469	290.5
3470	290.4599915
3471	290.4599915
3472	290.4599915
3473	290.480011
3474	290.480011
3475	290.5599976
3476	290.5599976
3477	290.4599915
3478	290.4100037
3479	290.4299927
3480	290.480011
3481	290.5
3482	290.519989
3483	290.4299927
3484	290.519989
3485	290.5
3486	290.4599915
3487	290.4100037
3488	290.480011
3489	290.5400085
3490	290.5400085
3491	290.5400085
3492	290.6000061
3493	290.5599976
3494	290.5599976
3495	290.519989
3496	290.519989
3497	290.5
3498	290.5400085
3499	290.519989
3500	290.4599915
3501	290.4599915
3502	290.5
3503	290.4599915
3504	290.4599915
3505	290.5
3506	290.5599976
3507	290.5599976
3508	290.5599976
3509	290.5
3510	290.519989
3511	290.5
3512	290.5400085
3513	290.5400085
3514	290.519989
3515	290.519989
3516	290.5
3517	290.5
3518	290.5599976
3519	290.5400085
3520	290.519989
3521	290.5599976
3522	290.6000061
3523	290.5400085
3524	290.519989
3525	290.4599915
3526	290.480011
3527	290.480011
3528	290.4599915
3529	290.480011
3530	290.4100037
3531	290.4599915
3532	290.4100037
3533	290.480011
3534	290.4299927
3535	290.5
3536	290.5400085
3537	290.519989
3538	290.5400085
3539	290.5
3540	290.5
3541	290.6000061
3542	290.6000061
3543	290.5799866
3544	290.5799866
3545	290.5799866
3546	290.6199951
3547	290.6199951
3548	290.6600037
3549	290.6199951
3550	290.5799866
3551	290.5400085
3552	290.5599976
3553	290.519989
3554	290.519989
3555	290.5799866
3556	290.5400085
3557	290.5799866
3558	290.6199951
3559	290.5799866
3560	290.6000061
3561	290.6000061
3562	290.5599976
3563	290.5799866
3564	290.5599976
3565	290.5400085
3566	290.5400085
3567	290.5599976
3568	290.5400085
3569	290.5799866
3570	290.5799866
3571	290.5599976
3572	290.5
3573	290.480011
3574	290.5400085
3575	290.5599976
3576	290.519989
3577	290.519989
3578	290.519989
3579	290.519989
3580	290.5400085
3581	290.2900085
3582	290.1799927
3583	290.0799866
3584	289.9500122
3585	289.9299927
3586	289.9299927
3587	289.8099976
3588	289.769989
3589	289.769989
3590	289.769989
3591	289.8299866
3592	289.7200012
3593	289.769989
3594	289.8099976
3595	289.769989
3596	289.7000122
3597	289.5100098
3598	289.4299927
3599	289.2799988
3600	289.0799866
3601	288.5899963
3602	288.3599854
3603	287.9899902
3604	287.4899902
3605	287.1700134
3606	286.730011
3607	286.5
3608	286.1300049
3609	285.8500061
3610	285.6700134
3611	285.6700134
3612	285.5599976
3613	285.5799866
3614	285.6000061
3615	285.6199951
3616	285.7099915
3617	285.769989
3618	285.769989
3619	285.8299866
3620	285.8500061
3621	285.8299866
3622	285.769989
3623	285.769989
3624	285.7900085
3625	285.7900085
3626	285.8500061
3627	285.9200134
3628	285.980011
3629	286.1499939
3630	286.1900024
3631	286.2099915
3632	286.2900085
3633	286.3999939
3634	286.3999939
3635	286.5
3636	286.5
3637	286.519989
3638	286.5400085
3639	286.6099854
3640	286.6099854
3641	286.6099854
3642	286.75
3643	286.7999878
3644	286.7999878
3645	286.8999939
3646	286.8999939
3647	286.9200134
3648	286.9400024
3649	286.9400024
3650	286.9400024
3651	287.1099854
3652	287.1499939
3653	287.1900024
3654	287.2099915
3655	287.2099915
3656	287.2999878
3657	287.2999878
3658	287.3800049
3659	287.3999939
3660	287.4200134
3661	287.4899902
3662	287.4700012
3663	287.4899902
3664	287.4700012
3665	287.4200134
3666	287.4700012
3667	287.5499878
3668	287.5499878
3669	287.6099854
3670	287.6099854
3671	287.6499939
3672	287.6499939
3673	287.5899963
3674	287.6499939
3675	287.6099854
3676	287.6499939
3677	287.6499939
3678	287.6499939
3679	287.7399902
3680	287.6700134
3681	287.5899963
3682	287.5899963
3683	287.5899963
3684	287.6300049
3685	287.6700134
3686	287.7200012
3687	287.7399902
3688	287.7600098
3689	287.7600098
3690	287.7399902
3691	287.7399902
3692	287.7399902
3693	287.7600098
3694	287.7200012
3695	287.7399902
3696	287.7399902
3697	287.7200012
3698	287.7999878
3699	287.8200073
3700	287.8200073
3701	287.8800049
3702	287.8999939
3703	287.8599854
3704	287.9299927
3705	287.9299927
3706	287.9299927
3707	287.8999939
3708	287.8800049
3709	287.9299927
3710	287.8800049
3711	287.8599854
3712	287.8599854
3713	287.8800049
3714	287.8399963
3715	287.8599854
3716	287.8399963
3717	287.8200073
3718	287.7799988
3719	287.8399963
3720	287.7799988
3721	287.7799988
3722	287.8599854
3723	287.8800049
3724	287.8399963
3725	287.8599854
3726	287.8599854
3727	287.9299927
3728	287.9299927
3729	287.9700012
3730	287.9700012
3731	287.9299927
3732	287.9299927
3733	287.9500122
3734	287.9700012
3735	287.9299927
3736	287.8599854
3737	287.9700012
3738	287.9899902
3739	288.0499878
3740	288.1099854
3741	288.1300049
3742	288.0899963
3743	288.0700073
3744	288.0899963
3745	288.1099854
3746	288.0899963
3747	288.0700073
3748	288.0499878
3749	288.1099854
3750	288.0899963
3751	287.9500122
3752	288.0299988
3753	288.0299988
3754	288.0899963
3755	288.0899963
3756	288.0700073
3757	288.0100098
3758	287.9500122
3759	287.9899902
3760	287.9899902
3761	288.0100098
3762	288.0700073
3763	288.0899963
3764	288.1300049
3765	288.1600037
3766	288.1300049
3767	288.1300049
3768	288.0899963
3769	288.0499878
3770	288.0499878
3771	288.0899963
3772	288.0299988
3773	287.9500122
3774	288.0499878
3775	287.9899902
3776	287.9899902
3777	288.0700073
3778	288.0899963
3779	288.0899963
3780	288.0700073
3781	288.0299988
3782	287.9899902
3783	288.0700073
3784	288.1300049
3785	288.2200012
3786	288.2000122
3787	288.2000122
3788	288.1799927
3789	288.1799927
3790	288.1799927
3791	288.1799927
3792	288.1799927
3793	288.1099854
3794	288.0899963
3795	288.1300049
3796	288.1799927
3797	288.1099854
3798	288.1600037
3799	288.1600037
3800	288.1099854
3801	288.0899963
3802	288.1600037
3803	288.1099854
3804	288.0299988
3805	288.0499878
3806	288.0899963
3807	288.0100098
3808	288.1600037
3809	288.0899963
3810	288.0700073
3811	288.0299988
3812	288.1099854
3813	288.1300049
3814	288.1799927
3815	288.1300049
3816	288.1300049
3817	288.1600037
3818	288.1799927
3819	288.1300049
3820	288.1300049
3821	288.1799927
3822	288.1799927
3823	288.1300049
3824	288.1099854
3825	288.1300049
3826	288.0299988
3827	288.0700073
3828	288.0499878
3829	288.0100098
3830	288.0700073
3831	288.0700073
3832	287.9700012
3833	288.0100098
3834	288.0299988
3835	288.0899963
3836	288.1300049
3837	288.1099854
3838	288.1099854
3839	288.1099854
3840	288.0700073
3841	288.0499878
3842	288.0499878
3843	288.0299988
3844	288.0499878
3845	288.0100098
3846	288.0299988
3847	288.0299988
3848	288.0899963
3849	288.0299988
3850	288.0700073
3851	288.0299988
3852	288.0499878
3853	288.1099854
3854	288.1600037
3855	288.2000122
3856	288.2200012
3857	288.2000122
3858	288.1799927
3859	288.1300049
3860	288.1300049
3861	288.1799927
3862	288.1799927
3863	288.1799927
3864	288.1300049
3865	288.1300049
3866	288.1600037
3867	288.0499878
3868	288.1099854
3869	288.0899963
3870	288.0899963
3871	288.2000122
3872	288.2000122
3873	288.2200012
3874	288.2200012
3875	288.2399902
3876	288.1300049
3877	288.1099854
3878	288.2600098
3879	288.2600098
3880	288.3900146
3881	288.4500122
3882	288.5299988
3883	288.5499878
3884	288.5899963
3885	288.7399902
3886	288.7399902
3887	288.7799988
3888	288.8900146
3889	288.9500122
3890	289.0100098
3891	289.0100098
3892	289.0799866
3893	289.2000122
3894	289.2600098
3895	289.3500061
3896	289.3900146
3897	289.4700012
3898	289.5599976
3899	289.6400146
3900	289.6600037
3901	289.6799927
3902	289.6799927
3903	289.769989
3904	289.8099976
3905	289.7399902
3906	289.8099976
3907	289.769989
3908	289.769989
3909	289.769989
3910	289.8500061
3911	289.8900146
3912	289.9299927
3913	289.9100037
3914	290
3915	289.9299927
3916	289.8900146
3917	290.0599976
3918	290.0599976
3919	290.0599976
3920	290.1000061
3921	290.1000061
3922	290.1799927
3923	290.1400146
3924	290.1600037
3925	290.1199951
3926	290.2000122
3927	290.1799927
3928	290.1799927
3929	290.1600037
3930	290.1799927
3931	290.1600037
3932	290.1600037
3933	290.1600037
3934	290.1600037
3935	290.2000122
3936	290.230011
3937	290.2000122
3938	290.25
3939	290.2000122
3940	290.269989
3941	290.269989
3942	290.25
3943	290.2900085
3944	290.230011
3945	290.230011
3946	290.2000122
3947	290.2900085
3948	290.2900085
3949	290.230011
3950	290.25
3951	290.230011
3952	290.1799927
3953	290.2000122
3954	290.1799927
3955	290.1600037
3956	290.230011
3957	290.1799927
3958	290.2000122
3959	290.2000122
3960	290.2000122
3961	290.230011
3962	290.1799927
3963	290.1600037
3964	290.1799927
3965	290.2000122
3966	290.2000122
3967	290.1799927
3968	290.2000122
3969	290.1799927
3970	290.230011
3971	290.25
3972	290.269989
3973	290.269989
3974	290.25
3975	290.1799927
3976	290.230011
3977	290.2000122
3978	290.2900085
3979	290.3099976
3980	290.3099976
3981	290.230011
3982	290.269989
3983	290.230011
3984	290.25
3985	290.230011
3986	290.2000122
3987	290.2000122
3988	290.1600037
3989	290.1799927
3990	290.1400146
3991	290.1400146
3992	290.1600037
3993	290.1799927
3994	290.1400146
3995	290.1600037
3996	290.1600037
3997	290.1400146
3998	290.1600037
3999	290.1799927
4000	290.230011
4001	290.25
4002	290.25
4003	290.2900085
4004	290.2900085
4005	290.2900085
4006	290.3099976
4007	290.3500061
4008	290.3099976
4009	290.2900085
4010	290.3299866
4011	290.3299866
4012	290.3299866
4013	290.25
4014	290.25
4015	290.230011
4016	290.2900085
4017	290.269989
4018	290.3099976
4019	290.3099976
4020	290.3299866
4021	290.3299866
4022	290.3299866
4023	290.3699951
4024	290.3299866
4025	290.2900085
4026	290.3099976
4027	290.3299866
4028	290.3299866
4029	290.3900146
4030	290.3699951
4031	290.3900146
4032	290.3500061
4033	290.3099976
4034	290.3099976
4035	290.2900085
4036	290.269989
4037	290.2000122
4038	290.3099976
4039	290.25
4040	290.25
4041	290.3299866
4042	290.3699951
4043	290.3299866
4044	290.3299866
4045	290.3299866
4046	290.269989
4047	290.3299866
4048	290.269989
4049	290.269989
4050	290.2000122
4051	290.2000122
4052	290.230011
4053	290.1400146
4054	290.1199951
4055	289.8699951
4056	289.8500061
4057	289.7399902
4058	289.7000122
4059	289.6000061
4060	289.5599976
4061	289.4700012
4062	289.4100037
4063	289.4100037
4064	289.3699951
4065	289.3299866
4066	289.2799988
4067	289.2399902
4068	289.2000122
4069	289.2000122
4070	289.1199951
4071	288.9700012
4072	288.8900146
4073	288.4899902
4074	288.2000122
4075	287.7399902
4076	287.7399902
4077	286.980011
4078	286.5400085
4079	286.2900085
4080	285.8500061
4081	285.6900024
4082	285.3900146
4083	285.3900146
4084	285.2099915
4085	285.1400146
4086	285.0799866
4087	285.019989
4088	285.1400146
4089	285.0400085
4090	285.0400085
4091	285.1199951
4092	285.269989
4093	285.4200134
4094	285.5
4095	285.5
4096	285.5599976
4097	285.6199951
4098	285.7099915
4099	285.730011
4100	285.7900085
4101	285.8099976
4102	285.9200134
4103	285.9400024
4104	285.9200134
4105	286.0400085
4106	286.0400085
4107	286.1900024
4108	286.2900085
4109	286.3099976
4110	286.3099976
4111	286.3599854
4112	286.4200134
4113	286.5
4114	286.480011
4115	286.480011
4116	286.519989
4117	286.6300049
4118	286.6900024
4119	286.6099854
4120	286.6499939
4121	286.6700134
4122	286.6700134
4123	286.8399963
4124	286.8599854
4125	286.9400024
4126	286.980011
4127	287.0499878
4128	287.0299988
4129	287.0499878
4130	287.0499878
4131	287.0499878
4132	287.1300049
4133	287.0499878
4134	287.0499878
4135	287.0700073
4136	287.0700073
4137	287.1099854
4138	287.1300049
4139	287.1099854
4140	287.0899963
4141	287.1300049
4142	287.0899963
4143	287.1700134
4144	287.1099854
4145	287.2600098
4146	287.1300049
4147	287.1700134
4148	287.1700134
4149	287.1700134
4150	287.2399902
4151	287.2600098
4152	287.3599854
4153	287.4400024
4154	287.4400024
4155	287.5100098
4156	287.5299988
4157	287.4400024
4158	287.5700073
4159	287.5499878
4160	287.3999939
4161	287.3999939
4162	287.3999939
4163	287.3599854
4164	287.3399963
4165	287.3999939
4166	287.4700012
4167	287.4400024
4168	287.4899902
4169	287.6099854
4170	287.6099854
4171	287.6300049
4172	287.6300049
4173	287.6300049
4174	287.6499939
4175	287.6700134
4176	287.5899963
4177	287.6300049
4178	287.5899963
4179	287.5700073
4180	287.6099854
4181	287.7000122
4182	287.7200012
4183	287.7999878
4184	287.7799988
4185	287.7399902
4186	287.7399902
4187	287.7600098
4188	287.7200012
4189	287.7399902
4190	287.6499939
4191	287.6300049
4192	287.7399902
4193	287.7399902
4194	287.7200012
4195	287.6300049
4196	287.6099854
4197	287.6300049
4198	287.6499939
4199	287.6499939
4200	287.6499939
4201	287.6700134
4202	287.7000122
4203	287.7399902
4204	287.7399902
4205	287.8800049
4206	287.8800049
4207	287.8999939
4208	287.8599854
4209	287.8800049
4210	287.8599854
4211	287.8399963
4212	287.8599854
4213	287.7799988
4214	287.8599854
4215	287.8399963
4216	287.8800049
4217	287.8200073
4218	287.8200073
4219	287.8399963
4220	287.8399963
4221	287.8200073
4222	287.8399963
4223	287.8999939
4224	287.8999939
4225	287.8999939
4226	287.8599854
4227	287.8599854
4228	287.8599854
4229	287.8599854
4230	287.8399963
4231	287.8599854
4232	287.8599854
4233	287.7999878
4234	287.8399963
4235	287.8800049
4236	287.8999939
4237	287.9899902
4238	287.9500122
4239	287.9500122
4240	287.8999939
4241	287.8999939
4242	287.8599854
4243	287.8800049
4244	287.8599854
4245	287.8800049
4246	287.8599854
4247	287.9299927
4248	287.8800049
4249	288.0100098
4250	288.0299988
4251	288.0499878
4252	288.0499878
4253	288.0499878
4254	288.0299988
4255	288.0299988
4256	288.0899963
4257	288.0899963
4258	288.0299988
4259	288.0100098
4260	287.8999939
4261	287.8800049
4262	287.8200073
4263	287.8599854
4264	287.8599854
4265	287.8399963
4266	287.8200073
4267	287.8399963
4268	287.8399963
4269	287.8800049
4270	287.8999939
4271	287.8999939
4272	287.8800049
4273	287.8999939
4274	287.8800049
4275	287.8999939
4276	287.8200073
4277	287.8599854
4278	287.8800049
4279	287.7999878
4280	287.7600098
4281	287.8200073
4282	287.8399963
4283	287.8599854
4284	287.8800049
4285	287.8200073
4286	287.8999939
4287	287.8599854
4288	287.9700012
4289	288.0100098
4290	288.0100098
4291	288.0100098
4292	288.0499878
4293	288.0299988
4294	287.9899902
4295	288.0100098
4296	288.0100098
4297	287.9500122
4298	287.7999878
4299	287.8200073
4300	287.7999878
4301	287.8599854
4302	287.7999878
4303	287.7999878
4304	287.7200012
4305	287.7999878
4306	287.7799988
4307	287.8599854
4308	287.8999939
4309	287.8800049
4310	287.8200073
4311	287.8599854
4312	287.8200073
4313	287.8200073
4314	287.8800049
4315	287.8399963
4316	287.9299927
4317	287.9500122
4318	288.0499878
4319	288.0499878
4320	288.0100098
4321	287.9700012
4322	287.9700012
4323	287.9500122
4324	287.8999939
4325	287.8800049
4326	287.8800049
4327	287.8800049
4328	287.8800049
4329	287.8999939
4330	287.9700012
4331	287.9899902
4332	287.9299927
4333	287.7600098
4334	287.7399902
4335	287.7399902
4336	287.7799988
4337	287.7600098
4338	287.7600098
4339	287.7999878
4340	287.8599854
4341	287.9700012
4342	287.9700012
4343	287.9299927
4344	288.0100098
4345	287.9899902
4346	287.9500122
4347	287.9700012
4348	287.9299927
4349	287.9299927
4350	287.9299927
4351	287.9700012
4352	288.1099854
4353	288.1799927
4354	288.2799988
4355	288.2600098
4356	288.3399963
4357	288.4899902
4358	288.5299988
4359	288.5700073
4360	288.6600037
4361	288.7000122
4362	288.7600098
4363	288.8200073
4364	288.9299927
4365	289.1199951
4366	289.1799927
4367	289.1799927
4368	289.2799988
4369	289.3500061
4370	289.3299866
4371	289.3900146
4372	289.5400085
4373	289.6000061
4374	289.6000061
4375	289.6799927
4376	289.7000122
4377	289.6799927
4378	289.7399902
4379	289.6799927
4380	289.7000122
4381	289.7000122
4382	289.7200012
4383	289.7200012
4384	289.769989
4385	289.7399902
4386	289.8099976
4387	289.769989
4388	289.7900085
4389	289.8500061
4390	289.8900146
4391	289.8900146
4392	289.9299927
4393	289.9100037
4394	289.8900146
4395	289.9100037
4396	289.9299927
4397	289.9299927
4398	289.9299927
4399	289.9100037
4400	289.9299927
4401	289.9700012
4402	289.8900146
4403	290.019989
4404	290.019989
4405	290
4406	290
4407	290.019989
4408	290.019989
4409	290.0599976
4410	290.0599976
4411	290.0599976
4412	290.0799866
4413	290.0799866
4414	290.0799866
4415	290.019989
4416	290.1400146
4417	290.1000061
4418	290.1000061
4419	290.0799866
4420	290.0799866
4421	290.0599976
4422	290.0799866
4423	290.0799866
4424	290.019989
4425	290.1199951
4426	290.1199951
4427	290.1000061
4428	290.1799927
4429	290.1799927
4430	290.1600037
4431	290.1600037
4432	290.1199951
4433	290.2000122
4434	290.1799927
4435	290.2000122
4436	290.25
4437	290.269989
4438	290.269989
4439	290.1600037
4440	290.1400146
4441	290.2000122
4442	290.1600037
4443	290.1199951
4444	290.1199951
4445	290.1199951
4446	290.1000061
4447	290.1199951
4448	290.1199951
4449	290.1000061
4450	290.0799866
4451	290.1000061
4452	290.1000061
4453	290.0799866
4454	290.1199951
4455	290.1000061
4456	290.0799866
4457	290.0400085
4458	290.1000061
4459	290.1799927
4460	290.1000061
4461	290.1400146
4462	290.0799866
4463	290.0799866
4464	290.0599976
4465	290
4466	290.0799866
4467	290.0599976
4468	290.1000061
4469	290.0799866
4470	290.0799866
4471	290.0400085
4472	290.0799866
4473	290.0799866
4474	290.0799866
4475	290.0599976
4476	290.0400085
4477	290.0400085
4478	290
4479	290.019989
4480	290.0799866
4481	290.0400085
4482	290
4483	290.0599976
4484	290.0599976
4485	290.0799866
4486	290
4487	290.019989
4488	290.0599976
4489	290.019989
4490	290.0400085
4491	290.0799866
4492	290.0799866
4493	290.0400085
4494	290
4495	290.019989
4496	290.1400146
4497	290.1000061
4498	290.1199951
4499	290.1400146
4500	290.1199951
4501	290.1199951
4502	290.1000061
4503	290.0599976
4504	290.1199951
4505	290.0799866
4506	290.0599976
4507	290.0799866
4508	290.1199951
4509	290.1199951
4510	290.1000061
4511	290.0799866
4512	290.0799866
4513	290.1400146
4514	290.1600037
4515	290.1400146
4516	290.1400146
4517	290.1000061
4518	290.1199951
4519	290.1199951
4520	290.1199951
4521	290.1799927
4522	290.1600037
4523	290.1600037
4524	290.1400146
4525	290.1199951
4526	290.2000122
4527	290.019989
4528	289.8099976
4529	289.7399902
4530	289.7000122
4531	289.4899902
4532	289.4500122
4533	289.3900146
4534	289.3299866
4535	289.3099976
4536	289.2799988
4537	289.2799988
4538	289.2000122
4539	289.1799927
4540	289.2000122
4541	289.2200012
4542	289.1199951
4543	289.1000061
4544	289.1000061
4545	288.9700012
4546	288.7399902
4547	288.3900146
4548	288.3900146
4549	287.5299988
4550	287.0899963
4551	286.8599854
4552	286.4599915
4553	286.1499939
4554	285.8500061
4555	285.8500061
4556	285.6199951
4557	285.5400085
4558	285.480011
4559	285.3699951
4560	285.3099976
4561	285.3099976
4562	285.3099976
4563	285.269989
4564	285.4400024
4565	285.480011
4566	285.5400085
4567	285.6199951
4568	285.6700134
4569	285.6499939
4570	285.730011
4571	285.730011
4572	285.7900085
4573	285.8800049
4574	285.9200134
4575	285.9400024
4576	285.980011
4577	286
4578	286.0400085
4579	286.1300049
4580	286.1300049
4581	286.230011
4582	286.3399963
4583	286.3599854
4584	286.5
4585	286.5700073
4586	286.6099854
4587	286.6099854
4588	286.6099854
4589	286.5899963
4590	286.75
4591	286.8399963
4592	286.8999939
4593	286.9200134
4594	286.9200134
4595	286.9200134
4596	286.9599915
4597	286.9400024
4598	287.0100098
4599	287.0700073
4600	287.0899963
4601	287.1300049
4602	287.1300049
4603	287.1300049
4604	287.1499939
4605	287.0899963
4606	287.1300049
4607	287.1300049
4608	287.1700134
4609	287.1499939
4610	287.1900024
4611	287.2399902
4612	287.2999878
4613	287.2399902
4614	287.2600098
4615	287.2399902
4616	287.1900024
4617	287.2399902
4618	287.2099915
4619	287.2099915
4620	287.2600098
4621	287.2600098
4622	287.3399963
4623	287.2999878
4624	287.3200073
4625	287.2799988
4626	287.2799988
4627	287.3200073
4628	287.2799988
4629	287.2999878
4630	287.3200073
4631	287.2999878
4632	287.2999878
4633	287.2999878
4634	287.3599854
4635	287.3599854
4636	287.4200134
4637	287.4700012
4638	287.4899902
4639	287.4899902
4640	287.4400024
4641	287.5299988
4642	287.5499878
4643	287.5499878
4644	287.5100098
4645	287.5100098
4646	287.5499878
4647	287.5700073
4648	287.5499878
4649	287.5499878
4650	287.5899963
4651	287.5700073
4652	287.5700073
4653	287.6700134
4654	287.6700134
4655	287.7000122
4656	287.6099854
4657	287.6300049
4658	287.6300049
4659	287.7000122
4660	287.7399902
4661	287.7200012
4662	287.7600098
4663	287.8200073
4664	287.8200073
4665	287.8200073
4666	287.7799988
4667	287.8200073
4668	287.8399963
4669	287.9700012
4670	287.9500122
4671	287.9899902
4672	287.9299927
4673	287.8999939
4674	287.8599854
4675	287.8800049
4676	287.8399963
4677	287.8599854
4678	287.7999878
4679	287.8399963
4680	287.8599854
4681	287.7999878
4682	287.7999878
4683	287.8200073
4684	287.7999878
4685	287.7399902
4686	287.7000122
4687	287.7399902
4688	287.7999878
4689	287.7399902
4690	287.7399902
4691	287.7799988
4692	287.8200073
4693	287.8200073
4694	287.9299927
4695	287.9500122
4696	287.8800049
4697	287.8800049
4698	287.7399902
4699	287.7200012
4700	287.6499939
4701	287.6499939
4702	287.6499939
4703	287.7200012
4704	287.7200012
4705	287.7999878
4706	287.7399902
4707	287.7200012
4708	287.7200012
4709	287.7200012
4710	287.7999878
4711	287.8599854
4712	287.8200073
4713	287.8599854
4714	287.8200073
4715	287.8599854
4716	287.8599854
4717	287.8200073
4718	287.8200073
4719	287.7999878
4720	287.7999878
4721	287.7999878
4722	287.7799988
4723	287.7399902
4724	287.7999878
4725	287.7799988
4726	287.7999878
4727	287.7200012
4728	287.7399902
4729	287.7399902
4730	287.7600098
4731	287.7799988
4732	287.8800049
4733	287.7999878
4734	287.8399963
4735	287.8399963
4736	287.8399963
4737	287.8399963
4738	287.8200073
4739	287.8599854
4740	287.8200073
4741	287.8200073
4742	287.7799988
4743	287.8200073
4744	287.7600098
4745	287.7399902
4746	287.7000122
4747	287.7399902
4748	287.7399902
4749	287.7200012
4750	287.7399902
4751	287.7399902
4752	287.7399902
4753	287.7600098
4754	287.8200073
4755	287.8399963
4756	287.7799988
4757	287.7399902
4758	287.7200012
4759	287.6700134
4760	287.6300049
4761	287.6300049
4762	287.6499939
4763	287.7000122
4764	287.7000122
4765	287.7000122
4766	287.7000122
4767	287.7799988
4768	287.7799988
4769	287.8399963
4770	287.8399963
4771	287.7999878
4772	287.8399963
4773	287.7999878
4774	287.7799988
4775	287.7799988
4776	287.8800049
4777	287.8200073
4778	287.8599854
4779	287.7999878
4780	287.8200073
4781	287.8800049
4782	287.8800049
4783	287.8999939
4784	287.7999878
4785	287.7799988
4786	287.7799988
4787	287.8399963
4788	287.7999878
4789	287.7999878
4790	287.7200012
4791	287.7399902
4792	287.7799988
4793	287.7000122
4794	287.6499939
4795	287.5700073
4796	287.6300049
4797	287.7600098
4798	287.7399902
4799	287.7600098
4800	287.7600098
4801	287.7799988
4802	287.7799988
4803	287.8200073
4804	287.8599854
4805	287.7999878
4806	287.8399963
4807	287.8399963
4808	287.7999878
4809	287.7799988
4810	287.8200073
4811	287.8399963
4812	287.8200073
4813	287.7399902
4814	287.7399902
4815	287.7600098
4816	287.7799988
4817	287.7799988
4818	287.7799988
4819	287.7000122
4820	287.7200012
4821	287.7000122
4822	287.8200073
4823	287.8200073
4824	287.8399963
4825	288.0100098
4826	288.1099854
4827	288.1799927
4828	288.2000122
4829	288.2799988
4830	288.3399963
4831	288.4299927
4832	288.4899902
4833	288.5299988
4834	288.6199951
4835	288.7200012
4836	288.8200073
4837	288.9100037
4838	288.9700012
4839	288.9700012
4840	289.0799866
4841	289.1000061
4842	289.1600037
4843	289.2799988
4844	289.3299866
4845	289.4500122
4846	289.4500122
4847	289.5599976
4848	289.5799866
4849	289.6199951
4850	289.6600037
4851	289.6799927
4852	289.6600037
4853	289.6799927
4854	289.7900085
4855	289.8500061
4856	289.8299866
4857	289.8299866
4858	289.7900085
4859	289.8699951
4860	289.8900146
4861	289.9100037
4862	289.9299927
4863	289.8900146
4864	289.9700012
4865	289.9100037
4866	289.9100037
4867	289.8900146
4868	290.019989
4869	289.9700012
4870	290
4871	290
4872	289.9100037
4873	289.9100037
4874	289.8900146
4875	289.8699951
4876	289.8699951
4877	289.9100037
4878	289.9100037
4879	289.9100037
4880	289.9100037
4881	289.9100037
4882	289.9299927
4883	289.9100037
4884	289.9700012
4885	289.9700012
4886	289.9299927
4887	289.9700012
4888	289.9700012
4889	289.9500122
4890	289.9299927
4891	289.9100037
4892	289.8900146
4893	289.8500061
4894	289.8500061
4895	289.8900146
4896	289.8900146
4897	289.8699951
4898	289.8900146
4899	289.8500061
4900	289.8500061
4901	289.9299927
4902	289.8699951
4903	289.8900146
4904	289.9299927
4905	289.8699951
4906	289.8699951
4907	289.8500061
4908	289.9100037
4909	289.8900146
4910	289.8900146
4911	289.9299927
4912	289.8699951
4913	289.8900146
4914	289.9299927
4915	289.9100037
4916	289.9500122
4917	289.9500122
4918	289.8699951
4919	289.9100037
4920	289.8699951
4921	289.8500061
4922	289.8500061
4923	289.8500061
4924	289.8500061
4925	289.9299927
4926	289.9299927
4927	289.8500061
4928	289.8900146
4929	289.7900085
4930	289.9100037
4931	289.8500061
4932	289.9500122
4933	289.9100037
4934	289.9500122
4935	289.8500061
4936	289.9100037
4937	289.8900146
4938	289.9100037
4939	289.9700012
4940	289.9700012
4941	289.9100037
4942	289.9100037
4943	289.9500122
4944	289.9299927
4945	289.9500122
4946	289.8699951
4947	289.8900146
4948	290
4949	290
4950	289.9299927
4951	289.9500122
4952	289.9700012
4953	289.9100037
4954	289.9500122
4955	289.9299927
4956	289.9299927
4957	289.9299927
4958	289.9299927
4959	289.8900146
4960	289.9700012
4961	289.9299927
4962	289.9500122
4963	289.8699951
4964	289.9100037
4965	289.9299927
4966	289.9100037
4967	290
4968	289.9700012
4969	289.9500122
4970	289.9299927
4971	289.9500122
4972	289.9500122
4973	289.9700012
4974	290.0599976
4975	290
4976	289.9700012
4977	290
4978	289.9100037
4979	289.9299927
4980	289.9100037
4981	289.9100037
4982	289.9500122
4983	289.9500122
4984	289.9500122
4985	289.9500122
4986	290
4987	290
4988	290
4989	289.9500122
4990	290
4991	290
4992	290.019989
4993	290.0400085
4994	290.0400085
4995	289.9299927
4996	290
4997	289.9299927
4998	289.9500122
4999	290.0400085
5000	289.9700012
5001	289.8699951
5002	289.7900085
5003	289.6199951
5004	289.5400085
5005	289.4500122
5006	289.3500061
5007	289.3500061
5008	289.3500061
5009	289.3699951
5010	289.3299866
5011	289.3099976
5012	289.1799927
5013	289.2000122
5014	289.2200012
5015	289.2000122
5016	289.1799927
5017	289.0299988
5018	288.8200073
5019	288.4899902
5020	288.4899902
5021	287.7200012
5022	287.3200073
5023	287.1099854
5024	286.6900024
5025	286.3599854
5026	286.0400085
5027	286.0400085
5028	285.769989
5029	285.6900024
5030	285.5799866
5031	285.6700134
5032	285.6700134
5033	285.6700134
5034	285.6900024
5035	285.7099915
5036	285.75
5037	285.7099915
5038	285.730011
5039	285.769989
5040	285.8500061
5041	285.8299866
5042	285.9400024
5043	286
5044	286.019989
5045	285.9599915
5046	286
5047	285.9599915
5048	286.019989
5049	286.0599976
5050	286.1700134
5051	286.1900024
5052	286.1900024
5053	286.269989
5054	286.3599854
5055	286.3999939
5056	286.4200134
5057	286.4200134
5058	286.3999939
5059	286.3999939
5060	286.5
5061	286.5700073
5062	286.6300049
5063	286.6700134
5064	286.6300049
5065	286.75
5066	286.730011
5067	286.730011
5068	286.7099915
5069	286.730011
5070	286.769989
5071	286.7999878
5072	286.769989
5073	286.75
5074	286.7999878
5075	286.8399963
5076	286.8399963
5077	286.8999939
5078	286.980011
5079	287.0499878
5080	287.0700073
5081	287.1099854
5082	287.1099854
5083	287.1300049
5084	287.1900024
5085	287.2399902
5086	287.2099915
5087	287.2399902
5088	287.2399902
5089	287.2600098
5090	287.2399902
5091	287.2399902
5092	287.2399902
5093	287.2099915
5094	287.1499939
5095	287.2799988
5096	287.3599854
5097	287.4400024
5098	287.4400024
5099	287.3999939
5100	287.4700012
5101	287.4200134
5102	287.4700012
5103	287.4899902
5104	287.4700012
5105	287.4899902
5106	287.5100098
5107	287.5700073
5108	287.5499878
5109	287.5700073
5110	287.5499878
5111	287.4700012
5112	287.5299988
5113	287.4200134
5114	287.4200134
5115	287.4400024
5116	287.4899902
5117	287.4700012
5118	287.3999939
5119	287.3999939
5120	287.3999939
5121	287.3999939
5122	287.3800049
5123	287.3800049
5124	287.3999939
5125	287.4400024
5126	287.3999939
5127	287.4899902
5128	287.4400024
5129	287.4899902
5130	287.4899902
5131	287.4899902
5132	287.4700012
5133	287.4899902
5134	287.5299988
5135	287.5499878
5136	287.5499878
5137	287.5499878
5138	287.5700073
5139	287.5499878
5140	287.5700073
5141	287.5499878
5142	287.4700012
5143	287.5100098
5144	287.5299988
5145	287.5899963
5146	287.6099854
5147	287.6499939
5148	287.6700134
5149	287.6499939
5150	287.6300049
5151	287.5899963
5152	287.6300049
5153	287.6099854
5154	287.5899963
5155	287.5299988
5156	287.5700073
5157	287.5299988
5158	287.5899963
5159	287.6700134
5160	287.6300049
5161	287.6099854
5162	287.6099854
5163	287.4700012
5164	287.5700073
5165	287.5700073
5166	287.5299988
5167	287.5899963
5168	287.5299988
5169	287.5299988
5170	287.5499878
5171	287.6099854
5172	287.6099854
5173	287.6300049
5174	287.6300049
5175	287.6499939
5176	287.6499939
5177	287.6700134
5178	287.6300049
5179	287.5899963
5180	287.5899963
5181	287.5299988
5182	287.5100098
5183	287.5100098
5184	287.5299988
5185	287.4700012
5186	287.5100098
5187	287.5100098
5188	287.5499878
5189	287.6099854
5190	287.5299988
5191	287.5499878
5192	287.6099854
5193	287.5700073
5194	287.5700073
5195	287.6700134
5196	287.6099854
5197	287.6300049
5198	287.5899963
5199	287.5100098
5200	287.5100098
5201	287.5100098
5202	287.4899902
5203	287.5499878
5204	287.4899902
5205	287.4899902
5206	287.4700012
5207	287.5100098
5208	287.5100098
5209	287.5499878
5210	287.5700073
5211	287.5299988
5212	287.5899963
5213	287.6099854
5214	287.6099854
5215	287.5700073
5216	287.6300049
5217	287.6300049
5218	287.6499939
5219	287.5499878
5220	287.5499878
5221	287.5100098
5222	287.5700073
5223	287.5700073
5224	287.5700073
5225	287.5499878
5226	287.6099854
5227	287.5499878
5228	287.6300049
5229	287.5700073
5230	287.6099854
5231	287.5499878
5232	287.5899963
5233	287.5899963
5234	287.5899963
5235	287.5899963
5236	287.6499939
5237	287.6300049
5238	287.5899963
5239	287.5299988
5240	287.5299988
5241	287.5299988
5242	287.4899902
5243	287.4899902
5244	287.4899902
5245	287.5299988
5246	287.5100098
5247	287.5499878
5248	287.5899963
5249	287.6099854
5250	287.5899963
5251	287.5499878
5252	287.5100098
5253	287.5299988
5254	287.4899902
5255	287.5100098
5256	287.5100098
5257	287.5899963
5258	287.5899963
5259	287.6700134
5260	287.6099854
5261	287.7200012
5262	287.7399902
5263	287.7200012
5264	287.7799988
5265	287.7799988
5266	287.7399902
5267	287.7600098
5268	287.7399902
5269	287.6499939
5270	287.6499939
5271	287.5100098
5272	287.5100098
5273	287.4899902
5274	287.5499878
5275	287.5299988
5276	287.5299988
5277	287.5299988
5278	287.5499878
5279	287.5499878
5280	287.5700073
5281	287.6499939
5282	287.7000122
5283	287.6700134
5284	287.7200012
5285	287.7200012
5286	287.6700134
5287	287.7000122
5288	287.7000122
5289	287.7200012
5290	287.7399902
5291	287.7000122
5292	287.6700134
5293	287.7200012
5294	287.7000122
5295	287.7600098
5296	287.6300049
5297	287.7000122
5298	287.7399902
5299	287.8999939
5300	287.9500122
5301	288.0299988
5302	288.1600037
5303	288.2200012
5304	288.2200012
5305	288.2799988
5306	288.3599854
5307	288.4100037
5308	288.4700012
5309	288.5499878
5310	288.5899963
5311	288.5899963
5312	288.7799988
5313	288.8699951
5314	288.9299927
5315	288.9899902
5316	289.1000061
5317	289.1600037
5318	289.1600037
5319	289.1799927
5320	289.2200012
5321	289.2600098
5322	289.3099976
5323	289.3699951
5324	289.3699951
5325	289.3699951
5326	289.4299927
5327	289.4899902
5328	289.4899902
5329	289.4899902
5330	289.5400085
5331	289.4700012
5332	289.4899902
5333	289.5400085
5334	289.6199951
5335	289.5799866
5336	289.5799866
5337	289.5599976
5338	289.6199951
5339	289.6400146
5340	289.6400146
5341	289.5799866
5342	289.6400146
5343	289.6400146
5344	289.6799927
5345	289.6400146
5346	289.6000061
5347	289.6199951
5348	289.6000061
5349	289.6400146
5350	289.6400146
5351	289.6600037
5352	289.5599976
5353	289.6400146
5354	289.6199951
5355	289.6000061
5356	289.6400146
5357	289.6400146
5358	289.6799927
5359	289.6400146
5360	289.6600037
5361	289.6400146
5362	289.7200012
5363	289.7000122
5364	289.6799927
5365	289.7200012
5366	289.7000122
5367	289.6799927
5368	289.6600037
5369	289.6799927
5370	289.6799927
5371	289.7000122
5372	289.6600037
5373	289.6600037
5374	289.6400146
5375	289.6400146
5376	289.6799927
5377	289.769989
5378	289.7200012
5379	289.6799927
5380	289.7200012
5381	289.7399902
5382	289.7399902
5383	289.8299866
5384	289.7399902
5385	289.769989
5386	289.8099976
5387	289.8299866
5388	289.7900085
5389	289.8500061
5390	289.8299866
5391	289.8699951
5392	289.8299866
5393	289.7399902
5394	289.7399902
5395	289.7200012
5396	289.7200012
5397	289.7399902
5398	289.7200012
5399	289.7200012
5400	289.769989
5401	289.8099976
5402	289.8299866
5403	289.769989
5404	289.7900085
5405	289.8699951
5406	289.8299866
5407	289.8299866
5408	289.7900085
5409	289.8500061
5410	289.8699951
5411	289.769989
5412	289.769989
5413	289.769989
5414	289.769989
5415	289.7399902
5416	289.7000122
5417	289.769989
5418	289.7900085
5419	289.8500061
5420	289.8500061
5421	289.8500061
5422	289.8099976
5423	289.8299866
5424	289.8299866
5425	289.7900085
5426	289.6799927
5427	289.7000122
5428	289.7399902
5429	289.8099976
5430	289.8099976
5431	289.8299866
5432	289.7900085
5433	289.8699951
5434	289.8299866
5435	289.8699951
5436	289.8699951
5437	289.8299866
5438	289.7900085
5439	289.8099976
5440	289.7900085
5441	289.8099976
5442	289.8299866
5443	289.8299866
5444	289.8299866
5445	289.7900085
5446	289.7900085
5447	289.8299866
5448	289.8699951
5449	289.8500061
5450	289.8900146
5451	289.9100037
5452	289.9299927
5453	289.9299927
5454	289.7900085
5455	289.8299866
5456	289.9100037
5457	289.8099976
5458	289.8299866
5459	289.8500061
5460	289.8500061
5461	289.8099976
5462	289.8500061
5463	289.8299866
5464	289.8699951
5465	289.8299866
5466	289.8099976
5467	289.7900085
5468	289.8299866
5469	289.8500061
5470	289.8099976
5471	289.769989
5472	289.6799927
5473	289.8500061
5474	289.7200012
5475	289.5799866
5476	289.4100037
5477	289.2399902
5478	289.2000122
5479	289.1199951
5480	289.1199951
5481	289.0799866
5482	289.1000061
5483	289.1199951
5484	289.0499878
5485	289.0499878
5486	289.0499878
5487	288.9700012
5488	288.9500122
5489	288.9500122
5490	288.8500061
5491	288.6400146
5492	288.6400146
5493	288.0499878
5494	287.7000122
5495	287.4899902
5496	287.0100098
5497	286.6499939
5498	286.4200134
5499	286.25
5500	285.8299866
5501	285.769989
5502	285.6199951
5503	285.5
5504	285.3900146
5505	285.3699951
5506	285.25
5507	285.2900085
5508	285.25
5509	285.2900085
5510	285.3500061
5511	285.3500061
5512	285.3299866
5513	285.4400024
5514	285.519989
5515	285.6199951
5516	285.6900024
5517	285.6900024
5518	285.8500061
5519	285.8800049
5520	285.8999939
5521	285.9200134
5522	286.0599976
5523	286.0599976
5524	286.0599976
5525	286.1700134
5526	286.1499939
5527	286.1900024
5528	286.1700134
5529	286.1499939
5530	286.1900024
5531	286.1900024
5532	286.1900024
5533	286.1700134
5534	286.2900085
5535	286.269989
5536	286.3800049
5537	286.3599854
5538	286.3999939
5539	286.3399963
5540	286.3800049
5541	286.3800049
5542	286.3999939
5543	286.4400024
5544	286.5700073
5545	286.5
5546	286.6499939
5547	286.6499939
5548	286.6099854
5549	286.6900024
5550	286.730011
5551	286.6900024
5552	286.769989
5553	286.7999878
5554	286.8200073
5555	286.8800049
5556	286.8800049
5557	286.8599854
5558	286.9400024
5559	287.0100098
5560	286.980011
5561	287.0299988
5562	287.0499878
5563	287.0499878
5564	286.9599915
5565	287.0100098
5566	287.0100098
5567	287.0700073
5568	287.0700073
5569	287.1099854
5570	287.0499878
5571	287.0499878
5572	287.0899963
5573	287.0499878
5574	287.0700073
5575	286.980011
5576	287.0100098
5577	287.0700073
5578	287.0299988
5579	287.0899963
5580	287.0899963
5581	287.0899963
5582	287.0299988
5583	287.0899963
5584	287.1099854
5585	287.1499939
5586	287.1900024
5587	287.2099915
5588	287.2099915
5589	287.2399902
5590	287.2399902
5591	287.2600098
5592	287.2799988
5593	287.2799988
5594	287.2099915
5595	287.2099915
5596	287.2399902
5597	287.2999878
5598	287.2600098
5599	287.2399902
5600	287.3200073
5601	287.3399963
5602	287.3399963
5603	287.2600098
5604	287.2999878
5605	287.3200073
5606	287.3200073
5607	287.2799988
5608	287.1900024
5609	287.2399902
5610	287.2799988
5611	287.2999878
5612	287.2799988
5613	287.2600098
5614	287.2399902
5615	287.2099915
5616	287.2799988
5617	287.2399902
5618	287.2399902
5619	287.2099915
5620	287.2999878
5621	287.2600098
5622	287.3399963
5623	287.2799988
5624	287.3800049
5625	287.2999878
5626	287.3399963
5627	287.3399963
5628	287.2799988
5629	287.2799988
5630	287.3800049
5631	287.2999878
5632	287.3200073
5633	287.2999878
5634	287.2999878
5635	287.2999878
5636	287.3999939
5637	287.3599854
5638	287.3599854