1	334.69999
2	334.69999
3	334.6
4	334.69999
5	334.69999
6	334.6
7	334.69999
8	334.4
9	334.50001
10	334.4
11	334.4
12	334.4
13	334.30001
14	334.19999
15	334.4
16	334.4
17	334.50001
18	334.4
19	334.10001
20	334.19999
21	334.4
22	334.4
23	334.30001
24	334.4
25	334.6
26	334.69999
27	334.69999
28	334.69999
29	334.8
30	335.00001
31	334.69999
32	334.69999
33	334.69999
34	334.6
35	334.8
36	334.69999
37	334.6
38	334.6
39	334.6
40	334.6
41	334.69999
42	334.6
43	334.6
44	334.4
45	334.4
46	334.4
47	334.4
48	334.4
49	334.4
50	334.69999
51	334.8
52	334.8
53	335.00001
54	334.89999
55	334.69999
56	334.89999
57	334.8
58	335.00001
59	335.1
60	334.8
61	335.20001
62	335.00001
63	335.3
64	335.1
65	335.3
66	335.3
67	335.20001
68	335.1
69	335.00001
70	335.00001
71	334.69999
72	335.00001
73	334.89999
74	334.8
75	335.00001
76	335.00001
77	334.89999
78	334.8
79	335.00001
80	334.89999
81	334.8
82	334.89999
83	334.89999
84	335.1
85	334.89999
86	334.8
87	335.00001
88	334.69999
89	334.69999
90	334.89999
91	334.69999
92	335.00001
93	334.89999
94	335.00001
95	335.00001
96	334.8
97	334.89999
98	335.00001
99	335.00001
100	334.8
101	334.4
102	333.9
103	333.29999
104	333.20001
105	333.09999
106	333.40001
107	333.20001
108	333.29999
109	333.9
110	335.00001
111	336.69999
112	337.70001
113	339.50001
114	341.6
115	343.6
116	344.50001
117	345.99999
118	347.5
119	348.8
120	349.7
121	350.69999
122	352.10001
123	352.4
124	353.30001
125	353.89999
126	354.5
127	354.99999
128	355.30001
129	355.89999
130	356.59999
131	356.59999
132	356.59999
133	356.90001
134	357.2
135	357.4
136	357.80001
137	358.20001
138	358.39999
139	358.59999
140	359
141	359.2
142	359.80001
143	359.69999
144	359.60001
145	359.60001
146	359.29999
147	358.79999
148	359
149	359.4
150	359.9
151	360.1
152	360.3
153	360.39999
154	360.39999
155	360.39999
156	360.50001
157	360.50001
158	360.70001
159	360.70001
160	361
161	361.09999
162	360.90001
163	360.8
164	360.59999
165	360.90001
166	360.90001
167	360.8
168	361
169	360.8
170	361.09999
171	361.49999
172	361.49999
173	361.2
174	361
175	361.09999
176	361.2
177	361.40001
178	361.40001
179	361.40001
180	361.40001
181	361.49999
182	361.29999
183	361.29999
184	361.2
185	361.40001
186	361.49999
187	361.79999
188	361.79999
189	361.79999
190	361.99999
191	362.10001
192	362.10001
193	362.10001
194	361.99999
195	362.30001
196	362.19999
197	362.4
198	362.30001
199	362.4
200	362.6
201	362.6
202	362.69999
203	362.50001
204	362.19999
205	361.99999
206	362.30001
207	362.4
208	362.50001
209	362.4
210	362.4
211	362.4
212	362.69999
213	362.4
214	362.30001
215	362.19999
216	362.4
217	362.10001
218	361.99999
219	361.7
220	361.7
221	361.79999
222	362.10001
223	362.4
224	362.69999
225	362.69999
226	362.8
227	362.69999
228	362.6
229	362.6
230	362.69999
231	362.69999
232	363.00001
233	363.00001
234	362.8
235	362.69999
236	362.8
237	363.00001
238	363.09999
239	363.00001
240	363.20001
241	363.40001
242	363.59999
243	363.3
244	363.09999
245	363.00001
246	363.00001
247	362.8
248	362.8
249	362.6
250	362.30001
251	362.50001
252	362.6
253	362.8
254	362.89999
255	363.09999
256	363.09999
257	362.89999
258	362.69999
259	362.6
260	362.69999
261	362.4
262	362.4
263	362.6
264	362.69999
265	362.69999
266	362.6
267	363.00001
268	362.89999
269	362.8
270	362.30001
271	362.4
272	362.4
273	363.00001
274	362.19999
275	362.4
276	362.6
277	362.89999
278	363.20001
279	363.90001
280	364.4
281	364.4
282	364.89999
283	365.00001
284	365.20001
285	365.39999
286	365.3
287	364.49999
288	363.00001
289	361.40001
290	357.2
291	350.49999
292	346.70001
293	338.2
294	328.90001
295	321.20001
296	317.60001
297	311.30001
298	306.4
299	303.09999
300	301.9
301	300.3
302	299.9
303	300.39999
304	300.90001
305	302.39999
306	303.9
307	304.8
308	307.00001
309	308.60001
310	310.40001
311	312.00001
312	312.7
313	314.1
314	315.69999
315	316.39999
316	317.60001
317	318.89999
318	319.79999
319	320.2
320	321.20001
321	321.90001
322	322.49999
323	322.9
324	323.8
325	324.29999
326	324.80001
327	324.9
328	325.6
329	326.00001
330	326.3
331	326.7
332	326.99999
333	327.6
334	327.6
335	327.49999
336	327.89999
337	328.1
338	328.3
339	328.3
340	328.90001
341	329.2
342	329.2
343	329.49999
344	329.80001
345	329.80001
346	329.9
347	329.9
348	330.19999
349	330.1
350	330.19999
351	330.50001
352	330.8
353	330.8
354	331.2
355	331.29999
356	331.49999
357	331.60001
358	331.60001
359	331.80001
360	331.80001
361	331.80001
362	331.9
363	331.80001
364	331.99999
365	332.1
366	331.9
367	332.39999
368	332.39999
369	332.50001
370	332.30001
371	332.50001
372	332.39999
373	332.39999
374	332.50001
375	332.6
376	332.70001
377	332.39999
378	332.8
379	332.8
380	332.8
381	332.8
382	332.70001
383	332.70001
384	332.70001
385	332.6
386	332.8
387	332.70001
388	332.8
389	332.6
390	332.70001
391	332.70001
392	332.70001
393	332.6
394	333
395	333
396	333.09999
397	333
398	333.20001
399	333
400	333.09999
401	333
402	333.09999
403	333
404	333.20001
405	333
406	333.09999
407	333.29999
408	333.29999
409	333.29999
410	333.09999
411	333.20001
412	333.20001
413	333.5
414	333.60001
415	333.5
416	333.29999
417	333.5
418	333.5
419	333.40001
420	333.40001
421	333.40001
422	333.40001
423	333.5
424	293.70001
425	333.40001
426	333.40001
427	333.40001
428	333.40001
429	333.7
430	333.60001
431	333.7
432	333.60001
433	333.7
434	333.9
435	333.60001
436	333.60001
437	333.5
438	333.7
439	333.40001
440	333.60001
441	333.60001
442	333.5
443	333.5
444	333.40001
445	333.09999
446	333.20001
447	333.20001
448	333.40001
449	333.09999
450	333.40001
451	333.29999
452	333.40001
453	333.29999
454	333.40001
455	333.40001
456	333.40001
457	333.40001
458	333.40001
459	333.5
460	333.40001
461	333.40001
462	333.40001
463	333.60001
464	333.5
465	333.40001
466	333.7
467	333.79999
468	333.79999
469	333.60001
470	333.60001
471	333.7
472	333.99999
473	333.79999
474	333.7
475	333.99999
476	333.99999
477	333.79999
478	334.10001
479	334.19999
480	334.10001
481	334.10001
482	334.19999
483	334.10001
484	334.10001
485	334.19999
486	334.19999
487	334.19999
488	334.4
489	334.30001
490	334.30001
491	334.19999
492	334.4
493	334.4
494	334.30001
495	334.10001
496	334.10001
497	334.19999
498	334.10001
499	334.19999
500	334.10001
501	334.19999
502	334.19999
503	334.10001
504	334.10001
505	334.10001
506	334.10001
507	334.10001
508	334.30001
509	334.10001
510	334.19999
511	334.30001
512	334.10001
513	334.30001
514	334.30001
515	334.4
516	334.30001
517	334.30001
518	334.30001
519	334.4
520	334.50001
521	334.30001
522	334.30001
523	334.19999
524	334.30001
525	334.30001
526	334.19999
527	334.30001
528	334.4
529	334.30001
530	334.50001
531	334.69999
532	334.69999
533	334.69999
534	334.50001
535	334.4
536	334.6
537	334.4
538	334.4
539	334.4
540	334.50001
541	334.50001
542	334.4
543	334.4
544	334.4
545	334.4
546	334.4
547	334.4
548	334.4
549	334.4
550	334.50001
551	334.50001
552	334.4
553	334.19999
554	334.4
555	334.4
556	334.10001
557	334.19999
558	334.10001
559	334.30001
560	334.4
561	334.4
562	334.4
563	333.99999
564	334.19999
565	334.10001
566	334.19999
567	334.19999
568	334.10001
569	333.99999
570	334.19999
571	334.4
572	334.30001
573	334.10001
574	333.5
575	333
576	332.8
577	332.6
578	332.1
579	332.1
580	332.1
581	332.50001
582	333.20001
583	333.60001
584	334.69999
585	336.2
586	338
587	340.20001
588	341.10001
589	342.79999
590	344.70001
591	345.60001
592	347.09999
593	348.6
594	349.99999
595	350.49999
596	351.79999
597	352.49999
598	353.39999
599	353.50001
600	354.29999
601	354.99999
602	355.69999
603	355.89999
604	356.5
605	356.90001
606	357.2
607	357.49999
608	357.6
609	357.89999
610	358.39999
611	358.5
612	358.90001
613	358.90001
614	358.79999
615	358.90001
616	358.90001
617	359
618	359.2
619	359.60001
620	359.60001
621	359.80001
622	359.80001
623	359.80001
624	360.1
625	360.00001
626	360.1
627	360.19999
628	360.1
629	360.19999
630	360.39999
631	360.3
632	360.50001
633	360.8
634	360.90001
635	361
636	360.8
637	360.59999
638	360.59999
639	360.8
640	361.09999
641	360.8
642	360.8
643	360.90001
644	361.2
645	361.40001
646	361.40001
647	361.40001
648	361.40001
649	361.49999
650	361.60001
651	361.7
652	361.79999
653	361.7
654	361.9
655	362.19999
656	362.69999
657	362.69999
658	363.00001
659	363.20001
660	363.20001
661	363.3
662	363.3
663	363.3
664	363.00001
665	363.00001
666	362.69999
667	362.50001
668	362.10001
669	362.30001
670	362.30001
671	362.4
672	362.4
673	362.50001
674	362.89999
675	362.89999
676	363.00001
677	363.00001
678	363.09999
679	362.8
680	362.89999
681	363.09999
682	363.00001
683	363.00001
684	362.8
685	362.8
686	363.00001
687	363.00001
688	363.00001
689	363.09999
690	363.3
691	363.5
692	363.40001
693	363.7
694	363.5
695	363.40001
696	363.3
697	363.7
698	363.7
699	363.59999
700	363.09999
701	362.69999
702	362.8
703	362.8
704	363.3
705	363.79999
706	363.90001
707	363.99999
708	363.79999
709	363.90001
710	363.99999
711	363.99999
712	363.7
713	363.40001
714	363.40001
715	363.7
716	363.7
717	363.99999
718	363.90001
719	364.10001
720	364.49999
721	364.6
722	364.6
723	364.69999
724	364.89999
725	364.69999
726	364.69999
727	364.6
728	364.6
729	364.4
730	364.49999
731	364.6
732	364.30001
733	364.30001
734	364.30001
735	364.30001
736	365.3
737	365.39999
738	365.39999
739	365.3
740	365.20001
741	364.89999
742	365.00001
743	365.00001
744	364.80001
745	364.80001
746	364.6
747	364.6
748	364.4
749	364.4
750	364.80001
751	365.1
752	365.3
753	365.59999
754	366
755	366.49999
756	366.60001
757	366.9
758	366.9
759	366.69999
760	366.2
761	365.00001
762	362.69999
763	358.5
764	355.6
765	348.89999
766	341.19999
767	336.9
768	328.59999
769	321.5
770	315.10001
771	310.09999
772	308.2
773	305.79999
774	304.4
775	304.19999
776	304.4
777	305.40001
778	306.69999
779	307.39999
780	308.9
781	310.40001
782	312.09999
783	312.90001
784	314.70001
785	316.1
786	317.79999
787	318.30001
788	319.40001
789	320.80001
790	321.1
791	322.49999
792	323.1
793	323.70001
794	324.40001
795	324.7
796	325.19999
797	326.00001
798	326.20001
799	326.7
800	326.99999
801	327.6
802	327.6
803	328.00001
804	328.5
805	328.59999
806	328.79999
807	329
808	329.2
809	329.49999
810	329.49999
811	329.69999
812	329.80001
813	330.00001
814	330.3
815	330.39999
816	330.70001
817	330.8
818	330.90001
819	330.90001
820	331.29999
821	331.2
822	331.40001
823	331.40001
824	331.49999
825	331.49999
826	331.60001
827	331.7
828	331.80001
829	331.99999
830	331.9
831	332.1
832	332.1
833	332.19999
834	332.19999
835	332.19999
836	332.1
837	332.30001
838	332.19999
839	332.30001
840	332.30001
841	332.39999
842	332.6
843	332.50001
844	332.50001
845	332.70001
846	332.50001
847	332.6
848	332.50001
849	332.70001
850	332.6
851	332.8
852	332.6
853	332.89999
854	332.89999
855	332.89999
856	333
857	333.09999
858	333.29999
859	333.29999
860	333.09999
861	333.40001
862	333.5
863	333.40001
864	333.40001
865	333.40001
866	333.60001
867	333.5
868	333.60001
869	333.5
870	333.40001
871	333.20001
872	333.40001
873	333.40001
874	333.20001
875	333.29999
876	333.40001
877	333.40001
878	333.40001
879	333.5
880	333.40001
881	333.40001
882	333.40001
883	333.7
884	333.7
885	333.7
886	333.60001
887	333.7
888	333.7
889	333.79999
890	333.79999
891	333.7
892	333.7
893	333.9
894	333.99999
895	333.7
896	333.9
897	333.99999
898	333.7
899	333.7
900	333.7
901	333.5
902	333.60001
903	333.7
904	333.60001
905	333.60001
906	333.5
907	333.40001
908	333.40001
909	333.5
910	333.5
911	333.40001
912	333.29999
913	333.29999
914	333.40001
915	333.5
916	333.60001
917	333.5
918	333.7
919	333.7
920	333.7
921	333.60001
922	333.7
923	333.40001
924	333.60001
925	333.60001
926	333.5
927	333.40001
928	333.40001
929	333.5
930	333.40001
931	333.40001
932	333.20001
933	333.20001
934	333.40001
935	333.5
936	333.5
937	333.5
938	333.60001
939	333.7
940	333.7
941	333.60001
942	333.60001
943	333.5
944	333.7
945	333.7
946	333.40001
947	333.40001
948	333.5
949	333.40001
950	333.60001
951	333.5
952	333.40001
953	333.5
954	333.7
955	333.7
956	333.20001
957	333.20001
958	333.40001
959	333.29999
960	333.40001
961	333.40001
962	333.40001
963	333.40001
964	333.60001
965	333.5
966	333.40001
967	333.5
968	333.7
969	333.60001
970	333.5
971	333.40001
972	333.5
973	333.5
974	333.7
975	333.7
976	333.5
977	333.60001
978	333.7
979	333.40001
980	333.40001
981	333.40001
982	333.5
983	333.29999
984	333.29999
985	333.09999
986	333.09999
987	333.20001
988	333.29999
989	333.09999
990	333.20001
991	333.09999
992	333.29999
993	333.40001
994	333.29999
995	333.29999
996	333.29999
997	333.40001
998	333.5
999	333.5
1000	333.40001
1001	333.40001
1002	333.40001
1003	333.5
1004	333.29999
1005	333.20001
1006	333.5
1007	333.40001
1008	333.5
1009	333.5
1010	333.5
1011	333.40001
1012	333.29999
1013	333.40001
1014	333.40001
1015	333.40001
1016	333.20001
1017	333.29999
1018	333.20001
1019	333.29999
1020	333.40001
1021	333.29999
1022	333.09999
1023	333.29999
1024	333.40001
1025	333.7
1026	333.60001
1027	333.40001
1028	333.40001
1029	333.29999
1030	333.29999
1031	333.20001
1032	333.20001
1033	333.09999
1034	333.09999
1035	333.20001
1036	333.09999
1037	333.20001
1038	333.09999
1039	333
1040	333.29999
1041	333.20001
1042	333.20001
1043	333.09999
1044	333.09999
1045	333.09999
1046	333.09999
1047	332.70001
1048	332.50001
1049	332.19999
1050	331.60001
1051	331.60001
1052	331.49999
1053	331.80001
1054	332.30001
1055	332.6
1056	333.7
1057	335.70001
1058	337.59999
1059	338.29999
1060	340.20001
1061	341.89999
1062	344.00001
1063	344.90001
1064	346.39999
1065	347.99999
1066	348.69999
1067	350.2
1068	351.5
1069	352.60001
1070	353.39999
1071	353.8
1072	354.7
1073	355.10001
1074	355.6
1075	355.89999
1076	356.3
1077	356.59999
1078	356.90001
1079	356.99999
1080	357.49999
1081	357.6
1082	357.80001
1083	357.89999
1084	358.1
1085	358.20001
1086	358.20001
1087	358.20001
1088	358.59999
1089	358.70001
1090	359.10001
1091	359.29999
1092	359.49999
1093	359.60001
1094	359.80001
1095	359.9
1096	360.1
1097	360.1
1098	360.1
1099	360.3
1100	360.19999
1101	360.1
1102	360.1
1103	360.39999
1104	360.8
1105	361.09999
1106	361.40001
1107	361.09999
1108	361.29999
1109	361.29999
1110	361.60001
1111	361.7
1112	361.7
1113	361.60001
1114	361.29999
1115	361.7
1116	361.49999
1117	361.40001
1118	361.29999
1119	361.40001
1120	361.40001
1121	361.60001
1122	361.79999
1123	361.7
1124	361.60001
1125	361.7
1126	361.7
1127	361.9
1128	361.9
1129	362.10001
1130	362.4
1131	362.69999
1132	362.6
1133	362.50001
1134	362.6
1135	362.8
1136	362.8
1137	362.6
1138	362.8
1139	363.00001
1140	363.3
1141	363.3
1142	363.20001
1143	363.40001
1144	363.40001
1145	363.3
1146	363.09999
1147	363.00001
1148	363.09999
1149	363.09999
1150	363.00001
1151	363.20001
1152	363.00001
1153	363.09999
1154	363.09999
1155	363.00001
1156	363.00001
1157	362.89999
1158	362.69999
1159	362.69999
1160	363.00001
1161	363.20001
1162	363.20001
1163	363.3
1164	363.3
1165	363.7
1166	363.79999
1167	364.2
1168	364.2
1169	364.4
1170	364.2
1171	364.30001
1172	363.79999
1173	363.59999
1174	363.5
1175	363.20001
1176	363.3
1177	363.5
1178	363.40001
1179	363.40001
1180	363.20001
1181	363.20001
1182	363.3
1183	363.09999
1184	363.00001
1185	362.89999
1186	362.89999
1187	362.8
1188	362.89999
1189	362.89999
1190	363.00001
1191	363.20001
1192	363.20001
1193	363.00001
1194	363.00001
1195	363.00001
1196	362.8
1197	363.00001
1198	362.6
1199	362.69999
1200	362.50001
1201	362.4
1202	362.50001
1203	362.4
1204	362.4
1205	362.6
1206	362.69999
1207	363.09999
1208	363.00001
1209	362.89999
1210	362.89999
1211	362.89999
1212	362.8
1213	362.8
1214	363.09999
1215	363.5
1216	363.5
1217	363.40001
1218	363.5
1219	363.40001
1220	363.40001
1221	363.59999
1222	363.5
1223	363.7
1224	363.7
1225	363.90001
1226	364.30001
1227	364.2
1228	364.6
1229	365.00001
1230	365.39999
1231	365.5
1232	365.3
1233	365.3
1234	364.10001
1235	363.00001
1236	359.10001
1237	353.39999
1238	346.39999
1239	342.5
1240	334.30001
1241	325.8
1242	318.6
1243	315.2
1244	309.89999
1245	305.7
1246	303.09999
1247	302.19999
1248	301.40001
1249	301.40001
1250	301.80001
1251	302.70001
1252	303.79999
1253	305.09999
1254	306.80001
1255	307.70001
1256	309.39999
1257	310.9
1258	311.8
1259	313.4
1260	314.70001
1261	315.9
1262	316.59999
1263	317.60001
1264	318.50001
1265	319.59999
1266	319.99999
1267	320.69999
1268	321.3
1269	322.10001
1270	322.60001
1271	323.00001
1272	323.39999
1273	323.70001
1274	324.40001
1275	324.7
1276	324.99999
1277	325.39999
1278	325.8
1279	326.09999
1280	326.3
1281	326.40001
1282	326.79999
1283	327.10001
1284	327.2
1285	327.30001
1286	327.89999
1287	328.00001
1288	327.89999
1289	328.20001
1290	328.3
1291	328.59999
1292	328.5
1293	328.79999
1294	329.2
1295	329.2
1296	329.2
1297	329.49999
1298	329.80001
1299	330.1
1300	329.9
1301	330.1
1302	330.19999
1303	330.39999
1304	330.39999
1305	330.50001
1306	330.70001
1307	330.8
1308	330.50001
1309	330.50001
1310	331
1311	330.8
1312	330.8
1313	331.09999
1314	331.2
1315	331
1316	331.2
1317	331.40001
1318	331.40001
1319	331.49999
1320	331.49999
1321	331.7
1322	331.80001
1323	331.80001
1324	331.80001
1325	331.9
1326	331.9
1327	331.80001
1328	332.1
1329	332.1
1330	331.99999
1331	332.1
1332	332.30001
1333	332.39999
1334	332.19999
1335	332.19999
1336	332.8
1337	332.70001
1338	332.6
1339	332.50001
1340	332.50001
1341	332.6
1342	332.6
1343	332.39999
1344	332.30001
1345	332.19999
1346	332.39999
1347	332.50001
1348	332.39999
1349	332.39999
1350	332.50001
1351	332.70001
1352	332.8
1353	332.70001
1354	332.8
1355	332.8
1356	332.6
1357	332.30001
1358	332.50001
1359	332.39999
1360	332.30001
1361	332.30001
1362	332.39999
1363	332.39999
1364	332.39999
1365	332.1
1366	332.39999
1367	332.6
1368	332.30001
1369	332.19999
1370	332.30001
1371	332.30001
1372	332.19999
1373	332.30001
1374	332.19999
1375	332.39999
1376	332.19999
1377	332.1
1378	332.19999
1379	332.39999
1380	332.30001
1381	332.19999
1382	332.1
1383	331.99999
1384	331.80001
1385	331.80001
1386	332.1
1387	331.99999
1388	331.99999
1389	332.1
1390	332.39999
1391	332.39999
1392	332.1
1393	332.19999
1394	332.19999
1395	332.30001
1396	331.99999
1397	332.1
1398	332.1
1399	332.1
1400	332.19999
1401	332.39999
1402	332.19999
1403	332.19999
1404	332.30001
1405	332.39999
1406	332.1
1407	332.1
1408	332.19999
1409	332.30001
1410	332.19999
1411	332.39999
1412	332.50001
1413	332.50001
1414	332.19999
1415	332.39999
1416	332.39999
1417	332.1
1418	332.39999
1419	332.19999
1420	332.39999
1421	332.39999
1422	332.39999
1423	332.50001
1424	332.6
1425	332.39999
1426	332.30001
1427	332.19999
1428	332.30001
1429	332.39999
1430	332.30001
1431	332.39999
1432	332.39999
1433	332.39999
1434	332.50001
1435	332.6
1436	332.50001
1437	332.50001
1438	332.1
1439	332.30001
1440	332.39999
1441	332.19999
1442	332.19999
1443	332.39999
1444	332.19999
1445	332.1
1446	332.39999
1447	332.39999
1448	332.50001
1449	332.50001
1450	332.39999
1451	332.50001
1452	332.19999
1453	332.19999
1454	332.30001
1455	332.30001
1456	332.30001
1457	332.1
1458	332.1
1459	332.1
1460	332.39999
1461	332.30001
1462	332.19999
1463	332.19999
1464	332.39999
1465	332.30001
1466	332.1
1467	332.30001
1468	332.30001
1469	332.30001
1470	332.19999
1471	332.30001
1472	332.50001
1473	332.39999
1474	332.39999
1475	332.6
1476	332.50001
1477	332.6
1478	332.30001
1479	332.8
1480	332.50001
1481	332.70001
1482	332.6
1483	332.50001
1484	332.50001
1485	332.39999
1486	332.39999
1487	332.39999
1488	332.6
1489	332.50001
1490	332.6
1491	332.50001
1492	332.39999
1493	332.39999
1494	332.6
1495	332.39999
1496	332.39999
1497	332.39999
1498	332.50001
1499	332.39999
1500	332.30001
1501	332.30001
1502	332.50001
1503	332.39999
1504	332.6
1505	332.50001
1506	332.70001
1507	332.8
1508	332.6
1509	332.39999
1510	332.6
1511	332.6
1512	332.6
1513	332.39999
1514	332.39999
1515	332.30001
1516	332.50001
1517	332.30001
1518	332.39999
1519	332.30001
1520	332.1
1521	331.49999
1522	331.49999
1523	331.29999
1524	330.90001
1525	330.70001
1526	330.8
1527	331.2
1528	331.40001
1529	332.19999
1530	333.99999
1531	334.8
1532	336.9
1533	338.9
1534	340.09999
1535	342.00001
1536	343.9
1537	345.40001
1538	346.30001
1539	347.5
1540	348.50001
1541	349.5
1542	350.30001
1543	351.1
1544	352.2
1545	353.19999
1546	353.6
1547	353.89999
1548	354.29999
1549	354.40001
1550	354.99999
1551	355.50001
1552	356.09999
1553	356.59999
1554	356.79999
1555	357.49999
1556	357.69999
1557	357.80001
1558	358.00001
1559	358.3
1560	358.5
1561	358.5
1562	359
1563	359.2
1564	359.49999
1565	359.49999
1566	359.80001
1567	359.49999
1568	359.80001
1569	359.9
1570	360.1
1571	360.3
1572	360.1
1573	360.19999
1574	360.70001
1575	360.8
1576	360.8
1577	361.09999
1578	361.09999
1579	361.40001
1580	361.40001
1581	361.60001
1582	361.99999
1583	361.99999
1584	362.10001
1585	361.99999
1586	362.4
1587	362.19999
1588	362.30001
1589	362.4
1590	362.4
1591	362.4
1592	362.4
1593	361.9
1594	362.10001
1595	362.10001
1596	362.4
1597	362.10001
1598	362.10001
1599	362.4
1600	362.4
1601	362.8
1602	362.4
1603	362.50001
1604	362.4
1605	362.6
1606	362.4
1607	362.4
1608	362.50001
1609	362.69999
1610	362.4
1611	362.19999
1612	362.4
1613	362.69999
1614	362.6
1615	362.8
1616	362.89999
1617	362.89999
1618	362.89999
1619	363.00001
1620	362.89999
1621	362.89999
1622	362.6
1623	362.4
1624	362.69999
1625	362.6
1626	362.69999
1627	362.4
1628	362.4
1629	362.69999
1630	362.69999
1631	362.89999
1632	363.00001
1633	363.20001
1634	363.20001
1635	363.3
1636	363.3
1637	363.5
1638	363.7
1639	363.7
1640	363.7
1641	363.7
1642	363.7
1643	363.7
1644	363.99999
1645	363.7
1646	363.7
1647	363.3
1648	362.69999
1649	362.69999
1650	362.69999
1651	363.20001
1652	363.3
1653	363.40001
1654	363.3
1655	363.20001
1656	363.3
1657	363.20001
1658	363.09999
1659	363.3
1660	363.5
1661	363.3
1662	363.3
1663	363.3
1664	363.3
1665	363.00001
1666	363.00001
1667	363.00001
1668	363.00001
1669	363.09999
1670	363.09999
1671	363.20001
1672	363.3
1673	363.3
1674	363.3
1675	363.09999
1676	363.00001
1677	363.20001
1678	363.7
1679	363.7
1680	363.79999
1681	363.79999
1682	363.99999
1683	363.99999
1684	363.99999
1685	364.10001
1686	364.30001
1687	364.2
1688	364.49999
1689	364.4
1690	364.30001
1691	364.4
1692	364.49999
1693	364.49999
1694	364.4
1695	364.30001
1696	364.30001
1697	364.49999
1698	364.6
1699	364.6
1700	365.00001
1701	365.39999
1702	365.59999
1703	365.70001
1704	366.4
1705	366.29999
1706	365.3
1707	364.30001
1708	361.79999
1709	357.80001
1710	355.19999
1711	348.69999
1712	340.79999
1713	332.39999
1714	324.60001
1715	320.6
1716	314.1
1717	308.80001
1718	306.89999
1719	303.79999
1720	301.60001
1721	300.59999
1722	300.50001
1723	301.09999
1724	302.19999
1725	303.7
1726	304.4
1727	306.10001
1728	307.70001
1729	309.39999
1730	310.20001
1731	311.8
1732	313.4
1733	314.1
1734	315.4
1735	316.50001
1736	317.9
1737	318.69999
1738	319.3
1739	319.90001
1740	320.89999
1741	321.1
1742	321.70001
1743	322.4
1744	322.69999
1745	323.1
1746	323.50001
1747	324
1748	324.40001
1749	324.60001
1750	324.7
1751	325.19999
1752	325.6
1753	325.8
1754	326.00001
1755	326.20001
1756	326.40001
1757	326.7
1758	326.99999
1759	327.2
1760	327.49999
1761	327.6
1762	327.69999
1763	327.89999
1764	328.00001
1765	328.00001
1766	328.1
1767	328.5
1768	328.5
1769	328.79999
1770	328.79999
1771	329
1772	328.90001
1773	329.2
1774	329.2
1775	329.4
1776	329.49999
1777	329.49999
1778	329.49999
1779	329.60001
1780	329.80001
1781	329.49999
1782	329.49999
1783	329.9
1784	329.80001
1785	329.69999
1786	329.9
1787	330.1
1788	330.19999
1789	330.19999
1790	330.19999
1791	330.19999
1792	330.19999
1793	330.19999
1794	330.3
1795	330.19999
1796	330.39999
1797	330.50001
1798	330.50001
1799	330.50001
1800	330.59999
1801	330.59999
1802	330.59999
1803	330.50001
1804	330.59999
1805	331
1806	330.8
1807	330.8
1808	331
1809	330.90001
1810	330.90001
1811	330.59999
1812	330.90001
1813	331
1814	330.90001
1815	330.8
1816	331.2
1817	330.90001
1818	331.2
1819	331.2
1820	331.40001
1821	331.40001
1822	331.40001
1823	331.29999
1824	331.40001
1825	331.40001
1826	331.29999
1827	331.29999
1828	331.60001
1829	331.60001
1830	331.60001
1831	331.80001
1832	331.80001
1833	331.7
1834	331.60001
1835	331.80001
1836	331.7
1837	331.80001
1838	331.7
1839	331.80001
1840	331.9
1841	331.80001
1842	332.1
1843	331.9
1844	331.80001
1845	331.99999
1846	332.1
1847	332.1
1848	331.99999
1849	331.99999
1850	332.19999
1851	332.19999
1852	332.19999
1853	331.99999
1854	332.19999
1855	332.1
1856	332.1
1857	332.19999
1858	332.1
1859	332.1
1860	332.1
1861	332.30001
1862	332.1
1863	332.1
1864	332.1
1865	332.1
1866	331.99999
1867	332.19999
1868	332.1
1869	332.19999
1870	331.9
1871	331.99999
1872	332.19999
1873	331.9
1874	332.1
1875	332.1
1876	332.1
1877	331.9
1878	331.99999
1879	331.99999
1880	332.1
1881	332.1
1882	332.1
1883	332.1
1884	331.9
1885	331.99999
1886	331.80001
1887	331.80001
1888	331.49999
1889	331.99999
1890	332.1
1891	331.80001
1892	331.9
1893	332.1
1894	332.1
1895	332.1
1896	331.99999
1897	331.9
1898	331.99999
1899	331.80001
1900	332.1
1901	332.1
1902	332.30001
1903	331.9
1904	331.99999
1905	331.80001
1906	331.80001
1907	331.49999
1908	331.60001
1909	331.60001
1910	331.49999
1911	331.40001
1912	331.80001
1913	331.7
1914	331.80001
1915	331.7
1916	331.9
1917	331.99999
1918	331.80001
1919	331.9
1920	332.1
1921	332.1
1922	332.1
1923	332.1
1924	332.1
1925	331.99999
1926	331.80001
1927	331.99999
1928	331.99999
1929	332.1
1930	331.99999
1931	332.1
1932	332.1
1933	332.30001
1934	331.99999
1935	332.1
1936	332.19999
1937	332.1
1938	331.99999
1939	332.1
1940	331.99999
1941	331.99999
1942	331.99999
1943	331.9
1944	331.9
1945	332.1
1946	331.80001
1947	331.99999
1948	331.99999
1949	332.19999
1950	332.1
1951	331.9
1952	332.1
1953	332.1
1954	331.99999
1955	331.99999
1956	332.19999
1957	332.39999
1958	332.1
1959	332.1
1960	332.19999
1961	332.30001
1962	332.30001
1963	332.39999
1964	332.30001
1965	332.30001
1966	332.30001
1967	332.1
1968	332.1
1969	332.1
1970	332.1
1971	332.1
1972	332.39999
1973	332.30001
1974	332.19999
1975	332.1
1976	332.19999
1977	332.30001
1978	332.30001
1979	332.39999
1980	332.50001
1981	332.50001
1982	332.39999
1983	332.50001
1984	332.6
1985	332.39999
1986	332.39999
1987	332.39999
1988	332.39999
1989	332.39999
1990	332.30001
1991	332.39999
1992	332.19999
1993	332.1
1994	331.99999
1995	331.49999
1996	331
1997	330.90001
1998	330.70001
1999	330.50001
2000	331
2001	331.7
2002	332.30001
2003	333.60001
2004	335.00001
2005	337.1
2006	338.2
2007	340.20001
2008	342.40001
2009	343.4
2010	345.60001
2011	347.29999
2012	348.50001
2013	349.99999
2014	350.49999
2015	351.5
2016	352.10001
2017	352.7
2018	353.50001
2019	354.29999
2020	354.99999
2021	355.30001
2022	355.6
2023	355.89999
2024	356.59999
2025	356.79999
2026	357.10001
2027	357.30001
2028	357.6
2029	357.89999
2030	357.89999
2031	358.20001
2032	358.5
2033	358.70001
2034	358.70001
2035	358.79999
2036	359.10001
2037	359
2038	359.10001
2039	359.60001
2040	359.69999
2041	359.9
2042	360.3
2043	360.50001
2044	360.70001
2045	360.50001
2046	360.90001
2047	360.90001
2048	360.90001
2049	360.90001
2050	360.90001
2051	361
2052	361.09999
2053	360.59999
2054	360.50001
2055	360.50001
2056	360.70001
2057	360.70001
2058	360.90001
2059	360.90001
2060	361.09999
2061	361.09999
2062	361.09999
2063	361.29999
2064	361.2
2065	361.09999
2066	361
2067	361
2068	361.09999
2069	361.09999
2070	361.40001
2071	361.40001
2072	361.40001
2073	361.29999
2074	361.49999
2075	361.49999
2076	361.49999
2077	361.7
2078	361.9
2079	362.19999
2080	362.10001
2081	362.30001
2082	362.30001
2083	362.10001
2084	361.9
2085	362.10001
2086	361.99999
2087	362.10001
2088	362.10001
2089	362.19999
2090	362.19999
2091	362.19999
2092	362.50001
2093	362.69999
2094	362.69999
2095	362.69999
2096	363.00001
2097	363.20001
2098	363.09999
2099	363.20001
2100	363.79999
2101	363.7
2102	363.79999
2103	363.59999
2104	363.7
2105	363.7
2106	363.7
2107	363.5
2108	363.7
2109	363.7
2110	363.59999
2111	363.59999
2112	363.7
2113	363.7
2114	363.3
2115	363.3
2116	363.20001
2117	363.09999
2118	363.20001
2119	363.20001
2120	363.00001
2121	363.00001
2122	363.3
2123	363.3
2124	363.00001
2125	363.09999
2126	363.3
2127	363.40001
2128	363.3
2129	363.40001
2130	363.59999
2131	363.7
2132	363.7
2133	363.7
2134	363.7
2135	363.7
2136	363.7
2137	363.7
2138	363.90001
2139	363.79999
2140	363.99999
2141	363.90001
2142	363.99999
2143	363.99999
2144	363.99999
2145	363.59999
2146	363.20001
2147	363.00001
2148	363.3
2149	363.00001
2150	362.8
2151	363.09999
2152	363.00001
2153	363.09999
2154	363.5
2155	363.7
2156	363.79999
2157	363.90001
2158	364.2
2159	364.30001
2160	364.2
2161	364.10001
2162	364.2
2163	364.2
2164	364.2
2165	364.2
2166	364.4
2167	364.49999
2168	364.2
2169	363.99999
2170	363.99999
2171	363.99999
2172	364.49999
2173	364.69999
2174	365.00001
2175	365.1
2176	365.39999
2177	365.79999
2178	365.79999
2179	365.39999
2180	364.10001
2181	362.4
2182	360.70001
2183	356.59999
2184	350.80001
2185	343.69999
2186	339.6
2187	331.49999
2188	323.50001
2189	316.1
2190	313.10001
2191	308
2192	304.19999
2193	302.8
2194	300.59999
2195	299.60001
2196	299.69999
2197	300.3
2198	300.8
2199	302.19999
2200	303.60001
2201	304.50001
2202	306.2
2203	307.90001
2204	309.30001
2205	310.20001
2206	311.50001
2207	312.99999
2208	314.20001
2209	314.79999
2210	315.80001
2211	316.90001
2212	317.99999
2213	318.30001
2214	319.20001
2215	319.99999
2216	320.49999
2217	321.1
2218	321.70001
2219	322.2
2220	322.69999
2221	323.00001
2222	323.39999
2223	323.8
2224	324.09999
2225	324.29999
2226	324.7
2227	324.80001
2228	324.9
2229	325.1
2230	325.39999
2231	325.70001
2232	325.70001
2233	326.09999
2234	326.3
2235	326.40001
2236	326.7
2237	326.99999
2238	327.30001
2239	327.30001
2240	327.30001
2241	327.49999
2242	327.69999
2243	327.80001
2244	327.80001
2245	327.89999
2246	328.20001
2247	328.20001
2248	328.20001
2249	328.20001
2250	328.3
2251	328.59999
2252	328.59999
2253	328.59999
2254	328.70001
2255	328.70001
2256	328.70001
2257	328.90001
2258	328.90001
2259	328.90001
2260	329
2261	329
2262	329.2
2263	329.2
2264	329.29999
2265	329.29999
2266	329.29999
2267	329.4
2268	329.29999
2269	329.49999
2270	329.49999
2271	329.60001
2272	329.49999
2273	329.60001
2274	329.69999
2275	329.60001
2276	329.49999
2277	329.60001
2278	329.80001
2279	329.9
2280	329.69999
2281	329.69999
2282	329.9
2283	329.9
2284	330.00001
2285	330.19999
2286	330.19999
2287	330.19999
2288	330.3
2289	330.50001
2290	330.50001
2291	330.3
2292	330.39999
2293	330.19999
2294	330.39999
2295	330.50001
2296	330.3
2297	330.50001
2298	330.50001
2299	330.59999
2300	330.59999
2301	330.59999
2302	330.39999
2303	330.8
2304	330.70001
2305	330.8
2306	330.59999
2307	330.50001
2308	330.50001
2309	330.50001
2310	330.39999
2311	330.3
2312	330.59999
2313	330.50001
2314	330.50001
2315	330.50001
2316	330.59999
2317	330.8
2318	330.8
2319	330.70001
2320	330.59999
2321	330.59999
2322	330.8
2323	330.70001
2324	330.8
2325	330.90001
2326	330.90001
2327	330.90001
2328	330.70001
2329	330.8
2330	331.09999
2331	331.09999
2332	330.90001
2333	330.8
2334	331
2335	330.8
2336	330.8
2337	330.70001
2338	330.8
2339	330.8
2340	330.59999
2341	330.39999
2342	330.50001
2343	330.50001
2344	330.50001
2345	330.19999
2346	330.3
2347	330.19999
2348	330.39999
2349	330.19999
2350	330.3
2351	330.3
2352	330.19999
2353	330.3
2354	330.3
2355	330.19999
2356	330.19999
2357	330.19999
2358	330.39999
2359	330.50001
2360	330.39999
2361	330.39999
2362	330.39999
2363	330.39999
2364	330.3
2365	330.19999
2366	330.3
2367	330.1
2368	330.19999
2369	330.19999
2370	330.19999
2371	330.19999
2372	330.19999
2373	329.9
2374	330.19999
2375	330.19999
2376	330.50001
2377	330.39999
2378	330.39999
2379	330.39999
2380	330.50001
2381	330.39999
2382	330.3
2383	330.19999
2384	330.19999
2385	330.19999
2386	330.19999
2387	329.9
2388	329.9
2389	330.00001
2390	329.9
2391	330.00001
2392	330.1
2393	329.9
2394	329.9
2395	329.80001
2396	330.00001
2397	330.1
2398	329.80001
2399	329.9
2400	329.9
2401	330.00001
2402	330.1
2403	330.1
2404	330.00001
2405	329.9
2406	330.1
2407	330.19999
2408	330.19999
2409	330.1
2410	330.1
2411	330.1
2412	330.1
2413	330.00001
2414	329.60001
2415	330.1
2416	330.00001
2417	330.00001
2418	330.00001
2419	329.9
2420	329.9
2421	329.9
2422	330.1
2423	329.9
2424	329.9
2425	329.9
2426	329.60001
2427	330.00001
2428	329.9
2429	329.9
2430	329.9
2431	330.00001
2432	330.1
2433	329.9
2434	330.00001
2435	329.9
2436	329.9
2437	330.00001
2438	329.9
2439	329.9
2440	329.80001
2441	329.9
2442	329.9
2443	329.80001
2444	329.80001
2445	329.80001
2446	329.9
2447	329.9
2448	329.9
2449	329.9
2450	329.9
2451	329.9
2452	329.80001
2453	329.9
2454	329.80001
2455	329.69999
2456	330.00001
2457	329.9
2458	329.9
2459	329.80001
2460	330.1
2461	330.19999
2462	330.1
2463	330.1
2464	330.19999
2465	330.3
2466	330.50001
2467	329.49999
2468	329.2
2469	328.90001
2470	328.39999
2471	328.5
2472	328.20001
2473	328.00001
2474	328.3
2475	329
2476	330.1
2477	330.8
2478	332.39999
2479	334.69999
2480	336.80001
2481	338
2482	339.8
2483	341.8
2484	343.49999
2485	344.39999
2486	345.9
2487	347.29999
2488	348.30001
2489	348.89999
2490	349.79999
2491	350.80001
2492	351.1
2493	351.79999
2494	352.60001
2495	353.30001
2496	353.70001
2497	354.09999
2498	354.79999
2499	355.30001
2500	355.30001
2501	355.69999
2502	356.3
2503	356.90001
2504	356.79999
2505	356.90001
2506	356.90001
2507	357.30001
2508	356.99999
2509	357.2
2510	357.4
2511	357.6
2512	357.69999
2513	358.00001
2514	358.20001
2515	358.3
2516	358.59999
2517	358.79999
2518	358.90001
2519	359.10001
2520	359
2521	359
2522	359
2523	359.10001
2524	359
2525	358.79999
2526	358.70001
2527	358.90001
2528	359
2529	359
2530	359
2531	359.2
2532	359.10001
2533	359.2
2534	359.69999
2535	359.80001
2536	360.1
2537	360.19999
2538	360.39999
2539	360.3
2540	360.1
2541	360.00001
2542	359.80001
2543	359.80001
2544	360.00001
2545	360.3
2546	360.39999
2547	360.1
2548	360.3
2549	360.3
2550	360.50001
2551	360.1
2552	360.19999
2553	360.19999
2554	360.3
2555	360.39999
2556	360.39999
2557	360.59999
2558	360.70001
2559	360.8
2560	361.29999
2561	361.09999
2562	361.09999
2563	361.29999
2564	361.60001
2565	361.7
2566	361.60001
2567	361.7
2568	361.7
2569	361.40001
2570	361.49999
2571	361.60001
2572	361.7
2573	361.7
2574	361.40001
2575	361.40001
2576	361.7
2577	361.7
2578	361.99999
2579	362.19999
2580	362.4
2581	362.4
2582	361.99999
2583	361.7
2584	361.60001
2585	361.49999
2586	361.09999
2587	361
2588	361.2
2589	361.40001
2590	361.40001
2591	361.40001
2592	361.2
2593	361.29999
2594	361.2
2595	361.29999
2596	361.09999
2597	361.40001
2598	361.40001
2599	361.09999
2600	360.8
2601	361
2602	361.29999
2603	361.7
2604	361.79999
2605	361.7
2606	361.49999
2607	361.49999
2608	361.09999
2609	360.90001
2610	361
2611	361.2
2612	361
2613	361.2
2614	361.40001
2615	361.29999
2616	361.40001
2617	361.7
2618	361.60001
2619	361.7
2620	361.9
2621	361.99999
2622	361.9
2623	361.99999
2624	362.30001
2625	362.6
2626	362.4
2627	362.4
2628	362.30001
2629	362.19999
2630	362.10001
2631	361.9
2632	362.10001
2633	362.10001
2634	361.99999
2635	362.10001
2636	362.10001
2637	362.10001
2638	362.19999
2639	362.19999
2640	362.19999
2641	362.10001
2642	362.10001
2643	362.10001
2644	362.4
2645	362.8
2646	362.89999
2647	363.40001
2648	363.79999
2649	363.99999
2650	364.2
2651	364.49999
2652	364.30001
2653	363.99999
2654	362.50001
2655	360.1
2656	355.89999
2657	350.2
2658	346.19999
2659	338.29999
2660	330.3
2661	326.40001
2662	319.09999
2663	312.5
2664	307.70001
2665	305.40001
2666	302.8
2667	301
2668	299.80001
2669	299.49999
2670	299.60001
2671	300.3
2672	301.60001
2673	302.19999
2674	304.19999
2675	305.79999
2676	306.80001
2677	308.49999
2678	310.20001
2679	311.69999
2680	312.7
2681	313.4
2682	314.59999
2683	315.49999
2684	316.00001
2685	316.70001
2686	317.60001
2687	318.30001
2688	318.6
2689	319.3
2690	319.99999
2691	320.4
2692	320.6
2693	321.1
2694	321.20001
2695	321.79999
2696	321.79999
2697	322.10001
2698	322.49999
2699	322.49999
2700	322.9
2701	323.3
2702	323.59999
2703	323.8
2704	324.09999
2705	324.40001
2706	324.49999
2707	324.49999
2708	324.7
2709	324.7
2710	324.80001
2711	324.99999
2712	325.19999
2713	325.30001
2714	325.6
2715	325.6
2716	325.70001
2717	325.70001
2718	325.89999
2719	325.89999
2720	325.8
2721	326.09999
2722	326.09999
2723	326.40001
2724	326.59999
2725	326.59999
2726	326.7
2727	326.79999
2728	326.90001
2729	326.99999
2730	326.79999
2731	327.10001
2732	327.4
2733	327.2
2734	327.2
2735	327.2
2736	327.4
2737	327.30001
2738	327.30001
2739	327.30001
2740	327.4
2741	327.49999
2742	327.30001
2743	327.49999
2744	327.69999
2745	327.80001
2746	327.69999
2747	327.6
2748	327.69999
2749	327.69999
2750	327.69999
2751	327.69999
2752	327.89999
2753	327.80001
2754	327.80001
2755	328.00001
2756	328.00001
2757	328.00001
2758	328.00001
2759	328.1
2760	328.20001
2761	328.3
2762	328.5
2763	328.3
2764	328.3
2765	328.39999
2766	328.3
2767	328.20001
2768	328.1
2769	328.3
2770	328.20001
2771	328.1
2772	328.20001
2773	328.20001
2774	328.20001
2775	328.3
2776	328.3
2777	328.39999
2778	328.39999
2779	328.39999
2780	328.59999
2781	328.5
2782	328.5
2783	328.59999
2784	328.59999
2785	328.5
2786	328.5
2787	328.59999
2788	328.59999
2789	328.59999
2790	328.3
2791	328.70001
2792	328.70001
2793	328.39999
2794	328.5
2795	328.5
2796	328.5
2797	328.5
2798	328.39999
2799	328.39999
2800	328.5
2801	328.59999
2802	328.59999
2803	328.59999
2804	328.39999
2805	328.5
2806	328.70001
2807	328.39999
2808	328.39999
2809	328.70001
2810	328.59999
2811	328.59999
2812	328.79999
2813	328.70001
2814	328.70001
2815	328.59999
2816	328.70001
2817	328.90001
2818	328.70001
2819	328.79999
2820	328.90001
2821	328.59999
2822	328.79999
2823	328.90001
2824	328.59999
2825	328.59999
2826	328.59999
2827	328.5
2828	328.3
2829	328.39999
2830	328.3
2831	328.00001
2832	328.00001
2833	328.20001
2834	328.3
2835	328.39999
2836	328.59999
2837	328.39999
2838	328.79999
2839	328.70001
2840	328.70001
2841	328.79999
2842	328.70001
2843	328.5
2844	328.59999
2845	328.59999
2846	328.39999
2847	328.39999
2848	328.39999
2849	328.39999
2850	328.59999
2851	328.70001
2852	328.59999
2853	328.59999
2854	328.79999
2855	328.70001
2856	328.70001
2857	328.70001
2858	328.5
2859	328.90001
2860	328.59999
2861	328.70001
2862	328.59999
2863	328.39999
2864	328.59999
2865	328.79999
2866	328.59999
2867	328.59999
2868	328.59999
2869	328.59999
2870	328.5
2871	328.59999
2872	328.59999
2873	328.39999
2874	328.39999
2875	328.59999
2876	328.5
2877	328.3
2878	328.70001
2879	328.59999
2880	328.5
2881	328.59999
2882	328.70001
2883	328.59999
2884	328.59999
2885	328.79999
2886	328.70001
2887	328.59999
2888	328.59999
2889	328.79999
2890	328.59999
2891	328.5
2892	328.5
2893	328.59999
2894	328.59999
2895	328.5
2896	328.70001
2897	328.70001
2898	328.59999
2899	328.59999
2900	328.59999
2901	328.59999
2902	328.59999
2903	328.59999
2904	328.5
2905	328.5
2906	328.59999
2907	328.59999
2908	328.5
2909	328.59999
2910	328.59999
2911	328.59999
2912	328.59999
2913	328.59999
2914	328.5
2915	328.59999
2916	328.5
2917	328.59999
2918	328.70001
2919	328.70001
2920	328.70001
2921	328.70001
2922	328.59999
2923	328.59999
2924	328.79999
2925	328.59999
2926	328.59999
2927	328.5
2928	328.59999
2929	328.3
2930	328.5
2931	328.59999
2932	328.59999
2933	328.5
2934	328.3
2935	328.39999
2936	328.59999
2937	328.39999
2938	328.59999
2939	328.39999
2940	328.3
2941	328.1
2942	327.80001
2943	327.49999
2944	327.2
2945	327.10001
2946	327.30001
2947	327.30001
2948	327.89999
2949	328.3
2950	329.49999
2951	330.90001
2952	331.80001
2953	333.9
2954	336
2955	338.2
2956	339.8
2957	340.79999
2958	342.59999
2959	344.39999
2960	344.8
2961	346.1
2962	347.20001
2963	348.19999
2964	348.89999
2965	349.79999
2966	350.49999
2967	351.3
2968	351.39999
2969	351.70001
2970	352.4
2971	352.49999
2972	352.80001
2973	353.30001
2974	353.70001
2975	353.8
2976	354.29999
2977	354.7
2978	355.30001
2979	355.50001
2980	355.6
2981	356.09999
2982	356.5
2983	356.7
2984	356.59999
2985	356.7
2986	356.90001
2987	356.99999
2988	357.2
2989	357.2
2990	357.2
2991	357.2
2992	357.2
2993	357.2
2994	356.90001
2995	356.90001
2996	356.90001
2997	357.10001
2998	357.2
2999	357.4
3000	357.80001
3001	357.89999
3002	358.20001
3003	358.20001
3004	358.20001
3005	358.5
3006	358.5
3007	358.5
3008	358.79999
3009	359
3010	359.2
3011	359.49999
3012	359.4
3013	359.2
3014	359.2
3015	359
3016	359.10001
3017	359.10001
3018	359
3019	358.79999
3020	358.70001
3021	358.79999
3022	359.10001
3023	359.10001
3024	359.60001
3025	359.80001
3026	359.9
3027	359.80001
3028	359.60001
3029	359.80001
3030	360.1
3031	360.39999
3032	360.50001
3033	360.39999
3034	360.70001
3035	360.59999
3036	360.59999
3037	360.39999
3038	360.59999
3039	360.39999
3040	360.50001
3041	360.8
3042	360.70001
3043	360.8
3044	360.8
3045	360.8
3046	360.39999
3047	360.3
3048	359.4
3049	359.49999
3050	359.2
3051	359.49999
3052	359.49999
3053	359.80001
3054	360.3
3055	360.39999
3056	360.1
3057	360.19999
3058	360.3
3059	360.39999
3060	360.19999
3061	360.39999
3062	360.50001
3063	360.70001
3064	360.8
3065	360.8
3066	360.8
3067	360.90001
3068	361.09999
3069	361.09999
3070	360.90001
3071	360.90001
3072	360.8
3073	360.70001
3074	360.50001
3075	360.59999
3076	360.59999
3077	360.8
3078	360.8
3079	360.90001
3080	361
3081	360.8
3082	360.8
3083	360.90001
3084	361
3085	361.2
3086	361.29999
3087	361.40001
3088	361.09999
3089	361.09999
3090	360.90001
3091	361
3092	361
3093	361
3094	361.2
3095	361.29999
3096	361.9
3097	361.99999
3098	362.10001
3099	362.10001
3100	362.10001
3101	361.60001
3102	361.40001
3103	361.40001
3104	361.40001
3105	361.40001
3106	361.40001
3107	361.29999
3108	361.40001
3109	361.09999
3110	361.09999
3111	361
3112	361.2
3113	361.29999
3114	361.40001
3115	361.2
3116	361.2
3117	361.40001
3118	361.49999
3119	361.79999
3120	362.19999
3121	362.10001
3122	362.69999
3123	363.00001
3124	363.09999
3125	363.09999
3126	363.00001
3127	362.10001
3128	360.00001
3129	358.20001
3130	354.29999
3131	348.69999
3132	340.79999
3133	336.60001
3134	327.89999
3135	319.90001
3136	316.39999
3137	309.89999
3138	305.09999
3139	301.7
3140	299.60001
3141	298.99999
3142	298.5
3143	298.7
3144	299.10001
3145	299.9
3146	301.2
3147	302.50001
3148	303.29999
3149	304.8
3150	306.4
3151	307.70001
3152	308.60001
3153	310.09999
3154	311.19999
3155	312.5
3156	312.99999
3157	314.00001
3158	314.70001
3159	315.2
3160	315.9
3161	316.70001
3162	317.40001
3163	317.7
3164	318.10001
3165	318.6
3166	319.00001
3167	319.5
3168	319.79999
3169	320.2
3170	320.49999
3171	320.69999
3172	321.00001
3173	321.3
3174	321.59999
3175	321.59999
3176	321.90001
3177	322.2
3178	322.2
3179	322.49999
3180	322.49999
3181	323.00001
3182	323.1
3183	323.1
3184	323.39999
3185	323.50001
3186	323.59999
3187	323.8
3188	323.70001
3189	324
3190	323.90001
3191	324
3192	324.09999
3193	324.40001
3194	324.40001
3195	324.29999
3196	324.49999
3197	324.40001
3198	324.40001
3199	324.7
3200	324.7
3201	324.80001
3202	324.9
3203	325.1
3204	325.30001
3205	325.1
3206	325.30001
3207	325.50001
3208	325.70001
3209	325.70001
3210	326.00001
3211	325.70001
3212	326.00001
3213	325.8
3214	325.89999
3215	325.8
3216	326.00001
3217	326.00001
3218	325.70001
3219	325.89999
3220	326.20001
3221	326.20001
3222	326.00001
3223	326.20001
3224	326.3
3225	326.3
3226	326.3
3227	326.3
3228	326.3
3229	326.40001
3230	326.40001
3231	326.59999
3232	326.7
3233	326.59999
3234	326.59999
3235	326.90001
3236	326.79999
3237	327.10001
3238	326.79999
3239	326.99999
3240	326.99999
3241	326.90001
3242	326.79999
3243	326.99999
3244	326.99999
3245	326.99999
3246	327.10001
3247	326.99999
3248	327.2
3249	326.90001
3250	326.99999
3251	327.10001
3252	327.2
3253	327.30001
3254	327.10001
3255	327.10001
3256	327.2
3257	326.99999
3258	327.30001
3259	327.2
3260	327.2
3261	327.2
3262	327.2
3263	327.30001
3264	327.2
3265	327.2
3266	327.10001
3267	327.10001
3268	327.2
3269	327.30001
3270	327.30001
3271	327.2
3272	327.30001
3273	327.2
3274	327.2
3275	327.30001
3276	327.2
3277	327.4
3278	327.10001
3279	327.10001
3280	327.10001
3281	326.99999
3282	327.2
3283	326.90001
3284	326.99999
3285	326.90001
3286	326.79999
3287	326.99999
3288	326.90001
3289	327.10001
3290	327.2
3291	326.90001
3292	327.10001
3293	326.99999
3294	327.10001
3295	327.30001
3296	327.30001
3297	327.10001
3298	327.2
3299	327.10001
3300	327.10001
3301	327.2
3302	326.90001
3303	327.10001
3304	327.10001
3305	326.99999
3306	326.99999
3307	327.10001
3308	327.10001
3309	327.30001
3310	327.30001
3311	327.30001
3312	327.30001
3313	327.30001
3314	327.10001
3315	327.30001
3316	326.90001
3317	327.10001
3318	326.90001
3319	326.90001
3320	326.99999
3321	326.99999
3322	326.7
3323	326.99999
3324	326.7
3325	326.79999
3326	326.90001
3327	326.7
3328	326.79999
3329	326.79999
3330	326.79999
3331	326.99999
3332	326.7
3333	326.59999
3334	326.90001
3335	326.79999
3336	326.99999
3337	326.7
3338	326.7
3339	326.7
3340	326.59999
3341	326.7
3342	326.59999
3343	326.40001
3344	326.59999
3345	326.59999
3346	326.79999
3347	326.7
3348	326.90001
3349	326.59999
3350	326.59999
3351	326.59999
3352	326.5
3353	326.5
3354	326.5
3355	326.5
3356	326.59999
3357	326.7
3358	326.59999
3359	326.59999
3360	326.5
3361	326.5
3362	326.7
3363	326.59999
3364	326.7
3365	326.5
3366	326.5
3367	326.7
3368	326.5
3369	326.7
3370	326.59999
3371	326.7
3372	326.59999
3373	326.7
3374	326.40001
3375	326.59999
3376	326.40001
3377	326.3
3378	326.3
3379	326.5
3380	326.3
3381	326.5
3382	326.40001
3383	326.5
3384	326.40001
3385	326.5
3386	326.5
3387	326.59999
3388	326.40001
3389	326.59999
3390	326.3
3391	326.3
3392	326.3
3393	326.3
3394	326.3
3395	326.3
3396	326.20001
3397	326.20001
3398	326.20001
3399	326.3
3400	326.09999
3401	326.20001
3402	326.09999
3403	326.20001
3404	326.09999
3405	326.00001
3406	326.00001
3407	326.00001
3408	326.20001
3409	326.00001
3410	326.00001
3411	326.3
3412	326.3
3413	326.09999
3414	326.00001
3415	325.50001
3416	325.39999
3417	325.1
3418	324.99999
3419	324.9
3420	324.9
3421	324.99999
3422	325.89999
3423	327.30001
3424	328.1
3425	330.19999
3426	332.39999
3427	334.69999
3428	335.90001
3429	337.8
3430	339.8
3431	341.50001
3432	342.3
3433	343.4
3434	344.50001
3435	345.2
3436	346.6
3437	347.60001
3438	348.30001
3439	349.00001
3440	349.09999
3441	349.7
3442	349.99999
3443	350.4
3444	350.80001
3445	351.3
3446	352
3447	352.29999
3448	352.7
3449	353.39999
3450	353.89999
3451	354.29999
3452	354.60001
3453	354.60001
3454	354.99999
3455	354.9
3456	354.99999
3457	355.30001
3458	355.30001
3459	355.19999
3460	355.50001
3461	355.19999
3462	355.4
3463	355.50001
3464	355.89999
3465	356.5
3466	356.59999
3467	356.90001
3468	357.2
3469	357.6
3470	357.6
3471	357.80001
3472	357.69999
3473	357.4
3474	357.49999
3475	357.6
3476	357.89999
3477	357.89999
3478	357.69999
3479	357.89999
3480	358.20001
3481	358.20001
3482	358.20001
3483	358.39999
3484	358.5
3485	358.79999
3486	358.59999
3487	358.79999
3488	358.79999
3489	358.90001
3490	359
3491	358.90001
3492	359
3493	358.79999
3494	359.10001
3495	359
3496	358.79999
3497	358.90001
3498	358.90001
3499	358.79999
3500	358.79999
3501	358.79999
3502	358.79999
3503	359.2
3504	359.2
3505	359.2
3506	359.2
3507	359.2
3508	359.2
3509	359.4
3510	359.29999
3511	359.29999
3512	359.4
3513	359.49999
3514	359.49999
3515	359.80001
3516	359.60001
3517	359.80001
3518	359.49999
3519	359.49999
3520	359.60001
3521	359.49999
3522	359.60001
3523	359.80001
3524	359.80001
3525	359.69999
3526	359.9
3527	360.00001
3528	359.9
3529	359.9
3530	359.80001
3531	359.69999
3532	359.49999
3533	359.69999
3534	359.9
3535	359.80001
3536	359.9
3537	360.00001
3538	360.00001
3539	359.80001
3540	359.9
3541	360.19999
3542	360.19999
3543	360.39999
3544	360.3
3545	360.1
3546	360.50001
3547	360.50001
3548	360.39999
3549	360.39999
3550	360.50001
3551	360.3
3552	360.3
3553	360.1
3554	360.00001
3555	360.1
3556	360.1
3557	360.1
3558	360.1
3559	359.9
3560	360.1
3561	360.00001
3562	359.80001
3563	359.69999
3564	359.80001
3565	359.9
3566	360.1
3567	360.1
3568	360.3
3569	360.39999
3570	360.39999
3571	360.39999
3572	360.39999
3573	360.39999
3574	360.59999
3575	360.59999
3576	360.39999
3577	360.50001
3578	360.59999
3579	360.59999
3580	360.8
3581	360.8
3582	360.90001
3583	360.8
3584	360.50001
3585	360.59999
3586	360.50001
3587	360.59999
3588	360.39999
3589	360.39999
3590	360.3
3591	360.59999
3592	360.90001
3593	361.2
3594	361.29999
3595	361.60001
3596	361.79999
3597	361.9
3598	362.10001
3599	362.10001
3600	361.49999
3601	360.50001
3602	357.6
3603	352.99999
3604	350.10001
3605	342.79999
3606	334.4
3607	325.70001
3608	321.79999
3609	314.20001
3610	308
3611	303.29999
3612	301.2
3613	298.3
3614	296.60001
3615	295.89999
3616	296
3617	296.5
3618	297.8
3619	298.40001
3620	299.9
3621	301.49999
3622	303
3623	304.8
3624	305.40001
3625	306.89999
3626	308.2
3627	308.9
3628	310.20001
3629	311.19999
3630	312.40001
3631	312.99999
3632	313.69999
3633	314.39999
3634	315.4
3635	315.49999
3636	316.00001
3637	316.70001
3638	317.29999
3639	317.60001
3640	317.9
3641	318.30001
3642	318.4
3643	318.89999
3644	319.09999
3645	319.40001
3646	319.59999
3647	319.90001
3648	319.99999
3649	320.30001
3650	320.6
3651	320.89999
3652	321.1
3653	321.39999
3654	321.59999
3655	321.70001
3656	321.90001
3657	322.2
3658	322.49999
3659	322.60001
3660	322.69999
3661	322.9
3662	322.9
3663	323.00001
3664	323.1
3665	323.19999
3666	323.39999
3667	323.39999
3668	323.50001
3669	323.50001
3670	323.70001
3671	323.70001
3672	323.70001
3673	323.8
3674	323.70001
3675	323.70001
3676	324.09999
3677	323.90001
3678	324.09999
3679	324.2
3680	324.40001
3681	324.29999
3682	324.29999
3683	324.40001
3684	324.60001
3685	324.49999
3686	324.49999
3687	324.49999
3688	324.7
3689	324.9
3690	324.7
3691	324.9
3692	324.99999
3693	324.99999
3694	324.99999
3695	324.99999
3696	325.19999
3697	324.99999
3698	324.99999
3699	325.1
3700	324.99999
3701	324.99999
3702	324.99999
3703	325.1
3704	325.30001
3705	325.30001
3706	325.19999
3707	325.39999
3708	325.50001
3709	325.50001
3710	325.6
3711	325.50001
3712	325.70001
3713	325.70001
3714	325.6
3715	325.8
3716	325.70001
3717	325.70001
3718	325.39999
3719	325.50001
3720	325.70001
3721	325.70001
3722	325.50001
3723	325.6
3724	325.70001
3725	325.8
3726	325.70001
3727	325.70001
3728	325.8
3729	325.70001
3730	325.70001
3731	325.70001
3732	325.70001
3733	325.8
3734	325.8
3735	325.70001
3736	325.8
3737	325.70001
3738	325.8
3739	326.00001
3740	325.70001
3741	325.6
3742	325.70001
3743	325.89999
3744	325.70001
3745	325.70001
3746	325.70001
3747	325.70001
3748	325.6
3749	325.70001
3750	325.70001
3751	325.70001
3752	325.70001
3753	325.70001
3754	325.70001
3755	325.50001
3756	325.8
3757	325.6
3758	325.70001
3759	325.70001
3760	325.70001
3761	325.8
3762	326.00001
3763	325.8
3764	325.70001
3765	325.70001
3766	325.70001
3767	325.50001
3768	325.39999
3769	325.50001
3770	325.50001
3771	325.70001
3772	325.6
3773	325.70001
3774	325.70001
3775	325.70001
3776	325.6
3777	325.8
3778	325.70001
3779	325.70001
3780	325.70001
3781	325.70001
3782	326.00001
3783	325.70001
3784	325.70001
3785	325.8
3786	325.70001
3787	325.50001
3788	325.6
3789	325.70001
3790	325.70001
3791	325.39999
3792	325.39999
3793	325.39999
3794	325.39999
3795	325.39999
3796	325.19999
3797	325.1
3798	325.50001
3799	325.19999
3800	325.19999
3801	325.30001
3802	325.30001
3803	325.39999
3804	325.30001
3805	325.39999
3806	325.39999
3807	325.6
3808	325.50001
3809	325.39999
3810	325.50001
3811	325.6
3812	325.6
3813	325.50001
3814	325.50001
3815	325.50001
3816	325.39999
3817	325.30001
3818	325.39999
3819	325.39999
3820	325.30001
3821	325.19999
3822	325.39999
3823	325.30001
3824	325.19999
3825	324.9
3826	324.29999
3827	323.1
3828	322.9
3829	323.50001
3830	323.8
3831	324
3832	324.49999
3833	324.80001
3834	324.7
3835	324.99999
3836	325.19999
3837	325.30001
3838	325.39999
3839	325.50001
3840	325.39999
3841	325.39999
3842	325.19999
3843	325.1
3844	324.7
3845	324.60001
3846	324.49999
3847	324.40001
3848	324.29999
3849	324.29999
3850	324.09999
3851	324
3852	324.09999
3853	323.8
3854	323.8
3855	324.09999
3856	324.40001
3857	324.2
3858	324.29999
3859	324.60001
3860	324.49999
3861	324.49999
3862	324.49999
3863	324.7
3864	324.7
3865	324.7
3866	324.60001
3867	324.7
3868	324.40001
3869	324.7
3870	324.7
3871	324.7
3872	324.60001
3873	324.60001
3874	324.80001
3875	324.80001
3876	324.99999
3877	324.9
3878	324.99999
3879	325.1
3880	325.1
3881	325.1
3882	325.19999
3883	325.1
3884	325.19999
3885	325.19999
3886	325.39999
3887	325.1
3888	325.19999
3889	324.99999
3890	324.80001
3891	324.2
3892	324.40001
3893	324.29999
3894	324.99999
3895	325.39999
3896	326.7
3897	328.3
3898	330.39999
3899	332.30001
3900	333.5
3901	335.59999
3902	337.50001
3903	338.49999
3904	339.89999
3905	341.8
3906	343.30001
3907	344.1
3908	345.49999
3909	346.70001
3910	347.9
3911	348.19999
3912	349.20001
3913	349.79999
3914	350.10001
3915	350.10001
3916	350.6
3917	351.1
3918	351.1
3919	351.79999
3920	352.2
3921	352.49999
3922	352.80001
3923	353.1
3924	353.6
3925	353.8
3926	354
3927	354.5
3928	354.7
3929	354.9
3930	354.9
3931	355.19999
3932	355.50001
3933	355.69999
3934	355.8
3935	355.89999
3936	355.89999
3937	355.8
3938	355.6
3939	355.8
3940	356.20001
3941	356.40001
3942	356.59999
3943	356.79999
3944	356.59999
3945	356.59999
3946	356.59999
3947	356.7
3948	356.79999
3949	356.7
3950	356.59999
3951	356.90001
3952	356.99999
3953	357.2
3954	356.99999
3955	356.90001
3956	356.79999
3957	356.90001
3958	356.79999
3959	357.10001
3960	357.30001
3961	356.99999
3962	356.99999
3963	356.90001
3964	356.99999
3965	356.99999
3966	357.2
3967	357.2
3968	357.4
3969	357.49999
3970	357.30001
3971	357.30001
3972	357.4
3973	357.69999
3974	357.6
3975	357.69999
3976	357.6
3977	357.49999
3978	357.6
3979	357.6
3980	357.6
3981	357.49999
3982	357.6
3983	357.69999
3984	357.89999
3985	357.89999
3986	358.00001
3987	357.89999
3988	358.00001
3989	358.1
3990	358.3
3991	358.3
3992	358.39999
3993	358.5
3994	358.59999
3995	358.79999
3996	358.79999
3997	358.90001
3998	359.2
3999	359.10001
4000	359
4001	359.2
4002	359.29999
4003	359.29999
4004	359
4005	359.2
4006	359.2
4007	359.2
4008	359
4009	359.10001
4010	359.2
4011	359.49999
4012	359.4
4013	359.4
4014	359.69999
4015	359.60001
4016	359.9
4017	359.9
4018	359.9
4019	360.1
4020	359.9
4021	359.80001
4022	359.80001
4023	359.69999
4024	359.60001
4025	359.4
4026	359.49999
4027	359.60001
4028	359.80001
4029	359.69999
4030	359.80001
4031	359.80001
4032	359.9
4033	359.80001
4034	359.69999
4035	359.69999
4036	359.80001
4037	359.69999
4038	359.60001
4039	359.69999
4040	359.4
4041	359.4
4042	359.49999
4043	359.69999
4044	359.60001
4045	359.80001
4046	359.49999
4047	359.69999
4048	359.49999
4049	359.4
4050	359.49999
4051	359.49999
4052	359.49999
4053	359.49999
4054	359.4
4055	359.80001
4056	360.00001
4057	360.1
4058	360.19999
4059	360.39999
4060	360.39999
4061	360.39999
4062	360.19999
4063	360.1
4064	360.1
4065	360.3
4066	360.8
4067	361.09999
4068	361.49999
4069	361.49999
4070	361.9
4071	362.10001
4072	362.10001
4073	361.7
4074	360.19999
4075	357.2
4076	355.10001
4077	349.79999
4078	343.4
4079	340
4080	332.39999
4081	324.7
4082	317.60001
4083	311.10001
4084	308.09999
4085	303.5
4086	300.3
4087	298.99999
4088	298.00001
4089	297.69999
4090	298.20001
4091	298.79999
4092	300.19999
4093	301.7
4094	303.29999
4095	304.4
4096	306.10001
4097	308
4098	309.39999
4099	310.29999
4100	311.8
4101	313.10001
4102	313.49999
4103	314.70001
4104	315.69999
4105	316.70001
4106	317.40001
4107	317.60001
4108	318.6
4109	319.09999
4110	319.59999
4111	319.90001
4112	320.49999
4113	321.20001
4114	321.39999
4115	321.79999
4116	322.2
4117	322.60001
4118	322.80001
4119	323.1
4120	323.39999
4121	323.8
4122	324
4123	324.09999
4124	324.40001
4125	324.49999
4126	324.9
4127	325.19999
4128	325.39999
4129	325.39999
4130	325.50001
4131	325.8
4132	326.00001
4133	326.00001
4134	326.3
4135	326.59999
4136	326.59999
4137	326.7
4138	326.7
4139	326.99999
4140	327.2
4141	327.10001
4142	327.10001
4143	326.99999
4144	327.30001
4145	327.30001
4146	327.49999
4147	327.49999
4148	327.6
4149	327.6
4150	328.00001
4151	328.3
4152	328.20001
4153	328.20001
4154	328.3
4155	328.59999
4156	328.39999
4157	328.39999
4158	328.5
4159	328.79999
4160	328.59999
4161	328.59999
4162	328.70001
4163	328.90001
4164	328.70001
4165	328.70001
4166	328.70001
4167	329
4168	329
4169	328.90001
4170	329
4171	328.90001
4172	329.10001
4173	329.10001
4174	329.2
4175	328.90001
4176	329.10001
4177	329
4178	329.2
4179	329.10001
4180	329.2
4181	329.2
4182	329.2
4183	329.4
4184	329.4
4185	329.49999
4186	329.4
4187	329.4
4188	329.49999
4189	329.49999
4190	329.4
4191	329.4
4192	329.49999
4193	329.60001
4194	329.80001
4195	329.9
4196	329.69999
4197	329.80001
4198	329.80001
4199	329.69999
4200	329.60001
4201	329.69999
4202	329.80001
4203	329.69999
4204	329.80001
4205	330.00001
4206	329.80001
4207	329.9
4208	329.9
4209	329.9
4210	330.00001
4211	329.9
4212	330.19999
4213	329.9
4214	329.9
4215	329.9
4216	329.9
4217	330.00001
4218	330.00001
4219	330.00001
4220	330.1
4221	330.19999
4222	330.19999
4223	330.19999
4224	330.1
4225	330.19999
4226	330.19999
4227	330.3
4228	330.19999
4229	330.3
4230	330.3
4231	330.50001
4232	330.19999
4233	330.1
4234	330.3
4235	330.50001
4236	330.50001
4237	330.39999
4238	330.50001
4239	330.50001
4240	330.50001
4241	330.19999
4242	330.19999
4243	330.3
4244	330.3
4245	330.3
4246	330.3
4247	330.50001
4248	330.39999
4249	330.50001
4250	330.39999
4251	330.50001
4252	330.50001
4253	330.50001
4254	330.50001
4255	330.59999
4256	330.59999
4257	330.39999
4258	330.70001
4259	330.59999
4260	330.70001
4261	330.70001
4262	330.50001
4263	330.70001
4264	330.50001
4265	330.50001
4266	330.50001
4267	330.50001
4268	330.50001
4269	330.3
4270	330.3
4271	330.3
4272	330.50001
4273	330.39999
4274	330.50001
4275	330.50001
4276	330.50001
4277	330.50001
4278	330.39999
4279	330.50001
4280	330.50001
4281	330.50001
4282	330.39999
4283	330.39999
4284	330.50001
4285	330.50001
4286	330.50001
4287	330.50001
4288	330.50001
4289	330.70001
4290	330.8
4291	330.50001
4292	330.39999
4293	330.50001
4294	330.3
4295	330.50001
4296	330.39999
4297	330.50001
4298	330.50001
4299	330.50001
4300	330.50001
4301	330.50001
4302	330.70001
4303	330.8
4304	330.70001
4305	330.50001
4306	330.8
4307	330.8
4308	330.70001
4309	330.8
4310	330.70001
4311	330.8
4312	330.8
4313	330.59999
4314	330.90001
4315	330.90001
4316	330.90001
4317	330.8
4318	330.50001
4319	330.50001
4320	330.59999
4321	330.50001
4322	330.50001
4323	330.8
4324	330.8
4325	330.50001
4326	330.8
4327	330.8
4328	330.50001
4329	330.50001
4330	330.8
4331	330.90001
4332	331
4333	330.8
4334	330.90001
4335	331.2
4336	331.09999
4337	330.90001
4338	331
4339	331
4340	330.90001
4341	330.70001
4342	331
4343	331
4344	330.8
4345	330.90001
4346	331
4347	331
4348	331
4349	331.2
4350	331.2
4351	331.09999
4352	331.2
4353	330.8
4354	331.2
4355	331.2
4356	331.09999
4357	331.09999
4358	331.40001
4359	331.29999
4360	331
4361	330.19999
4362	329.80001
4363	329.60001
4364	329.29999
4365	328.90001
4366	328.90001
4367	328.90001
4368	329.49999
4369	330.00001
4370	330.90001
4371	331.49999
4372	332.8
4373	334.8
4374	336.9
4375	338
4376	340
4377	342.00001
4378	342.90001
4379	344.59999
4380	346.1
4381	347.60001
4382	348.69999
4383	349.00001
4384	349.99999
4385	350.80001
4386	350.80001
4387	351.39999
4388	351.90001
4389	352.4
4390	352.80001
4391	352.99999
4392	353.50001
4393	353.89999
4394	354.20001
4395	354.29999
4396	354.7
4397	355.10001
4398	355.30001
4399	355.4
4400	355.4
4401	355.69999
4402	355.8
4403	355.89999
4404	355.89999
4405	356.00001
4406	356.00001
4407	356.3
4408	356.59999
4409	356.40001
4410	356.5
4411	356.79999
4412	356.7
4413	356.59999
4414	356.79999
4415	357.10001
4416	357.2
4417	357.2
4418	357.2
4419	357.4
4420	357.30001
4421	357.4
4422	357.4
4423	357.80001
4424	357.80001
4425	358.00001
4426	357.89999
4427	357.80001
4428	357.69999
4429	357.6
4430	357.30001
4431	356.99999
4432	356.79999
4433	356.7
4434	356.99999
4435	357.30001
4436	357.2
4437	357.49999
4438	357.30001
4439	357.6
4440	357.6
4441	357.89999
4442	357.89999
4443	358.20001
4444	358.20001
4445	358.20001
4446	358.00001
4447	358.20001
4448	358.20001
4449	358.5
4450	358.59999
4451	358.5
4452	358.70001
4453	358.79999
4454	358.70001
4455	358.79999
4456	359.10001
4457	358.79999
4458	358.3
4459	358.3
4460	358.39999
4461	358.59999
4462	358.5
4463	358.5
4464	358.5
4465	358.70001
4466	358.90001
4467	358.79999
4468	359.2
4469	359.2
4470	359.2
4471	359.4
4472	359.29999
4473	359.10001
4474	359.10001
4475	359.10001
4476	358.79999
4477	358.79999
4478	358.79999
4479	359.10001
4480	359.10001
4481	359.10001
4482	359
4483	359.2
4484	359.49999
4485	359.49999
4486	359.49999
4487	359.4
4488	359.2
4489	359.2
4490	359.29999
4491	359.29999
4492	359.49999
4493	359.49999
4494	359.80001
4495	359.80001
4496	360.00001
4497	359.80001
4498	359.80001
4499	359.80001
4500	360.1
4501	360.1
4502	359.80001
4503	359.80001
4504	359.80001
4505	359.9
4506	359.69999
4507	359.80001
4508	359.60001
4509	359.49999
4510	359.60001
4511	359.4
4512	359.29999
4513	359.4
4514	359.29999
4515	359.4
4516	359.4
4517	359.60001
4518	359.80001
4519	360.1
4520	360.19999
4521	360.1
4522	360.1
4523	359.9
4524	359.9
4525	359.80001
4526	360.1
4527	360.19999
4528	360.1
4529	360.1
4530	360.19999
4531	360.1
4532	360.1
4533	360.19999
4534	360.3
4535	360.19999
4536	360.3
4537	360.39999
4538	360.59999
4539	360.8
4540	360.8
4541	361.29999
4542	361.7
4543	361.7
4544	362.50001
4545	362.4
4546	362.10001
4547	361.09999
4548	359.80001
4549	357.6
4550	353.70001
4551	351.1
4552	344.70001
4553	336.9
4554	328.90001
4555	325.1
4556	318.30001
4557	312.59999
4558	307.90001
4559	306.4
4560	303.9
4561	302.89999
4562	303
4563	303.29999
4564	304.10001
4565	305.40001
4566	306.80001
4567	307.39999
4568	308.9
4569	310.20001
4570	311.8
4571	312.5
4572	313.89999
4573	315.2
4574	315.49999
4575	316.59999
4576	317.29999
4577	318.6
4578	319.00001
4579	319.79999
4580	320.49999
4581	321.5
4582	321.5
4583	322.4
4584	323.1
4585	323.39999
4586	323.70001
4587	324.2
4588	324.60001
4589	324.99999
4590	325.39999
4591	325.6
4592	325.89999
4593	326.20001
4594	326.7
4595	326.79999
4596	326.79999
4597	326.99999
4598	327.30001
4599	327.30001
4600	327.49999
4601	327.89999
4602	328.20001
4603	328.00001
4604	328.39999
4605	328.59999
4606	328.59999
4607	328.79999
4608	328.90001
4609	329.10001
4610	329.2
4611	329.49999
4612	329.4
4613	329.69999
4614	329.80001
4615	329.80001
4616	330.1
4617	330.00001
4618	330.19999
4619	330.19999
4620	330.00001
4621	330.19999
4622	330.59999
4623	330.3
4624	330.70001
4625	330.50001
4626	330.50001
4627	330.50001
4628	330.50001
4629	330.70001
4630	330.59999
4631	330.8
4632	330.70001
4633	331.09999
4634	330.8
4635	331
4636	331
4637	331
4638	331.2
4639	331.2
4640	331.2
4641	331.2
4642	331.2
4643	331.2
4644	331.49999
4645	331.49999
4646	331.60001
4647	331.60001
4648	331.60001
4649	331.49999
4650	331.80001
4651	331.60001
4652	331.80001
4653	331.99999
4654	331.9
4655	331.99999
4656	331.80001
4657	331.99999
4658	331.99999
4659	332.1
4660	332.30001
4661	332.19999
4662	332.1
4663	332.19999
4664	332.19999
4665	332.39999
4666	331.99999
4667	332.1
4668	331.80001
4669	332.1
4670	332.1
4671	332.39999
4672	332.19999
4673	331.9
4674	332.1
4675	331.99999
4676	332.1
4677	332.1
4678	332.19999
4679	332.1
4680	331.99999
4681	332.19999
4682	332.50001
4683	332.1
4684	332.39999
4685	332.30001
4686	332.1
4687	332.19999
4688	332.30001
4689	332.30001
4690	331.99999
4691	331.9
4692	331.99999
4693	332.1
4694	331.9
4695	332.1
4696	331.99999
4697	332.1
4698	332.50001
4699	332.30001
4700	332.39999
4701	332.39999
4702	332.39999
4703	332.39999
4704	332.6
4705	332.50001
4706	332.70001
4707	332.50001
4708	332.6
4709	332.70001
4710	332.70001
4711	332.6
4712	332.50001
4713	332.50001
4714	332.8
4715	332.70001
4716	332.6
4717	332.70001
4718	332.70001
4719	332.39999
4720	332.39999
4721	332.39999
4722	332.39999
4723	332.39999
4724	332.30001
4725	332.30001
4726	332.19999
4727	332.39999
4728	332.39999
4729	332.30001
4730	332.30001
4731	332.19999
4732	332.39999
4733	332.39999
4734	332.70001
4735	332.6
4736	332.39999
4737	332.6
4738	332.50001
4739	332.39999
4740	332.39999
4741	332.39999
4742	332.30001
4743	332.50001
4744	332.19999
4745	332.39999
4746	332.39999
4747	332.30001
4748	332.39999
4749	332.39999
4750	332.19999
4751	332.39999
4752	332.50001
4753	332.50001
4754	332.70001
4755	332.8
4756	332.50001
4757	332.89999
4758	332.70001
4759	332.6
4760	332.70001
4761	332.8
4762	332.6
4763	332.39999
4764	332.50001
4765	332.39999
4766	332.30001
4767	332.50001
4768	332.50001
4769	332.39999
4770	332.6
4771	332.50001
4772	332.6
4773	332.50001
4774	332.50001
4775	332.70001
4776	332.70001
4777	332.50001
4778	332.70001
4779	332.70001
4780	332.8
4781	332.8
4782	332.6
4783	332.8
4784	332.70001
4785	332.70001
4786	332.6
4787	332.70001
4788	332.50001
4789	332.6
4790	332.6
4791	332.6
4792	332.39999
4793	332.39999
4794	332.50001
4795	332.50001
4796	332.8
4797	332.8
4798	333
4799	332.89999
4800	333
4801	333.09999
4802	333
4803	332.8
4804	332.70001
4805	332.70001
4806	332.50001
4807	332.8
4808	332.8
4809	332.89999
4810	332.8
4811	332.89999
4812	332.8
4813	332.8
4814	332.8
4815	332.70001
4816	332.8
4817	332.89999
4818	332.8
4819	333
4820	332.70001
4821	332.8
4822	332.89999
4823	332.8
4824	332.8
4825	333.09999
4826	332.8
4827	333.09999
4828	333
4829	333.09999
4830	333.09999
4831	333
4832	333.09999
4833	332.8
4834	332.39999
4835	332.19999
4836	331.99999
4837	331.29999
4838	331.2
4839	330.8
4840	330.8
4841	331.09999
4842	331.9
4843	332.1
4844	333.09999
4845	334.8
4846	335.39999
4847	337.50001
4848	339.50001
4849	341.4
4850	342.40001
4851	344.00001
4852	345.60001
4853	346.6
4854	347
4855	348.10001
4856	348.8
4857	349.79999
4858	350.10001
4859	350.80001
4860	350.69999
4861	351.1
4862	351.70001
4863	352.10001
4864	352.60001
4865	352.99999
4866	352.80001
4867	353.30001
4868	353.50001
4869	353.70001
4870	354
4871	354.29999
4872	354.29999
4873	354.29999
4874	354.5
4875	354.29999
4876	354.29999
4877	354.40001
4878	355.10001
4879	355.19999
4880	355.69999
4881	355.89999
4882	356.20001
4883	356.00001
4884	356.09999
4885	356.20001
4886	356.00001
4887	356.3
4888	356.5
4889	356.3
4890	356.5
4891	356.5
4892	356.3
4893	356.59999
4894	356.3
4895	356.59999
4896	356.7
4897	356.79999
4898	356.90001
4899	357.10001
4900	356.90001
4901	357.2
4902	357.4
4903	357.49999
4904	357.2
4905	357.10001
4906	357.2
4907	357.10001
4908	356.99999
4909	356.90001
4910	357.10001
4911	357.2
4912	357.49999
4913	357.2
4914	357.89999
4915	357.89999
4916	357.69999
4917	358.20001
4918	358.00001
4919	358.20001
4920	358.1
4921	358.20001
4922	358.3
4923	358.3
4924	357.89999
4925	358.20001
4926	358.00001
4927	357.89999
4928	358.00001
4929	357.89999
4930	357.80001
4931	358.00001
4932	358.1
4933	358.20001
4934	358.1
4935	358.20001
4936	358.3
4937	358.3
4938	358.20001
4939	358.1
4940	357.89999
4941	357.80001
4942	357.6
4943	357.69999
4944	357.69999
4945	357.6
4946	357.89999
4947	357.80001
4948	357.80001
4949	358.00001
4950	357.80001
4951	357.6
4952	357.69999
4953	357.69999
4954	357.6
4955	357.89999
4956	358.00001
4957	358.1
4958	357.69999
4959	358.20001
4960	358.1
4961	358.20001
4962	358.20001
4963	358.5
4964	358.79999
4965	358.79999
4966	358.79999
4967	358.90001
4968	359.10001
4969	359.29999
4970	359.4
4971	359
4972	358.90001
4973	358.70001
4974	358.5
4975	358.3
4976	358.59999
4977	358.79999
4978	358.79999
4979	358.5
4980	358.59999
4981	358.5
4982	358.79999
4983	358.90001
4984	358.90001
4985	359.10001
4986	358.90001
4987	359.2
4988	359.2
4989	359.4
4990	359.10001
4991	358.79999
4992	358.79999
4993	358.79999
4994	358.3
4995	358.5
4996	358.5
4997	358.5
4998	358.5
4999	358.5
5000	358.5
5001	358.79999
5002	358.70001
5003	358.70001
5004	358.90001
5005	359.10001
5006	359.29999
5007	359.29999
5008	359.2
5009	358.79999
5010	359.2
5011	359.10001
5012	359.49999
5013	359.60001
5014	360.1
5015	360.39999
5016	360.59999
5017	360.8
5018	361
5019	361.2
5020	360.50001
5021	359.60001
5022	358.79999
5023	356.79999
5024	353.39999
5025	348.30001
5026	345.60001
5027	338.49999
5028	330.90001
5029	324.2
5030	321.1
5031	315.69999
5032	311.19999
5033	308.09999
5034	307.3
5035	305.7
5036	305.09999
5037	304.89999
5038	305.3
5039	306.10001
5040	307.1
5041	308
5042	309.39999
5043	310.5
5044	312.00001
5045	312.7
5046	314.00001
5047	315
5048	316.1
5049	316.70001
5050	317.7
5051	318.50001
5052	319.59999
5053	320.10001
5054	320.89999
5055	321.79999
5056	322.29999
5057	322.60001
5058	323.39999
5059	323.90001
5060	324
5061	324.60001
5062	324.9
5063	325.19999
5064	325.50001
5065	325.70001
5066	326.00001
5067	326.3
5068	326.59999
5069	326.90001
5070	326.99999
5071	327.4
5072	327.6
5073	327.89999
5074	328.00001
5075	328.3
5076	328.59999
5077	328.59999
5078	328.59999
5079	329.2
5080	329.2
5081	329.4
5082	329.29999
5083	329.49999
5084	329.9
5085	329.9
5086	329.9
5087	330.19999
5088	329.9
5089	330.39999
5090	330.39999
5091	330.50001
5092	330.3
5093	330.59999
5094	330.39999
5095	330.59999
5096	330.39999
5097	330.70001
5098	330.70001
5099	330.59999
5100	330.8
5101	330.8
5102	330.90001
5103	330.8
5104	331
5105	331.2
5106	331.09999
5107	331.09999
5108	331
5109	331.29999
5110	331.2
5111	331.29999
5112	331.49999
5113	331.49999
5114	331.60001
5115	331.40001
5116	331.7
5117	331.60001
5118	331.7
5119	331.60001
5120	331.9
5121	331.80001
5122	331.80001
5123	331.80001
5124	331.80001
5125	331.7
5126	331.49999
5127	331.7
5128	331.80001
5129	331.80001
5130	331.9
5131	331.80001
5132	331.9
5133	331.99999
5134	332.1
5135	331.99999
5136	332.1
5137	332.1
5138	332.19999
5139	332.30001
5140	332.19999
5141	332.1
5142	332.30001
5143	332.39999
5144	332.39999
5145	332.39999
5146	332.30001
5147	332.39999
5148	332.19999
5149	332.39999
5150	332.39999
5151	332.39999
5152	332.39999
5153	332.39999
5154	332.39999
5155	332.39999
5156	332.39999
5157	332.39999
5158	332.39999
5159	332.39999
5160	332.19999
5161	332.50001
5162	332.70001
5163	332.6
5164	332.39999
5165	332.8
5166	332.6
5167	332.39999
5168	332.39999
5169	332.39999
5170	332.70001
5171	332.70001
5172	332.6
5173	332.50001
5174	332.39999
5175	332.8
5176	332.8
5177	332.70001
5178	332.6
5179	332.50001
5180	332.8
5181	332.8
5182	332.6
5183	332.8
5184	332.89999
5185	332.70001
5186	332.8
5187	332.8
5188	332.8
5189	332.89999
5190	333
5191	332.89999
5192	332.8
5193	332.89999
5194	332.89999
5195	332.8
5196	332.70001
5197	333.20001
5198	333
5199	332.89999
5200	332.8
5201	332.70001
5202	332.70001
5203	332.89999
5204	332.50001
5205	332.39999
5206	332.6
5207	332.6
5208	332.39999
5209	332.50001
5210	332.39999
5211	332.50001
5212	332.70001
5213	332.39999
5214	332.6
5215	332.39999
5216	332.39999
5217	332.39999
5218	332.19999
5219	332.70001
5220	332.50001
5221	332.50001
5222	332.39999
5223	332.39999
5224	332.39999
5225	332.70001
5226	332.70001
5227	332.19999
5228	332.50001
5229	332.39999
5230	332.6
5231	332.70001
5232	332.70001
5233	332.50001
5234	332.6
5235	332.8
5236	332.89999
5237	332.89999
5238	332.6
5239	332.8
5240	332.8
5241	332.8
5242	332.8
5243	332.70001
5244	332.70001
5245	332.8
5246	332.8
5247	333
5248	332.8
5249	332.89999
5250	332.8
5251	333
5252	332.8
5253	333.09999
5254	333.09999
5255	332.70001
5256	332.8
5257	332.8
5258	332.70001
5259	332.89999
5260	333
5261	332.8
5262	332.89999
5263	332.89999
5264	333.20001
5265	333.09999
5266	333.09999
5267	333
5268	333
5269	333
5270	333.09999
5271	333.09999
5272	333.20001
5273	333.09999
5274	332.89999
5275	333.09999
5276	333.09999
5277	333.09999
5278	332.8
5279	332.8
5280	333
5281	332.70001
5282	332.6
5283	332.70001
5284	332.89999
5285	332.8
5286	332.8
5287	332.6
5288	332.70001
5289	332.70001
5290	332.39999
5291	332.6
5292	332.8
5293	332.8
5294	332.70001
5295	332.8
5296	332.8
5297	332.89999
5298	333
5299	332.8
5300	332.89999
5301	332.8
5302	332.8
5303	332.70001
5304	332.8
5305	332.8
5306	332.8
5307	332.19999
5308	331.7
5309	331.29999
5310	331.49999
5311	331.2
5312	331.49999
5313	331.29999
5314	331.49999
5315	331.7
5316	332.8
5317	333.29999
5318	334.4
5319	335.90001
5320	337.39999
5321	338.2
5322	339.70001
5323	341.10001
5324	342.7
5325	343.30001
5326	344.70001
5327	345.99999
5328	346.6
5329	346.89999
5330	347.9
5331	348.50001
5332	348.69999
5333	349.5
5334	350.30001
5335	351.00001
5336	351.20001
5337	351.59999
5338	352
5339	352.10001
5340	352.10001
5341	352.2
5342	352.7
5343	352.9
5344	352.9
5345	353.30001
5346	353.70001
5347	353.6
5348	353.39999
5349	353.39999
5350	353.70001
5351	353.8
5352	354
5353	354
5354	354.7
5355	354.40001
5356	354.7
5357	354.99999
5358	354.9
5359	354.99999
5360	354.99999
5361	354.5
5362	354.79999
5363	354.7
5364	354.99999
5365	355.10001
5366	355.50001
5367	355.4
5368	355.30001
5369	355.30001
5370	355.30001
5371	355.30001
5372	355.4
5373	355.8
5374	355.69999
5375	355.89999
5376	355.89999
5377	355.89999
5378	356.3
5379	356.40001
5380	356.5
5381	356.5
5382	356.59999
5383	356.90001
5384	356.90001
5385	356.90001
5386	356.90001
5387	356.79999
5388	356.40001
5389	356.79999
5390	356.79999
5391	357.2
5392	357.30001
5393	357.6
5394	357.6
5395	357.2
5396	357.2
5397	357.4
5398	357.4
5399	357.30001
5400	357.4
5401	357.6
5402	357.6
5403	357.49999
5404	357.30001
5405	357.49999
5406	357.49999
5407	357.2
5408	357.30001
5409	357.2
5410	357.30001
5411	357.2
5412	357.30001
5413	357.30001
5414	357.2
5415	356.99999
5416	357.4
5417	357.2
5418	356.90001
5419	357.2
5420	357.4
5421	357.4
5422	357.2
5423	357.2
5424	357.4
5425	358.1
5426	357.69999
5427	357.80001
5428	358.1
5429	358.1
5430	358.00001
5431	358.00001
5432	358.1
5433	357.89999
5434	358.00001
5435	358.20001
5436	358.20001
5437	358.1
5438	358.20001
5439	358.1
5440	358.1
5441	357.89999
5442	357.80001
5443	357.89999
5444	357.89999
5445	357.89999
5446	358.1
5447	358.00001
5448	357.89999
5449	358.00001
5450	358.1
5451	358.1
5452	358.00001
5453	357.89999
5454	358.1
5455	358.1
5456	357.89999
5457	358.20001
5458	358.1
5459	358.00001
5460	358.20001
5461	357.89999
5462	357.89999
5463	357.89999
5464	357.6
5465	357.89999
5466	358.1
5467	358.20001
5468	358.39999
5469	358.3
5470	358.1
5471	358.00001
5472	358.00001
5473	358.20001
5474	358.00001
5475	358.1
5476	358.3
5477	358.39999
5478	358.39999
5479	358.3
5480	358.39999
5481	358.5
5482	358.5
5483	357.89999
5484	358.00001
5485	358.3
5486	358.39999
5487	358.79999
5488	359.29999
5489	359.4
5490	359.80001
5491	360.3
5492	360.39999
5493	360.19999
5494	359.80001
5495	357.89999
5496	355.30001
5497	353.39999
5498	348.8
5499	342.99999
5500	336.29999
5501	332.70001
5502	325.89999
5503	319.5
5504	314.20001
5505	312.09999
5506	308.40001
5507	306.10001
5508	304.50001
5509	304.10001
5510	304.10001
5511	304.8
5512	305.40001
5513	306.69999
5514	308.2
5515	309.30001
5516	310.20001
5517	311.69999
5518	312.90001
5519	314.39999
5520	315
5521	316.00001
5522	317.20001
5523	318.19999
5524	318.89999
5525	319.90001
5526	320.49999
5527	321.3
5528	321.79999
5529	322.4
5530	322.80001
5531	323.50001
5532	323.8
5533	324.09999
5534	324.60001
5535	324.9
5536	325.30001
5537	325.70001
5538	326.20001
5539	326.3
5540	326.7
5541	326.99999
5542	327.2
5543	327.30001
5544	327.6
5545	327.6
5546	328.1
5547	328.1
5548	328.3
5549	328.79999
5550	328.59999
5551	328.79999
5552	328.90001
5553	329.29999
5554	329.49999
5555	329.49999
5556	329.69999
5557	329.60001
5558	329.9
5559	329.60001
5560	329.9
5561	330.19999
5562	330.19999
5563	330.3
5564	330.19999
5565	330.50001
5566	330.39999
5567	330.50001
5568	330.8
5569	330.59999
5570	330.8
5571	330.8
5572	331
5573	330.8
5574	330.90001
5575	331
5576	331.2
5577	331.2
5578	331.2
5579	331.40001
5580	331.2
5581	331.09999
5582	331
5583	331.09999
5584	331.2
5585	331.29999
5586	331.40001
5587	331.2
5588	331.49999
5589	331.40001
5590	331.60001
5591	331.60001
5592	331.40001
5593	331.49999
5594	331.49999
5595	331.60001
5596	331.7
5597	331.7
5598	331.7
5599	331.80001
5600	331.80001
5601	331.80001
5602	331.7
5603	331.60001
5604	331.7
5605	331.80001
5606	331.80001
5607	331.9
5608	332.19999
5609	331.99999
5610	332.1
5611	332.1
5612	331.99999
5613	331.9
5614	332.1
5615	331.99999
5616	331.99999
5617	331.80001
5618	331.99999
5619	332.19999
5620	331.99999
5621	332.19999
5622	332.19999
5623	331.99999
5624	331.99999
5625	332.39999
5626	332.19999
5627	332.1
5628	332.39999
5629	332.39999
5630	332.39999
5631	332.39999
5632	332.30001
5633	332.19999
5634	332.39999
5635	332.30001
5636	332.39999
5637	332.19999
5638	332.39999
5639	332.19999
5640	332.39999
5641	332.6
5642	332.39999
5643	332.50001
5644	332.39999
5645	332.30001
5646	332.39999
5647	332.6
5648	332.70001
5649	332.6
5650	332.39999
5651	332.70001
5652	332.8
5653	332.70001
5654	332.8
5655	332.89999
5656	332.50001
5657	332.70001
5658	332.89999
5659	332.8
5660	332.6
5661	332.8
5662	332.70001
5663	332.6
5664	332.6
5665	332.8
5666	332.8
5667	332.8
5668	332.8
5669	332.8
5670	332.89999
5671	332.70001
5672	332.8
5673	332.50001
5674	332.50001
5675	332.39999
5676	332.39999
5677	332.39999
5678	332.50001
5679	332.19999
5680	332.50001
5681	332.30001
5682	332.39999
5683	332.30001
5684	332.6
5685	332.30001
5686	332.70001
5687	332.39999
5688	332.50001
5689	332.70001
5690	332.70001
5691	332.6
5692	332.6
5693	332.8
5694	332.70001
5695	332.8
5696	333
5697	332.8
5698	332.6
5699	332.89999
5700	332.89999
5701	332.50001
5702	332.50001
5703	332.8
5704	332.70001
5705	332.70001
5706	332.70001
5707	332.6
5708	332.39999
5709	332.39999
5710	332.1
5711	332.39999
5712	332.50001
5713	332.39999
5714	332.6
5715	332.39999
5716	332.39999
5717	332.39999
5718	332.6
5719	332.6
5720	332.50001
5721	332.39999
5722	332.39999
5723	332.70001
5724	332.70001
5725	332.50001
5726	332.70001
5727	332.70001
5728	332.70001
5729	332.70001
5730	332.70001
5731	332.70001
5732	333
5733	332.70001
5734	332.8
5735	332.6
5736	333
5737	332.50001
5738	332.8
5739	332.8
5740	332.50001
5741	332.39999
5742	332.30001
5743	332.50001
5744	332.50001
5745	332.30001
5746	332.30001
5747	332.39999
5748	332.50001
5749	332.39999
5750	332.39999
5751	332.30001
5752	332.30001
5753	332.30001
5754	332.19999
5755	332.19999
5756	332.6
5757	332.50001
5758	332.50001
5759	332.8
5760	332.8
5761	332.8
5762	332.8
5763	332.39999
5764	332.70001
5765	332.6
5766	332.8
5767	332.8
5768	332.70001
5769	332.6
5770	332.8
5771	332.39999
5772	332.6
5773	332.6
5774	332.6
5775	332.50001
5776	332.70001
5777	332.6
5778	332.8
5779	332.8
5780	332.6
5781	332.30001
5782	331.99999
5783	331.29999
5784	331
5785	330.3
5786	330.19999
5787	329.9
5788	330.1
5789	330.39999
5790	331.2
5791	332.6
5792	333.20001
5793	335.3
5794	337.1
5795	338.7
5796	339.50001
5797	341.10001
5798	342.5
5799	344.1
5800	344.70001
5801	346.1
5802	347.20001
5803	347.99999
5804	348.19999
5805	348.69999
5806	349.5
5807	349.79999
5808	350.2
5809	350.80001
5810	351.39999
5811	351.39999
5812	352
5813	352.10001
5814	352.4
5815	352.4
5816	352.80001
5817	352.80001
5818	352.99999
5819	353.19999
5820	353.6
5821	353.6
5822	353.39999
5823	353.70001
5824	353.70001
5825	353.70001
5826	353.70001
5827	354
5828	354
5829	354.20001
5830	354.20001
5831	354.09999
5832	354
5833	354.29999
5834	354.40001
5835	354.9
5836	354.9
5837	354.9
5838	354.9
5839	355.19999
5840	354.9
5841	354.9
5842	354.7
5843	354.7
5844	354.9
5845	354.9
5846	354.79999
5847	355.10001
5848	355.4
5849	355.69999
5850	355.8
5851	356.00001
5852	355.89999
5853	356.3
5854	356.59999
5855	356.09999
5856	356.00001
5857	355.89999
5858	356.20001
5859	356.3
5860	356.3
5861	356.3
5862	356.59999
5863	356.59999
5864	356.5
5865	356.40001
5866	356.40001
5867	356.40001
5868	356.5
5869	356.40001
5870	356.00001
5871	356.3
5872	356.09999
5873	356.3
5874	356.7
5875	356.79999
5876	356.5
5877	356.5
5878	356.3
5879	356.40001
5880	356.40001
5881	356.59999
5882	356.90001
5883	357.10001
5884	357.30001
5885	356.99999
5886	356.7
5887	356.5
5888	356.3
5889	356.20001
5890	356.5
5891	356.20001
5892	356.59999
5893	356.59999
5894	356.5
5895	356.40001
5896	356.59999
5897	356.7
5898	356.59999
5899	356.59999
5900	356.7
5901	356.90001
5902	357.10001
5903	356.79999
5904	356.3
5905	356.40001
5906	356.90001
5907	357.10001
5908	356.90001
5909	357.2
5910	357.30001
5911	357.49999
5912	357.69999
5913	357.69999
5914	357.80001
5915	357.69999
5916	358.20001
5917	358.1
5918	358.1
5919	357.89999
5920	357.80001
5921	357.6
5922	357.6
5923	357.89999
5924	357.89999
5925	357.89999
5926	358.00001
5927	358.20001
5928	357.89999
5929	358.3
5930	358.20001
5931	358.3
5932	358.00001
5933	358.3
5934	358.5
5935	358.39999
5936	358.20001
5937	358.00001
5938	358.1
5939	357.89999
5940	358.20001
5941	357.89999
5942	357.89999
5943	358.1
5944	358.3
5945	358.20001
5946	358.39999
5947	358.00001
5948	358.00001
5949	358.20001
5950	358.3
5951	357.89999
5952	357.69999
5953	357.69999
5954	357.80001
5955	357.80001
5956	357.80001
5957	358.00001
5958	357.89999
5959	358.20001
5960	358.59999
5961	359
5962	358.90001
5963	359.2
5964	359.4
5965	359.80001
5966	359.49999
5967	359.10001
5968	358.39999
5969	356.59999
5970	353.70001
5971	349.79999
5972	347.09999
5973	340.40001
5974	333.09999
5975	326.00001
5976	322.69999
5977	317.40001
5978	312.5
5979	310.5
5980	307.59999
5981	305.40001
5982	304.10001
5983	303.60001
5984	303.99999
5985	304.50001
5986	305.5
5987	306.2
5988	307.5
5989	308.99999
5990	310.9
5991	311.50001
5992	313.10001
5993	314.70001
5994	316.1
5995	316.70001
5996	317.99999
5997	319.09999
5998	319.99999
5999	320.49999
6000	321.20001
6001	322
6002	322.29999
6003	322.9
6004	323.50001
6005	323.8
6006	324.29999
6007	324.9
6008	325.39999
6009	325.70001
6010	325.70001
6011	326.20001
6012	326.3
6013	326.90001
6014	327.10001
6015	327.10001
6016	327.6
6017	327.6
6018	327.80001
6019	328.39999
6020	328.59999
6021	328.79999
6022	328.79999
6023	329.2
6024	329.2
6025	329.4
6026	329.29999
6027	329.69999
6028	329.49999
6029	329.60001
6030	329.80001
6031	330.00001
6032	330.19999
6033	329.9
6034	330.3
6035	330.3
6036	330.39999
6037	330.39999
6038	330.59999
6039	330.50001
6040	330.8
6041	330.8
6042	330.8
6043	330.90001
6044	331
6045	330.90001
6046	331
6047	331.09999
6048	331.29999
6049	331.49999
6050	331.49999
6051	331.49999
6052	331.60001
6053	331.60001
6054	331.60001
6055	331.49999
6056	331.7
6057	331.80001
6058	331.7
6059	331.80001
6060	331.80001
6061	331.80001
6062	331.49999
6063	331.80001
6064	331.9
6065	332.1
6066	331.7
6067	331.99999
6068	331.80001
6069	331.80001
6070	332.1
6071	331.9
6072	332.1
6073	331.80001
6074	331.9
6075	332.1
6076	332.30001
6077	332.1
6078	332.30001
6079	332.30001
6080	332.39999
6081	332.30001
6082	332.39999
6083	332.39999
6084	332.70001
6085	332.6
6086	332.50001
6087	332.30001
6088	332.39999
6089	332.50001
6090	332.6
6091	332.6
6092	332.39999
6093	332.8
6094	332.8
6095	333
6096	332.6
6097	332.6
6098	332.50001
6099	332.50001
6100	332.8
6101	332.6
6102	332.6
6103	332.8
6104	332.70001
6105	332.50001
6106	332.70001
6107	332.8
6108	332.8
6109	332.89999
6110	333
6111	332.70001
6112	332.89999
6113	332.8
6114	332.8
6115	332.8
6116	332.8
6117	332.70001
6118	332.70001
6119	332.89999
6120	332.89999
6121	332.70001
6122	332.8
6123	332.8
6124	332.8
6125	332.8
6126	332.70001
6127	332.70001
6128	332.39999
6129	332.50001
6130	332.70001
6131	332.39999
6132	332.6
6133	332.70001
6134	332.8
6135	332.39999
6136	332.39999
6137	332.39999
6138	332.39999
6139	332.50001
6140	332.70001
6141	332.30001
6142	332.50001
6143	332.39999
6144	332.39999
6145	332.39999
6146	332.39999
6147	332.30001
6148	332.39999
6149	332.39999
6150	332.50001
6151	332.50001
6152	332.6
6153	332.8
6154	332.39999
6155	332.39999
6156	332.39999
6157	332.19999
6158	332.50001
6159	332.6
6160	332.6
6161	332.30001
6162	332.50001
6163	332.39999
6164	332.39999
6165	332.39999
6166	332.50001
6167	332.39999
6168	332.30001
6169	332.39999
6170	332.39999
6171	332.39999
6172	332.50001
6173	332.30001
6174	332.50001
6175	332.50001
6176	332.50001
6177	332.50001
6178	332.39999
6179	332.39999
6180	332.50001
6181	332.39999
6182	332.39999
6183	332.50001
6184	332.39999
6185	332.70001
6186	332.8
6187	332.8
6188	332.70001
6189	332.70001
6190	332.50001
6191	332.50001
6192	332.50001
6193	332.39999
6194	332.39999
6195	332.50001
6196	332.39999
6197	332.39999
6198	332.39999
6199	332.6
6200	332.50001
6201	332.70001
6202	333
6203	333.09999
6204	332.8
6205	332.70001
6206	332.89999
6207	332.8
6208	333
6209	333.20001
6210	332.89999
6211	332.89999
6212	333
6213	333.09999
6214	332.89999
6215	332.70001
6216	333
6217	333
6218	332.8
6219	332.8
6220	333.09999
6221	332.89999
6222	333.09999
6223	333.09999
6224	333.09999
6225	333.29999
6226	333.09999
6227	333.29999
6228	333.40001
6229	333
6230	333.09999
6231	333.09999
6232	333.09999
6233	333
6234	333.09999
6235	333.09999
6236	333.09999
6237	332.89999
6238	333.20001
6239	333
6240	333
6241	332.89999
6242	333.09999
6243	332.89999
6244	333.09999
6245	333.09999
6246	333.20001
6247	333.20001
6248	333.09999
6249	333.40001
6250	333.20001
6251	333.20001
6252	333.29999
6253	333.5
6254	333.20001
6255	333.09999
6256	333
6257	332.39999
6258	331.80001
6259	331.9
6260	332.1
6261	332.39999
6262	333.09999
6263	333.7
6264	335.00001
6265	336.80001
6266	338.60001
6267	339.30001
6268	340.79999
6269	342.09999
6270	342.7
6271	344.00001
6272	345.29999
6273	345.99999
6274	346.39999
6275	347.60001
6276	348.30001
6277	348.50001
6278	348.8
6279	349.00001
6280	349.79999
6281	350.2
6282	350.80001
6283	351.39999
6284	351.90001
6285	352.4
6286	352.49999
6287	352.4
6288	352.7
6289	352.99999
6290	353.30001
6291	353.39999
6292	353.39999
6293	353.70001
6294	353.89999
6295	353.70001
6296	353.8
6297	354
6298	354.40001
6299	354.40001
6300	354.60001
6301	354.7
6302	354.9
6303	354.7
6304	354.9
6305	354.9
6306	355.30001
6307	354.9
6308	355.19999
6309	354.99999
6310	355.30001
6311	355.19999
6312	354.99999
6313	355.30001
6314	355.30001
6315	355.19999
6316	355.10001
6317	354.99999
6318	355.19999
6319	355.30001
6320	355.19999
6321	355.30001
6322	355.50001
6323	355.89999
6324	355.89999
6325	356.00001
6326	356.3
6327	356.59999
6328	356.59999
6329	356.7
6330	356.90001
6331	356.99999
6332	356.90001
6333	356.90001
6334	357.10001
6335	357.2
6336	357.30001
6337	356.90001
6338	357.10001
6339	356.79999
6340	356.59999
6341	356.3
6342	356.20001
6343	356.3
6344	356.00001
6345	356.20001
6346	356.3
6347	356.3
6348	356.00001
6349	356.20001
6350	356.09999
6351	356.3
6352	356.20001
6353	356.3
6354	356.5
6355	356.7
6356	356.79999
6357	356.59999
6358	356.59999
6359	356.59999
6360	356.79999
6361	356.59999
6362	356.59999
6363	356.99999
6364	357.10001
6365	356.79999
6366	356.7
6367	356.90001
6368	356.90001
6369	357.10001
6370	356.90001
6371	357.2
6372	357.49999
6373	357.30001
6374	357.30001
6375	357.30001
6376	356.90001
6377	356.90001
6378	356.90001
6379	356.79999
6380	357.2
6381	357.2
6382	357.30001
6383	357.2
6384	357.2
6385	357.49999
6386	357.6
6387	357.89999
6388	358.00001
6389	358.20001
6390	358.20001
6391	358.20001
6392	358.00001
6393	358.20001
6394	358.3
6395	358.5
6396	358.20001
6397	358.3
6398	358.1
6399	358.20001
6400	358.39999
6401	358.39999
6402	358.5
6403	358.5
6404	358.5
6405	358.5
6406	358.5
6407	358.5
6408	358.59999
6409	358.59999
6410	358.70001
6411	358.70001
6412	358.70001
6413	358.79999
6414	358.59999
6415	358.79999
6416	358.79999
6417	358.5
6418	358.5
6419	358.3
6420	358.20001
6421	358.39999
6422	358.3
6423	358.5
6424	358.39999
6425	358.3
6426	358.5
6427	358.3
6428	358.3
6429	358.3
6430	358.5
6431	358.39999
6432	358.59999
6433	359
6434	359.4
6435	359.4
6436	359.49999
6437	359.9
6438	360.1
6439	359.80001
6440	359.4
6441	358.39999
6442	356.79999
6443	355.6
6444	351.70001
6445	346.50001
6446	343.2
6447	336
6448	328.90001
6449	322
6450	319.20001
6451	314.1
6452	310.79999
6453	308
6454	307.3
6455	306.4
6456	306.4
6457	306.69999
6458	307.20001
6459	308.29999
6460	309.6
6461	311.10001
6462	311.69999
6463	313.10001
6464	314.1
6465	315.60001
6466	316.39999
6467	317.5
6468	318.6
6469	318.89999
6470	320.10001
6471	320.89999
6472	321.90001
6473	322.29999
6474	323.1
6475	323.59999
6476	324.09999
6477	324.40001
6478	324.99999
6479	325.6
6480	326.00001
6481	326.20001
6482	326.79999
6483	326.99999
6484	327.49999
6485	327.6
6486	327.89999
6487	327.89999
6488	328.39999
6489	328.59999
6490	328.90001
6491	328.90001
6492	329
6493	329.2
6494	329.29999
6495	329.60001
6496	329.49999
6497	329.80001
6498	329.9
6499	330.1
6500	330.19999
6501	330.19999
6502	330.19999
6503	330.59999
6504	330.59999
6505	330.70001
6506	330.70001
6507	331.2
6508	331.09999
6509	331.29999
6510	331.2
6511	331.29999
6512	331.29999
6513	331.2
6514	331.2
6515	331.40001
6516	331.29999
6517	331.49999
6518	331.49999
6519	331.80001
6520	331.80001
6521	331.7
6522	331.99999
6523	332.1
6524	332.19999
6525	332.1
6526	332.6
6527	332.39999
6528	332.50001
6529	332.50001
6530	332.39999
6531	332.39999
6532	332.50001
6533	332.39999
6534	332.39999
6535	332.50001
6536	332.70001
6537	332.8
6538	332.70001
6539	332.8
6540	332.70001
6541	332.8
6542	332.89999
6543	333.09999
6544	332.50001
6545	332.70001
6546	332.8
6547	333
6548	332.8
6549	332.8
6550	332.70001
6551	332.8
6552	332.70001
6553	332.50001
6554	332.8
6555	333
6556	332.89999
6557	332.89999
6558	333.20001
6559	333.20001
6560	333.29999
6561	333.29999
6562	333.20001
6563	333.20001
6564	333.40001
6565	333.40001
6566	333.09999
6567	333.40001
6568	333.29999
6569	333.29999
6570	333.40001
6571	333.40001
6572	333.29999
6573	333.29999
6574	333.29999
6575	333.09999
6576	333.09999
6577	333.09999
6578	333.20001
6579	333.29999
6580	333.20001
6581	333.40001
6582	333.09999
6583	333.09999
6584	333.09999
6585	333.09999
6586	333
6587	333.09999
6588	332.89999
6589	333.09999
6590	333.09999
6591	333.09999
6592	333.09999
6593	333.09999
6594	333.40001
6595	333.40001
6596	333.09999
6597	333.40001
6598	333.09999
6599	333.40001
6600	333.40001
6601	333.40001
6602	333.29999
6603	333.40001
6604	333.40001
6605	333.40001
6606	333.40001
6607	333.40001
6608	333.40001
6609	333.40001
6610	333.40001
6611	333.29999
6612	333.40001
6613	333.09999
6614	333.09999
6615	333.20001
6616	332.8
6617	333
6618	333.09999
6619	333.09999
6620	333
6621	333.09999
6622	333.09999
6623	333.29999
6624	333.09999
6625	333.40001
6626	333.40001
6627	333.40001
6628	333.29999
6629	333.20001
6630	333.20001
6631	333.20001
6632	333.09999
6633	333.09999
6634	333.09999
6635	333.09999
6636	333.29999
6637	333.20001
6638	333.29999
6639	333.40001
6640	333.29999
6641	333.40001
6642	333.40001
6643	333.40001
6644	333.29999
6645	333.40001
6646	333.40001
6647	333.29999
6648	333.20001
6649	333.40001
6650	333.20001
6651	333.29999
6652	333.20001
6653	333.20001
6654	333.20001
6655	333
6656	333.20001
6657	333.09999
6658	332.89999
6659	333.20001
6660	333.09999
6661	333.20001
6662	333.09999
6663	333.29999
6664	333.40001
6665	333.09999
6666	333
6667	333
6668	333
6669	333
6670	332.70001
6671	332.89999
6672	332.89999
6673	332.89999
6674	333.09999
6675	333
6676	333
6677	333.09999
6678	333
6679	333.09999
6680	332.89999
6681	333.09999
6682	333
6683	333
6684	333
6685	332.89999
6686	332.70001
6687	332.70001
6688	332.8
6689	332.50001
6690	332.8
6691	332.8
6692	332.89999
6693	332.8
6694	332.8
6695	332.8
6696	332.8
6697	332.70001
6698	332.70001
6699	332.8
6700	333
6701	332.8
6702	332.8
6703	332.8
6704	332.70001
6705	332.89999
6706	332.6
6707	332.8
6708	332.8
6709	333.09999
6710	332.89999
6711	333
6712	332.8
6713	332.8
6714	332.89999
6715	332.8
6716	332.8
6717	333.09999
6718	332.89999
6719	333
6720	332.8
6721	332.8
6722	332.70001
6723	333
6724	333
6725	332.89999
6726	332.89999
6727	332.6
6728	332.39999
6729	331.49999
6730	331.29999
6731	331.2
6732	331
6733	330.8
6734	330.90001
6735	331
6736	331.80001
6737	333.09999
6738	333.79999
6739	335.70001
6740	337.50001
6741	338.40001
6742	340
6743	341.50001
6744	342.7
6745	343.4
6746	344.8
6747	345.99999
6748	346.89999
6749	347.20001
6750	347.79999
6751	348.19999
6752	349.09999
6753	349.40001
6754	349.99999
6755	350.49999
6756	351.00001
6757	351.1
6758	351.5
6759	351.79999
6760	351.90001
6761	352.10001
6762	352.60001
6763	352.7
6764	352.7
6765	353.1
6766	353.39999
6767	353.8
6768	354
6769	354.09999
6770	353.70001
6771	353.8
6772	354.09999
6773	354
6774	354
6775	354.20001
6776	354.09999
6777	354.20001
6778	354.29999
6779	354.60001
6780	354.7
6781	354.7
6782	354.9
6783	354.99999
6784	354.7
6785	354.9
6786	354.99999
6787	355.30001
6788	355.30001
6789	355.30001
6790	355.19999
6791	355.30001
6792	355.4
6793	355.19999
6794	355.30001
6795	355.19999
6796	355.30001
6797	355.69999
6798	355.8
6799	355.69999
6800	355.8
6801	356.00001
6802	356.00001
6803	355.89999
6804	355.89999
6805	356.00001
6806	355.89999
6807	355.89999
6808	355.89999
6809	356.20001
6810	356.20001
6811	355.89999
6812	356.00001
6813	356.40001
6814	356.5
6815	356.3
6816	356.5
6817	356.5
6818	356.5
6819	356.3
6820	356.40001
6821	356.3
6822	356.7
6823	356.7
6824	356.7
6825	356.90001
6826	357.10001
6827	356.59999
6828	356.5
6829	356.5
6830	356.7
6831	356.59999
6832	356.7
6833	356.79999
6834	356.59999
6835	356.7
6836	356.7
6837	356.90001
6838	357.2
6839	357.30001
6840	357.2
6841	357.10001
6842	356.90001
6843	356.90001
6844	356.90001
6845	356.99999
6846	356.90001
6847	356.79999
6848	356.90001
6849	356.90001
6850	356.79999
6851	356.79999
6852	356.99999
6853	357.10001
6854	357.30001
6855	357.2
6856	357.2
6857	357.30001
6858	357.49999
6859	357.4
6860	357.10001
6861	357.2
6862	357.2
6863	356.90001
6864	357.10001
6865	357.49999
6866	357.4
6867	357.30001
6868	357.6
6869	357.6
6870	357.69999
6871	357.89999
6872	357.69999
6873	357.69999
6874	357.49999
6875	357.6
6876	357.80001
6877	357.6
6878	357.6
6879	357.89999
6880	358.00001
6881	357.89999
6882	357.69999
6883	357.69999
6884	357.69999
6885	357.2
6886	357.2
6887	357.2
6888	357.4
6889	357.2
6890	357.2
6891	357.4
6892	357.49999
6893	357.6
6894	357.89999
6895	357.89999
6896	358.1
6897	358.20001
6898	358.00001
6899	358.1
6900	357.80001
6901	357.6
6902	357.49999
6903	357.2
6904	357.2
6905	357.4
6906	357.69999
6907	358.1
6908	358.20001
6909	358.5
6910	358.90001
6911	359.2
6912	359.49999
6913	359.4
6914	358.5
6915	356.20001
6916	353.1
6917	351.00001
6918	345.7
6919	339.19999
6920	332.1
6921	328.59999
6922	321.59999
6923	316.00001
6924	311.50001
6925	309.6
6926	306.69999
6927	305.00001
6928	304.30001
6929	303.9
6930	304.10001
6931	304.69999
6932	305.40001
6933	306.49999
6934	307.90001
6935	309.39999
6936	310.20001
6937	311.6
6938	313.2
6939	314.59999
6940	315.4
6941	316.50001
6942	317.7
6943	318.69999
6944	319.20001
6945	319.99999
6946	320.89999
6947	321.39999
6948	321.90001
6949	322.60001
6950	323.3
6951	323.8
6952	324.09999
6953	324.60001
6954	325.19999
6955	325.19999
6956	325.70001
6957	326.00001
6958	326.3
6959	326.3
6960	326.7
6961	326.99999
6962	327.30001
6963	327.6
6964	327.6
6965	327.89999
6966	328.1
6967	328.3
6968	328.5
6969	328.59999
6970	328.70001
6971	328.70001
6972	328.90001
6973	328.90001
6974	329
6975	329.2
6976	329.29999
6977	329.49999
6978	329.4
6979	329.80001
6980	329.9
6981	329.9
6982	329.9
6983	330.00001
6984	330.19999
6985	330.1
6986	330.19999
6987	330.3
6988	330.50001
6989	330.70001
6990	330.8
6991	330.59999
6992	330.8
6993	330.70001
6994	330.59999
6995	330.8
6996	330.8
6997	330.90001
6998	330.8
6999	331
7000	331.2
7001	331.09999
7002	331.2
7003	331.49999
7004	331.7
7005	331.80001
7006	331.7
7007	331.80001
7008	331.49999
7009	331.80001
7010	331.80001
7011	331.80001
7012	331.80001
7013	331.7
7014	331.49999
7015	331.80001
7016	331.80001
7017	331.7
7018	331.60001
7019	331.60001
7020	331.60001
7021	331.80001
7022	331.7
7023	331.80001
7024	331.80001
7025	331.80001
7026	331.7
7027	331.80001
7028	332.1
7029	331.7
7030	331.9
7031	331.49999
7032	331.80001
7033	331.80001
7034	331.80001
7035	331.80001
7036	331.7
7037	331.60001
7038	331.49999
7039	331.80001
7040	331.7
7041	331.60001
7042	331.7
7043	331.60001
7044	331.80001
7045	331.7
7046	331.49999
7047	331.60001
7048	332.1
7049	331.80001
7050	331.99999
7051	331.9
7052	332.1
7053	332.1
7054	331.99999
7055	332.1
7056	332.19999
7057	331.80001
7058	331.99999
7059	331.9
7060	332.1
7061	331.9
7062	331.80001
7063	331.80001
7064	331.99999
7065	331.80001
7066	331.99999
7067	331.80001
7068	331.80001
7069	331.49999
7070	331.9
7071	331.99999
7072	332.19999
7073	331.99999
7074	332.19999
7075	331.99999
7076	332.1
7077	331.9
7078	331.80001
7079	331.80001
7080	332.19999
7081	331.80001
7082	331.80001
7083	331.7
7084	331.9
7085	331.80001
7086	331.99999
7087	331.49999
7088	331.80001
7089	331.60001
7090	331.80001
7091	331.60001
7092	331.49999
7093	331.60001
7094	331.80001
7095	331.49999
7096	331.49999
7097	331.60001
7098	331.49999
7099	331.49999
7100	331.60001
7101	331.60001
7102	331.60001
7103	331.80001
7104	331.80001
7105	331.80001
7106	331.80001
7107	331.80001
7108	331.80001
7109	331.80001
7110	331.9
7111	331.40001
7112	331.09999
7113	329.49999
7114	329.2
7115	329.29999
7116	329.49999
7117	330.1
7118	330.19999
7119	330.50001
7120	330.8
7121	330.8
7122	331.2
7123	331.29999
7124	331.49999
7125	331.60001
7126	331.80001
7127	331.49999
7128	331.7
7129	331.7
7130	331.29999
7131	331.40001
7132	331.40001
7133	331.40001