1	70.28
2	70.53
3	70.86
4	70.4
5	70.09
6	70.38
7	70.21
8	69.88
9	69.98
10	70.82
11	69.56
12	70.19
13	70.66
14	70.38
15	70.3
16	70.32
17	70.07
18	70.23
19	70.84
20	70.49
21	69.71
22	70.53
23	70.21
24	70.82
25	70.53
26	70.45
27	70.87
28	70.66
29	70.21
30	70.65
31	70.61
32	71.03
33	70.49
34	70.38
35	70.72
36	70.55
37	70.38
38	70.24
39	70.72
40	70.55
41	70.19
42	70.74
43	70.28
44	70.78
45	70.49
46	70.34
47	70.21
48	70.45
49	70.05
50	70.17
51	70.47
52	70.05
53	70.84
54	70.15
55	70.23
56	70.49
57	71.01
58	70.17
59	70.17
60	70.7
61	70.76
62	70.57
63	70.19
64	71.1
65	70.68
66	70.3
67	69.77
68	70.28
69	70.51
70	70.61
71	70.82
72	69.9
73	70.36
74	70.51
75	70.99
76	70.4
77	70.65
78	70.15
79	70.28
80	70.32
81	70.36
82	70.24
83	70.89
84	70.45
85	70.32
86	70.8
87	70.51
88	70.84
89	70.28
90	70.42
91	70.42
92	70.65
93	70.38
94	70.3
95	70.55
96	70.13
97	70.28
98	70.26
99	70.42
100	70.07
101	70.24
102	70.23
103	70.26
104	70.51
105	70.66
106	70.45
107	70.72
108	70.55
109	70.19
110	69.9
111	70.21
112	70.82
113	70.84
114	70.49
115	70.76
116	70.55
117	70.42
118	71.03
119	70.89
120	70.93
121	70.99
122	70.84
123	70.15
124	70.21
125	70.19
126	70.17
127	70.3
128	70.3
129	70.44
130	70.82
131	70.8
132	70.32
133	69.84
134	70.13
135	70.36
136	70.24
137	70.03
138	70.78
139	70.82
140	70.89
141	70.21
142	69.96
143	69.81
144	70
145	70.45
146	70.53
147	70.89
148	70.95
149	70.19
150	70.28
151	70.26
152	70.44
153	70.34
154	70.55
155	71.2
156	70.68
157	70.24
158	70.07
159	70.26
160	70.57
161	70.23
162	70.42
163	70.61
164	70.49
165	70.36
166	70.44
167	70.38
168	70.21
169	70.28
170	70.59
171	70.23
172	70.34
173	69.94
174	70.21
175	70.05
176	70.15
177	70.26
178	70.32
179	70.57
180	70.99
181	70.66
182	71.06
183	70.17
184	69.84
185	70.47
186	70.05
187	70.28
188	70.26
189	70.57
190	70.38
191	70.61
192	70.7
193	70.47
194	70.45
195	70.32
196	70.84
197	70.84
198	71.05
199	70.45
200	70.74
201	71.05
202	71.2
203	70.99
204	71.56
205	71.45
206	71.27
207	70.84
208	71.37
209	71.2
210	71.43
211	71.41
212	71.83
213	71.6
214	71.33
215	71.54
216	71.26
217	71.37
218	71.58
219	71.6
220	70.89
221	71.12
222	71.52
223	71.27
224	71.85
225	71.18
226	71.31
227	71.73
228	71.69
229	71.29
230	71.33
231	71.71
232	71.37
233	71.52
234	71.58
235	71.85
236	71.58
237	70.8
238	71.45
239	71.73
240	71.47
241	71.5
242	71.64
243	71.45
244	71.52
245	71.62
246	71.83
247	71.43
248	71.71
249	72.06
250	71.27
251	71.62
252	72.19
253	71.69
254	71.48
255	72.11
256	71.87
257	71.5
258	71.69
259	71.87
260	71.18
261	71.87
262	71.71
263	71.45
264	71.43
265	71.75
266	71.73
267	71.89
268	71.29
269	71.71
270	71.79
271	71.41
272	71.41
273	72.04
274	71.52
275	71.58
276	72.4
277	71.75
278	71.75
279	71.56
280	72.21
281	71.41
282	71.58
283	71.89
284	71.71
285	71.79
286	72.04
287	71.52
288	71.54
289	72.19
290	71.45
291	71.45
292	71.69
293	71.85
294	71.69
295	71.54
296	71.58
297	71.83
298	71.85
299	72.13
300	72.04
301	71.71
302	72.23
303	72.32
304	71.6
305	72.11
306	71.79
307	72.55
308	71.73
309	71.71
310	72
311	72.15
312	71.85
313	72.13
314	72.53
315	72.17
316	71.69
317	71.83
318	72.4
319	72.17
320	71.85
321	71.87
322	72.53
323	71.89
324	71.79
325	71.83
326	72.04
327	71.71
328	71.68
329	72.32
330	71.56
331	72.13
332	72.13
333	71.27
334	71.85
335	72.17
336	72.19
337	72.19
338	71.73
339	72.02
340	72.02
341	72.48
342	72.06
343	71.9
344	71.81
345	72.04
346	72.38
347	72.19
348	71.83
349	71.94
350	72.21
351	71.92
352	72.69
353	71.89
354	72.04
355	71.98
356	71.92
357	72.17
358	72.32
359	71.9
360	72.4
361	71.87
362	72.34
363	72.11
364	71.83
365	72.17
366	72.27
367	71.6
368	72.32
369	71.29
370	71.58
371	71.47
372	71.66
373	72.17
374	72.09
375	71.75
376	71.39
377	72.06
378	71.89
379	72.27
380	72.13
381	71.33
382	71.48
383	71.5
384	71.24
385	70.63
386	70.11
387	69.81
388	70.28
389	70.07
390	69.33
391	69.31
392	68.68
393	69.39
394	69.06
395	68.6
396	68.87
397	69.18
398	69.02
399	69.29
400	68.49
401	68.8
402	69.23
403	69.04
404	69.46
405	68.8
406	69.1
407	69.16
408	69.71
409	69.16
410	69.35
411	69.58
412	69.31
413	70.02
414	69.69
415	69.44
416	70.24
417	69.94
418	70.44
419	69.31
420	70.74
421	69.86
422	70.26
423	70.13
424	70.19
425	70.17
426	70.3
427	70.49
428	70.34
429	70.36
430	70.23
431	70.42
432	70.45
433	70.03
434	70.19
435	70.34
436	70.32
437	70.49
438	70.13
439	70.51
440	70.19
441	70.15
442	70.45
443	69.83
444	70.02
445	70.42
446	70.82
447	69.92
448	70.13
449	70.15
450	70.05
451	70.65
452	70.07
453	70.28
454	70.32
455	70.76
456	70.8
457	70
458	70.19
459	70.49
460	70.57
461	69.96
462	70.4
463	70.23
464	70.76
465	70.65
466	70.17
467	70.34
468	70.28
469	70.8
470	70.63
471	70.02
472	70.28
473	70.34
474	70.8
475	70.17
476	70
477	70.65
478	70.44
479	70.02
480	70.23
481	70.51
482	70.45
483	70.66
484	69.96
485	70.03
486	70.07
487	70.44
488	70.32
489	70.47
490	70.24
491	69.96
492	70.3
493	70.53
494	70.17
495	69.96
496	70.17
497	70.42
498	70.02
499	70.44
500	70.49
501	70.74
502	69.81
503	70.53
504	70.45
505	70.76
506	70.49
507	70.99
508	70.72
509	70.47
510	70.36
511	71.16
512	70.38
513	70.38
514	70.42
515	70.89
516	70.44
517	70.47
518	70.13
519	70.26
520	70.7
521	70.36
522	70.05
523	70.61
524	70.61
525	70.15
526	70.42
527	70.47
528	70.13
529	70.07
530	70.07
531	69.77
532	70.23
533	70.19
534	70.3
535	70.23
536	70.11
537	70.86
538	70.13
539	70.05
540	70.82
541	70.05
542	70.26
543	70.78
544	70.11
545	70.17
546	70.45
547	70.44
548	70.15
549	70.72
550	70.65
551	70.34
552	70.13
553	70.84
554	70.02
555	70.78
556	70.59
557	70.28
558	70.63
559	70.74
560	70.05
561	70.34
562	70.53
563	69.79
564	69.86
565	69.94
566	69.29
567	69.88
568	69.54
569	69.54
570	69.75
571	69.6
572	70.03
573	69.62
574	69.94
575	70.28
576	69.69
577	70
578	70.28
579	70.38
580	70.15
581	70.03
582	70.89
583	70.61
584	70.15
585	70.02
586	70.28
587	70.59
588	70.99
589	70.32
590	70.63
591	70.45
592	70.76
593	70.3
594	70.55
595	70.44
596	70.82
597	70.68
598	70.34
599	70.65
600	70.66
601	70.36
602	70.59
603	71.16
604	70.74
605	70.68
606	71.12
607	70.72
608	70.57
609	70.65
610	70.89
611	70.7
612	71.05
613	70.17
614	70.51
615	70.86
616	71.18
617	70.47
618	71.33
619	70.68
620	71.26
621	70.68
622	70.7
623	70.93
624	70.66
625	70.47
626	70.44
627	70.78
628	70.45
629	70.3
630	70.74
631	70.87
632	70.51
633	71.29
634	70.53
635	70.7
636	70.38
637	70.61
638	70.61
639	70.8
640	70.26
641	69.67
642	70.05
643	69.75
644	70.19
645	70.09
646	70.13
647	69.88
648	70.47
649	70.51
650	70.36
651	70.82
652	70.65
653	70.23
654	70.23
655	70.17
656	70.05
657	70.4
658	70.4
659	70.45
660	70.49
661	70.76
662	70.51
663	70.74
664	70.68
665	70.76
666	71.12
667	70.8
668	70.66
669	70.76
670	70.65
671	70.55
672	71.03
673	70.49
674	70.23
675	70.8
676	70.51
677	70.86
678	70.91
679	71.2
680	70.8
681	70.86
682	71.06
683	71.12
684	71.14
685	70.91
686	71.05
687	71.27
688	71.22
689	71.39
690	71.56
691	71.39
692	71.48
693	71.12
694	71.14
695	70.65
696	70.97
697	71.35
698	71.27
699	71.24
700	71.69
701	71.56
702	71.16
703	71.18
704	71.29
705	71.16
706	71.37
707	71.14
708	71.87
709	71.92
710	70.93
711	71.18
712	71.64
713	71.33
714	71.43
715	70.93
716	71.54
717	71.41
718	71.35
719	71.54
720	71.47
721	71.56
722	71.81
723	71.69
724	71.68
725	71.22
726	71.33
727	71.2
728	71.71
729	71.26
730	71.66
731	71.33
732	71.64
733	71.27
734	70.99
735	71.73
736	71.66
737	71.29
738	72.06
739	71.9
740	72.04
741	71.27
742	71.69
743	72.08
744	70.97
745	71.5
746	71.47
747	71.47
748	71.39
749	71.6
750	71.96
751	71.71
752	71.54
753	71.92
754	71.27
755	71.6
756	71.56
757	71.6
758	71.64
759	72.44
760	71.47
761	71.68
762	71.94
763	71.22
764	71.56
765	71.62
766	71.33
767	71.64
768	71.87
769	71.52
770	71.56
771	72.08
772	71.37
773	71.83
774	72.13
775	71.77
776	71.58
777	71.62
778	71.5
779	72.13
780	72.02
781	72.04
782	71.69
783	72.25
784	72.21
785	71.79
786	71.89
787	71.87
788	72.51
789	71.85
790	71.81
791	72.21
792	71.98
793	72.63
794	71.62
795	71.79
796	71.92
797	71.87
798	72.13
799	72.11
800	71.08
801	71.79
802	71.83
803	71.79
804	71.98
805	72.25
806	72.15
807	71.85
808	71.89
809	71.89
810	71.96
811	72.02
812	71.83
813	72.25
814	72
815	71.9
816	72.48
817	72.34
818	72.42
819	71.79
820	71.9
821	72.13
822	72.29
823	72.02
824	72.8
825	71.87
826	71.87
827	72
828	71.85
829	72.09
830	72.61
831	72.4
832	72.21
833	71.58
834	71.81
835	72.04
836	72.11
837	72.38
838	71.45
839	71.62
840	71.68
841	71.52
842	71.73
843	71.87
844	71.33
845	71.85
846	71.66
847	71.96
848	71.5
849	71.33
850	71.87
851	71.81
852	71.87
853	71.81
854	71.66
855	71.54
856	71.1
857	70.72
858	71.16
859	70.55
860	69.83
861	69.73
862	69.83
863	70
864	68.97
865	68.72
866	68.93
867	69.16
868	68.93
869	68.76
870	68.74
871	69.04
872	68.87
873	68.2
874	68.47
875	68.51
876	68.47
877	69.21
878	69.14
879	69.02
880	69.27
881	68.81
882	69.42
883	69.21
884	69.56
885	69.25
886	69.54
887	70.26
888	69.67
889	69.67
890	69.88
891	69.88
892	69.92
893	70.59
894	69.67
895	70.15
896	70.02
897	70.53
898	70.19
899	70.36
900	70.38
901	70.26
902	70.17
903	70.05
904	70.3
905	70.3
906	70.49
907	70.51
908	69.79
909	69.83
910	69.94
911	69.84
912	70.21
913	69.94
914	69.86
915	70.38
916	70.23
917	70.26
918	70.11
919	69.9
920	69.75
921	69.56
922	70.4
923	70.4
924	70.11
925	69.77
926	70.44
927	70.49
928	70.55
929	70.09
930	70.24
931	69.86
932	70.4
933	70.13
934	70.26
935	70.15
936	70.66
937	70.11
938	70.86
939	70.26
940	70.42
941	70.42
942	70.13
943	69.88
944	70.09
945	70.24
946	69.98
947	70.3
948	70.34
949	70.32
950	69.92
951	69.86
952	69.6
953	69.56
954	70.19
955	70.44
956	69.98
957	70.24
958	70.28
959	70.4
960	70.53
961	70.4
962	70.84
963	70.42
964	69.69
965	69.98
966	69.83
967	70.34
968	70.24
969	70.05
970	70.38
971	69.92
972	69.73
973	69.9
974	70.15
975	69.9
976	70.03
977	70.57
978	70.21
979	70.21
980	70.09
981	70.24
982	70.57
983	70.86
984	70.28
985	70.87
986	70.68
987	70.17
988	69.86
989	69.88
990	69.6
991	69.9
992	69.77
993	69.96
994	69.73
995	69.58
996	69.81
997	70.15
998	70.05
999	69.98
1000	69.67
1001	70.15
1002	70.61
1003	70.36
1004	70.42
1005	69.77
1006	69.71
1007	69.86
1008	70.02
1009	69.62
1010	70.02
1011	70.23
1012	69.9
1013	70.09
1014	69.92
1015	70.15
1016	70.26
1017	70.07
1018	70.34
1019	70.19
1020	70.44
1021	70.15
1022	70.23
1023	70.26
1024	70.47
1025	70.07
1026	70.23
1027	70.4
1028	70.42
1029	70.34
1030	70.55
1031	70.34
1032	70.28
1033	69.98
1034	69.98
1035	69.92
1036	69.96
1037	70
1038	69.77
1039	69.69
1040	69.48
1041	69.73
1042	70.07
1043	70.19
1044	70.44
1045	70.36
1046	70.3
1047	70.38
1048	70.02
1049	70.11
1050	69.81
1051	69.58
1052	70.13
1053	69.63
1054	70.02
1055	69.83
1056	69.94
1057	70.17
1058	70.24
1059	70.53
1060	70.21
1061	70.63
1062	70.47
1063	70.8
1064	70.51
1065	70.51
1066	70.65
1067	69.83
1068	70.03
1069	70.15
1070	70.34
1071	70.19
1072	70.66
1073	70.23
1074	70.09
1075	70.03
1076	70.23
1077	70.38
1078	70.15
1079	70.47
1080	70.82
1081	70.09
1082	69.98
1083	69.84
1084	69.81
1085	69.65
1086	69.6
1087	70.32
1088	70.19
1089	69.86
1090	70.34
1091	69.75
1092	69.58
1093	69.84
1094	70.05
1095	70.68
1096	70.07
1097	70.49
1098	70.61
1099	69.88
1100	70.47
1101	70.26
1102	70.09
1103	70.3
1104	70.68
1105	70.63
1106	69.88
1107	70.11
1108	70.53
1109	70.47
1110	70.02
1111	70.09
1112	70.57
1113	70.26
1114	69.86
1115	70.15
1116	70.4
1117	70.17
1118	69.94
1119	70.44
1120	69.92
1121	70.42
1122	70.32
1123	69.9
1124	69.71
1125	70.23
1126	69.58
1127	70.09
1128	69.96
1129	70.13
1130	70.13
1131	70.05
1132	70.66
1133	70.21
1134	70.4
1135	70.28
1136	70.68
1137	70.34
1138	70.49
1139	71.01
1140	70.59
1141	69.96
1142	70.36
1143	70.53
1144	70.87
1145	70.74
1146	70.57
1147	71.14
1148	71.06
1149	70.99
1150	71.37
1151	71.39
1152	71.66
1153	70.93
1154	71.06
1155	71.08
1156	71.16
1157	71.48
1158	71.06
1159	70.72
1160	70.76
1161	71.24
1162	70.95
1163	71.35
1164	71.68
1165	71.68
1166	71.73
1167	71.47
1168	71.45
1169	71.05
1170	70.72
1171	71.27
1172	71.1
1173	71.08
1174	71.45
1175	71.54
1176	71.26
1177	71.31
1178	70.91
1179	71.39
1180	70.99
1181	71.22
1182	71.43
1183	71.29
1184	71.43
1185	71.77
1186	70.95
1187	71.12
1188	71.18
1189	71.1
1190	70.99
1191	71.56
1192	71.27
1193	71.35
1194	71.18
1195	71.94
1196	71.64
1197	71.87
1198	71.6
1199	71.31
1200	71.22
1201	71.22
1202	71.22
1203	71.05
1204	71.41
1205	71.22
1206	71.43
1207	71.43
1208	71.71
1209	72.02
1210	71.52
1211	71.81
1212	71.35
1213	71.29
1214	71.54
1215	71.08
1216	71.27
1217	71.58
1218	71.56
1219	71.68
1220	71.58
1221	71.54
1222	71.92
1223	71.92
1224	71.85
1225	71.9
1226	72.09
1227	71.56
1228	71.52
1229	71.2
1230	71.6
1231	72
1232	71.62
1233	71.94
1234	72.09
1235	72.13
1236	71.41
1237	71.18
1238	71.75
1239	71.54
1240	71.2
1241	71.66
1242	71.77
1243	71.68
1244	71.66
1245	71.37
1246	71.14
1247	71.56
1248	71.89
1249	71.52
1250	71.5
1251	72.15
1252	71.48
1253	71.48
1254	71.5
1255	71.73
1256	71.96
1257	71.48
1258	71.52
1259	71.56
1260	71.98
1261	71.83
1262	71.41
1263	71.52
1264	71.73
1265	71.77
1266	71.98
1267	72
1268	71.79
1269	71.69
1270	72.21
1271	71.73
1272	71.81
1273	72.21
1274	71.92
1275	71.5
1276	71.45
1277	71.68
1278	71.96
1279	70.86
1280	71.52
1281	71.98
1282	71.71
1283	71.43
1284	71.5
1285	71.81
1286	71.64
1287	71.52
1288	71.5
1289	71.71
1290	72.19
1291	72.08
1292	71.24
1293	71.96
1294	71.87
1295	72.46
1296	72.09
1297	72.02
1298	72.57
1299	71.94
1300	71.94
1301	71.81
1302	72.5
1303	72.21
1304	71.83
1305	72
1306	72.04
1307	72.38
1308	71.68
1309	71.6
1310	72.02
1311	71.73
1312	71.24
1313	71.68
1314	71.89
1315	71.43
1316	71.52
1317	71.62
1318	72.29
1319	71.31
1320	71.68
1321	71.81
1322	72.04
1323	71.58
1324	71.87
1325	72.42
1326	71.22
1327	71.37
1328	71.26
1329	70.21
1330	70.84
1331	70.53
1332	70.07
1333	70.15
1334	69.48
1335	69.21
1336	68.78
1337	68.91
1338	69.2
1339	68.95
1340	68.22
1341	68.83
1342	68.95
1343	68.57
1344	68.28
1345	68.64
1346	68.76
1347	68.55
1348	68.51
1349	68.93
1350	69.56
1351	69.02
1352	69.23
1353	69.29
1354	68.83
1355	68.55
1356	69.06
1357	69.54
1358	68.93
1359	69.31
1360	69.23
1361	69.71
1362	70
1363	70.05
1364	69.33
1365	69.9
1366	69.71
1367	69.5
1368	69.48
1369	70.17
1370	70
1371	69.73
1372	70.09
1373	70.02
1374	69.71
1375	69.92
1376	70.24
1377	70.3
1378	70.11
1379	70.74
1380	70.02
1381	69.83
1382	70.21
1383	70.26
1384	69.98
1385	69.86
1386	70.21
1387	70.49
1388	70.3
1389	69.84
1390	69.71
1391	70
1392	69.56
1393	69.73
1394	70.19
1395	69.92
1396	70
1397	70.09
1398	70.74
1399	69.37
1400	69.73
1401	70.11
1402	70.72
1403	70.26
1404	70.07
1405	69.92
1406	70.26
1407	70.28
1408	70.03
1409	70.05
1410	70.49
1411	70.47
1412	69.77
1413	70.11
1414	70.13
1415	70.15
1416	70.63
1417	69.86
1418	69.9
1419	70.03
1420	69.98
1421	70.53
1422	70.66
1423	70.02
1424	69.88
1425	70.07
1426	70.61
1427	70.24
1428	70.49
1429	70.19
1430	70.09
1431	69.88
1432	70.76
1433	70.55
1434	70.3
1435	70.07
1436	69.98
1437	69.88
1438	69.79
1439	69.73
1440	70.24
1441	70.05
1442	69.88
1443	69.46
1444	70.03
1445	70.07
1446	70.17
1447	70.51
1448	70.38
1449	70.05
1450	70.07
1451	70.13
1452	70.24
1453	70.32
1454	69.73
1455	69.98
1456	69.84
1457	70.17
1458	70.32
1459	69.98
1460	70.68
1461	70.07
1462	70.17
1463	70.4
1464	70.34
1465	70.59
1466	70.32
1467	70.3
1468	70.05
1469	70.51
1470	70.66
1471	70.34
1472	70.03
1473	70.23
1474	70.19
1475	70.11
1476	69.63
1477	69.37
1478	69.71
1479	69.5
1480	70.03
1481	70.13
1482	70.49
1483	70.17
1484	69.96
1485	70.15
1486	70.19
1487	70.07
1488	70.34
1489	70.07
1490	69.71
1491	69.75
1492	70.13
1493	70.28
1494	69.92
1495	69.96
1496	70.13
1497	70.36
1498	70.21
1499	70.02
1500	70.42
1501	69.81
1502	70.03
1503	69.77
1504	70.11
1505	70.05
1506	70.09
1507	70.36
1508	70.11
1509	70.78
1510	70.59
1511	70.3
1512	70.34
1513	70.51
1514	70.07
1515	70.05
1516	69.92
1517	69.84
1518	70.21
1519	70
1520	70.17
1521	69.94
1522	69.62
1523	69.86
1524	69.75
1525	69.69
1526	69.94
1527	70.49
1528	70.36
1529	70.24
1530	70.51
1531	70.28
1532	70.07
1533	69.71
1534	69.52
1535	70.02
1536	70.49
1537	69.9
1538	69.94
1539	70.13
1540	70.21
1541	70
1542	70.13
1543	69.77
1544	70.05
1545	70.15
1546	71.47
1547	70.55
1548	70.21
1549	69.73
1550	69.98
1551	70.11
1552	70.23
1553	70.4
1554	70.53
1555	70.76
1556	70.72
1557	70.26
1558	69.98
1559	70.09
1560	69.73
1561	69.88
1562	69.77
1563	70.32
1564	70
1565	69.71
1566	69.9
1567	69.75
1568	69.9
1569	70.03
1570	69.98
1571	70.02
1572	70.05
1573	69.84
1574	69.88
1575	69.33
1576	70.05
1577	70.02
1578	69.86
1579	69.84
1580	69.9
1581	70.3
1582	70.13
1583	70.7
1584	70.44
1585	70.55
1586	70.53
1587	69.77
1588	70.05
1589	69.79
1590	70.23
1591	69.92
1592	70.19
1593	70.61
1594	70.13
1595	70.17
1596	69.69
1597	69.81
1598	69.65
1599	69.81
1600	70.36
1601	69.25
1602	69.54
1603	69.83
1604	69.5
1605	69.75
1606	70.57
1607	69.83
1608	70.09
1609	70.19
1610	70.4
1611	70.42
1612	70
1613	69.88
1614	70.24
1615	70.95
1616	70.86
1617	70.24
1618	70.36
1619	70.74
1620	70.86
1621	70.76
1622	70.47
1623	70.87
1624	71.27
1625	70.8
1626	70.63
1627	70.99
1628	70.99
1629	71.08
1630	70.51
1631	70.47
1632	70.68
1633	70.97
1634	70.8
1635	70.7
1636	70.66
1637	70.86
1638	71.08
1639	71.2
1640	70.8
1641	70.8
1642	70.95
1643	71.47
1644	70.53
1645	70.93
1646	71.22
1647	71.75
1648	70.91
1649	70.82
1650	71.18
1651	71.39
1652	71.71
1653	71.35
1654	70.87
1655	71.06
1656	71.69
1657	71.1
1658	70.97
1659	71.35
1660	71.22
1661	70.84
1662	71.39
1663	71.29
1664	71.66
1665	71.48
1666	71.35
1667	71.22
1668	71.33
1669	71.48
1670	71.27
1671	71.5
1672	71.92
1673	71.29
1674	71.14
1675	70.93
1676	71.27
1677	71.58
1678	70.65
1679	71.12
1680	71.54
1681	71.12
1682	71.01
1683	71.33
1684	71.75
1685	70.93
1686	71.37
1687	71.31
1688	71.29
1689	71.22
1690	71.35
1691	71.39
1692	71.62
1693	71.77
1694	71.16
1695	71.54
1696	71.66
1697	71.98
1698	71.41
1699	71.58
1700	71.33
1701	72.09
1702	71.75
1703	71.16
1704	71.43
1705	71.71
1706	71.98
1707	71.43
1708	71.5
1709	71.29
1710	71.27
1711	71.92
1712	71.16
1713	71.14
1714	71.12
1715	71.5
1716	71.5
1717	71.85
1718	70.93
1719	71.6
1720	71.43
1721	71.1
1722	71.27
1723	71.26
1724	71.62
1725	71.66
1726	71.54
1727	71.81
1728	71.71
1729	72.4
1730	71.37
1731	71.79
1732	71.71
1733	72.11
1734	71.37
1735	71.75
1736	71.9
1737	71.69
1738	71.48
1739	71.6
1740	72.06
1741	71.48
1742	71.62
1743	71.56
1744	71.81
1745	71.26
1746	71.45
1747	71.37
1748	71.73
1749	71.45
1750	71.26
1751	71.94
1752	71.5
1753	71.26
1754	71.62
1755	72.06
1756	71.22
1757	71.58
1758	71.98
1759	71.03
1760	71.73
1761	72.25
1762	72.3
1763	71.79
1764	71.81
1765	72.32
1766	71.26
1767	72.3
1768	71.5
1769	71.58
1770	71.58
1771	72.04
1772	71.47
1773	71.48
1774	72.5
1775	72.04
1776	71.73
1777	71.89
1778	71.75
1779	71.54
1780	71.71
1781	71.58
1782	71.89
1783	72.09
1784	71.66
1785	71.31
1786	72.04
1787	71.75
1788	70.95
1789	71.48
1790	71.39
1791	70.65
1792	71.48
1793	71.89
1794	70.8
1795	71.62
1796	71.62
1797	71.56
1798	71.52
1799	71.47
1800	71.94
1801	71.43
1802	70.91
1803	71.2
1804	71.2
1805	70.15
1806	69.98
1807	69.81
1808	69.25
1809	69.41
1810	69.29
1811	68.76
1812	68.51
1813	68.6
1814	68.3
1815	68.83
1816	68.83
1817	68.66
1818	67.97
1819	68.59
1820	68.26
1821	68.53
1822	68.59
1823	68.85
1824	68.93
1825	69.48
1826	69.27
1827	69.08
1828	69.39
1829	69.44
1830	69.25
1831	69.18
1832	68.72
1833	68.93
1834	68.8
1835	68.74
1836	68.64
1837	69.12
1838	69.48
1839	69.02
1840	69.14
1841	69.42
1842	69.62
1843	70.09
1844	69.83
1845	69.9
1846	69.96
1847	69.77
1848	70.07
1849	70.02
1850	70
1851	69.46
1852	69.65
1853	69.33
1854	69.94
1855	70.3
1856	69.83
1857	70.55
1858	70.34
1859	70.26
1860	69.65
1861	69.9
1862	69.84
1863	69.58
1864	69.86
1865	69.98
1866	69.71
1867	69.77
1868	69.35
1869	69.88
1870	69.9
1871	69.67
1872	69.88
1873	70.07
1874	70.51
1875	70.09
1876	69.83
1877	70
1878	69.9
1879	69.98
1880	69.84
1881	69.71
1882	69.56
1883	69.65
1884	69.77
1885	69.46
1886	70.21
1887	69.9
1888	69.77
1889	69.9
1890	70.45
1891	70.26
1892	69.79
1893	69.88
1894	69.71
1895	69.94
1896	69.88
1897	70.23
1898	70.34
1899	69.67
1900	69.48
1901	69.41
1902	69.84
1903	70.15
1904	69.2
1905	68.91
1906	69.16
1907	69.29
1908	69.75
1909	69.6
1910	69.6
1911	69.63
1912	69.81
1913	70.32
1914	70.02
1915	69.52
1916	70.15
1917	69.83
1918	70.34
1919	69.96
1920	69.6
1921	69.92
1922	69.65
1923	70.44
1924	69.65
1925	69.62
1926	69.86
1927	69.62
1928	70.11
1929	69.92
1930	69.42
1931	69.88
1932	70.11
1933	70.07
1934	69.54
1935	70.05
1936	70.24
1937	69.77
1938	69.75
1939	69.5
1940	70.13
1941	69.84
1942	69.98
1943	70.07
1944	70.32
1945	69.65
1946	69.92
1947	70.23
1948	69.6
1949	69.77
1950	70.42
1951	69.94
1952	69.62
1953	70.02
1954	70.19
1955	70.23
1956	69.88
1957	69.9
1958	70.09
1959	70.05
1960	69.96
1961	70.03
1962	70.4
1963	70.23
1964	69.35
1965	70.03
1966	70.47
1967	70.3
1968	69.37
1969	69.54
1970	69.44
1971	69.16
1972	69.31
1973	69.5
1974	70.07
1975	69.42
1976	69.46
1977	70.38
1978	70.28
1979	69.96
1980	69.77
1981	70.21
1982	69.63
1983	69.86
1984	70.09
1985	70.07
1986	69.75
1987	69.35
1988	70.03
1989	69.83
1990	69.71
1991	69.62
1992	70.44
1993	69.65
1994	69.81
1995	70.05
1996	69.84
1997	70.02
1998	70.15
1999	69.84
2000	70.02
2001	70.24
2002	69.31
2003	69.67
2004	70.15
2005	69.42
2006	69.86
2007	69.65
2008	69.58
2009	70.02
2010	69.86
2011	69.69
2012	69.67
2013	69.21
2014	69.67
2015	69.75
2016	69.54
2017	70.09
2018	69.81
2019	69.79
2020	69.46
2021	69.58
2022	70.02
2023	69.56
2024	69.65
2025	69.71
2026	69.94
2027	69.31
2028	69.88
2029	69.94
2030	70.15
2031	69.44
2032	69.69
2033	69.75
2034	70.11
2035	69.6
2036	69.25
2037	70.02
2038	70.02
2039	69.6
2040	69.9
2041	70.03
2042	70.02
2043	69.92
2044	69.65
2045	69.75
2046	69.9
2047	69.5
2048	69.77
2049	69.29
2050	69.2
2051	69.44
2052	69.18
2053	69.48
2054	69.44
2055	69.63
2056	69.84
2057	70.11
2058	69.31
2059	69.35
2060	69.2
2061	69.58
2062	69.44
2063	69.67
2064	69.65
2065	70.09
2066	70.13
2067	70.17
2068	69.94
2069	69.27
2070	69.94
2071	69.79
2072	70
2073	69.73
2074	69.35
2075	69.44
2076	69.75
2077	69.65
2078	70.32
2079	70.32
2080	70.51
2081	69.84
2082	69.6
2083	70.17
2084	69.94
2085	70.11
2086	70.38
2087	69.81
2088	69.27
2089	69.41
2090	69.62
2091	69.48
2092	69.73
2093	70.61
2094	70.28
2095	69.62
2096	70
2097	70.21
2098	70.07
2099	70.72
2100	70.97
2101	71.01
2102	70.57
2103	70.61
2104	70.74
2105	70.74
2106	70.55
2107	71.14
2108	71.03
2109	70.59
2110	70.59
2111	70.74
2112	70.8
2113	70.87
2114	71.12
2115	71.37
2116	70.87
2117	71.1
2118	70.65
2119	71.03
2120	71.03
2121	71.1
2122	70.68
2123	71.43
2124	71.48
2125	71.2
2126	71.1
2127	70.68
2128	71.14
2129	70.93
2130	71.01
2131	71.16
2132	71.31
2133	71.39
2134	70.82
2135	70.68
2136	70.84
2137	70.63
2138	70.7
2139	71.1
2140	70.28
2141	70.66
2142	70.7
2143	71.26
2144	70.97
2145	71.47
2146	71.01
2147	70.97
2148	71.03
2149	70.87
2150	71.03
2151	71.16
2152	70.8
2153	71.18
2154	71.5
2155	71.1
2156	71.06
2157	71.08
2158	71.08
2159	70.78
2160	71.2
2161	71.24
2162	70.93
2163	71.27
2164	71.33
2165	71.08
2166	71.1
2167	70.93
2168	70.91
2169	71.24
2170	71.37
2171	71.22
2172	71.05
2173	70.74
2174	70.84
2175	70.97
2176	71.14
2177	70.97
2178	71.71
2179	71.31
2180	71.35
2181	70.86
2182	71.6
2183	71.03
2184	71.69
2185	71.69
2186	71.33
2187	71.1
2188	71.9
2189	71.45
2190	71.56
2191	71.73
2192	71.6
2193	70.97
2194	71.31
2195	71.43
2196	71.77
2197	71.94
2198	71.6
2199	71.66
2200	71.45
2201	71.26
2202	71.22
2203	71.39
2204	71.83
2205	71.75
2206	71.56
2207	71.03
2208	71.14
2209	71.29
2210	71.22
2211	71.39
2212	71.45
2213	71.96
2214	71.29
2215	71.33
2216	71.48
2217	71.27
2218	70.84
2219	71.39
2220	71.48
2221	71.5
2222	71.35
2223	71.64
2224	71.62
2225	71.75
2226	71.24
2227	71.29
2228	71.71
2229	71.58
2230	71.2
2231	71.79
2232	71.75
2233	71.47
2234	71.83
2235	71.31
2236	71.6
2237	71.79
2238	71.45
2239	71.33
2240	71.58
2241	71.27
2242	71.43
2243	71.43
2244	71.33
2245	71.5
2246	71.35
2247	71.35
2248	71.43
2249	71.43
2250	71.62
2251	71.18
2252	71.81
2253	71.6
2254	71.71
2255	71.92
2256	71.69
2257	70.95
2258	71.33
2259	71.26
2260	71.03
2261	71.39
2262	71.52
2263	71.73
2264	71.56
2265	71.37
2266	71.92
2267	72.02
2268	72
2269	71.58
2270	71.83
2271	71.73
2272	70.93
2273	71.18
2274	71.39
2275	70.53
2276	70.76
2277	70.02
2278	69.75
2279	69.42
2280	69.21
2281	68.99
2282	68.41
2283	68.09
2284	67.94
2285	68.3
2286	67.75
2287	67.8
2288	68.26
2289	68.07
2290	68.17
2291	68.32
2292	68.22
2293	68.13
2294	67.8
2295	68.01
2296	67.94
2297	68.03
2298	68.17
2299	68.2
2300	68.59
2301	68.87
2302	68.81
2303	69.04
2304	68.64
2305	68.8
2306	68.7
2307	68.57
2308	69.08
2309	69.16
2310	69
2311	69.14
2312	69.54
2313	69.77
2314	69.6
2315	69.14
2316	68.93
2317	68.93
2318	69.21
2319	69.37
2320	69.27
2321	69.35
2322	69.62
2323	69.33
2324	68.93
2325	69.23
2326	69.65
2327	69.33
2328	69.77
2329	69.62
2330	69.77
2331	70.11
2332	69.69
2333	69.48
2334	69.37
2335	69.54
2336	69.29
2337	69.86
2338	69.9
2339	69.69
2340	69.5
2341	69.75
2342	69.42
2343	69.65
2344	69.9
2345	69.48
2346	69.08
2347	69.35
2348	69.29
2349	69.69
2350	69.16
2351	69.42
2352	69
2353	69.23
2354	69.62
2355	69.46
2356	69.84
2357	69.39
2358	69.42
2359	69.35
2360	69.65
2361	70.02
2362	69.69
2363	69.62
2364	69.79
2365	69.96
2366	70.34
2367	69.33
2368	69.23
2369	69.69
2370	69.63
2371	69.84
2372	69.65
2373	69.35
2374	69.88
2375	69.83
2376	69.83
2377	69.6
2378	69.58
2379	69.79
2380	70.07
2381	69.81
2382	69.79
2383	69.48
2384	70
2385	69.63
2386	69.14
2387	69.77
2388	69.75
2389	69.86
2390	69.52
2391	69.63
2392	69.92
2393	69.83
2394	69.69
2395	69.33
2396	69.54
2397	69.5
2398	69.1
2399	69.04
2400	69.21
2401	69.54
2402	69.71
2403	69.21
2404	69.37
2405	69.54
2406	69.56
2407	69.41
2408	69.48
2409	69.84
2410	69.58
2411	69.48
2412	69.54
2413	69.58
2414	70.09
2415	69.56
2416	69.65
2417	69.33
2418	70
2419	69.2
2420	69.83
2421	69.63
2422	69.77
2423	69.29
2424	69.56
2425	69.63
2426	69.94
2427	69.81
2428	69.41
2429	69.39
2430	69.42
2431	70.23
2432	69.37
2433	69.81
2434	70.13
2435	69.25
2436	69.1
2437	69.5
2438	69.41
2439	68.87
2440	69.27
2441	69.31
2442	68.81
2443	69.69
2444	69.58
2445	69.77
2446	69.14
2447	69.69
2448	69.39
2449	69.71
2450	69.5
2451	69.5
2452	69.33
2453	70.02
2454	69.21
2455	69.27
2456	69.77
2457	69.33
2458	69.46
2459	69.65
2460	69.33
2461	69.41
2462	69.73
2463	69.88
2464	69.27
2465	69.67
2466	69.6
2467	69.46
2468	69.39
2469	69.86
2470	69.86
2471	68.95
2472	69.6
2473	69.54
2474	69.27
2475	69.69
2476	69.98
2477	69.21
2478	69.33
2479	69.69
2480	69.42
2481	69.16
2482	69.33
2483	69.56
2484	69.2
2485	69.18
2486	68.95
2487	69.73
2488	69.25
2489	69.31
2490	69.42
2491	70.03
2492	69.16
2493	69.46
2494	69.33
2495	69.9
2496	69.42
2497	69.18
2498	69.69
2499	69.63
2500	69.79
2501	69.71
2502	69.37
2503	69.25
2504	69.44
2505	69.21
2506	69.6
2507	69.69
2508	69.23
2509	69.6
2510	68.97
2511	69.71
2512	69.63
2513	69.86
2514	69.69
2515	69.96
2516	69.16
2517	69.41
2518	69.44
2519	69.54
2520	69.52
2521	69.5
2522	69.42
2523	69.63
2524	69.5
2525	69.62
2526	69.37
2527	69.31
2528	69.67
2529	69.2
2530	69.31
2531	69.1
2532	69.06
2533	69.54
2534	69.56
2535	69.31
2536	69.81
2537	69.67
2538	69.81
2539	69.1
2540	69.16
2541	69.35
2542	69.44
2543	70.05
2544	69.58
2545	69.37
2546	69.23
2547	69.23
2548	69.71
2549	69.69
2550	69.84
2551	69.81
2552	69.56
2553	69.48
2554	69.65
2555	69.86
2556	70
2557	68.62
2558	69.31
2559	69.65
2560	69.77
2561	69.71
2562	69.31
2563	69.52
2564	69.9
2565	70.17
2566	69.44
2567	69.86
2568	69.83
2569	70.66
2570	70.26
2571	69.96
2572	70.36
2573	70.8
2574	70.36
2575	70.3
2576	70.57
2577	70.78
2578	71.24
2579	70.61
2580	70.76
2581	70.63
2582	71.01
2583	70.82
2584	70.65
2585	70.59
2586	70.63
2587	71.03
2588	71.12
2589	70.49
2590	70.42
2591	70.38
2592	70.49
2593	70.28
2594	70.23
2595	70.65
2596	70.89
2597	70.38
2598	70.53
2599	70.8
2600	70.95
2601	70.74
2602	70.68
2603	70.72
2604	70.7
2605	70.84
2606	70.87
2607	70.61
2608	71.08
2609	70.72
2610	71.16
2611	70.8
2612	70.59
2613	70.87
2614	71.2
2615	71.47
2616	71.35
2617	70.57
2618	70.66
2619	70.78
2620	70.87
2621	71.14
2622	70.97
2623	70.78
2624	70.8
2625	70.34
2626	71.03
2627	71.01
2628	71.14
2629	70.23
2630	70.86
2631	70.97
2632	71.27
2633	70.89
2634	70.82
2635	70.7
2636	70.76
2637	71.33
2638	71.14
2639	71.2
2640	71.22
2641	71.08
2642	71.54
2643	71.14
2644	71.5
2645	70.91
2646	70.74
2647	71.14
2648	71.35
2649	71.35
2650	70.93
2651	70.93
2652	71.03
2653	71.06
2654	70.89
2655	70.53
2656	70.68
2657	71.1
2658	70.97
2659	71.05
2660	70.91
2661	70.93
2662	70.84
2663	71.47
2664	71.92
2665	70.89
2666	70.93
2667	70.93
2668	71.71
2669	71.08
2670	70.74
2671	71.47
2672	71.48
2673	71.08
2674	71.27
2675	71.31
2676	71.37
2677	70.7
2678	71.1
2679	71.33
2680	71.83
2681	71.1
2682	71.29
2683	71.6
2684	71.16
2685	70.91
2686	71.35
2687	71.43
2688	70.63
2689	70.78
2690	70.86
2691	70.24
2692	70.82
2693	70.82
2694	71.24
2695	71.2
2696	71.37
2697	71.03
2698	70.87
2699	71.22
2700	71.9
2701	71.37
2702	71.1
2703	71.54
2704	71.37
2705	71.56
2706	71.48
2707	71.33
2708	71.92
2709	71.33
2710	71.41
2711	71.69
2712	71.33
2713	71.39
2714	71.47
2715	72
2716	71.16
2717	71.39
2718	71.62
2719	71.73
2720	71.89
2721	72.02
2722	71.5
2723	71.73
2724	71.79
2725	71.33
2726	71.29
2727	71.66
2728	71.73
2729	71.03
2730	71.62
2731	71.27
2732	71.22
2733	71.37
2734	71.2
2735	71.29
2736	71.52
2737	71.68
2738	71.16
2739	71.45
2740	71.54
2741	71.77
2742	71.94
2743	71.37
2744	71.08
2745	70.76
2746	71.03
2747	71.31
2748	70.38
2749	70.07
2750	69.48
2751	69.46
2752	69.75
2753	68.95
2754	68.6
2755	68.01
2756	68.07
2757	67.86
2758	67.73
2759	67.46
2760	67.44
2761	67.12
2762	67.17
2763	67.38
2764	67.08
2765	67.44
2766	67.38
2767	67.92
2768	67.86
2769	67.33
2770	67.78
2771	67.92
2772	68.32
2773	68.47
2774	68.39
2775	68.17
2776	68.62
2777	68.32
2778	68.68
2779	68.72
2780	69
2781	68.81
2782	68.49
2783	69.16
2784	69.71
2785	68.87
2786	68.85
2787	68.89
2788	69.46
2789	69.06
2790	69.12
2791	68.97
2792	69.83
2793	68.81
2794	69.14
2795	69.42
2796	69.25
2797	69.16
2798	69.27
2799	69.16
2800	69.12
2801	69.27
2802	68.89
2803	69.2
2804	69.12
2805	69.37
2806	69.21
2807	69.14
2808	69.14
2809	69.84
2810	69.35
2811	69.04
2812	69.16
2813	69.52
2814	69.69
2815	69.63
2816	69.02
2817	69.25
2818	69.44
2819	69.39
2820	69.69
2821	69.41
2822	69.39
2823	69.67
2824	69.71
2825	69.56
2826	69.54
2827	69.44
2828	69.81
2829	70.03
2830	69.21
2831	69.63
2832	69.5
2833	69.58
2834	69.23
2835	69.65
2836	69.73
2837	69.83
2838	69.6
2839	69.44
2840	69.37
2841	69.56
2842	69.56
2843	69.69
2844	69.1
2845	69.29
2846	69.16
2847	69.35
2848	69.27
2849	68.76
2850	69.08
2851	69.29
2852	69.06
2853	69.56
2854	69.52
2855	69.75
2856	69.71
2857	69.48
2858	69.58
2859	69.41
2860	69.77
2861	69.73
2862	69.21
2863	69.69
2864	69.2
2865	70.17
2866	69.62
2867	69.33
2868	69.37
2869	69.46
2870	69.71
2871	69.14
2872	69.52
2873	69.33
2874	69.75
2875	69.81
2876	68.95
2877	68.93
2878	69.54
2879	69.39
2880	69.84
2881	69.75
2882	69.04
2883	69.1
2884	69.04
2885	69.23
2886	69.62
2887	69.08
2888	68.87
2889	69.1
2890	69.56
2891	69.52
2892	69.31
2893	68.95
2894	68.99
2895	69.63
2896	69.65
2897	69.23
2898	69.27
2899	69.42
2900	69.31
2901	69.69
2902	69.33
2903	69.16
2904	69.41
2905	70.19
2906	69.14
2907	68.99
2908	69.54
2909	69.6
2910	69.75
2911	69.69
2912	69.02
2913	69.12
2914	69.54
2915	69.35
2916	69.98
2917	69.02
2918	69.41
2919	69.33
2920	69.12
2921	69.42
2922	68.7
2923	69.1
2924	69.42
2925	69.31
2926	69.48
2927	69.02
2928	69.41
2929	69.39
2930	69.37
2931	68.99
2932	69.16
2933	69.35
2934	69.73
2935	69.52
2936	69.37
2937	69.31
2938	69.5
2939	69.31
2940	69.35
2941	69.39
2942	69.18
2943	69.06
2944	69.5
2945	69.65
2946	69.41
2947	69.08
2948	69.48
2949	69.12
2950	69.44
2951	68.95
2952	69.29
2953	68.91
2954	69.42
2955	68.97
2956	68.85
2957	69.02
2958	69.1
2959	69.27
2960	69.1
2961	69.1
2962	69.1
2963	69.41
2964	69.48
2965	69.35
2966	69.08
2967	69.33
2968	69.37
2969	69.75
2970	69.58
2971	69.02
2972	69.25
2973	69.44
2974	69.42
2975	70.13
2976	69.69
2977	69.04
2978	69.58
2979	69.6
2980	69.52
2981	69.96
2982	69.2
2983	69.42
2984	69.23
2985	69.52
2986	69.27
2987	69.6
2988	69.6
2989	69.16
2990	69.21
2991	69.33
2992	69.27
2993	69.42
2994	69.65
2995	69.48
2996	68.76
2997	68.78
2998	69.06
2999	69.23
3000	69.37
3001	69.14
3002	68.95
3003	69.48
3004	69.27
3005	69.5
3006	69.65
3007	69.18
3008	69.37
3009	69.08
3010	69.41
3011	69.27
3012	69.67
3013	69.48
3014	69.04
3015	69.39
3016	69.18
3017	69.77
3018	69.69
3019	69.23
3020	69.42
3021	69.27
3022	69.83
3023	69.65
3024	69.21
3025	69.48
3026	69.41
3027	70.13
3028	69.48
3029	69.77
3030	69.6
3031	69.41
3032	69.63
3033	69.46
3034	69.67
3035	69.73
3036	69.48
3037	69.86
3038	69.46
3039	69.27
3040	69.63
3041	69.71
3042	70.02
3043	69.88
3044	70.13
3045	70.42
3046	70.34
3047	70.23
3048	70.07
3049	70.45
3050	70.38
3051	70.87
3052	70.28
3053	70.55
3054	70.53
3055	70.65
3056	70.19
3057	70.3
3058	70.53
3059	71.05
3060	71.27
3061	70.45
3062	70.32
3063	70.59
3064	71.03
3065	70.28
3066	70.82
3067	70.55
3068	70.91
3069	70.13
3070	70.44
3071	70.21
3072	70.68
3073	70.65
3074	70.44
3075	70.26
3076	70.66
3077	71.06
3078	70.45
3079	70.51
3080	70.97
3081	70.68
3082	70.13
3083	70.74
3084	70.87
3085	71.1
3086	70.87
3087	70.99
3088	70.8
3089	70.93
3090	70.86
3091	71.1
3092	70.93
3093	70.68
3094	70.82
3095	71.26
3096	71.27
3097	71.22
3098	70.84
3099	70.93
3100	71.26
3101	71.16
3102	70.32
3103	70.61
3104	70.76
3105	71.1
3106	71.1
3107	70.95
3108	70.74
3109	70.7
3110	70.68
3111	71.18
3112	71.16
3113	70.95
3114	70.59
3115	70.87
3116	71.12
3117	71.35
3118	71.12
3119	70.89
3120	71.14
3121	71.41
3122	71.16
3123	71.52
3124	71.48
3125	70.99
3126	70.91
3127	71.24
3128	71.29
3129	71.62
3130	71.01
3131	70.76
3132	70.93
3133	70.95
3134	70.8
3135	70.99
3136	70.59
3137	71.2
3138	71.24
3139	71.39
3140	71.24
3141	70.91
3142	70.78
3143	70.89
3144	71.12
3145	71.22
3146	71.58
3147	71.52
3148	71.22
3149	71.12
3150	70.95
3151	71.27
3152	71.1
3153	71.45
3154	71.24
3155	70.76
3156	71.43
3157	71.12
3158	71.5
3159	71.66
3160	71.27
3161	71.03
3162	71.45
3163	71.16
3164	71.31
3165	71.56
3166	71.26
3167	71.39
3168	71.37
3169	71.24
3170	71.54
3171	71.24
3172	71.33
3173	71.43
3174	71.56
3175	71.83
3176	71.35
3177	71.18
3178	71.27
3179	70.99
3180	71.62
3181	70.72
3182	71.22
3183	71.48
3184	71.39
3185	71.66
3186	71.05
3187	71.01
3188	71.43
3189	71.18
3190	71.85
3191	71.29
3192	71.16
3193	71.12
3194	71.16
3195	71.73
3196	71.06
3197	71.2
3198	71.41
3199	71.6
3200	71.37
3201	71.16
3202	71.35
3203	71.43
3204	71.16
3205	71.6
3206	71.43
3207	71.01
3208	71.03
3209	71.12
3210	71.2
3211	70.87
3212	71.03
3213	71.6
3214	71.56
3215	70.97
3216	71.52
3217	70.99
3218	71.24
3219	70.84
3220	70.84
3221	70.95
3222	70.93
3223	70.26
3224	70.07
3225	69.77
3226	69.42
3227	69.48
3228	68.83
3229	69.14
3230	68.78
3231	68.26
3232	67.96
3233	68.11
3234	67.65
3235	67.78
3236	68.13
3237	67.73
3238	67.52
3239	67.5
3240	67.67
3241	67.75
3242	67.73
3243	67.92
3244	67.46
3245	67.97
3246	68.05
3247	68.59
3248	68.13
3249	68.26
3250	68.09
3251	68.28
3252	68.49
3253	68.36
3254	68.51
3255	68.38
3256	69.08
3257	68.76
3258	69.18
3259	69.12
3260	69.04
3261	69
3262	68.83
3263	68.68
3264	68.85
3265	69.1
3266	69.29
3267	69.21
3268	69.5
3269	69.5
3270	69.67
3271	69.08
3272	69.16
3273	69.21
3274	69.31
3275	69.1
3276	69.21
3277	69.14
3278	69.5
3279	68.89
3280	69.31
3281	69.2
3282	68.78
3283	69.06
3284	68.97
3285	68.97
3286	69.25
3287	69.21
3288	69.62
3289	69.41
3290	69.48
3291	69.04
3292	69.16
3293	69.39
3294	69.29
3295	69.31
3296	69.69
3297	69.41
3298	69.04
3299	69.14
3300	69.18
3301	69.02
3302	69.18
3303	69.65
3304	69.31
3305	69.75
3306	69.67
3307	69.52
3308	69.16
3309	69.23
3310	69.23
3311	69.41
3312	69.5
3313	69.54
3314	69.29
3315	69
3316	68.8
3317	69
3318	69.44
3319	69.46
3320	69.02
3321	69.1
3322	69.16
3323	69.46
3324	69.54
3325	69.5
3326	69.65
3327	69.35
3328	69.88
3329	69.25
3330	69.29
3331	69.21
3332	69.56
3333	69.41
3334	68.81
3335	68.83
3336	68.81
3337	69.52
3338	69.35
3339	69.54
3340	69.84
3341	69.77
3342	69.56
3343	69.5
3344	69.16
3345	69.04
3346	69.23
3347	69.18
3348	69.65
3349	69.5
3350	69.71
3351	69.73
3352	69.73
3353	69.23
3354	69.16
3355	69.27
3356	69.41
3357	69.37
3358	69.35
3359	69.48
3360	69.58
3361	69.73
3362	69.77
3363	69.83
3364	69.44
3365	69
3366	68.87
3367	69.35
3368	69.2
3369	69.14
3370	69.54
3371	69.63
3372	69.44
3373	69.25
3374	69.18
3375	69.37
3376	69.27
3377	69.21
3378	69.41
3379	69.86
3380	69.46
3381	69.33
3382	69.27
3383	69.06
3384	69.08
3385	69.5
3386	69.58
3387	69.23
3388	69.25
3389	69.29
3390	69.31
3391	69.46
3392	69.67
3393	69.1
3394	68.78
3395	69.25
3396	69.06
3397	68.8
3398	69.46
3399	69.41
3400	69.27
3401	68.99
3402	69.35
3403	69.37
3404	69.39
3405	69.73
3406	69.35
3407	69.16
3408	69.52
3409	69.54
3410	69.77
3411	69.9
3412	69.14
3413	69.39
3414	69.6
3415	69.25
3416	69.67
3417	69.12
3418	69.23
3419	69.25
3420	69.1
3421	69.25
3422	69.71
3423	69.84
3424	69.58
3425	69.71
3426	69.52
3427	69.58
3428	69.54
3429	69.46
3430	69.18
3431	69.21
3432	69.1
3433	69.18
3434	69.46
3435	69.84
3436	69.48
3437	69.12
3438	69.41
3439	69.48
3440	69.63
3441	69.83
3442	70.09
3443	69.58
3444	69.63
3445	69.79
3446	69.75
3447	70.09
3448	69.77
3449	69.63
3450	69.62
3451	69.75
3452	70.21
3453	69.35
3454	69.79
3455	69.67
3456	69.69
3457	70.02
3458	69.56
3459	69.62
3460	69.84
3461	69.71
3462	69.25
3463	69.12
3464	69.52
3465	69.5
3466	69.88
3467	69.27
3468	69.46
3469	69.67
3470	69.62
3471	70.21
3472	69.52
3473	69.71
3474	69.65
3475	70
3476	70.03
3477	69.67
3478	69.54
3479	69.94
3480	69.92
3481	69.86
3482	69.54
3483	69.81
3484	69.9
3485	70.45
3486	69.5
3487	69.52
3488	69.83
3489	69.98
3490	69.67
3491	69.58
3492	69.86
3493	69.35
3494	69.81
3495	70.15
3496	69.86
3497	69.75
3498	70.11
3499	70.45
3500	70.47
3501	69.63
3502	70.23
3503	70.21
3504	70.42
3505	69.96
3506	70.3
3507	70.65
3508	70.72
3509	70.32
3510	70.26
3511	70.51
3512	70.7
3513	70.51
3514	70.68
3515	70.7
3516	70.65
3517	70.93
3518	70.8
3519	70.51
3520	70.68
3521	70.65
3522	70.87
3523	70.07
3524	70.38
3525	70.38
3526	70.51
3527	70.66
3528	70.91
3529	70.99
3530	71.08
3531	71.01
3532	71.47
3533	70.72
3534	70.57
3535	70.8
3536	70.97
3537	71.29
3538	71.6
3539	71.08
3540	70.76
3541	71.12
3542	71.08
3543	71.96
3544	70.95
3545	70.8
3546	70.86
3547	71.52
3548	71.41
3549	71.26
3550	71.08
3551	71.01
3552	71.66
3553	71.31
3554	71.43
3555	70.87
3556	71.33
3557	70.68
3558	70.65
3559	71.14
3560	71.18
3561	71.31
3562	71.06
3563	70.93
3564	71.1
3565	71.12
3566	71.33
3567	71.83
3568	71.62
3569	71.12
3570	70.87
3571	71.14
3572	71.14
3573	71.43
3574	71.29
3575	71.26
3576	71.58
3577	71.58
3578	70.82
3579	70.91
3580	70.93
3581	70.95
3582	70.87
3583	71.71
3584	71.18
3585	71.1
3586	71.08
3587	71.39
3588	71.33
3589	71.75
3590	71.41
3591	71.16
3592	71.31
3593	71.29
3594	71.9
3595	71.56
3596	71.05
3597	70.95
3598	71.54
3599	71.29
3600	71.5
3601	72.09
3602	71.45
3603	71.26
3604	71.26
3605	71.22
3606	71.66
3607	71.45
3608	71.48
3609	72.08
3610	71.27
3611	71.22
3612	71.03
3613	71.08
3614	71.35
3615	71.45
3616	71.6
3617	71.52
3618	72
3619	71.81
3620	71.48
3621	71.41
3622	71.45
3623	71.29
3624	71.48
3625	71.45
3626	71.45
3627	71.27
3628	71.2
3629	71.43
3630	71.37
3631	71.2
3632	71.48
3633	71.29
3634	71.43
3635	71.69
3636	71.66
3637	71.85
3638	71.05
3639	71.52
3640	71.62
3641	71.5
3642	71.64
3643	71.66
3644	71.96
3645	71.92
3646	71.75
3647	71.33
3648	71.14
3649	71.06
3650	71.35
3651	71.68
3652	71.94
3653	71.66
3654	71.81
3655	71.71
3656	71.43
3657	71.56
3658	71.43
3659	71.31
3660	71.62
3661	71.64
3662	71.22
3663	71.31
3664	71.12
3665	71.31
3666	71.71
3667	71.73
3668	71.77
3669	71.98
3670	71.18
3671	71.1
3672	71.01
3673	70.99
3674	70.91
3675	71.29
3676	71.24
3677	71.47
3678	71.45
3679	71.68
3680	71.35
3681	71.14
3682	71.1
3683	71.26
3684	71.5
3685	71.31
3686	71.64
3687	71.41
3688	71.29
3689	71.33
3690	71.26
3691	71.27
3692	71.69
3693	71.75
3694	71.43
3695	71.5
3696	70.78
3697	70.84
3698	69.79
3699	69.62
3700	69.65
3701	69.12
3702	69.21
3703	69.18
3704	69.18
3705	69.46
3706	69.21
3707	69
3708	68.64
3709	68.57
3710	68.41
3711	68.6
3712	69.14
3713	68.7
3714	69.58
3715	69.48
3716	69.1
3717	69.06
3718	69.33
3719	69.69
3720	69.62
3721	69.14
3722	69.79
3723	69.83
3724	69.88
3725	70.07
3726	69.65
3727	69.83
3728	69.79
3729	70.26
3730	69.29
3731	69.42
3732	69.48
3733	69.9
3734	69.35
3735	69.75
3736	69.98
3737	69.94
3738	69.86
3739	69.69
3740	70.17
3741	69.9
3742	69.77
3743	70.07
3744	70.23
3745	69.88
3746	69.63
3747	70.09
3748	69.98
3749	69.75
3750	69.67
3751	70.26
3752	70.17
3753	70
3754	70.09
3755	69.9
3756	70.34
3757	70.03
3758	70.13
3759	70.07
3760	70.23
3761	69.79
3762	69.6
3763	70.03
3764	70.09
3765	69.46
3766	69.77
3767	69.94
3768	70.49
3769	69.67
3770	70.21
3771	70.09
3772	70.36
3773	70.23
3774	70.02
3775	70.68
3776	70.72
3777	70.63
3778	69.98
3779	70.36
3780	70.09
3781	70.3
3782	70.28
3783	70.23
3784	70.38
3785	70.19
3786	70.23
3787	69.84
3788	70.13
3789	70.44
3790	70.4
3791	70.28
3792	70.57
3793	69.9
3794	70.15
3795	70.34
3796	69.81
3797	70.13
3798	70.4
3799	70
3800	70.11
3801	70.3
3802	70.61
3803	69.88
3804	70.38
3805	70.03
3806	69.84
3807	70.21
3808	69.9
3809	70.09
3810	69.69
3811	70.32
3812	70.47
3813	70.4
3814	70.19
3815	70.36
3816	70.15
3817	70.19
3818	70.57
3819	70.44
3820	70.03
3821	70.32
3822	70.38
3823	70.15
3824	70.17
3825	70.28
3826	70.47
3827	69.81
3828	69.79
3829	69.9
3830	70.17
3831	70.05
3832	69.86
3833	70.09
3834	70.02
3835	70.4
3836	69.75
3837	70.15
3838	70.02
3839	70.34
3840	70.72
3841	69.94
3842	70.17
3843	70.07
3844	70.07
3845	70.51
3846	70.17
3847	69.9
3848	70.09
3849	70.02
3850	70.45
3851	70.13
3852	70.49
3853	70.11
3854	70.49
3855	70.82
3856	70.34
3857	70.45
3858	70.32
3859	69.94
3860	70.07
3861	70.45
3862	70.24
3863	70.26
3864	70.65
3865	70.82
3866	70.3
3867	69.69
3868	69.69
3869	69.52
3870	69.98
3871	69.88
3872	70.38
3873	70.19
3874	70.49
3875	70.61
3876	70.59
3877	70.55
3878	69.94
3879	69.81
3880	69.81
3881	70.17
3882	70
3883	69.79
3884	69.98
3885	70.26
3886	69.9
3887	70.55
3888	70.36
3889	70.28
3890	70.45
3891	70.68
3892	70.07
3893	70.13
3894	69.92
3895	70.07
3896	70.4
3897	70.59
3898	70.68
3899	70.7
3900	70.44
3901	69.65
3902	70
3903	70.17
3904	70.15
3905	70.34
3906	70.05
3907	70.23
3908	69.9
3909	70.28
3910	70.26
3911	70.26
3912	70.03
3913	69.98
3914	70.32
3915	70.82
3916	70.57
3917	70.32
3918	70.05
3919	70.21
3920	70.51
3921	70.21
3922	70.7
3923	70.63
3924	69.96
3925	70.47
3926	70.17
3927	70.45
3928	70.57
3929	70.11
3930	69.83
3931	70.23
3932	70.32
3933	70.32
3934	70.34
3935	69.96
3936	69.98
3937	69.67
3938	70.02
3939	70.26
3940	70.74
3941	70.59
3942	70.34
3943	70.07
3944	70
3945	70.21
3946	70.17
3947	70.24
3948	70.44
3949	70.07
3950	70.34
3951	70.24
3952	70.7
3953	70.51
3954	69.9
3955	70.11
3956	70.49
3957	70.65
3958	70.44
3959	70.38
3960	70
3961	70.49
3962	70.3
3963	70.32
3964	70.47
3965	70.36
3966	70.09
3967	70.28
3968	70.19
3969	70.59
3970	70.59
3971	70.11
3972	70.19
3973	70.47
3974	70.4
3975	70.53
3976	70.26
3977	70.24
3978	70.65
3979	70.36
3980	70.42
3981	70.72
3982	70.8
3983	71.12
3984	70.28
3985	70.38
3986	70.34
3987	70.82
3988	70.66
3989	71.12
3990	70.68
3991	70.57
3992	70.63
3993	70.72
3994	71.01
3995	70.91
3996	71.12
3997	71.39
3998	70.38
3999	70.63
4000	70.65
4001	70.51
4002	70.87
4003	70.93
4004	70.89
4005	71.05
4006	70.68
4007	70.51
4008	70.89
4009	70.87
4010	71.24
4011	71.1
4012	70.74
4013	70.76
4014	70.86
4015	70.7
4016	71.05
4017	71.37
4018	71.43
4019	70.95
4020	71.1
4021	70.53
4022	70.57
4023	70.89
4024	70.86
4025	71.12
4026	71.29
4027	71.37
4028	70.97
4029	70.49
4030	70.49
4031	70.95
4032	70.72
4033	71.06
4034	70.51
4035	71.16
4036	71.06
4037	71.16
4038	70.78
4039	70.65
4040	70.51
4041	70.74
4042	70.68
4043	70.97
4044	71.05
4045	71.29
4046	71.12
4047	70.99
4048	70.86
4049	71.14
4050	71.18
4051	71.48
4052	71.35
4053	70.99
4054	70.91
4055	71.03
4056	71.2
4057	71.22
4058	71.68
4059	71.56
4060	71.2
4061	71.24
4062	70.91
4063	71.2
4064	71.24
4065	71.05
4066	71.2
4067	71.64
4068	71.31
4069	70.99
4070	70.82
4071	70.72
4072	71.03
4073	71.08
4074	70.91
4075	71.5
4076	71.31
4077	71.33
4078	71.2
4079	71.2
4080	70.97
4081	71.01
4082	71.14
4083	71.05
4084	71.27
4085	71.2
4086	71.58
4087	71.54
4088	71.54
4089	71.48
4090	71.48
4091	71.26
4092	70.91
4093	70.76
4094	70.8
4095	70.89
4096	70.99
4097	71.05
4098	71.16
4099	71.22
4100	71.18
4101	71.22
4102	71.24
4103	71.31
4104	71.37
4105	71.75
4106	71.6
4107	71.5
4108	71.62
4109	71.05
4110	71.06
4111	70.93
4112	70.91
4113	71.24
4114	71.33
4115	71.08
4116	71.16
4117	71.18
4118	71.1
4119	71.14
4120	71.1
4121	71.16
4122	71.43
4123	71.06
4124	70.99
4125	70.76
4126	71.03
4127	71.01
4128	71.12
4129	71.48
4130	71.54
4131	71.45
4132	71.41
4133	71.14
4134	71.29
4135	71.29
4136	71.03
4137	71.2
4138	71.29
4139	71.58
4140	71.68
4141	71.58
4142	71.08
4143	71.45
4144	71.29
4145	71.62
4146	71.01
4147	71.31
4148	71.29
4149	71.66
4150	71.37
4151	71.33
4152	71.43
4153	71.31
4154	70.93
4155	70.7
4156	70.93
4157	71.45
4158	70.95
4159	71.06
4160	71.31
4161	71.22
4162	70.95
4163	71.24
4164	71.37
4165	70.99
4166	71.06
4167	71.16
4168	71.18
4169	70.86
4170	71.05
4171	70.76
4172	70.02
4173	69.81
4174	70.03
4175	70.11
4176	69.5
4177	69.37
4178	69.84
4179	69.44
4180	69.18
4181	69.29
4182	69.31
4183	68.81
4184	68.59
4185	69.48
4186	68.91
4187	68.8
4188	69.33
4189	69.2
4190	68.99
4191	69.33
4192	69.04
4193	69.5
4194	69.27
4195	69.86
4196	69.2
4197	69.77
4198	69.65
4199	69.69
4200	69.88
4201	70.28
4202	69.75
4203	70.17
4204	69.62
4205	70.07
4206	70.44
4207	69.77
4208	69.96
4209	70.17
4210	69.79
4211	70.07
4212	69.9
4213	69.83
4214	69.48
4215	69.6
4216	69.81
4217	70.38
4218	70.05
4219	69.71
4220	70.11
4221	70.34
4222	69.71
4223	69.75
4224	70.23
4225	70.66
4226	70.11
4227	70.09
4228	70.02
4229	70.32
4230	70.57
4231	70.68
4232	69.94
4233	70
4234	69.88
4235	70.26
4236	70.4
4237	70.53
4238	70.42
4239	70.07
4240	70.24
4241	70.42
4242	70.57
4243	70.68
4244	70.59
4245	70.09
4246	70.05
4247	70.55
4248	70.57
4249	70.28
4250	70.78
4251	70.7
4252	69.65
4253	69.94
4254	70.38
4255	70.32
4256	70.09
4257	70.13
4258	70.36
4259	70.11
4260	69.86
4261	69.79
4262	70.26
4263	70.03
4264	70.13
4265	70.19
4266	70.03
4267	69.65
4268	69.83
4269	70.19
4270	69.81
4271	69.77
4272	70
4273	70.23
4274	70.19
4275	70.42
4276	70.51
4277	70.61
4278	70.45
4279	70.02
4280	70.02
4281	70.15
4282	70.15
4283	69.92
4284	69.79
4285	69.86
4286	70.32
4287	70.23
4288	70.05
4289	69.9
4290	69.67
4291	70.11
4292	69.98
4293	69.58
4294	70
4295	69.9
4296	70.11
4297	70.21
4298	70.09
4299	70.47
4300	70.45
4301	70.28
4302	69.94
4303	69.65
4304	70.07
4305	69.96
4306	70.23
4307	70.24
4308	70.07
4309	70.32
4310	70.47
4311	70.53
4312	70.8
4313	70.36
4314	70.45
4315	70.28
4316	70.44
4317	69.88
4318	70.21
4319	70.44
4320	70.03
4321	70
4322	69.98
4323	69.98
4324	70.07
4325	70.02
4326	70.03
4327	70.34
4328	70.26
4329	70.15
4330	70.26
4331	70.11
4332	70.24
4333	70.4
4334	70.02
4335	70
4336	69.84
4337	69.92
4338	70.23
4339	70.17
4340	70.15
4341	70.34
4342	70.51
4343	70.28
4344	70.55
4345	70.03
4346	70.02
4347	70.02
4348	69.79
4349	69.88
4350	70.19
4351	70.17
4352	70.19
4353	70.05
4354	70.53
4355	69.96
4356	69.81
4357	69.75
4358	69.73
4359	69.84
4360	69.94
4361	69.92
4362	70.09
4363	70.09
4364	69.98
4365	69.92
4366	69.92
4367	69.96
4368	70.17
4369	70.13
4370	69.94
4371	70.19
4372	70.19
4373	70.07
4374	69.94
4375	69.88
4376	70.13
4377	70.42
4378	70.55
4379	70.11
4380	69.9
4381	69.83
4382	70.24
4383	70.19
4384	70.42
4385	70.23
4386	69.71
4387	70.07
4388	69.86
4389	70.23
4390	69.96
4391	70.57
4392	70.19
4393	69.84
4394	69.98
4395	70.15
4396	70.55
4397	70.45
4398	70.15
4399	70.17
4400	70.15
4401	70.05
4402	70.13
4403	70.05
4404	69.84
4405	69.75
4406	69.88
4407	70.15
4408	70.03
4409	70.42
4410	70.38
4411	70.28
4412	69.69
4413	69.88
4414	70.07
4415	70.34
4416	70.36
4417	70.51
4418	70.09
4419	70.21
4420	70.28
4421	70.34
4422	70.13
4423	70.49
4424	70.45
4425	70.21
4426	70.03
4427	69.92
4428	70.07
4429	70.09
4430	70.26
4431	70.13
4432	70.47
4433	69.67
4434	69.75
4435	69.71
4436	69.52
4437	69.96
4438	70.24
4439	70.38
4440	70.26
4441	70.03
4442	69.84
4443	70.05
4444	70.3
4445	70.09
4446	70.66
4447	70.76
4448	70.59
4449	70.49
4450	69.94
4451	70.51
4452	70.57
4453	70.55
4454	71.05
4455	70.89
4456	70.26
4457	70.49
4458	70.51
4459	70.53
4460	71.01
4461	70.59
4462	70.36
4463	70.36
4464	70.51
4465	70.66
4466	70.61
4467	70.44
4468	70.74
4469	70.26
4470	70.51
4471	70.49
4472	70.59
4473	70.84
4474	71.12
4475	70.59
4476	70.61
4477	70.63
4478	70.66
4479	70.78
4480	71.1
4481	71.24
4482	70.91
4483	70.51
4484	70.95
4485	70.93
4486	71.12
4487	71.06
4488	71.01
4489	70.68
4490	70.7
4491	71.12
4492	70.99
4493	71.1
4494	70.87
4495	70.51
4496	70.95
4497	71.1
4498	71.37
4499	71.24
4500	70.87
4501	70.38
4502	70.7
4503	70.63
4504	70.74
4505	70.84
4506	70.72
4507	70.53
4508	70.74
4509	70.76
4510	70.8
4511	71.05
4512	71.27
4513	71.2
4514	70.74
4515	70.59
4516	70.89
4517	71.14
4518	70.95
4519	71.1
4520	71.41
4521	70.82
4522	70.74
4523	70.51
4524	70.84
4525	71.12
4526	70.84
4527	71.1
4528	71.26
4529	71.2
4530	71.29
4531	70.59
4532	70.53
4533	70.66
4534	70.76
4535	71.03
4536	71.06
4537	70.93
4538	71.18
4539	71.14
4540	71.03
4541	70.99
4542	70.57
4543	71.14
4544	71.05
4545	70.87
4546	70.97
4547	71.05
4548	71.08
4549	71.31
4550	71.66
4551	71.1
4552	71.2
4553	70.89
4554	70.86
4555	70.68
4556	70.87
4557	70.91
4558	70.91
4559	71.06
4560	70.87
4561	70.89
4562	70.42
4563	70.59
4564	70.76
4565	70.78
4566	71.27
4567	71.05
4568	71.08
4569	70.99
4570	71.16
4571	71.45
4572	71.37
4573	71.56
4574	71.39
4575	71.5
4576	71.08
4577	71.08
4578	70.87
4579	70.91
4580	71.1
4581	71.29
4582	71.27
4583	71.14
4584	71.29
4585	71.54
4586	71.54
4587	71.43
4588	71.2
4589	71.2
4590	71.06
4591	71.12
4592	71.27
4593	71.12
4594	71.35
4595	71.26
4596	71.14
4597	70.95
4598	70.65
4599	70.89
4600	71.08
4601	70.91
4602	71.22
4603	71.37
4604	71.35
4605	70.91
4606	70.66
4607	70.99
4608	71.41
4609	71.37
4610	71.14
4611	70.65
4612	71.03
4613	71.26
4614	71.37
4615	71.14
4616	70.99
4617	71.1
4618	71.37
4619	71.66
4620	70.87
4621	70.84
4622	70.84
4623	71.05
4624	70.95
4625	70.51
4626	70.24
4627	70.95
4628	71.06
4629	70.3
4630	70.17
4631	70.66
4632	71.2
4633	70.44
4634	70.65
4635	70.97
4636	71.39
4637	71.03
4638	71.08
4639	70.61
4640	70.99
4641	71.33
4642	71.03
4643	70.76
4644	70.51
4645	70.8
4646	70.51
4647	70.68
4648	69.71
4649	69.86
4650	69.75
4651	69.56
4652	69.6
4653	69.92
4654	69.06
4655	69.08
4656	69.2
4657	69.14
4658	69.41
4659	69.46
4660	69.14
4661	68.87
4662	69.06
4663	69.44
4664	69.94
4665	69.08
4666	69.21
4667	69.46
4668	69.5
4669	70.17
4670	69.6
4671	69.73
4672	69.25
4673	69.73
4674	69.65
4675	69.9
4676	69.92
4677	69.54
4678	69.46
4679	69.39
4680	69.63
4681	69.92
4682	69.58
4683	69.67
4684	69.84
4685	69.75
4686	70.26
4687	69.84
4688	69.96
4689	69.96
4690	70.17
4691	69.94
4692	70
4693	70.03
4694	70.09
4695	70.53
4696	70.03
4697	69.94
4698	69.98
4699	70.36
4700	70.3
4701	69.92
4702	69.84
4703	70.32
4704	70.11
4705	70.42
4706	69.75
4707	70.15
4708	70.19
4709	70.17
4710	70.53
4711	69.79
4712	69.67
4713	69.54
4714	69.98
4715	69.86
4716	69.86
4717	69.42
4718	69.44
4719	69.83
4720	69.96
4721	70.02
4722	70.21
4723	70.38
4724	69.88
4725	70.19
4726	70.3
4727	70.53
4728	69.71
4729	70.02
4730	70.11
4731	70.55
4732	70.19
4733	69.83
4734	70.15
4735	70.21
4736	70.23
4737	70.05
4738	70.03
4739	69.96
4740	70.02
4741	70.26
4742	70.34
4743	70.3
4744	69.71
4745	70
4746	70.24
4747	70.24
4748	70.68
4749	70.38
4750	70.07
4751	69.96
4752	70.32
4753	70.15
4754	70.34
4755	70.47
4756	70.42
4757	69.98
4758	69.84
4759	69.86
4760	69.98
4761	70.53
4762	70.42
4763	70.44
4764	70.02
4765	70.21
4766	70.3
4767	69.83
4768	70.02
4769	69.81
4770	70.05
4771	70
4772	69.96
4773	69.65
4774	70.03
4775	70.23
4776	70.02
4777	69.92
4778	70.17
4779	70.51
4780	70.57
4781	70.24
4782	70.03
4783	69.88
4784	70.24
4785	70.11
4786	70.47
4787	70.38
4788	70.36
4789	70.05
4790	69.98
4791	69.98
4792	69.94
4793	69.79
4794	70.02
4795	70.28
4796	70.4
4797	70.36
4798	69.92
4799	69.81
4800	69.73
4801	69.79
4802	70.03
4803	70.02
4804	70.36
4805	70.57
4806	70.68
4807	69.96
4808	70.17
4809	70.05
4810	70.19
4811	70.32
4812	70.17
4813	70.45
4814	70.24
4815	70.44
4816	70.57
4817	70.57
4818	70.66
4819	70.57
4820	70.53
4821	70.05
4822	70.26
4823	70.19
4824	70.32
4825	70.82
4826	70.66
4827	70.68
4828	70.4
4829	70.32
4830	69.81
4831	69.84
4832	69.96
4833	69.84
4834	70.03
4835	69.9
4836	70.13
4837	69.96
4838	70.02
4839	70.49
4840	70.3
4841	70.53
4842	70.23
4843	70.21
4844	69.88
4845	69.96
4846	70.02
4847	69.83
4848	70.26
4849	70.21
4850	70.21
4851	70.23
4852	70.03
4853	69.98
4854	69.77
4855	69.48
4856	69.96
4857	69.88
4858	69.96
4859	70.13
4860	70.03
4861	70.28
4862	70.44
4863	70.28
4864	70.21
4865	70
4866	70.15
4867	69.98
4868	70.02
4869	69.96
4870	70.09
4871	70.15
4872	70.28
4873	70.02
4874	70.32
4875	70.21
4876	70.68
4877	70.57
4878	70.72
4879	70.24
4880	70.26
4881	69.83
4882	70.07
4883	70.24
4884	70.05
4885	70.26
4886	70.02
4887	69.9
4888	70.24
4889	70.24
4890	70.02
4891	70.19
4892	69.65
4893	70.15
4894	70.11
4895	70.02
4896	70.23
4897	70.28
4898	70.32
4899	70.38
4900	70.63
4901	70.23
4902	69.92
4903	69.92
4904	70.05
4905	70.17
4906	70.3
4907	70.55
4908	70.47
4909	69.84
4910	69.9
4911	70.32
4912	70.05
4913	70.02
4914	70.28
4915	70.66
4916	70.45
4917	70.21
4918	70.17
4919	70.44
4920	70.28
4921	70.28
4922	70.28
4923	70.02
4924	70.78
4925	70.51
4926	70.13
4927	70.42
4928	70.51
4929	70.78
4930	69.98
4931	70.45
4932	70.65
4933	71.12
4934	70.45
4935	70.3
4936	70.76
4937	71.03
4938	70.66
4939	70.82
4940	70.89
4941	71.08
4942	70.68
4943	70.84
4944	70.8
4945	70.51
4946	70.97
4947	70.89
4948	71.03
4949	70.49
4950	70.87
4951	71.03
4952	71.18
4953	70.68
4954	71.24
4955	71.18
4956	70.82
4957	70.74
4958	71.33
4959	70.63
4960	71.01
4961	71.14
4962	70.76
4963	70.13
4964	70.76
4965	70.91
4966	70.24
4967	70.74
4968	71.2
4969	70.42
4970	70.53
4971	70.86
4972	71.08
4973	70.84
4974	70.66
4975	70.8
4976	71.12
4977	70.61
4978	70.99
4979	71.06
4980	70.57
4981	70.65
4982	71.35
4983	70.51
4984	70.86
4985	70.89
4986	71.29
4987	70.76
4988	70.82
4989	71.14
4990	71.5
4991	70.95
4992	71.1
4993	71.39
4994	70.91
4995	70.99
4996	71.1
4997	70.89
4998	70.82
4999	71.05
5000	71.18
5001	70.7
5002	70.89
5003	71.06
5004	71.41
5005	70.78
5006	71.1
5007	71.22
5008	70.82
5009	70.76
5010	71.16
5011	71.35
5012	70.93
5013	71.01
5014	71.05
5015	71.03
5016	70.93
5017	71.1
5018	71.14
5019	70.72
5020	71.39
5021	70.97
5022	70.55
5023	70.72
5024	71.12
5025	70.82
5026	70.8
5027	71.37
5028	70.74
5029	70.89
5030	70.89
5031	71.54
5032	70.78
5033	71.06
5034	71.18
5035	70.8
5036	70.87
5037	71.14
5038	71.48
5039	70.93
5040	70.97
5041	71.24
5042	70.97
5043	70.95
5044	70.87
5045	71.33
5046	71.43
5047	70.42
5048	70.61
5049	70.95
5050	71.27
5051	70.82
5052	70.8
5053	71.12
5054	71.08
5055	70.51
5056	70.95
5057	71.26
5058	71.1
5059	70.72
5060	70.82
5061	71.05
5062	71.48
5063	71.37
5064	70.8
5065	70.99
5066	71.43
5067	71.5
5068	71.2
5069	70.95
5070	71.01
5071	70.93
5072	71.29
5073	71.37
5074	71.37
5075	71.08
5076	71.2
5077	71.24
5078	71.48
5079	70.97
5080	70.49
5081	70.45
5082	70.86
5083	70.82
5084	70.87
5085	70.97
5086	71.14
5087	71.08
5088	71.06
5089	71.14
5090	71.01
5091	71.06
5092	70.78
5093	70.87
5094	70.66
5095	70.51
5096	70.49
5097	70.53
5098	70.45
5099	69.94
5100	70.17
5101	70.05
5102	70.36
5103	70.59
5104	70.38
5105	70.74
5106	70.93
5107	70.91
5108	71.1
5109	70.49
5110	70.72
5111	70.51
5112	70.91
5113	70.76
5114	70.93
5115	70.72
5116	71.14
5117	71.01
5118	70.45
5119	70.61
5120	70.42
5121	70.13
5122	69.67
5123	69.98
5124	69.39
5125	69.6
5126	69.54
5127	69.37
5128	69.25
5129	69.35
5130	69.39
5131	69.27
5132	69.44
5133	69.5
5134	69.33
5135	68.97
5136	68.99
5137	69.08
5138	69.29
5139	69.37
5140	69.35
5141	69.67
5142	69.54
5143	69.81
5144	69.81
5145	69.84
5146	70.02
5147	70.07
5148	69.65
5149	69.83
5150	69.79
5151	69.84
5152	70
5153	70.26
5154	70.21
5155	70.38
5156	70.21
5157	69.81
5158	69.81
5159	69.62
5160	69.9
5161	69.73
5162	70.09
5163	70.21
5164	70.15
5165	70.28
5166	70.32
5167	69.65
5168	69.56
5169	69.65
5170	69.27
5171	69.6
5172	69.92
5173	69.79
5174	70.23
5175	70.42
5176	69.67
5177	69.86
5178	69.77
5179	69.84
5180	69.94
5181	70.15
5182	70.28
5183	70.45
5184	70.36
5185	69.98
5186	69.69
5187	69.83
5188	70.03
5189	70
5190	70.57
5191	70.3
5192	69.71
5193	69.96
5194	69.98
5195	70.02
5196	70.36
5197	70.26
5198	70.49
5199	70.09
5200	69.96
5201	69.81
5202	70.05
5203	70.13
5204	70.15
5205	70.09
5206	70.07
5207	70.36
5208	70.17
5209	69.75
5210	69.84
5211	69.92
5212	69.92
5213	69.77
5214	69.83
5215	69.96
5216	70.17
5217	69.98
5218	70.26
5219	70.51
5220	70.23
5221	69.77
5222	70.03
5223	70.32
5224	70.05
5225	70.57
5226	70.34
5227	69.83
5228	70.11
5229	70.07
5230	70.21
5231	70.07
5232	70.45
5233	70.21
5234	69.84
5235	69.65
5236	69.96
5237	69.9
5238	69.88
5239	70.3
5240	70.02
5241	69.5
5242	69.6
5243	69.75
5244	70.03
5245	70.23
5246	70.44
5247	70.21
5248	70.15
5249	69.84
5250	70.02
5251	70.07
5252	70.23
5253	70.15
5254	70.38
5255	70.34
5256	69.77
5257	69.94
5258	69.79
5259	70
5260	70.24
5261	69.94
5262	70.51
5263	70.38
5264	70.32
5265	69.94
5266	69.9
5267	69.73
5268	69.63
5269	70.03
5270	70.13
5271	70.17
5272	70.09
5273	69.62
5274	69.86
5275	70.23
5276	70.09
5277	70.09
5278	70.4
5279	70.59
5280	70.3
5281	70.86
5282	70.17
5283	69.88
5284	70.19
5285	70.02
5286	69.96
5287	70.11
5288	69.84
5289	70.26
5290	69.83
5291	70.09
5292	70.03
5293	70.28
5294	70.13
5295	70.09
5296	69.96
5297	70.17
5298	70.28
5299	70.05
5300	70.07
5301	70.03
5302	70.15
5303	69.98
5304	70.28
5305	70.23
5306	70.21
5307	70.02
5308	70
5309	69.86
5310	69.88
5311	70.07
5312	69.79
5313	69.79
5314	70.03
5315	70.24
5316	70.3
5317	70.02
5318	70.03
5319	69.88
5320	70.15
5321	69.84
5322	70.11
5323	70.13
5324	70.23
5325	70.51
5326	70.34
5327	69.81
5328	69.77
5329	69.84
5330	69.98
5331	70.07
5332	69.96
5333	70.26
5334	70
5335	69.96
5336	69.81
5337	69.77
5338	69.81
5339	70.05
5340	70.13
5341	70.26
5342	69.9
5343	69.9
5344	69.79
5345	69.98
5346	70.11
5347	69.62
5348	69.73
5349	69.77
5350	70.05
5351	70.34
5352	69.84
5353	69.77
5354	69.94
5355	70.07
5356	70
5357	69.84
5358	70.02
5359	70.09
5360	70.45
5361	70
5362	69.88
5363	70.05
5364	70.28
5365	70.17
5366	69.83
5367	70.05
5368	70.11
5369	70.45
5370	69.81
5371	70.17
5372	70.26
5373	70.47
5374	69.96
5375	70
5376	70.17
5377	70.53
5378	69.98
5379	69.71
5380	70.09
5381	70.4
5382	69.46
5383	69.62
5384	69.9
5385	70.07
5386	69.5
5387	69.98
5388	70.34
5389	69.96
5390	70.28
5391	70.15
5392	70.24
5393	70.09
5394	69.94
5395	70.09
5396	70.49
5397	70.42
5398	70.03
5399	70.15
5400	70.53
5401	70.36
5402	70.05
5403	70.49
5404	70.68
5405	70.21
5406	70.49
5407	70.86
5408	70.07
5409	70.44
5410	70.74
5411	70.44
5412	70.45
5413	70.68
5414	70.93
5415	70.3
5416	70.57
5417	70.78
5418	70.78
5419	70.42
5420	70.76
5421	70.82
5422	70.57
5423	70.68
5424	70.74
5425	70.99
5426	70.4
5427	70.53
5428	70.68
5429	71.37
5430	70.51
5431	70.89
5432	70.59
5433	71.14
5434	70.89
5435	70.8
5436	70.63
5437	70.78
5438	70.65
5439	70.32
5440	70.38
5441	70.38
5442	70.66
5443	69.98
5444	70.59
5445	70.87
5446	70.45
5447	70.11
5448	70.59
5449	70.95
5450	70.51
5451	70.4
5452	70.86
5453	70.97
5454	70.4
5455	70.61
5456	70.53
5457	70.97
5458	70.36
5459	70.65
5460	71.06
5461	70.34
5462	70.65
5463	70.74
5464	70.28
5465	70.91
5466	70.97
5467	70.47
5468	70.68
5469	70.95
5470	70.49
5471	70.55
5472	70.72
5473	70.59
5474	70.26
5475	70.61
5476	70.82
5477	70.44
5478	70.72
5479	70.57
5480	71.05
5481	70.49
5482	70.86
5483	71.16
5484	70.65
5485	70.38
5486	70.76
5487	71.41
5488	71.01
5489	70.49
5490	71.03
5491	70.95
5492	70.99
5493	71.14
5494	70.4
5495	70.65
5496	70.74
5497	70.72
5498	71.18
5499	71.16
5500	70.72
5501	70.91
5502	71.06
5503	71.29
5504	70.4
5505	70.68
5506	70.68
5507	70.38
5508	70.99
5509	70.91
5510	70.44
5511	70.4
5512	70.74
5513	70.8
5514	70.91
5515	71.01
5516	71.12
5517	71.27
5518	70.55
5519	70.76
5520	70.61
5521	70.95
5522	70.93
5523	71.1
5524	71.18
5525	71.27
5526	71.03
5527	70.38
5528	70.57
5529	70.55
5530	70.57
5531	70.51
5532	70.44
5533	70.49
5534	70.82
5535	70.68
5536	71.2
5537	70.95
5538	70.84
5539	70.95
5540	71.12
5541	71.26
5542	70.8
5543	70.95
5544	70.78
5545	70.63
5546	70.86
5547	70.74
5548	70.86
5549	71.22
5550	71.29
5551	70.99
5552	71.05
5553	71.29
5554	71.45
5555	70.8
5556	70.86
5557	70.59
5558	70.66
5559	70.82
5560	70.97
5561	71.01
5562	71.2
5563	71.14
5564	70.51
5565	70.42
5566	70.78
5567	70.72
5568	70.63
5569	70.99
5570	71.01
5571	71.14
5572	71.12
5573	71.03
5574	70.8
5575	70.42
5576	70.86
5577	70.55
5578	70.76
5579	70.91
5580	71.26
5581	71.27
5582	71.5
5583	70.95
5584	70.63
5585	70.68
5586	70.49
5587	70.89
5588	70.45
5589	70.45
5590	70
5591	69.92
5592	69.98
5593	69.81
5594	69.79
5595	69.29
5596	69.39
5597	69
5598	68.81
5599	69.2
5600	68.95
5601	69.21
5602	69.23
5603	69.35
5604	68.95
5605	69.06
5606	68.8
5607	68.83
5608	69.02
5609	69.41
5610	69.48
5611	69.29
5612	69.56
5613	69.62
5614	69.42
5615	69.65
5616	69.67
5617	69.48
5618	69.41
5619	69.42
5620	69.08
5621	69.2
5622	69.04
5623	69.18
5624	69.42
5625	69.69
5626	69.67
5627	69.5
5628	69.9
5629	69.75
5630	69.77
5631	69.73
5632	69.84
5633	70.34
5634	70.3
5635	70.09
5636	69.96
5637	69.98
5638	69.48
5639	69.88
5640	69.63
5641	69.79
5642	69.77
5643	69.98
5644	69.88
5645	70.02
5646	70.11
5647	70.11
5648	69.6
5649	69.62
5650	69.69
5651	69.71
5652	69.86
5653	70.15
5654	70.21
5655	70.34
5656	70.17
5657	69.58
5658	69.75
5659	69.39
5660	69.56
5661	69.83
5662	69.88
5663	69.58
5664	69.67
5665	69.37
5666	69.88
5667	69.67
5668	69.88
5669	69.71
5670	70.11
5671	70.09
5672	70.21
5673	69.86
5674	69.63
5675	69.73
5676	69.88
5677	69.73
5678	70
5679	70.28
5680	70
5681	69.52
5682	69.69
5683	69.62
5684	69.84
5685	70.02
5686	70
5687	70.34
5688	70.3
5689	70.24
5690	69.73
5691	69.48
5692	69.75
5693	69.52
5694	69.83
5695	69.96
5696	70.03
5697	69.69
5698	69.54
5699	69.73
5700	69.96
5701	69.63
5702	70.15
5703	69.79
5704	69.63
5705	69.42
5706	69.88
5707	69.96
5708	70.26
5709	69.79
5710	69.84
5711	69.54
5712	69.69
5713	70
5714	70.28
5715	69.75
5716	69.83
5717	69.94
5718	69.96
5719	69.94
5720	70.24
5721	69.63
5722	69.98
5723	69.92
5724	69.86
5725	70.09
5726	70.15
5727	69.98
5728	69.54
5729	69.42
5730	70.03
5731	69.9
5732	69.6
5733	69.52
5734	69.65
5735	70.19
5736	69.63
5737	69.56
5738	69.69
5739	70.09
5740	69.92
5741	69.5
5742	69.75
5743	69.75
5744	69.58
5745	69.81
5746	69.86
5747	69.83
5748	70.44
5749	69.5
5750	69.98
5751	69.88
5752	70.09
5753	69.56
5754	69.88
5755	70.11
5756	69.67
5757	69.96
5758	69.98
5759	69.5
5760	69.44
5761	69.31
5762	69.94
5763	69.35
5764	69.79
5765	69.77
5766	70.3
5767	69.46
5768	70.02
5769	69.67
5770	70.17
5771	69.56
5772	70.05
5773	70.15
5774	69.48
5775	69.92
5776	69.9
5777	70.23
5778	69.54
5779	69.65
5780	69.88
5781	70.07
5782	69.46
5783	69.73
5784	69.56
5785	70.15
5786	69.9
5787	69.65
5788	69.77
5789	69.48
5790	69.71
5791	69.37
5792	69.5
5793	69.5
5794	69.75
5795	69.33
5796	69.65
5797	69.63
5798	69.98
5799	69.88
5800	69.73
5801	69.69
5802	69.84
5803	70.02
5804	69.39
5805	69.58
5806	69.88
5807	69.86
5808	70
5809	69.71
5810	69.35
5811	69.79
5812	69.81
5813	69.81
5814	70.13
5815	69.67
5816	69.52
5817	69.65
5818	70.05
5819	69.96
5820	69.9
5821	69.52
5822	69.18
5823	69.5
5824	69.65
5825	69.83
5826	69.73
5827	69.44
5828	69.52
5829	69.41
5830	69.84
5831	69.9
5832	70.09
5833	70.02
5834	69.58
5835	69.71
5836	69.46
5837	69.79
5838	70
5839	69.92
5840	70.17
5841	69.79
5842	69.5
5843	69.52
5844	69.54
5845	69.84
5846	69.77
5847	70.02
5848	69.84
5849	70.03
5850	70.23
5851	69.56
5852	69.46
5853	69.41
5854	69.18
5855	69.63
5856	69.5
5857	69.77
5858	69.62
5859	70.05
5860	70.09
5861	69.81
5862	69.69
5863	69.83
5864	69.9
5865	69.58
5866	69.84
5867	69.79
5868	70.03
5869	70.28
5870	70.28
5871	70.26
5872	69.83
5873	69.9
5874	70
5875	70.23
5876	70.3
5877	70
5878	70.28
5879	70.49
5880	70.49
5881	70.51
5882	70.49
5883	70.63
5884	70.36
5885	70.47
5886	70.17
5887	70.09
5888	70.36
5889	70.34
5890	70.4
5891	70.66
5892	70.87
5893	70.47
5894	70.38
5895	70.17
5896	70.32
5897	70.45
5898	70.26
5899	70.45
5900	70.34
5901	70.74
5902	70.86
5903	70.66
5904	70.78
5905	70.8
5906	70.4
5907	69.9
5908	70.26
5909	70.28
5910	70.17
5911	70.28
5912	70.44
5913	70.17
5914	70.3
5915	70.59
5916	70.45
5917	70.34
5918	70.34
5919	70.4
5920	70.17
5921	70.28
5922	70.11
5923	70.11
5924	70.51
5925	70.57
5926	70.49
5927	70.47
5928	70.45
5929	70.78
5930	71.03
5931	70.78
5932	70.89
5933	70.84
5934	70.51
5935	70.63
5936	70.34
5937	70.53
5938	70.4
5939	70.65
5940	70.59
5941	70.65
5942	70.44
5943	70.4
5944	70.47
5945	70.45
5946	70.47
5947	70.49
5948	70.45
5949	70.55
5950	70.32
5951	70.19
5952	70.44
5953	70.53
5954	70.4
5955	70.59
5956	70.7
5957	70.95
5958	70.87
5959	70.91
5960	70.59
5961	70.17
5962	70.32
5963	70.47
5964	70.59
5965	70.66
5966	70.74
5967	70.89
5968	70.72
5969	70.19
5970	70.15
5971	70.15
5972	70.53
5973	70.59
5974	70.49
5975	70.97
5976	70.8
5977	70.82
5978	70.32
5979	70.45
5980	70.53
5981	70.36
5982	70.72
5983	71.03
5984	70.99
5985	70.66
5986	70.49
5987	70.59
5988	70.53
5989	70.89
5990	70.59
5991	70.26
5992	70.82
5993	70.57
5994	70.97
5995	71.03
5996	70.78
5997	70.42
5998	70.51
5999	70.76
6000	70.99
6001	70.87
6002	70.42
6003	70.42
6004	70.66
6005	70.65
6006	70.84
6007	70.59
6008	70.34
6009	70.74
6010	70.59
6011	70.84
6012	70.57
6013	70.72
6014	70.65
6015	70.87
6016	70.63
6017	70.74
6018	70.84
6019	71.01
6020	70.68
6021	70.61
6022	70.78
6023	70.63
6024	70.76
6025	70.65
6026	70.89
6027	70.51
6028	70.59
6029	70.42
6030	70.32
6031	70.72
6032	70.4
6033	70.44
6034	70.53
6035	71.01
6036	70.76
6037	70.63
6038	70.78
6039	70.21
6040	70.68
6041	70.47
6042	70.68
6043	70.53
6044	70.78
6045	70.53
6046	70.3
6047	70.32
6048	70.66
6049	70.59
6050	70.65
6051	70.86
6052	71.18
6053	70.86
6054	70.38
6055	70.44
6056	70.57
6057	70.3
6058	70.66
6059	70.51
6060	70.53
6061	70.38
6062	70.51
6063	70.42
6064	70.19
6065	69.69
6066	69.58
6067	69.21
6068	69.33
6069	69.5
6070	69.16
6071	69.29
6072	69.46
6073	69.33
6074	69.02
6075	68.85
6076	68.62
6077	68.38
6078	68.47
6079	68.78
6080	68.57
6081	68.62
6082	69.1
6083	69.29
6084	68.81
6085	68.76
6086	69.02
6087	69.04
6088	69.06
6089	69.25
6090	69.54
6091	69.46
6092	69.35
6093	69.29
6094	68.93
6095	69.5
6096	69.39
6097	69.52
6098	69.54
6099	69.39
6100	69.96
6101	69.56
6102	69.58
6103	69.31
6104	69.37
6105	69.84
6106	69.71
6107	69.75
6108	69.65
6109	70.07
6110	69.81
6111	69.62
6112	69.35
6113	69.44
6114	69.29
6115	69.1
6116	69.42
6117	69.65
6118	69.88
6119	69.77
6120	70.11
6121	70.07
6122	69.9
6123	69.31
6124	69.62
6125	69.71
6126	69.65
6127	69.75
6128	69.71
6129	69.83
6130	69.88
6131	70.21
6132	69.75
6133	69.63
6134	69.56
6135	69.63
6136	69.2
6137	69.5
6138	69.41
6139	69.56
6140	69.71
6141	69.67
6142	69.84
6143	70.02
6144	70.21
6145	70.13
6146	69.77
6147	69.48
6148	69.56
6149	69.29
6150	69.56
6151	69.75
6152	69.54
6153	69.86
6154	69.54
6155	69.75
6156	69.79
6157	69.6
6158	70
6159	69.79
6160	70.23
6161	69.98
6162	70.09
6163	69.77
6164	69.56
6165	69.44
6166	69.73
6167	69.73
6168	69.75
6169	69.71
6170	69.84
6171	69.71
6172	70.23
6173	70.11
6174	70.03
6175	69.69
6176	69.52
6177	69.46
6178	69.2
6179	69.52
6180	69.67
6181	69.6
6182	69.77
6183	69.81
6184	69.65
6185	69.29
6186	69.58
6187	69.5
6188	69.73
6189	69.63
6190	69.79
6191	69.81
6192	70.03
6193	70.38
6194	70.02
6195	69.81
6196	69.44
6197	69.67
6198	69.67
6199	69.62
6200	69.2
6201	69.42
6202	69.18
6203	69
6204	69
6205	69.02
6206	68.89
6207	69.02
6208	69.2
6209	69.42
6210	69.23
6211	69.63
6212	69.62
6213	69.92
6214	69.75
6215	69.35
6216	69.41
6217	69.77
6218	69.81
6219	69.81
6220	69.81
6221	69.56
6222	69.52
6223	69.42
6224	69.84
6225	69.79
6226	69.84
6227	69.94
6228	69.69
6229	69.75
6230	69.69
6231	69.71
6232	70.03
6233	69.86
6234	69.58
6235	69.63
6236	69.96
6237	70.07
6238	69.92
6239	69.69
6240	69.96
6241	70.05
6242	70.21
6243	69.75
6244	69.81
6245	69.75
6246	70.15
6247	69.35
6248	69.58
6249	69.79
6250	69.98
6251	69.75
6252	69.75
6253	69.81
6254	70.26
6255	69.35
6256	69.92
6257	69.96
6258	69.79
6259	69.75
6260	69.86
6261	70.24
6262	69.58
6263	69.56
6264	70.09
6265	69.42
6266	69.29
6267	70.03
6268	69.58
6269	69.62
6270	69.71
6271	70.07
6272	69.69
6273	69.69
6274	69.73
6275	70.26
6276	69.9
6277	69.69
6278	69.81
6279	69.58
6280	70.13
6281	69.58
6282	69.9
6283	69.83
6284	70.23
6285	69.86
6286	69.86
6287	70.03
6288	69.94
6289	69.71
6290	69.88
6291	70.3
6292	69.71
6293	69.48
6294	70.03
6295	69.67
6296	69.21
6297	69.81
6298	69.42
6299	69.65
6300	69.46
6301	69.79
6302	69.75
6303	69.79
6304	69.65
6305	69.69
6306	69.92
6307	70.17
6308	69.6
6309	69.69
6310	69.77
6311	69.79
6312	69.62
6313	69.39
6314	69.81
6315	69.83
6316	70.17
6317	69.42
6318	69.86
6319	69.71
6320	70.07
6321	70.23
6322	69.56
6323	69.94
6324	69.81
6325	69.92
6326	69.67
6327	69.39
6328	69.56
6329	69.84
6330	69.77
6331	70.05
6332	69.58
6333	69.41
6334	69.84
6335	69.88
6336	70.02
6337	69.73
6338	69.56
6339	69.98
6340	70.38
6341	70.15
6342	69.75
6343	69.9
6344	69.92
6345	69.9
6346	70.11
6347	70.21
6348	69.63
6349	69.94
6350	69.96
6351	70.53
6352	69.79
6353	70.05
6354	70.26
6355	70.26
6356	70.11
6357	70.05
6358	70.45
6359	70.07
6360	70.45
6361	70.7
6362	70.4
6363	70.38
6364	70.8
6365	70.34
6366	70.03
6367	70.07
6368	70.32
6369	69.98
6370	70.02
6371	70.42
6372	70.65
6373	70.23
6374	70.15
6375	70.63
6376	70.36
6377	70.36
6378	70.26
6379	70.49
6380	70.11
6381	70.32
6382	70.55
6383	70.55
6384	70.17
6385	70.44
6386	70.76
6387	70.8
6388	70.09
6389	70.13
6390	70.38
6391	70.47
6392	70.61
6393	69.92
6394	70.45
6395	70.49
6396	70.72
6397	70.49
6398	69.71
6399	69.98
6400	70.24
6401	70.61
6402	70.42
6403	70.03
6404	70.05
6405	70.45
6406	70.23
6407	70.4
6408	70.61
6409	70.38
6410	70.28
6411	70.38
6412	70.53
6413	70.93
6414	70.17
6415	70.63
6416	70.57
6417	70.57
6418	70.82
6419	70.32
6420	70.02
6421	70.47
6422	70.28
6423	70.82
6424	70.7
6425	70.65
6426	70.24
6427	70.28
6428	70.51
6429	70.78
6430	70.7
6431	70.3
6432	69.84
6433	70.17
6434	70.34
6435	70.32
6436	70.02
6437	69.71
6438	70.13
6439	70.17
6440	70.61
6441	70.26
6442	69.88
6443	70.02
6444	70.36
6445	70.44
6446	70.72
6447	70.68
6448	70.24
6449	70.21
6450	70.36
6451	70.7
6452	70.84
6453	70.87
6454	70.3
6455	70.51
6456	70.72
6457	70.61
6458	70.76
6459	70.89
6460	70.34
6461	70.49
6462	70.66
6463	70.4
6464	70.72
6465	70.91
6466	70.93
6467	71.08
6468	70.59
6469	70.44
6470	70.61
6471	70.74
6472	70.84
6473	70.78
6474	70.3
6475	70.3
6476	70.74
6477	70.66
6478	70.84
6479	70.32
6480	70.78
6481	70.61
6482	70.78
6483	70.59
6484	70.44
6485	70.23
6486	70.72
6487	70.61
6488	70.89
6489	70.36
6490	70.76
6491	70.51
6492	70.72
6493	70.15
6494	70.3
6495	70.66
6496	70.93
6497	70.42
6498	70.57
6499	70.84
6500	70.68
6501	70.13
6502	70.44
6503	70.57
6504	70.55
6505	70.65
6506	70.72
6507	70.44
6508	70.59
6509	70.78
6510	70.91
6511	70.24
6512	70.63
6513	70.89
6514	70.21
6515	70.55
6516	70.8
6517	70.3
6518	70.34
6519	70.34
6520	70.09
6521	70.15
6522	70.21
6523	70.45
6524	70.57
6525	70.15
6526	70.36
6527	70.93
6528	70.38
6529	70.26
6530	70.49
6531	71.06
6532	70.28
6533	70.44
6534	70.78
6535	70.26
6536	70.49
6537	70.28
6538	70.36
6539	69.65
6540	69.63
6541	69.6
6542	69.84
6543	69.21
6544	69.48
6545	69.46
6546	68.87
6547	68.91
6548	69
6549	69
6550	68.43
6551	68.81
6552	68.74
6553	68.47
6554	68.26
6555	68.55
6556	68.51
6557	68.59
6558	68.47
6559	68.78
6560	68.91
6561	69.04
6562	69.16
6563	69.23
6564	68.89
6565	69.18
6566	69.14
6567	69.21
6568	69.71
6569	69.83
6570	69.73
6571	69.23
6572	69.1
6573	69.42
6574	69.27
6575	69.27
6576	69.54
6577	69.37
6578	69.63
6579	69.54
6580	69.67
6581	69.67
6582	69.52
6583	69.48
6584	69.46
6585	69.54
6586	69.58
6587	69.46
6588	69.44
6589	69.54
6590	69.37
6591	69.83
6592	69.5
6593	69.77
6594	69.92
6595	69.83
6596	70.07
6597	69.92
6598	70.09
6599	69.96
6600	70.24
6601	69.84
6602	70.13
6603	69.62
6604	69.37
6605	69.75
6606	69.5
6607	69.86
6608	69.84
6609	69.83
6610	69.96
6611	69.86
6612	69.88
6613	69.71
6614	69.86
6615	69.75
6616	69.86
6617	69.81
6618	69.41
6619	69.5
6620	69.6
6621	69.48
6622	69.67
6623	69.71
6624	69.75
6625	69.88
6626	69.71
6627	70.03
6628	69.81
6629	69.88
6630	69.52
6631	69.86
6632	69.77
6633	69.79
6634	69.6
6635	69.84
6636	69.79
6637	70.13
6638	70.03
6639	69.54
6640	69.46
6641	69.48
6642	69.52
6643	69.65
6644	70
6645	69.12
6646	69.46
6647	69.52
6648	69.84
6649	69.52
6650	69.92
6651	69.81
6652	69.37
6653	69.71
6654	69.94
6655	70.03
6656	70.19
6657	69.63
6658	69.75
6659	69.9
6660	69.81
6661	69.84
6662	70.24
6663	69.77
6664	69.58
6665	69.67
6666	69.96
6667	70.23
6668	69.46
6669	69.79
6670	69.56
6671	69.41
6672	69.83
6673	69.81
6674	69.33
6675	69.18
6676	69.48
6677	69.81
6678	70.05
6679	69.48
6680	69.33
6681	69.62
6682	69.88
6683	69.86
6684	69.27
6685	69.9
6686	69.77
6687	69.52
6688	69.69
6689	69.69
6690	69.94
6691	69.33
6692	69.9
6693	69.77
6694	70.15
6695	69.5
6696	69.79
6697	69.98
6698	69.67
6699	69.5
6700	69.81
6701	70.09
6702	69.21
6703	69.33
6704	69.48
6705	69.69
6706	69.06
6707	69.52
6708	69.75
6709	69.96
6710	69.35
6711	69.96
6712	69.52
6713	69.94
6714	70.03
6715	69.35
6716	69.83
6717	69.9
6718	70.15
6719	69.41
6720	69.69
6721	69.71
6722	69.9
6723	69.84
6724	69.44
6725	69.73
6726	69.6
6727	69.58
6728	70.19
6729	69.79
6730	69.5
6731	69.54
6732	69.31
6733	69.44
6734	69.62
6735	69.39
6736	69.39
6737	69.73
6738	69.96
6739	69.42
6740	69.54
6741	69.37
6742	69.58
6743	69.79
6744	69.67
6745	69.94
6746	69.84
6747	70.11
6748	69.79
6749	69.71
6750	69.35
6751	69.9
6752	69.81
6753	69.79
6754	69.83
6755	69.73
6756	69.98
6757	70.07
6758	70.07
6759	69.98
6760	69.81
6761	69.65
6762	69.88
6763	69.63
6764	69.81
6765	70.05
6766	70.07
6767	69.62
6768	69.42
6769	69.6
6770	69.48
6771	69.37
6772	69.46
6773	69.62
6774	69.98
6775	69.84
6776	70.23
6777	69.79
6778	69.81
6779	69.58
6780	69.86
6781	69.77
6782	69.79
6783	69.81
6784	69.77
6785	70.3
6786	70.05
6787	70.09
6788	69.58
6789	69.65
6790	69.39
6791	69.62
6792	69.83
6793	69.94
6794	70.05
6795	69.65
6796	69.94
6797	70.26
6798	70.15
6799	70.02
6800	69.65
6801	69.25
6802	69.54
6803	69.35
6804	69.65
6805	69.65
6806	69.75
6807	69.81
6808	69.84
6809	70.09
6810	70.05
6811	70.32
6812	70.24
6813	70.3
6814	70.19
6815	70.15
6816	69.81
6817	69.81
6818	69.9
6819	70.23
6820	69.98
6821	70.19
6822	70.44
6823	70.68
6824	70.66
6825	70.47
6826	70.42
6827	70.32
6828	70.05
6829	70.47
6830	70.38
6831	70.51
6832	70.21
6833	70.13
6834	70.13
6835	69.96
6836	70.3
6837	70.19
6838	70.32
6839	70.36
6840	70.4
6841	70.57
6842	70.78
6843	70.8
6844	70.82
6845	70.84
6846	70.78
6847	70.76
6848	70.24
6849	70.09
6850	70.28
6851	70.05
6852	70.17
6853	70.45
6854	70.38
6855	70.63
6856	70.45
6857	70.63
6858	71.01
6859	70.47
6860	70.47
6861	70.32
6862	70.4
6863	70.4
6864	70.19
6865	70.24
6866	70.11
6867	70.3
6868	70.68
6869	70.78
6870	70.66
6871	70.24
6872	70.36
6873	70.28
6874	70.11
6875	70.13
6876	70.53
6877	70.28
6878	70.53
6879	70.61
6880	70.57
6881	70.68
6882	70.82
6883	70.82
6884	70.99
6885	70.76
6886	70.21
6887	70.38
6888	70.36
6889	70.36
6890	70.59
6891	70.47
6892	70.45
6893	70.38
6894	70.66
6895	70.8
6896	70.49
6897	70.09
6898	70.13
6899	70.32
6900	70.4
6901	70.53
6902	70.57
6903	70.91
6904	70.59
6905	70.23
6906	70.03
6907	70
6908	70.13
6909	70.07
6910	70.11
6911	70.19
6912	70.03
6913	69.79
6914	69.56
6915	69.63
6916	69.98
6917	69.79
6918	70.26
6919	70.57
6920	70.7
6921	70.45
6922	70.23
6923	70.32
6924	70.28
6925	70.68
6926	70.61
6927	70.63
6928	70.51
6929	70.89
6930	71.1
6931	70.42
6932	70.44
6933	70.36
6934	70.65
6935	70.82
6936	70.89
6937	71.08
6938	71.41
6939	70.74
6940	70.86
6941	70.55
6942	70.55
6943	70.68
6944	70.76
6945	70.91
6946	70.87
6947	71.01
6948	70.95
6949	70.7
6950	70.86
6951	71.41
6952	70.82
6953	71.14
6954	71.01
6955	70.93
6956	70.86
6957	70.78
6958	70.95
6959	70.49
6960	70.49
6961	70.55
6962	70.42
6963	70.59
6964	70.66
6965	70.95
6966	70.82
6967	71.01
6968	70.95
6969	70.74
6970	70.95
6971	70.99
6972	70.93
6973	71.01
6974	70.84
6975	70.84
6976	70.28
6977	70.32
6978	70.53
6979	70.45
6980	70.7
6981	70.57
6982	70.89
6983	71.08
6984	70.95
6985	70.47
6986	70.32
6987	70.49
6988	70.57
6989	70.47
6990	70.45
6991	70.49
6992	70.44
6993	70.38
6994	70.3
6995	70.72
6996	70.84
6997	70.78
6998	70.51
6999	70.44
7000	70.55
7001	70.68
7002	71.01
7003	71.35
7004	70.95
7005	70.42
7006	70.65
7007	70.36
7008	70.82
7009	70.44
7010	70.11
7011	69.88
7012	69.88
7013	69.81
7014	70.02
7015	69.23
7016	69.46
7017	69.27
7018	69.2
7019	68.68
7020	68.74
7021	68.62
7022	68.66
7023	68.76
7024	68.87
7025	68.57
7026	68.55
7027	68.74
7028	69.2
7029	68.87
7030	68.95
7031	69
7032	69.39
7033	68.99
7034	69.1
7035	69.48
7036	69.5
7037	69.62
7038	69.06
7039	69.42
7040	69.41
7041	69.88
7042	69.18
7043	69.46
7044	69.37
7045	69.83
7046	69.84
7047	69.5
7048	69.5
7049	69.67
7050	70.02
7051	69.83
7052	69.52
7053	69.86
7054	69.94
7055	70.21
7056	69.73
7057	69.77
7058	70.02
7059	70.17
7060	69.88
7061	69.75
7062	69.6
7063	69.27
7064	69.69
7065	69.41
7066	69.21
7067	69.44
7068	69.58
7069	69.9
7070	69.42
7071	69.48
7072	69.73
7073	69.79
7074	70
7075	70.15
7076	69.48
7077	69.63
7078	69.75
7079	69.79
7080	70.19
7081	70.17
7082	69.69
7083	69.35
7084	69.83
7085	69.83
7086	69.73
7087	69.9
7088	69.6
7089	69.56
7090	69.48
7091	69.9
7092	69.71
7093	70.26
7094	69.77
7095	69.48
7096	69.54
7097	69.81
7098	69.75
7099	70
7100	70.13
7101	69.84
7102	69.18
7103	69.41
7104	69.67
7105	69.77
7106	69.86
7107	69.9
7108	69.79
7109	69.41
7110	69.98
7111	69.98
7112	70.23
7113	70.07
7114	69.58
7115	69.39
7116	69.65
7117	69.73
7118	70.11
7119	70.07
7120	70.17
7121	69.77
7122	69.73
7123	69.48
7124	69.96
7125	70.13
7126	70.26
7127	69.86
7128	69.63
7129	69.39
7130	69.62
7131	69.67
7132	69.84
7133	69.58
7134	69.54
7135	69.37
7136	69.44
7137	69.5
7138	69.63
7139	69.84
7140	70.09
7141	69.88
7142	69.71
7143	69.71
7144	69.58
7145	69.41
7146	69.73
7147	69.77
7148	69.92
7149	69.86
7150	69.88
7151	70.05
7152	70.02
7153	69.92
7154	69.77
7155	70.02
7156	69.65
7157	70.02
7158	69.56
7159	69.63
7160	69.44
7161	69.62
7162	69.37
7163	69.31
7164	69.06
7165	69.37
7166	69.1
7167	69.52
7168	69.37
7169	69.54
7170	69.31
7171	69.44
7172	69.62
7173	69.79
7174	69.65
7175	69.71
7176	69.88
7177	69.6
7178	69.69
7179	69.71
7180	69.86
7181	69.88
7182	69.94
7183	69.81
7184	69.69
7185	69.86
7186	69.6
7187	69.96
7188	69.73
7189	69.77
7190	70.15
7191	70.05
7192	70.21
7193	70.02
7194	70.05