1	114.8799973
2	112.9499969
3	113.5800018
4	113.8499985
5	113.4499969
6	114.1699982
7	114.5699997
8	114.5199966
9	114.6100006
10	114.9499969
11	113.8099976
12	113.5
13	113.5999985
14	114.2300034
15	114.3600006
16	114.3199997
17	113.5199966
18	112.4400024
19	112.5899963
20	113.8099976
21	114.6100006
22	114.1500015
23	113.0699997
24	113.2799988
25	114.0800018
26	113.9800034
27	114.4199982
28	114.4199982
29	113.7699966
30	114.9700012
31	114.8000031
32	114.0400009
33	113.4100037
34	115.0299988
35	114.8600006
36	114.0400009
37	113.8700027
38	114.9199982
39	114.1200027
40	113.4300003
41	114.1699982
42	114.4199982
43	113.9599991
44	113.6600037
45	113.8899994
46	114.5199966
47	114.5500031
48	112.7600021
49	114.7799988
50	115.0299988
51	114.1200027
52	113.8099976
53	114.9400024
54	114.5199966
55	113.6200027
56	113.6999969
57	115.4499969
58	114.2099991
59	113.5599976
60	114.8000031
61	114.5
62	115.3499985
63	114.5699997
64	114.8000031
65	113.5599976
66	115.3499985
67	115.0500031
68	114.1200027
69	113.7099991
70	114.6500015
71	115.2600021
72	114.7099991
73	113.7099991
74	113.5
75	113.6999969
76	114.2900009
77	114.3099976
78	113.5599976
79	113.7099991
80	114.8600006
81	115.0899963
82	115.0699997
83	114.5899963
84	114.6100006
85	113.2799988
86	113.4499969
87	114.2099991
88	114.9000015
89	115.4899979
90	114.9700012
91	114.5500031
92	113.7900009
93	113.6800003
94	114.3600006
95	114.5500031
96	114.5699997
97	114.8600006
98	114.3099976
99	114.7799988
100	114.5500031
101	114.3799973
102	114.8399963
103	114.2300034
104	114.4800034
105	114.5199966
106	114
107	113.6399994
108	113.9800034
109	113.7099991
110	113.2900009
111	113.9599991
112	114.1900024
113	114.7799988
114	115.0299988
115	116
116	116.2699966
117	115.8300018
118	115.6800003
119	115.9300003
120	115.3000031
121	115.4899979
122	115.6200027
123	115.4499969
124	115.1999969
125	115.6200027
126	116.6299973
127	117.3399963
128	117.2600021
129	117.6600037
130	117.1699982
131	116.4800034
132	115.7600021
133	116.5400009
134	116.5899963
135	116.9199982
136	117.7200012
137	117.5699997
138	117.3799973
139	117.3600006
140	116
141	115.8300018
142	115.9100037
143	115.5100021
144	115.3899994
145	116.5800018
146	116.3300018
147	117.1500015
148	116.9400024
149	116.7300034
150	116
151	116.5
152	116.5800018
153	115.8899994
154	116.1200027
155	117.2799988
156	117.0899963
157	117.1699982
158	117.0299988
159	116.7099991
160	117.5699997
161	117.4100037
162	117.4000015
163	117.3399963
164	117.2099991
165	116.0800018
166	117.1100006
167	116.2099991
168	117.3000031
169	116.8399963
170	117.6600037
171	117.9899979
172	117.3600006
173	117.6999969
174	118.0100021
175	117.8499985
176	117.6999969
177	116.5400009
178	116.6299973
179	116.8799973
180	117.3399963
181	117.6100006
182	117.2099991
183	116.6500015
184	116.3799973
185	116.7699966
186	116.7099991
187	117.3199997
188	117.3399963
189	117.3799973
190	117.6100006
191	117.0500031
192	117.9899979
193	117.3799973
194	116.9800034
195	117.8499985
196	116.3099976
197	116.6900024
198	116.4599991
199	116.2099991
200	117.2099991
201	117.0899963
202	116.6699982
203	117.5100021
204	117.4100037
205	117.9100037
206	117.7399979
207	117.4700012
208	117.4000015
209	117.9899979
210	117.5100021
211	117.0299988
212	116.8000031
213	117.1500015
214	116.4199982
215	116.4000015
216	116.0599976
217	116.0400009
218	116.5400009
219	116.4000015
220	116.8799973
221	116.9599991
222	117.1500015
223	117.6200027
224	118.0400009
225	117.8300018
226	118.1600037
227	118.0400009
228	116.7699966
229	117.1100006
230	117.3600006
231	116.6299973
232	116.8199997
233	116.9000015
234	117.4000015
235	118.0299988
236	117.3399963
237	118.0800018
238	118.6699982
239	118.0599976
240	118.5400009
241	117.9899979
242	118.2399979
243	118.2699966
244	118.3899994
245	118.5
246	118.3700027
247	117.4899979
248	117.2799988
249	116.9199982
250	116.9199982
251	117.4700012
252	117.8000031
253	117.6200027
254	117.5699997
255	117.4499969
256	117.1500015
257	117.8899994
258	117.8700027
259	117.5500031
260	118.1399994
261	118.4100037
262	117.9300003
263	117.2200012
264	117.2799988
265	116.8600006
266	117.7600021
267	117.4700012
268	117.9300003
269	118.25
270	118.4800034
271	118.0400009
272	117.5100021
273	117.8000031
274	117.9499969
275	117.7200012
276	117.5299988
277	118.0999985
278	117.6800003
279	118.6900024
280	118.5
281	117.8700027
282	117.8300018
283	117.5500031
284	118.2900009
285	118.1600037
286	119.1699982
287	118.8300018
288	117.7200012
289	117.8300018
290	118.0599976
291	118.3700027
292	117.8199997
293	116.5
294	114.5699997
295	114.7099991
296	114.0400009
297	113.2399979
298	113.1600037
299	111.7699966
300	109.6299973
301	108.6600037
302	110.1299973
303	110.0100021
304	109.8399963
305	109.7300034
306	109.8600006
307	108.5100021
308	109
309	110.3799973
310	110.9100037
311	110.5100021
312	109.8799973
313	109.8799973
314	110.8499985
315	111.7900009
316	112.25
317	111.9800034
318	111.4100037
319	111.8300018
320	112.7600021
321	113.4899979
322	113.7900009
323	112.9899979
324	112.5100021
325	113.8099976
326	114.2099991
327	113.9100037
328	113.3499985
329	112.6100006
330	114.4800034
331	114.4800034
332	114.7399979
333	114.7399979
334	113.5999985
335	114.1699982
336	113.5999985
337	113.4100037
338	114.4599991
339	114.0400009
340	113.4100037
341	113.8300018
342	113.6800003
343	113.8300018
344	114.9499969
345	114.8199997
346	114.0199966
347	113.9199982
348	114.9199982
349	114.9199982
350	114.8199997
351	115.0899963
352	114.9499969
353	114.7099991
354	113.9400024
355	113.8899994
356	114.4199982
357	115.4499969
358	115.5800018
359	115.0100021
360	114.0800018
361	113.9800034
362	115.3499985
363	115.1299973
364	115.1299973
365	114.7099991
366	114.2900009
367	113.6800003
368	114.3600006
369	114.1299973
370	114.6500015
371	115.4700012
372	114.7300034
373	113.8899994
374	113.8899994
375	114.4400024
376	114.2900009
377	114.4599991
378	115.0699997
379	114.8600006
380	114.6699982
381	113.9800034
382	114.9199982
383	115.1999969
384	115.2399979
385	113.8499985
386	113.9800034
387	113.9400024
388	114.2699966
389	114.7399979
390	115.2200012
391	115.3899994
392	115.3399963
393	114.7399979
394	114.1699982
395	113.9599991
396	114.6100006
397	114.8199997
398	114.9000015
399	115.5500031
400	114.9199982
401	114.7799988
402	115.0899963
403	114.5199966
404	114.1200027
405	114.6100006
406	114.8000031
407	114.7799988
408	114.9400024
409	113.9800034
410	113.8099976
411	113.8099976
412	114.2300034
413	114.9000015
414	115.3700027
415	114.8399963
416	115.3199997
417	115.1800003
418	114.9899979
419	114.0800018
420	114.3099976
421	114.1500015
422	115.5599976
423	115.6800003
424	116.0199966
425	115.0899963
426	115.3700027
427	114.2699966
428	114.5299988
429	114.4000015
430	113.9100037
431	115.4300003
432	114.5199966
433	114.4199982
434	114.5500031
435	114.6500015
436	113.9800034
437	113.8499985
438	114.2300034
439	114.5699997
440	114.8399963
441	115.1800003
442	115.1500015
443	114.1500015
444	114.0800018
445	114.1200027
446	115.0500031
447	114.7099991
448	115.0699997
449	115.5299988
450	115.4100037
451	115.4899979
452	114.7300034
453	114.6500015
454	114.3399963
455	114.4400024
456	114.6900024
457	115.0699997
458	115.4499969
459	114.4400024
460	113.8099976
461	113.5800018
462	114.0400009
463	114.0599976
464	114.7099991
465	114.8000031
466	114.9199982
467	114.5899963
468	114.3399963
469	113.9800034
470	113.7900009
471	114.1200027
472	113.9800034
473	114.8799973
474	115.4300003
475	115.1500015
476	115.3899994
477	115.4700012
478	113.9100037
479	114.1299973
480	114.3799973
481	114.5500031
482	115.1600037
483	115.0500031
484	114.8799973
485	114.8799973
486	114.7399979
487	113.5400009
488	114.2699966
489	114.5500031
490	114.0400009
491	115.1100006
492	115.1999969
493	114.7300034
494	114.6100006
495	114.0400009
496	113.7900009
497	114.2099991
498	114.0599976
499	114.8399963
500	115.0699997
501	114.8799973
502	114.9199982
503	114.3399963
504	113.9599991
505	113.4100037
506	113.7300034
507	113.9599991
508	114.4000015
509	114.4199982
510	115.3000031
511	114.9700012
512	114.6699982
513	114.8000031
514	114.3199997
515	114.5500031
516	114.4000015
517	114.2300034
518	114.5299988
519	113.9599991
520	114.0800018
521	113.5199966
522	114.0400009
523	114.3399963
524	114.9199982
525	114.9499969
526	114.7099991
527	114.4599991
528	115.1999969
529	114.5899963
530	115.2799988
531	115.4700012
532	114.9000015
533	115.1999969
534	115.0100021
535	115.1600037
536	115.0699997
537	114.9499969
538	113.6800003
539	113.6999969
540	113.7099991
541	113.4499969
542	114.2699966
543	115.1500015
544	114.4599991
545	114.7799988
546	115.0100021
547	115.2799988
548	115.6600037
549	115.4100037
550	114.7799988
551	114.1200027
552	113.9800034
553	113.6399994
554	114.3199997
555	113.9199982
556	115.2200012
557	115.1999969
558	115.3399963
559	115.2200012
560	115.1500015
561	114.0599976
562	114.8199997
563	114.4800034
564	114.0999985
565	113.5800018
566	114.1900024
567	114.0999985
568	113.7900009
569	113.2799988
570	113.9599991
571	114.0400009
572	114.2099991
573	113.9199982
574	114.4599991
575	114.7799988
576	115.1100006
577	115.3899994
578	115.6800003
579	113.9599991
580	113.6999969
581	113.9800034
582	114.0599976
583	114.2699966
584	114.7799988
585	115.3899994
586	115.4499969
587	115.7900009
588	116.2300034
589	116.8600006
590	116.0400009
591	116.4000015
592	115.8700027
593	115.9100037
594	115.7399979
595	115.4899979
596	116.0599976
597	115.7699966
598	116.8399963
599	117.3000031
600	117.1299973
601	117.6200027
602	116.7099991
603	115.8300018
604	115.5800018
605	116.1800003
606	115.8899994
607	117.2399979
608	117.0100021
609	117.3799973
610	117.4000015
611	116.6100006
612	115.6600037
613	116.4599991
614	116.0999985
615	117.2200012
616	117.6200027
617	117.4899979
618	116.75
619	116.4400024
620	116.3300018
621	116.6500015
622	117.0699997
623	117.1299973
624	117.4000015
625	115.9300003
626	116.1600037
627	116.6100006
628	116.4400024
629	116.9800034
630	117.5899963
631	116.2699966
632	115.5500031
633	115.9100037
634	116.5899963
635	116.8600006
636	116.5
637	115.4700012
638	115.6399994
639	117.2099991
640	117.3600006
641	116.1900024
642	115.8300018
643	116.0599976
644	115.8899994
645	116.6900024
646	117.5299988
647	116.9199982
648	116
649	117
650	117.7799988
651	116.1800003
652	116.3700027
653	117.2200012
654	117.3199997
655	116.25
656	117.0500031
657	117.8300018
658	117.1100006
659	116.5800018
660	117.1299973
661	117.4499969
662	118.0100021
663	116.5199966
664	116.7900009
665	117.5699997
666	117.5699997
667	116.8000031
668	115.9700012
669	117.6200027
670	118.1800003
671	118.0800018
672	116.6500015
673	118.0299988
674	118.3099976
675	116.9400024
676	117.5899963
677	117.7399979
678	117.8300018
679	116.5599976
680	117.0100021
681	117.8300018
682	117.4899979
683	117.1100006
684	116.3799973
685	117.8199997
686	117.4300003
687	116.8600006
688	116.5599976
689	117.4899979
690	117.3600006
691	116.4800034
692	117.1500015
693	118.3499985
694	118.2699966
695	116.7699966
696	117.4000015
697	118.0999985
698	117.9499969
699	116.9400024
700	117.5699997
701	118.0400009
702	117.1100006
703	116.7900009
704	118.1600037
705	118.6200027
706	116.7099991
707	117.3399963
708	118.3099976
709	116.1600037
710	117
711	118.2399979
712	117.0699997
713	117.7799988
714	118.0999985
715	116.3700027
716	117.4300003
717	117.7200012
718	117.2799988
719	117.6100006
720	118.2699966
721	118.2900009
722	116.5400009
723	118.0800018
724	118.2200012
725	117.8199997
726	116.4000015
727	117.4300003
728	117.8000031
729	116.9000015
730	117.7799988
731	118.4599991
732	116.9599991
733	116.8199997
734	117.8899994
735	118.1600037
736	116.6699982
737	116.8600006
738	118.0299988
739	117.7200012
740	116.7699966
741	117.1699982
742	117.9899979
743	117.9100037
744	117.1900024
745	118.0299988
746	118.5999985
747	116.5899963
748	117.1100006
749	118.1999969
750	117.4899979
751	116.8799973
752	117.8199997
753	118.2399979
754	117.4000015
755	117.3799973
756	117.9499969
757	118.4800034
758	117.0899963
759	117.5100021
760	118.0999985
761	117.9700012
762	116.6900024
763	116.6299973
764	117.6999969
765	117.8199997
766	115.9499969
767	115.7699966
768	116.1600037
769	113.5800018
770	113.5599976
771	113.7099991
772	112.5699997
773	111.2200012
774	111.5599976
775	109.7300034
776	109.25
777	109.3700027
778	110.4499969
779	109.1200027
780	109.0999985
781	109.3799973
782	110.9499969
783	110.9100037
784	110.2200012
785	111.0800018
786	111.7099991
787	111.8600006
788	110.3399963
789	112.4899979
790	112.4899979
791	112.2300034
792	111.25
793	112.8899994
794	113.4499969
795	113.1999969
796	112.5100021
797	113.8899994
798	114.1500015
799	113.8899994
800	113.1600037
801	113.9599991
802	114.5
803	114.1200027
804	114.4800034
805	113.9800034
806	114.25
807	115.2799988
808	113.3099976
809	114.3099976
810	115.1299973
811	114.4199982
812	114.0400009
813	114.3099976
814	114.9400024
815	113.9599991
816	114.4599991
817	114.6500015
818	115.2799988
819	113.6999969
820	113.4899979
821	114.2099991
822	114.4800034
823	114.6699982
824	113.1999969
825	113.7300034
826	114.6699982
827	114.3199997
828	113.9400024
829	114.7799988
830	115.0500031
831	113.5999985
832	113.3499985
833	114.5899963
834	115.1999969
835	113.6600037
836	113.5999985
837	114.3099976
838	115.5999985
839	115.0699997
840	114.2099991
841	114.3099976
842	114.8199997
843	114.0400009
844	114.0800018
845	115.2200012
846	115.1299973
847	114
848	115.6999969
849	114.6699982
850	114.9000015
851	114.6299973
852	114.6900024
853	113.8099976
854	114.1500015
855	115.0500031
856	113.7699966
857	114.5299988
858	114.9000015
859	114.6500015
860	114.6100006
861	115.0500031
862	115.4100037
863	114.3399963
864	113.9800034
865	114.3799973
866	115.5800018
867	114.3600006
868	114.6900024
869	114.3099976
870	115.0100021
871	114.1699982
872	114.1699982
873	114.9000015
874	115.4300003
875	114.4000015
876	113.9800034
877	114.6299973
878	114.9499969
879	114.9700012
880	114.8199997
881	114.1900024
882	114.5
883	115.2399979
884	114.9199982
885	113.6999969
886	113.9100037
887	113.9199982
888	113.6999969
889	115.0100021
890	114.6100006
891	114.0800018
892	113.3899994
893	113.9400024
894	115.0899963
895	115.5500031
896	114.8600006
897	114.9199982
898	113.9100037
899	114.3799973
900	113.8300018
901	114.3799973
902	115.3399963
903	114.9400024
904	115.1100006
905	114.0999985
906	113.8300018
907	115.1299973
908	114.9700012
909	115.0899963
910	115.4899979
911	114.8000031
912	113.9100037
913	114.0599976
914	114.25
915	114.3600006
916	115.1999969
917	114.7799988
918	114.2099991
919	114.9199982
920	115.0899963
921	114.1299973
922	113.6800003
923	113.5599976
924	114.1699982
925	114.1500015
926	115.3399963
927	114.4400024
928	115.0299988
929	115.1600037
930	115.2399979
931	114.1900024
932	114.3399963
933	113.7099991
934	113.8700027
935	114
936	114.2900009
937	114.1299973
938	113.7300034
939	114
940	113.4899979
941	114.2300034
942	114.0599976
943	114.1299973
944	114.3099976
945	114.7600021
946	114.2699966
947	114.6900024
948	114.9899979
949	114.9899979
950	114.9000015
951	115.1600037
952	114.8399963
953	114.4000015
954	114.2699966
955	114.5899963
956	114.5
957	115.3499985
958	114.0999985
959	114.0999985
960	114
961	114
962	113.9599991
963	114.2300034
964	114.5
965	114.1500015
966	114.7799988
967	114.9899979
968	114.6900024
969	114.3099976
970	114.0599976
971	114.6299973
972	113.1600037
973	113.6999969
974	113.6999969
975	113.5599976
976	113.4700012
977	113.6800003
978	113.6600037
979	113.9199982
980	113.5800018
981	114.1200027
982	114.8799973
983	114.1900024
984	114.3399963
985	114.8600006
986	115.5599976
987	114.9199982
988	114.9499969
989	115.0699997
990	114.8799973
991	114.9000015
992	114.6699982
993	113.9599991
994	113.9800034
995	113.6800003
996	113.1999969
997	113.5999985
998	113.1200027
999	114.3799973
1000	113.9800034
1001	114.2699966
1002	114.6500015
1003	114.8000031
1004	114.3099976
1005	113.75
1006	113.2799988
1007	113.7699966
1008	113.4100037
1009	114.6699982
1010	114.5899963
1011	115.0899963
1012	115.2799988
1013	114.5899963
1014	112.9300003
1015	113.75
1016	114.0400009
1017	113.5199966
1018	114.3799973
1019	115.1600037
1020	114.9400024
1021	114.4599991
1022	114.2300034
1023	113.6800003
1024	113.3499985
1025	113.8300018
1026	114.2699966
1027	114.8799973
1028	114.8399963
1029	114.2900009
1030	114.4199982
1031	113.3499985
1032	113.5999985
1033	113.8899994
1034	114.6299973
1035	114.7399979
1036	114.0800018
1037	114.0800018
1038	113.2200012
1039	113.8499985
1040	113.6200027
1041	114.6100006
1042	115.3700027
1043	114.1699982
1044	114.0199966
1045	113.9400024
1046	114.1500015
1047	114.1299973
1048	113.8899994
1049	114.1200027
1050	113.9800034
1051	113.9199982
1052	113.5999985
1053	112.9499969
1054	114.0999985
1055	114.4800034
1056	114.6900024
1057	115.1100006
1058	114.4800034
1059	115.1299973
1060	114.3099976
1061	114.2900009
1062	115.2799988
1063	115.5800018
1064	116.4599991
1065	116.2699966
1066	115.3700027
1067	115.3000031
1068	115.4899979
1069	115.1800003
1070	115.7600021
1071	115.4899979
1072	115.8899994
1073	117.0899963
1074	116.7099991
1075	116.9400024
1076	116.25
1077	117.6100006
1078	116.5899963
1079	116.6900024
1080	117.3000031
1081	117.2799988
1082	116.7900009
1083	117.2099991
1084	117.2399979
1085	116.8600006
1086	116.7099991
1087	116.9199982
1088	116.9400024
1089	116.6699982
1090	117.1699982
1091	116.4000015
1092	116.4599991
1093	115.9800034
1094	116
1095	115.4100037
1096	115.3199997
1097	115.6999969
1098	115.9300003
1099	115.3000031
1100	115.7200012
1101	116.0400009
1102	115.9800034
1103	116.5599976
1104	116.4800034
1105	115.7399979
1106	116.6900024
1107	116.2300034
1108	116.1900024
1109	116.3099976
1110	116.2699966
1111	115.9300003
1112	116.3099976
1113	115.2200012
1114	116.9599991
1115	115.6200027
1116	115.4700012
1117	116.1200027
1118	115.7200012
1119	116.1900024
1120	116.3700027
1121	115.8300018
1122	116.4000015
1123	116.4199982
1124	116.6299973
1125	116.5899963
1126	117.2799988
1127	117.8899994
1128	117.3199997
1129	117.6100006
1130	117.4700012
1131	117.1299973
1132	117.1500015
1133	116.25
1134	116.1900024
1135	115.5599976
1136	116.6299973
1137	116.5800018
1138	117.5500031
1139	116.7900009
1140	116.4000015
1141	115.9700012
1142	117
1143	117.4000015
1144	117.4000015
1145	117.7200012
1146	116.6900024
1147	116.2300034
1148	117.3600006
1149	117.7399979
1150	117.5699997
1151	118.2699966
1152	116.7099991
1153	115.6200027
1154	116.6699982
1155	117.6600037
1156	118.1600037
1157	116.6299973
1158	116.4000015
1159	117.6999969
1160	117.5100021
1161	115.8499985
1162	116.3700027
1163	117.3799973
1164	117.3199997
1165	117.5100021
1166	116.0199966
1167	116.9000015
1168	117
1169	117.7799988
1170	116.5400009
1171	116.9199982
1172	118.3899994
1173	117.2099991
1174	116.3700027
1175	117.4899979
1176	117.5699997
1177	116.8399963
1178	117.3199997
1179	117.3399963
1180	116.3799973
1181	117.6800003
1182	117.7799988
1183	117.5299988
1184	117.6800003
1185	117.6200027
1186	117.6399994
1187	116.6299973
1188	117.4700012
1189	116.7699966
1190	116.6500015
1191	117.1299973
1192	118.3899994
1193	116.2900009
1194	117.2200012
1195	117.9499969
1196	116.9800034
1197	116.9199982
1198	117.6100006
1199	117.4100037
1200	116.6699982
1201	117.4499969
1202	118.0400009
1203	116.7900009
1204	117.4700012
1205	117.7200012
1206	117.3199997
1207	115.8499985
1208	117.6600037
1209	117.6999969
1210	118.4800034
1211	117.8199997
1212	116.8399963
1213	117.2799988
1214	117.8300018
1215	117.8899994
1216	117.4000015
1217	116.8600006
1218	117.6399994
1219	117.5500031
1220	117.2600021
1221	117
1222	117.9499969
1223	117.9700012
1224	117.4700012
1225	116.9800034
1226	116.5899963
1227	116.8799973
1228	117.7600021
1229	117.9300003
1230	116.6100006
1231	116.9000015
1232	117.6399994
1233	117.4700012
1234	116.2699966
1235	117.2200012
1236	118.0400009
1237	117.4700012
1238	116.1200027
1239	115.7200012
1240	115.8700027
1241	115.6399994
1242	115.5500031
1243	113.9599991
1244	112.5299988
1245	111.9400024
1246	111.8300018
1247	110.6800003
1248	110.0899963
1249	108.6399994
1250	108.4300003
1251	108.5999985
1252	109.8199997
1253	109.25
1254	108.4899979
1255	108.6800003
1256	109.9400024
1257	110.3399963
1258	109.9000015
1259	109.5
1260	110.8000031
1261	111.5800018
1262	111.75
1263	110.7399979
1264	111.7900009
1265	111.9400024
1266	112.9700012
1267	113.2900009
1268	112.3199997
1269	111.9400024
1270	113.2600021
1271	113.5999985
1272	112.6800003
1273	112.7600021
1274	113.7699966
1275	113.6399994
1276	113.7900009
1277	112.8000031
1278	113.5400009
1279	113.75
1280	113.9599991
1281	113.2200012
1282	114.3399963
1283	113.6600037
1284	113.8300018
1285	112.8600006
1286	114
1287	114.2900009
1288	114.6100006
1289	113.8300018
1290	114.7600021
1291	115.1999969
1292	114.0400009
1293	113.6399994
1294	113.0100021
1295	114.9700012
1296	114.1699982
1297	112.9899979
1298	112.9899979
1299	114.8799973
1300	115.1600037
1301	112.8600006
1302	112.8899994
1303	113.5
1304	114.8000031
1305	114.2699966
1306	113.9800034
1307	113.4499969
1308	113.2900009
1309	114.0400009
1310	114.4400024
1311	113.5800018
1312	113.0299988
1313	113.0100021
1314	113.8300018
1315	114.1699982
1316	113.2399979
1317	112.8600006
1318	114.3099976
1319	114.7600021
1320	113.7099991
1321	113.0500031
1322	113.1800003
1323	113.5800018
1324	113.3899994
1325	114.2900009
1326	114.5199966
1327	113.5599976
1328	113.4300003
1329	114.2900009
1330	114.1900024
1331	114.7300034
1332	113.9800034
1333	113.8499985
1334	113.9199982
1335	115.0699997
1336	114.5699997
1337	113.9100037
1338	113.4499969
1339	113.9800034
1340	114.7399979
1341	114.3600006
1342	113.75
1343	112.7799988
1344	113.2200012
1345	113.9599991
1346	114.5
1347	114.3600006
1348	113.2600021
1349	114
1350	113.4100037
1351	115.0899963
1352	114.4800034
1353	114.3099976
1354	113.4499969
1355	114.4000015
1356	114.2099991
1357	115.2600021
1358	114.8199997
1359	114.3600006
1360	112.6999969
1361	113.8700027
1362	114.0800018
1363	114.3799973
1364	114.7799988
1365	114.4000015
1366	113.0100021
1367	113.0699997
1368	113.7699966
1369	114.7399979
1370	114.4599991
1371	114.1699982
1372	113.8499985
1373	113.1999969
1374	113.7099991
1375	114.0800018
1376	114.2300034
1377	114.1200027
1378	113.6399994
1379	113.3700027
1380	113.1999969
1381	113.6800003
1382	113.4700012
1383	114.0999985
1384	114.5299988
1385	114.6900024
1386	114.6500015
1387	113.5199966
1388	113.2900009
1389	113.7699966
1390	114
1391	114.4000015
1392	113.9400024
1393	114.2699966
1394	112.8899994
1395	113.4700012
1396	113.6999969
1397	114.4199982
1398	114.3799973
1399	114.25
1400	114.5199966
1401	114.3600006
1402	113.9400024
1403	113.4499969
1404	112.9899979
1405	113.2600021
1406	112.8399963
1407	113.3499985
1408	114.3199997
1409	114.5899963
1410	114.5
1411	114.0999985
1412	114.1200027
1413	113.5999985
1414	112.9499969
1415	113.3099976
1416	113.4899979
1417	114.2300034
1418	114.4800034
1419	114.0599976
1420	114.7399979
1421	114.3099976
1422	114.1299973
1423	114.0800018
1424	113.6999969
1425	114.1699982
1426	113.9800034
1427	114.5899963
1428	114.25
1429	113.8300018
1430	113.4300003
1431	113.3300018
1432	113.8700027
1433	113.5
1434	114.1900024
1435	113.5599976
1436	113.3899994
1437	113.0500031
1438	113.6399994
1439	113.9199982
1440	114.3600006
1441	114.0999985
1442	114.5699997
1443	114.0800018
1444	114.25
1445	114.1500015
1446	114.3399963
1447	113.6200027
1448	113.0699997
1449	113.2200012
1450	113.4300003
1451	113.2600021
1452	113.8300018
1453	113.6399994
1454	113.9599991
1455	114.1299973
1456	113.7300034
1457	113.5800018
1458	114.3199997
1459	114
1460	114.4000015
1461	114.2900009
1462	114.4000015
1463	113.6999969
1464	113.8300018
1465	113.5599976
1466	113.4100037
1467	112.9899979
1468	113.3899994
1469	113.0699997
1470	113.1999969
1471	114.1200027
1472	113.5999985
1473	113.6800003
1474	113.8899994
1475	114.4800034
1476	114.1699982
1477	113.7099991
1478	113.0999985
1479	113.0100021
1480	113.5599976
1481	113.4499969
1482	113.6800003
1483	113.5999985
1484	114.2699966
1485	113.6999969
1486	113.3700027
1487	113.4300003
1488	112.5100021
1489	113.1200027
1490	112.9300003
1491	113.6800003
1492	113.4700012
1493	113.3099976
1494	113.6999969
1495	114.1699982
1496	114.4199982
1497	114.0400009
1498	113.3700027
1499	113.1600037
1500	113.0299988
1501	113.2399979
1502	112.7799988
1503	113.1800003
1504	112.6699982
1505	112.7399979
1506	112.4599991
1507	112.5299988
1508	113.2600021
1509	113.5999985
1510	113.5800018
1511	113.1800003
1512	113.6800003
1513	113.4899979
1514	114.4400024
1515	113.5800018
1516	113.9800034
1517	113.0899963
1518	112.6800003
1519	113.1200027
1520	113.3899994
1521	112.4700012
1522	112.0599976
1523	112.9300003
1524	112.3600006
1525	112.8000031
1526	112.9700012
1527	113.7300034
1528	112.9899979
1529	113.7699966
1530	113.3499985
1531	112.5500031
1532	112.6100006
1533	113.0899963
1534	113.0699997
1535	113.8300018
1536	114.5299988
1537	115.0299988
1538	114.7300034
1539	114.3399963
1540	114.6699982
1541	114.6100006
1542	113.9400024
1543	114.2900009
1544	114.9400024
1545	115.3899994
1546	115.3199997
1547	114.9199982
1548	114.4599991
1549	114.5699997
1550	115.3700027
1551	115.3399963
1552	115.8700027
1553	115.7399979
1554	115.2200012
1555	115.0899963
1556	114.2099991
1557	114.8399963
1558	115.8499985
1559	115.5999985
1560	115.6800003
1561	115.4100037
1562	115.8099976
1563	114.8199997
1564	114.6299973
1565	114.8000031
1566	114.7099991
1567	115.3499985
1568	115.2600021
1569	114.9000015
1570	114.8000031
1571	114.5
1572	115.6399994
1573	115.7200012
1574	116.5199966
1575	116.0199966
1576	115.7900009
1577	114.1500015
1578	114.9400024
1579	115.1999969
1580	115.8899994
1581	115.0299988
1582	114.7799988
1583	114.6100006
1584	115.6200027
1585	115.4700012
1586	115.9800034
1587	114.8199997
1588	114.7300034
1589	115.3399963
1590	115.1100006
1591	116.0599976
1592	115.7699966
1593	115.1800003
1594	115.0100021
1595	116.2900009
1596	115.5500031
1597	116.2300034
1598	115.5500031
1599	114.9400024
1600	115.5800018
1601	116.1900024
1602	116.0199966
1603	115.4300003
1604	115.4300003
1605	116.3099976
1606	115.8300018
1607	115.6399994
1608	115.6399994
1609	115.2600021
1610	115.9300003
1611	116.0999985
1612	116.3700027
1613	115.0500031
1614	114.8000031
1615	116.3099976
1616	116.4599991
1617	116.0800018
1618	114.7099991
1619	115.3399963
1620	115.3499985
1621	115.7200012
1622	116.25
1623	115.8099976
1624	115.1999969
1625	115.0100021
1626	116.2699966
1627	115.8700027
1628	115.7399979
1629	114.2099991
1630	114.7600021
1631	115.5800018
1632	116.4199982
1633	115.2799988
1634	114.7799988
1635	115.1299973
1636	116.0800018
1637	116.3499985
1638	115.9300003
1639	114.6100006
1640	115.1299973
1641	116.25
1642	115.4899979
1643	114.7099991
1644	115.3000031
1645	115.9700012
1646	114.5500031
1647	115.4300003
1648	116.0999985
1649	115.8899994
1650	115.9700012
1651	115.7900009
1652	116.5199966
1653	116.3700027
1654	115.1500015
1655	115.6600037
1656	115.8499985
1657	115.2399979
1658	115.4100037
1659	115.0100021
1660	115.8700027
1661	116.1600037
1662	114.9499969
1663	115.1100006
1664	116.0800018
1665	115.5100021
1666	115.0899963
1667	115.8499985
1668	116.0199966
1669	114.9199982
1670	115.9700012
1671	116.5
1672	116.3799973
1673	116.0400009
1674	115.9100037
1675	116.8600006
1676	117.0100021
1677	115.8099976
1678	116.2699966
1679	116.8199997
1680	116.2099991
1681	115.5299988
1682	115.6200027
1683	117.1699982
1684	116.1800003
1685	115.0299988
1686	115.5599976
1687	115.4499969
1688	116.4199982
1689	116.0800018
1690	115.4300003
1691	115.3399963
1692	116.75
1693	116.1600037
1694	116.2900009
1695	115.4499969
1696	115.2200012
1697	116.1900024
1698	116.2099991
1699	115.7900009
1700	115.5299988
1701	114.8600006
1702	115.1999969
1703	116.3799973
1704	116.0400009
1705	116.0400009
1706	114.8199997
1707	115.5800018
1708	115.6200027
1709	115.6399994
1710	115.9300003
1711	115.3899994
1712	114.9899979
1713	114.7300034
1714	114.7799988
1715	113.7099991
1716	113.7099991
1717	112.3600006
1718	110.7600021
1719	109.7300034
1720	110.0100021
1721	109.8199997
1722	108.6200027
1723	107.3399963
1724	106.9199982
1725	106.75
1726	107.1900024
1727	107.0999985
1728	107.3099976
1729	107.0599976
1730	106.4899979
1731	106.1999969
1732	106.1999969
1733	106.75
1734	107.2699966
1735	107.9899979
1736	108.6600037
1737	108.7900009
1738	109.3300018
1739	108.3499985
1740	108.8300018
1741	109.4000015
1742	109.6100006
1743	110.7399979
1744	109.6500015
1745	109.6299973
1746	109.6900024
1747	109.6900024
1748	110.7399979
1749	111.4300003
1750	111.3499985
1751	110.1900024
1752	109.6299973
1753	110.4100037
1754	111.1800003
1755	110.8499985
1756	111.8300018
1757	110.9499969
1758	110.9700012
1759	109.8000031
1760	110.7200012
1761	111.4100037
1762	111.4599991
1763	111.7099991
1764	110.9700012
1765	110.3199997
1766	111.3300018
1767	111.2699966
1768	111.5800018
1769	111.5800018
1770	111.2900009
1771	110.0899963
1772	110.1299973
1773	110.5100021
1774	110.9899979
1775	111.1399994
1776	111.7099991
1777	110.9300003
1778	109.8799973
1779	110.6999969
1780	111.2900009
1781	112.1299973
1782	111.8099976
1783	111.4800034
1784	111.5
1785	110.0699997
1786	110.9700012
1787	110.3000031
1788	110.2799988
1789	111.8499985
1790	111.3499985
1791	111.6900024
1792	111.5
1793	111.4400024
1794	110.8300018
1795	110.6600037
1796	110.5500031
1797	110.1699982
1798	110.6600037
1799	111.7300034
1800	111.4599991
1801	111.0100021
1802	111.0999985
1803	110.2799988
1804	110.1699982
1805	110.0299988
1806	110.1999969
1807	110.8899994
1808	111.1399994
1809	111.2900009
1810	112.0899963
1811	111.6699982
1812	110.5500031
1813	110.6399994
1814	110.3199997
1815	110.6800003
1816	111.1200027
1817	111.8499985
1818	111.2300034
1819	110.5699997
1820	109.4400024
1821	109.8000031
1822	110.9100037
1823	110.9499969
1824	111.2699966
1825	110.8499985
1826	109.6699982
1827	109.75
1828	109.9599991
1829	110.5699997
1830	111.1800003
1831	110.6100006
1832	110.5699997
1833	109.8399963
1834	110.7799988
1835	110.8499985
1836	110.3600006
1837	110.1999969
1838	110.7600021
1839	111.6399994
1840	109.7900009
1841	109.8399963
1842	110.6100006
1843	110.6600037
1844	110.2200012
1845	110.4000015
1846	110.4499969
1847	109.9599991
1848	110.5299988
1849	110.4300003
1850	110.1299973
1851	110.5899963
1852	111.0599976
1853	110.6100006
1854	109.7699966
1855	110.4700012
1856	110.5899963
1857	109.7300034
1858	110.3199997
1859	110.2799988
1860	110.0699997
1861	110.5699997
1862	111.1999969
1863	110.5500031
1864	110.2799988
1865	110.6200027
1866	110.6999969
1867	109.1200027
1868	110.4499969
1869	110.8000031
1870	110.6399994
1871	109.9800034
1872	110.6999969
1873	110.3000031
1874	109.8799973
1875	109.75
1876	110.9499969
1877	109.8799973
1878	109.6299973
1879	110.5500031
1880	110.8199997
1881	111.3300018
1882	110.0500031
1883	111.5800018
1884	111.5
1885	110.1299973
1886	109.9000015
1887	111.3899994
1888	111.9400024
1889	110.0899963
1890	109.8399963
1891	110.8899994
1892	110.8700027
1893	109.9800034
1894	110.3799973
1895	111.0100021
1896	110.3799973
1897	109.3700027
1898	109.75
1899	110.6399994
1900	110.6999969
1901	109.4800034
1902	109.8199997
1903	110.9700012
1904	110.8199997
1905	111.0800018
1906	110.1100006
1907	109.8399963
1908	110.6200027
1909	111.4800034
1910	111.5199966
1911	110.4899979
1912	110.1299973
1913	111.1999969
1914	111.25
1915	111.6500015
1916	109.9599991
1917	110.5500031
1918	110.9899979
1919	111.6399994
1920	111.4800034
1921	111.7300034
1922	111.2699966
1923	110.4300003
1924	110.6100006
1925	110.8499985
1926	111.25
1927	111.1800003
1928	110.6999969
1929	110.9499969
1930	110.6200027
1931	110.0899963
1932	110.1299973
1933	111.5800018
1934	111.1600037
1935	110.6800003
1936	110.9899979
1937	110.0899963
1938	111.0800018
1939	111.4800034
1940	111.9599991
1941	110.7399979
1942	110.3399963
1943	110.1299973
1944	110.6600037
1945	111.5999985
1946	111.7900009
1947	111.6399994
1948	110.5899963
1949	109.9199982
1950	110.7200012
1951	111.0599976
1952	111.5800018
1953	111.7900009
1954	111.0299988
1955	110.1299973
1956	110.2200012
1957	110.3799973
1958	111.0400009
1959	111.1600037
1960	110.5299988
1961	110.7200012
1962	111.0599976
1963	111.3499985
1964	111.8799973
1965	111.3700027
1966	111.1600037
1967	110.2799988
1968	110.7799988
1969	112
1970	111.6200027
1971	111.2300034
1972	110.5299988
1973	111.8600006
1974	111.9000015
1975	111.8300018
1976	110.9100037
1977	111.0400009
1978	111.8499985
1979	111.6500015
1980	111.4599991
1981	110.7600021
1982	110.9499969
1983	112.0400009
1984	111.9400024
1985	111.1399994
1986	110.6999969
1987	111.1399994
1988	112.2600021
1989	111.5400009
1990	110.3399963
1991	110.5100021
1992	111.2900009
1993	110.5100021
1994	110.9499969
1995	111.8600006
1996	112.0400009
1997	111.8300018
1998	110.5100021
1999	111.6500015
2000	112.2799988
2001	111.5999985
2002	110.6200027
2003	110.9300003
2004	112.9300003
2005	111.7699966
2006	110.8899994
2007	111.5400009
2008	112.6699982
2009	112.25
2010	112.4700012
2011	112.6299973
2012	113.8099976
2013	112.6800003
2014	112.7200012
2015	112.7399979
2016	114.0599976
2017	112.9899979
2018	112.3799973
2019	113.2200012
2020	114.3799973
2021	112.9300003
2022	113.4100037
2023	114.4000015
2024	114.25
2025	113.1600037
2026	113.2799988
2027	114.0800018
2028	114.3399963
2029	113.9599991
2030	113.8499985
2031	114.8799973
2032	112.9899979
2033	113.0100021
2034	114.0400009
2035	113.9400024
2036	113.1999969
2037	114.5500031
2038	115.0100021
2039	113.3300018
2040	114.3799973
2041	114.4599991
2042	113.6999969
2043	113.7099991
2044	114.0800018
2045	114.3600006
2046	113.2399979
2047	113.8499985
2048	114.9400024
2049	113.5800018
2050	112.8899994
2051	114.4599991
2052	114.5899963
2053	113.4100037
2054	113.8700027
2055	114.1699982
2056	114.5299988
2057	112.7399979
2058	114.3799973
2059	114.6500015
2060	114.2300034
2061	114.8000031
2062	114.2699966
2063	114.4800034
2064	114.4400024
2065	115.4899979
2066	114.1200027
2067	114.6500015
2068	114.6100006
2069	115.1100006
2070	112.9899979
2071	115.0899963
2072	114.9499969
2073	115.6399994
2074	114.2900009
2075	114.1200027
2076	114.3799973
2077	115.1999969
2078	115.1299973
2079	114.2900009
2080	114.5299988
2081	115.0500031
2082	115.1299973
2083	114.8799973
2084	114.8399963
2085	114.3399963
2086	114.8600006
2087	115.3399963
2088	115.0699997
2089	114.4599991
2090	114.4199982
2091	116.0599976
2092	115.4300003
2093	114.7099991
2094	114.3099976
2095	114.7399979
2096	115.3499985
2097	115.5500031
2098	114.7099991
2099	114.0599976
2100	114.2699966
2101	115.1999969
2102	114.8000031
2103	114.0599976
2104	113.3499985
2105	114.1500015
2106	114.9000015
2107	114.9899979
2108	114.3399963
2109	113.5999985
2110	114.5699997
2111	115.6600037
2112	115.3899994
2113	114.7300034
2114	114.3799973
2115	114.5199966
2116	115.2399979
2117	116.4000015
2118	114.5199966
2119	114.5500031
2120	115.1999969
2121	114.8799973
2122	115.2600021
2123	115.6200027
2124	115.3199997
2125	115.0100021
2126	115.0100021
2127	115.4899979
2128	113.9599991
2129	114.7300034
2130	115.1999969
2131	113.7900009
2132	114.4400024
2133	115.5999985
2134	115.5500031
2135	114.6100006
2136	114.7600021
2137	115.4499969
2138	115.1299973
2139	114
2140	114.7099991
2141	115.6600037
2142	114.5
2143	113.5199966
2144	114.2099991
2145	115.3899994
2146	113.8700027
2147	114
2148	115.2600021
2149	114.9199982
2150	113.75
2151	115.7399979
2152	114.7099991
2153	113.6800003
2154	115.4100037
2155	114.2300034
2156	114.4400024
2157	115.6399994
2158	115.7900009
2159	114.6699982
2160	114.4199982
2161	115.7399979
2162	114.9700012
2163	115.4100037
2164	115.8499985
2165	115.1100006
2166	114.7099991
2167	115.6200027
2168	115.2600021
2169	114.3399963
2170	115.4899979
2171	115.8300018
2172	115.7399979
2173	115.1100006
2174	115.7900009
2175	116.0199966
2176	115.0100021
2177	115.6600037
2178	115.8899994
2179	115.9300003
2180	114.9199982
2181	115.5100021
2182	116.0800018
2183	115.2200012
2184	115.1999969
2185	115.3399963
2186	115.3399963
2187	113.6800003
2188	114.2900009
2189	112.1699982
2190	111.1800003
2191	111.8799973
2192	110.0699997
2193	108.5999985
2194	108.4300003
2195	108.7600021
2196	107.4800034
2197	106.7699966
2198	107.9000015
2199	107.8799973
2200	106.6999969
2201	106.9800034
2202	108.2200012
2203	107.3199997
2204	107.3399963
2205	108.4300003
2206	108.5500031
2207	108.1399994
2208	109.75
2209	110.3399963
2210	108.9499969
2211	110.6600037
2212	110.4700012
2213	110.8499985
2214	110.3000031
2215	111.2699966
2216	111.3899994
2217	110.4700012
2218	110.6600037
2219	111.6699982
2220	111.5800018
2221	110.8000031
2222	111.1200027
2223	111.3499985
2224	110.9100037
2225	111.1600037
2226	112.4599991
2227	112.0199966
2228	111.9599991
2229	111.8499985
2230	110.8000031
2231	110.7600021
2232	111.6200027
2233	111.4100037
2234	111.6200027
2235	112.1699982
2236	112.0599976
2237	112.0199966
2238	112.25
2239	112.4400024
2240	111.25
2241	111.5800018
2242	112.4199982
2243	111.4800034
2244	112.4000015
2245	112.8199997
2246	112.8199997
2247	111.8300018
2248	112.6299973
2249	112.8000031
2250	111.9800034
2251	112.8199997
2252	111.9000015
2253	111.4100037
2254	112.1900024
2255	112.6699982
2256	110.9300003
2257	111.1600037
2258	112.0400009
2259	112.4700012
2260	111.3700027
2261	112.3799973
2262	112.25
2263	110.9899979
2264	112.6800003
2265	111.8099976
2266	111.1200027
2267	112.5299988
2268	112.3399963
2269	112.1900024
2270	111.7099991
2271	112.7399979
2272	112.6699982
2273	111.4599991
2274	113.0899963
2275	111.3700027
2276	111.25
2277	112.9700012
2278	112.5500031
2279	111.2200012
2280	112.3000031
2281	113.0100021
2282	111.1399994
2283	111.6699982
2284	112.6500015
2285	111.3099976
2286	112.6100006
2287	112.4000015
2288	111.0400009
2289	112.3799973
2290	111.4300003
2291	110.6399994
2292	111.8799973
2293	111.7099991
2294	111.1600037
2295	112.3199997
2296	112.6999969
2297	111.2699966
2298	111.6200027
2299	112.1699982
2300	112.3199997
2301	111.3300018
2302	112.8000031
2303	112.4000015
2304	111.2300034
2305	112.1500015
2306	112.1900024
2307	112.1900024
2308	111.4300003
2309	112.2099991
2310	112.25
2311	111.6500015
2312	111.1999969
2313	112.0699997
2314	112.0199966
2315	110.8499985
2316	110.9700012
2317	111.9800034
2318	112.6999969
2319	111.25
2320	111.3300018
2321	112.3799973
2322	111.6500015
2323	111.2300034
2324	112.2600021
2325	111.9599991
2326	111.3700027
2327	112.9700012
2328	113.2799988
2329	111.4300003
2330	111.3499985
2331	112.9300003
2332	112.6800003
2333	111.75
2334	111.9599991
2335	112.3399963
2336	112.6100006
2337	112.6699982
2338	111.7300034
2339	111.9800034
2340	112.2300034
2341	112.8199997
2342	112.2600021
2343	111.25
2344	111.6699982
2345	112.0899963
2346	113.3300018
2347	112.8399963
2348	111.6699982
2349	111.75
2350	112.6100006
2351	112.2099991
2352	112.2600021
2353	112.5699997
2354	112.3600006
2355	111.7300034
2356	111.5400009
2357	112.25
2358	112.5100021
2359	112.9100037
2360	112.4400024
2361	112.6100006
2362	110.9300003
2363	111.2699966
2364	110.9700012
2365	111.3700027
2366	110.9300003
2367	111.9199982
2368	111.7300034
2369	111.75
2370	112.2600021
2371	112.0199966
2372	112.0699997
2373	112.3600006
2374	112.1900024
2375	112.3600006
2376	111.9000015
2377	112.6800003
2378	112.8199997
2379	112.0899963
2380	112.6500015
2381	111.8099976
2382	112.3199997
2383	113.1399994
2384	112.3600006
2385	112.3399963
2386	111.4400024
2387	111.9199982
2388	112.5100021
2389	112.2099991
2390	112.1299973
2391	111.9800034
2392	112.0400009
2393	112.6299973
2394	112
2395	111.9199982
2396	112.5500031
2397	112.7200012
2398	112.5299988
2399	112.2600021
2400	112.0599976
2401	112.3199997
2402	111.9199982
2403	111.7300034
2404	112.1500015
2405	112
2406	112.3799973
2407	112.9300003
2408	112.4199982
2409	112.5699997
2410	112.2099991
2411	112.1500015
2412	112.2099991
2413	112.1100006
2414	112.0599976
2415	111.8799973
2416	112.1299973
2417	112.5699997
2418	112.4199982
2419	112.1900024
2420	111.8300018
2421	111.7099991
2422	111.3099976
2423	112.0400009
2424	111.7099991
2425	111.4800034
2426	110.6100006
2427	110.7600021
2428	110.9300003
2429	111.3099976
2430	110.8899994
2431	112.0899963
2432	111.3300018
2433	111.8099976
2434	111.4800034
2435	111.1800003
2436	111.3099976
2437	111.8799973
2438	112.0899963
2439	111.5400009
2440	111.5199966
2441	112.25
2442	112.2099991
2443	111.9800034
2444	112.1299973
2445	112.6100006
2446	112.5500031
2447	111.9199982
2448	113.2200012
2449	112.0199966
2450	112.2099991
2451	112.6699982
2452	112.4199982
2453	111.9400024
2454	111.3499985
2455	111.6399994
2456	112.0199966
2457	111.2300034
2458	111.4599991
2459	111.1200027
2460	110.5899963
2461	110.9700012
2462	111.0999985
2463	111.1800003
2464	110.7200012
2465	111.4100037
2466	110.6200027
2467	111.1999969
2468	111.2900009
2469	112.1699982
2470	111.8499985
2471	111.9400024
2472	112.0599976
2473	111.9800034
2474	111.7900009
2475	111.9400024
2476	111.8300018
2477	111.7099991
2478	111.9599991
2479	113.2900009
2480	112.7200012
2481	113.1800003
2482	113.2600021
2483	113.8499985
2484	113.2900009
2485	114.1200027
2486	114.1299973
2487	113.9199982
2488	113.75
2489	114.4800034
2490	114.1200027
2491	113.75
2492	112.9700012
2493	113.9599991
2494	112.6999969
2495	114.0199966
2496	113.5999985
2497	113.4100037
2498	113.6999969
2499	113.9599991
2500	113.5400009
2501	114.5899963
2502	115.0899963
2503	114.4599991
2504	114.4400024
2505	114.9899979
2506	114.0400009
2507	114.7399979
2508	114.4599991
2509	114.4000015
2510	114
2511	114.5
2512	114.2099991
2513	113.9599991
2514	114
2515	113.4700012
2516	113.8099976
2517	113.75
2518	113.2200012
2519	114.2900009
2520	113.9599991
2521	114.0599976
2522	114.2300034
2523	114.2099991
2524	114.8799973
2525	114.3799973
2526	114.5
2527	114.3399963
2528	113.4499969
2529	113.3300018
2530	113.5999985
2531	113.2200012
2532	113.9100037
2533	114.8000031
2534	114.5699997
2535	114.9400024
2536	114.7300034
2537	114.1900024
2538	113.6399994
2539	113.5999985
2540	114.4400024
2541	114.5199966
2542	115.1500015
2543	114.3199997
2544	114.1699982
2545	113.9800034
2546	113.7699966
2547	113.7099991
2548	114.5199966
2549	115.3899994
2550	115.0899963
2551	113.8499985
2552	114.0599976
2553	114.2300034
2554	114.4800034
2555	115.4499969
2556	113.5400009
2557	113.7099991
2558	114.2900009
2559	114.1200027
2560	115.0899963
2561	114.8000031
2562	114.1299973
2563	113.8700027
2564	113.5199966
2565	114.9899979
2566	113.8300018
2567	113.7699966
2568	113.7699966
2569	113.5599976
2570	114.3199997
2571	114.5899963
2572	113.8300018
2573	113.8700027
2574	114.1299973
2575	115.2799988
2576	114.4800034
2577	113.9599991
2578	114.25
2579	115.2200012
2580	114.9199982
2581	113.7699966
2582	113.9800034
2583	114.6100006
2584	115.0699997
2585	114.0999985
2586	114.0800018
2587	113.6800003
2588	114.9899979
2589	114.9000015
2590	113.9199982
2591	113.5
2592	115.1500015
2593	115.6600037
2594	114.1699982
2595	114.1200027
2596	115.4499969
2597	115.5800018
2598	114.6900024
2599	114.0199966
2600	114.5199966
2601	114.8799973
2602	115.7399979
2603	114.6900024
2604	113.9800034
2605	113.2399979
2606	113.4899979
2607	114.2900009
2608	114.4800034
2609	115.2600021
2610	115.2799988
2611	115.1600037
2612	114.0999985
2613	113.9599991
2614	114.7799988
2615	114.7600021
2616	114.8799973
2617	115.0899963
2618	114.3600006
2619	113.9800034
2620	113.5800018
2621	114.8000031
2622	114.6699982
2623	114.8199997
2624	115.3499985
2625	114.9700012
2626	114.5299988
2627	114.5500031
2628	114.6100006
2629	113.8899994
2630	114.1200027
2631	114.2300034
2632	114.5
2633	115.0500031
2634	115.2200012
2635	114.5899963
2636	114.5299988
2637	113.75
2638	113.7900009
2639	114.3799973
2640	115.2399979
2641	115.6399994
2642	115.1999969
2643	115.3700027
2644	114.8399963
2645	114.6299973
2646	114.7600021
2647	114.6900024
2648	114.7399979
2649	114.6500015
2650	115.0100021
2651	115.3700027
2652	115.4300003
2653	115.2200012
2654	115.1800003
2655	115.6399994
2656	114.5699997
2657	115.1299973
2658	114.1699982
2659	113.8700027
2660	113.7699966
2661	113.3899994
2662	113.6999969
2663	113.3300018
2664	112.9300003
2665	111.9000015
2666	110.8700027
2667	110.8199997
2668	109.8399963
2669	108.8899994
2670	108.2399979
2671	107.8399963
2672	106.9199982
2673	106.2799988
2674	106.8300018
2675	106.9199982
2676	108.1299973
2677	107.9700012
2678	109.1200027
2679	109.1600037
2680	109.1699982
2681	108.7399979
2682	108.2799988
2683	107.9899979
2684	108.2600021
2685	109.4800034
2686	110.0899963
2687	109.9800034
2688	110.7200012
2689	110.6999969
2690	109.9800034
2691	110.1900024
2692	110.9100037
2693	111.9599991
2694	111.5199966
2695	110.1999969
2696	110.4499969
2697	110.9899979
2698	111.1399994
2699	111.6900024
2700	110.2600021
2701	110.5299988
2702	110.9700012
2703	111.6900024
2704	111.8600006
2705	112.6100006
2706	111.1399994
2707	110.7600021
2708	111.2900009
2709	111.7300034
2710	110.6600037
2711	110.8300018
2712	111.2300034
2713	111.0100021
2714	110.1699982
2715	111.7900009
2716	112.6500015
2717	111.7699966
2718	111.6699982
2719	111.7699966
2720	111.8600006
2721	110.9899979
2722	112.4000015
2723	111.9199982
2724	111.5199966
2725	110.7399979
2726	111.0400009
2727	111.9000015
2728	110.4100037
2729	111.4800034
2730	112.25
2731	111.2300034
2732	112.1100006
2733	112.1699982
2734	110.7399979
2735	111.2300034
2736	111.7099991
2737	111.1600037
2738	111.5599976
2739	112.0599976
2740	111.8300018
2741	111.2200012
2742	111.3700027
2743	112.5699997
2744	111.2300034
2745	111.5400009
2746	111.5999985
2747	112.1900024
2748	110.7799988
2749	111.8499985
2750	111.7300034
2751	112.1299973
2752	110.9499969
2753	110.8700027
2754	111.5
2755	112.3000031
2756	111.5599976
2757	110.8499985
2758	110.6100006
2759	111.6500015
2760	111.5199966
2761	110.8300018
2762	111.0999985
2763	111.7300034
2764	111.9800034
2765	111.7099991
2766	110.8000031
2767	111.3499985
2768	111.7099991
2769	110.9300003
2770	111.3499985
2771	111.9800034
2772	111.8499985
2773	110.8499985
2774	110.8300018
2775	112.1699982
2776	112.4899979
2777	111.75
2778	111.0800018
2779	112
2780	112.1100006
2781	112.0699997
2782	110.0299988
2783	110.8199997
2784	111.7099991
2785	111.5800018
2786	110.7799988
2787	111.7300034
2788	111.1999969
2789	111.3899994
2790	110.1699982
2791	110.5899963
2792	111.7300034
2793	111.4599991
2794	110.9100037
2795	110.5299988
2796	111.9400024
2797	111.5
2798	111.1800003
2799	111.1399994
2800	111.8799973
2801	112.2799988
2802	111.9400024
2803	110.8300018
2804	111.0400009
2805	111.9199982
2806	111.8099976
2807	110.9300003
2808	111.75
2809	111.9599991
2810	110.5699997
2811	110.9899979
2812	111.7900009
2813	111.9400024
2814	110.8000031
2815	111.0999985
2816	112.2300034
2817	112.3799973
2818	110.5899963
2819	112.4199982
2820	112.2099991
2821	111.25
2822	111.0599976
2823	111.5400009
2824	112.4000015
2825	112.1699982
2826	110.4700012
2827	111.9599991
2828	111.7099991
2829	112.1100006
2830	110.6399994
2831	111.2200012
2832	111.8300018
2833	111.8600006
2834	111.1399994
2835	110.9300003
2836	111.1600037
2837	109.75
2838	109.3300018
2839	108.9700012
2840	108.8499985
2841	109.1399994
2842	109.9400024
2843	110.1999969
2844	111.1399994
2845	110.9700012
2846	110.6600037
2847	111.7099991
2848	111.3499985
2849	111.8600006
2850	111.7300034
2851	111.8499985
2852	111.0100021
2853	110.9100037
2854	110.1900024
2855	110.7200012
2856	111.2900009
2857	111.7300034
2858	112.1900024
2859	111.2200012
2860	112
2861	110.3199997
2862	110.9899979
2863	110.8000031
2864	110.7399979
2865	110.9899979
2866	111.5800018
2867	111.9199982
2868	111.1200027
2869	110.5299988
2870	111.0100021
2871	111.9800034
2872	112.3199997
2873	112.1100006
2874	112.1299973
2875	111.2900009
2876	110.9700012
2877	111.1800003
2878	111.0100021
2879	111.8099976
2880	112.0400009
2881	112.0199966
2882	112.1299973
2883	112.0599976
2884	110.9100037
2885	111.0299988
2886	110.8700027
2887	110.9899979
2888	111.4800034
2889	111.7699966
2890	111.7300034
2891	111.9800034
2892	111.4599991
2893	110.7200012
2894	111.0800018
2895	111.6900024
2896	111.6900024
2897	111.4300003
2898	111.0800018
2899	112.3199997
2900	112.5299988
2901	111.9000015
2902	111.75
2903	110.2799988
2904	111.6699982
2905	112.0400009
2906	112.6500015
2907	111.0599976
2908	111.0400009
2909	112.0699997
2910	112.2600021
2911	112.0400009
2912	111.2200012
2913	110.8700027
2914	110.9700012
2915	111.5599976
2916	111.7900009
2917	110.6100006
2918	110.9499969
2919	111.6399994
2920	111.5999985
2921	113.0299988
2922	111.0400009
2923	111.2699966
2924	112.3600006
2925	112.4700012
2926	111.9800034
2927	110.8300018
2928	111.9800034
2929	112.0400009
2930	111.3899994
2931	111.4400024
2932	112.2600021
2933	112.7399979
2934	112.1699982
2935	111.3300018
2936	111.4599991
2937	111.8499985
2938	112.1900024
2939	111.0400009
2940	111.0400009
2941	112.0199966
2942	112.9499969
2943	111.8099976
2944	111.9599991
2945	112.4700012
2946	113.4899979
2947	112.6800003
2948	112.2099991
2949	111.5999985
2950	112.7799988
2951	113.0899963
2952	112.9300003
2953	112.3399963
2954	112.6500015
2955	113.7900009
2956	113.6600037
2957	112.5899963
2958	112.8399963
2959	114.3099976
2960	114.4400024
2961	113.5999985
2962	113.9599991
2963	115.0699997
2964	113.8499985
2965	114.0800018
2966	114.7099991
2967	115.3199997
2968	113.5199966
2969	114.5299988
2970	115.2799988
2971	115.5100021
2972	113.8099976
2973	115.4300003
2974	114.8600006
2975	115.3899994
2976	114.2300034
2977	114.6900024
2978	115.0100021
2979	115.5999985
2980	114.1299973
2981	114.8000031
2982	114.6500015
2983	113.8700027
2984	114.7399979
2985	115.1500015
2986	114.7600021
2987	114.4400024
2988	114.3600006
2989	115.1500015
2990	114.0999985
2991	114.9499969
2992	115.3000031
2993	114.6100006
2994	114.7300034
2995	114.1200027
2996	115.1800003
2997	114.8199997
2998	115.6399994
2999	115.5299988
3000	115.4700012
3001	115.4100037
3002	115.0899963
3003	114.4800034
3004	115.6999969
3005	115.6999969
3006	115.5599976
3007	115.2799988
3008	115.3399963
3009	114.9700012
3010	115.1800003
3011	115.2200012
3012	116.2099991
3013	114.1900024
3014	114.1900024
3015	115.6600037
3016	115.8899994
3017	114.9700012
3018	114.8000031
3019	114.7099991
3020	115.9499969
3021	115.6800003
3022	114.6299973
3023	114.6100006
3024	115.7699966
3025	115.8700027
3026	115.4300003
3027	115.5500031
3028	115.5500031
3029	116.6100006
3030	115.5999985
3031	116.5599976
3032	115.3499985
3033	115.1800003
3034	115.0100021
3035	116.1800003
3036	116.5199966
3037	115.9100037
3038	115.2600021
3039	115.5100021
3040	115.4300003
3041	116.3799973
3042	116.4199982
3043	115.9300003
3044	114.9899979
3045	115.6200027
3046	114.9000015
3047	115.1600037
3048	115.5599976
3049	115.8099976
3050	116.1399994
3051	116.1800003
3052	115.1800003
3053	115.6200027
3054	115.4300003
3055	115.7600021
3056	115.1299973
3057	115.8300018
3058	115.9499969
3059	116.6699982
3060	116.4199982
3061	115.4700012
3062	115.6800003
3063	115.7900009
3064	116.2699966
3065	115.5500031
3066	116.4400024
3067	116.5
3068	115.8099976
3069	116.4000015
3070	116
3071	116.2300034
3072	115.5100021
3073	115.0500031
3074	115.2600021
3075	116.0999985
3076	116.1900024
3077	116.4400024
3078	116.7099991
3079	116.7699966
3080	115.4100037
3081	115.8300018
3082	115.9100037
3083	115.2600021
3084	115.3399963
3085	115.4899979
3086	115.7600021
3087	115.3499985
3088	116.2099991
3089	116.5800018
3090	115.9100037
3091	116.5
3092	116.5
3093	116.7099991
3094	116.3700027
3095	116.9199982
3096	117.1900024
3097	116.3099976
3098	116.0800018
3099	115.6399994
3100	116.3300018
3101	116.2900009
3102	115.8300018
3103	116.4000015
3104	116.8199997
3105	115.6600037
3106	115.9100037
3107	117.2099991
3108	116.3300018
3109	116.8799973
3110	117.2200012
3111	116.8600006
3112	117
3113	116.9199982
3114	116.4599991
3115	115.6600037
3116	116.7099991
3117	115.6200027
3118	115.9100037
3119	115.7600021
3120	116.1600037
3121	116.0199966
3122	116.6299973
3123	116.4000015
3124	116.0400009
3125	116.8199997
3126	116.8399963
3127	116.7699966
3128	116.2099991
3129	116.1399994
3130	116.5
3131	116.6299973
3132	116.4199982
3133	115.8499985
3134	114.8000031
3135	114.9499969
3136	113.75
3137	112.5699997
3138	110.8000031
3139	110.1900024
3140	109.8000031
3141	109
3142	108.5599976
3143	108.1299973
3144	108.1800003
3145	107.8000031
3146	108.2200012
3147	108.3700027
3148	109.6900024
3149	109.8199997
3150	109.2900009
3151	110.0100021
3152	110
3153	111.2200012
3154	111.1399994
3155	110.6200027
3156	111.1999969
3157	109.9599991
3158	110.6999969
3159	110.7799988
3160	110.9899979
3161	112
3162	112.8000031
3163	112.1900024
3164	112.5100021
3165	112.5899963
3166	112.1500015
3167	112.1299973
3168	111.9000015
3169	113.0999985
3170	113.4300003
3171	112.9499969
3172	112.2600021
3173	112.5899963
3174	112.2600021
3175	112.3199997
3176	112.9100037
3177	112.6999969
3178	113.3099976
3179	113.4300003
3180	112.8000031
3181	112.25
3182	112.0699997
3183	112.7399979
3184	113.3700027
3185	113.4300003
3186	113.2200012
3187	112.9300003
3188	112.6299973
3189	112.6100006
3190	112.7799988
3191	113.0299988
3192	113.8899994
3193	113.8300018
3194	112.9100037
3195	112.3399963
3196	113.3899994
3197	113.3499985
3198	113.7900009
3199	113.0899963
3200	112.9700012
3201	113.0699997
3202	113.7300034
3203	113.8300018
3204	113.0699997
3205	112.5699997
3206	113.4100037
3207	114.0800018
3208	114.1299973
3209	113.1399994
3210	112.9300003
3211	112.6699982
3212	113.5800018
3213	113.4899979
3214	113.4700012
3215	112.8600006
3216	112.8000031
3217	113.7300034
3218	114.0599976
3219	112.9300003
3220	112.1900024
3221	113.5400009
3222	113.5400009
3223	113.8899994
3224	113.6600037
3225	113.4499969
3226	113.0899963
3227	113.4499969
3228	113.9199982
3229	113.1600037
3230	113.0100021
3231	112.6500015
3232	112.6699982
3233	113.75
3234	113.9199982
3235	113.0500031
3236	112.4199982
3237	113.1999969
3238	112.6800003
3239	112.5100021
3240	113.75
3241	113.1999969
3242	113.0299988
3243	113.0500031
3244	114.4599991
3245	114.2699966
3246	112.9300003
3247	112.4400024
3248	112.6999969
3249	113.4100037
3250	114.3199997
3251	113.9400024
3252	113.2600021
3253	112.6100006
3254	113.9400024
3255	113.5199966
3256	113.8499985
3257	113.6999969
3258	113.0699997
3259	114.2099991
3260	114.1299973
3261	113.6399994
3262	113.4300003
3263	112.6999969
3264	113.6600037
3265	113.9599991
3266	113.1600037
3267	112.4400024
3268	112.7799988
3269	113.7300034
3270	113.5999985
3271	114.4800034
3272	113.2200012
3273	112.6500015
3274	113.6200027
3275	113.8899994
3276	114.3799973
3277	113.3300018
3278	112.9700012
3279	113.0999985
3280	113.6999969
3281	113.5400009
3282	113.4499969
3283	113.2200012
3284	112.9499969
3285	113.1999969
3286	113.5999985
3287	113.9400024
3288	113.8300018
3289	113.4499969
3290	112.8199997
3291	114.1299973
3292	114.2099991
3293	112.9700012
3294	112.7600021
3295	113.3499985
3296	113.8099976
3297	113.9100037
3298	113.3300018
3299	112.8600006
3300	113.7099991
3301	114.3099976
3302	114.3399963
3303	112.9899979
3304	113.9100037
3305	113.7300034
3306	114.3799973
3307	113.7099991
3308	112.6800003
3309	113.4300003
3310	113.8499985
3311	114.4199982
3312	112.6800003
3313	112.7600021
3314	114.25
3315	113.9800034
3316	113.3300018
3317	113.2200012
3318	113.8499985
3319	114.1200027
3320	113.2200012
3321	113.2600021
3322	112.9300003
3323	112.9100037
3324	113.8499985
3325	113.8099976
3326	113.5800018
3327	113.2399979
3328	113.0100021
3329	113.3099976
3330	113.8099976
3331	113.6800003
3332	112.8399963
3333	112.5100021
3334	113.0500031
3335	113.5599976
3336	113.3899994
3337	113.75
3338	113.3899994
3339	113.0999985
3340	112.3600006
3341	113.3700027
3342	113.6600037
3343	113.9100037
3344	113.0999985
3345	113.7300034
3346	113.0299988
3347	113.9599991
3348	113.5400009
3349	112.6100006
3350	113.4300003
3351	112.4599991
3352	113.5
3353	113.5199966
3354	113.1800003
3355	114.1200027
3356	113.9199982
3357	114.1299973
3358	113.6200027
3359	113.8099976
3360	112.5899963
3361	112.4000015
3362	113.0100021
3363	112.6800003
3364	113.5199966
3365	113.7699966
3366	113.3499985
3367	113.7699966
3368	114.2099991
3369	112.9100037
3370	113.0699997
3371	112.4000015
3372	113.6800003
3373	113.9100037
3374	113.9400024
3375	112.9100037
3376	112.6299973
3377	113.3099976
3378	112.9899979
3379	113.6600037
3380	113.3499985
3381	113.6200027
3382	113.9400024
3383	114.3399963
3384	113.8700027
3385	113.0100021
3386	112.5500031
3387	113.5999985
3388	114.1900024
3389	113.8099976
3390	113.0999985
3391	112.4000015
3392	113.5599976
3393	113.9199982
3394	113.3499985
3395	113.0899963
3396	112.4899979
3397	112.6999969
3398	113.4300003
3399	113.0500031
3400	113.9599991
3401	112.3000031
3402	113.6999969
3403	112.9100037
3404	113.0999985
3405	113.1399994
3406	113.4300003
3407	113.5199966
3408	113.0100021
3409	111.8799973
3410	112.5100021
3411	113.4300003
3412	114.6100006
3413	113.3499985
3414	113.0299988
3415	112.2799988
3416	112.3000031
3417	112.8399963
3418	112.7799988
3419	112.2799988
3420	113.2600021
3421	112.8799973
3422	113.3899994
3423	113.2799988
3424	114.1200027
3425	113.8700027
3426	113.75
3427	113.6600037
3428	114.0599976
3429	113.2900009
3430	113.4899979
3431	112.9100037
3432	113.9100037
3433	113.9800034
3434	113.8499985
3435	114.0599976
3436	113.8899994
3437	114.3199997
3438	114.9499969
3439	114.9000015
3440	115.4100037
3441	115.0299988
3442	115.9300003
3443	115.1999969
3444	115.4899979
3445	115.4499969
3446	114.4000015
3447	114.1299973
3448	114.0999985
3449	114.6500015
3450	115.0899963
3451	115.3899994
3452	115.3499985
3453	115.4700012
3454	116.0400009
3455	115.2600021
3456	116.0199966
3457	114.5
3458	115.0299988
3459	114.0599976
3460	114.3099976
3461	115.1800003
3462	115.3399963
3463	115.0699997
3464	115.3499985
3465	116.2300034
3466	116.6900024
3467	115.5100021
3468	115.4300003
3469	116
3470	115.6399994
3471	114.4400024
3472	115.0299988
3473	114.7399979
3474	114.7099991
3475	115.1299973
3476	115.2200012
3477	115.0100021
3478	115.7600021
3479	115.9700012
3480	115.4300003
3481	115.1100006
3482	113.7900009
3483	114.0599976
3484	114.7099991
3485	115.5500031
3486	116.0599976
3487	115.0500031
3488	114.5899963
3489	115.1600037
3490	115.8899994
3491	115.8700027
3492	115.7200012
3493	115.6200027
3494	114.4000015
3495	115.6200027
3496	116
3497	115.3199997
3498	115.5999985
3499	115.5999985
3500	114.8399963
3501	114.7099991
3502	115.1299973
3503	115.3399963
3504	115.2600021
3505	115.1600037
3506	115.0100021
3507	114.6299973
3508	114.9499969
3509	115.7900009
3510	115.7200012
3511	115.5100021
3512	114.4199982
3513	114.9000015
3514	115.1600037
3515	114.7799988
3516	115.2799988
3517	115.4700012
3518	115.5100021
3519	115.6600037
3520	114.9899979
3521	115.1999969
3522	115.3700027
3523	115.9800034
3524	116.3799973
3525	115.6399994
3526	115.0299988
3527	114.0800018
3528	115.4700012
3529	116.1900024
3530	115.5100021
3531	115.9800034
3532	115.1100006
3533	114.8199997
3534	114.6100006
3535	115.7699966
3536	116
3537	115.3700027
3538	115.3700027
3539	114.9000015
3540	114.5899963
3541	114.5199966
3542	114.8399963
3543	115.6600037
3544	115.1800003
3545	114.5299988
3546	116.2699966
3547	115.9700012
3548	115.2799988
3549	114.1900024
3550	116.1800003
3551	116.0599976
3552	115.9100037
3553	115.1800003
3554	114.7300034
3555	115.2399979
3556	115.8499985
3557	115.5299988
3558	115.0299988
3559	115.3000031
3560	114.9400024
3561	116.75
3562	115.4100037
3563	115.3000031
3564	114.1900024
3565	116.0999985
3566	116.0599976
3567	115.3399963
3568	114.8399963
3569	115.0500031
3570	115.8099976
3571	116.2900009
3572	114.6500015
3573	114.9400024
3574	114.7799988
3575	116.2300034
3576	115.7699966
3577	114.8199997
3578	114.2099991
3579	115.4499969
3580	116.1200027
3581	115.5100021
3582	114.7399979
3583	115.8300018
3584	115.5800018
3585	114.5199966
3586	115.3399963
3587	116.5599976
3588	115.1500015
3589	114.5899963
3590	115.7200012
3591	116.1600037
3592	114.6900024
3593	114.2300034
3594	115.9700012
3595	116.2099991
3596	115.3700027
3597	114.5
3598	115.1600037
3599	116.1800003
3600	115.2399979
3601	114.6299973
3602	114.9899979
3603	115.4100037
3604	115.5100021
3605	113.9199982
3606	114.3199997
3607	113.9800034
3608	113.4499969
3609	111.5199966
3610	111.1200027
3611	111.1200027
3612	110.4700012
3613	108.4300003
3614	108.4499969
3615	108.4100037
3616	108.1800003
3617	107.4800034
3618	108.3199997
3619	108.6800003
3620	107.8199997
3621	107.4599991
3622	109.0999985
3623	108.1399994
3624	108.3399963
3625	108.9800034
3626	109.7099991
3627	109.8799973
3628	108.9300003
3629	110.6200027
3630	110.6800003
3631	109.0199966
3632	110.8300018
3633	110.4000015
3634	109.9000015
3635	110.8899994
3636	111.2200012
3637	111.0100021
3638	110.8499985
3639	110.9899979
3640	111.0800018
3641	110.6600037
3642	111.1999969
3643	111.6399994
3644	110.5500031
3645	110.1500015
3646	111.4400024
3647	110.8000031
3648	111.0999985
3649	110.8899994
3650	111.75
3651	111.1800003
3652	111.0599976
3653	110.9300003
3654	110.9300003
3655	111.4400024
3656	110.4700012
3657	111.2200012
3658	111.5199966
3659	111.25
3660	111.0100021
3661	110.7799988
3662	111.8300018
3663	112.2600021
3664	112.0699997
3665	110.4100037
3666	112.0400009
3667	112.2600021
3668	111.6900024
3669	110.9899979
3670	111.5199966
3671	111.1200027
3672	111.1399994
3673	112.4199982
3674	111.8799973
3675	112.4199982
3676	110.7799988
3677	110.5899963
3678	110.9499969
3679	111.4800034
3680	112.25
3681	111.1600037
3682	110.6399994
3683	112.1100006
3684	111.8600006
3685	112
3686	112.0199966
3687	110.3600006
3688	111.4800034
3689	111.8499985
3690	112.5899963
3691	112.3799973
3692	111.3300018
3693	111.2900009
3694	111.3099976
3695	110.6800003
3696	111.25
3697	111.2699966
3698	112.9499969
3699	112.0400009
3700	112.4000015
3701	111.7099991
3702	111.8300018
3703	111.1399994
3704	111.5800018
3705	112.3199997
3706	112.0899963
3707	112.4000015
3708	112.0400009
3709	111.9800034
3710	111.3499985
3711	111.5
3712	111.3099976
3713	111.6699982
3714	110.6100006
3715	111.8099976
3716	111.7900009
3717	112.0199966
3718	111.3499985
3719	111.2900009
3720	111.75
3721	112.5299988
3722	112.4199982
3723	112.1100006
3724	112.2799988
3725	111.1999969
3726	111.5400009
3727	111.3499985
3728	111.1999969
3729	111.4400024
3730	112.6999969
3731	112.3600006
3732	111.3700027
3733	111.3099976
3734	110.4499969
3735	111.0999985
3736	112.1900024
3737	112.0699997
3738	112.0899963
3739	111.0100021
3740	110.2600021
3741	111.1399994
3742	112.4199982
3743	111.8499985
3744	111.8799973
3745	110.5899963
3746	110.0500031
3747	110.9700012
3748	111.8799973
3749	112.1500015
3750	112.2300034
3751	112.0699997
3752	111.0400009
3753	111.6500015
3754	111.5400009
3755	111.5599976
3756	112.25
3757	111.5599976
3758	111.4100037
3759	111.4400024
3760	111.5599976
3761	111.7900009
3762	112.1299973
3763	111.1999969
3764	110.4700012
3765	110.4700012
3766	111.8799973
3767	111.75
3768	111.9400024
3769	111.0999985
3770	110.4700012
3771	110.5500031
3772	110.7200012
3773	111.25
3774	111.6900024
3775	111.3300018
3776	111.7300034
3777	110.3600006
3778	110.5699997
3779	111.1600037
3780	111.5800018
3781	111.0100021
3782	111.1800003
3783	111.0100021
3784	110.5500031
3785	111.5400009
3786	111.2300034
3787	111.5800018
3788	112.0199966
3789	111.3700027
3790	110.6399994
3791	110.1500015
3792	110.6999969
3793	110.6399994
3794	112.2799988
3795	111.9599991
3796	112.1299973
3797	111.8600006
3798	111.3300018
3799	110.6200027
3800	111.0400009
3801	110.6399994
3802	110.4700012
3803	111.6900024
3804	112.4599991
3805	111.8799973
3806	112.2600021
3807	111.9599991
3808	112.4599991
3809	112.2300034
3810	111.1399994
3811	111.0400009
3812	110.3799973
3813	110.3799973
3814	110.4100037
3815	110.9700012
3816	110.9300003
3817	111.5199966
3818	111.7699966
3819	111.2300034
3820	111.7300034
3821	111.9199982
3822	111.8099976
3823	111.7099991
3824	111.7300034
3825	112.2099991
3826	112.1699982
3827	111.6500015
3828	111.5400009
3829	112.3000031
3830	111.7099991
3831	111.3899994
3832	111.5800018
3833	111.5599976
3834	111.3099976
3835	111.5800018
3836	111.0100021
3837	110.5299988
3838	111.8600006
3839	111.0299988
3840	111.4800034
3841	110.8899994
3842	111.3300018
3843	112
3844	111.5800018
3845	112
3846	112.3399963
3847	111.9000015
3848	111.9199982
3849	111.8300018
3850	111.7300034
3851	111.8300018
3852	111.5599976
3853	111.1999969
3854	111.25
3855	110.1900024
3856	110.4700012
3857	110.2399979
3858	110.5299988
3859	111.0999985
3860	111.3499985
3861	112.4199982
3862	111.2900009
3863	111.4300003
3864	111.9599991
3865	112.0599976
3866	112.1900024
3867	111.75
3868	112.2300034
3869	111.9599991
3870	111.1800003
3871	111.8099976
3872	111.1999969
3873	111.6500015
3874	111.5800018
3875	111.9800034
3876	111.6399994
3877	110
3878	110.4499969
3879	110.6999969
3880	111.4300003
3881	112.1699982
3882	111.8300018
3883	111.2699966
3884	110.9300003
3885	110.6600037
3886	111.8499985
3887	111.9199982
3888	111.75
3889	111.8799973
3890	111.5400009
3891	110.8000031
3892	111.8099976
3893	112.0899963
3894	112.0699997
3895	111.5199966
3896	110.9700012
3897	110.5500031
3898	111.7099991
3899	112.4599991
3900	111.4300003
3901	111.3499985
3902	111.0800018
3903	111.2200012
3904	112.5299988
3905	113.3300018
3906	112.7399979
3907	112.6699982
3908	111.6399994
3909	112.3000031
3910	112.6699982
3911	113.4300003
3912	112.1299973
3913	112.6500015
3914	113.8700027
3915	113.1399994
3916	114.0400009
3917	112.9100037
3918	112.6299973
3919	112.9899979
3920	113.6600037
3921	113.0100021
3922	113.0100021
3923	113.4100037
3924	113.8899994
3925	113.5400009
3926	111.8600006
3927	113.1399994
3928	114.1699982
3929	113.8700027
3930	112.4199982
3931	113.1800003
3932	113.5800018
3933	112.6699982
3934	112.8000031
3935	113.6399994
3936	113.8099976
3937	112.1500015
3938	113.5599976
3939	113.3300018
3940	113.2200012
3941	112.2300034
3942	113.8099976
3943	113.4100037
3944	112.7600021
3945	111.5400009
3946	112.9300003
3947	113.5999985
3948	112.9499969
3949	112.7799988
3950	112.4700012
3951	113.1800003
3952	114.0999985
3953	112.4199982
3954	112.6500015
3955	112.1100006
3956	113.3899994
3957	113.9599991
3958	112.8199997
3959	113.2900009
3960	113.1200027
3961	113.5199966
3962	113.4899979
3963	113.6999969
3964	113.2200012
3965	113.2900009
3966	113.9599991
3967	113.1999969
3968	113.5999985
3969	112.7399979
3970	112.3799973
3971	113.0899963
3972	113.0699997
3973	114.5500031
3974	114.2900009
3975	112.9300003
3976	113.0699997
3977	113.0699997
3978	113.0299988
3979	112.9100037
3980	113.5199966
3981	113.4700012
3982	113.6399994
3983	113.7699966
3984	112.9899979
3985	113.6200027
3986	113.5400009
3987	113.3700027
3988	113.0899963
3989	112.8899994
3990	112.4700012
3991	113.5
3992	112.8899994
3993	112.8799973
3994	113.4300003
3995	113.1200027
3996	113.1399994
3997	114.0199966
3998	114.0599976
3999	112.9499969
4000	114.3199997
4001	113.8300018
4002	114.2300034
4003	113.8099976
4004	114.5699997
4005	113.5800018
4006	113.7099991
4007	113.5
4008	113.5800018
4009	113.4499969
4010	113.75
4011	112.4400024
4012	112.5899963
4013	112.2600021
4014	112.6999969
4015	112.6100006
4016	112.6699982
4017	112.4000015
4018	113.0500031
4019	113.5400009
4020	113.8300018
4021	113.6399994
4022	113.6999969
4023	113.0899963
4024	112.9700012
4025	113.7699966
4026	113.0699997
4027	114
4028	113.3700027
4029	112.8899994
4030	112.3000031
4031	112.5299988
4032	112.4599991
4033	112.7600021
4034	113.2200012
4035	113.0299988
4036	113.3099976
4037	113.2799988
4038	113.2900009
4039	113.75
4040	113.8700027
4041	113.7300034
4042	113.6600037
4043	113.4499969
4044	113.5999985
4045	113.6399994
4046	113.1200027
4047	113.4700012
4048	111.6500015
4049	112.2600021
4050	112.1699982
4051	112.8199997
4052	112.5100021
4053	113.3499985
4054	113.0100021
4055	113.4499969
4056	113.0500031
4057	113.75
4058	112.3399963
4059	113.0500031
4060	113.1399994
4061	113.2900009
4062	113.9599991
4063	113.1999969
4064	113.1999969
4065	113.0699997
4066	112.7600021
4067	112.8199997
4068	113.6200027
4069	114.25
4070	113.6600037
4071	113.7099991
4072	112.6500015
4073	112.3799973
4074	112.7399979
4075	112.9899979
4076	113.7300034
4077	113.3099976
4078	112.2799988
4079	113.2200012
4080	112.3399963
4081	111.9000015
4082	110.9899979
4083	110.7600021
4084	109.2099991
4085	108.1299973
4086	108.2600021
4087	107.3399963
4088	107.8199997
4089	107.6100006
4090	106.5999985
4091	106.6399994
4092	106.0699997
4093	105.9300003
4094	106.3099976
4095	106.4100037
4096	107.5899963
4097	107.5500031
4098	108.4499969
4099	108.2399979
4100	107.6299973
4101	107.8000031
4102	106.8300018
4103	108.2799988
4104	108.8300018
4105	108.6399994
4106	109.4000015
4107	109.0800018
4108	107.8399963
4109	109.2900009
4110	109.5400009
4111	110.4499969
4112	110.0500031
4113	108.8700027
4114	108.8700027
4115	108.8700027
4116	108.9700012
4117	109.75
4118	109.6299973
4119	108.6800003
4120	109.3099976
4121	109.1399994
4122	109.3300018
4123	110.5699997
4124	110.1699982
4125	110
4126	109.6900024
4127	110.0299988
4128	110.4300003
4129	110.6399994
4130	110
4131	109.7099991
4132	110.1500015
4133	110.8899994
4134	110.2799988
4135	110.9700012
4136	110.0699997
4137	109.1600037
4138	109.8399963
4139	110.6399994
4140	111.1399994
4141	110.6999969
4142	109.6500015
4143	109.4599991
4144	110.6200027
4145	111.1200027
4146	110.6999969
4147	110.9100037
4148	109.7099991
4149	109.8199997
4150	110.8000031
4151	110.8300018
4152	111.0100021
4153	110.0100021
4154	109.5
4155	110.3600006
4156	111.0100021
4157	110.8700027
4158	110.5500031
4159	110.0899963
4160	109.7300034
4161	110.2399979
4162	110.6600037
4163	111.0100021
4164	110.1699982
4165	110.2799988
4166	110.0500031
4167	110.3199997
4168	109.0199966
4169	110.7200012
4170	110.2600021
4171	110.0699997
4172	109.9000015
4173	110.1900024
4174	110.3600006
4175	110.5899963
4176	110.6999969
4177	110.4899979
4178	110.1699982
4179	110.3799973
4180	110.9499969
4181	109.8399963
4182	109.7099991
4183	110.2600021
4184	111.2900009
4185	110.4700012
4186	109.75
4187	109.6699982
4188	110.8899994
4189	110.4300003
4190	110.8000031
4191	110.1900024
4192	110.8899994
4193	110.9300003
4194	110.8199997
4195	110.1299973
4196	109.6900024
4197	110.2600021
4198	110.4700012
4199	110.1999969
4200	109.6100006
4201	110.3399963
4202	111.3499985
4203	110.1500015
4204	109.5199966
4205	110.0299988
4206	110.8199997
4207	110.1699982
4208	109.9800034
4209	109.2900009
4210	110.1500015
4211	110.3600006
4212	110.2600021
4213	109.7699966
4214	109.5400009
4215	110.8199997
4216	110.4700012
4217	110.0699997
4218	110.1299973
4219	109.4000015
4220	110.9899979
4221	110.5100021
4222	109.6500015
4223	109.1900024
4224	110.0100021
4225	110.3399963
4226	109.3499985
4227	109.1900024
4228	109.6500015
4229	111.0100021
4230	109.4400024
4231	109.4199982
4232	109.75
4233	110.5100021
4234	110.5299988
4235	108.8899994
4236	109.5599976
4237	110.7200012
4238	110.2799988
4239	110.4000015
4240	110.1999969
4241	110.0899963
4242	110.6399994
4243	110.9300003
4244	109.6699982
4245	110.1900024
4246	110.4000015
4247	110.8300018
4248	109.2900009
4249	110.1900024
4250	110.2399979
4251	111.0400009
4252	109.7900009
4253	109.4000015
4254	109.6100006
4255	110.0500031
4256	110.5100021
4257	110.6999969
4258	109.5400009
4259	109.5
4260	109.7699966
4261	110.6800003
4262	109.6699982
4263	109.25
4264	110.1100006
4265	110.3199997
4266	109.8399963
4267	109.5899963
4268	110.1500015
4269	110.6200027
4270	109.5400009
4271	109.0999985
4272	109.1200027
4273	110.1900024
4274	109.9400024
4275	110.1500015
4276	109.1699982
4277	109.8600006
4278	110.3399963
4279	110.9300003
4280	110.3399963
4281	109.6100006
4282	110.0699997
4283	110.2600021
4284	110.0100021
4285	109.1900024
4286	109.9000015
4287	109.0199966
4288	110.6399994
4289	109.9400024
4290	109.3799973
4291	109.1699982
4292	109.4400024
4293	109.9000015
4294	110.2399979
4295	110.4700012
4296	109.4000015
4297	110.0500031
4298	110.1500015
4299	110.1500015
4300	110.5100021
4301	110.4499969
4302	108.7200012
4303	109.8000031
4304	110.1900024
4305	110.0100021
4306	109.8399963
4307	110.5100021
4308	110.5100021
4309	109.7099991
4310	110.0100021
4311	110.0299988
4312	110.2399979
4313	110.8199997
4314	110.9700012
4315	110.4499969
4316	109.5800018
4317	110.0899963
4318	109.2900009
4319	109.5400009
4320	110.2799988
4321	110.8499985
4322	110.4100037
4323	109.6299973
4324	109.5199966
4325	110.1500015
4326	110.8000031
4327	110.8199997
4328	111.3700027
4329	109.8000031
4330	109.5800018
4331	110.0299988
4332	110.2399979
4333	111.0100021
4334	109.5800018
4335	109.5400009
4336	109.6699982
4337	109.6100006
4338	109.6100006
4339	110.1900024
4340	109.3700027
4341	109.4000015
4342	108.7699966
4343	109.4199982
4344	110.4300003
4345	110.2200012
4346	110.0100021
4347	110.6600037
4348	109.6299973
4349	109.8600006
4350	110.2799988
4351	110.4499969
4352	109.9599991
4353	110.1999969
4354	109.8399963
4355	109.1600037
4356	109.8799973
4357	110.2200012
4358	109.9400024
4359	109.6299973
4360	109.3700027
4361	108.7200012
4362	110.3399963
4363	110.2200012
4364	109.25
4365	109.8000031
4366	109.2699966
4367	110.0500031
4368	109.6900024
4369	109.7900009
4370	110.4499969
4371	108.9300003
4372	109.1699982
4373	110.0299988
4374	110.2200012
4375	110.3799973
4376	109.8199997
4377	109.1900024
4378	109.5400009
4379	110.2799988
4380	111.2900009
4381	110.8700027
4382	111.0599976
4383	109.8000031
4384	109.6299973
4385	110.4899979
4386	110.4499969
4387	111.4100037
4388	111.6900024
4389	111.0800018
4390	110.5100021
4391	109.5599976
4392	110.3000031
4393	110.1999969
4394	111.1999969
4395	110.8700027
4396	111.8600006
4397	111.9599991
4398	111.5199966
4399	110.4000015
4400	110.5899963
4401	110.4100037
4402	110.8300018
4403	110.6600037
4404	111.3099976
4405	110.9700012
4406	111.5599976
4407	111.7300034
4408	110.8700027
4409	110.5500031
4410	110.5899963
4411	110.7399979
4412	110.8199997
4413	110.4700012
4414	110.7200012
4415	111.1200027
4416	111.5599976
4417	111.5599976
4418	110.7200012
4419	110.5699997
4420	110.2600021
4421	110.2799988
4422	111.0400009
4423	111.2699966
4424	111.4800034
4425	111.0599976
4426	111.4599991
4427	111.75
4428	112.0699997
4429	111.6399994
4430	111.9400024
4431	111.5599976
4432	111.4100037
4433	111.4800034
4434	111.0100021
4435	110.9499969
4436	110.8000031
4437	110.8899994
4438	110.6399994
4439	111.0999985
4440	110.5899963
4441	110.2799988
4442	110.4700012
4443	110.6399994
4444	111.5800018
4445	110.6600037
4446	110.8300018
4447	110.3000031
4448	110.6100006
4449	111.25
4450	111.7300034
4451	111.3499985
4452	111.5
4453	110.6800003
4454	110.5699997
4455	110.5100021
4456	110.3399963
4457	110.9499969
4458	111.6399994
4459	111.7699966
4460	111.8499985
4461	111.8499985
4462	110.8700027
4463	110.0100021
4464	110.8700027
4465	111.3700027
4466	111.1999969
4467	111.8600006
4468	111.8799973
4469	111.7099991
4470	111.5199966
4471	110.8300018
4472	111.5999985
4473	110.4000015
4474	110.9100037
4475	110.9499969
4476	111.5599976
4477	111.0599976
4478	111.8499985
4479	111.8799973
4480	111.5199966
4481	111.2699966
4482	110.9700012
4483	110.9100037
4484	111.25
4485	111.3899994
4486	111.9000015
4487	111.5400009
4488	111.5599976
4489	111.0599976
4490	111.3300018
4491	110.5899963
4492	110.3799973
4493	110.5899963
4494	111.0999985
4495	111.2200012
4496	111.6399994
4497	111.75
4498	111.4100037
4499	110.9899979
4500	111.4599991
4501	110.3600006
4502	110.4300003
4503	109.7900009
4504	110.8300018
4505	111.4800034
4506	111.1999969
4507	111.6500015
4508	111.1999969
4509	111.2200012
4510	110.7600021
4511	111.7099991
4512	112.0400009
4513	111.5599976
4514	111.2900009
4515	111.7900009
4516	111.0999985
4517	112.0699997
4518	112.1299973
4519	111.4800034
4520	111.7099991
4521	111.0800018
4522	111.9800034
4523	111.8499985
4524	111.5
4525	111.2900009
4526	111.6500015
4527	111.7300034
4528	111.5400009
4529	111.0400009
4530	111.2900009
4531	111.5
4532	110.6800003
4533	110.8700027
4534	110.8000031
4535	110.9499969
4536	110.4899979
4537	110.3000031
4538	111.5400009
4539	111.4599991
4540	111.1600037
4541	111.4400024
4542	111.75
4543	111.8499985
4544	111.4300003
4545	111.2200012
4546	111.5800018
4547	112.0199966
4548	111.3700027
4549	111.7699966
4550	111.6900024
4551	111.6200027
4552	109.8799973
4553	110.0699997
4554	109.8600006
4555	109.4199982
4556	110.1299973
4557	109.0599976
4558	108.2600021
4559	108.4700012
4560	106.8300018
4561	105.6100006
4562	104.5999985
4563	104.9599991
4564	104.9599991
4565	105.4400024
4566	106.0100021
4567	105.5899963
4568	105.6699982
4569	105.2600021
4570	105.4599991
4571	105.5299988
4572	106.3899994
4573	106.7900009
4574	106.5599976
4575	105.8799973
4576	105.8899994
4577	106.4100037
4578	107.4000015
4579	107.5500031
4580	106.75
4581	107.6299973
4582	107.4000015
4583	108.1600037
4584	108.8899994
4585	107.9199982
4586	107.4199982
4587	107.3799973
4588	108.7900009
4589	108.4100037
4590	107.5
4591	107.3600006
4592	107.9400024
4593	108.9700012
4594	108.0299988
4595	108.1800003
4596	108.1399994
4597	108.5599976
4598	108.3199997
4599	108.1299973
4600	108.1399994
4601	108.8499985
4602	108.5500031
4603	107.5500031
4604	108.4100037
4605	109.5899963
4606	109.0999985
4607	108.2600021
4608	108.3899994
4609	109.7099991
4610	107.5899963
4611	108.4300003
4612	109.8000031
4613	108.1299973
4614	108.7399979
4615	108.9300003
4616	109.2900009
4617	108.5999985
4618	109.7099991
4619	110.2200012
4620	109.0400009
4621	108.8899994
4622	109.8799973
4623	109.25
4624	108.8300018
4625	109.2699966
4626	109.6699982
4627	109.3799973
4628	108.1399994
4629	108.3499985
4630	108.7200012
4631	108.7399979
4632	108.6800003
4633	108.7699966
4634	109.5400009
4635	108.5299988
4636	108.2799988
4637	109.1200027
4638	109.3499985
4639	109.4599991
4640	108.6999969
4641	108.9300003
4642	108.6999969
4643	109.5
4644	109.1399994
4645	107.8799973
4646	109.2900009
4647	109.6299973
4648	109.5800018
4649	108.7900009
4650	109.9800034
4651	109.9199982
4652	109.2099991
4653	109.2900009
4654	109.2900009
4655	108.0100021
4656	109
4657	109.75
4658	109.1600037
4659	108.3199997
4660	108.6999969
4661	109.7300034
4662	108.6600037
4663	108.5800018
4664	109.7300034
4665	108.2200012
4666	108.1800003
4667	109.2300034
4668	107.7600021
4669	109.3099976
4670	108.9100037
4671	107.9199982
4672	109.0999985
4673	108.8899994
4674	108.7699966
4675	109.0599976
4676	108.4700012
4677	108.7699966
4678	109.1200027
4679	109.7900009
4680	108.8099976
4681	108.5800018
4682	109.8399963
4683	109.6100006
4684	108.8899994
4685	109.4599991
4686	110.1900024
4687	108.2200012
4688	109.0400009
4689	109.2699966
4690	109
4691	108.6800003
4692	110
4693	109.7099991
4694	109.2300034
4695	108.5100021
4696	109.9000015
4697	109.8199997
4698	108.3499985
4699	108.8300018
4700	109.3300018
4701	109.0800018
4702	108.4899979
4703	108.0899963
4704	109.9000015
4705	108.9100037
4706	108.0699997
4707	109.4199982
4708	109.1200027
4709	108.4899979
4710	108.1800003
4711	109.8600006
4712	109.5199966
4713	108.4899979
4714	108.7699966
4715	109.8000031
4716	109.3499985
4717	109.4400024
4718	108.5500031
4719	109.0999985
4720	109.8000031
4721	109.4199982
4722	108.6800003
4723	108.2399979
4724	109.3499985
4725	109.6500015
4726	109.5899963
4727	108.0699997
4728	108.8899994
4729	109.5899963
4730	109.3499985
4731	109.3700027
4732	107.7799988
4733	108.5999985
4734	108.6800003
4735	109.4599991
4736	109.5800018
4737	109.0800018
4738	108.4499969
4739	108.4300003
4740	108.0899963
4741	107.6100006
4742	108.0500031
4743	108.6200027
4744	108.4300003
4745	108.9100037
4746	109.2699966
4747	108.9800034
4748	108.1600037
4749	107.7099991
4750	108.7399979
4751	109.1900024
4752	109.5
4753	109.5800018
4754	108.7600021
4755	109.0199966
4756	109.0199966
4757	109.2300034
4758	108.3000031
4759	107.9899979
4760	107.8799973
4761	108.8300018
4762	107.6100006
4763	108.8099976
4764	108.1999969
4765	108.8300018
4766	108.5800018
4767	108.3000031
4768	108.6999969
4769	108.5800018
4770	108.7399979
4771	108.8300018
4772	108.8899994
4773	109.0999985
4774	108.8300018
4775	108.8099976
4776	109.3700027
4777	108.8700027
4778	109.5599976
4779	109.0999985
4780	109.4599991
4781	109.2099991
4782	108.9800034
4783	109.4800034
4784	108.5100021
4785	109.2699966
4786	109.0599976
4787	108.9800034
4788	108.2200012
4789	109.3099976
4790	108.7900009
4791	109.2300034
4792	108.5999985
4793	108.5599976
4794	108.9499969
4795	108.4700012
4796	108.3000031
4797	107.6699982
4798	107.9499969
4799	108.3899994
4800	108.5299988
4801	108.3899994
4802	109.2300034
4803	109.1600037
4804	109.1600037
4805	109
4806	108.7399979
4807	108.2600021
4808	108.4499969
4809	107.9499969
4810	108.0899963
4811	108.6200027
4812	107.8199997
4813	107.9700012
4814	108.6999969
4815	108.9499969
4816	109.0599976
4817	108.6200027
4818	109.0599976
4819	109.2300034
4820	109.3700027
4821	109.2699966
4822	109.3799973
4823	109.0999985
4824	108.5100021
4825	108.7200012
4826	108.5599976
4827	108.4899979
4828	108.6800003
4829	108.0699997
4830	108.1100006
4831	108.2600021
4832	108.3499985
4833	107.6900024
4834	108.0500031
4835	108.3199997
4836	107.5
4837	107.6299973
4838	107.4800034
4839	107.4000015
4840	107.9000015
4841	107.5899963
4842	108.0699997
4843	108.6399994
4844	109.1399994
4845	108.7699966
4846	108.7699966
4847	108.4499969
4848	108.8499985
4849	109.2900009
4850	109.2900009
4851	109.0199966
4852	108.8700027
4853	108.6800003
4854	108.6600037
4855	108.1800003
4856	108.8499985
4857	109.1699982
4858	109.4400024
4859	109.0400009
4860	109.6900024
4861	109.5
4862	110.6999969
4863	110.2200012
4864	110.4000015
4865	110.0699997
4866	109.7300034
4867	109.1600037
4868	109.8199997
4869	109.1200027
4870	110.2600021
4871	109.9400024
4872	110.6600037
4873	110.6399994
4874	110.6100006
4875	110.4000015
4876	111.2200012
4877	110.5100021
4878	110.6999969
4879	109.4599991
4880	109.9000015
4881	109.6299973
4882	109.9000015
4883	110.7600021
4884	110.8899994
4885	111.0100021
4886	109.6900024
4887	110.8199997
4888	110.7399979
4889	109.8399963
4890	109.3499985
4891	110.2799988
4892	110.7399979
4893	110.5699997
4894	110.5100021
4895	110.9899979
4896	109.8799973
4897	110.9899979
4898	109.6299973
4899	110.3000031
4900	109.6900024
4901	109.5899963
4902	109.9000015
4903	110.3799973
4904	110.5100021
4905	110.1100006
4906	109.5400009
4907	109.4800034
4908	109.6500015
4909	110.6100006
4910	110.5299988
4911	110.0500031
4912	110.1299973
4913	109.9000015
4914	110.3600006
4915	109.4000015
4916	109.4000015
4917	109.9000015
4918	110.3000031
4919	111.1800003
4920	110.7200012
4921	110.6399994
4922	110.0100021
4923	110.3399963
4924	110.6399994
4925	110.7799988
4926	111.1399994
4927	110.1999969
4928	110.0100021
4929	110.0299988
4930	111.0299988
4931	111.2200012
4932	111.0299988
4933	111.0800018
4934	109.9199982
4935	109.7300034
4936	110.3799973
4937	111.0800018
4938	110.9899979
4939	111.0800018
4940	109.8799973
4941	111.1200027
4942	111.1200027
4943	110.1999969
4944	110.8899994
4945	110.6200027
4946	110.1500015
4947	110.1299973
4948	110.1500015
4949	111.0100021
4950	109.9800034
4951	109.9599991
4952	111.1999969
4953	110.6999969
4954	110.3399963
4955	110.0699997
4956	110.9700012
4957	110.6100006
4958	109.5599976
4959	110.7200012
4960	109.7900009
4961	109.3700027
4962	110.2399979
4963	110.8899994
4964	109.8600006
4965	110.1299973
4966	110.8700027
4967	109.5199966
4968	111.1399994
4969	111.1600037
4970	109.8399963
4971	110.6800003
4972	111.1200027
4973	110.6200027
4974	109.8199997
4975	111.3700027
4976	110.0500031
4977	110.7399979
4978	110.4300003
4979	110.7200012
4980	109.8399963
4981	111.2900009
4982	110.6100006
4983	110.0100021
4984	109.9000015
4985	111.4300003
4986	110.7200012
4987	109.6100006
4988	110.3799973
4989	111.4300003
4990	110.5899963
4991	110.7399979
4992	110.6399994
4993	110.9499969
4994	110.9700012
4995	109.5800018
4996	109.7699966
4997	110.5500031
4998	111.1800003
4999	111.0400009
5000	109.75
5001	110.7600021
5002	110.9300003
5003	110.5500031
5004	109
5005	109.6100006
5006	110.4899979
5007	110.9300003
5008	109.75
5009	109.8799973
5010	110.3199997
5011	110.3000031
5012	110.8700027
5013	109.2099991
5014	109.5400009
5015	110.3399963
5016	111.0299988
5017	110.7799988
5018	109.7900009
5019	109.7300034
5020	110.5699997
5021	110.0899963
5022	109.8199997
5023	109.0599976
5024	110.4100037
5025	110.8499985
5026	109.9400024
5027	108.4300003
5028	109.6900024
5029	109.3099976
5030	108.6200027
5031	108.0100021
5032	106.6800003
5033	106.0100021
5034	105.6100006
5035	105.1699982
5036	104.5599976
5037	104.2200012
5038	104.7300034
5039	103.1900024
5040	103.3000031
5041	104.6699982
5042	103.6399994
5043	104.5
5044	105.2600021
5045	105.4000015
5046	104.2699966
5047	105.6800003
5048	106.0800018
5049	105.1500015
5050	105.3000031
5051	106.2200012
5052	105.5899963
5053	106.0100021
5054	105.4599991
5055	106.8300018
5056	106.4100037
5057	106.2399979
5058	107.0599976
5059	106.5800018
5060	106.3899994
5061	106.6800003
5062	107.5899963
5063	107.7399979
5064	106.7900009
5065	107.1299973
5066	107.4400024
5067	107.9000015
5068	107.3199997
5069	107.3399963
5070	107.4199982
5071	107.9400024
5072	107.1900024
5073	107.7099991
5074	107.6900024
5075	107.9000015
5076	106.9199982
5077	107.2699966
5078	107.9400024
5079	108.0500031
5080	107.0199966
5081	106.6999969
5082	106.9199982
5083	107.7600021
5084	107.7600021
5085	107.7099991
5086	107.0599976
5087	107.0599976
5088	108.4700012
5089	108.5800018
5090	107.8000031
5091	107.5500031
5092	107.9199982
5093	108.5100021
5094	108.2200012
5095	107.6100006
5096	106.8099976
5097	107.8399963
5098	107.7399979
5099	108.4100037
5100	107.9899979
5101	106.8300018
5102	107.4800034
5103	107.8399963
5104	107.5199966
5105	108.5299988
5106	107.7099991
5107	107.6699982
5108	107.7799988
5109	106.75
5110	107.4599991
5111	107.7099991
5112	107.9000015
5113	107.6699982
5114	108.2600021
5115	107.9400024
5116	107.6900024
5117	108.2799988
5118	107.6900024
5119	107.9499969
5120	107.5199966
5121	106.9100037
5122	107.36
5123	106.66
5124	106.31
5125	105.55
5126	106.05
5127	106.26
5128	106.81
5129	107.48
5130	107.15
5131	106.43
5132	105.88
5133	105.72
5134	106.18
5135	106.56
5136	106.94
5137	107.48
5138	107.11
5139	106.68
5140	106.49
5141	106.5
5142	106.39
5143	106.87
5144	107.02
5145	107.15
5146	107.29
5147	106.31
5148	106.5
5149	106.43
5150	105.84
5151	106.05
5152	106.85
5153	106.68
5154	106.73
5155	107.38
5156	106.98
5157	107.11
5158	107.08
5159	106.22
5160	106.66
5161	105.89
5162	106.22
5163	106.29
5164	105.97
5165	106.85
5166	106.01
5167	105.93
5168	106.28
5169	106.08
5170	105.86
5171	106.94
5172	106.75
5173	106.73
5174	107.23
5175	106.98
5176	107.38
5177	107.08
5178	106.94
5179	107.82
5180	107.19
5181	107.44
5182	107.61
5183	107.36
5184	106.33
5185	106.33
5186	106.22
5187	106.26
5188	106.26
5189	106.98
5190	106.71
5191	106.73
5192	106.73
5193	106.5
5194	105.74
5195	105.86
5196	105.95
5197	106.5
5198	106.89
5199	107
5200	106.83
5201	106.37
5202	106.07
5203	106.07
5204	106.29
5205	106.07
5206	106.56
5207	107.06
5208	106.47
5209	105.89
5210	105.89
5211	105.51
5212	106.92
5213	107.23
5214	106.98
5215	106.94
5216	107.19
5217	105.63
5218	105.65
5219	105.82
5220	106.16
5221	107.1
5222	107.1
5223	107.04
5224	106.85
5225	106.43
5226	105.49
5227	106.1
5228	106.45
5229	107.15
5230	107.1
5231	106.66
5232	106.43
5233	106.12
5234	105.97
5235	106.92
5236	107.23
5237	107.69
5238	107.69
5239	107.8
5240	107.04
5241	106.85
5242	106.54
5243	106.64
5244	107.92
5245	108.14
5246	107.88
5247	107.63
5248	107.53
5249	107.08
5250	106.56
5251	107.42
5252	107.73
5253	107.48
5254	107.42
5255	108.09
5256	107.92
5257	107.71
5258	107.95
5259	107.57
5260	107.82
5261	107.99
5262	108.07
5263	108.24
5264	107.92
5265	107.8
5266	107.71
5267	107.5
5268	107.57
5269	107.32
5270	107.38
5271	107.04
5272	107.74
5273	107.78
5274	107.34
5275	107.46
5276	107.06
5277	107.5
5278	107.67
5279	107.53
5280	107.73
5281	107.97
5282	108.05
5283	108.76
5284	108.53
5285	108.41
5286	108.45
5287	108.14
5288	108.05
5289	107.36
5290	107.48
5291	107.48
5292	107.48
5293	107.55
5294	107.88
5295	108.7
5296	108.77
5297	108.91
5298	108.7
5299	108.68
5300	108.66
5301	108.74
5302	107.9
5303	108.18
5304	107.82
5305	107.69
5306	107.61
5307	107.53
5308	107.61
5309	108.16
5310	108.37
5311	108.24
5312	108.11
5313	108.16
5314	108.68
5315	108.76
5316	108.76
5317	108.93
5318	108.01
5319	107.92
5320	107.67
5321	107.92
5322	107.82
5323	107.74
5324	108.07
5325	108.14
5326	108.16
5327	108.51
5328	107.9
5329	108.09
5330	108.51
5331	108.43
5332	108.01
5333	107.44
5334	107.34
5335	107.23
5336	107.4
5337	107.65
5338	107.82
5339	107.29
5340	107.04
5341	108.43
5342	108.34
5343	108.3
5344	108.24
5345	107.94
5346	108.91
5347	108.83
5348	108.81
5349	108.83
5350	108.79
5351	108.37
5352	108.51
5353	109.08
5354	108.77
5355	108.51
5356	108.47
5357	108.62
5358	108.68
5359	108.7
5360	108.03
5361	108.2
5362	107.4
5363	107.36
5364	107.55
5365	107.25
5366	107.42
5367	107.48
5368	107.23
5369	108.76
5370	108.7
5371	108.49
5372	108.74
5373	108.64
5374	107.92
5375	108.24
5376	108.51
5377	108.39
5378	108.56
5379	108.35
5380	108.62
5381	108.41
5382	107.88
5383	107.92
5384	107.8
5385	107.5
5386	108.2
5387	108.22
5388	108.43
5389	109.12
5390	108.89
5391	108.34
5392	108.16
5393	108.09
5394	108.34
5395	107.97
5396	108.07
5397	108.07
5398	108.35
5399	108.68
5400	108.72
5401	109.12
5402	108.26
5403	108.28
5404	108.43
5405	108.16
5406	108.51
5407	108.64
5408	108.89
5409	108.91
5410	109.04
5411	107.88
5412	107.52
5413	107.29
5414	106.49
5415	106.6
5416	106.28
5417	106.07
5418	105.19
5419	104.67
5420	103.01
5421	102.96
5422	102.23
5423	102.23
5424	102.9
5425	103.45
5426	103.34
5427	103.15
5428	103.74
5429	102.73
5430	102.44
5431	102.69
5432	103.57
5433	103.95
5434	104.44
5435	104.86
5436	104.85
5437	105.07
5438	103.97
5439	104.75
5440	105.04
5441	105.82
5442	105.51
5443	104.2
5444	105.11
5445	105.51
5446	105.4
5447	105.19
5448	104.88
5449	105.88
5450	106.22
5451	105.97
5452	104.73
5453	105.74
5454	106.71
5455	106.35
5456	106.52
5457	105.76
5458	106.52
5459	106.47
5460	106.14
5461	105.57
5462	106.83
5463	105.68
5464	106.29
5465	106.35
5466	105.68
5467	106.07
5468	106.75
5469	106.58
5470	105.91
5471	105.82
5472	106.54
5473	106.85
5474	105.36
5475	106.98
5476	106.12
5477	105.49
5478	106.54
5479	105.82
5480	105.65
5481	106.33
5482	105.57
5483	105.63
5484	106.45
5485	105.59
5486	105.97
5487	106.29
5488	106.79
5489	106.52
5490	107.36
5491	107.34
5492	105.42
5493	106.52
5494	107.38
5495	106.05
5496	106.33
5497	107.15
5498	106.77
5499	105.88
5500	107.31
5501	106.1
5502	105.8
5503	106.94
5504	106.7
5505	105.91
5506	106.01
5507	107.11
5508	106.28
5509	106.18
5510	106.39
5511	107.59
5512	105.86
5513	106.43
5514	106.91
5515	106.58
5516	105.59
5517	107.11
5518	106.07
5519	105.91
5520	106.66
5521	106.52
5522	105.25
5523	107.1
5524	106.43
5525	105.26
5526	106.64
5527	106.92
5528	106.29
5529	106.54
5530	107.1
5531	106.26
5532	106.56
5533	107.29
5534	106.81
5535	107.08
5536	107.13
5537	107.02
5538	105.72
5539	107.13
5540	107
5541	105.93
5542	106.79
5543	106.96
5544	107.44
5545	105.99
5546	106.47
5547	106.96
5548	107.02
5549	105.7
5550	106.71
5551	106.64
5552	107.25
5553	107.17
5554	106.39
5555	106.18
5556	107.06
5557	107.21
5558	106.73
5559	106.1
5560	106.71
5561	106.6
5562	106.85
5563	105.91
5564	106.37
5565	106.89
5566	107.27
5567	107.11
5568	106.22
5569	105.84
5570	105.89
5571	106.77
5572	106.94
5573	106.29
5574	106.49
5575	107.17
5576	107.76
5577	107.17
5578	106.6
5579	106.81
5580	107.44
5581	107.19
5582	106.81
5583	106.43
5584	106.47
5585	107
5586	107.44
5587	106.68
5588	106.71
5589	106.28
5590	106.71
5591	107.59
5592	107.74
5593	107.32
5594	106.47
5595	106.5
5596	107.46
5597	106.83
5598	106.7
5599	106.77
5600	107.02
5601	107.52
5602	107.67
5603	107.08
5604	107.29
5605	106.2
5606	106.33
5607	106.87
5608	106.96
5609	107.65
5610	107.15
5611	107.27
5612	107.5
5613	107.08
5614	106.45
5615	106.43
5616	106.83
5617	107.1
5618	106.94
5619	107.69
5620	107.25
5621	106.54
5622	106.81