1	297.3599854
2	297.480011
3	297.4200134
4	297.4599915
5	297.4400024
6	297.4400024
7	297.5
8	297.5
9	297.75
10	297.730011
11	297.730011
12	297.6900024
13	297.7099915
14	297.6499939
15	297.6499939
16	297.519989
17	297.5899963
18	297.519989
19	297.519989
20	297.5499878
21	297.4200134
22	297.480011
23	297.5
24	297.4599915
25	297.480011
26	297.2900085
27	297.3200073
28	297.480011
29	297.5
30	297.3599854
31	297.3399963
32	297.4400024
33	297.5700073
34	297.6499939
35	297.8599854
36	297.8999939
37	297.8599854
38	297.7099915
39	297.6900024
40	297.6900024
41	297.3599854
42	297.3800049
43	297.25
44	297.25
45	297.3399963
46	297.4599915
47	297.4599915
48	297.6700134
49	297.7099915
50	297.7799988
51	297.730011
52	297.6700134
53	297.7799988
54	297.7099915
55	297.8200073
56	297.8599854
57	297.8200073
58	297.8399963
59	297.730011
60	297.6499939
61	297.6300049
62	297.480011
63	297.480011
64	297.5700073
65	297.75
66	297.6300049
67	297.6099854
68	297.6099854
69	297.6300049
70	297.6700134
71	297.75
72	297.75
73	297.6099854
74	297.5700073
75	297.3800049
76	297.269989
77	297.3999939
78	297.480011
79	297.480011
80	297.5499878
81	297.519989
82	297.3599854
83	297.2900085
84	297.3800049
85	297.25
86	297.25
87	297.1499939
88	297.1300049
89	297.1099854
90	297.1900024
91	297.230011
92	297.2099915
93	297.230011
94	297.4400024
95	297.5499878
96	297.6300049
97	297.7799988
98	297.9200134
99	298.0100098
100	298.0499878
101	298.1499939
102	298.0899963
103	298.1499939
104	298.1700134
105	298.2999878
106	298.3999939
107	298.3800049
108	298.3200073
109	298.0899963
110	298.0100098
111	298.0100098
112	298.5100098
113	298.8599854
114	298.9500122
115	299.2399902
116	299.3599854
117	299.5700073
118	299.5700073
119	299.9899902
120	300.1400146
121	300.2399902
122	300.3699951
123	300.5100098
124	300.7000122
125	300.7900085
126	300.9299927
127	300.9299927
128	300.9299927
129	300.9299927
130	301.0400085
131	301.1000061
132	301.019989
133	300.7000122
134	300.6199951
135	300.5400085
136	300.4899902
137	300.5100098
138	300.4700012
139	300.4100037
140	300.3299866
141	300.4700012
142	300.6799927
143	300.6799927
144	300.9500122
145	301.269989
146	301.4299927
147	301.519989
148	301.3500061
149	301.2000122
150	301.2000122
151	300.8699951
152	300.7000122
153	300.6000061
154	300.2399902
155	300.1600037
156	300.2600098
157	300.2600098
158	300.2200012
159	300.1199951
160	300.0799866
161	299.9100037
162	300.0299988
163	300.1000061
164	300.1400146
165	300.2200012
166	300.3099976
167	300.3299866
168	300.2799988
169	300.2200012
170	300.1199951
171	300.1400146
172	300.1799927
173	300.2000122
174	300.3299866
175	300.4700012
176	300.3699951
177	300.1799927
178	300.1199951
179	299.9299927
180	299.8900146
181	299.9500122
182	299.9500122
183	299.7200012
184	299.6799927
185	299.7399902
186	300.1799927
187	300.5599976
188	300.7399902
189	300.7399902
190	300.6600037
191	300.6400146
192	300.7000122
193	300.8099976
194	300.6799927
195	300.5599976
196	300.5599976
197	300.769989
198	300.6400146
199	300.5100098
200	300.2799988
201	300.2200012
202	300.2600098
203	300.3500061
204	300.5799866
205	300.5799866
206	300.3099976
207	300.1799927
208	300.2000122
209	300.0499878
210	300.0499878
211	300.1400146
212	300.1199951
213	300.4100037
214	300.6400146
215	300.6799927
216	300.6400146
217	300.5799866
218	300.6000061
219	300.6799927
220	300.9100037
221	300.9100037
222	300.8500061
223	300.769989
224	300.7000122
225	300.5100098
226	300.2600098
227	300.2200012
228	300.2200012
229	300.1799927
230	300.2600098
231	300.3299866
232	300.2200012
233	300.0100098
234	299.9500122
235	299.9299927
236	299.8500061
237	299.8200073
238	299.9500122
239	300.0499878
240	300.1600037
241	300.1600037
242	300.1000061
243	300.1199951
244	299.9899902
245	299.7799988
246	299.5700073
247	299.5499878
248	299.4899902
249	299.4899902
250	299.5700073
251	299.7399902
252	299.8200073
253	299.8200073
254	299.6799927
255	299.7600098
256	299.9100037
257	300.1000061
258	300.2399902
259	300.3900146
260	300.3900146
261	300.6199951
262	300.769989
263	300.7399902
264	300.6600037
265	300.4700012
266	300.1799927
267	300.1799927
268	299.8500061
269	299.6600037
270	299.5499878
271	299.5100098
272	299.5899963
273	299.6799927
274	299.7000122
275	299.7799988
276	299.7399902
277	299.6600037
278	299.6400146
279	299.6199951
280	299.6199951
281	299.6199951
282	299.5700073
283	299.5499878
284	299.2799988
285	298.9500122
286	298.7000122
287	298.0899963
288	297.75
289	297.0899963
290	296.480011
291	295.8900146
292	295.8900146
293	295.1000061
294	294.2799988
295	293.8599854
296	293.1300049
297	292.6499939
298	292.25
299	292.25
300	292.0499878
301	291.9599915
302	292.019989
303	292.25
304	292.480011
305	292.6300049
306	292.7600098
307	293.2399902
308	293.3399963
309	293.6300049
310	293.8399963
311	293.9899902
312	294.0299988
313	294.1600037
314	294.5299988
315	294.7200012
316	294.8900146
317	294.9500122
318	295.0100098
319	295.1000061
320	295.2000122
321	295.3500061
322	295.4100037
323	295.3699951
324	295.3699951
325	295.519989
326	295.75
327	295.8500061
328	296.0400085
329	296.1900024
330	296.2900085
331	296.2900085
332	296.4599915
333	296.6000061
334	296.5799866
335	296.6499939
336	296.8299866
337	296.8999939
338	296.8999939
339	296.8999939
340	296.9200134
341	297.019989
342	297
343	296.8599854
344	296.9400024
345	296.9200134
346	296.9200134
347	296.9400024
348	297.0899963
349	297.1099854
350	297.1499939
351	297.2099915
352	297.1700134
353	297.1499939
354	297.1300049
355	297.2099915
356	297.3599854
357	297.3399963
358	297.3999939
359	297.3800049
360	297.3999939
361	297.3399963
362	297.1700134
363	297.1700134
364	297.2900085
365	297.3599854
366	297.3200073
367	297.269989
368	297.2099915
369	297.1300049
370	297.1300049
371	297.1099854
372	296.980011
373	296.9400024
374	296.8299866
375	296.8800049
376	296.9599915
377	296.9200134
378	297.019989
379	297.0400085
380	297.1300049
381	297.1900024
382	297.0899963
383	297.0400085
384	297.1099854
385	297.1300049
386	297.1700134
387	297.1900024
388	297.1900024
389	297.25
390	297.2099915
391	297.1900024
392	297.1499939
393	297.2099915
394	297.1099854
395	297.0899963
396	297.1300049
397	297.269989
398	297.269989
399	297.25
400	297.2900085
401	297.3200073
402	297.3200073
403	297.2900085
404	297.3399963
405	297.3399963
406	297.3399963
407	297.269989
408	297.230011
409	297.230011
410	297.1900024
411	297.1700134
412	297.2099915
413	297.1300049
414	297.0899963
415	297.1300049
416	297.0899963
417	297.1499939
418	297.1900024
419	297.1900024
420	297.25
421	297.230011
422	297.25
423	297.269989
424	297.3999939
425	297.519989
426	297.5
427	297.5700073
428	297.5499878
429	297.6700134
430	297.6099854
431	297.4599915
432	297.3399963
433	297.2099915
434	297.2099915
435	297.2900085
436	297.230011
437	297.269989
438	297.3800049
439	297.4200134
440	297.3800049
441	297.3800049
442	297.269989
443	297.3200073
444	297.3599854
445	297.480011
446	297.5700073
447	297.6099854
448	297.6499939
449	297.519989
450	297.3599854
451	297.3399963
452	297.2099915
453	297.0599976
454	297.1700134
455	297.1099854
456	297.1700134
457	297.230011
458	297.230011
459	297.3999939
460	297.3200073
461	297.3599854
462	297.269989
463	297.230011
464	297.1900024
465	297.1499939
466	297.230011
467	297.2900085
468	297.269989
469	297.25
470	297.269989
471	297.269989
472	297.25
473	297.25
474	297.25
475	297.269989
476	297.3200073
477	297.3200073
478	297.3999939
479	297.5
480	297.5
481	297.3399963
482	297.2900085
483	297.3200073
484	297.25
485	297.2099915
486	297.1700134
487	297.1300049
488	297.019989
489	296.9400024
490	296.980011
491	297.0400085
492	297
493	296.980011
494	296.9599915
495	296.7900085
496	296.7900085
497	296.8599854
498	297.019989
499	297.1300049
500	297.230011
501	297.230011
502	297.25
503	297.269989
504	297.4200134
505	297.4200134
506	297.3800049
507	297.5
508	297.4599915
509	297.4599915
510	297.480011
511	297.480011
512	297.480011
513	297.6700134
514	297.730011
515	297.6900024
516	297.6099854
517	297.4400024
518	297.2900085
519	297.2900085
520	297.1499939
521	297
522	296.9599915
523	297.019989
524	297.019989
525	297.1099854
526	297.2099915
527	297.25
528	297.3200073
529	297.1700134
530	297.2099915
531	297.1900024
532	297.25
533	297.1499939
534	297.1499939
535	297.25
536	297.230011
537	297.2099915
538	297.1300049
539	297.1300049
540	297.1900024
541	297.25
542	297.3399963
543	297.230011
544	297.230011
545	297.019989
546	297.0599976
547	297.1700134
548	297.2900085
549	297.1900024
550	297.1700134
551	297.1700134
552	297.2900085
553	297.3800049
554	297.3200073
555	297.3200073
556	297.25
557	297.269989
558	297.2099915
559	297.1499939
560	297.25
561	297.2099915
562	297.269989
563	297.269989
564	297.230011
565	297.1499939
566	297.1300049
567	297.269989
568	297.7999878
569	298.3200073
570	298.6499939
571	298.9299927
572	298.8999939
573	298.8800049
574	298.9500122
575	299.1300049
576	299.1300049
577	299.1099854
578	299.1300049
579	299.1300049
580	299.2200012
581	299.2999878
582	299.3900146
583	299.3900146
584	299.4299927
585	299.7000122
586	299.7999878
587	299.9700012
588	300.1000061
589	300.1799927
590	300.1799927
591	300.1000061
592	300.2600098
593	300.4700012
594	300.6000061
595	300.7900085
596	300.8500061
597	300.7399902
598	300.7000122
599	300.6199951
600	300.3900146
601	300.1600037
602	300.1199951
603	300.1000061
604	300.0299988
605	300.1799927
606	300.2799988
607	300.3099976
608	300.4100037
609	300.5400085
610	300.6799927
611	300.6799927
612	300.6799927
613	300.6799927
614	300.7900085
615	300.7900085
616	300.9500122
617	300.9700012
618	300.9299927
619	301.0400085
620	301.0599976
621	300.8099976
622	300.8099976
623	300.8699951
624	300.8699951
625	300.8299866
626	300.7399902
627	300.769989
628	300.769989
629	300.7000122
630	300.4500122
631	300.5799866
632	300.6000061
633	300.6600037
634	300.7200012
635	300.8099976
636	300.8500061
637	301.0799866
638	301.1600037
639	301.2000122
640	301.1600037
641	301.1600037
642	301.2000122
643	301.2000122
644	301
645	300.8500061
646	300.8900146
647	300.8900146
648	301.230011
649	301.1199951
650	301.0400085
651	300.9700012
652	300.9500122
653	301.0599976
654	301.0599976
655	301.1799927
656	300.8500061
657	300.6799927
658	300.7399902
659	300.6400146
660	300.6600037
661	300.6600037
662	300.7200012
663	300.9299927
664	300.9700012
665	301.0400085
666	301.1199951
667	301.0400085
668	300.8900146
669	300.6199951
670	300.6799927
671	300.8699951
672	300.9100037
673	300.8699951
674	300.6000061
675	300.6000061
676	300.5400085
677	300.6000061
678	300.6000061
679	300.6000061
680	300.6000061
681	300.4700012
682	300.4299927
683	300.5100098
684	300.4299927
685	300.2799988
686	300.2799988
687	300.4700012
688	300.5100098
689	300.5400085
690	300.4100037
691	300.1799927
692	300.1400146
693	300.1400146
694	299.7600098
695	299.7200012
696	299.6600037
697	299.6799927
698	299.9500122
699	300.0799866
700	300.1600037
701	300.2799988
702	300.5400085
703	300.5400085
704	300.4700012
705	300.1400146
706	300.0799866
707	299.9899902
708	299.7600098
709	299.7399902
710	299.7399902
711	299.9100037
712	299.9899902
713	299.9500122
714	299.9500122
715	299.7999878
716	299.7399902
717	299.7399902
718	299.5100098
719	299.3900146
720	299.2799988
721	299.3399963
722	299.7000122
723	299.8699951
724	299.8900146
725	299.8900146
726	299.8200073
727	299.8699951
728	299.8500061
729	300.0100098
730	300.1400146
731	300.0799866
732	300.0799866
733	299.7799988
734	299.5100098
735	299.4899902
736	299.5499878
737	299.7399902
738	299.7200012
739	299.7600098
740	299.7799988
741	299.6799927
742	299.5700073
743	299.3599854
744	299.2799988
745	299.2999878
746	299.3599854
747	299.3900146
748	299.4899902
749	299.5899963
750	299.6199951
751	299.5100098
752	299.4899902
753	299.4299927
754	299.3900146
755	299.2200012
756	299.1099854
757	299.1099854
758	298.9500122
759	298.9500122
760	298.8399963
761	298.3800049
762	297.7999878
763	297.1099854
764	297.1099854
765	296.1600037
766	295.5599976
767	295.2399902
768	294.6000061
769	294.0299988
770	293.4500122
771	293.4500122
772	292.5499878
773	292.25
774	292.1499939
775	292.0499878
776	292.1700134
777	292.1900024
778	292.3599854
779	292.6300049
780	292.6900024
781	292.8599854
782	293.0899963
783	293.3200073
784	293.5899963
785	293.7200012
786	293.9899902
787	294.1799927
788	294.2999878
789	294.4299927
790	294.4500122
791	294.5100098
792	294.5299988
793	294.7600098
794	294.8900146
795	295.269989
796	295.269989
797	295.4700012
798	295.6799927
799	295.730011
800	295.8500061
801	295.9100037
802	295.980011
803	295.980011
804	296.0599976
805	296.1400146
806	296.1400146
807	296.1600037
808	296.269989
809	296.4599915
810	296.4200134
811	296.6199951
812	296.6499939
813	296.6700134
814	296.6000061
815	296.5799866
816	296.5400085
817	296.5599976
818	296.5799866
819	296.5599976
820	296.3699951
821	296.4400024
822	296.5599976
823	296.5599976
824	296.6000061
825	296.6700134
826	296.6700134
827	296.769989
828	296.769989
829	296.8099976
830	296.769989
831	296.7099915
832	296.730011
833	296.769989
834	296.75
835	296.75
836	296.7099915
837	296.6499939
838	296.6700134
839	296.7099915
840	296.6900024
841	296.5599976
842	296.5599976
843	296.5400085
844	296.6000061
845	296.6700134
846	296.8800049
847	296.980011
848	296.9400024
849	296.980011
850	296.7900085
851	296.769989
852	296.730011
853	296.730011
854	296.7900085
855	296.769989
856	296.8299866
857	296.7900085
858	296.8299866
859	296.9200134
860	296.980011
861	296.9400024
862	297.0599976
863	297.1099854
864	297.0599976
865	296.8999939
866	296.7900085
867	296.7900085
868	296.7099915
869	296.8299866
870	296.8800049
871	296.9400024
872	296.9599915
873	296.9200134
874	296.9200134
875	296.8800049
876	296.8999939
877	296.8099976
878	296.7900085
879	296.9200134
880	296.9200134
881	297.0599976
882	297.1700134
883	297.1099854
884	297.0599976
885	296.8800049
886	296.9599915
887	296.9400024
888	296.9200134
889	296.769989
890	296.8299866
891	296.9400024
892	296.9599915
893	296.9400024
894	296.8099976
895	296.7900085
896	296.8599854
897	296.8800049
898	296.9599915
899	296.9599915
900	297.019989
901	296.8599854
902	296.8800049
903	296.9400024
904	296.980011
905	297.1099854
906	297.1099854
907	297.25
908	297.3399963
909	297.3200073
910	297.3599854
911	297.3200073
912	297.0899963
913	297.0899963
914	296.8800049
915	296.9599915
916	297
917	297.0400085
918	297.0400085
919	297.0400085
920	297.019989
921	297
922	296.9400024
923	296.980011
924	296.8800049
925	296.8800049
926	296.9200134
927	296.8999939
928	296.8599854
929	296.9599915
930	296.7900085
931	296.7900085
932	296.730011
933	296.730011
934	296.6900024
935	296.5400085
936	296.4200134
937	296.4200134
938	296.4200134
939	296.5599976
940	296.6199951
941	296.6199951
942	296.769989
943	296.8999939
944	297.019989
945	297.019989
946	297.1700134
947	297.0599976
948	297.019989
949	296.9200134
950	296.6700134
951	296.6700134
952	296.6700134
953	296.769989
954	296.769989
955	296.7900085
956	296.8800049
957	296.9599915
958	296.9200134
959	296.9200134
960	296.9200134
961	296.9200134
962	297.019989
963	297.0400085
964	297.1900024
965	297.1300049
966	297.1900024
967	297.2900085
968	297.3200073
969	297.3399963
970	297.3399963
971	297.230011
972	297.1900024
973	297.1300049
974	297.0899963
975	296.9400024
976	296.9599915
977	296.9599915
978	296.8099976
979	296.8800049
980	296.8999939
981	296.7900085
982	296.730011
983	296.8999939
984	296.8999939
985	296.9599915
986	296.8800049
987	296.9200134
988	296.9400024
989	296.9599915
990	297
991	297.0400085
992	297.1099854
993	297.1099854
994	297.3200073
995	297.2900085
996	297.3599854
997	297.3800049
998	297.4200134
999	297.3599854
1000	297.3599854
1001	297.3999939
1002	297.3200073
1003	297.3399963
1004	297.3399963
1005	297.25
1006	297.1900024
1007	297.1499939
1008	296.8999939
1009	296.8999939
1010	296.9400024
1011	297.0599976
1012	297.1099854
1013	297.1700134
1014	297.0899963
1015	297.0400085
1016	297.0400085
1017	297.1300049
1018	297.1099854
1019	297.1700134
1020	297.1499939
1021	297.0599976
1022	297.019989
1023	297.019989
1024	297.1099854
1025	297.1099854
1026	297.1700134
1027	297.1900024
1028	297.2099915
1029	297.1499939
1030	297.1300049
1031	297.019989
1032	296.9599915
1033	296.9200134
1034	296.9400024
1035	296.9599915
1036	297.1499939
1037	297.1099854
1038	297.3200073
1039	297.3599854
1040	297.3800049
1041	297.5700073
1042	297.6700134
1043	297.5700073
1044	297.6700134
1045	297.6300049
1046	297.519989
1047	297.4200134
1048	297.4200134
1049	297.3999939
1050	297.6300049
1051	297.6900024
1052	297.75
1053	297.75
1054	297.8800049
1055	297.8800049
1056	298.0700073
1057	298.2099915
1058	298.1900024
1059	298.2600098
1060	298.3599854
1061	298.4700012
1062	298.5700073
1063	298.6300049
1064	298.7999878
1065	298.9299927
1066	298.9899902
1067	298.9899902
1068	298.9899902
1069	299.0499878
1070	299.1099854
1071	299.2600098
1072	299.3599854
1073	299.5299988
1074	299.5899963
1075	299.6799927
1076	299.6600037
1077	299.6400146
1078	299.5299988
1079	299.4899902
1080	299.4899902
1081	299.4700012
1082	299.4100037
1083	299.3599854
1084	299.4100037
1085	299.3599854
1086	299.3399963
1087	299.3399963
1088	299.4899902
1089	299.4500122
1090	299.4899902
1091	299.5299988
1092	299.6400146
1093	299.7200012
1094	299.7200012
1095	299.8699951
1096	299.7799988
1097	299.8699951
1098	299.7799988
1099	299.6199951
1100	299.6199951
1101	299.5100098
1102	299.7799988
1103	299.8200073
1104	299.9100037
1105	299.9899902
1106	299.9700012
1107	299.9500122
1108	299.9500122
1109	299.8200073
1110	299.7799988
1111	299.5899963
1112	299.7799988
1113	299.7600098
1114	299.7399902
1115	299.7799988
1116	299.6600037
1117	299.7799988
1118	299.8900146
1119	299.8900146
1120	300.0499878
1121	300.0100098
1122	299.9100037
1123	299.7799988
1124	299.6799927
1125	299.6400146
1126	299.6400146
1127	299.3399963
1128	299.2200012
1129	299.2399902
1130	299.2200012
1131	299.3200073
1132	299.4299927
1133	299.4700012
1134	299.5499878
1135	299.6600037
1136	299.6799927
1137	299.6600037
1138	299.7999878
1139	299.7799988
1140	299.8200073
1141	299.9100037
1142	299.9899902
1143	300.0799866
1144	300.1400146
1145	300.0499878
1146	299.8900146
1147	299.7600098
1148	299.7399902
1149	299.7399902
1150	299.9100037
1151	299.9100037
1152	300.1000061
1153	300.0299988
1154	299.9500122
1155	299.7999878
1156	299.8500061
1157	299.7999878
1158	299.7999878
1159	299.4299927
1160	299.4100037
1161	299.4299927
1162	299.5700073
1163	299.5100098
1164	299.4100037
1165	299.4100037
1166	299.7200012
1167	299.7000122
1168	299.7999878
1169	299.8200073
1170	299.9899902
1171	300.0299988
1172	300.0499878
1173	299.9899902
1174	299.9700012
1175	300.1400146
1176	300.3099976
1177	300.4100037
1178	300.6000061
1179	300.4700012
1180	300.2600098
1181	300.1199951
1182	300.1400146
1183	300.0799866
1184	299.9500122
1185	299.9899902
1186	300.0499878
1187	300.2200012
1188	300.4100037
1189	300.3500061
1190	300.3500061
1191	300.1600037
1192	300.1000061
1193	300.1400146
1194	300.0499878
1195	299.9700012
1196	300.0499878
1197	300.0499878
1198	300.0299988
1199	300.1400146
1200	300.2600098
1201	300.2799988
1202	300.3099976
1203	300.2600098
1204	300.2600098
1205	300.3299866
1206	300.5100098
1207	300.4100037
1208	300.3900146
1209	300.2799988
1210	300.3699951
1211	300.3500061
1212	300.3099976
1213	300.1799927
1214	299.8900146
1215	299.8200073
1216	299.6799927
1217	299.4700012
1218	299.4299927
1219	299.5100098
1220	299.5899963
1221	299.5899963
1222	299.5700073
1223	299.5499878
1224	299.3900146
1225	299.3900146
1226	299.2999878
1227	299.2000122
1228	299.2000122
1229	299.2000122
1230	299.2399902
1231	299.1799927
1232	299.0899963
1233	298.7999878
1234	298.2099915
1235	297.0899963
1236	297.0899963
1237	295.4500122
1238	294.6600037
1239	294.2799988
1240	293.6300049
1241	293.2799988
1242	293.0499878
1243	292.8599854
1244	292.3999939
1245	292.3200073
1246	292.0700073
1247	291.9599915
1248	291.8399963
1249	291.8399963
1250	291.9400024
1251	292.230011
1252	292.3399963
1253	292.4200134
1254	292.5100098
1255	292.5700073
1256	292.7600098
1257	292.8999939
1258	293.0700073
1259	293.2799988
1260	293.5499878
1261	293.5499878
1262	293.9700012
1263	294.3200073
1264	294.3200073
1265	294.3200073
1266	294.5299988
1267	294.7799988
1268	294.7799988
1269	295.1600037
1270	295.1000061
1271	295.1799927
1272	295.2200012
1273	295.2399902
1274	295.2900085
1275	295.2900085
1276	295.3699951
1277	295.4500122
1278	295.5400085
1279	295.6400146
1280	295.8099976
1281	295.8299866
1282	295.8699951
1283	295.8900146
1284	295.9299927
1285	296.019989
1286	296.0599976
1287	296.1400146
1288	296.25
1289	296.25
1290	296.4400024
1291	296.3900146
1292	296.3500061
1293	296.269989
1294	296.3900146
1295	296.3500061
1296	296.3099976
1297	296.269989
1298	296.1900024
1299	296.25
1300	296.25
1301	296.3099976
1302	296.519989
1303	296.6199951
1304	296.5799866
1305	296.519989
1306	296.5
1307	296.5
1308	296.480011
1309	296.3900146
1310	296.5799866
1311	296.5599976
1312	296.6000061
1313	296.6199951
1314	296.6499939
1315	296.730011
1316	296.8299866
1317	296.8599854
1318	296.8299866
1319	296.75
1320	296.730011
1321	296.6900024
1322	296.6700134
1323	296.730011
1324	296.8599854
1325	297
1326	297.019989
1327	296.980011
1328	296.9400024
1329	296.8099976
1330	296.75
1331	296.7900085
1332	296.7900085
1333	296.8800049
1334	296.8599854
1335	296.980011
1336	296.9599915
1337	296.980011
1338	297.0400085
1339	297.0400085
1340	296.9599915
1341	296.8999939
1342	296.9200134
1343	296.9400024
1344	296.9400024
1345	296.9200134
1346	296.9200134
1347	296.8099976
1348	296.75
1349	296.6900024
1350	296.730011
1351	296.730011
1352	296.75
1353	296.75
1354	296.9200134
1355	296.9400024
1356	297.0599976
1357	297.0899963
1358	297.1700134
1359	297.1499939
1360	297.2099915
1361	296.9400024
1362	296.8299866
1363	296.75
1364	296.6499939
1365	296.5799866
1366	296.6499939
1367	296.6199951
1368	296.7099915
1369	296.769989
1370	296.8299866
1371	296.8299866
1372	296.9200134
1373	297.019989
1374	297.1099854
1375	297.1700134
1376	297.230011
1377	297.230011
1378	297.230011
1379	297.230011
1380	297.25
1381	297.1900024
1382	297.1099854
1383	297.0899963
1384	297.1300049
1385	297.1700134
1386	297.0599976
1387	297.1300049
1388	297.1300049
1389	297.1700134
1390	297.269989
1391	297.269989
1392	297.25
1393	297.1700134
1394	297.1499939
1395	297.0599976
1396	296.8800049
1397	296.769989
1398	296.8599854
1399	296.8599854
1400	296.8099976
1401	296.8299866
1402	296.769989
1403	296.769989
1404	296.8299866
1405	296.8800049
1406	296.9200134
1407	297.019989
1408	297.019989
1409	297.1499939
1410	297.1499939
1411	297.3599854
1412	297.3599854
1413	297.4200134
1414	297.3200073
1415	297.3200073
1416	297.1700134
1417	297.1700134
1418	297.1700134
1419	297.2900085
1420	297.3800049
1421	297.3599854
1422	297.3800049
1423	297.230011
1424	297.1099854
1425	296.8999939
1426	296.9599915
1427	296.980011
1428	296.9200134
1429	296.9400024
1430	296.7900085
1431	296.730011
1432	296.75
1433	296.980011
1434	297.0899963
1435	297.0599976
1436	297.019989
1437	297
1438	297.0400085
1439	296.9400024
1440	296.9400024
1441	296.9400024
1442	296.9400024
1443	297.0400085
1444	297.1099854
1445	296.980011
1446	296.7900085
1447	296.6199951
1448	296.6199951
1449	296.6199951
1450	296.519989
1451	296.6900024
1452	296.6199951
1453	296.769989
1454	296.730011
1455	296.6900024
1456	296.6900024
1457	296.7900085
1458	296.730011
1459	296.75
1460	296.7900085
1461	296.8299866
1462	296.8999939
1463	296.8999939
1464	297
1465	297.0400085
1466	297
1467	297.0400085
1468	297.0899963
1469	297
1470	296.8800049
1471	296.9400024
1472	296.9200134
1473	296.9200134
1474	297
1475	297.1300049
1476	297.1099854
1477	297.0400085
1478	297.0400085
1479	297.019989
1480	297.1300049
1481	297.1300049
1482	297.1099854
1483	297.2099915
1484	297.1700134
1485	297.1499939
1486	297.1300049
1487	297.0899963
1488	297.0899963
1489	297.25
1490	297.3200073
1491	297.3200073
1492	297.2099915
1493	297.1099854
1494	297.0899963
1495	297.0400085
1496	297.0899963
1497	297.0599976
1498	297.019989
1499	296.9200134
1500	296.9599915
1501	297.0400085
1502	297.0899963
1503	297
1504	296.9400024
1505	296.8800049
1506	296.7900085
1507	296.8099976
1508	296.7099915
1509	296.6700134
1510	296.7900085
1511	297.019989
1512	297.0899963
1513	297.0899963
1514	297.4599915
1515	297.6099854
1516	297.5899963
1517	297.5499878
1518	297.6700134
1519	297.75
1520	297.75
1521	297.730011
1522	297.6700134
1523	297.6900024
1524	297.75
1525	297.8599854
1526	297.8800049
1527	297.8800049
1528	298.0299988
1529	298.1499939
1530	298.1300049
1531	298.2999878
1532	298.2999878
1533	298.3200073
1534	298.3599854
1535	298.5100098
1536	298.5499878
1537	298.6300049
1538	298.5499878
1539	298.4899902
1540	298.3999939
1541	298.4200134
1542	298.5100098
1543	298.6499939
1544	298.9700012
1545	299.2200012
1546	299.2399902
1547	299.3200073
1548	299.4100037
1549	299.5299988
1550	299.5299988
1551	299.5299988
1552	299.5299988
1553	299.6600037
1554	299.8500061
1555	299.9100037
1556	299.9899902
1557	300.0100098
1558	299.8200073
1559	299.8200073
1560	299.8200073
1561	299.6400146
1562	299.7000122
1563	299.8200073
1564	299.7799988
1565	299.8699951
1566	299.9500122
1567	300.2600098
1568	300.2600098
1569	300.3099976
1570	300.2600098
1571	300.1600037
1572	300.1600037
1573	300.1799927
1574	300.2000122
1575	300.2399902
1576	300.3500061
1577	300.2200012
1578	300.1199951
1579	299.9899902
1580	299.9500122
1581	299.9500122
1582	299.7200012
1583	299.5899963
1584	299.5899963
1585	299.7600098
1586	299.8200073
1587	299.9100037
1588	299.9700012
1589	299.9700012
1590	299.9500122
1591	299.9500122
1592	299.8200073
1593	299.7200012
1594	299.6199951
1595	299.4500122
1596	299.4299927
1597	299.5299988
1598	299.5299988
1599	299.8900146
1600	299.9899902
1601	299.9100037
1602	299.8699951
1603	299.8500061
1604	299.7399902
1605	299.7000122
1606	299.7399902
1607	299.7200012
1608	299.9299927
1609	300.0499878
1610	300.0299988
1611	300.2200012
1612	300.2399902
1613	300.0799866
1614	299.9500122
1615	299.7999878
1616	299.7600098
1617	299.7600098
1618	299.7999878
1619	299.8200073
1620	299.8200073
1621	299.7600098
1622	299.6400146
1623	299.6400146
1624	299.3599854
1625	299.4899902
1626	299.6199951
1627	299.7000122
1628	299.6400146
1629	299.4299927
1630	299.4299927
1631	299.3399963
1632	299.1300049
1633	299.0499878
1634	299.1300049
1635	299.6199951
1636	299.7000122
1637	299.7399902
1638	299.8500061
1639	299.8699951
1640	299.8900146
1641	299.8699951
1642	299.7799988
1643	299.8699951
1644	299.8900146
1645	299.9500122
1646	299.9899902
1647	300.0299988
1648	300.2200012
1649	300.2799988
1650	300.3099976
1651	300.2799988
1652	300.1600037
1653	300.0799866
1654	300.0100098
1655	299.7799988
1656	299.6799927
1657	299.4700012
1658	299.5700073
1659	299.6600037
1660	299.6400146
1661	299.6400146
1662	299.6400146
1663	299.5499878
1664	299.6600037
1665	299.7200012
1666	299.8900146
1667	299.8699951
1668	299.8699951
1669	299.8699951
1670	299.7600098
1671	299.6799927
1672	299.7200012
1673	299.7000122
1674	299.6600037
1675	299.6600037
1676	299.7000122
1677	299.6400146
1678	299.6799927
1679	299.7600098
1680	299.8200073
1681	299.9299927
1682	299.8200073
1683	299.7000122
1684	299.5499878
1685	299.5100098
1686	299.4899902
1687	299.7399902
1688	299.7799988
1689	299.7000122
1690	299.5499878
1691	299.4500122
1692	299.4100037
1693	299.3900146
1694	299.3900146
1695	299.2399902
1696	299.2799988
1697	299.2799988
1698	299.3399963
1699	299.4899902
1700	299.3599854
1701	299.3599854
1702	299.0499878
1703	298.9899902
1704	298.9299927
1705	298.7999878
1706	298.5100098
1707	297.8800049
1708	297.8800049
1709	296.230011
1710	294.9100037
1711	294.2799988
1712	293.0499878
1713	292.1700134
1714	291.9200134
1715	291.6300049
1716	291
1717	290.9200134
1718	290.8699951
1719	290.980011
1720	291
1721	291.1700134
1722	291.1900024
1723	291.2900085
1724	291.4200134
1725	291.5400085
1726	291.6900024
1727	291.8399963
1728	292.0899963
1729	292.2999878
1730	292.7600098
1731	293.0700073
1732	293.3599854
1733	293.3599854
1734	293.6300049
1735	293.7200012
1736	293.8200073
1737	294.0100098
1738	294.2200012
1739	294.4700012
1740	294.4700012
1741	294.8299866
1742	295.0100098
1743	295.1000061
1744	295.269989
1745	295.3299866
1746	295.3299866
1747	295.3500061
1748	295.2900085
1749	295.2399902
1750	295.269989
1751	295.3500061
1752	295.3299866
1753	295.3099976
1754	295.4299927
1755	295.3699951
1756	295.4100037
1757	295.519989
1758	295.5599976
1759	295.6199951
1760	295.5799866
1761	295.7000122
1762	295.7900085
1763	295.8099976
1764	296
1765	296
1766	295.8900146
1767	295.8699951
1768	295.9100037
1769	295.8900146
1770	295.980011
1771	296
1772	296
1773	296.0799866
1774	296.0400085
1775	296
1776	295.9599915
1777	296.019989
1778	296.0400085
1779	296.0400085
1780	296.1900024
1781	296.2099915
1782	296.3099976
1783	296.4200134
1784	296.5
1785	296.3900146
1786	296.230011
1787	296.0599976
1788	296.019989
1789	295.980011
1790	296.0599976
1791	296.2099915
1792	296.230011
1793	296.1900024
1794	296.230011
1795	296.1600037
1796	296.269989
1797	296.3900146
1798	296.3900146
1799	296.480011
1800	296.4200134
1801	296.3500061
1802	296.4200134
1803	296.5599976
1804	296.5599976
1805	296.6000061
1806	296.5799866
1807	296.6000061
1808	296.7099915
1809	296.8599854
1810	296.9200134
1811	296.9200134
1812	296.8099976
1813	296.6700134
1814	296.6700134
1815	296.8299866
1816	296.980011
1817	297.019989
1818	297.0400085
1819	296.9200134
1820	296.8800049
1821	296.8299866
1822	296.730011
1823	296.6499939
1824	296.6000061
1825	296.6000061
1826	296.6900024
1827	296.6900024
1828	296.7900085
1829	296.769989
1830	296.730011
1831	296.730011
1832	296.7099915
1833	296.75
1834	296.7900085
1835	296.9400024
1836	296.9400024
1837	297.0400085
1838	297.0599976
1839	297.0599976
1840	296.9599915
1841	296.8099976
1842	296.75
1843	296.75
1844	296.8299866
1845	296.8599854
1846	296.8599854
1847	296.769989
1848	296.5799866
1849	296.5400085
1850	296.5400085
1851	296.5
1852	296.5799866
1853	296.4400024
1854	296.25
1855	296.1199951
1856	296.2099915
1857	296.2900085
1858	296.7099915
1859	296.769989
1860	296.8800049
1861	296.8999939
1862	296.9200134
1863	296.730011
1864	296.6900024
1865	296.3500061
1866	296.3299866
1867	296.4200134
1868	296.4400024
1869	296.3900146
1870	296.3900146
1871	296.3299866
1872	296.3099976
1873	296.3500061
1874	296.519989
1875	296.519989
1876	296.8099976
1877	296.9200134
1878	296.9599915
1879	296.9200134
1880	296.8800049
1881	296.8299866
1882	296.8299866
1883	296.769989
1884	296.8599854
1885	296.8599854
1886	296.8800049
1887	296.9400024
1888	296.9200134
1889	296.9599915
1890	296.8599854
1891	296.8800049
1892	296.8800049
1893	296.8299866
1894	296.6000061
1895	296.5
1896	296.3500061
1897	296.3699951
1898	296.4400024
1899	296.5
1900	296.6000061
1901	296.6000061
1902	296.5599976
1903	296.5799866
1904	296.6900024
1905	296.6700134
1906	296.730011
1907	296.730011
1908	296.75
1909	296.75
1910	296.75
1911	296.7900085
1912	296.8999939
1913	296.8299866
1914	296.8299866
1915	296.7900085
1916	296.7900085
1917	296.75
1918	296.6499939
1919	296.5400085
1920	296.5599976
1921	296.5599976
1922	296.730011
1923	296.7099915
1924	296.6700134
1925	296.6700134
1926	296.730011
1927	296.75
1928	296.730011
1929	296.7099915
1930	296.5799866
1931	296.5400085
1932	296.480011
1933	296.6199951
1934	296.6499939
1935	296.75
1936	296.6199951
1937	296.5
1938	296.3500061
1939	296.4599915
1940	296.4599915
1941	296.6199951
1942	296.7099915
1943	296.7099915
1944	296.7099915
1945	296.6700134
1946	296.6700134
1947	296.6499939
1948	296.6499939
1949	296.6900024
1950	296.6000061
1951	296.6000061
1952	296.5799866
1953	296.5799866
1954	296.6900024
1955	296.6499939
1956	296.6000061
1957	296.6499939
1958	296.7900085
1959	296.75
1960	296.8099976
1961	296.8599854
1962	296.769989
1963	296.7900085
1964	296.8599854
1965	296.980011
1966	297.0899963
1967	297.1099854
1968	297.1099854
1969	297.0599976
1970	296.9200134
1971	296.8299866
1972	296.8999939
1973	296.8299866
1974	296.8599854
1975	296.769989
1976	296.6700134
1977	296.5799866
1978	296.769989
1979	296.7099915
1980	296.8999939
1981	296.8800049
1982	296.7900085
1983	296.75
1984	296.6499939
1985	296.6499939
1986	296.7099915
1987	296.8599854
1988	296.8999939
1989	297.0899963
1990	297.230011
1991	297.3999939
1992	297.3999939
1993	297.7799988
1994	297.7799988
1995	297.6499939
1996	297.4400024
1997	297.3800049
1998	297.3200073
1999	297.25
2000	297.3599854
2001	297.269989
2002	297.3200073
2003	297.25
2004	297.1700134
2005	297.25
2006	297.3800049
2007	297.8399963
2008	297.9599915
2009	298.3999939
2010	298.4899902
2011	298.4899902
2012	298.7000122
2013	298.8599854
2014	299.0499878
2015	299.0700073
2016	298.9299927
2017	298.9299927
2018	298.7200012
2019	298.7999878
2020	298.8800049
2021	298.9700012
2022	299.0299988
2023	299.1799927
2024	299.1799927
2025	299.4700012
2026	299.4500122
2027	299.5700073
2028	299.7600098
2029	299.8200073
2030	299.7399902
2031	299.7399902
2032	299.6600037
2033	299.8699951
2034	299.8200073
2035	299.9899902
2036	300.0299988
2037	300.1199951
2038	300.1199951
2039	300.1199951
2040	300.1000061
2041	300.1199951
2042	300.1600037
2043	300.2600098
2044	300.3099976
2045	300.2799988
2046	300.3500061
2047	300.2799988
2048	300.3099976
2049	300.2600098
2050	300.2600098
2051	300.3500061
2052	300.3500061
2053	300.3299866
2054	300.3099976
2055	300.2000122
2056	300.2000122
2057	300.2000122
2058	300.2600098
2059	300.2000122
2060	300.3099976
2061	300.5100098
2062	300.7000122
2063	300.7000122
2064	300.8699951
2065	300.8699951
2066	300.9100037
2067	300.8299866
2068	300.7399902
2069	300.8099976
2070	300.8299866
2071	300.6799927
2072	300.6199951
2073	300.6400146
2074	300.6000061
2075	300.6199951
2076	300.6000061
2077	300.6400146
2078	300.8500061
2079	300.769989
2080	300.6400146
2081	300.1799927
2082	300.0799866
2083	299.9700012
2084	299.9700012
2085	300.2799988
2086	300.4500122
2087	300.3699951
2088	300.3699951
2089	300.5100098
2090	300.3900146
2091	300.3500061
2092	300.2200012
2093	300.2200012
2094	300.2200012
2095	300.2200012
2096	300.4500122
2097	300.4100037
2098	300.3900146
2099	300.4700012
2100	300.5100098
2101	300.6000061
2102	300.6000061
2103	300.5100098
2104	300.5400085
2105	300.6000061
2106	300.4899902
2107	300.4100037
2108	300.4100037
2109	300.4100037
2110	300.3299866
2111	300.3500061
2112	300.3500061
2113	300.2600098
2114	300.2600098
2115	300.2000122
2116	300.1799927
2117	300.2399902
2118	300.1799927
2119	300.2799988
2120	300.3900146
2121	300.3900146
2122	300.3299866
2123	300.3099976
2124	300.2399902
2125	300.1400146
2126	300.0499878
2127	300.0499878
2128	300.0299988
2129	300.0799866
2130	300.0299988
2131	299.9899902
2132	299.7600098
2133	299.6400146
2134	299.6400146
2135	299.5499878
2136	299.6799927
2137	299.7000122
2138	299.5499878
2139	299.4899902
2140	299.6199951
2141	299.6799927
2142	299.7600098
2143	299.8200073
2144	299.9100037
2145	300.1400146
2146	300.3299866
2147	300.3299866
2148	300.3500061
2149	300.1600037
2150	300.1799927
2151	300.1400146
2152	300.1799927
2153	300.2200012
2154	300.2399902
2155	300.1400146
2156	300.2799988
2157	300.3299866
2158	300.2799988
2159	300.2799988
2160	300.2000122
2161	300.1400146
2162	300.1000061
2163	299.9899902
2164	299.7600098
2165	299.7799988
2166	299.7799988
2167	299.6400146
2168	299.4299927
2169	299.2999878
2170	299.0700073
2171	298.9899902
2172	298.9299927
2173	298.9299927
2174	298.7799988
2175	298.7399902
2176	298.7600098
2177	298.7200012
2178	298.6300049
2179	298.5499878
2180	298.3999939
2181	297.5
2182	297.0899963
2183	296.1000061
2184	295.2000122
2185	294.8699951
2186	294.2399902
2187	293.9700012
2188	293.0899963
2189	292.8599854
2190	292.5100098
2191	292.2099915
2192	292.0700073
2193	291.8399963
2194	291.8599854
2195	291.9200134
2196	291.980011
2197	292.019989
2198	292.019989
2199	292.3200073
2200	292.5299988
2201	292.6099854
2202	292.7399902
2203	292.9200134
2204	293.0100098
2205	293.0100098
2206	293.3599854
2207	293.6300049
2208	293.7000122
2209	293.9100037
2210	294.0299988
2211	294.1400146
2212	294.2999878
2213	294.6600037
2214	294.8500061
2215	294.8900146
2216	294.8900146
2217	294.9500122
2218	294.9700012
2219	294.8900146
2220	295.0100098
2221	295.1000061
2222	295.1799927
2223	295.3099976
2224	295.3500061
2225	295.4100037
2226	295.4100037
2227	295.4500122
2228	295.519989
2229	295.6000061
2230	295.75
2231	295.769989
2232	295.8299866
2233	295.8099976
2234	295.8099976
2235	295.7900085
2236	295.730011
2237	295.730011
2238	295.769989
2239	295.9100037
2240	295.980011
2241	296.019989
2242	295.980011
2243	295.9299927
2244	295.9299927
2245	295.8299866
2246	295.9299927
2247	295.8500061
2248	296.019989
2249	296.0599976
2250	296.0799866
2251	296.1199951
2252	296.3099976
2253	296.2900085
2254	296.2900085
2255	296.3099976
2256	296.3299866
2257	296.269989
2258	296.230011
2259	296.1600037
2260	296.1400146
2261	296.1600037
2262	296.269989
2263	296.3699951
2264	296.3299866
2265	296.3099976
2266	296.4400024
2267	296.4200134
2268	296.4200134
2269	296.4200134
2270	296.4400024
2271	296.3299866
2272	296.2900085
2273	296.1600037
2274	296.1000061
2275	296.1900024
2276	296.1900024
2277	296.480011
2278	296.6000061
2279	296.6000061
2280	296.7099915
2281	296.6499939
2282	296.5400085
2283	296.5400085
2284	296.3099976
2285	296.2099915
2286	296.1900024
2287	296.1600037
2288	296.1400146
2289	296.1900024
2290	296.2099915
2291	296.3299866
2292	296.3699951
2293	296.4599915
2294	296.5
2295	296.4599915
2296	296.480011
2297	296.519989
2298	296.5400085
2299	296.519989
2300	296.5400085
2301	296.519989
2302	296.5400085
2303	296.519989
2304	296.3699951
2305	296.2900085
2306	296.3500061
2307	296.3900146
2308	296.3900146
2309	296.4400024
2310	296.3699951
2311	296.3900146
2312	296.269989
2313	296.1900024
2314	296.1199951
2315	296.1199951
2316	296.25
2317	296.3099976
2318	296.3699951
2319	296.4200134
2320	296.5
2321	296.5599976
2322	296.5799866
2323	296.6900024
2324	296.6900024
2325	296.6199951
2326	296.6000061
2327	296.5400085
2328	296.6499939
2329	296.6499939
2330	296.6499939
2331	296.6499939
2332	296.5599976
2333	296.3900146
2334	296.3500061
2335	296.3500061
2336	296.3900146
2337	296.4599915
2338	296.3500061
2339	296.1600037
2340	296.1600037
2341	296.2099915
2342	296.3900146
2343	296.4200134
2344	296.3900146
2345	296.3900146
2346	296.3500061
2347	296.3500061
2348	296.4400024
2349	296.519989
2350	296.5400085
2351	296.6499939
2352	296.6000061
2353	296.5
2354	296.5
2355	296.6700134
2356	296.730011
2357	296.7099915
2358	296.7900085
2359	296.6700134
2360	296.7099915
2361	296.7099915
2362	296.8299866
2363	296.6199951
2364	296.6700134
2365	296.6000061
2366	296.5400085
2367	296.6499939
2368	296.6499939
2369	296.6900024
2370	296.75
2371	296.8999939
2372	296.9400024
2373	296.980011
2374	296.8599854
2375	296.8599854
2376	296.730011
2377	296.730011
2378	296.6900024
2379	296.6900024
2380	296.75
2381	296.75
2382	296.730011
2383	296.6700134
2384	296.6499939
2385	296.6000061
2386	296.6000061
2387	296.730011
2388	296.8099976
2389	296.8099976
2390	296.6900024
2391	296.6199951
2392	296.6900024
2393	296.6900024
2394	296.5599976
2395	296.6700134
2396	296.5400085
2397	296.5
2398	296.5
2399	296.5400085
2400	296.519989
2401	296.2900085
2402	296.269989
2403	296.269989
2404	296.3299866
2405	296.4200134
2406	296.6199951
2407	296.6900024
2408	296.9599915
2409	297.019989
2410	296.9200134
2411	296.6900024
2412	296.6199951
2413	296.3900146
2414	296.4200134
2415	296.5400085
2416	296.6499939
2417	296.6700134
2418	296.6700134
2419	296.7099915
2420	296.769989
2421	296.7900085
2422	296.769989
2423	296.75
2424	296.8599854
2425	296.8599854
2426	296.8999939
2427	297.0599976
2428	297
2429	297.019989
2430	296.9400024
2431	296.9400024
2432	296.9200134
2433	296.8599854
2434	296.8800049
2435	296.6900024
2436	296.6900024
2437	296.6700134
2438	296.6000061
2439	296.6199951
2440	296.6499939
2441	296.6900024
2442	296.8800049
2443	296.8999939
2444	296.980011
2445	297
2446	297.019989
2447	296.8599854
2448	296.7099915
2449	296.6900024
2450	296.6900024
2451	296.769989
2452	296.8599854
2453	296.9400024
2454	297.1499939
2455	297.1900024
2456	297.230011
2457	297.230011
2458	297.3399963
2459	297.3800049
2460	297.3399963
2461	297.269989
2462	297.0400085
2463	296.8999939
2464	296.8999939
2465	297.0599976
2466	297.019989
2467	296.8999939
2468	296.6199951
2469	296.6900024
2470	296.8599854
2471	297
2472	297.5
2473	297.5899963
2474	297.730011
2475	297.8800049
2476	297.8800049
2477	297.9400024
2478	297.9599915
2479	298.1300049
2480	298.1499939
2481	298.3200073
2482	298.7799988
2483	298.8800049
2484	299.1300049
2485	299.1799927
2486	299.2000122
2487	299.0299988
2488	299.0899963
2489	299.0899963
2490	299.2999878
2491	299.4100037
2492	299.5700073
2493	299.7000122
2494	299.7000122
2495	299.6799927
2496	299.6799927
2497	299.7600098
2498	299.8900146
2499	299.8900146
2500	299.6400146
2501	299.5700073
2502	299.5899963
2503	299.5499878
2504	299.4299927
2505	299.4100037
2506	299.4899902
2507	299.6600037
2508	299.8500061
2509	299.7799988
2510	299.7600098
2511	299.8200073
2512	299.8200073
2513	299.7799988
2514	299.7799988
2515	299.7200012
2516	299.8200073
2517	299.7999878
2518	299.6600037
2519	299.7000122
2520	299.8699951
2521	299.8699951
2522	300.1199951
2523	300.2000122
2524	300.2799988
2525	300.4500122
2526	300.4500122
2527	300.5400085
2528	300.5400085
2529	300.4299927
2530	300.2000122
2531	300.1199951
2532	299.9899902
2533	299.8900146
2534	299.9700012
2535	299.9700012
2536	299.7399902
2537	299.6400146
2538	299.6600037
2539	299.7000122
2540	299.9500122
2541	299.9500122
2542	300.1199951
2543	300.4100037
2544	300.3900146
2545	300.1600037
2546	299.8699951
2547	299.7600098
2548	299.6600037
2549	299.5700073
2550	299.6600037
2551	299.7000122
2552	299.9100037
2553	299.9899902
2554	299.9700012
2555	299.9700012
2556	299.8699951
2557	299.7799988
2558	299.8200073
2559	299.9299927
2560	299.9299927
2561	300.1000061
2562	300.1600037
2563	300.3299866
2564	300.4299927
2565	300.3099976
2566	300.2600098
2567	300.2600098
2568	300.0499878
2569	300.0299988
2570	300.0299988
2571	300.1000061
2572	300.2399902
2573	300.2799988
2574	300.2600098
2575	300.1799927
2576	299.9700012
2577	299.8200073
2578	299.7600098
2579	299.8699951
2580	299.8900146
2581	299.8200073
2582	299.7600098
2583	299.8900146
2584	300.1000061
2585	300.0799866
2586	299.9700012
2587	299.7999878
2588	299.7399902
2589	299.7000122
2590	299.5899963
2591	299.7600098
2592	299.7600098
2593	299.7799988
2594	299.7600098
2595	299.7200012
2596	299.6600037
2597	299.4899902
2598	299.4100037
2599	299.4100037
2600	299.2999878
2601	299.3200073
2602	299.2999878
2603	299.1099854
2604	298.9299927
2605	299.0499878
2606	299.0499878
2607	299.5700073
2608	299.6400146
2609	299.5700073
2610	299.4700012
2611	299.3399963
2612	299.4299927
2613	299.5100098
2614	299.5499878
2615	299.6199951
2616	299.8500061
2617	299.7799988
2618	299.7000122
2619	299.6400146
2620	299.6199951
2621	299.4899902
2622	299.5100098
2623	299.3599854
2624	299.2600098
2625	299.2200012
2626	299.3900146
2627	299.4899902
2628	299.5899963
2629	299.4899902
2630	299.5299988
2631	299.5299988
2632	299.5100098
2633	299.5299988
2634	299.5299988
2635	299.3599854
2636	299.3599854
2637	299.5700073
2638	299.5700073
2639	299.4500122
2640	299.3200073
2641	299.3900146
2642	299.3200073
2643	299.2399902
2644	299.2600098
2645	299.2600098
2646	299.2200012
2647	299.2000122
2648	299.0499878
2649	298.9700012
2650	298.9500122
2651	298.9299927
2652	298.9500122
2653	298.9700012
2654	298.9700012
2655	298.8800049
2656	298.8999939
2657	298.8800049
2658	298.7600098
2659	298.6499939
2660	298.2399902
2661	297.6300049
2662	296.5599976
2663	295.2000122
2664	294.6199951
2665	293.6300049
2666	293.2600098
2667	292.5899963
2668	292.230011
2669	291.8200073
2670	291.8200073
2671	291.3999939
2672	291.25
2673	291.25
2674	291.3099976
2675	291.2900085
2676	291.269989
2677	291.269989
2678	291.2900085
2679	291.3099976
2680	291.3999939
2681	291.480011
2682	291.7900085
2683	291.980011
2684	292.2099915
2685	292.6499939
2686	292.7099915
2687	292.9899902
2688	293.2399902
2689	293.3599854
2690	293.3599854
2691	293.5100098
2692	293.7999878
2693	293.7799988
2694	293.9899902
2695	294.2000122
2696	294.2600098
2697	294.3900146
2698	294.4299927
2699	294.4500122
2700	294.7200012
2701	294.8500061
2702	294.8500061
2703	294.9700012
2704	295.0599976
2705	295.0100098
2706	295.1000061
2707	295.1600037
2708	295.269989
2709	295.269989
2710	295.4299927
2711	295.3900146
2712	295.5
2713	295.4100037
2714	295.4100037
2715	295.3900146
2716	295.3900146
2717	295.6400146
2718	295.7000122
2719	295.7900085
2720	295.8500061
2721	295.8699951
2722	295.8699951
2723	295.8299866
2724	295.7000122
2725	295.7000122
2726	295.7000122
2727	295.6199951
2728	295.7000122
2729	295.6600037
2730	295.730011
2731	295.769989
2732	295.9100037
2733	296.0599976
2734	296.019989
2735	295.8900146
2736	295.8299866
2737	295.7900085
2738	295.8099976
2739	295.8099976
2740	295.769989
2741	295.769989
2742	295.8299866
2743	295.8099976
2744	295.8699951
2745	296.1400146
2746	296.230011
2747	296.3699951
2748	296.3699951
2749	296.25
2750	296.269989
2751	296.2099915
2752	296.269989
2753	296.269989
2754	296.3099976
2755	296.3299866
2756	296.3500061
2757	296.230011
2758	296.1900024
2759	296.0599976
2760	295.980011
2761	295.9100037
2762	295.980011
2763	296.0599976
2764	296.1000061
2765	296.1600037
2766	296.230011
2767	296.269989
2768	296.3099976
2769	296.3299866
2770	296.5
2771	296.5
2772	296.4400024
2773	296.3299866
2774	296.3500061
2775	296.3500061
2776	296.3500061
2777	296.480011
2778	296.5
2779	296.519989
2780	296.519989
2781	296.6199951
2782	296.5799866
2783	296.6199951
2784	296.730011
2785	296.7099915
2786	296.6499939
2787	296.6499939
2788	296.5400085
2789	296.5400085
2790	296.6499939
2791	296.5799866
2792	296.480011
2793	296.4599915
2794	296.480011
2795	296.7099915
2796	296.6900024
2797	296.6499939
2798	296.5400085
2799	296.5400085
2800	296.4599915
2801	296.519989
2802	296.4200134
2803	296.4400024
2804	296.4400024
2805	296.269989
2806	296.25
2807	296.019989
2808	296.0400085
2809	296.0799866
2810	296.0799866
2811	296.1400146
2812	296.1400146
2813	296.1900024
2814	296.269989
2815	296.269989
2816	296.3900146
2817	296.4400024
2818	296.480011
2819	296.480011
2820	296.269989
2821	296.230011
2822	296.3099976
2823	296.230011
2824	296.3299866
2825	296.3500061
2826	296.480011
2827	296.519989
2828	296.519989
2829	296.5
2830	296.5
2831	296.4400024
2832	296.480011
2833	296.4599915
2834	296.1600037
2835	296.0400085
2836	295.9599915
2837	295.980011
2838	296.0599976
2839	296.0400085
2840	296.0400085
2841	296.1000061
2842	296.0799866
2843	296.0799866
2844	296.1000061
2845	296.1400146
2846	296.25
2847	296.25
2848	296.269989
2849	296.269989
2850	296.4599915
2851	296.4599915
2852	296.4599915
2853	296.269989
2854	296.4200134
2855	296.2900085
2856	296.2099915
2857	296.1900024
2858	296.1900024
2859	296.0799866
2860	296.1400146
2861	296.1600037
2862	296.0799866
2863	295.980011
2864	296.0599976
2865	296.0400085
2866	296.1199951
2867	296.1400146
2868	296.1400146
2869	296.1600037
2870	296.230011
2871	296.2900085
2872	296.2900085
2873	296.25
2874	296.3699951
2875	296.5599976
2876	296.7099915
2877	296.8099976
2878	296.8800049
2879	296.8800049
2880	296.7099915
2881	296.6700134
2882	296.730011
2883	296.730011
2884	296.769989
2885	296.9400024
2886	297
2887	297.0599976
2888	296.9599915
2889	296.9200134
2890	296.9200134
2891	296.769989
2892	296.7900085
2893	296.730011
2894	296.8800049
2895	296.980011
2896	297.0400085
2897	297.0400085
2898	296.9400024
2899	296.730011
2900	296.730011
2901	296.6700134
2902	296.519989
2903	296.6000061
2904	296.6000061
2905	296.6700134
2906	296.7900085
2907	296.9200134
2908	296.9599915
2909	296.9599915
2910	297.0899963
2911	297.1300049
2912	297.1099854
2913	297.1900024
2914	297.0899963
2915	297.0400085
2916	297.019989
2917	296.8299866
2918	296.8299866
2919	296.7099915
2920	296.6700134
2921	296.7099915
2922	296.7099915
2923	296.769989
2924	296.730011
2925	296.75
2926	296.8599854
2927	296.8800049
2928	296.8999939
2929	296.8999939
2930	296.9200134
2931	296.8999939
2932	296.9599915
2933	296.9200134
2934	296.9200134
2935	296.8999939
2936	296.8099976
2937	296.7900085
2938	296.730011
2939	296.8099976
2940	296.9200134
2941	296.980011
2942	297.0899963
2943	297.1499939
2944	297.1099854
2945	297.1300049
2946	297.1900024
2947	297.2099915
2948	297.1900024
2949	296.9200134
2950	296.8299866
2951	296.6900024
2952	296.7900085
2953	297.269989
2954	297.269989
2955	297.6499939
2956	297.7799988
2957	297.7999878
2958	297.730011
2959	297.6700134
2960	297.8200073
2961	297.8200073
2962	298.0700073
2963	298.2799988
2964	298.2799988
2965	298.2600098
2966	298.4700012
2967	298.5499878
2968	298.5499878
2969	298.1499939
2970	297.8399963
2971	297.730011
2972	297.75
2973	297.980011
2974	298.0700073
2975	298.0899963
2976	298.2099915
2977	298.2399902
2978	298.1300049
2979	298.1900024
2980	298.2399902
2981	298.4200134
2982	298.4400024
2983	298.3999939
2984	298.3800049
2985	298.5899963
2986	298.8399963
2987	298.9700012
2988	298.9899902
2989	298.9299927
2990	298.6099854
2991	298.4700012
2992	298.3599854
2993	298.3599854
2994	298.2999878
2995	298.4400024
2996	298.5899963
2997	298.9500122
2998	299.2000122
2999	299.3399963
3000	299.3399963
3001	299.3200073
3002	299.2600098
3003	299.0899963
3004	298.9500122
3005	299.0499878
3006	299.0899963
3007	299.2000122
3008	299.2200012
3009	299.2200012
3010	299.1300049
3011	299.0100098
3012	298.9700012
3013	299.0100098
3014	298.9899902
3015	299.0100098
3016	298.8399963
3017	298.8399963
3018	298.6700134
3019	298.6099854
3020	298.6099854
3021	298.6499939
3022	298.8200073
3023	298.9299927
3024	298.8599854
3025	298.8599854
3026	298.8800049
3027	298.8200073
3028	298.7999878
3029	298.7799988
3030	298.6499939
3031	298.6300049
3032	298.6300049
3033	298.8599854
3034	298.9299927
3035	298.8999939
3036	298.7799988
3037	298.6099854
3038	298.5299988
3039	298.5299988
3040	298.7999878
3041	299.1300049
3042	299.2399902
3043	299.5100098
3044	299.4899902
3045	299.4700012
3046	299.3900146
3047	299.4100037
3048	299.3200073
3049	299.2200012
3050	299.0899963
3051	299.0299988
3052	299.0899963
3053	299.1099854
3054	299.2000122
3055	299.2000122
3056	299.1099854
3057	299.0899963
3058	299.0700073
3059	299.0700073
3060	299.0700073
3061	299.0299988
3062	298.9500122
3063	299.1300049
3064	299.1300049
3065	299.2200012
3066	299.2999878
3067	299.1600037
3068	299.2200012
3069	299.3900146
3070	299.2999878
3071	299.2999878
3072	298.9500122
3073	298.7600098
3074	298.7200012
3075	298.5899963
3076	298.5299988
3077	298.4400024
3078	298.3800049
3079	298.0700073
3080	297.9200134
3081	297.9200134
3082	298.0499878
3083	298.4899902
3084	298.7000122
3085	298.8399963
3086	299.1799927
3087	299.2000122
3088	299.1300049
3089	299.0700073
3090	299.0899963
3091	299.2000122
3092	299.1300049
3093	299.2000122
3094	299.0899963
3095	299.0100098
3096	299.1600037
3097	299.3399963
3098	299.5700073
3099	299.6799927
3100	299.7600098
3101	299.6799927
3102	299.6600037
3103	299.6600037
3104	299.4500122
3105	299.4299927
3106	299.3599854
3107	299.2399902
3108	299.4700012
3109	299.6400146
3110	299.6400146
3111	299.5899963
3112	299.5299988
3113	299.4700012
3114	299.3399963
3115	299.0899963
3116	298.9700012
3117	298.7399902
3118	298.2099915
3119	298.2399902
3120	298.2600098
3121	298.5499878
3122	298.6300049
3123	298.8200073
3124	298.8999939
3125	298.9500122
3126	299.0100098
3127	298.9700012
3128	298.9700012
3129	298.9700012
3130	298.9899902
3131	299.0100098
3132	299.0299988
3133	298.9899902
3134	298.7200012
3135	298.7200012
3136	298.1499939
3137	297.75
3138	297.5
3139	297.1300049
3140	296.4200134
3141	295.3900146
3142	295.3900146
3143	293.9700012
3144	293.3800049
3145	293.2000122
3146	292.7399902
3147	292.3200073
3148	292.230011
3149	292.0899963
3150	291.8399963
3151	291.730011
3152	291.6300049
3153	291.6700134
3154	291.75
3155	291.769989
3156	291.8200073
3157	292.2799988
3158	292.3599854
3159	292.6099854
3160	292.8599854
3161	292.8599854
3162	293.1300049
3163	293.2200012
3164	293.6600037
3165	293.8900146
3166	294.0700073
3167	294.2200012
3168	294.2200012
3169	294.2999878
3170	294.4500122
3171	294.6199951
3172	294.6400146
3173	294.8299866
3174	294.8299866
3175	295.1000061
3176	295.2399902
3177	295.3699951
3178	295.4100037
3179	295.3699951
3180	295.3900146
3181	295.3900146
3182	295.5400085
3183	295.730011
3184	295.730011
3185	295.7900085
3186	295.7900085
3187	295.75
3188	295.75
3189	295.8900146
3190	296
3191	296.0799866
3192	296.1000061
3193	296.1400146
3194	296.1900024
3195	296.1900024
3196	296.230011
3197	296.25
3198	296.230011
3199	296.1900024
3200	296.1900024
3201	296.2900085
3202	296.3099976
3203	296.3299866
3204	296.3099976
3205	296.3500061
3206	296.3500061
3207	296.3699951
3208	296.480011
3209	296.5
3210	296.5
3211	296.5799866
3212	296.5
3213	296.5
3214	296.4400024
3215	296.519989
3216	296.519989
3217	296.5799866
3218	296.5599976
3219	296.6700134
3220	296.6700134
3221	296.6499939
3222	296.6700134
3223	296.6700134
3224	296.75
3225	296.8999939
3226	296.9200134
3227	296.8800049
3228	296.769989
3229	296.730011
3230	296.8299866
3231	296.9400024
3232	296.9599915
3233	297
3234	296.980011
3235	296.8599854
3236	296.7900085
3237	296.769989
3238	296.8099976
3239	296.8299866
3240	296.769989
3241	296.7099915
3242	296.6499939
3243	296.6199951
3244	296.5400085
3245	296.5400085
3246	296.5400085
3247	296.7099915
3248	296.730011
3249	296.8800049
3250	297
3251	296.980011
3252	296.980011
3253	296.9599915
3254	296.9599915
3255	296.980011
3256	297.0899963
3257	297.1099854
3258	297.019989
3259	296.980011
3260	296.9200134
3261	296.9200134
3262	296.9599915
3263	297
3264	297.0899963
3265	297.0400085
3266	297.0400085
3267	296.9599915
3268	296.9599915
3269	296.9599915
3270	297.0599976
3271	297.1499939
3272	297.1700134
3273	297.1900024
3274	297.25
3275	297.1900024
3276	297.1499939
3277	297.1499939
3278	296.980011
3279	297
3280	297
3281	297.1300049
3282	297.1700134
3283	297.3800049
3284	297.3800049
3285	297.5499878
3286	297.4599915
3287	297.3999939
3288	297.4599915
3289	297.519989
3290	297.3800049
3291	297.3800049
3292	297.480011
3293	297.519989
3294	297.4200134
3295	297.3399963
3296	297.1900024
3297	297.1900024
3298	297
3299	297.0899963
3300	297.0599976
3301	296.980011
3302	296.8599854
3303	296.8099976
3304	296.8599854
3305	296.9200134
3306	296.9400024
3307	296.9200134
3308	297.019989
3309	297.0899963
3310	297.0400085
3311	297.2099915
3312	297.2099915
3313	297.1300049
3314	297.0400085
3315	297.0400085
3316	297.0400085
3317	296.980011
3318	297.1099854
3319	297.1099854
3320	297.019989
3321	296.9599915
3322	296.980011
3323	296.980011
3324	296.8999939
3325	296.9200134
3326	296.9400024
3327	296.980011
3328	297.0899963
3329	297.0599976
3330	297.0599976
3331	297.1700134
3332	297.1499939
3333	297.1700134
3334	297.0599976
3335	296.9400024
3336	296.9200134
3337	296.8599854
3338	296.9599915
3339	297.019989
3340	297.1700134
3341	297.25
3342	297.269989
3343	297.1900024
3344	297.1099854
3345	297
3346	296.9200134
3347	296.980011
3348	296.980011
3349	297.2099915
3350	297.1499939
3351	297.1499939
3352	297.1700134
3353	297.0899963
3354	296.9400024
3355	296.9400024
3356	297.019989
3357	297.1099854
3358	297.0599976
3359	297.0599976
3360	297.1099854
3361	297.019989
3362	297.019989
3363	296.7900085
3364	296.7900085
3365	296.6499939
3366	296.6000061
3367	296.6499939
3368	296.6900024
3369	296.6900024
3370	296.8299866
3371	296.8599854
3372	296.9599915
3373	297.0400085
3374	297.1099854
3375	297.0599976
3376	297.1300049
3377	297.1900024
3378	297.1900024
3379	297.269989
3380	297.2099915
3381	297.1300049
3382	297.0400085
3383	297.0899963
3384	297.0599976
3385	297.0400085
3386	297.0400085
3387	297.0400085
3388	297.230011
3389	297.25
3390	297.1900024
3391	297.1900024
3392	297.1099854
3393	297.0400085
3394	297.0400085
3395	297.1900024
3396	297.2900085
3397	297.3200073
3398	297.3800049
3399	297.269989
3400	297.1900024
3401	297.1300049
3402	296.8999939
3403	296.9400024
3404	296.9400024
3405	296.980011
3406	297.0599976
3407	297.0899963
3408	297.0599976
3409	296.769989
3410	296.7099915
3411	296.6199951
3412	296.7099915
3413	296.7900085
3414	296.8599854
3415	296.8099976
3416	296.980011
3417	296.9200134
3418	296.730011
3419	296.5799866
3420	296.5799866
3421	296.8599854
3422	297.0400085
3423	297.1900024
3424	297.25
3425	297.4200134
3426	297.4200134
3427	297.519989
3428	297.519989
3429	297.4599915
3430	297.4200134
3431	297.4400024
3432	297.6700134
3433	297.6700134
3434	297.8599854
3435	297.9400024
3436	297.8800049
3437	298.0299988
3438	298.2399902
3439	298.2099915
3440	298.2600098
3441	298.3800049
3442	298.3999939
3443	298.3399963
3444	298.4400024
3445	298.4400024
3446	298.4400024
3447	298.2999878
3448	298.1700134
3449	298.2600098
3450	298.3200073
3451	298.3200073
3452	298.3200073
3453	298.3599854
3454	298.3399963
3455	298.2099915
3456	298.3200073
3457	298.4700012
3458	298.4700012
3459	298.5899963
3460	298.5100098
3461	298.4899902
3462	298.4200134
3463	298.4700012
3464	298.6499939
3465	298.6499939
3466	298.6499939
3467	298.4400024
3468	298.3800049
3469	298.2399902
3470	298.1700134
3471	298.2099915
3472	298.2099915
3473	298.0700073
3474	298.0899963
3475	298.1900024
3476	298.2999878
3477	298.3200073
3478	298.2999878
3479	298.3399963
3480	298.2600098
3481	298.2099915
3482	298.1099854
3483	298.0700073
3484	298.0299988
3485	297.9599915
3486	298.0700073
3487	298.2099915
3488	298.2399902
3489	298.2600098
3490	298.3800049
3491	298.4200134
3492	298.4700012
3493	298.3999939
3494	298.4700012
3495	298.5100098
3496	298.4400024
3497	298.4400024
3498	298.4899902
3499	298.4700012
3500	298.4700012
3501	298.7000122
3502	298.8399963
3503	298.9700012
3504	298.9700012
3505	299.0700073
3506	299.2999878
3507	299.3599854
3508	299.3399963
3509	299.2999878
3510	299.3599854
3511	299.2999878
3512	299.2200012
3513	299.0299988
3514	298.7600098
3515	298.6300049
3516	298.7799988
3517	298.9299927
3518	298.8999939
3519	298.7000122
3520	298.7000122
3521	298.7399902
3522	298.7399902
3523	298.6300049
3524	298.7999878
3525	298.7000122
3526	298.5299988
3527	298.6300049
3528	298.6099854
3529	298.6099854
3530	298.8399963
3531	298.8999939
3532	299.0299988
3533	299.1600037
3534	298.9899902
3535	298.7399902
3536	298.7399902
3537	298.4400024
3538	298.3800049
3539	298.4400024
3540	298.4200134
3541	298.4700012
3542	298.7600098
3543	298.7600098
3544	298.8399963
3545	298.8800049
3546	298.8999939
3547	298.7600098
3548	298.8200073
3549	298.8599854
3550	299.0299988
3551	299.0700073
3552	299.0100098
3553	299.0299988
3554	299.1799927
3555	299.2200012
3556	299.2600098
3557	299.2000122
3558	299.1600037
3559	299.0899963
3560	299.0100098
3561	298.8200073
3562	298.6700134
3563	298.5299988
3564	298.5100098
3565	298.6700134
3566	298.7200012
3567	298.8599854
3568	298.8599854
3569	299.1099854
3570	298.9500122
3571	298.8599854
3572	298.5899963
3573	298.2999878
3574	298.2399902
3575	298.2399902
3576	298.1700134
3577	298.0700073
3578	298.0899963
3579	298.2600098
3580	298.5700073
3581	298.7000122
3582	298.6700134
3583	298.7000122
3584	298.7200012
3585	298.6700134
3586	298.7399902
3587	298.9899902
3588	299.1600037
3589	299.1799927
3590	299.3599854
3591	299.2600098
3592	299.0100098
3593	298.7399902
3594	298.6300049
3595	298.4200134
3596	298.3999939
3597	298.4899902
3598	298.6099854
3599	298.7600098
3600	298.7600098
3601	298.8800049
3602	298.9299927
3603	298.9700012
3604	298.9700012
3605	298.7799988
3606	298.6700134
3607	298.6700134
3608	298.3599854
3609	298.1099854
3610	297.9400024
3611	297.6099854
3612	297.1900024
3613	296.6900024
3614	296.6900024
3615	295.0799866
3616	293.9700012
3617	293.5299988
3618	292.7099915
3619	292.2999878
3620	292.1099854
3621	292.019989
3622	291.7900085
3623	291.75
3624	291.6099854
3625	291.6300049
3626	291.730011
3627	291.8200073
3628	291.8800049
3629	292.1700134
3630	292.230011
3631	292.3999939
3632	292.5299988
3633	292.6900024
3634	293.0100098
3635	293.2399902
3636	293.2999878
3637	293.5700073
3638	293.7200012
3639	293.7200012
3640	293.9700012
3641	294.1199951
3642	294.1600037
3643	294.3500061
3644	294.6000061
3645	294.8099976
3646	294.8099976
3647	295.0400085
3648	295.1600037
3649	295.2000122
3650	295.3099976
3651	295.4100037
3652	295.4500122
3653	295.4299927
3654	295.4500122
3655	295.4299927
3656	295.519989
3657	295.6000061
3658	295.6600037
3659	295.75
3660	295.7900085
3661	295.9299927
3662	295.9599915
3663	295.9299927
3664	296.019989
3665	296
3666	296.0799866
3667	296.019989
3668	296.1000061
3669	296.0400085
3670	295.980011
3671	296.0599976
3672	296.1199951
3673	296.0400085
3674	296
3675	296.0599976
3676	296.1199951
3677	296.2099915
3678	296.2099915
3679	296.25
3680	296.3500061
3681	296.3900146
3682	296.3099976
3683	296.3500061
3684	296.4200134
3685	296.4200134
3686	296.3699951
3687	296.4200134
3688	296.3500061
3689	296.3500061
3690	296.2900085
3691	296.3299866
3692	296.3299866
3693	296.3699951
3694	296.3099976
3695	296.3299866
3696	296.3900146
3697	296.4200134
3698	296.4599915
3699	296.3900146
3700	296.519989
3701	296.4400024
3702	296.3500061
3703	296.4400024
3704	296.4599915
3705	296.480011
3706	296.5
3707	296.5
3708	296.4599915
3709	296.480011
3710	296.480011
3711	296.519989
3712	296.5400085
3713	296.5799866
3714	296.5400085
3715	296.6000061
3716	296.5799866
3717	296.5799866
3718	296.6900024
3719	296.6700134
3720	296.730011
3721	296.7099915
3722	296.730011
3723	296.730011
3724	296.730011
3725	296.5400085
3726	296.480011
3727	296.480011
3728	296.5
3729	296.4599915
3730	296.5799866
3731	296.5400085
3732	296.5
3733	296.5
3734	296.6199951
3735	296.6000061
3736	296.4599915
3737	296.3099976
3738	296.3099976
3739	296.3900146
3740	296.3900146
3741	296.480011
3742	296.3900146
3743	296.3500061
3744	296.4200134
3745	296.5400085
3746	296.6900024
3747	296.6700134
3748	296.7099915
3749	296.7099915
3750	296.5799866
3751	296.5
3752	296.5799866
3753	296.5599976
3754	296.6199951
3755	296.75
3756	296.75
3757	296.730011
3758	296.769989
3759	296.8099976
3760	296.7900085
3761	296.75
3762	296.75
3763	296.6900024
3764	296.5799866
3765	296.6700134
3766	296.6199951
3767	296.6900024
3768	296.7099915
3769	296.769989
3770	296.8599854
3771	297.0899963
3772	297.0599976
3773	297.0400085
3774	296.8599854
3775	296.8599854
3776	296.769989
3777	296.75
3778	296.769989
3779	296.730011
3780	296.75
3781	296.75
3782	296.769989
3783	296.769989
3784	296.75
3785	296.6499939
3786	296.730011
3787	296.8099976
3788	296.8099976
3789	296.980011
3790	296.980011
3791	296.980011
3792	296.8999939
3793	296.8800049
3794	296.8599854
3795	296.8599854
3796	296.8299866
3797	296.8299866
3798	296.8999939
3799	297
3800	297.0599976
3801	296.980011
3802	296.8800049
3803	296.8099976
3804	296.769989
3805	296.8099976
3806	296.769989
3807	296.7900085
3808	296.8599854
3809	296.8299866
3810	296.8999939
3811	296.8099976
3812	296.7900085
3813	296.7099915
3814	296.769989
3815	296.769989
3816	296.7900085
3817	296.8299866
3818	296.8999939
3819	296.9200134
3820	296.9200134
3821	297.019989
3822	297
3823	296.9200134
3824	296.9200134
3825	296.8099976
3826	296.730011
3827	296.730011
3828	296.75
3829	296.75
3830	296.730011
3831	296.7099915
3832	296.6700134
3833	296.6499939
3834	296.6199951
3835	296.519989
3836	296.5599976
3837	296.519989
3838	296.5400085
3839	296.6499939
3840	296.6499939
3841	296.7099915
3842	296.6199951
3843	296.5799866
3844	296.6000061
3845	296.6700134
3846	296.75
3847	296.769989
3848	296.8099976
3849	296.8299866
3850	296.8299866
3851	296.8800049
3852	296.8599854
3853	296.9200134
3854	296.9200134
3855	296.9400024
3856	296.8800049
3857	296.7900085
3858	296.6900024
3859	296.6900024
3860	296.6499939
3861	296.7099915
3862	296.75
3863	296.7900085
3864	296.8800049
3865	296.9599915
3866	296.9599915
3867	296.8599854
3868	296.9200134
3869	296.9599915
3870	297.0400085
3871	297.1300049
3872	297.0599976
3873	297.0400085
3874	296.9200134
3875	296.8599854
3876	296.8599854
3877	296.8099976
3878	296.730011
3879	296.7099915
3880	296.6199951
3881	296.5400085
3882	296.5400085
3883	296.5799866
3884	296.7099915
3885	296.769989
3886	296.8999939
3887	296.9200134
3888	296.8999939
3889	296.9599915
3890	297.0899963
3891	297.0899963
3892	297.2900085
3893	297.4400024
3894	297.4599915
3895	297.3999939
3896	297.269989
3897	297.0899963
3898	297.0899963
3899	296.6900024
3900	296.519989
3901	296.5
3902	296.6900024
3903	296.730011
3904	296.7900085
3905	296.7900085
3906	297.1700134
3907	297.3999939
3908	297.5
3909	297.7099915
3910	297.8200073
3911	297.8399963
3912	297.980011
3913	297.9400024
3914	297.8999939
3915	297.8599854
3916	297.8999939
3917	297.9200134
3918	298.1099854
3919	298.1700134
3920	298.2799988
3921	298.2600098
3922	298.3800049
3923	298.2799988
3924	298.2600098
3925	298.1300049
3926	298.1099854
3927	297.9400024
3928	298.0899963
3929	298.1300049
3930	298.1300049
3931	298.2799988
3932	298.2600098
3933	298.2399902
3934	298.5100098
3935	298.6700134
3936	298.5899963
3937	298.5899963
3938	298.3200073
3939	298.1300049
3940	298.0899963
3941	297.9599915
3942	298.0100098
3943	298.1499939
3944	298.2600098
3945	298.7200012
3946	298.7799988
3947	298.8999939
3948	298.9500122
3949	298.6300049
3950	298.5100098
3951	298.3399963
3952	298.3399963
3953	298.3800049
3954	298.7600098
3955	299.2399902
3956	299.4299927
3957	299.4299927
3958	299.2999878
3959	299.0100098
3960	298.6300049
3961	298.5299988
3962	298.5299988
3963	298.4899902
3964	298.4400024
3965	298.4700012
3966	298.4400024
3967	298.3200073
3968	298.1499939
3969	298.1499939
3970	298.2799988
3971	298.3999939
3972	298.4400024
3973	298.5100098
3974	298.4200134
3975	298.3399963
3976	298.3399963
3977	298.2600098
3978	298.1700134
3979	298.0299988
3980	297.8399963
3981	297.8399963
3982	297.8200073
3983	297.8399963
3984	297.9200134
3985	297.9200134
3986	298.0299988
3987	298.1499939
3988	298.1499939
3989	298.1099854
3990	298.1300049
3991	298.1700134
3992	298.1499939
3993	298.0499878
3994	298.0499878
3995	298.0899963
3996	298.1099854
3997	298.0499878
3998	297.980011
3999	298.1300049
4000	298.0100098
4001	298.0100098
4002	297.8200073
4003	297.7999878
4004	297.8599854
4005	297.8800049
4006	297.9599915
4007	297.9599915
4008	297.9599915
4009	297.9200134
4010	297.7999878
4011	297.8399963
4012	297.75
4013	297.8599854
4014	297.9200134
4015	297.9599915
4016	298.1499939
4017	298.1900024
4018	298.2799988
4019	298.1900024
4020	298.2399902
4021	298.2600098
4022	298.2099915
4023	298.0299988
4024	298.0100098
4025	297.9200134
4026	297.5700073
4027	297.3599854
4028	297.2099915
4029	297.25
4030	297.2099915
4031	297.3399963
4032	297.4599915
4033	297.4599915
4034	297.519989
4035	297.519989
4036	297.6300049
4037	297.7999878
4038	297.9200134
4039	297.9400024
4040	297.9400024
4041	298.0700073
4042	298.1900024
4043	298.1499939
4044	297.980011
4045	297.8399963
4046	297.8800049
4047	297.8800049
4048	298.1300049
4049	298.0499878
4050	297.9599915
4051	297.7799988
4052	297.7799988
4053	297.7799988
4054	297.75
4055	297.8399963
4056	297.8999939
4057	297.8599854
4058	297.8800049
4059	297.980011
4060	297.980011
4061	297.980011
4062	297.9400024
4063	298.0299988
4064	298.1700134
4065	298.1700134
4066	298.2099915
4067	298.2600098
4068	298.3800049
4069	298.3999939
4070	298.5700073
4071	298.5700073
4072	298.5700073
4073	298.5899963
4074	298.5499878
4075	298.5100098
4076	298.4400024
4077	298.5100098
4078	298.4899902
4079	298.4899902
4080	298.3599854
4081	298.2999878
4082	298.2099915
4083	298.0100098
4084	297.6499939
4085	296.9599915
4086	296.9599915
4087	295.6600037
4088	294.9500122
4089	294.7000122
4090	294.0299988
4091	293.4299927
4092	293.1300049
4093	292.9200134
4094	292.4400024
4095	292.3399963
4096	292.0899963
4097	292.0899963
4098	292.1099854
4099	292.2099915
4100	292.230011
4101	292.2999878
4102	292.3399963
4103	292.5100098
4104	292.7999878
4105	292.9400024
4106	293.0899963
4107	293.1099854
4108	293.2799988
4109	293.3999939
4110	293.6799927
4111	293.6799927
4112	293.9700012
4113	294.1600037
4114	294.2600098
4115	294.6000061
4116	294.7600098
4117	294.9500122
4118	294.9500122
4119	294.9700012
4120	295.0100098
4121	294.9700012
4122	294.9299927
4123	295.0400085
4124	295.0799866
4125	295.1199951
4126	295.269989
4127	295.3299866
4128	295.3699951
4129	295.4100037
4130	295.3900146
4131	295.4500122
4132	295.4100037
4133	295.5
4134	295.5799866
4135	295.6000061
4136	295.6199951
4137	295.6600037
4138	295.730011
4139	295.730011
4140	295.769989
4141	295.8299866
4142	295.8099976
4143	295.8099976
4144	295.8299866
4145	296.019989
4146	295.980011
4147	296.019989
4148	295.980011
4149	296.0400085
4150	296.0400085
4151	296.25
4152	296.25
4153	296.269989
4154	296.4200134
4155	296.3699951
4156	296.4200134
4157	296.4200134
4158	296.480011
4159	296.4599915
4160	296.3299866
4161	296.25
4162	296.1400146
4163	296.2099915
4164	296.1600037
4165	296.25
4166	296.230011
4167	296.3500061
4168	296.4599915
4169	296.4200134
4170	296.5400085
4171	296.519989
4172	296.480011
4173	296.4599915
4174	296.4599915
4175	296.3299866
4176	296.3699951
4177	296.4400024
4178	296.4400024
4179	296.480011
4180	296.3699951
4181	296.4400024
4182	296.4400024
4183	296.5599976
4184	296.5799866
4185	296.519989
4186	296.519989
4187	296.4200134
4188	296.4400024
4189	296.4400024
4190	296.6000061
4191	296.7099915
4192	296.6499939
4193	296.6499939
4194	296.6499939
4195	296.6000061
4196	296.7099915
4197	296.6499939
4198	296.6000061
4199	296.519989
4200	296.5
4201	296.5
4202	296.5
4203	296.480011
4204	296.4599915
4205	296.5599976
4206	296.5400085
4207	296.7099915
4208	296.7099915
4209	296.5400085
4210	296.5
4211	296.6499939
4212	296.6199951
4213	296.75
4214	296.75
4215	296.6700134
4216	296.6900024
4217	296.6700134
4218	296.769989
4219	296.75
4220	296.8099976
4221	296.8099976
4222	296.8800049
4223	296.8999939
4224	296.8999939
4225	296.8299866
4226	296.730011
4227	296.769989
4228	296.769989
4229	296.8599854
4230	296.8099976
4231	296.8999939
4232	296.9599915
4233	296.8800049
4234	296.8800049
4235	296.8299866
4236	296.75
4237	296.7099915
4238	296.6499939
4239	296.6900024
4240	296.7099915
4241	296.730011
4242	296.6900024
4243	296.6900024
4244	296.7099915
4245	296.769989
4246	296.8299866
4247	296.769989
4248	296.8299866
4249	296.8299866
4250	296.8299866
4251	296.8999939
4252	296.8299866
4253	296.8299866
4254	296.8999939
4255	297
4256	296.9599915
4257	296.8999939
4258	296.7900085
4259	296.6900024
4260	296.6900024
4261	296.6199951
4262	296.6499939
4263	296.75
4264	296.769989
4265	296.6700134
4266	296.6700134
4267	296.6000061
4268	296.6199951
4269	296.5799866
4270	296.5799866
4271	296.5599976
4272	296.5799866
4273	296.6499939
4274	296.6199951
4275	296.75
4276	296.730011
4277	296.8299866
4278	296.8800049
4279	296.8999939
4280	296.980011
4281	297.0400085
4282	297.0899963
4283	296.9400024
4284	296.8800049
4285	296.8299866
4286	296.9200134
4287	296.8800049
4288	296.8299866
4289	296.730011
4290	296.75
4291	296.9400024
4292	296.9400024
4293	296.9400024
4294	296.8099976
4295	296.769989
4296	296.6000061
4297	296.5599976
4298	296.5400085
4299	296.5400085
4300	296.519989
4301	296.6499939
4302	296.7099915
4303	296.8999939
4304	296.8599854
4305	296.8599854
4306	296.8299866
4307	296.8800049
4308	296.8800049
4309	296.9200134
4310	296.9200134
4311	296.769989
4312	296.7099915
4313	296.6700134
4314	296.6199951
4315	296.6000061
4316	296.7099915
4317	296.769989
4318	296.8099976
4319	296.8299866
4320	296.9400024
4321	296.8999939
4322	296.8599854
4323	296.769989
4324	296.769989
4325	296.6499939
4326	296.6199951
4327	296.5
4328	296.5799866
4329	296.5599976
4330	296.5799866
4331	296.5799866
4332	296.6700134
4333	296.6700134
4334	296.6700134
4335	296.6199951
4336	296.5599976
4337	296.5400085
4338	296.5400085
4339	296.6000061
4340	296.6499939
4341	296.5599976
4342	296.6499939
4343	296.6199951
4344	296.6700134
4345	296.6499939
4346	296.8800049
4347	296.8299866
4348	296.9400024
4349	296.980011
4350	297
4351	296.8099976
4352	296.8099976
4353	296.75
4354	296.769989
4355	296.8599854
4356	296.9599915
4357	296.980011
4358	297.1099854
4359	297.1499939
4360	297.2099915
4361	297.1300049
4362	297.2099915
4363	297.2099915
4364	297.5899963
4365	297.5499878
4366	297.480011
4367	297.5
4368	297.8399963
4369	298.0899963
4370	298.0899963
4371	298.3599854
4372	298.4400024
4373	298.3800049
4374	298.2999878
4375	298.2399902
4376	298.1300049
4377	298.0700073
4378	297.980011
4379	298.0299988
4380	298.1700134
4381	298.4899902
4382	298.7999878
4383	298.8999939
4384	299.0700073
4385	299.2999878
4386	299.2200012
4387	298.9899902
4388	298.7999878
4389	298.8399963
4390	298.8399963
4391	298.7399902
4392	298.6499939
4393	298.8599854
4394	298.9500122
4395	298.9500122
4396	299.0700073
4397	299.0499878
4398	298.9500122
4399	298.7399902
4400	298.7000122
4401	298.8800049
4402	298.8800049
4403	299.1300049
4404	299.2399902
4405	299.2600098
4406	299.3599854
4407	299.4500122
4408	299.4500122
4409	299.4500122
4410	299.2600098
4411	299.1600037
4412	299.1799927
4413	299.3599854
4414	299.4100037
4415	299.4899902
4416	299.7000122
4417	299.5100098
4418	299.4700012
4419	299.3599854
4420	299.2600098
4421	299.2600098
4422	299.2799988
4423	299.2200012
4424	299.0299988
4425	299.0899963
4426	299.2600098
4427	299.1300049
4428	299.1600037
4429	299.1600037
4430	299.2200012
4431	299.3900146
4432	299.2600098
4433	299.2000122
4434	299.2000122
4435	299.3399963
4436	299.3900146
4437	299.3599854
4438	299.2999878
4439	299.3399963
4440	299.3900146
4441	299.3900146
4442	299.4700012
4443	299.3599854
4444	299.2799988
4445	299.2600098
4446	299.4100037
4447	299.5299988
4448	299.4700012
4449	299.3200073
4450	299.2399902
4451	298.9700012
4452	298.5499878
4453	298.4200134
4454	298.4400024
4455	298.6099854
4456	298.9299927
4457	298.7999878
4458	298.7600098
4459	298.8599854
4460	298.8399963
4461	298.6700134
4462	298.6499939
4463	298.5499878
4464	298.1900024
4465	297.730011
4466	297.730011
4467	297.730011
4468	297.8800049
4469	297.9599915
4470	298.0499878
4471	298.1900024
4472	298.3200073
4473	298.3200073
4474	298.2099915
4475	298.3200073
4476	298.3399963
4477	298.3599854
4478	298.3200073
4479	298.2999878
4480	298.2999878
4481	298.2999878
4482	298.3200073
4483	298.3999939
4484	298.4200134
4485	298.4400024
4486	298.4400024
4487	298.4899902
4488	298.2600098
4489	298.2799988
4490	298.1700134
4491	298.3399963
4492	298.4899902
4493	298.5700073
4494	298.5299988
4495	298.3599854
4496	298.2999878
4497	298.2999878
4498	298.3399963
4499	298.3599854
4500	298.3200073
4501	298.2999878
4502	298.2600098
4503	298.1900024
4504	298.1300049
4505	298.1300049
4506	298.0700073
4507	298.2999878
4508	298.3800049
4509	298.2600098
4510	298.2099915
4511	298.0499878
4512	298.0499878
4513	297.7799988
4514	297.8999939
4515	297.9599915
4516	297.8800049
4517	297.9400024
4518	298.0299988
4519	298.0700073
4520	298.1300049
4521	297.9200134
4522	298.0299988
4523	297.8800049
4524	297.8800049
4525	297.8200073
4526	297.8200073
4527	297.8800049
4528	297.8399963
4529	297.7999878
4530	298.0700073
4531	298.1300049
4532	298.1300049
4533	298.1900024
4534	298.2399902
4535	298.4400024
4536	298.3800049
4537	298.3800049
4538	298.7200012
4539	298.5100098
4540	298.5499878
4541	298.6300049
4542	298.7999878
4543	298.7999878
4544	298.7999878
4545	298.6099854
4546	298.4899902
4547	298.4400024
4548	298.5700073
4549	298.6099854
4550	298.6700134
4551	298.6700134
4552	298.7000122
4553	298.6499939
4554	298.6099854
4555	298.4400024
4556	298.0899963
4557	297.730011
4558	297.480011
4559	296.8099976
4560	296.480011
4561	295.9299927
4562	295.1400146
4563	294.7799988
4564	294.1600037
4565	293.7999878
4566	292.9400024
4567	292.7600098
4568	292.5499878
4569	292.3800049
4570	292.2999878
4571	292.2799988
4572	292.2799988
4573	292.3200073
4574	292.5899963
4575	292.8399963
4576	292.8399963
4577	293.2000122
4578	293.3399963
4579	293.4500122
4580	293.6300049
4581	293.7600098
4582	293.7999878
4583	293.7999878
4584	293.9299927
4585	294.0499878
4586	294.1600037
4587	294.2999878
4588	294.3900146
4589	294.4100037
4590	294.4700012
4591	294.6799927
4592	294.8099976
4593	294.8699951
4594	294.9100037
4595	294.9299927
4596	294.9299927
4597	294.9500122
4598	294.8699951
4599	294.9299927
4600	295.0799866
4601	295.2200012
4602	295.2900085
4603	295.3699951
4604	295.3900146
4605	295.4299927
4606	295.4299927
4607	295.4700012
4608	295.5400085
4609	295.6400146
4610	295.7000122
4611	295.730011
4612	295.8299866
4613	296.0599976
4614	296.0799866
4615	296.0799866
4616	296
4617	295.9100037
4618	295.9299927
4619	295.9599915
4620	295.8500061
4621	295.8699951
4622	295.8699951
4623	295.9100037
4624	296.1199951
4625	296.1400146
4626	296.3099976
4627	296.2900085
4628	296.2900085
4629	296.3900146
4630	296.4400024
4631	296.480011
4632	296.4599915
4633	296.480011
4634	296.4599915
4635	296.3699951
4636	296.3900146
4637	296.3099976
4638	296.3900146
4639	296.3500061
4640	296.3099976
4641	296.2900085
4642	296.269989
4643	296.3299866
4644	296.3900146
4645	296.4400024
4646	296.5
4647	296.5
4648	296.5400085
4649	296.5400085
4650	296.519989
4651	296.5400085
4652	296.5599976
4653	296.5400085
4654	296.5400085
4655	296.519989
4656	296.6199951
4657	296.5599976
4658	296.5799866
4659	296.5799866
4660	296.4200134
4661	296.4200134
4662	296.2900085
4663	296.2900085
4664	296.230011
4665	296.3500061
4666	296.3500061
4667	296.3699951
4668	296.4400024
4669	296.4599915
4670	296.4599915
4671	296.3500061
4672	296.4200134
4673	296.4599915
4674	296.3900146
4675	296.4599915
4676	296.3900146
4677	296.3900146
4678	296.480011
4679	296.4400024
4680	296.3900146
4681	296.3299866
4682	296.269989
4683	296.25
4684	296.3299866
4685	296.3500061
4686	296.3500061
4687	296.5400085
4688	296.519989
4689	296.5599976
4690	296.5400085
4691	296.480011
4692	296.6700134
4693	296.6700134
4694	296.8299866
4695	296.8599854
4696	296.8999939
4697	296.8099976
4698	296.730011
4699	296.6499939
4700	296.6000061
4701	296.5
4702	296.4599915
4703	296.3900146
4704	296.4200134
4705	296.4599915
4706	296.4599915
4707	296.4200134
4708	296.3699951
4709	296.3699951
4710	296.3500061
4711	296.3099976
4712	296.3099976
4713	296.3900146
4714	296.4599915
4715	296.5
4716	296.5
4717	296.480011
4718	296.480011
4719	296.480011
4720	296.6000061
4721	296.5599976
4722	296.6000061
4723	296.480011
4724	296.5599976
4725	296.5599976
4726	296.5599976
4727	296.6499939
4728	296.6499939
4729	296.7099915
4730	296.730011
4731	296.5599976
4732	296.5599976
4733	296.3699951
4734	296.4400024
4735	296.4599915
4736	296.4400024
4737	296.5799866
4738	296.6700134
4739	296.5799866
4740	296.8299866
4741	296.8099976
4742	296.5799866
4743	296.6199951
4744	296.6499939
4745	296.6700134
4746	296.6499939
4747	296.6700134
4748	296.730011
4749	296.75
4750	296.8099976
4751	296.8299866
4752	296.8299866
4753	296.730011
4754	296.5799866
4755	296.75
4756	296.8800049
4757	296.8999939
4758	296.9200134
4759	296.9200134
4760	296.6700134
4761	296.6000061
4762	296.5400085
4763	296.6700134
4764	296.6900024
4765	296.75
4766	296.75
4767	296.7900085
4768	296.6499939
4769	296.6700134
4770	296.6199951
4771	296.6199951
4772	296.6199951
4773	296.6900024
4774	296.6499939
4775	296.6000061
4776	296.480011
4777	296.4400024
4778	296.3900146
4779	296.4200134
4780	296.3699951
4781	296.5
4782	296.519989
4783	296.5599976
4784	296.6700134
4785	296.7099915
4786	296.8599854
4787	296.8299866
4788	296.6900024
4789	296.75
4790	296.8599854
4791	296.8599854
4792	296.769989
4793	296.8099976
4794	296.7099915
4795	296.6000061
4796	296.6000061
4797	296.6199951
4798	296.6199951
4799	296.7099915
4800	296.8099976
4801	296.8999939
4802	296.8299866
4803	296.730011
4804	296.769989
4805	296.769989
4806	296.6900024
4807	296.6900024
4808	296.6199951
4809	296.6199951
4810	296.5599976
4811	296.5400085
4812	296.6000061
4813	296.769989
4814	296.769989
4815	296.7900085
4816	296.730011
4817	296.769989
4818	296.8999939
4819	297
4820	296.9400024
4821	296.769989
4822	296.5400085
4823	296.5400085
4824	296.3900146
4825	296.3900146
4826	296.4400024
4827	296.5
4828	296.5799866
4829	296.5400085
4830	296.5400085
4831	296.6700134
4832	296.8099976
4833	296.730011
4834	296.9400024
4835	297.019989
4836	297.0400085
4837	297.0400085
4838	296.8999939
4839	297.0899963
4840	297.1499939
4841	296.9200134
4842	296.8599854
4843	296.7900085
4844	296.8999939
4845	297.1099854
4846	297.25
4847	297.519989
4848	297.6700134
4849	297.6300049
4850	297.6099854
4851	297.5
4852	297.4599915
4853	297.3999939
4854	297.3599854
4855	297.4599915
4856	297.6099854
4857	297.980011
4858	298.0899963
4859	298.3200073
4860	298.1900024
4861	298.0299988
4862	298.0299988
4863	297.75
4864	297.980011
4865	298.1300049
4866	298.3399963
4867	298.5499878
4868	298.6300049
4869	298.6300049
4870	298.6300049
4871	298.6099854
4872	298.6300049
4873	298.5299988
4874	298.3999939
4875	298.2999878
4876	298.0700073
4877	297.8999939
4878	297.9400024
4879	298.0100098
4880	297.9599915
4881	297.8399963
4882	297.75
4883	297.75
4884	297.6300049
4885	297.6099854
4886	297.7799988
4887	297.8999939
4888	297.9400024
4889	298.3599854
4890	298.6099854
4891	298.6499939
4892	298.4400024
4893	298.2099915
4894	297.9599915
4895	297.8599854
4896	297.7999878
4897	297.7999878
4898	297.8999939
4899	298.0299988
4900	298.2399902
4901	298.2399902
4902	298.2999878
4903	298.2600098
4904	298.2399902
4905	298.2099915
4906	298.1099854
4907	297.9200134
4908	297.9200134
4909	298.2099915
4910	298.2399902
4911	298.2600098
4912	298.4200134
4913	298.4400024
4914	298.2999878
4915	298.2600098
4916	298.0100098
4917	297.9200134
4918	297.980011
4919	297.8200073
4920	297.7799988
4921	297.75
4922	297.8399963
4923	297.9599915
4924	297.9200134
4925	297.8599854
4926	297.8399963
4927	297.7999878
4928	297.75
4929	297.8200073
4930	297.9200134
4931	297.980011
4932	297.8999939
4933	297.8999939
4934	298.1700134
4935	298.3399963
4936	298.2999878
4937	298.1300049
4938	297.8800049
4939	297.7999878
4940	297.7999878
4941	297.7799988
4942	297.75
4943	297.8200073
4944	297.9599915
4945	298.1300049
4946	298.1099854
4947	298.1300049
4948	298.1099854
4949	298.0299988
4950	297.9599915
4951	297.980011
4952	297.980011
4953	298.0100098
4954	298.0499878
4955	298.0700073
4956	298.1900024
4957	298.5499878
4958	298.5700073
4959	298.5299988
4960	298.3800049
4961	298.2600098
4962	298.0299988
4963	297.980011
4964	298.0100098
4965	298.0499878
4966	298.0499878
4967	298.1700134
4968	298.2799988
4969	298.1700134
4970	298.1700134
4971	298.0899963
4972	298.0899963
4973	298.1499939
4974	298.1900024
4975	298.2600098
4976	298.2799988
4977	298.1499939
4978	298.0100098
4979	298.0100098
4980	297.8399963
4981	297.9200134
4982	298.0100098
4983	298.1700134
4984	298.1900024
4985	298.1900024
4986	298.1700134
4987	298.1700134
4988	298.0700073
4989	298.0499878
4990	297.980011
4991	298.0700073
4992	298.0499878
4993	298.1700134
4994	298.2999878
4995	298.1900024
4996	297.9599915
4997	297.8999939
4998	297.8399963
4999	297.8399963
5000	297.7999878
5001	297.7799988
5002	297.9599915
5003	298.0899963
5004	298.0899963
5005	298.1900024
5006	298.0299988
5007	298.0700073
5008	297.980011
5009	298.1700134
5010	298.1700134
5011	298.1700134
5012	298.2999878
5013	298.1900024
5014	298.0899963
5015	297.6900024
5016	297.6300049
5017	297.6499939
5018	297.6499939
5019	298.1099854
5020	298.3800049
5021	298.4400024
5022	298.4700012
5023	298.4899902
5024	298.4899902
5025	298.4899902
5026	298.2600098
5027	298.2399902
5028	298.1499939
5029	298.1300049
5030	298.1099854
5031	298.0100098
5032	297.8800049
5033	297.6099854
5034	297.480011
5035	297.1300049
5036	296.6700134
5037	296.5
5038	295.7000122
5039	295.269989
5040	294.5100098
5041	293.9299927
5042	293.4299927
5043	293.4299927
5044	292.8800049
5045	292.6900024
5046	292.6499939
5047	292.5499878
5048	292.4599915
5049	292.4200134
5050	292.4200134
5051	292.5299988
5052	292.6099854
5053	292.6900024
5054	292.9200134
5055	293.2799988
5056	293.3800049
5057	293.4700012
5058	293.8599854
5059	293.9500122
5060	294.1799927
5061	294.3699951
5062	294.5299988
5063	294.6600037
5064	294.7000122
5065	294.9299927
5066	294.9100037
5067	295.0100098
5068	295.0599976
5069	295.1400146
5070	295.2000122
5071	295.269989
5072	295.3299866
5073	295.4700012
5074	295.519989
5075	295.519989
5076	295.6400146
5077	295.7900085
5078	295.9100037
5079	295.8699951
5080	295.8699951
5081	295.8299866
5082	295.8299866
5083	295.8500061
5084	295.8900146
5085	295.8900146
5086	295.8900146
5087	295.9299927
5088	296
5089	296
5090	296.0400085
5091	296.019989
5092	296.0799866
5093	296.0599976
5094	296.1199951
5095	296.1900024
5096	296.1000061
5097	295.8500061
5098	295.8500061
5099	295.8500061
5100	295.980011
5101	296.0400085
5102	296.1199951
5103	296.1000061
5104	296.0799866
5105	296.1400146
5106	296.0599976
5107	296.0799866
5108	296.1199951
5109	296.1000061
5110	296.1600037
5111	296.25
5112	296.3699951
5113	296.2900085
5114	296.2900085
5115	296.269989
5116	296.1900024
5117	296.1600037
5118	296.1400146
5119	296.230011
5120	296.230011
5121	296.230011
5122	296.3099976
5123	296.4200134
5124	296.3900146
5125	296.3900146
5126	296.3900146
5127	296.4400024
5128	296.4599915
5129	296.3500061
5130	296.4599915
5131	296.4400024
5132	296.3299866
5133	296.2099915
5134	296.1000061
5135	296
5136	296.1000061
5137	296.1900024
5138	296.3099976
5139	296.3500061
5140	296.3900146
5141	296.3299866
5142	296.3500061
5143	296.3699951
5144	296.3099976
5145	296.3900146
5146	296.3900146
5147	296.3900146
5148	296.3900146
5149	296.4599915
5150	296.5
5151	296.5799866
5152	296.4400024
5153	296.4400024
5154	296.480011
5155	296.4200134
5156	296.3699951
5157	296.3500061
5158	296.2900085
5159	296.4400024
5160	296.4400024
5161	296.5799866
5162	296.519989
5163	296.519989
5164	296.519989
5165	296.5
5166	296.5
5167	296.480011
5168	296.4599915
5169	296.5
5170	296.519989
5171	296.5
5172	296.4200134
5173	296.4599915
5174	296.3299866
5175	296.3299866
5176	296.2900085
5177	296.2900085
5178	296.0599976
5179	296.1000061
5180	296.1600037
5181	296.3299866
5182	296.5599976
5183	296.6000061
5184	296.6199951
5185	296.6199951
5186	296.5
5187	296.3900146
5188	296.4400024
5189	296.4599915
5190	296.6000061
5191	296.5400085
5192	296.5400085
5193	296.6700134
5194	296.769989
5195	296.730011
5196	296.7099915
5197	296.519989
5198	296.480011
5199	296.5
5200	296.480011
5201	296.519989
5202	296.5799866
5203	296.7099915
5204	296.8299866
5205	296.8299866
5206	296.7900085
5207	296.6900024
5208	296.730011
5209	296.7099915
5210	296.6700134
5211	296.6700134
5212	296.6000061
5213	296.6199951
5214	296.769989
5215	296.769989
5216	296.8999939
5217	296.8599854
5218	296.8999939
5219	296.2900085
5220	296.2900085
5221	296.4400024
5222	296.480011
5223	296.3900146
5224	296.480011
5225	296.4599915
5226	296.5
5227	296.5
5228	296.4200134
5229	296.3099976
5230	296.3900146
5231	296.3900146
5232	296.4200134
5233	296.5
5234	296.480011
5235	296.4200134
5236	296.480011
5237	296.3299866
5238	296.3299866
5239	296.269989
5240	296.25
5241	296.3299866
5242	296.3699951
5243	296.4400024
5244	296.480011
5245	296.4400024
5246	296.5
5247	296.480011
5248	296.3699951
5249	296.269989
5250	296.2900085
5251	296.269989
5252	296.269989
5253	296.2099915
5254	296.1400146
5255	296.1600037
5256	296.269989
5257	296.3099976
5258	296.3099976
5259	296.3099976
5260	296.2099915
5261	296.3099976
5262	296.269989
5263	296.3099976
5264	296.3500061
5265	296.3500061
5266	296.3099976
5267	296.3500061
5268	296.4200134
5269	296.3699951
5270	296.3099976
5271	296.3299866
5272	296.25
5273	296.269989
5274	296.3099976
5275	296.2900085
5276	296.2900085
5277	296.3299866
5278	296.3099976
5279	296.1900024
5280	296.1199951
5281	296.0799866
5282	296.0400085
5283	296.1000061
5284	296.1900024
5285	296.2099915
5286	296.3099976
5287	296.3299866
5288	296.4400024
5289	296.5
5290	296.5
5291	296.5
5292	296.480011
5293	296.519989
5294	296.519989
5295	296.480011
5296	296.4200134
5297	296.3900146
5298	296.3900146
5299	296.2099915
5300	296.230011
5301	296.230011
5302	296.1900024
5303	296.230011
5304	296.25
5305	296.1900024
5306	296.230011
5307	296.2099915
5308	296.230011
5309	296.3099976
5310	296.3299866
5311	296.3500061
5312	296.4200134
5313	296.3699951
5314	296.3299866
5315	296.230011
5316	296.2099915
5317	296.230011
5318	296.4400024
5319	296.5400085
5320	296.9400024
5321	297.0599976
5322	296.9400024
5323	296.9400024
5324	297.0599976
5325	297.1300049
5326	297.2099915
5327	297.2099915
5328	297.1900024
5329	297.1700134
5330	297.1700134
5331	297.1499939
5332	297.1900024
5333	297.1900024
5334	297.2900085
5335	297.3800049
5336	297.4599915
5337	297.4599915
5338	297.7099915
5339	297.6499939
5340	297.6099854
5341	297.5499878
5342	297.6099854
5343	297.7099915
5344	297.7799988
5345	298.1499939
5346	298.1700134
5347	298.3399963
5348	298.3599854
5349	298.3999939
5350	298.3999939
5351	298.2799988
5352	298.1700134
5353	298.1900024
5354	298.1099854
5355	298.1700134
5356	298.2399902
5357	298.3599854
5358	298.4200134
5359	298.5499878
5360	298.5100098
5361	298.3399963
5362	298.3399963
5363	298.1499939
5364	298.0700073
5365	298.0299988
5366	298.1300049
5367	298.2600098
5368	298.3999939
5369	298.3999939
5370	298.3399963
5371	298.1099854
5372	298.1300049
5373	298.0299988
5374	297.8999939
5375	297.8800049
5376	297.9599915
5377	297.9200134
5378	297.8200073
5379	297.5899963
5380	297.519989
5381	297.5700073
5382	297.6099854
5383	297.5499878
5384	297.480011
5385	297.5
5386	297.6300049
5387	297.8800049
5388	297.8999939
5389	297.7099915
5390	297.6099854
5391	297.4200134
5392	297.1700134
5393	296.980011
5394	296.980011
5395	297.1499939
5396	297.230011
5397	297.230011
5398	297.480011
5399	297.6700134
5400	297.7099915
5401	297.7099915
5402	297.6099854
5403	297.4200134
5404	297.3399963
5405	297.1700134
5406	296.9599915
5407	297.0599976
5408	297.0599976
5409	297.5
5410	297.7999878
5411	297.730011
5412	297.8999939
5413	297.8999939
5414	297.730011
5415	297.6300049
5416	297.1900024
5417	297.1300049
5418	297.2099915
5419	297.5499878
5420	297.75
5421	297.8200073
5422	297.8399963
5423	297.6700134
5424	297.8999939
5425	298.1099854
5426	298.1300049
5427	298.0700073
5428	297.9599915
5429	297.8999939
5430	297.7799988
5431	297.8399963
5432	297.8599854
5433	297.8599854
5434	297.8999939
5435	297.75
5436	297.6700134
5437	297.5700073
5438	297.519989
5439	297.4400024
5440	297.4400024
5441	297.4400024
5442	297.6900024
5443	297.8399963
5444	298.0100098
5445	298.0299988
5446	298.0299988
5447	298.0100098
5448	297.9200134
5449	297.8800049
5450	297.7999878
5451	297.7099915
5452	297.6700134
5453	297.7099915
5454	297.730011
5455	297.8200073
5456	297.8200073
5457	297.8200073
5458	297.6499939
5459	297.6300049
5460	297.6900024
5461	297.7799988
5462	297.9599915
5463	298.1900024
5464	298.3200073
5465	298.3200073
5466	298.4400024
5467	298.3399963
5468	298.2399902
5469	297.9200134
5470	297.730011
5471	297.480011
5472	297.480011
5473	297.4200134
5474	297.6700134
5475	297.8599854
5476	297.980011
5477	298.1499939
5478	298.0700073
5479	298.0700073
5480	297.9400024
5481	298.0899963
5482	298.1499939
5483	298.1099854
5484	298.2600098
5485	298.2799988
5486	298.3200073
5487	298.3800049
5488	298.3399963
5489	298.0899963
5490	297.8800049
5491	297.7799988
5492	297.6099854
5493	297.5700073
5494	297.3200073
5495	297.1099854
5496	297.1700134
5497	297.269989
5498	297.3200073
5499	297.5499878
5500	297.6300049
5501	297.6499939
5502	297.6300049
5503	297.5700073
5504	297.5700073
5505	297.5899963
5506	297.5499878
5507	297.5
5508	297.6300049
5509	297.6700134
5510	297.6099854
5511	297.6099854
5512	297.3999939
5513	296.980011
5514	296.7900085
5515	296.2900085
5516	295.7900085
5517	295.5400085
5518	295.2399902
5519	294.2000122
5520	293.5700073
5521	293.4500122
5522	293.0899963
5523	292.7099915
5524	292.6099854
5525	292.4200134
5526	292
5527	291.9599915
5528	291.8999939
5529	292.0700073
5530	292.1499939
5531	292.2799988
5532	292.3599854
5533	292.4599915
5534	292.7099915
5535	292.9700012
5536	292.9700012
5537	293.3399963
5538	293.6300049
5539	293.7000122
5540	293.9299927
5541	294.0899963
5542	294.1600037
5543	294.1600037
5544	294.2999878
5545	294.4500122
5546	294.5299988
5547	294.6600037
5548	294.6199951
5549	294.6000061
5550	294.6000061
5551	294.7399902
5552	294.8900146
5553	294.9299927
5554	295.0400085
5555	295.0100098
5556	295.0400085
5557	295.1199951
5558	295.1799927
5559	295.1199951
5560	295.0400085
5561	295.0400085
5562	295.0599976
5563	295.0100098
5564	295.1000061
5565	295.2200012
5566	295.3500061
5567	295.3500061
5568	295.4700012
5569	295.4500122
5570	295.4299927
5571	295.4299927
5572	295.4100037
5573	295.4700012
5574	295.5599976
5575	295.5599976
5576	295.6400146
5577	295.6000061
5578	295.6199951
5579	295.6600037
5580	295.769989
5581	295.730011
5582	295.730011
5583	295.7000122
5584	295.6400146
5585	295.6400146
5586	295.5799866
5587	295.4100037
5588	295.3900146
5589	295.3299866
5590	295.6199951
5591	295.8099976
5592	295.9299927
5593	295.980011
5594	296.019989
5595	295.9299927
5596	295.9299927
5597	296.019989
5598	296.0400085
5599	296
5600	296
5601	295.980011
5602	295.9100037
5603	295.8699951
5604	295.9100037
5605	295.9100037
5606	295.8500061
5607	295.8500061
5608	295.8099976
5609	295.8699951
5610	295.8500061
5611	295.8299866
5612	295.8299866
5613	295.7900085
5614	295.7900085
5615	295.8099976
5616	295.7900085
5617	295.8500061
5618	295.8299866
5619	295.769989
5620	295.8500061
5621	295.8500061
5622	295.9299927
5623	296.1000061
5624	296.019989
5625	296
5626	296.0400085
5627	296.0799866
5628	296.1900024
5629	296.230011
5630	296.2900085
5631	296.3500061
5632	296.2900085
5633	296.3500061
5634	296.269989
5635	296.3699951
5636	296.519989
5637	296.6900024
5638	296.8599854
5639	296.75
5640	296.6499939
5641	296.5400085
5642	296.5400085
5643	296.519989
5644	296.480011
5645	296.3900146
5646	296.3900146
5647	296.3299866
5648	296.3099976
5649	296.3699951
5650	296.4200134
5651	296.4400024
5652	296.480011
5653	296.480011
5654	296.5
5655	296.480011
5656	296.4200134
5657	296.4400024
5658	296.480011
5659	296.519989
5660	296.519989
5661	296.4200134
5662	296.3699951
5663	296.3299866
5664	296.3299866
5665	296.3099976
5666	296.3699951
5667	296.3500061
5668	296.3299866
5669	296.2900085
5670	296.3299866
5671	296.3699951
5672	296.3900146
5673	296.5599976
5674	296.5400085
5675	296.5599976
5676	296.480011
5677	296.3699951
5678	296.3500061
5679	296.4200134
5680	296.4200134
5681	296.4400024
5682	296.4400024
5683	296.480011
5684	296.4400024
5685	296.4400024
5686	296.3500061
5687	296.3500061
5688	296.3699951
5689	296.2900085
5690	296.3099976
5691	296.2900085
5692	296.2900085
5693	296.1000061
5694	296.1000061
5695	296.1199951
5696	296.1199951
5697	296.1000061
5698	296.1199951
5699	296.1000061
5700	296.3099976
5701	296.269989
5702	296.2099915
5703	296.3099976
5704	296.8099976
5705	296.6499939
5706	296.4400024
5707	296.2099915
5708	296.230011
5709	296.3099976
5710	296.4400024
5711	296.4599915
5712	296.6199951
5713	296.6900024
5714	296.8099976
5715	296.8999939
5716	296.8999939
5717	296.8999939
5718	296.769989
5719	296.730011
5720	296.730011
5721	296.7099915
5722	296.7099915
5723	296.5599976
5724	296.5599976
5725	296.4400024
5726	296.5