1	352.3
2	352.4
3	352.3
4	352.3
5	352.3
6	352.4
7	352.3
8	352.4
9	352.3
10	352.4
11	352.2
12	352.2
13	352.5
14	352.4
15	352.4
16	352.7
17	352.4
18	352.3
19	352.4
20	352.3
21	352.4
22	352.4
23	352.4
24	352.4
25	352.4
26	352.4
27	352.5
28	352.4
29	352.4
30	352.4
31	352.4
32	353.6
33	353.4
34	353.4
35	353.3
36	353.3
37	353.4
38	353.3
39	353.4
40	353.5
41	353.4
42	353.6
43	353.4
44	353.6
45	353.6
46	353.6
47	353.3
48	353.2
49	353
50	353
51	352.9
52	352.8
53	352.9
54	352.8
55	353
56	352.8
57	352.8
58	352.7
59	352.7
60	352.9
61	352.8
62	352.8
63	353
64	353.3
65	353.1
66	353
67	352.9
68	352.9
69	352.9
70	352.9
71	353
72	353
73	357.1
74	355.9
75	355.6
76	355.7
77	355.9
78	355.9
79	356.2
80	356.2
81	356.6
82	356.6
83	356.8
84	356.8
85	356.9
86	356.9
87	357.2
88	357.1
89	357.1
90	357.2
91	357.2
92	357.2
93	357
94	356.9
95	357.1
96	357.1
97	357.2
98	357.3
99	357.3
100	357.4
101	357.2
102	357.5
103	357.6
104	357.6
105	357.4
106	357.5
107	357.9
108	357.9
109	357.9
110	357.9
111	358.1
112	358
113	358.2
114	358.2
115	358.1
116	358.3
117	358.5
118	358.5
119	358.5
120	358.4
121	358.7
122	358.8
123	358.8
124	359
125	359.1
126	359.1
127	359
128	359.1
129	359
130	359.2
131	359.1
132	359
133	359.1
134	359
135	359.1
136	359
137	359
138	358.9
139	358.9
140	358.9
141	359
142	359
143	359.2
144	359.2
145	359.2
146	359.1
147	359.1
148	359.1
149	359.1
150	359.2
151	359.3
152	359.4
153	359.3
154	359.2
155	359.1
156	359.1
157	359.2
158	359.2
159	359.1
160	359.1
161	359.2
162	359.2
163	359.2
164	359.4
165	359.3
166	359.2
167	359.3
168	359.2
169	359.4
170	359.5
171	359.4
172	359.5
173	359.6
174	359.7
175	359.6
176	359.6
177	359.5
178	359.5
179	359.5
180	359.4
181	359.4
182	359.5
183	359.5
184	359.3
185	359.2
186	359.3
187	359.2
188	359.2
189	359.2
190	359.3
191	359.4
192	359.5
193	359.3
194	359.5
195	359.2
196	359.3
197	359.4
198	359.3
199	359.3
200	359.3
201	359.3
202	359.3
203	359.4
204	359.3
205	359.2
206	359.5
207	359.4
208	359.2
209	359.4
210	359.5
211	359.6
212	359.8
213	359.9
214	359.6
215	359.6
216	359.5
217	359.5
218	359.7
219	359.8
220	359.5
221	359.8
222	359.8
223	359.7
224	359.6
225	359.7
226	359.7
227	359.5
228	359.5
229	359.5
230	359.2
231	359.2
232	359.5
233	359.4
234	359.5
235	359.3
236	359.5
237	359.5
238	359.5
239	359.2
240	359.2
241	359.1
242	359.1
243	359.3
244	359.4
245	359.4
246	359.6
247	359.5
248	359.7
249	359.6
250	359.5
251	358.7
252	357.9
253	355.9
254	353
255	350
256	348.5
257	346.3
258	344.5
259	343.7
260	343.5
261	343.7
262	344.4
263	345
264	345.2
265	346
266	346.9
267	347.2
268	348
269	348.8
270	349.6
271	349.8
272	350.5
273	350.9
274	351.4
275	351.8
276	352.1
277	352.4
278	352.7
279	353
280	353.2
281	353.6
282	353.7
283	353.8
284	354
285	354.2
286	354.4
287	354.6
288	354.7
289	354.8
290	354.9
291	355
292	355.2
293	355.3
294	355.3
295	355.3
296	355.5
297	355.6
298	355.4
299	355.6
300	355.6
301	355.6
302	355.6
303	355.7
304	355.9
305	355.9
306	355.7
307	355.8
308	355.9
309	355.9
310	355.9
311	355.8
312	355.8
313	355.8
314	355.6
315	355.5
316	355.6
317	355.5
318	355.6
319	355.6
320	355.6
321	355.7
322	355.6
323	355.7
324	355.6
325	355.6
326	355.6
327	355.6
328	355.8
329	355.6
330	355.6
331	355.9
332	355.7
333	356
334	355.8
335	355.9
336	355.9
337	356
338	355.8
339	356
340	355.8
341	356
342	356.1
343	356.2
344	356.1
345	356.2
346	356
347	356.2
348	356.2
349	356.3
350	356.2
351	356.4
352	356.4
353	356.5
354	356.6
355	356.3
356	356.3
357	356.3
358	356.5
359	356.3
360	356.5
361	356.5
362	356.4
363	356.4
364	356.6
365	356.5
366	356.7
367	356.6
368	356.6
369	356.6
370	356.6
371	356.6
372	356.7
373	356.5
374	356.6
375	356.6
376	356.6
377	356.3
378	356.7
379	356.6
380	356.8
381	356.7
382	356.8
383	356.9
384	356.7
385	356.7
386	356.8
387	356.8
388	356.8
389	356.8
390	356.9
391	356.7
392	356.9
393	356.6
394	356.8
395	356.6
396	356.7
397	356.9
398	356.8
399	356.8
400	356.9
401	356.9
402	356.9
403	356.9
404	356.9
405	356.9
406	357.1
407	356.9
408	357.1
409	356.9
410	356.8
411	356.8
412	356.9
413	356.8
414	356.9
415	356.7
416	356.8
417	356.8
418	356.9
419	356.6
420	356.8
421	356.8
422	356.6
423	356.8
424	356.8
425	356.9
426	356.8
427	356.9
428	356.8
429	356.8
430	356.7
431	356.9
432	356.8
433	356.8
434	356.9
435	356.7
436	356.9
437	356.7
438	356.8
439	356.7
440	356.6
441	356.7
442	356.7
443	356.9
444	356.7
445	356.7
446	356.6
447	356.6
448	356.7
449	356.6
450	356.7
451	356.6
452	356.8
453	356.8
454	356.6
455	356.6
456	356.6
457	356.6
458	356.8
459	356.7
460	356.7
461	356.8
462	356.9
463	356.7
464	356.9
465	356.8
466	356.9
467	356.8
468	356.7
469	356.9
470	356.8
471	356.8
472	356.7
473	356.7
474	356.6
475	356.7
476	356.6
477	356.7
478	356.6
479	356.6
480	356.8
481	356.8
482	356.8
483	356.9
484	356.7
485	356.7
486	356.8
487	356.9
488	356.7
489	356.8
490	356.9
491	356.8
492	356.6
493	356.7
494	356.6
495	356.5
496	356.7
497	356.6
498	356.7
499	356.7
500	356.8
501	356.8
502	356.6
503	356.6
504	356.8
505	356.9
506	356.8
507	356.9
508	356.9
509	356.6
510	356.7
511	356.9
512	356.7
513	356.7
514	356.6
515	356.5
516	356.3
517	356.6
518	356.4
519	356.6
520	356.5
521	356.5
522	356.5
523	356.4
524	356.4
525	356.5
526	356.4
527	356.6
528	356.3
529	356.3
530	356.3
531	356.3
532	356.3
533	356.3
534	356.3
535	356.3
536	356.4
537	356.3
538	356.4
539	356.3
540	356.3
541	356.2
542	356
543	356.2
544	356.3
545	356.8
546	357
547	357.2
548	357.6
549	357.9
550	358.1
551	358.2
552	358.5
553	358.5
554	358.7
555	358.9
556	358.8
557	359
558	359.2
559	359.1
560	359.1
561	359.2
562	359.1
563	359.2
564	359.3
565	359.3
566	359.2
567	359.4
568	359.2
569	359.2
570	359.1
571	358.9
572	358.8
573	358.8
574	358.8
575	358.9
576	358.8
577	359
578	358.9
579	358.8
580	358.8
581	358.9
582	358.9
583	358.8
584	359
585	358.8
586	358.9
587	358.8
588	358.8
589	358.5
590	358.8
591	358.6
592	358.5
593	358.5
594	358.5
595	358.4
596	358.6
597	358.6
598	358.8
599	358.8
600	358.8
601	359.1
602	359.2
603	359
604	359
605	358.9
606	359
607	359
608	358.9
609	358.8
610	358.9
611	358.8
612	358.9
613	358.9
614	358.7
615	358.9
616	358.8
617	358.7
618	358.8
619	358.8
620	358.8
621	358.8
622	358.8
623	358.8
624	358.8
625	358.6
626	358.7
627	358.8
628	358.9
629	359.1
630	359
631	359.2
632	359.2
633	358.9
634	359
635	358.8
636	358.8
637	359
638	359.1
639	359.2
640	359
641	359.1
642	359.2
643	359
644	359.1
645	359.2
646	359.3
647	359.2
648	359.3
649	359.2
650	359.2
651	359.2
652	359.3
653	359.3
654	359.3
655	359.4
656	359.4
657	359.3
658	359.3
659	359.3
660	359.2
661	359.3
662	359.2
663	359.3
664	359.2
665	359.2
666	359.3
667	359.3
668	359.3
669	359.2
670	359.2
671	359.4
672	359.4
673	359.4
674	359.3
675	359.2
676	359.2
677	359.3
678	359.3
679	359.2
680	359.2
681	359.2
682	359.1
683	358.9
684	359.1
685	359.2
686	358.9
687	359.2
688	359.2
689	359.1
690	359.1
691	359.2
692	359.2
693	359.2
694	359.1
695	359.1
696	359
697	359.2
698	358.9
699	359.2
700	359.1
701	359
702	359.1
703	359
704	359
705	359.2
706	359.1
707	359
708	359.1
709	359.1
710	359
711	359.2
712	359.1
713	358.9
714	358.8
715	358.7
716	358.8
717	358.8
718	358.8
719	358.9
720	358.8
721	359
722	359
723	358.6
724	358.4
725	357
726	354.7
727	353
728	349.8
729	347
730	344.7
731	343.9
732	342.4
733	341.8
734	341.5
735	341.6
736	341.8
737	342.6
738	343.3
739	343.8
740	344.7
741	345.8
742	346.8
743	347.2
744	348
745	348.6
746	349.5
747	349.8
748	350.3
749	350.8
750	351.1
751	351.4
752	351.7
753	351.9
754	352.2
755	352.4
756	352.7
757	352.9
758	353
759	353.2
760	353.3
761	353.3
762	353.4
763	353.6
764	353.6
765	353.7
766	353.7
767	353.8
768	353.8
769	354
770	354.1
771	354.3
772	354.3
773	354.3
774	354.6
775	354.5
776	354.7
777	354.8
778	354.8
779	354.9
780	354.8
781	354.9
782	355
783	355
784	355.1
785	355.2
786	355.3
787	355.3
788	355.2
789	355.4
790	355.4
791	355.5
792	355.6
793	355.5
794	355.6
795	355.4
796	355.6
797	355.5
798	355.4
799	355.4
800	355.5
801	355.3
802	355.6
803	355.6
804	355.7
805	355.8
806	355.6
807	355.6
808	355.6
809	355.6
810	355.6
811	355.7
812	355.6
813	355.6
814	355.7
815	355.8
816	355.9
817	355.9
818	355.8
819	355.9
820	355.9
821	355.9
822	355.8
823	355.9
824	356
825	355.9
826	355.9
827	355.9
828	355.9
829	355.9
830	355.9
831	355.8
832	355.9
833	355.9
834	355.9
835	355.8
836	355.9
837	355.9
838	355.9
839	355.9
840	356
841	355.9
842	356
843	355.9
844	356.1
845	356
846	355.9
847	356.1
848	355.9
849	356
850	356.1
851	356.2
852	356.3
853	356.1
854	356.1
855	356
856	355.9
857	356.1
858	355.9
859	355.9
860	355.9
861	355.8
862	355.9
863	355.6
864	355.7
865	355.9
866	355.8
867	355.7
868	355.6
869	355.8
870	355.6
871	355.7
872	355.7
873	355.8
874	355.9
875	355.8
876	355.8
877	355.8
878	355.8
879	355.7
880	355.8
881	355.8
882	355.8
883	355.9
884	355.9
885	355.9
886	355.9
887	356
888	355.9
889	355.6
890	355.7
891	355.9
892	355.9
893	355.9
894	355.8
895	356
896	355.8
897	356
898	355.9
899	355.9
900	355.9
901	356.1
902	356.1
903	356.1
904	356.1
905	356.1
906	356
907	356.3
908	356
909	356.1
910	356
911	356
912	355.9
913	355.9
914	356
915	355.9
916	355.9
917	356
918	355.9
919	356
920	355.9
921	356.1
922	356
923	355.8
924	355.9
925	355.9
926	356
927	355.9
928	355.9
929	356
930	355.9
931	356.1
932	356
933	355.9
934	355.9
935	355.9
936	356
937	355.9
938	355.9
939	355.8
940	355.9
941	355.9
942	355.9
943	356
944	356
945	356
946	356
947	355.9
948	355.9
949	356.1
950	355.9
951	355.9
952	356
953	356.1
954	356.3
955	356.1
956	356.1
957	356.1
958	356
959	356
960	356
961	356
962	356
963	356
964	355.9
965	356.1
966	356.1
967	356.1
968	356
969	356.1
970	356.3
971	356.2
972	356.2
973	356.2
974	355.9
975	356.2
976	356.1
977	356.2
978	356.2
979	356.2
980	356.1
981	355.9
982	355.9
983	356.1
984	356.2
985	356.2
986	355.9
987	356.1
988	356
989	356.2
990	356
991	356
992	356
993	356.1
994	356
995	356
996	355.9
997	356.3
998	356.1
999	356.1
1000	356.3
1001	356.1
1002	356.1
1003	356.1
1004	355.9
1005	356.2
1006	356.1
1007	356.2
1008	356.2
1009	356.1
1010	356
1011	356.1
1012	356
1013	355.6
1014	355.6
1015	355.6
1016	355.7
1017	355.9
1018	356.1
1019	356.2
1020	356.5
1021	356.6
1022	356.9
1023	356.9
1024	357.1
1025	357.6
1026	357.6
1027	357.8
1028	357.7
1029	357.7
1030	357.9
1031	357.8
1032	358
1033	357.9
1034	357.9
1035	358
1036	358.2
1037	358.1
1038	358.1
1039	358.2
1040	358.2
1041	358.2
1042	358.2
1043	358.3
1044	358.3
1045	358.5
1046	358.3
1047	358.5
1048	358.4
1049	358.4
1050	358.3
1051	358.3
1052	358.2
1053	358.2
1054	357.9
1055	358
1056	357.9
1057	357.7
1058	357.6
1059	357.6
1060	357.6
1061	357.6
1062	357.4
1063	357.2
1064	357
1065	356.9
1066	357.1
1067	356.8
1068	357
1069	356.9
1070	356.8
1071	356.9
1072	356.8
1073	356.7
1074	356.7
1075	356.7
1076	357
1077	356.9
1078	356.8
1079	356.9
1080	356.9
1081	356.9
1082	356.9
1083	356.9
1084	356.9
1085	356.7
1086	356.6
1087	356.4
1088	356.4
1089	356.4
1090	356.4
1091	356.4
1092	356.3
1093	356.5
1094	356.3
1095	356.4
1096	356.2
1097	356.3
1098	356.3
1099	356.5
1100	356.4
1101	356.4
1102	356.6
1103	356.6
1104	356.7
1105	356.8
1106	356.9
1107	356.7
1108	356.8
1109	356.9
1110	356.9
1111	356.9
1112	357.2
1113	356.9
1114	356.8
1115	356.8
1116	356.8
1117	356.8
1118	356.8
1119	356.7
1120	356.6
1121	356.7
1122	356.6
1123	356.8
1124	356.9
1125	356.7
1126	356.9
1127	356.6
1128	356.8
1129	356.6
1130	356.7
1131	356.6
1132	356.6
1133	356.6
1134	356.7
1135	356.6
1136	356.6
1137	356.5
1138	356.4
1139	356.5
1140	356.6
1141	356.6
1142	356.6
1143	356.7
1144	356.6
1145	356.5
1146	356.6
1147	356.6
1148	356.5
1149	356.5
1150	356.4
1151	356.4
1152	356.3
1153	356.3
1154	356.5
1155	356.2
1156	356.3
1157	356.5
1158	356.5
1159	356.5
1160	356.5
1161	356.5
1162	356.4
1163	356.5
1164	356.6
1165	356.5
1166	356.4
1167	356.5
1168	356.5
1169	356.3
1170	356.4
1171	356.6
1172	356.5
1173	356.4
1174	356.3
1175	356.4
1176	356.5
1177	356.6
1178	356.6
1179	356.7
1180	356.7
1181	356.6
1182	356.6
1183	356.4
1184	356.3
1185	356.6
1186	356.4
1187	356.3
1188	356.3
1189	356.3
1190	356.5
1191	356.6
1192	356.6
1193	356.6
1194	356.8
1195	356.8
1196	356.7
1197	356.6
1198	356.3
1199	356.1
1200	355.3
1201	354.2
1202	352.8
1203	351.8
1204	349.5
1205	346.9
1206	344.7
1207	343.6
1208	342.1
1209	341.1
1210	340.8
1211	340.3
1212	340.2
1213	340.6
1214	340.9
1215	341.5
1216	342.2
1217	343.1
1218	343.4
1219	344.4
1220	344.8
1221	345.7
1222	346
1223	346.6
1224	347.3
1225	347.9
1226	348.1
1227	348.6
1228	349.1
1229	349.4
1230	349.5
1231	349.8
1232	350.2
1233	350.3
1234	350.8
1235	350.9
1236	351.1
1237	351.3
1238	351.5
1239	351.7
1240	351.7
1241	351.8
1242	352
1243	352.1
1244	352.2
1245	352.1
1246	352.5
1247	352.7
1248	352.9
1249	353
1250	353
1251	353.1
1252	353.3
1253	353.3
1254	353.3
1255	353.5
1256	353.6
1257	353.6
1258	353.7
1259	353.9
1260	353.8
1261	354
1262	353.9
1263	353.9
1264	354.1
1265	354.1
1266	354.2
1267	354.2
1268	354.2
1269	354.3
1270	354.3
1271	354.3
1272	354.3
1273	354.4
1274	354.3
1275	354.3
1276	354.3
1277	354.3
1278	354.4
1279	354.4
1280	354.3
1281	354.3
1282	354.4
1283	354.5
1284	354.5
1285	354.3
1286	354.5
1287	354.5
1288	354.5
1289	354.4
1290	354.6
1291	354.7
1292	354.7
1293	354.6
1294	354.7
1295	354.7
1296	354.7
1297	354.7
1298	354.7
1299	354.9
1300	354.7
1301	355
1302	354.9
1303	354.9
1304	355
1305	355
1306	355
1307	354.9
1308	355.1
1309	355.1
1310	355.1
1311	355
1312	355
1313	354.9
1314	355
1315	354.9
1316	354.8
1317	354.9
1318	354.8
1319	355
1320	355
1321	355
1322	355
1323	355
1324	355.1
1325	355
1326	354.9
1327	354.9
1328	355
1329	355.1
1330	355
1331	355
1332	355
1333	355.1
1334	355.1
1335	355.2
1336	355.2
1337	355.2
1338	355.2
1339	355.1
1340	355.3
1341	355.1
1342	355.2
1343	355.2
1344	355.4
1345	355.3
1346	355.4
1347	355.5
1348	355.3
1349	355.3
1350	355.2
1351	355.5
1352	355.3
1353	355.3
1354	355.3
1355	355.3
1356	355.3
1357	355.3
1358	355.4
1359	355.3
1360	355.4
1361	355.3
1362	355
1363	355.2
1364	355.2
1365	355.2
1366	355.3
1367	355.3
1368	355.3
1369	355.4
1370	355.3
1371	355.2
1372	355.3
1373	355.3
1374	355.3
1375	355.3
1376	355.4
1377	355.4
1378	355.4
1379	355.3
1380	355.4
1381	355.4
1382	355.5
1383	355.3
1384	355.2
1385	355.3
1386	355.3
1387	355.2
1388	355.3
1389	355.2
1390	355.3
1391	355.3
1392	355.5
1393	355.3
1394	355.3
1395	355.3
1396	355.3
1397	355.4
1398	355.3
1399	355.5
1400	355.3
1401	355.3
1402	355.6
1403	355.3
1404	355.3
1405	355.5
1406	355.3
1407	355.4
1408	355.3
1409	355.3
1410	355.3
1411	355.3
1412	355.2
1413	355.2
1414	355.2
1415	355.3
1416	355.2
1417	355.2
1418	355.2
1419	355.2
1420	355.2
1421	355.2
1422	355.2
1423	355.3
1424	355.3
1425	355.3
1426	355.2
1427	355.3
1428	355.3
1429	355.2
1430	355.2
1431	355.3
1432	355.3
1433	355.3
1434	355.2
1435	355.2
1436	355.3
1437	355.3
1438	355.3
1439	355.2
1440	355.1
1441	355.3
1442	355.2
1443	355.2
1444	355.1
1445	355.1
1446	355.1
1447	355.1
1448	355
1449	355.2
1450	355.2
1451	355.2
1452	355.1
1453	355.2
1454	355.1
1455	355
1456	355
1457	355.1
1458	355
1459	355.1
1460	355.1
1461	355
1462	355
1463	355
1464	354.9
1465	354.9
1466	355
1467	354.9
1468	355
1469	355
1470	355
1471	355
1472	355
1473	355
1474	355
1475	354.8
1476	354.7
1477	354.8
1478	354.8
1479	355
1480	354.7
1481	354.9
1482	355
1483	355
1484	355.1
1485	355
1486	355
1487	354.9
1488	354.7
1489	355
1490	354.8
1491	355
1492	355.4
1493	355.6
1494	355.9
1495	356.3
1496	356.6
1497	357.1
1498	357.2
1499	357.2
1500	357.5
1501	357.6
1502	357.6
1503	357.7
1504	357.6
1505	357.6
1506	357.6
1507	357.6
1508	357.4
1509	357.5
1510	357.3
1511	357.3
1512	357.3
1513	357.3
1514	357.4
1515	357.6
1516	357.5
1517	357.7
1518	357.4
1519	357.6
1520	357.6
1521	357.5
1522	357.4
1523	357.3
1524	357.5
1525	357.5
1526	357.4
1527	357.4
1528	357.6
1529	357.6
1530	357.6
1531	357.7
1532	357.6
1533	357.6
1534	357.7
1535	357.6
1536	357.6
1537	357.5
1538	357.5
1539	357.4
1540	357.3
1541	357.3
1542	357.5
1543	357.5
1544	357.4
1545	357.6
1546	357.6
1547	357.6
1548	357.7
1549	357.6
1550	357.6
1551	357.6
1552	357.6
1553	357.7
1554	357.5
1555	357.6
1556	357.6
1557	357.6
1558	357.6
1559	357.7
1560	357.6
1561	357.6
1562	357.8
1563	357.6
1564	357.5
1565	357.5
1566	357.5
1567	357.5
1568	357.5
1569	357.4
1570	357.4
1571	357.5
1572	357.5
1573	357.2
1574	357.2
1575	357.4
1576	357.6
1577	357.4
1578	357.5
1579	357.4
1580	357.3
1581	357.6
1582	357.4
1583	357.4
1584	357.2
1585	357.2
1586	357.5
1587	357.5
1588	357.3
1589	357.4
1590	357.3
1591	357.4
1592	357.2
1593	357.5
1594	357.2
1595	357.2
1596	357.2
1597	357.4
1598	357.4
1599	357.4
1600	357.2
1601	357.3
1602	357.6
1603	357.4
1604	357.4
1605	357.7
1606	357.6
1607	357.8
1608	357.7
1609	357.7
1610	357.6
1611	357.6
1612	357.7
1613	357.6
1614	357.8
1615	357.7
1616	357.8
1617	357.7
1618	357.6
1619	357.6
1620	357.6
1621	357.7
1622	357.7
1623	357.6
1624	357.5
1625	357.5
1626	357.6
1627	357.4
1628	357.5
1629	357.3
1630	357.3
1631	357.7
1632	357.6
1633	357.6
1634	357.6
1635	357.6
1636	357.6
1637	357.6
1638	357.6
1639	357.6
1640	357.6
1641	357.6
1642	357.6
1643	357.4
1644	357.4
1645	357.7
1646	357.5
1647	357.5
1648	357.3
1649	357.3
1650	357.4
1651	357.4
1652	357.3
1653	357.3
1654	357.5
1655	357.5
1656	357.3
1657	357.2
1658	357.5
1659	357.2
1660	357.1
1661	357.2
1662	357.2
1663	357.2
1664	357.5
1665	357.6
1666	357.7
1667	357.6
1668	357.8
1669	357.8
1670	357.9
1671	357.7
1672	356.4
1673	354
1674	352.4
1675	349.2
1676	346.4
1677	344
1678	343.4
1679	342.1
1680	341.5
1681	341.1
1682	341.2
1683	341.8
1684	342.6
1685	343.4
1686	343.8
1687	344.7
1688	345.3
1689	346
1690	346.6
1691	347.4
1692	347.9
1693	348.3
1694	348.9
1695	349.4
1696	349.8
1697	350
1698	350.5
1699	350.7
1700	351.1
1701	351.1
1702	351.4
1703	351.4
1704	351.5
1705	351.7
1706	352
1707	352.1
1708	352.3
1709	352.4
1710	352.5
1711	352.7
1712	352.7
1713	352.7
1714	352.8
1715	353
1716	353
1717	353.1
1718	353
1719	353.1
1720	353.2
1721	353.3
1722	353.1
1723	353.3
1724	353.3
1725	353.3
1726	353.2
1727	353.3
1728	353.3
1729	353.4
1730	353.4
1731	353.4
1732	353.4
1733	353.5
1734	353.6
1735	353.6
1736	353.5
1737	353.7
1738	353.5
1739	353.7
1740	353.4
1741	353.7
1742	353.7
1743	353.6
1744	353.7
1745	353.8
1746	353.7
1747	353.7
1748	353.7
1749	353.8
1750	353.9
1751	354
1752	354
1753	354
1754	353.9
1755	353.8
1756	354
1757	354
1758	354
1759	354
1760	354
1761	354
1762	354
1763	354
1764	354
1765	354.2
1766	354.1
1767	354.2
1768	354.3
1769	354.2
1770	354.3
1771	354.3
1772	354.1
1773	354.3
1774	354.3
1775	354.2
1776	354.3
1777	354.5
1778	354.3
1779	354.4
1780	354.2
1781	354.4
1782	354.3
1783	354.3
1784	354.3
1785	354.3
1786	354.1
1787	354.2
1788	354.3
1789	354.4
1790	354.3
1791	354.4
1792	354.3
1793	354.4
1794	354.5
1795	354.5
1796	354.5
1797	354.5
1798	354.5
1799	354.4
1800	354.6
1801	354.4
1802	354.3
1803	354.4
1804	354.5
1805	354.5
1806	354.5
1807	354.6
1808	354.6
1809	354.5
1810	354.4
1811	354.7
1812	354.7
1813	354.6
1814	354.3
1815	354.4
1816	354.3
1817	354.3
1818	354.2
1819	354.3
1820	354.3
1821	354.1
1822	354.3
1823	354.3
1824	354.2
1825	354.3
1826	354.3
1827	354.1
1828	354.2
1829	354.1
1830	354
1831	354
1832	354
1833	353.8
1834	354
1835	354
1836	354.1
1837	354
1838	354.2
1839	353.9
1840	354
1841	354
1842	354
1843	353.9
1844	354
1845	354
1846	354.1
1847	354.1
1848	354.2
1849	354
1850	354.2
1851	354.1
1852	354.1
1853	354
1854	354
1855	354
1856	354
1857	354.1
1858	354
1859	354.1
1860	354.1
1861	354.3
1862	354.3
1863	354.2
1864	354.4
1865	354.3
1866	354.3
1867	354.3
1868	354.2
1869	354.1
1870	354.3
1871	354.3
1872	354.2
1873	354.1
1874	354
1875	354.3
1876	354.3
1877	354.1
1878	354.2
1879	354.3
1880	354.3
1881	354.2
1882	354.3
1883	354.3
1884	354.4
1885	354.3
1886	354.3
1887	354.3
1888	354.1
1889	354.3
1890	354.1
1891	354.1
1892	354.2
1893	354.2
1894	354.1
1895	354
1896	353.9
1897	354.1
1898	354.1
1899	354
1900	354
1901	354.2
1902	353.9
1903	353.9
1904	354
1905	354
1906	353.8
1907	353.9
1908	353.8
1909	353.7
1910	353.8
1911	354
1912	353.9
1913	353.9
1914	353.8
1915	353.9
1916	353.7
1917	353.9
1918	353.9
1919	353.9
1920	354
1921	354
1922	354
1923	353.9
1924	354
1925	353.8
1926	354
1927	354.2
1928	354.1
1929	354.1
1930	354.1
1931	354.1
1932	354.1
1933	354.1
1934	354.1
1935	354
1936	354.3
1937	354.1
1938	354.1
1939	354
1940	354.1
1941	354.1
1942	354.1
1943	354
1944	354
1945	354
1946	353.9
1947	354
1948	353.9
1949	353.9
1950	353.9
1951	353.9
1952	354
1953	353.9
1954	353.7
1955	353.9
1956	354
1957	353.9
1958	354
1959	353.9
1960	353.9
1961	353.9
1962	353.8
1963	353.9
1964	353.9
1965	354.1
1966	354
1967	354.3
1968	354.6
1969	354.8
1970	355
1971	355.4
1972	355.4
1973	355.4
1974	355.6
1975	355.4
1976	355.8
1977	355.6
1978	355.8
1979	355.7
1980	355.8
1981	355.6
1982	355.8
1983	355.7
1984	355.9
1985	355.9
1986	355.9
1987	355.9
1988	355.9
1989	355.9
1990	356.2
1991	356.2
1992	356.3
1993	356
1994	355.8
1995	355.9
1996	355.9
1997	356
1998	355.9
1999	355.9
2000	355.7
2001	355.7
2002	355.6
2003	355.8
2004	358.8
2005	355.8
2006	355.6
2007	355.8
2008	355.6
2009	355.8
2010	355.8
2011	355.8
2012	356
2013	356
2014	355.9
2015	355.9
2016	355.7
2017	355.8
2018	355.8
2019	355.8
2020	355.8
2021	355.7
2022	355.8
2023	355.8
2024	355.8
2025	355.7
2026	355.8
2027	355.8
2028	355.9
2029	355.9
2030	355.9
2031	355.9
2032	355.8
2033	355.8
2034	355.9
2035	355.9
2036	355.9
2037	356
2038	355.9
2039	355.9
2040	355.8
2041	355.9
2042	355.9
2043	355.9
2044	355.9
2045	355.9
2046	355.9
2047	355.9
2048	355.7
2049	355.7
2050	355.6
2051	355.6
2052	355.6
2053	355.7
2054	355.7
2055	355.6
2056	355.6
2057	355.7
2058	355.6
2059	355.6
2060	355.4
2061	355.6
2062	355.3
2063	355.6
2064	355.6
2065	355.6
2066	355.2
2067	355.3
2068	355.4
2069	355.3
2070	355.3
2071	355.3
2072	355.4
2073	355.3
2074	355.3
2075	355.3
2076	355.4
2077	355.3
2078	355.3
2079	355.3
2080	355.4
2081	355.3
2082	355.4
2083	355.5
2084	355.2
2085	355.1
2086	355.1
2087	355.2
2088	355.1
2089	355.3
2090	355.3
2091	355.3
2092	355.3
2093	355.5
2094	355.3
2095	355.2
2096	355.3
2097	355.4
2098	355.5
2099	355.5
2100	355.3
2101	355.3
2102	355.2
2103	355.3
2104	355.3
2105	355.3
2106	355.5
2107	355.4
2108	355.6
2109	355.6
2110	355.6
2111	355.6
2112	355.3
2113	355.3
2114	355.3
2115	355.3
2116	355.4
2117	355.4
2118	355.3
2119	355.5
2120	355.3
2121	355.3
2122	355.3
2123	355.4
2124	355.2
2125	355.3
2126	355.3
2127	355.4
2128	355.3
2129	355.6
2130	355.5
2131	355.3
2132	355.4
2133	355.3
2134	355.3
2135	355.3
2136	355.5
2137	355.6
2138	355.6
2139	355.7
2140	355.7
2141	356
2142	355.9
2143	355.7
2144	355.4
2145	354.2
2146	353.2
2147	350.5
2148	348
2149	345.3
2150	344
2151	342.1
2152	340.5
2153	339.8
2154	339.4
2155	339.4
2156	339.9
2157	340.3
2158	341.1
2159	341.8
2160	342.9
2161	343.3
2162	344.2
2163	344
2164	345
2165	345.3
2166	346.1
2167	346.5
2168	347.3
2169	347.2
2170	347.7
2171	348
2172	348.2
2173	348.5
2174	348.9
2175	349.2
2176	349.1
2177	349.4
2178	349.5
2179	349.8
2180	349.8
2181	350.1
2182	350.1
2183	350.1
2184	350.3
2185	350.5
2186	350.5
2187	350.7
2188	350.6
2189	350.8
2190	350.8
2191	350.8
2192	350.8
2193	350.7
2194	350.8
2195	350.8
2196	351
2197	351
2198	351.4
2199	351.3
2200	351.4
2201	351.3
2202	351.5
2203	351.5
2204	351.4
2205	351.4
2206	351.5
2207	351.5
2208	351.7
2209	351.5
2210	351.8
2211	351.7
2212	351.7
2213	351.6
2214	351.8
2215	351.7
2216	351.7
2217	351.7
2218	351.7
2219	351.6
2220	351.7
2221	351.6
2222	351.6
2223	351.4
2224	351.5
2225	351.7
2226	351.8
2227	351.7
2228	351.5
2229	351.5
2230	351.8
2231	351.8
2232	351.8
2233	353.4
2234	353.1
2235	352.8
2236	352.7
2237	352.7
2238	352.6
2239	352.7
2240	352.7
2241	352.7
2242	352.5
2243	352.7
2244	352.7
2245	352.7
2246	352.4
2247	352.5
2248	352.6
2249	352.6
2250	352.7
2251	352.7
2252	352.6
2253	352.5
2254	352.6
2255	352.4
2256	352.5
2257	352.5
2258	352.5
2259	352.7
2260	352.7
2261	352.4
2262	352.4
2263	352.5
2264	352.6
2265	352.6
2266	352.7
2267	352.5
2268	352.5
2269	352.6
2270	352.4
2271	352.5
2272	352.4
2273	352.5
2274	352.4
2275	352.4
2276	352.4
2277	352.3
2278	352.4
2279	352.4
2280	352.4
2281	352.7
2282	352.4
2283	352.5
2284	352.5
2285	352.4
2286	352.5
2287	352.4
2288	352.4
2289	352.4
2290	352.3
2291	352.4
2292	352.4
2293	352.4
2294	352.4
2295	352.3
2296	352.3
2297	352.4
2298	352.4
2299	352.4
2300	352.4
2301	352.4
2302	352.4
2303	352.4
2304	352.5
2305	352.5
2306	352.6
2307	352.5
2308	352.4
2309	352.4
2310	352.6
2311	352.4
2312	352.5
2313	352.4
2314	352.4
2315	352.4
2316	352.4
2317	352.4
2318	352.5
2319	352.5
2320	352.5
2321	352.4
2322	352.4
2323	352.3
2324	352.3
2325	352.4
2326	352.4
2327	352.5
2328	352.4
2329	352.3
2330	352.4
2331	352.4
2332	352.4
2333	352.5
2334	352.4
2335	352.4
2336	352.5
2337	352.4
2338	352.4
2339	352.4
2340	352.4
2341	352.5
2342	352.5
2343	352.5
2344	352.4
2345	352.4
2346	352.4
2347	352.6
2348	352.5
2349	352.4
2350	352.5
2351	352.4
2352	352.4
2353	352.4
2354	352.4
2355	352.4
2356	352.4
2357	352.4
2358	352.4
2359	352.5
2360	352.4
2361	352.4
2362	352.3
2363	352.5
2364	352.5
2365	352.4
2366	352.5
2367	352.5
2368	352.5
2369	352.4
2370	352.3
2371	352.5
2372	352.4
2373	352.4
2374	352.4
2375	352.5
2376	352.5
2377	352.5
2378	352.5
2379	352.6
2380	352.5
2381	352.5
2382	352.6
2383	352.5
2384	352.5
2385	352.4
2386	352.5
2387	352.4
2388	352.4
2389	352.3
2390	352.4
2391	352.4
2392	352.4
2393	352.4
2394	352.5
2395	352.3
2396	352.4
2397	352.4
2398	352.5
2399	352.2
2400	352.4
2401	352.5
2402	352.4
2403	352.5
2404	352.5
2405	352.5
2406	352.6
2407	352.5
2408	352.4
2409	352.6
2410	352.5
2411	352.4
2412	352.4
2413	352.4
2414	352.4
2415	352.4
2416	352.4
2417	352.7
2418	352.5
2419	352.6
2420	352.4
2421	352.6
2422	352.5
2423	352.4
2424	352.2
2425	352.3
2426	352.3
2427	352.4
2428	352.3
2429	352.3
2430	352.4
2431	352.4
2432	352.2
2433	352.1
2434	351.9
2435	352
2436	352
2437	352.1
2438	352
2439	352.2
2440	352.6
2441	352.7
2442	352.9
2443	353.2
2444	353.5
2445	353.5
2446	353.7
2447	353.8
2448	353.9
2449	354
2450	355.5
2451	355.5
2452	355.7
2453	355.8
2454	355.5
2455	355.8
2456	355.6
2457	355.8
2458	355.7
2459	355.6
2460	355.6
2461	355.7
2462	355.8
2463	355.5
2464	355.4
2465	355.5
2466	355.8
2467	355.6
2468	355.6
2469	355.5
2470	355.7
2471	355.5
2472	355.3
2473	355.5
2474	355.4
2475	355.4
2476	355.3
2477	355.2
2478	355.4
2479	355.3
2480	355.1
2481	355.1
2482	355.1
2483	355
2484	355.1
2485	355.1
2486	354.9
2487	354.9
2488	354.9
2489	355
2490	355.2
2491	355.2
2492	354.9
2493	355.1
2494	355.1
2495	355
2496	354.9
2497	355.2
2498	354.9
2499	355
2500	355
2501	355
2502	354.9
2503	355.1
2504	354.9
2505	354.9
2506	354.9
2507	354.9
2508	355
2509	355
2510	355
2511	354.9
2512	354.9
2513	354.9
2514	354.9
2515	354.9
2516	355
2517	355
2518	355.2
2519	354.9
2520	354.9
2521	354.9
2522	354.9
2523	355
2524	355
2525	355
2526	354.9
2527	354.9
2528	354.8
2529	354.7
2530	354.9
2531	354.9
2532	354.6
2533	354.5
2534	354.8
2535	354.6
2536	354.7
2537	354.8
2538	354.6
2539	354.7
2540	354.8
2541	354.8
2542	354.7
2543	354.8
2544	354.9
2545	354.9
2546	354.9
2547	354.8
2548	354.9
2549	354.6
2550	354.7
2551	354.6
2552	354.6
2553	354.5
2554	354.5
2555	354.7
2556	354.7
2557	354.7
2558	354.8
2559	354.7
2560	354.7
2561	354.6
2562	354.7
2563	354.7
2564	354.6
2565	354.5
2566	354.5
2567	354.5
2568	354.4
2569	354.5
2570	354.6
2571	354.5
2572	354.4
2573	354.5
2574	354.7
2575	354.6
2576	354.5
2577	354.6
2578	354.6
2579	354.6
2580	354.8
2581	354.7
2582	354.7
2583	354.7
2584	354.5
2585	354.5
2586	354.5
2587	354.5
2588	354.5
2589	354.5
2590	354.5
2591	354.5
2592	354.4
2593	354.5
2594	354.5
2595	354.5
2596	354.4
2597	354.3
2598	354.5
2599	354.4
2600	354.5
2601	354.6
2602	354.6
2603	354.5
2604	354.5
2605	354.5
2606	354.4
2607	354.3
2608	354.4
2609	354.5
2610	354.4
2611	353
2612	353.1
2613	353.2
2614	353.4
2615	353.4
2616	353.7
2617	353.6
2618	353.4
2619	352.7
2620	351.5
2621	350.5
2622	348.2
2623	345.6
2624	343.1
2625	341.9
2626	340.2
2627	339.2
2628	338.9
2629	338.8
2630	339.2
2631	339.8
2632	340.6
2633	340.8
2634	341.7
2635	342.5
2636	342.6
2637	343.4
2638	343.7
2639	344.4
2640	344.5
2641	345
2642	345.3
2643	345.5
2644	345.8
2645	345.8
2646	345.9
2647	346
2648	346
2649	346.2
2650	346.3
2651	346.3
2652	346.4
2653	346.5
2654	346.6
2655	346.9
2656	346.8
2657	347
2658	347
2659	347.1
2660	347.3
2661	347.3
2662	347.5
2663	347.4
2664	347.4
2665	347.5
2666	347.6
2667	347.6
2668	347.7
2669	347.7
2670	347.9
2671	347.7
2672	347.6
2673	347.6
2674	347.9
2675	347.7
2676	347.8
2677	347.9
2678	347.9
2679	347.9
2680	347.9
2681	348
2682	348
2683	347.9
2684	348
2685	347.9
2686	347.9
2687	347.9
2688	348
2689	348
2690	347.9
2691	348
2692	347.9
2693	347.9
2694	348
2695	347.8
2696	347.9
2697	347.8
2698	347.8
2699	347.6
2700	347.6
2701	347.6
2702	347.5
2703	347.3
2704	347.3
2705	347.3
2706	347.3
2707	347.2
2708	347.1
2709	347
2710	346.9
2711	346.8
2712	346.7
2713	346.8
2714	346.6
2715	346.6
2716	346.6
2717	346.4
2718	346.5
2719	346.5
2720	346.3
2721	346.3
2722	346.1
2723	346.1
2724	346
2725	345.9
2726	345.7
2727	345.8
2728	345.6
2729	346
2730	345.7
2731	345.6
2732	345.6
2733	345.6
2734	345.6
2735	345.6
2736	345.7
2737	345.9
2738	345.9
2739	345.8
2740	345.9
2741	345.6
2742	345.3
2743	345
2744	344.8
2745	344.9
2746	344.8
2747	344.8
2748	344.8
2749	345
2750	345.3
2751	345.1
2752	345.1
2753	345.1
2754	345.1
2755	345.2
2756	345.2
2757	345.2
2758	345.4
2759	345.3
2760	345.4
2761	345.5
2762	345.4
2763	345.4
2764	345.4
2765	345.2
2766	345.3
2767	345.3
2768	345.3
2769	345.3
2770	345.4
2771	345.4
2772	345.3
2773	345
2774	345
2775	344.9
2776	344.8
2777	345
2778	344.9
2779	344.8
2780	344.7
2781	344.7
2782	344.8
2783	344.7
2784	344.6
2785	344.7
2786	344.5
2787	344.7
2788	344.7
2789	344.7
2790	344.8
2791	344.8
2792	345
2793	345
2794	345
2795	345.1
2796	345
2797	345.2
2798	345.3
2799	345.4
2800	345.4
2801	345.6
2802	345.6
2803	345.7
2804	345.7
2805	345.8
2806	345.6
2807	345.7
2808	345.8
2809	346
2810	346.1
2811	346.3
2812	346.5
2813	346.4
2814	346.5
2815	346.6
2816	346.6
2817	346.6
2818	346
2819	346.3
2820	346.3
2821	346.5
2822	346.6
2823	346.7
2824	346.9
2825	346.9
2826	347
2827	347.2
2828	347.3
2829	347.3
2830	347.5
2831	347.4
2832	347.3
2833	347.1
2834	346.8
2835	346.7
2836	346.6
2837	346.6
2838	346.8
2839	346.9
2840	347
2841	347.2
2842	347.3
2843	347.4
2844	347.5
2845	347.5
2846	347.9
2847	347.9
2848	347.9
2849	348
2850	348.2
2851	348.4
2852	348.2
2853	348.2
2854	348.4
2855	348.5
2856	348.4
2857	347.8
2858	348.5
2859	348.5
2860	348.6
2861	348.9
2862	348.7
2863	348.9
2864	349
2865	349.1
2866	349.1
2867	349.2
2868	349.2
2869	349.3
2870	349.2
2871	349.5
2872	349.5
2873	349.6
2874	349.6
2875	349.5
2876	349.8
2877	349.9
2878	349.7
2879	349.8
2880	349.8
2881	349.8
2882	349.8
2883	349.8
2884	350
2885	349.9
2886	350.1
2887	349.8
2888	350.1
2889	350.2
2890	350.3
2891	350.1
2892	350.3
2893	350.3
2894	350.4
2895	350.4
2896	350.5
2897	350.4
2898	350.5
2899	350.5
2900	350.6
2901	350.5
2902	350.5
2903	350.8
2904	350.8
2905	350.8
2906	350.7
2907	350.7
2908	350.8
2909	350.7
2910	350.7
2911	350.9
2912	350.8
2913	351
2914	351.1
2915	351.6
2916	351.5
2917	351.9
2918	352.3
2919	352.5
2920	352.6
2921	352.7
2922	352.9
2923	353.1
2924	353
2925	353.3
2926	353.3
2927	355.2
2928	355
2929	354.7
2930	354.4
2931	354.5
2932	354.6
2933	354.6
2934	354.8
2935	354.8
2936	354.9
2937	354.8
2938	355.2
2939	355.1
2940	355
2941	354.3
2942	354.3
2943	354.4
2944	354.4
2945	354.7
2946	354.8
2947	354.8
2948	354.8
2949	354.8
2950	354.9
2951	354.7
2952	354.6
2953	354.7
2954	354.9
2955	354.8
2956	355
2957	355.1
2958	354.9
2959	355
2960	355.1
2961	355.2
2962	355.3
2963	355.2
2964	355.3
2965	355.3
2966	355.3
2967	355.3
2968	355.4
2969	355.4
2970	355.5
2971	357.5
2972	355.7
2973	356.8
2974	356.2
2975	356.8
2976	356.3
2977	356.7
2978	358
2979	356.6
2980	356.5
2981	356.6
2982	356.5
2983	356.2
2984	356.4
2985	356.3
2986	356.2
2987	356.3
2988	356.3
2989	356.3
2990	356.3
2991	356.5
2992	356.5
2993	356.6
2994	356.6
2995	356.5
2996	356.6
2997	356.3
2998	356.5
2999	356.4
3000	356.5
3001	356.4
3002	356.3
3003	356.6
3004	356.5
3005	356.6
3006	356.6
3007	356.9
3008	356.9
3009	356.9
3010	356.9
3011	356.9
3012	356.7
3013	356.6
3014	356.5
3015	356.5
3016	356.5
3017	356.3
3018	356.3
3019	356.4
3020	356.5
3021	355.6
3022	355.6
3023	355.8
3024	355.6
3025	355.6
3026	355.5
3027	355.6
3028	355.6
3029	355.6
3030	355.7
3031	355.7
3032	355.7
3033	357.2
3034	356
3035	355.9
3036	356
3037	356
3038	356.1
3039	355.9
3040	356
3041	356
3042	355.9
3043	356
3044	356
3045	356.2
3046	356.2
3047	356.1
3048	356.3
3049	356.3
3050	356.1
3051	356.2
3052	356.4
3053	356.3
3054	356.2
3055	356.2
3056	356.3
3057	356.1
3058	356.1
3059	356.2
3060	356.1
3061	356.2
3062	356.1
3063	356.2
3064	356.3
3065	357.8
3066	356.3
3067	356.3
3068	356.3
3069	356.2
3070	356.4
3071	356.3
3072	357
3073	356.5
3074	356.4
3075	356.3
3076	356.6
3077	356.3
3078	356.5
3079	356.5
3080	356.2
3081	355.9
3082	355.7
3083	356
3084	356.4
3085	356.6
3086	360.4
3087	357.2
3088	357.2
3089	357
3090	356.9
3091	356
3092	354.8
3093	354
3094	352.4
3095	350.5
3096	349.6
3097	347.8
3098	345.8
3099	344.4
3100	343.8
3101	343.3
3102	343.1
3103	343.1
3104	343.4
3105	343.4
3106	344
3107	344.7
3108	345.2
3109	345.9
3110	346.6
3111	347.3
3112	347.3
3113	348.1
3114	348.5
3115	349
3116	349.2
3117	349.6
3118	349.1
3119	349.3
3120	349.4
3121	349.6
3122	350.1
3123	350
3124	350.2
3125	350.5
3126	350.5
3127	350.4
3128	350.6
3129	350.8
3130	350.8
3131	351.1
3132	351.2
3133	351.1
3134	351.2
3135	351.1
3136	351.3
3137	351.4
3138	351.4
3139	351.5
3140	351.4
3141	351.4
3142	351.5
3143	351.7
3144	351.5
3145	351.4
3146	351.6
3147	351.5
3148	351.5
3149	351.7
3150	351.6
3151	351.9
3152	351.8
3153	351.8
3154	351.8
3155	351.9
3156	352.1
3157	352.1
3158	352
3159	352.2
3160	352.8
3161	353.4
3162	352.7
3163	352.2
3164	354.1
3165	353.3
3166	352.8
3167	352.7
3168	352.6
3169	352.5
3170	352.5
3171	352.4
3172	352.4
3173	352.4
3174	352.3
3175	352.4
3176	352.1
3177	352.2
3178	352.2
3179	352.1
3180	352.1
3181	352.1
3182	352.2
3183	352.1
3184	352.2
3185	352.1
3186	352.1
3187	352.2
3188	352.1
3189	352.2
3190	352.2
3191	352.3
3192	352.4
3193	352.4
3194	352.4
3195	352.4
3196	352.3
3197	352.4
3198	352.4
3199	352.4
3200	352.4
3201	352.4
3202	352.4
3203	352.6
3204	352.6
3205	352.7
3206	352.4
3207	352.5
3208	352.4
3209	352.4
3210	352.7
3211	352.4
3212	352.5
3213	352.3
3214	352.4
3215	352.3
3216	352.2
3217	352.1
3218	352.3
3219	352.3
3220	352.3
3221	352.4
3222	352.2
3223	352.4
3224	352.4
3225	352.1
3226	352.1
3227	352.2
3228	352.4
3229	352.3
3230	352.2
3231	352.1
3232	352.1
3233	352.1
3234	352.1
3235	352.2
3236	352.1
3237	352.4
3238	352.3
3239	352.3
3240	352.1
3241	352.3
3242	352.1
3243	352.1
3244	352.1
3245	352.1
3246	352
3247	352.1
3248	352.1
3249	352.1
3250	352.1
3251	352.1
3252	352.3
3253	352.3
3254	352.3
3255	352.1
3256	352.1
3257	352.1
3258	352
3259	352
3260	352.2
3261	352.1
3262	352.1
3263	352.1
3264	352.2
3265	352.1
3266	352
3267	352.1
3268	352
3269	352
3270	352.1
3271	352.2
3272	352.4
3273	352.3
3274	352.1
3275	352.1
3276	352.2
3277	352.1
3278	352.1
3279	352.1
3280	351.8
3281	352
3282	352.1
3283	352.1
3284	352.2
3285	352.1
3286	352.1
3287	352.1
3288	352.1
3289	352.1
3290	352.2
3291	352.1
3292	352.2
3293	352.2
3294	352.1
3295	352.4
3296	352.1
3297	352.1
3298	352.1
3299	352
3300	352.3
3301	352.2
3302	352.1
3303	352.1
3304	352.1
3305	352.1
3306	352.1
3307	352.1
3308	352.1
3309	352
3310	352.1
3311	352.1
3312	352
3313	352
3314	351.9
3315	351.9
3316	352
3317	352.1
3318	352
3319	352.2
3320	352
3321	352.1
3322	351.9
3323	351.8
3324	351.9
3325	351.7
3326	351.7
3327	351.6
3328	351.8
3329	351.7
3330	351.4
3331	351.7
3332	351.8
3333	351.8
3334	351.8
3335	351.8
3336	351.8
3337	351.6
3338	351.8
3339	351.8
3340	351.7
3341	351.8
3342	351.8
3343	351.9
3344	351.9
3345	351.8
3346	352
3347	351.9
3348	351.9
3349	351.9
3350	351.8
3351	351.8
3352	351.7
3353	351.8
3354	351.9
3355	351.9
3356	352
3357	351.8
3358	352
3359	351.8
3360	351.8
3361	351.8
3362	351.8
3363	352.1
3364	352
3365	351.8
3366	351.8
3367	351.7
3368	351.8
3369	351.9
3370	351.8
3371	351.8
3372	351.8
3373	351.8
3374	351.8
3375	352.4
3376	351.7
3377	351.9
3378	352
3379	351.9
3380	351.8
3381	351.8
3382	351.7
3383	351.5
3384	351.7
3385	351.8
3386	351.6
3387	352
3388	352
3389	352.3
3390	352.8
3391	353
3392	353
3393	353.3
3394	353.3
3395	353.3
3396	353.4
3397	353.6
3398	354
3399	353.9
3400	353.8
3401	354
3402	354.1
3403	354.2
3404	354.2
3405	354.2
3406	354.3
3407	354.3
3408	354.1
3409	354.5
3410	354.3
3411	354.3
3412	354.1
3413	354.1
3414	354.3
3415	354.1
3416	354
3417	354.3
3418	354.2
3419	354.2
3420	354.2
3421	354.3
3422	354.4
3423	354.3
3424	354.3
3425	354.4
3426	354.3
3427	354.3
3428	354.1
3429	354.3
3430	354.3
3431	354.3
3432	354.3
3433	354.4
3434	354.4
3435	354.3
3436	354.3
3437	354.3
3438	354.2
3439	354.2
3440	354
3441	354
3442	353.9
3443	354.1
3444	354.1
3445	354
3446	353.9
3447	354
3448	354
3449	354
3450	354.2
3451	354.2
3452	354.3
3453	354.3
3454	354.3
3455	354.4
3456	354.1
3457	354.1
3458	354.3
3459	354.3
3460	354.3
3461	354.2
3462	354.3
3463	354.4
3464	354.2
3465	354.4
3466	354.4
3467	354.3
3468	354.3
3469	354.2
3470	354
3471	354.3
3472	354.2
3473	354
3474	354.5
3475	354.3
3476	354.3
3477	354.4
3478	354.4
3479	354.3
3480	354.3
3481	354.3
3482	354
3483	354
3484	354.1
3485	354
3486	354.3
3487	354.3
3488	354.1
3489	354
3490	353.8
3491	353.9
3492	354.2
3493	354.1
3494	354.1
3495	354
3496	353.9
3497	354
3498	353.9
3499	354.2
3500	354
3501	354
3502	353.9
3503	354
3504	354.1
3505	354
3506	353.9
3507	354
3508	354
3509	353.8
3510	353.9
3511	354
3512	353.9
3513	354
3514	354
3515	354
3516	353.9
3517	353.8
3518	354
3519	353.9
3520	354.1
3521	353.9
3522	354
3523	354.2
3524	354
3525	354.1
3526	354
3527	354
3528	354
3529	354
3530	354
3531	354
3532	354
3533	354.2
3534	353.8
3535	354
3536	354
3537	353.8
3538	353.9
3539	353.9
3540	353.7
3541	353.6
3542	353.6
3543	353.6
3544	353.5
3545	353.5
3546	353.7
3547	353.4
3548	353.5
3549	353.7
3550	353.7
3551	353.8
3552	353.5
3553	353.5
3554	353.4
3555	353.6
3556	353.7
3557	353.7
3558	354.1
3559	354.2
3560	354.4
3561	354.3
3562	354.5
3563	354.5
3564	354.6
3565	354
3566	352.8
3567	351.1
3568	350.1
3569	348.2
3570	346.1
3571	344.5
3572	343.7
3573	342.7
3574	342
3575	341.9
3576	341.8
3577	342.1
3578	342.5
3579	342.8
3580	343.4
3581	343.7
3582	344.4
3583	344.4
3584	345
3585	345.3
3586	346
3587	346.3
3588	346.5
3589	347
3590	347.3
3591	347.4
3592	347.7
3593	348.1
3594	348.2
3595	348.3
3596	348.8
3597	348.9
3598	349.2
3599	349.2
3600	349.3
3601	349.7
3602	349.6
3603	349.8
3604	349.9
3605	350
3606	350.1
3607	350.1
3608	350.2
3609	350.3
3610	350.3
3611	350.3
3612	350.4
3613	350.4
3614	350.5
3615	350.5
3616	350.7
3617	350.8
3618	350.6
3619	350.8
3620	350.8
3621	350.8
3622	350.8
3623	351
3624	350.8
3625	350.8
3626	350.9
3627	350.8
3628	351
3629	350.9
3630	351
3631	351.1
3632	351.1
3633	351.1
3634	351.1
3635	351.2
3636	351.1
3637	351.1
3638	351.4
3639	351.3
3640	351.4
3641	351.5
3642	351.4
3643	351.3
3644	351.4
3645	351.2
3646	351.4
3647	351.4
3648	351.4
3649	351.5
3650	351.5
3651	351.6
3652	351.4
3653	351.5
3654	351.7
3655	351.7
3656	351.7
3657	351.8
3658	351.7
3659	351.5
3660	351.8
3661	351.8
3662	351.8
3663	351.7
3664	351.8
3665	351.8
3666	351.8
3667	351.8
3668	351.8
3669	351.8
3670	351.8
3671	351.9
3672	351.9
3673	351.9
3674	352.1
3675	352
3676	352
3677	352.1
3678	352
3679	352
3680	352
3681	352.1
3682	351.9
3683	352.1
3684	351.8
3685	351.9
3686	352.1
3687	351.9
3688	352
3689	352
3690	351.9
3691	352
3692	352.1
3693	352.2
3694	352
3695	352.2
3696	352
3697	352.1
3698	352
3699	352.1
3700	352.2
3701	352.2
3702	352.3
3703	352.1
3704	352.2
3705	352.2
3706	352.1
3707	352.1
3708	352.1
3709	352.2
3710	352.2
3711	352.2
3712	352.3
3713	352.2
3714	352.1
3715	352.3
3716	352.3
3717	352.3
3718	352.1
3719	352.4
3720	352.3
3721	352.4
3722	352.5
3723	352.4
3724	352.5
3725	352.5
3726	352.5
3727	352.5
3728	352.3
3729	352.4
3730	352.6
3731	352.5
3732	352.7
3733	352.7
3734	352.6
3735	352.6
3736	352.7
3737	352.7
3738	352.6
3739	352.6
3740	352.7
3741	352.6
3742	352.4
3743	352.6
3744	352.5
3745	352.5
3746	352.7
3747	352.7
3748	352.7
3749	352.4
3750	352.5
3751	352.6
3752	352.5
3753	352.4
3754	352.2
3755	352.3
3756	352.2
3757	352.1
3758	352.1
3759	352.1
3760	352.1
3761	352.1
3762	352
3763	352
3764	351.8
3765	352
3766	351.9
3767	352
3768	351.9
3769	352.1
3770	352.1
3771	352.1
3772	352.1
3773	352.1
3774	352
3775	352
3776	352.4
3777	352.2
3778	352.1
3779	352.1
3780	352.3
3781	352.4
3782	352.2
3783	352.2
3784	352.4
3785	352.1
3786	352.3
3787	352.2
3788	352.2
3789	352.3
3790	352.3
3791	352.3
3792	352.4
3793	352.5
3794	352.4
3795	352.3
3796	352.5
3797	352.4
3798	352.4
3799	352.4
3800	352.5
3801	352.4
3802	352.2
3803	352.4
3804	352.2
3805	352.1
3806	352.1
3807	352.3
3808	352.3
3809	352.2
3810	352.4
3811	352.3
3812	352.4
3813	352.4
3814	352.4
3815	352.4
3816	352.4
3817	352.4
3818	352.4
3819	352.4
3820	352.3
3821	352.4
3822	352.4
3823	352.4
3824	352.5
3825	352.4
3826	352.4
3827	352.4
3828	352.5
3829	352.4
3830	352.5
3831	352.5
3832	352.7
3833	352.5
3834	352.7
3835	352.7
3836	352.7
3837	352.7
3838	352.6
3839	352.6
3840	352.6
3841	352.4
3842	352.7
3843	352.8
3844	352.8
3845	352.7
3846	352.7
3847	352.7
3848	352.7
3849	352.9
3850	352.8
3851	352.7
3852	352.8
3853	352.7
3854	352.6
3855	352.4
3856	352.5
3857	352.5
3858	352.5
3859	352.8
3860	352.8
3861	353.1
3862	353.4
3863	353.4
3864	353.6
3865	353.6
3866	353.8
3867	353.8
3868	354
3869	354.1
3870	354.1
3871	354.1
3872	353.8
3873	354.1
3874	354.3
3875	354.3
3876	354.4
3877	354.4
3878	354.7
3879	354.7
3880	354.5
3881	354.7
3882	354.6
3883	354.5
3884	354.3
3885	354.3
3886	354.1
3887	354.3
3888	354.3
3889	354.2
3890	354
3891	354.4
3892	354.3
3893	354.2
3894	354.2
3895	354
3896	354.3
3897	354.3
3898	354.2
3899	354.3
3900	354.2
3901	354.1
3902	354.3
3903	354.2
3904	354.3
3905	354.3
3906	354.3
3907	354.1
3908	354.2
3909	354
3910	354
3911	354
3912	354
3913	354
3914	354
3915	354.2
3916	354
3917	354
3918	354
3919	354
3920	353.9
3921	354
3922	354
3923	353.9
3924	354
3925	354
3926	354
3927	354
3928	353.8
3929	354
3930	354
3931	353.9
3932	353.9
3933	353.8
3934	353.9
3935	354
3936	353.8
3937	353.7
3938	353.9
3939	353.9
3940	354
3941	353.9
3942	353.8
3943	353.9
3944	353.7
3945	353.7
3946	353.7
3947	353.7
3948	353.8
3949	353.9
3950	353.8
3951	353.9
3952	354
3953	354
3954	354
3955	354.2
3956	354.3
3957	354
3958	353.9
3959	354
3960	353.9
3961	353.7
3962	353.9
3963	353.8
3964	353.7
3965	353.7
3966	353.8
3967	353.7
3968	353.7
3969	353.8
3970	353.8
3971	353.8
3972	353.8
3973	353.7
3974	353.6
3975	353.6
3976	353.7
3977	353.8
3978	353.7
3979	353.7
3980	353.6
3981	353.5
3982	353.6
3983	353.7
3984	353.7
3985	353.8
3986	354
3987	354.1
3988	354.1
3989	354
3990	354.1
3991	354.2
3992	354.1
3993	354.2
3994	354
3995	353.8
3996	354
3997	353.9
3998	353.8
3999	353.7
4000	353.7
4001	353.7
4002	353.8
4003	353.9
4004	353.7
4005	353.8
4006	353.5
4007	353.9
4008	353.7
4009	353.7
4010	353.7
4011	353.6
4012	353.5
4013	353.5
4014	353.5
4015	353.6
4016	353.7
4017	353.7
4018	353.4
4019	353.5
4020	353.5
4021	353.6
4022	353.7
4023	353.7
4024	353.5
4025	353.7
4026	353.7
4027	353.3
4028	353.4
4029	353.4
4030	353.5
4031	353.8
4032	353.6
4033	353.9
4034	354.1
4035	354.1
4036	354
4037	353.4
4038	352.2
4039	351.3
4040	349.1
4041	346.7
4042	344.8
4043	343.9
4044	342.5
4045	342
4046	341.6
4047	341.6
4048	341.5
4049	341.9
4050	342.6
4051	342.9
4052	343.6
4053	344.2
4054	345
4055	345.3
4056	346
4057	346.5
4058	346.9
4059	347.1
4060	347.6
4061	347.9
4062	348.2
4063	348.3
4064	348.7
4065	348.9
4066	349
4067	349.1
4068	349.2
4069	349.5
4070	349.5
4071	349.8
4072	349.8
4073	350
4074	350
4075	350
4076	350.1
4077	350.4
4078	350.5
4079	350.6
4080	350.9
4081	350.9
4082	350.9
4083	351
4084	351.1
4085	351
4086	351
4087	351
4088	351.1
4089	351
4090	351
4091	351
4092	351.1
4093	351.1
4094	351.2
4095	351.1
4096	351.2
4097	351.1
4098	351.2
4099	351.2
4100	351.3
4101	351.2
4102	351.2
4103	351.4
4104	351.1
4105	351.3
4106	351.2
4107	351.3
4108	351.1
4109	351.3
4110	351.4
4111	351.4
4112	351.4
4113	351.5
4114	351.4
4115	351.4
4116	351.5
4117	351.4
4118	351.4
4119	351.2
4120	351.4
4121	351.5
4122	351.4
4123	351.4
4124	351.5
4125	351.4
4126	351.6
4127	351.7
4128	351.6
4129	351.5
4130	351.6
4131	351.7
4132	351.8
4133	351.7
4134	352
4135	351.8
4136	352
4137	351.9
4138	352.1
4139	352.1
4140	352.1
4141	352.1
4142	352.2
4143	352.1
4144	352
4145	352
4146	352
4147	352
4148	352.1
4149	352.1
4150	352.3
4151	352.5
4152	352.3
4153	352.4
4154	352.2
4155	352.4
4156	352.4
4157	352.3
4158	352.4
4159	352.4
4160	352.4
4161	352.4
4162	352.4
4163	352.3
4164	352.4
4165	352.5
4166	352.5
4167	352.4
4168	352.4
4169	352.4
4170	352.4
4171	352.6
4172	352.4
4173	352.5
4174	352.6
4175	352.4
4176	352.4
4177	352.4
4178	352.4
4179	352.4
4180	352.4
4181	352.5
4182	352.5
4183	352.4
4184	352.4
4185	352.1
4186	352.3
4187	352.4
4188	352.4
4189	352.4
4190	352.4
4191	352.4
4192	352.5
4193	352.4
4194	352.4
4195	352.4
4196	352.4
4197	352.4
4198	352.6
4199	352.5
4200	352.4
4201	352.5
4202	352.4
4203	352.4
4204	352.5
4205	352.5
4206	352.5
4207	352.6
4208	352.4
4209	352.5
4210	352.4
4211	352.4
4212	352.5
4213	352.5
4214	352.4
4215	352.3
4216	352.4
4217	352.4
4218	352.5
4219	352.5
4220	352.3
4221	352.4
4222	352.4
4223	352.5
4224	352.5
4225	352.3
4226	352.2
4227	352.2
4228	352.3
4229	352.1
4230	352.2
4231	352.2
4232	352.2
4233	352.3
4234	352.3
4235	352.2
4236	352.4
4237	352.3
4238	352.2
4239	352.3
4240	352.4
4241	352.3
4242	352.3
4243	352.2
4244	352.3
4245	352.4
4246	352.4
4247	352.4
4248	352.3
4249	352.2
4250	352.2
4251	352.2
4252	352.3
4253	352.3
4254	352.4
4255	352.4
4256	352.4
4257	352.4
4258	352.4
4259	352.3
4260	352.3
4261	352.3
4262	352.4
4263	352.4
4264	352.5
4265	352.4
4266	352.4
4267	352.3
4268	352.1
4269	352.3
4270	352.4
4271	352.3
4272	352.4
4273	352.2
4274	352.4
4275	352.3
4276	352.1
4277	352.2
4278	352.4
4279	352.4
4280	352.3
4281	352.3
4282	352.3
4283	352.3
4284	352.1
4285	352.1
4286	352.3
4287	352.2
4288	352.2
4289	352.3
4290	352.1
4291	352.4
4292	352.5
4293	352.4
4294	352.3
4295	352.4
4296	352.4
4297	352.4
4298	352.4
4299	352.5
4300	352.4
4301	352.5
4302	352.5
4303	352.4
4304	352.4
4305	352.4
4306	352.4
4307	352.4
4308	352.4
4309	352.4
4310	352.4
4311	352.4
4312	352.4
4313	352.4
4314	352.4
4315	352.2
4316	352.4
4317	352.4
4318	352.4
4319	352.4
4320	352.4
4321	352.4
4322	352.5
4323	352.6
4324	352.5
4325	352.3
4326	352.1
4327	352.1
4328	352.1
4329	351.8
4330	351.9
4331	351.8
4332	351.9
4333	352.2
4334	352.3
4335	352.5
4336	352.6
4337	352.9
4338	352.7
4339	352.9
4340	353
4341	353
4342	352.8
4343	353.1
4344	353.3
4345	353.3
4346	353.1
4347	353.4
4348	353.4
4349	353.4
4350	353.4
4351	353.1
4352	353.2
4353	353.2
4354	353.2
4355	353
4356	353
4357	353.1
4358	353
4359	353
4360	353.2
4361	353.4
4362	353.2
4363	353.2
4364	353.4
4365	353.4
4366	353.2
4367	353
4368	353.2
4369	353.2
4370	353.1
4371	353.2
4372	353.1
4373	353.1
4374	352.9
4375	353.1
4376	353.3
4377	353
4378	353.1
4379	353.2
4380	353.3
4381	353.2
4382	353.1
4383	353.1
4384	353
4385	353
4386	353.2
4387	353.2
4388	353
4389	353.1
4390	353.1
4391	353
4392	352.8
4393	352.9
4394	352.8
4395	353
4396	353
4397	353.2
4398	353.2
4399	353.1
4400	353.2
4401	353.2
4402	353.3
4403	353.3
4404	353.3
4405	353
4406	353
4407	353
4408	353
4409	353
4410	353.4
4411	353.2
4412	353.2
4413	353.1
4414	353.2
4415	353
4416	353.2
4417	353.2
4418	353.3
4419	353.2
4420	353.2
4421	353.1
4422	353.4
4423	353.4
4424	353.4
4425	353.5
4426	353.5
4427	353.4
4428	353.3
4429	353.3
4430	353.3
4431	353.2
4432	353.2
4433	353.4
4434	353.4
4435	353.3
4436	353.4
4437	353.4
4438	353.1
4439	353.2
4440	353.4
4441	353.5
4442	353.3
4443	353.1
4444	353.3
4445	353.2
4446	353.3
4447	353.4
4448	353.4
4449	353.2
4450	353.3
4451	353.2
4452	352.9
4453	353.1
4454	353.2
4455	353
4456	353.4
4457	353.2
4458	353.3
4459	353.4
4460	353.4
4461	353.5
4462	353.4
4463	353.4
4464	353.3
4465	353.4
4466	353.4
4467	353.3
4468	353.4
4469	353.3
4470	353.3
4471	353.4
4472	353.4
4473	353.3
4474	353.1
4475	353.3
4476	353.3
4477	353.2
4478	353.3
4479	353.4
4480	353.3
4481	353.3
4482	353.4
4483	353.4
4484	353.4
4485	353.2
4486	353.2
4487	353.1
4488	353.3
4489	353.1
4490	353.2
4491	353.3
4492	353.1
4493	353.2
4494	353.3
4495	353.3
4496	353.1
4497	353.2
4498	353.1
4499	353.3
4500	353
4501	352.9
4502	353
4503	353
4504	352.8
4505	353.2
4506	353.3
4507	353.6
4508	353.6
4509	353.2
4510	352.6
4511	352.3
4512	351
4513	349.3
4514	347.2
4515	346.2
4516	344.6
4517	343.1
4518	342.2
4519	342
4520	342.1
4521	342.1
4522	342.3
4523	342.7
4524	343.1
4525	343.8
4526	344
4527	344.9
4528	345.3
4529	346
4530	346.3
4531	346.8
4532	347.5
4533	347.7
4534	347.9
4535	348.2
4536	348.4
4537	348.6
4538	348.8
4539	348.8
4540	348.9
4541	349.2
4542	349.3
4543	349.3
4544	349.5
4545	349.6
4546	349.5
4547	349.7
4548	349.8
4549	349.8
4550	349.6
4551	349.7
4552	349.8
4553	349.8
4554	349.9
4555	349.9
4556	350
4557	350.1
4558	350.1
4559	350.1
4560	350.3
4561	350.1
4562	350.4
4563	350.3
4564	350.3
4565	350.3
4566	350.5
4567	350.5
4568	350.4
4569	350.5
4570	350.4
4571	350.4
4572	350.5
4573	350.4
4574	350.5
4575	350.5
4576	350.5
4577	350.4
4578	350.5
4579	350.6
4580	350.5
4581	350.6
4582	350.8
4583	350.8
4584	350.7
4585	350.7
4586	350.8
4587	350.8
4588	350.8
4589	350.8
4590	350.8
4591	350.8
4592	350.8
4593	350.9
4594	350.9
4595	350.9
4596	350.8
4597	351
4598	350.9
4599	351
4600	351
4601	351
4602	351
4603	351.1
4604	351.1
4605	350.9
4606	350.8
4607	350.8
4608	350.8
4609	350.8
4610	350.8
4611	350.9
4612	351
4613	351
4614	351.1
4615	351.1
4616	351.1
4617	350.9
4618	350.8
4619	350.9
4620	350.8
4621	350.8
4622	350.8
4623	350.8
4624	350.8
4625	350.8
4626	350.7
4627	350.8
4628	350.8
4629	350.9
4630	350.7
4631	350.8
4632	350.8
4633	350.7
4634	350.8
4635	350.7
4636	350.6
4637	350.8
4638	350.6
4639	350.5
4640	350.5
4641	350.7
4642	350.7
4643	350.8
4644	350.8
4645	350.6
4646	350.6
4647	350.8
4648	350.6
4649	350.7
4650	350.7
4651	350.7
4652	350.7
4653	350.5
4654	350.7
4655	350.6
4656	350.6
4657	350.5
4658	350.5
4659	350.7
4660	350.7
4661	350.8
4662	350.9
4663	350.8
4664	350.9
4665	350.8
4666	351
4667	351
4668	350.8
4669	350.8
4670	350.7
4671	350.8
4672	350.7
4673	350.7
4674	350.9
4675	350.9
4676	350.8
4677	350.8
4678	350.8
4679	350.8
4680	350.8
4681	350.7
4682	350.7
4683	350.7
4684	350.6
4685	350.5
4686	350.5
4687	350.5
4688	350.6
4689	350.7
4690	350.6
4691	350.5
4692	350.6
4693	350.5
4694	350.5
4695	350.7
4696	350.7
4697	350.8
4698	350.5
4699	350.4
4700	350.5
4701	350.5
4702	350.6
4703	350.6
4704	350.6
4705	350.6
4706	350.6
4707	350.6
4708	350.5
4709	350.5
4710	350.6
4711	350.5
4712	350.5
4713	350.3
4714	350.4
4715	350.5
4716	350.4
4717	350.2
4718	350.5
4719	350.4
4720	350.4
4721	350.4
4722	350.3
4723	350.3
4724	350.1
4725	350.2
4726	350.1
4727	350.1
4728	350.3
4729	350.2
4730	350.1
4731	350.5
4732	350.4
4733	350.2
4734	350.1
4735	350.2
4736	350.2
4737	350.3
4738	350.2
4739	350.2
4740	350.2
4741	350.1
4742	350.3
4743	350.5
4744	350.2
4745	350.1
4746	350.2
4747	350.3
4748	350.4
4749	350.1
4750	350.1
4751	350.3
4752	350
4753	350.1
4754	350
4755	350.1
4756	350.1
4757	350.2
4758	350.1
4759	350.4
4760	350.3
4761	350.1
4762	350.5
4763	350.3
4764	350.2
4765	350.2
4766	350.2
4767	350.1
4768	350.2
4769	350.1
4770	350.1
4771	350
4772	350
4773	350
4774	350.1
4775	350
4776	349.9
4777	350.1
4778	350
4779	350
4780	350
4781	350
4782	350.1
4783	350.1
4784	350.1
4785	350.1
4786	350.1
4787	350.1
4788	350.1
4789	350.1
4790	350.1
4791	350.1
4792	350.1
4793	350.1
4794	350
4795	350.1
4796	350.1
4797	349.8
4798	349.8
4799	349.9
4800	350
4801	350.1
4802	349.8
4803	350.1
4804	350.4
4805	350.5
4806	350.5
4807	350.7
4808	350.8
4809	351
4810	351.1
4811	351.2
4812	351.2
4813	351.4
4814	351.2
4815	351.3
4816	351.2
4817	351.1
4818	351.1
4819	351.1
4820	351.1
4821	351.1
4822	351.1
4823	351.2
4824	351.1
4825	351
4826	351
4827	351.1
4828	351.1
4829	351.1
4830	351.1
4831	351.1
4832	350.9
4833	351
4834	350.9
4835	351
4836	350.8
4837	350.9
4838	350.8
4839	351
4840	351
4841	350.8
4842	350.8
4843	351
4844	351
4845	350.8
4846	350.8
4847	351
4848	350.8
4849	350.8
4850	350.7
4851	350.6
4852	350.8
4853	350.6
4854	350.6
4855	350.5
4856	350.5
4857	350.5
4858	350.5
4859	350.5
4860	350.5
4861	350.5
4862	350.6
4863	350.7
4864	350.6
4865	350.5
4866	350.6
4867	350.7
4868	350.7
4869	350.6
4870	350.5
4871	350.4
4872	350.5
4873	350.5
4874	350.5
4875	350.5
4876	350.5
4877	350.6
4878	350.6
4879	350.6
4880	350.6
4881	350.7
4882	350.8
4883	350.6
4884	350.6
4885	350.8
4886	350.7
4887	350.8
4888	350.8
4889	350.6
4890	350.6
4891	350.5
4892	350.5
4893	350.5
4894	350.4
4895	350.4
4896	350.6
4897	350.5
4898	350.5
4899	350.5
4900	350.5
4901	350.4
4902	350.4
4903	350.3
4904	350.4
4905	350.3
4906	350.2
4907	350
4908	350.1
4909	350.1
4910	350.1
4911	350
4912	350.2
4913	350.1
4914	350.1
4915	350.3
4916	350.2
4917	350.2
4918	350.1
4919	350.1
4920	350.1
4921	350.1
4922	350.1
4923	350.1
4924	349.8
4925	350.1
4926	349.9
4927	350
4928	350
4929	349.9
4930	349.9
4931	349.9
4932	349.9
4933	349.8
4934	349.8
4935	350
4936	349.9
4937	349.8
4938	349.9
4939	350
4940	350
4941	350
4942	350
4943	350.1
4944	350.1
4945	349.9
4946	350.1
4947	349.9
4948	350
4949	350.2
4950	350.3
4951	350.3
4952	350.2
4953	350.1
4954	350.3
4955	350.2
4956	350.3
4957	350.2
4958	350.1
4959	350.2
4960	350.3
4961	350.2
4962	350.1
4963	350.1
4964	350
4965	350.1
4966	350.1
4967	350
4968	350
4969	350.1
4970	350.1
4971	350.3
4972	350.2
4973	350.2
4974	349.8
4975	349.8
4976	349.9
4977	349.9
4978	350
4979	350
4980	350.1
4981	350.4
4982	350.4
4983	350.3
4984	349.4
4985	347.7
4986	346.6
4987	345.1
4988	343.2
4989	341.3
4990	340.7
4991	339.5
4992	338.9
4993	338.8
4994	338.7
4995	339.2
4996	339.8
4997	340.5
4998	340.8
4999	341.4
5000	342.1
5001	342.7
5002	342.8
5003	343.3
5004	344
5005	344.2
5006	344.6
5007	344.9
5008	345.3
5009	345.3
5010	345.6
5011	345.8
5012	346.3
5013	346.2
5014	346.5
5015	346.6
5016	346.9
5017	346.9
5018	347.1
5019	347.3
5020	347.3
5021	347.3
5022	347.4
5023	347.3
5024	347.4
5025	347.6
5026	347.6
5027	347.6
5028	347.6
5029	347.8
5030	347.7
5031	347.6
5032	347.7
5033	347.7
5034	347.7
5035	347.9
5036	347.9
5037	347.9
5038	348
5039	347.9
5040	347.9
5041	348
5042	348
5043	348.1
5044	348.2
5045	348.2
5046	348.3
5047	348.2
5048	348.2
5049	348.2
5050	348.4
5051	348.3
5052	348.2
5053	348.4
5054	348.2
5055	348.4
5056	348.1
5057	348.1
5058	348.1
5059	348.1
5060	348.2
5061	348.1
5062	348.2
5063	348.1
5064	348.1
5065	348.2
5066	348.1
5067	348.2
5068	348.1
5069	348.2
5070	348.1
5071	348.2
5072	348.1
5073	348.2
5074	348.2
5075	348.3
5076	348.5
5077	348.4
5078	348.5
5079	348.5
5080	348.6
5081	348.7
5082	348.5
5083	348.5
5084	348.5
5085	348.5
5086	348.5
5087	348.6
5088	348.7
5089	348.6
5090	348.5
5091	348.5
5092	348.5
5093	348.3
5094	348.5
5095	348.5
5096	348.5
5097	348.5
5098	348.3
5099	348.5
5100	348.4
5101	348.5
5102	348.4
5103	348.5
5104	348.5
5105	348.6
5106	348.6
5107	348.7
5108	348.6
5109	348.6
5110	348.5
5111	348.7
5112	348.5
5113	348.5
5114	348.5
5115	348.5
5116	348.6
5117	348.5
5118	348.6
5119	348.6
5120	348.7
5121	348.6
5122	348.5
5123	349.5
5124	349.5
5125	349.5
5126	348.8
5127	348.7
5128	348.6
5129	348.5
5130	348.8
5131	348.9
5132	348.9
5133	348.9
5134	348.9
5135	348.8
5136	348.9
5137	348.9
5138	348.7
5139	348.7
5140	348.6
5141	348.7
5142	348.7
5143	348.8
5144	348.8
5145	348.7
5146	348.7
5147	348.7
5148	348.5
5149	348.5
5150	348.9
5151	348.6
5152	348.8
5153	348.9
5154	348.9
5155	348.9
5156	348.9
5157	348.9
5158	348.7
5159	348.9
5160	348.8
5161	348.9
5162	348.9
5163	348.8
5164	348.9
5165	349.1
5166	349
5167	349
5168	349.2
5169	348.9
5170	348.9
5171	348.9
5172	348.9
5173	348.7
5174	348.6
5175	348.6
5176	348.7
5177	348.6
5178	348.6
5179	348.7
5180	348.6
5181	348.5
5182	348.5
5183	348.7
5184	348.6
5185	348.6
5186	348.6
5187	348.7
5188	348.7
5189	348.9
5190	348.9
5191	348.9
5192	348.7
5193	348.9
5194	348.9
5195	348.9
5196	349.1
5197	349
5198	350
5199	349.5
5200	349.1
5201	349.2
5202	349.2
5203	349.4
5204	349.2
5205	349.2
5206	349.1
5207	349.2
5208	349.2
5209	349
5210	349.1
5211	348.9
5212	349.1
5213	349.3
5214	349.2
5215	349.1
5216	349.2
5217	349.2
5218	349.5
5219	349.2
5220	349.2
5221	349.2
5222	349.3
5223	349.3
5224	349.2
5225	349.3
5226	349.3
5227	349.2
5228	349.2
5229	349.2
5230	349.2
5231	349.2
5232	349.2
5233	349.3
5234	349.2
5235	349.2
5236	349.2
5237	349.1
5238	349.2
5239	349
5240	348.9
5241	349
5242	348.9
5243	348.9
5244	349.2
5245	349
5246	348.8
5247	348.9
5248	348.8
5249	348.9
5250	349.1
5251	349
5252	349
5253	349
5254	349
5255	349
5256	349.2
5257	349
5258	349.1
5259	349
5260	348.9
5261	348.9
5262	349
5263	348.9
5264	348.9
5265	348.9
5266	348.8
5267	348.7
5268	348.7
5269	348.7
5270	348.8
5271	348.7
5272	348.8
5273	348.8
5274	348.7
5275	348.6
5276	348.7
5277	348.9
5278	348.9
5279	348.9
5280	349.2
5281	349.4
5282	349.7
5283	349.9
5284	349.8
5285	350.1
5286	350
5287	349.9
5288	349.9
5289	350.2
5290	350.1
5291	350.2
5292	350.1
5293	350
5294	349.8
5295	349.9
5296	349.8
5297	349.9
5298	350
5299	349.9
5300	349.9
5301	350.1
5302	350.1
5303	349.9
5304	350
5305	350
5306	350.1
5307	350.1
5308	350.1
5309	350.1
5310	350.1
5311	350
5312	350.1
5313	350.1
5314	350.1
5315	350
5316	349.9
5317	349.9
5318	350
5319	349.9
5320	349.7
5321	349.8
5322	349.8
5323	349.9
5324	349.8
5325	349.8
5326	349.9
5327	350
5328	350
5329	350
5330	350
5331	350
5332	350.1
5333	349.9
5334	349.9
5335	349.8
5336	349.8
5337	349.8
5338	349.8
5339	349.8
5340	349.8
5341	349.8
5342	349.8
5343	349.9
5344	349.9
5345	350.1
5346	349.8
5347	349.7
5348	349.8
5349	349.8
5350	349.8
5351	349.8
5352	349.8
5353	349.8
5354	349.8
5355	349.8
5356	349.7
5357	349.9
5358	349.8
5359	349.8
5360	349.7
5361	349.8
5362	349.6
5363	349.7
5364	349.7
5365	349.7
5366	349.9
5367	349.8
5368	349.8
5369	349.8
5370	349.8
5371	349.9
5372	350
5373	350
5374	350.1
5375	350.2
5376	350.1
5377	350
5378	350.1
5379	350
5380	350
5381	350.1
5382	349.8
5383	349.8
5384	349.9
5385	350
5386	349.8
5387	349.8
5388	349.5
5389	349.8
5390	349.6
5391	349.5
5392	349.6
5393	349.6
5394	349.7
5395	349.9
5396	349.9
5397	349.8
5398	349.8
5399	349.8
5400	349.7
5401	349.8
5402	349.6
5403	349.4
5404	349.5
5405	349.6
5406	349.8
5407	349.5
5408	349.5
5409	349.5
5410	349.8
5411	349.8
5412	349.8
5413	349.8
5414	349.8
5415	349.8
5416	349.9
5417	349.8
5418	349.9
5419	349.8
5420	349.8
5421	349.8
5422	350.1
5423	349.9
5424	349.6
5425	349.8
5426	349.7
5427	349.8
5428	349.8
5429	350.1
5430	350
5431	349.9
5432	349.8
5433	349.8
5434	349.8
5435	349.9
5436	349.9
5437	350.1
5438	350.1
5439	349.8
5440	349.8
5441	349.5
5442	349.7
5443	349.6
5444	349.5
5445	349.5
5446	349.3
5447	349.1
5448	348.9
5449	349
5450	349.2
5451	349.2
5452	349.2
5453	349.5
5454	349.8
5455	349.5
5456	349.2
5457	348.5
5458	347.9
5459	346.6
5460	345
5461	343.2
5462	342.1
5463	340.1
5464	338.6
5465	338
5466	337
5467	337.3
5468	337.6
5469	337.8
5470	338.2
5471	338.9
5472	339.6
5473	340
5474	340.9
5475	341.8
5476	342.9
5477	342.7
5478	343.4
5479	343.7
5480	344
5481	344.3
5482	344.8
5483	345
5484	346
5485	346.2
5486	346.2
5487	346.6
5488	345.9
5489	346.5
5490	346.5
5491	347
5492	347.1
5493	347.1
5494	346.2
5495	347
5496	346.7
5497	346.4
5498	347.2
5499	347.2
5500	346.9
5501	347.2
5502	347.3
5503	346.9
5504	347.5
5505	347.3
5506	347.3
5507	347.1
5508	347.5
5509	346.9
5510	347
5511	346.6
5512	346.6
5513	346.5
5514	346.5
5515	346.7
5516	346.9
5517	346.9
5518	346.9
5519	346.9
5520	346.9
5521	346.7
5522	346.9
5523	346.9
5524	346.8
5525	346.9
5526	346.8
5527	346.7
5528	346.8
5529	346.9
5530	346.9
5531	346.9
5532	349.5
5533	348.9
5534	348.8
5535	348.5
5536	348.2
5537	348.2
5538	348.1
5539	348.1
5540	348.1
5541	348
5542	348.1
5543	347.9
5544	348.1
5545	348.1
5546	348
5547	348.1
5548	348.1
5549	348.2
5550	348.2
5551	348.2
5552	348.2
5553	348.1
5554	348.2
5555	348.2
5556	348.1
5557	348.1
5558	348.2
5559	348.2
5560	348.2
5561	348.2
5562	348.2
5563	348.3
5564	348.4
5565	348.3
5566	348.3
5567	348.4
5568	348.3
5569	348.2
5570	348.5
5571	348.3
5572	348.3
5573	348.4
5574	348.2
5575	348.2
5576	348.2
5577	348.2
5578	348.1
5579	348
5580	348.2
5581	348.1
5582	348
5583	347.9
5584	347.9
5585	347.9
5586	348.1
5587	348.1
5588	348.2
5589	348.1
5590	348
5591	347.9
5592	347.9
5593	348
5594	348
5595	347.9
5596	347.9
5597	347.9
5598	347.9
5599	347.8
5600	347.8
5601	347.9
5602	347.9
5603	347.9
5604	347.8
5605	347.9
5606	347.8
5607	347.9
5608	347.8
5609	347.7
5610	347.8
5611	347.9
5612	347.7
5613	347.9
5614	347.9
5615	347.8
5616	347.9
5617	347.9
5618	348
5619	347.9
5620	348
5621	347.8
5622	347.9
5623	348.1
5624	348
5625	348
5626	348.1
5627	348.2
5628	348.2
5629	348.2
5630	348
5631	348.1
5632	348.1
5633	348.2
5634	348.2
5635	348.2
5636	348.1
5637	348
5638	348.1
5639	348.1
5640	348.1
5641	348.2
5642	348.1
5643	348.1
5644	347.9
5645	348.1
5646	348
5647	348.1
5648	348.2
5649	348
5650	348.2
5651	348.1
5652	348.1
5653	348.1
5654	348.2
5655	348.2
5656	348.1
5657	348.2
5658	348.1
5659	348
5660	348.1
5661	348.2
5662	348.1
5663	348.1
5664	348.1
5665	348
5666	348.1
5667	348
5668	348
5669	347.9
5670	347.9
5671	348.2
5672	348.1
5673	348.1
5674	348
5675	348.1
5676	348.1
5677	348.1
5678	348.1
5679	348.1
5680	348
5681	347.9
5682	347.9
5683	347.9
5684	347.9
5685	347.9
5686	348.2
5687	348.2
5688	348.2
5689	348.3
5690	348.2
5691	348.1
5692	348
5693	348.3
5694	348
5695	348.1
5696	348
5697	347.9
5698	348
5699	348.1
5700	347.9
5701	347.9
5702	347.9
5703	347.9
5704	347.9
5705	348.1
5706	347.9
5707	348.1
5708	348
5709	348
5710	348.1
5711	348.2
5712	348.1
5713	348.1
5714	347.9
5715	348.2
5716	348.2
5717	348.1
5718	348.1
5719	348
5720	348
5721	348.2
5722	348.1
5723	348.3
5724	348.2
5725	348.2
5726	348.2
5727	348.3
5728	348.2
5729	348.2
5730	348.2
5731	348.2
5732	348.2
5733	348.2
5734	348.2
5735	348.2
5736	348.1
5737	348.2
5738	348.1
5739	348.2
5740	348.2
5741	348.2
5742	348
5743	348.2
5744	348.4
5745	348.2
5746	348
5747	348
5748	347.9
5749	348
5750	348.2
5751	348.2
5752	348.2
5753	348.2
5754	348.3
5755	348.2
5756	348.5
5757	348.5
5758	348.7
5759	348.9
5760	348.9
5761	349.2
5762	349.1
5763	349.1
5764	349.2
5765	349
5766	349.1
5767	349.2
5768	349.1
5769	349.1
5770	349
5771	349
5772	349
5773	348.9
5774	348.8
5775	348.8
5776	348.8
5777	348.7
5778	348.8
5779	349
5780	349
5781	349.1
5782	349.2
5783	349.1
5784	349.1
5785	349.2
5786	348.9
5787	348.9
5788	348.9
5789	349
5790	348.9
5791	348.8
5792	349
5793	348.9
5794	348.9
5795	348.8
5796	348.8
5797	348.8
5798	348.8
5799	348.9
5800	348.9
5801	348.8
5802	348.6
5803	348.7
5804	348.9
5805	348.9
5806	348.9
5807	348.9
5808	348.8
5809	348.8
5810	348.9
5811	348.9
5812	349
5813	348.9
5814	349.1
5815	349
5816	348.9
5817	349
5818	349.1
5819	348.9
5820	349.2
5821	349.1
5822	349
5823	349.1
5824	349
5825	349.2
5826	349.1
5827	349.1
5828	349.1
5829	349
5830	349.1
5831	349.1
5832	349.2
5833	349.2
5834	349.1
5835	349.1
5836	349.1
5837	349.1
5838	349.1
5839	349
5840	349
5841	349
5842	349
5843	348.9
5844	348.9
5845	348.9
5846	348.8
5847	348.8
5848	348.9
5849	348.8
5850	348.8
5851	348.9
5852	348.9
5853	348.9
5854	348.8
5855	348.8
5856	348.9
5857	348.9
5858	348.9
5859	348.9
5860	348.9
5861	348.7
5862	349.1
5863	349.1
5864	349
5865	348.9
5866	349
5867	349.1
5868	349.1
5869	349
5870	348.9
5871	348.8
5872	348.7
5873	348.8
5874	348.7
5875	348.8
5876	348.9
5877	348.9
5878	348.8
5879	348.7
5880	348.8
5881	348.8
5882	348.8
5883	348.8
5884	348.7
5885	348.8
5886	348.9
5887	348.9
5888	348.9
5889	348.9
5890	349
5891	348.9
5892	348.9
5893	348.9
5894	348.7
5895	348.7
5896	349
5897	348.9
5898	348.9
5899	349.1
5900	348.9
5901	348.9
5902	348.9
5903	348.9
5904	348.8
5905	348.8
5906	348.9
5907	348.8
5908	348.9
5909	348.9
5910	348.9
5911	348.8
5912	349
5913	348.9
5914	348.9
5915	348.9
5916	348.9
5917	349
5918	349.1
5919	349.1
5920	348.9
5921	348.7
5922	348.8
5923	348.9
5924	348.9
5925	348.8
5926	348.9
5927	349.1
5928	349.2
5929	349.5
5930	349.5
5931	348.5
5932	346.8
5933	345.5
5934	343.4
5935	341.5
5936	339.8
5937	339
5938	338.2
5939	337.8
5940	337.8
5941	337.9
5942	338.5
5943	339
5944	339.6
5945	340
5946	340.3
5947	340.8
5948	341.1
5949	341.4
5950	341.8
5951	342.1
5952	342.5
5953	343
5954	343.4
5955	343.7
5956	343.8
5957	344.4
5958	344.6
5959	344.7
5960	344.7
5961	345.2
5962	345.5
5963	345.5
5964	345.6
5965	345.7
5966	345.9
5967	346.1
5968	346.3
5969	346.3
5970	346.4
5971	346.5
5972	346.6
5973	346.7
5974	346.6
5975	346.6
5976	346.6
5977	346.6
5978	346.7
5979	346.8
5980	346.7
5981	346.8
5982	346.7
5983	346.9
5984	346.7
5985	346.8
5986	346.8
5987	346.9
5988	346.9
5989	347.1
5990	347.2
5991	347.2
5992	347.3
5993	347.2
5994	347.3
5995	347
5996	347.1
5997	347.2
5998	347.2
5999	347.2
6000	347.3
6001	347.5
6002	347.4
6003	347.3
6004	347.4
6005	347.3
6006	347.6
6007	347.5
6008	347.6
6009	347.6
6010	347.6
6011	347.6
6012	347.7
6013	347.7
6014	347.8
6015	347.6
6016	347.8
6017	347.7
6018	347.7
6019	347.8
6020	347.9
6021	347.8
6022	347.8
6023	347.9
6024	347.8
6025	347.8
6026	347.9
6027	347.8
6028	347.8
6029	347.8
6030	347.8
6031	347.7
6032	347.7
6033	347.8
6034	347.6
6035	347.6
6036	347.6
6037	347.8
6038	347.7
6039	347.7
6040	347.7
6041	347.7
6042	347.6
6043	347.6
6044	347.6
6045	347.6
6046	347.5
6047	347.6
6048	347.7
6049	347.8
6050	347.7
6051	347.8
6052	347.6
6053	347.7
6054	347.7
6055	347.7
6056	347.6
6057	347.7
6058	347.7
6059	347.7
6060	347.7
6061	347.7
6062	347.8
6063	347.8
6064	347.8
6065	347.8
6066	347.6
6067	347.6
6068	347.7
6069	347.6
6070	347.6
6071	347.6
6072	347.7
6073	347.7
6074	347.9
6075	347.9
6076	347.9
6077	347.9
6078	347.9
6079	347.9
6080	347.9
6081	347.9
6082	347.9
6083	347.9
6084	347.9
6085	347.8
6086	347.8
6087	347.9
6088	347.9
6089	347.8
6090	347.9
6091	347.8
6092	347.7
6093	348
6094	347.9
6095	347.9
6096	347.9
6097	347.8
6098	347.9
6099	347.9
6100	347.9
6101	347.8
6102	347.7
6103	347.7
6104	347.7
6105	347.8
6106	347.7
6107	347.8
6108	347.8
6109	347.9
6110	347.9
6111	347.9
6112	347.8
6113	347.8
6114	347.9
6115	347.9
6116	347.8
6117	347.9
6118	347.8
6119	347.8
6120	347.9
6121	347.7
6122	347.7
6123	347.9
6124	347.8
6125	347.9
6126	347.9
6127	347.6
6128	347.7
6129	347.8
6130	347.7
6131	347.7
6132	347.8
6133	347.8
6134	347.9
6135	347.9
6136	347.9
6137	347.9
6138	347.8
6139	348
6140	347.9
6141	347.9
6142	347.7
6143	347.7
6144	347.9
6145	347.9
6146	347.8
6147	347.7
6148	347.9
6149	347.7
6150	347.7
6151	347.8
6152	347.7
6153	347.8
6154	347.8
6155	347.8
6156	347.8
6157	347.8
6158	347.8
6159	347.8
6160	347.8
6161	347.9
6162	347.9
6163	347.9
6164	347.9
6165	347.7
6166	347.8
6167	347.8
6168	347.8
6169	347.9
6170	347.7
6171	347.6
6172	347.6
6173	347.7
6174	347.7
6175	347.6
6176	347.7
6177	347.7
6178	347.8
6179	347.8
6180	347.8
6181	347.7
6182	347.7
6183	347.6
6184	347.6
6185	347.7
6186	347.8
6187	347.7
6188	347.6
6189	347.6
6190	347.6
6191	347.6
6192	347.7
6193	347.5
6194	347.6
6195	347.7
6196	347.7
6197	347.6
6198	347.8
6199	347.7
6200	347.8
6201	347.6
6202	347.8
6203	347.6
6204	347.7
6205	347.9
6206	347.8
6207	347.7
6208	347.7
6209	347.7
6210	347.8
6211	347.8
6212	347.7
6213	347.6
6214	347.6
6215	347.8
6216	347.8
6217	347.9
6218	347.6
6219	347.6
6220	347.4
6221	347.6
6222	347.7
6223	347.7
6224	347.6
6225	347.7
6226	347.7
6227	347.9
6228	348.1
6229	348.1
6230	348.1
6231	348.2
6232	348.3
6233	348.3
6234	348.3
6235	348.6
6236	348.6
6237	348.8
6238	348.7
6239	348.9
6240	348.9
6241	348.9
6242	348.9
6243	348.9
6244	348.9
6245	348.7
6246	348.7
6247	348.7
6248	348.5
6249	348.5
6250	348.8
6251	348.7
6252	348.5
6253	348.5
6254	348.5
6255	348.5
6256	348.6
6257	348.6
6258	348.6
6259	348.7
6260	348.6
6261	348.5
6262	348.5
6263	348.2
6264	348.4
6265	348.2
6266	348.2
6267	348.2
6268	348.4
6269	348.4
6270	348.4
6271	348.5
6272	348.5
6273	348.5
6274	348.7
6275	348.6
6276	348.5
6277	348.5
6278	348.5
6279	348.7
6280	348.6
6281	348.6
6282	348.6
6283	348.6
6284	348.8
6285	348.6
6286	348.7
6287	348.5
6288	348.4
6289	348.4
6290	348.3
6291	348.3
6292	348.4
6293	348.4
6294	348.6
6295	348.5
6296	348.6
6297	348.5
6298	348.5
6299	348.5
6300	348.4
6301	348.5
6302	348.3
6303	348.3
6304	348.2
6305	348.4
6306	348.4
6307	348.5
6308	348.5
6309	348.4
6310	348.5
6311	348.4
6312	348.5
6313	348.5
6314	348.6
6315	348.5
6316	348.5
6317	348.8
6318	348.5
6319	348.5
6320	348.5
6321	348.5
6322	348.5
6323	348.6
6324	348.5
6325	348.3
6326	348.2
6327	348.3
6328	348.4
6329	348.4
6330	348.4
6331	348.4
6332	348.4
6333	348.2
6334	348.2
6335	348.4
6336	348.3
6337	348.5
6338	348.3
6339	348.4
6340	348.5
6341	348.5
6342	348.4
6343	348.5
6344	348.5
6345	348.5
6346	348.3
6347	348.5
6348	348.5
6349	348.5
6350	348.4
6351	348.5
6352	348.5
6353	348.4
6354	348.5
6355	348.4
6356	348.5
6357	348.5
6358	348.5
6359	348.5
6360	348.5
6361	348.3
6362	348.5
6363	348.5
6364	348.5
6365	348.6
6366	348.6
6367	348.5
6368	348.5
6369	348.3
6370	348.4
6371	348.5
6372	348.5
6373	348.5
6374	348.5
6375	348.5
6376	348.5
6377	348.5
6378	348.5
6379	348.5
6380	348.4
6381	348.7
6382	348.5
6383	348.7
6384	348.6
6385	348.5
6386	348.7
6387	348.7
6388	348.8
6389	348.7
6390	348.7
6391	348.7
6392	348.7
6393	348.7
6394	348.5
6395	348.5
6396	348.5
6397	348.5
6398	348.5
6399	348.5
6400	348.6
6401	348.7
6402	348.7
6403	348.4
6404	347.7
6405	347.3
6406	345.6
6407	343.5
6408	342.2
6409	340.1
6410	338.5
6411	337.3
6412	337.2
6413	337
6414	337
6415	337.4
6416	337.6
6417	338.4
6418	338.9
6419	339.7
6420	339.8
6421	340.5
6422	341.1
6423	341.7
6424	341.9
6425	342.4
6426	342.7
6427	343.2
6428	343.4
6429	343.8
6430	344
6431	344
6432	344.3
6433	344.6
6434	344.7
6435	344.7
6436	344.8
6437	345
6438	345.2
6439	345.3
6440	345.4
6441	345.3
6442	345.5
6443	345.5
6444	345.4
6445	345.5
6446	345.7
6447	345.5
6448	345.6
6449	345.6
6450	345.7
6451	345.8
6452	346
6453	346
6454	345.9
6455	346
6456	346.2
6457	346
6458	346
6459	346.1
6460	346
6461	346.2
6462	346.1
6463	346
6464	346
6465	346.1
6466	346
6467	346.1
6468	346
6469	346
6470	346.1
6471	346.3
6472	346.2
6473	346.1
6474	346.1
6475	346.2
6476	346
6477	346.3
6478	346.2
6479	346.3
6480	346.5
6481	346.3
6482	346.3
6483	346.2
6484	346.3
6485	346.5
6486	346.5
6487	346.4
6488	346.3
6489	346.5
6490	346.3
6491	346.4
6492	346.6
6493	346.5
6494	346.6
6495	346.6
6496	346.5
6497	346.5
6498	346.3
6499	346.3
6500	346.3
6501	346.4
6502	346.4
6503	346.3
6504	346.3
6505	346.3
6506	346.3
6507	346.4
6508	346.5
6509	346.4
6510	346.3
6511	346.3
6512	346.4
6513	346.3
6514	346.4
6515	346.3
6516	346.3
6517	346.5
6518	346.3
6519	346.4
6520	346.4
6521	346.4
6522	346.3
6523	346.3
6524	346.3
6525	346.4
6526	346.3
6527	346.3
6528	346.3
6529	346.2
6530	346.3
6531	346.4
6532	346.2
6533	346.3
6534	346.3
6535	346.2
6536	346.3
6537	346.3
6538	346.2
6539	346.3
6540	346.3
6541	346.2
6542	346.3
6543	346.3
6544	346.4
6545	346.3
6546	346.4
6547	346.3
6548	346.3
6549	346.2
6550	346.3
6551	346.4
6552	346.2
6553	346.3
6554	346.3
6555	346.4
6556	346.3
6557	346.5
6558	346.3
6559	346.3
6560	346.6
6561	346.4
6562	346.4
6563	346.4
6564	346.3
6565	346.5
6566	346.3
6567	346.5
6568	346.5
6569	346.5
6570	346.5
6571	346.6
6572	346.4
6573	346.5
6574	346.4
6575	346.5
6576	346.6
6577	346.6
6578	346.5
6579	346.6
6580	346.6
6581	346.6
6582	346.8
6583	346.6
6584	346.6
6585	346.6
6586	346.7
6587	346.6
6588	346.6
6589	346.6
6590	346.6
6591	346.5
6592	346.6
6593	346.6
6594	346.6
6595	346.6
6596	346.5
6597	346.6
6598	346.6
6599	346.6
6600	346.6
6601	346.6
6602	346.8