1	62.41999817
2	62
3	62.47999954
4	62.18000031
5	62.20999908
6	62.5
7	62.34999847
8	62.18000031
9	61.99000168
10	61.84999847
11	62.11999893
12	62.22999954
13	62.61999893
14	62.54000092
15	62.40999985
16	62.04000092
17	61.84999847
18	61.90999985
19	62.11999893
20	62.43999863
21	62.5
22	62.02000046
23	61.75999832
24	61.65999985
25	62.13999939
26	61.81000137
27	61.86999893
28	62.02000046
29	62.47999954
30	61.97000122
31	61.70000076
32	61.68000031
33	61.95000076
34	61.90999985
35	62.29000092
36	62.40999985
37	62.40999985
38	62.33000183
39	61.83000183
40	62.25
41	62.25
42	62.79000092
43	61.97000122
44	62.20999908
45	62.52000046
46	62.18000031
47	62.06000137
48	61.65999985
49	61.74000168
50	61.93000031
51	61.93000031
52	62.33000183
53	62.06000137
54	62
55	61.93000031
56	61.88999939
57	61.90999985
58	62.29000092
59	62.20000076
60	62.20000076
61	62.33000183
62	62.41999817
63	62.33000183
64	62.22999954
65	61.88999939
66	62.20000076
67	62.09999847
68	61.83000183
69	62.09999847
70	62.18000031
71	61.86999893
72	62.09999847
73	61.99000168
74	61.83000183
75	62.31000137
76	62.29000092
77	62.27000046
78	62.29000092
79	61.90999985
80	62.09999847
81	62.34999847
82	61.90999985
83	62.09999847
84	62.34999847
85	62.47999954
86	62.58000183
87	62.36999893
88	62.06000137
89	62.38999939
90	62.36999893
91	62.75
92	62.95999908
93	62.47999954
94	62.5
95	62.65000153
96	62.47999954
97	62.77000046
98	62.93999863
99	63
100	62.5
101	62.68999863
102	63.04999924
103	62.79000092
104	62.81999969
105	63.16999817
106	62.97999954
107	63.61000061
108	62.81000137
109	62.88000107
110	63.22999954
111	63.41999817
112	63.34000015
113	63.68000031
114	63.99000168
115	63.22999954
116	63.36000061
117	63.68000031
118	63.70000076
119	63.84000015
120	63.90999985
121	64.30999756
122	63.41999817
123	63.72000122
124	63.54999924
125	63.93000031
126	64.5
127	64.22000122
128	64.29000092
129	63.65000153
130	63.99000168
131	64.05000305
132	63.68000031
133	64.38999939
134	63.99000168
135	64.51999664
136	63.95000076
137	63.56999969
138	63.84000015
139	63.61000061
140	64.55999756
141	63.75999832
142	63.68000031
143	64.13999939
144	64.33000183
145	63.56999969
146	63.95000076
147	63.84999847
148	63.49000168
149	63.70000076
150	64.13999939
151	63.99000168
152	64.22000122
153	63.86999893
154	63.54999924
155	63.86999893
156	63.95000076
157	63.47000122
158	63.86999893
159	63.54999924
160	63.81999969
161	63.59000015
162	64.05000305
163	63.99000168
164	63.52999878
165	63.59000015
166	63.72000122
167	63.99000168
168	63.95000076
169	64.18000031
170	64.30999756
171	63.59000015
172	63.93000031
173	63.61000061
174	63.61000061
175	63.45000076
176	63.70000076
177	63.70000076
178	63.99000168
179	63.77999878
180	64.05999756
181	63.81999969
182	63.45000076
183	63.65000153
184	63.49000168
185	63.38000107
186	63.75999832
187	63.88999939
188	63.95000076
189	63.88999939
190	64.26000214
191	63.77999878
192	63.70000076
193	63.34000015
194	63.74000168
195	63.36000061
196	63.86999893
197	63.70000076
198	63.90999985
199	63.88999939
200	64.22000122
201	63.50999832
202	64.12000275
203	64.37000275
204	63.72000122
205	63.88999939
206	63.88999939
207	63.90999985
208	64.33000183
209	64.13999939
210	64.08000183
211	64.34999847
212	63.97000122
213	63.61000061
214	63.65999985
215	63.63000107
216	63.22999954
217	63.38000107
218	63.56999969
219	63.65999985
220	63.79999924
221	63.88999939
222	64.01000214
223	63.90999985
224	64.16000366
225	64.19999695
226	63.74000168
227	63.40000153
228	63.36000061
229	63.74000168
230	63.52999878
231	63.79999924
232	63.75999832
233	64.22000122
234	63.79999924
235	63.84999847
236	63.72000122
237	63.72000122
238	63.93000031
239	63.54999924
240	63.54999924
241	63.77999878
242	64.05000305
243	63.72000122
244	63.70000076
245	63.50999832
246	64.12000275
247	63.81999969
248	64.13999939
249	64.09999847
250	63.50999832
251	63.65000153
252	63.59000015
253	63.45000076
254	63.95000076
255	64.01000214
256	64.12000275
257	64.43000031
258	63.43999863
259	63.38000107
260	63.40000153
261	63.63000107
262	63.90999985
263	63.54999924
264	63
265	63.24000168
266	63.41999817
267	63.90999985
268	63.56999969
269	63.18999863
270	63.41999817
271	63.41999817
272	63.29999924
273	63.38000107
274	63.04999924
275	63.43999863
276	63.13000107
277	62.97999954
278	62.84000015
279	62.68999863
280	62.54000092
281	62.63000107
282	62.40999985
283	61.95000076
284	62
285	61.63999939
286	61.49000168
287	60.90000153
288	60.93999863
289	60.63000107
290	60.47999954
291	60.29000092
292	59.93000031
293	60.16999817
294	59.63999939
295	59.72999954
296	59.77000046
297	59.77000046
298	59.79000092
299	60.13999939
300	59.95999908
301	59.40999985
302	59.77000046
303	59.86999893
304	60.31000137
305	60.34999847
306	59.88999939
307	60.43999863
308	60.43999863
309	60.70999908
310	60.77999878
311	60.15000153
312	60.36000061
313	60.68999863
314	60.88000107
315	61.15000153
316	60.29000092
317	60.70999908
318	61.06999969
319	61.06999969
320	60.75
321	60.75
322	60.95999908
323	60.88000107
324	61.22000122
325	60.70999908
326	61.25999832
327	61.40999985
328	61.45000076
329	61.18000031
330	61.47000122
331	61.52999878
332	61.29999924
333	61.63999939
334	61.36000061
335	61.56999969
336	61.27999878
337	61.25999832
338	61.06999969
339	61.38000107
340	61.27999878
341	61.59000015
342	61.27999878
343	61.27999878
344	61.88999939
345	61.49000168
346	61.72000122
347	61.34000015
348	61.99000168
349	61.59000015
350	61.84999847
351	61.34000015
352	62
353	61.52999878
354	61.47000122
355	61.77999878
356	61.99000168
357	61.25999832
358	61.81000137
359	61.97000122
360	61.97000122
361	61.59000015
362	61.84999847
363	61.74000168
364	61.49000168
365	61.70000076
366	62.09999847
367	61.70000076
368	62.02000046
369	62.08000183
370	61.27999878
371	62.08000183
372	61.68000031
373	61.97000122
374	62
375	62.29000092
376	61.74000168
377	61.74000168
378	61.95000076
379	61.65999985
380	61.70000076
381	61.84999847
382	61.38999939
383	61.74000168
384	61.79000092
385	61.75999832
386	62
387	62.08000183
388	62.13999939
389	61.95000076
390	61.68000031
391	62.11999893
392	61.88999939
393	61.45000076
394	61.95000076
395	61.83000183
396	61.95000076
397	61.75999832
398	62.09999847
399	62.25
400	61.79000092
401	61.88999939
402	61.93000031
403	62.02000046
404	61.74000168
405	61.47000122
406	61.88999939
407	61.84999847
408	62.36999893
409	62.06000137
410	61.65999985
411	62.04000092
412	62.11999893
413	61.88999939
414	62.52000046
415	61.99000168
416	61.61999893
417	61.99000168
418	61.99000168
419	62.09999847
420	62.20999908
421	62.25
422	61.81000137
423	61.74000168
424	62.04000092
425	61.72000122
426	61.93000031
427	61.93000031
428	61.90999985
429	61.47000122
430	61.27999878
431	61.59000015
432	61.49000168
433	61.20000076
434	61.04999924
435	61.18000031
436	61.09000015
437	61.36000061
438	61.00999832
439	61.38999939
440	61.18000031
441	61.45000076
442	61.70000076
443	61.83000183
444	61.65999985
445	61.68000031
446	62.20000076
447	61.59999847
448	61.97000122
449	61.52999878
450	61.31999969
451	61.84999847
452	61.72000122
453	61.83000183
454	62.20000076
455	62.04000092
456	62.08000183
457	61.97000122
458	61.95000076
459	62.11999893
460	62.54000092
461	62.22999954
462	62.09999847
463	62.09999847
464	62.27000046
465	62.06000137
466	62.11999893
467	62.18000031
468	62.04000092
469	61.83000183
470	61.86999893
471	61.70000076
472	62.13999939
473	61.75999832
474	61.59000015
475	61.81000137
476	62.15999985
477	61.86999893
478	62.43999863
479	61.93000031
480	61.97000122
481	62
482	62.40999985
483	62
484	62.63000107
485	62.11999893
486	62.29000092
487	62.02000046
488	61.54999924
489	62
490	61.83000183
491	62
492	61.74000168
493	62.02000046
494	62.11999893
495	62
496	61.86999893
497	62.09999847
498	62.47999954
499	62.31000137
500	62.13999939
501	61.83000183
502	61.59000015
503	61.54999924
504	61.77999878
505	62.11999893
506	62.02000046
507	61.93000031
508	61.65999985
509	61.61999893
510	62.18000031
511	62.13999939
512	62.36999893
513	62.36999893
514	61.83000183
515	62.13999939
516	61.93000031
517	61.50999832
518	61.47000122
519	61.97000122
520	61.77999878
521	62.31000137
522	62.20999908
523	62.04000092
524	62.38999939
525	62.20000076
526	62.47999954
527	62.36999893
528	61.45000076
529	61.09000015
530	61.36000061
531	61.15000153
532	61.00999832
533	60.99000168
534	60.93999863
535	60.75
536	60.72999954
537	61.11000061
538	60.97000122
539	61.16999817
540	61.36000061
541	61.93000031
542	61.70000076
543	62.41999817
544	61.49000168
545	61.70000076
546	61.20000076
547	61.84999847
548	61.75999832
549	62.25
550	61.90999985
551	62.25
552	62.13999939
553	61.83000183
554	62.04000092
555	61.74000168
556	62.04000092
557	62.08000183
558	62.36999893
559	61.86999893
560	62
561	61.86999893
562	61.86999893
563	62.18000031
564	62.31000137
565	62.33000183
566	62.08000183
567	61.93000031
568	62.31000137
569	62.41999817
570	62.25
571	62.88000107
572	62.54000092
573	62.34999847
574	62.22999954
575	62.81999969
576	62.97999954
577	62.81000137
578	63.24000168
579	62.45999908
580	62.93999863
581	63
582	62.77000046
583	62.81999969
584	63.36000061
585	63.15000153
586	62.72999954
587	62.95999908
588	62.91999817
589	63.81999969
590	63.38000107
591	63.22999954
592	63.41999817
593	63.31999969
594	63.50999832
595	63.52999878
596	63.24000168
597	63.90999985
598	63.49000168
599	63.27999878
600	63.34000015
601	63.11000061
602	63.54999924
603	63.61000061
604	64.18000031
605	63.70000076
606	63.41999817
607	63.40000153
608	63.09000015
609	63.49000168
610	63.49000168
611	63.49000168
612	63.75999832
613	63.52999878
614	63.52999878
615	63.65000153
616	63.52999878
617	63.86999893
618	63.22999954
619	63.59000015
620	63.56999969
621	63.63000107
622	63.81999969
623	63.95000076
624	63.45000076
625	63.38000107
626	63.02000046
627	63.63000107
628	63.09000015
629	63.18999863
630	63.59000015
631	64.09999847
632	63.74000168
633	63.49000168
634	63.74000168
635	63.59000015
636	63.65999985
637	63.29999924
638	63.59000015
639	63.20999908
640	63.41999817
641	63.84999847
642	63.38000107
643	63.29999924
644	63.59000015
645	63.65000153
646	63.84000015
647	63.43999863
648	63.70000076
649	63.41999817
650	63.84999847
651	63.84999847
652	63.24000168
653	63.43999863
654	63.97000122
655	64.19999695
656	64.01000214
657	63.84000015
658	63.61000061
659	63.27999878
660	63.56999969
661	63.47000122
662	63.04999924
663	63.16999817
664	63.65000153
665	63.50999832
666	63.24000168
667	64.18000031
668	63.72000122
669	63.88999939
670	63.54999924
671	63.79999924
672	63.20999908
673	63.31999969
674	63.38000107
675	63.56999969
676	63.54999924
677	63.22999954
678	63.47000122
679	64.02999878
680	63.45000076
681	63.90999985
682	63.65000153
683	63.29999924
684	63.72000122
685	63.45000076
686	63.99000168
687	63.72000122
688	63.36000061
689	63.70000076
690	63.45000076
691	63.77999878
692	63.70000076
693	63.34000015
694	63.49000168
695	63.31999969
696	63.47000122
697	63.27999878
698	63.50999832
699	63.84999847
700	63.93000031
701	63.75999832
702	63.56999969
703	63.20999908
704	62.54000092
705	63.27999878
706	62.84000015
707	62.93999863
708	63.27999878
709	63.54999924
710	63.41999817
711	63.84000015
712	63.13000107
713	64.09999847
714	64.12000275
715	63.47000122
716	63.84000015
717	63.27999878
718	63.22999954
719	63.41999817
720	63.38000107
721	63.20999908
722	63.70000076
723	63.31999969
724	63.79999924
725	63.70000076
726	63.56999969
727	63.88999939
728	63.79999924
729	63.47000122
730	63.95000076
731	63.65999985
732	63.74000168
733	63.36000061
734	63.95000076
735	63.34000015
736	63.36000061
737	63.04999924
738	63.09000015
739	63.63000107
740	63.36000061
741	63.24000168
742	62.95999908
743	63.04999924
744	63.06999969
745	63.20999908
746	63.52999878
747	63.25999832
748	63.06999969
749	63.16999817
750	63.65000153
751	63.74000168
752	63.34000015
753	62.86000061
754	63.02999878
755	62.18000031
756	61.90999985
757	61.99000168
758	61.25999832
759	61.27999878
760	61.09000015
761	60.86000061
762	60.45999908
763	59.72000122
764	60
765	59.49000168
766	59.38999939
767	59.34999847
768	59.11000061
769	59.63999939
770	59.40999985
771	59.83000183
772	59.54000092
773	59.50999832
774	59.33000183
775	59.22000122
776	59.90999985
777	59.59999847
778	59.54000092
779	59.63999939
780	59.93000031
781	59.77000046
782	60.04000092
783	59.56000137
784	59.72000122
785	60.52000046
786	60.09999847
787	60.27000046
788	60.13999939
789	60.09999847
790	60.56999969
791	60.09999847
792	60.52000046
793	60.5
794	60.81999969
795	60.66999817
796	61.31999969
797	61.22000122
798	61.00999832
799	61.25999832
800	61.25999832
801	61.70000076
802	61.09000015
803	61.97000122
804	61.56999969
805	61.09000015
806	60.91999817
807	61.13000107
808	61.13000107
809	60.91999817
810	60.70999908
811	61.09000015
812	61.72000122
813	61.02999878
814	61.65999985
815	61.04999924
816	61.31999969
817	61.25999832
818	61.22000122
819	61.72000122
820	61.59000015
821	61.63999939
822	61.77999878
823	61.79000092
824	61.95000076
825	61.70000076
826	61.09000015
827	61.63999939
828	61.11000061
829	61.31999969
830	61.36000061
831	61.88999939
832	61.54999924
833	61.20000076
834	61.84999847
835	62
836	61.70000076
837	61.90999985
838	61.77999878
839	61.43000031
840	61.88999939
841	62.09999847
842	61.72000122
843	61.25999832
844	61.72000122
845	61.31999969
846	61.65999985
847	61.70000076
848	61.79000092
849	61.83000183
850	61.79000092
851	62.25
852	62.29000092
853	62.09999847
854	61.47000122
855	61.61999893
856	61.75999832
857	61.49000168
858	62.04000092
859	61.40999985
860	61.70000076
861	61.99000168
862	61.81000137
863	62.31000137
864	61.83000183
865	62.40999985
866	61.75999832
867	61.79000092
868	61.75999832
869	61.90999985
870	62.02000046
871	61.75999832
872	61.74000168
873	61.90999985
874	61.36000061
875	61.75999832
876	61.70000076
877	61.59999847
878	61.79000092
879	61.84999847
880	61.65999985
881	62.22999954
882	62.54000092
883	61.49000168
884	61.50999832
885	61.79000092
886	62.20999908
887	61.49000168
888	62
889	62.47999954
890	62.13999939
891	62.09999847
892	61.77999878
893	61.86999893
894	61.68000031
895	61.83000183
896	61.22000122
897	61.77999878
898	61.22000122
899	61.38000107
900	61.18000031
901	61.49000168
902	61.61999893
903	61.34000015
904	62.04000092
905	61.90999985
906	61.81000137
907	61.81000137
908	61.52999878
909	62.06000137
910	61.70000076
911	62.20999908
912	61.90999985
913	62
914	61.68000031
915	61.83000183
916	61.99000168
917	61.63999939
918	62.81000137
919	61.75999832
920	62.41999817
921	62.02000046
922	61.31999969
923	61.81000137
924	61.75999832
925	62.06000137
926	62.11999893
927	62.70999908
928	61.95000076
929	61.68000031
930	61.63999939
931	62.13999939
932	62.02000046
933	62.27000046
934	62.02000046
935	61.77999878
936	62.47999954
937	61.79000092
938	61.75999832
939	61.63999939
940	62.22999954
941	62.13999939
942	61.49000168
943	61.88999939
944	61.56999969
945	61.86999893
946	61.56999969
947	61.68000031
948	62.20000076
949	62.04000092
950	61.81000137
951	62.04000092
952	61.95000076
953	61.52999878
954	61.68000031
955	61.88999939
956	61.86999893
957	61.49000168
958	62.40999985
959	61.83000183
960	61.63999939
961	61.59999847
962	61.38999939
963	62.40999985
964	62.25
965	62.20999908
966	62.81999969
967	61.65999985
968	61.75999832
969	62.02000046
970	61.68000031
971	61.77999878
972	61.95000076
973	61.70000076
974	61.86999893
975	61.27999878
976	62.04000092
977	62.02000046
978	62
979	62.15999985
980	62.31000137
981	61.68000031
982	61.90999985
983	62.22999954
984	61.70000076
985	62.06000137
986	62.45999908
987	61.99000168
988	61.72000122
989	61.75999832
990	61.61999893
991	62.02000046
992	61.75999832
993	62
994	61.90999985
995	61.81000137
996	61.59999847
997	62.08000183
998	61.90999985
999	62.25
1000	61.86999893
1001	61.43000031
1002	62.20999908
1003	62.04000092
1004	61.83000183
1005	62.09999847
1006	61.86999893
1007	61.47000122
1008	62.08000183
1009	61.95000076
1010	62.34999847
1011	61.81000137
1012	62.22999954
1013	61.52999878
1014	61.93000031
1015	61.72000122
1016	61.88999939
1017	61.63999939
1018	62.27000046
1019	62.13999939
1020	61.75999832
1021	61.72000122
1022	62.41999817
1023	62.27000046
1024	62.68999863
1025	62.09999847
1026	62.36999893
1027	61.75999832
1028	62.29000092
1029	61.84999847
1030	61.77999878
1031	62.22999954
1032	62.43999863
1033	62.5
1034	62.93999863
1035	62.08000183
1036	61.84999847
1037	62.02000046
1038	62.27000046
1039	62.02000046
1040	62.41999817
1041	62.79000092
1042	62.54000092
1043	62.36999893
1044	62.18000031
1045	62.29000092
1046	62.66999817
1047	62.52000046
1048	62.43999863
1049	62.47999954
1050	62.63000107
1051	62.91999817
1052	62.93999863
1053	62.86000061
1054	63.40000153
1055	62.90000153
1056	62.70999908
1057	62.90000153
1058	62.58000183
1059	63.36000061
1060	63.79999924
1061	62.91999817
1062	63.18999863
1063	63.18999863
1064	63.50999832
1065	63.41999817
1066	63.88999939
1067	63.75999832
1068	63.68000031
1069	63.88999939
1070	63.02000046
1071	63.22999954
1072	63.02000046
1073	63.11000061
1074	63.65000153
1075	63
1076	63.59000015
1077	62.81999969
1078	63.29999924
1079	63.70000076
1080	62.97999954
1081	63.36000061
1082	63.09000015
1083	63.20999908
1084	63.11000061
1085	63.43999863
1086	63.34000015
1087	63.16999817
1088	63.31999969
1089	63.36000061
1090	62.95999908
1091	63.22999954
1092	63.34000015
1093	63.79999924
1094	63.31999969
1095	63.59000015
1096	63.75999832
1097	63.02000046
1098	63.38000107
1099	63.18999863
1100	63.45000076
1101	63.47000122
1102	63.79999924
1103	63.38000107
1104	63.29999924
1105	62.86000061
1106	63.15000153
1107	63.18999863
1108	63.36000061
1109	63.34000015
1110	63.22999954
1111	63.49000168
1112	63.86999893
1113	64.05999756
1114	63.41999817
1115	63.84000015
1116	63.63000107
1117	63.90999985
1118	63.43999863
1119	63.70000076
1120	63.97000122
1121	63.86999893
1122	63.36000061
1123	63.65000153
1124	63.43999863
1125	63.65999985
1126	63.40000153
1127	63.49000168
1128	63.49000168
1129	63.43999863
1130	63.65000153
1131	63.43999863
1132	63.70000076
1133	63.40000153
1134	63.54999924
1135	63.29999924
1136	63.59000015
1137	63.88999939
1138	63.75999832
1139	63.50999832
1140	64.05000305
1141	63.81999969
1142	63.90999985
1143	63.45000076
1144	63.63000107
1145	63.49000168
1146	63.27999878
1147	63.68000031
1148	63.52999878
1149	63.47000122
1150	63.49000168
1151	63.59000015
1152	63.49000168
1153	63.40000153
1154	63.16999817
1155	63.18999863
1156	62.93999863
1157	63.16999817
1158	63.52999878
1159	63.41999817
1160	63.59000015
1161	63.50999832
1162	63.72000122
1163	63.61000061
1164	63.74000168
1165	63.88999939
1166	64.09999847
1167	63.52999878
1168	63.84000015
1169	63.47000122
1170	63.54999924
1171	63.18999863
1172	63.77999878
1173	63.50999832
1174	63.49000168
1175	63.79999924
1176	63.27999878
1177	63.56999969
1178	63.50999832
1179	63.59000015
1180	63.81999969
1181	63.52999878
1182	63.95000076
1183	63.63000107
1184	63.70000076
1185	64.12000275
1186	63.43999863
1187	63.75999832
1188	63.52999878
1189	63.84000015
1190	63.36000061
1191	63.72000122
1192	63.50999832
1193	63.27999878
1194	62.91999817
1195	63.34000015
1196	63.72000122
1197	63.45000076
1198	63.45000076
1199	63.88999939
1200	64.05999756
1201	63.56999969
1202	64.13999939
1203	63.74000168
1204	63.27999878
1205	63.70000076
1206	63.18999863
1207	62.90000153
1208	63.40000153
1209	63.06999969
1210	63.25999832
1211	63.97000122
1212	63.02999878
1213	63.49000168
1214	63.63000107
1215	63.06999969
1216	63.40000153
1217	63.06999969
1218	63.41999817
1219	62.95999908
1220	63.40000153
1221	62.97999954
1222	62.90000153
1223	62.66999817
1224	63.04999924
1225	63.22999954
1226	63.24000168
1227	62.84000015
1228	62.15999985
1229	61.88999939
1230	62.08000183
1231	61.29999924
1232	61.00999832
1233	60.77999878
1234	61.18000031
1235	60.25
1236	60.20999908
1237	60.81999969
1238	60.04000092
1239	60.33000183
1240	60.11999893
1241	59.72999954
1242	60.04000092
1243	59.81000137
1244	59.88999939
1245	59.54000092
1246	59.95999908
1247	59.54000092
1248	59.83000183
1249	59.95999908
1250	60.08000183
1251	60.54000092
1252	60.27000046
1253	60.13999939
1254	60.15000153
1255	60.29000092
1256	59.86999893
1257	60.18999863
1258	60.52000046
1259	60.43999863
1260	60.47999954
1261	61.18000031
1262	60.93999863
1263	60.68999863
1264	60.81999969
1265	60.75
1266	60.56000137
1267	60.38000107
1268	61.27999878
1269	60.97000122
1270	61.74000168
1271	61.61999893
1272	61.29999924
1273	61.29999924
1274	61.59000015
1275	60.97000122
1276	61.00999832
1277	60.99000168
1278	60.68999863
1279	60.88000107
1280	60.61000061
1281	60.75
1282	61.06999969
1283	60.52000046
1284	61.16999817
1285	60.88000107
1286	61.00999832
1287	61.43000031
1288	61.70000076
1289	61.47000122
1290	61.79000092
1291	61.83000183
1292	61.70000076
1293	61.45000076
1294	61.72000122
1295	61.52999878
1296	61.65999985
1297	61.49000168
1298	61.74000168
1299	61.38000107
1300	61.97000122
1301	61.24000168
1302	61.77999878
1303	61.47000122
1304	61.27999878
1305	61.24000168
1306	62.04000092
1307	61.95000076
1308	61.59999847
1309	61.84999847
1310	62.18000031
1311	62.09999847
1312	61.40999985
1313	62.08000183
1314	62.04000092
1315	61.81000137
1316	61.61999893
1317	61.38000107
1318	61.72000122
1319	61.65999985
1320	61.83000183
1321	62.04000092
1322	61.99000168
1323	61.90999985
1324	61.34000015
1325	61.59999847
1326	61.56999969
1327	62.13999939
1328	61.59999847
1329	61.65999985
1330	61.79000092
1331	61.27999878
1332	61.77999878
1333	61.70000076
1334	61.83000183
1335	61.52999878
1336	61.88999939
1337	61.95000076
1338	61.59999847
1339	61.70000076
1340	62.15999985
1341	61.88999939
1342	61.65999985
1343	61.61999893
1344	62.02000046
1345	62.02000046
1346	61.81000137
1347	61.74000168
1348	62.02000046
1349	61.56999969
1350	61.72000122
1351	61.50999832
1352	61.88999939
1353	61.38000107
1354	61.90999985
1355	61.52999878
1356	61.29999924
1357	61.81000137
1358	61.97000122
1359	61.68000031
1360	61.65999985
1361	62.06000137
1362	62.08000183
1363	61.88999939
1364	61.49000168
1365	62
1366	61.79000092
1367	62.22999954
1368	61.75999832
1369	61.83000183
1370	61.93000031
1371	61.50999832
1372	61.95000076
1373	61.59000015
1374	61.56999969
1375	61.84999847
1376	61.81000137
1377	62.13999939
1378	62
1379	61.63999939
1380	62.31000137
1381	62
1382	62.34999847
1383	61.86999893
1384	61.47000122
1385	61.34000015
1386	61.88999939
1387	61.70000076
1388	62.20999908
1389	62.22999954
1390	62.04000092
1391	61.84999847
1392	61.43000031
1393	61.83000183
1394	61.97000122
1395	61.61999893
1396	61.95000076
1397	61.95000076
1398	61.86999893
1399	61.97000122
1400	62
1401	62.13999939
1402	61.84999847
1403	61.24000168
1404	61.68000031
1405	61.59999847
1406	61.77999878
1407	61.70000076
1408	61.88999939
1409	61.83000183
1410	62.02000046
1411	61.70000076
1412	61.77999878
1413	61.43000031
1414	61.49000168
1415	61.59999847
1416	61.86999893
1417	61.84999847
1418	61.95000076
1419	62.06000137
1420	62.41999817
1421	61.93000031
1422	62
1423	62.02000046
1424	61.86999893
1425	61.75999832
1426	61.74000168
1427	62.11999893
1428	61.63999939
1429	61.54999924
1430	61.84999847
1431	61.90999985
1432	62.13999939
1433	62.08000183
1434	62.08000183
1435	61.52999878
1436	62.29000092
1437	61.84999847
1438	62.38999939
1439	62.38999939
1440	62.11999893
1441	61.72000122
1442	61.79000092
1443	62.06000137
1444	62.02000046
1445	62.20000076
1446	62.18000031
1447	62.20000076
1448	61.45000076
1449	62.59999847
1450	61.72000122
1451	62.13999939
1452	61.75999832
1453	61.95000076
1454	61.93000031
1455	62.02000046
1456	61.84999847
1457	62.18000031
1458	61.52999878
1459	61.81000137
1460	62.06000137
1461	61.83000183
1462	62.36999893
1463	62.13999939
1464	61.25999832
1465	61.59999847
1466	61.49000168
1467	61.77999878
1468	62.22999954
1469	61.77999878
1470	61.27999878
1471	61.49000168
1472	62.04000092
1473	61.93000031
1474	62.41999817
1475	61.72000122
1476	61.56999969
1477	62.09999847
1478	61.84999847
1479	62.22999954
1480	61.45000076
1481	61.59000015
1482	61.93000031
1483	61.72000122
1484	61.95000076
1485	61.34000015
1486	62.15999985
1487	61.83000183
1488	62.04000092
1489	62
1490	61.90999985
1491	61.65999985
1492	62.08000183
1493	61.77999878
1494	61.97000122
1495	61.97000122
1496	62.15999985
1497	62.47999954
1498	61.84999847
1499	61.97000122
1500	61.70000076
1501	61.81000137
1502	61.84999847
1503	61.40999985
1504	61.27999878
1505	61.70000076
1506	62.13999939
1507	62.09999847
1508	61.81000137
1509	62.11999893
1510	62.52000046
1511	62.41999817
1512	61.43000031
1513	62.54000092
1514	62.40999985
1515	62.36999893
1516	62.91999817
1517	62.84000015
1518	62.20999908
1519	62.58000183
1520	62.47999954
1521	62.66999817
1522	62.84000015
1523	62.90000153
1524	62.95999908
1525	63.04999924
1526	62.88000107
1527	62.90000153
1528	62.93999863
1529	63.61000061
1530	63.63000107
1531	63.02999878
1532	63.31999969
1533	63.47000122
1534	63.15000153
1535	63.47000122
1536	63.13000107
1537	63.29999924
1538	63.27999878
1539	63.72000122
1540	63.18999863
1541	62.81999969
1542	63.50999832
1543	63.36000061
1544	63.27999878
1545	63.63000107
1546	63.06999969
1547	63.99000168
1548	63.54999924
1549	63.06999969
1550	63.43999863
1551	64.09999847
1552	63.47000122
1553	63.50999832
1554	63.59000015
1555	63.79999924
1556	63.18999863
1557	62.93999863
1558	63.65999985
1559	63.27999878
1560	63.11000061
1561	63.36000061
1562	62.86000061
1563	63.25999832
1564	63.18999863
1565	63.25999832
1566	63.47000122
1567	63.59000015
1568	63.31999969
1569	63.22999954
1570	63.61000061
1571	63.15000153
1572	63.34000015
1573	63.50999832
1574	63.93000031
1575	63.02000046
1576	63.61000061
1577	64.05000305
1578	63.06999969
1579	63.63000107
1580	63.15000153
1581	63.22999954
1582	63.77999878
1583	62.95999908
1584	63.72000122
1585	63.52999878
1586	63.13000107
1587	63.16999817
1588	63.45000076
1589	63.20999908
1590	64.13999939
1591	63.38000107
1592	63.47000122
1593	63.59000015
1594	63.54999924
1595	63.54999924
1596	63.86999893
1597	63.34000015
1598	63.86999893
1599	63.18999863
1600	63.16999817
1601	63.70000076
1602	64.12000275
1603	63.06999969
1604	63.22999954
1605	63.40000153
1606	63.22999954
1607	63.18999863
1608	63.56999969
1609	63.74000168
1610	63.52999878
1611	63.61000061
1612	64.16000366
1613	63.13000107
1614	63.50999832
1615	63.65000153
1616	63.81999969
1617	63.04999924
1618	63.13000107
1619	63.68000031
1620	63.38000107
1621	63.24000168
1622	63.34000015
1623	63.18999863
1624	63.11000061
1625	63.63000107
1626	63.90999985
1627	62.86000061
1628	63.09000015
1629	63.65000153
1630	63.70000076
1631	63.04999924
1632	63.68000031
1633	63.16999817
1634	62.75
1635	63.50999832
1636	63.09000015
1637	63.02000046
1638	63.56999969
1639	63.63000107
1640	63.50999832
1641	63.63000107
1642	63.65000153
1643	63.65999985
1644	63.29999924
1645	63.38000107
1646	64.05999756
1647	63.25999832
1648	63.36000061
1649	63.56999969
1650	63.29999924
1651	62.97999954
1652	63.24000168
1653	63.34000015
1654	64.05000305
1655	62.81999969
1656	63.59000015
1657	62.81999969
1658	63.68000031
1659	62.66999817
1660	62.81999969
1661	63.49000168
1662	63.04999924
1663	63.15000153
1664	63.02000046
1665	63.45000076
1666	63.54999924
1667	63
1668	63.56999969
1669	63.79999924
1670	63.49000168
1671	63.16999817
1672	63.13000107
1673	63.45000076
1674	62.95999908
1675	63.40000153
1676	63.15000153
1677	63.43999863
1678	63.11000061
1679	63.27999878
1680	63.18999863
1681	63.59000015
1682	63.49000168
1683	62.84000015
1684	63.11000061
1685	63.65000153
1686	63.34000015
1687	62.70999908
1688	63.65999985
1689	62.90000153
1690	63.43999863
1691	63.40000153
1692	63.02000046
1693	63.06999969
1694	62.84000015
1695	63.24000168
1696	62.91999817
1697	63.40000153
1698	62.70999908
1699	62.66999817
1700	62.81999969
1701	62.15999985
1702	62.70999908
1703	62.06000137
1704	61.61999893
1705	61.68000031
1706	60.97000122
1707	60.91999817
1708	60.93999863
1709	60.56999969
1710	60.56000137
1711	60.16999817
1712	59.93999863
1713	59.40999985
1714	59.68000031
1715	60.06000137
1716	60.16999817
1717	59.59999847
1718	59.20000076
1719	59.52999878
1720	59.83000183
1721	59.83000183
1722	59.15999985
1723	60.16999817
1724	59.65999985
1725	59.47000122
1726	60.09999847
1727	59.93000031
1728	59.93000031
1729	59.75
1730	59.59999847
1731	59.54000092
1732	59.77000046
1733	59.81000137
1734	59.95999908
1735	60.31000137
1736	59.88999939
1737	59.97999954
1738	60.04000092
1739	60.38000107
1740	60.75
1741	60.90000153
1742	60.77999878
1743	60.66999817
1744	60.84000015
1745	60.65000153
1746	60.91999817
1747	61.02999878
1748	61.27999878
1749	60.91999817
1750	60.61000061
1751	61.45000076
1752	60.88000107
1753	60.81999969
1754	61.13000107
1755	61.06999969
1756	60.91999817
1757	61.40999985
1758	61.68000031
1759	61.84999847
1760	61.22000122
1761	61.22000122
1762	60.97000122
1763	61.06999969
1764	61.25999832
1765	61.40999985
1766	61.38000107
1767	61.25999832
1768	61.81000137
1769	61.90999985
1770	61.22000122
1771	61.09000015
1772	61.18000031
1773	61.47000122
1774	60.86000061
1775	61.13000107
1776	61.52999878
1777	61.38999939
1778	61.27999878
1779	61.63999939
1780	61.13000107
1781	61.27999878
1782	61.38000107
1783	61.63999939
1784	61.52999878
1785	61.77999878
1786	61.83000183
1787	61.70000076
1788	62.02000046
1789	61.09000015
1790	61.25999832
1791	61.09000015
1792	61.02999878
1793	61.22000122
1794	61.40999985
1795	61.54999924
1796	61.50999832
1797	61.52999878
1798	62.09999847
1799	60.95999908
1800	61.27999878
1801	61.52999878
1802	61.43000031
1803	61.84999847
1804	61.20000076
1805	61.75999832
1806	61.31999969
1807	61.93000031
1808	61.84999847
1809	61.99000168
1810	61.49000168
1811	61.72000122
1812	61.29999924
1813	61.54999924
1814	61.40999985
1815	61.59000015
1816	61.34000015
1817	61.77999878
1818	61.79000092
1819	61.97000122
1820	61.52999878
1821	61.45000076
1822	61.02999878
1823	61.40999985
1824	61.09000015
1825	61.65999985
1826	61.27999878
1827	61.74000168
1828	61.13000107
1829	61.99000168
1830	61.59999847
1831	61.38999939
1832	61.77999878
1833	61.49000168
1834	61.61999893
1835	61.56999969
1836	62
1837	61.99000168
1838	62.09999847
1839	61.38000107
1840	61.88999939
1841	61.59999847
1842	61.84999847
1843	61.50999832
1844	61.84999847
1845	61.54999924
1846	61.75999832
1847	61.38000107
1848	62.04000092
1849	61.59999847
1850	61.52999878
1851	61.68000031
1852	61.74000168
1853	61.50999832
1854	61.38999939
1855	61.79000092
1856	61.38999939
1857	61.36000061
1858	60.99000168
1859	61.43000031
1860	61.11000061
1861	60.88000107
1862	61.22000122
1863	61.43000031
1864	61.16999817
1865	61.38000107
1866	61.40999985
1867	61.27999878
1868	61.47000122
1869	62.02000046
1870	61.47000122
1871	61.95000076
1872	61.18000031
1873	61.50999832
1874	61.38999939
1875	61.34000015
1876	61.45000076
1877	61.74000168
1878	61.86999893
1879	61.83000183
1880	61.61999893
1881	61.59000015
1882	61.45000076
1883	61.75999832
1884	61.47000122
1885	61.79000092
1886	61.70000076
1887	61.72000122
1888	61.06999969
1889	61.15000153
1890	61.38000107
1891	61.70000076
1892	61.99000168
1893	61.38999939
1894	61.38999939
1895	61.54999924
1896	61.56999969
1897	61.83000183
1898	61.79000092
1899	61.56999969
1900	61.24000168
1901	61.16999817
1902	62.33000183
1903	61.93000031
1904	62.06000137
1905	61.40999985
1906	61.45000076
1907	61.38999939
1908	61.68000031
1909	61.79000092
1910	61.31999969
1911	61.59999847
1912	61.63999939
1913	61.72000122
1914	61.24000168
1915	61.50999832
1916	61.54999924
1917	61.75999832
1918	61.63999939
1919	61.70000076
1920	61.59000015
1921	61.83000183
1922	61.45000076
1923	61.29999924
1924	61.75999832
1925	61.81000137
1926	61.56999969
1927	61.70000076
1928	61.63999939
1929	61.61999893
1930	62.08000183
1931	61.61999893
1932	61.40999985
1933	61.74000168
1934	62.31000137
1935	61.27999878
1936	61.68000031
1937	61.93000031
1938	61.72000122
1939	61.54999924
1940	61.38000107
1941	61.79000092
1942	61.77999878
1943	61.61999893
1944	61.83000183
1945	61.74000168
1946	61.59999847
1947	61.54999924
1948	61.84999847
1949	61.59999847
1950	61.72000122
1951	62
1952	61.59999847
1953	61.43000031
1954	61.72000122
1955	61.75999832
1956	61.65999985
1957	61.49000168
1958	61.63999939
1959	61.34000015
1960	61.79000092
1961	61.59999847
1962	61.75999832
1963	62.04000092
1964	62.20000076
1965	61.40999985
1966	61.81000137
1967	62.15999985
1968	62.40999985
1969	61.59000015
1970	61.79000092
1971	61.86999893
1972	62.38999939
1973	61.65999985
1974	61.56999969
1975	62.25
1976	62.09999847
1977	61.81000137
1978	62.29000092
1979	63.04999924
1980	61.70000076
1981	62.47999954
1982	62.22999954
1983	62.68999863
1984	62.02000046
1985	61.97000122
1986	62.31000137
1987	62.20999908
1988	62.33000183
1989	62.15999985
1990	62.5
1991	62.81999969
1992	62.5
1993	62.20999908
1994	62.45999908
1995	62.81999969
1996	61.75999832
1997	62.29000092
1998	63.09000015
1999	62.79000092
2000	62.91999817
2001	62.81999969
2002	63.04999924
2003	63.27999878
2004	63.16999817
2005	63.50999832
2006	62.70999908
2007	63.18999863
2008	63.52999878
2009	62.81000137
2010	63.31999969
2011	63.54999924
2012	63.24000168
2013	63.47000122
2014	63.99000168
2015	63.45000076
2016	63.13000107
2017	63.75999832
2018	63.04999924
2019	63.88999939
2020	64.01000214
2021	63.16999817
2022	63.45000076
2023	63.65999985
2024	63.29999924
2025	63.99000168
2026	63.93000031
2027	63.18999863
2028	63.61000061
2029	63.68000031
2030	63.31999969
2031	63.36000061
2032	63.79999924
2033	63.59000015
2034	63.22999954
2035	64.18000031
2036	62.90000153
2037	63.65000153
2038	63.54999924
2039	63.04999924
2040	63.65999985
2041	63.16999817
2042	64.41000366
2043	63.29999924
2044	63.49000168
2045	64.05000305
2046	63
2047	62.90000153
2048	63.40000153
2049	63.25999832
2050	63.15000153
2051	63.20999908
2052	63.65999985
2053	63.15000153
2054	63.52999878
2055	63.99000168
2056	63.77999878
2057	63.25999832
2058	63.63000107
2059	63.56999969
2060	63.18999863
2061	63.20999908
2062	63.47000122
2063	63.77999878
2064	63.59000015
2065	63.16999817
2066	63.43999863
2067	63.81999969
2068	63.90999985
2069	62.79000092
2070	63.68000031
2071	63.84999847
2072	64.02999878
2073	63.34000015
2074	63.29999924
2075	63.34000015
2076	63.79999924
2077	63.34000015
2078	63.24000168
2079	63.43999863
2080	63.61000061
2081	63.86999893
2082	63.81999969
2083	63.54999924
2084	63.40000153
2085	63.25999832
2086	63.20999908
2087	63.24000168
2088	63.70000076
2089	63.27999878
2090	63.09000015
2091	63.40000153
2092	63.41999817
2093	63.59000015
2094	63.04999924
2095	63.29999924
2096	63.72000122
2097	63.41999817
2098	63.65000153
2099	63.63000107
2100	63.31999969
2101	63.29999924
2102	64.30999756
2103	62.81000137
2104	63.36000061
2105	63.02000046
2106	63.84999847
2107	63.50999832
2108	63.93000031
2109	64.01000214
2110	63.84000015
2111	64.02999878
2112	63.41999817
2113	63.02000046
2114	63.43999863
2115	63.47000122
2116	63.68000031
2117	63.77999878
2118	63.81999969
2119	63.79999924
2120	64.02999878
2121	63.49000168
2122	64.16000366
2123	64.08000183
2124	63.27999878
2125	63.74000168
2126	63.22999954
2127	63.04999924
2128	63.75999832
2129	63.52999878
2130	63.99000168
2131	63.79999924
2132	63.74000168
2133	63.84000015
2134	63.54999924
2135	63.54999924
2136	63.65000153
2137	63.99000168
2138	63.90999985
2139	63.93000031
2140	63.84999847
2141	63.90999985
2142	63.45000076
2143	63.84999847
2144	63.20999908
2145	62.95999908
2146	63.36000061
2147	63.22999954
2148	63.31999969
2149	63.50999832
2150	63.84000015
2151	63.45000076
2152	63.84999847
2153	63.49000168
2154	63.65999985
2155	63.63000107
2156	63.77999878
2157	63.29999924
2158	63.59000015
2159	62.91999817
2160	62.97999954
2161	62.81999969
2162	63.04999924
2163	63.50999832
2164	62.97999954
2165	63.18999863
2166	62.97999954
2167	63.54999924
2168	62.79000092
2169	62.79000092
2170	63
2171	63.02000046
2172	63.36000061
2173	63.25999832
2174	62.97999954
2175	63.11000061
2176	62.58000183
2177	61.47000122
2178	61.49000168
2179	61.63999939
2180	61.50999832
2181	60.97000122
2182	60.75999832
2183	60.61000061
2184	60.91999817
2185	60.34999847
2186	60.5
2187	59.81000137
2188	59.58000183
2189	59.63999939
2190	59.72999954
2191	60.02000046
2192	60.18999863
2193	59.61999893
2194	60
2195	59.65999985
2196	59.56000137
2197	59.15999985
2198	59.54000092
2199	60.22999954
2200	60.15000153
2201	60.22999954
2202	60.09999847
2203	59.63999939
2204	59.58000183
2205	59.81000137
2206	60.47999954
2207	60.91999817
2208	60.47999954
2209	60.40000153
2210	59.88999939
2211	60.43999863
2212	60.52000046
2213	60.65000153
2214	60.95999908
2215	60.45999908
2216	60.5
2217	60.11999893
2218	60.38000107
2219	60.81999969
2220	61.18000031
2221	60.72999954
2222	61.00999832
2223	61.38000107
2224	61.29999924
2225	61.34000015
2226	61.38000107
2227	60.86000061
2228	61.13000107
2229	61.52999878
2230	61.54999924
2231	61.47000122
2232	61.18000031
2233	60.66999817
2234	60.38000107
2235	60.91999817
2236	60.72999954
2237	60.88000107
2238	61.38000107
2239	61.47000122
2240	61.68000031
2241	62.02000046
2242	61.24000168
2243	61.15000153
2244	60.86000061
2245	61.24000168
2246	61.54999924
2247	61.38999939
2248	61.27999878
2249	61.63999939
2250	61.52999878
2251	61.29999924
2252	61.11000061
2253	61.18000031
2254	61.20000076
2255	61.47000122
2256	61.45000076
2257	61.22000122
2258	62.04000092
2259	61.49000168
2260	61.59999847
2261	61.24000168
2262	61.24000168
2263	61.45000076
2264	61.09000015
2265	61.40999985
2266	61.81000137
2267	61.74000168
2268	62.08000183
2269	61.27999878
2270	61.68000031
2271	61.74000168
2272	61.72000122
2273	61.81000137
2274	61.61999893
2275	61.38999939
2276	61.38999939
2277	61.20000076
2278	61.38999939
2279	62.20999908
2280	62.02000046
2281	61.54999924
2282	61.27999878
2283	61.11000061
2284	61.70000076
2285	62.25
2286	61.93000031
2287	61.49000168
2288	61.65999985
2289	61.47000122
2290	61.70000076
2291	62.27000046
2292	61.59000015
2293	61.09000015
2294	61.38999939
2295	61.74000168
2296	61.29999924
2297	61.22000122
2298	61.65999985
2299	61.29999924
2300	61.72000122
2301	62.04000092
2302	61.11000061
2303	61.81000137
2304	62.13999939
2305	62.54000092
2306	61.59999847
2307	61.72000122
2308	61.68000031
2309	61.97000122
2310	61.97000122
2311	61.54999924
2312	61.59999847
2313	61.99000168
2314	61.81000137
2315	61.47000122
2316	62.02000046
2317	61.40999985
2318	62.18000031
2319	61.45000076
2320	61.38999939
2321	62.38999939
2322	61.56999969
2323	61.88999939
2324	61.63999939
2325	61.72000122
2326	61.15000153
2327	61.90999985
2328	61.93000031
2329	62.15999985
2330	61.63999939
2331	61.52999878
2332	61.61999893
2333	62.29000092
2334	61.54999924
2335	61.47000122
2336	61.79000092
2337	62.02000046
2338	61.77999878
2339	62.02000046
2340	62.61999893
2341	62.20000076
2342	61.65999985
2343	61.81000137
2344	61.97000122
2345	61.86999893
2346	61.75999832
2347	61.65999985
2348	61.83000183
2349	61.59999847
2350	61.24000168
2351	62.02000046
2352	62.11999893
2353	61.38000107
2354	61.83000183
2355	61.49000168
2356	62.45999908
2357	61.84999847
2358	61.81000137
2359	61.83000183
2360	62.15999985
2361	61.70000076
2362	61.97000122
2363	62.02000046
2364	61.29999924
2365	61.93000031
2366	61.43000031
2367	61.59999847
2368	61.20000076
2369	61.61999893
2370	61.83000183
2371	61.68000031
2372	61.75999832
2373	62.06000137
2374	62.13999939
2375	62.34999847
2376	61.43000031
2377	62
2378	62.04000092
2379	61.97000122
2380	61.97000122
2381	62.81999969
2382	62.18000031
2383	61.68000031
2384	61.77999878
2385	61.97000122
2386	62.20999908
2387	61.74000168
2388	61.56999969
2389	61.25999832
2390	61.61999893
2391	61.88999939
2392	61.65999985
2393	61.50999832
2394	61.63999939
2395	61.88999939
2396	62.15999985
2397	61.24000168
2398	61.75999832
2399	62.06000137
2400	61.90999985
2401	61.43000031
2402	61.54999924
2403	61.74000168
2404	62.34999847
2405	61.31999969
2406	61.40999985
2407	61.77999878
2408	61.83000183
2409	62.08000183
2410	62.15999985
2411	61.13000107
2412	62.09999847
2413	62.08000183
2414	61.99000168
2415	61.93000031
2416	61.86999893
2417	61.83000183
2418	61.47000122
2419	61.72000122
2420	61.56999969
2421	61.27999878
2422	61.72000122
2423	61.63999939
2424	61.88999939
2425	61.97000122
2426	62.5
2427	61.52999878
2428	61.79000092
2429	61.75999832
2430	61.47000122
2431	61.93000031
2432	62.27000046
2433	61.84999847
2434	61.52999878
2435	61.38000107
2436	61.97000122
2437	62.02000046
2438	61.70000076
2439	62.20999908
2440	61.75999832
2441	61.20000076
2442	61.75999832
2443	61.70000076
2444	61.86999893
2445	61.86999893
2446	61.77999878
2447	61.50999832
2448	61.09000015
2449	61.86999893
2450	61.97000122
2451	62.20999908
2452	61.65999985
2453	62.5
2454	61.79000092
2455	61.54999924
2456	61.95000076
2457	61.86999893
2458	62.38999939
2459	62.43999863
2460	62.52000046
2461	62.22999954
2462	61.72000122
2463	62.04000092
2464	61.99000168
2465	62.11999893
2466	62.36999893
2467	62.13999939
2468	62.72999954
2469	62.65000153
2470	62.79000092
2471	62.86000061
2472	62.61999893
2473	62.54000092
2474	62.79000092
2475	62.38999939
2476	62.68999863
2477	62.20999908
2478	62.45999908
2479	63.02999878
2480	63.11000061
2481	63
2482	62.81000137
2483	63.38000107
2484	63.15000153
2485	63.38000107
2486	63.41999817
2487	63.61000061
2488	63.31999969
2489	63.29999924
2490	63.09000015
2491	63.54999924
2492	63.36000061
2493	63.06999969
2494	63.20999908
2495	62.88000107
2496	63.20999908
2497	63.50999832
2498	63.74000168
2499	63.52999878
2500	63.63000107
2501	63.47000122
2502	63.72000122
2503	63.63000107
2504	63.31999969
2505	63.38000107
2506	63.45000076
2507	63.72000122
2508	63.56999969
2509	63.41999817
2510	63.56999969
2511	63.24000168
2512	63.45000076
2513	63.63000107
2514	63.49000168
2515	63.54999924
2516	64.13999939
2517	63.36000061
2518	63.50999832
2519	63.74000168
2520	63.68000031
2521	64.05000305
2522	64.16000366
2523	63.65999985
2524	63.75999832
2525	63.65000153
2526	63.79999924
2527	63.45000076
2528	63.99000168
2529	63.56999969
2530	63.93000031
2531	63.75999832
2532	63.43999863
2533	63.29999924
2534	63.52999878
2535	63.56999969
2536	63.43999863
2537	63.81999969
2538	63.74000168
2539	63.52999878
2540	63.49000168
2541	63.77999878
2542	63.54999924
2543	64.01000214
2544	63.77999878
2545	63.65999985
2546	63.47000122
2547	63.72000122
2548	63.97000122
2549	63.59000015
2550	63.34000015
2551	63.40000153
2552	63.93000031
2553	63.41999817
2554	63.88999939
2555	63.61000061
2556	63.43999863
2557	63.50999832
2558	63.54999924
2559	63.40000153
2560	63.50999832
2561	63.25999832
2562	63.16999817
2563	63.65999985
2564	63.52999878
2565	63.63000107
2566	63.97000122
2567	63.84999847
2568	63.61000061
2569	64.05000305
2570	63.50999832
2571	63.15000153
2572	63.52999878
2573	62.91999817
2574	63.65999985
2575	63.47000122
2576	63.09000015
2577	63.20999908
2578	63.43999863
2579	63.54999924
2580	62.79000092
2581	63.34000015
2582	63.65999985
2583	63.49000168
2584	63.90999985
2585	63.79999924
2586	63.45000076
2587	63.47000122
2588	64.01000214
2589	63.50999832
2590	63.65000153
2591	63.27999878
2592	63.29999924
2593	63.41999817
2594	63.70000076
2595	63.36000061
2596	63.25999832
2597	62.72999954
2598	62.90000153
2599	63.45000076
2600	62.97999954
2601	63.61000061
2602	63.36000061
2603	63.45000076
2604	63.65999985
2605	63.34000015
2606	63.45000076
2607	63.31999969
2608	62.68999863
2609	63.02999878
2610	62.95999908
2611	63.11000061
2612	63.20999908
2613	62.81000137
2614	63.16999817
2615	62.97999954
2616	63.13000107
2617	63.29999924
2618	63.86999893
2619	63.43999863
2620	63.63000107
2621	63.59000015
2622	63.59000015
2623	63.52999878
2624	63.09000015
2625	63.38000107
2626	63.06999969
2627	63.79999924
2628	63.97000122
2629	63.38000107
2630	63.63000107
2631	63.43999863
2632	63.36000061
2633	62.93999863
2634	63.04999924
2635	63.34000015
2636	62.91999817
2637	63.25999832
2638	63.50999832
2639	63.15000153
2640	63.40000153
2641	63.20999908
2642	63.09000015
2643	63.34000015
2644	62.58000183
2645	62.58000183
2646	62.54000092
2647	62.65000153
2648	62.40999985
2649	62.40999985
2650	62.58000183
2651	61.70000076
2652	61.36000061
2653	60.88000107
2654	60.52000046
2655	60.56000137
2656	60.09999847
2657	59.90999985
2658	60.04000092
2659	60.86000061
2660	59.81000137
2661	59.49000168
2662	59.25999832
2663	59.50999832
2664	59.20000076
2665	59.25999832
2666	60.04000092
2667	59.75
2668	59.70000076
2669	59.15999985
2670	59.47000122
2671	59.11999893
2672	58.97000122
2673	59.34999847
2674	59.75
2675	60.22999954
2676	60.18999863
2677	59.93000031
2678	59.45000076
2679	59.93999863
2680	59.88999939
2681	60.09999847
2682	60.33000183
2683	59.70000076
2684	60.40000153
2685	60.27000046
2686	59.90999985
2687	60.47999954
2688	61.02999878
2689	60.72999954
2690	61.06999969
2691	60.18999863
2692	60.63000107
2693	60.84000015
2694	60.91999817
2695	61.11000061
2696	60.97000122
2697	60.75
2698	60.86000061
2699	60.65000153
2700	60.59000015
2701	60.77999878
2702	61.27999878
2703	61.09000015
2704	60.84000015
2705	60.5
2706	61.59000015
2707	61.74000168
2708	61.16999817
2709	60.93999863
2710	60.84000015
2711	60.86000061
2712	60.52000046
2713	60.95999908
2714	61.38000107
2715	61.02999878
2716	61.25999832
2717	60.90000153
2718	61.13000107
2719	60.70999908
2720	61.40999985
2721	61.29999924
2722	61.50999832
2723	61.29999924
2724	61.43000031
2725	60.72999954
2726	61.36000061
2727	61.02999878
2728	61.74000168
2729	60.99000168
2730	61.59000015
2731	61.27999878
2732	61.50999832
2733	60.81999969
2734	61.86999893
2735	61.49000168
2736	61.99000168
2737	61.75999832
2738	61.68000031
2739	61.25999832
2740	61.22000122
2741	61.29999924
2742	61.68000031
2743	61.59999847
2744	61.74000168
2745	61.11000061
2746	61.22000122
2747	61.49000168
2748	61.61999893
2749	61.74000168
2750	61.49000168
2751	61.24000168
2752	61.88999939
2753	61.84999847
2754	61.40999985
2755	62.09999847
2756	61.72000122
2757	61.38000107
2758	61.49000168
2759	61.49000168
2760	62.20000076
2761	61.95000076
2762	61.81000137
2763	61.61999893
2764	61.09000015
2765	61.65999985
2766	61.86999893
2767	61.68000031
2768	62.06000137
2769	61.74000168
2770	61.79000092
2771	61.56999969
2772	61.18000031
2773	61.49000168
2774	61.74000168
2775	62
2776	61.56999969
2777	61.77999878
2778	61.75999832
2779	61.81000137
2780	61.84999847
2781	61.50999832
2782	60.99000168
2783	60.43999863
2784	60.81999969
2785	60.56999969
2786	61.22000122
2787	61.11000061
2788	61.43000031
2789	61.81000137
2790	61.97000122
2791	61.63999939
2792	62.06000137
2793	61.99000168
2794	61.77999878
2795	61.52999878
2796	61.47000122
2797	61.56999969
2798	62.33000183
2799	61.68000031
2800	61.84999847
2801	61.68000031
2802	61.83000183
2803	61.59000015
2804	62.08000183
2805	62.20000076
2806	62
2807	61.99000168
2808	61.88999939
2809	61.97000122
2810	61.56999969
2811	61.56999969
2812	61.65999985
2813	61.61999893
2814	61.27999878
2815	61.61999893
2816	61.59999847
2817	61.68000031
2818	61.20000076
2819	61.65999985
2820	61.45000076
2821	61.90999985
2822	62.04000092
2823	61.54999924
2824	61.90999985
2825	61.38999939
2826	61.47000122
2827	61.16999817
2828	61.59000015
2829	61.15000153
2830	61.75999832
2831	61.81000137
2832	61.86999893
2833	61.86999893
2834	61.61999893
2835	61.68000031
2836	61.47000122
2837	61.49000168
2838	61.61999893
2839	61.50999832
2840	61.95000076
2841	61.63999939
2842	61.79000092
2843	61.50999832
2844	61.52999878
2845	61.68000031
2846	61.93000031
2847	61.79000092
2848	61.74000168
2849	61.59999847
2850	61.36000061
2851	61.56999969
2852	62.40999985
2853	61.97000122
2854	61.59000015
2855	61.74000168
2856	61.59000015
2857	61.72000122
2858	61.40999985
2859	61.54999924
2860	62.15999985
2861	61.88999939
2862	62.15999985
2863	62.25
2864	61.65999985
2865	61.84999847
2866	61.74000168
2867	61.70000076
2868	61.59000015
2869	61.27999878
2870	61.68000031
2871	62.33000183
2872	62.27000046
2873	62
2874	61.84999847
2875	61.79000092
2876	61.65999985
2877	61.52999878
2878	61.59999847
2879	61.43000031
2880	61.79000092
2881	61.61999893
2882	62.06000137
2883	62.33000183
2884	62.11999893
2885	62.15999985
2886	61.84999847
2887	61.68000031
2888	62
2889	61.50999832
2890	61.72000122
2891	62.02000046
2892	61.68000031
2893	61.50999832
2894	61.68000031
2895	61.27999878
2896	62.13999939
2897	62.20000076
2898	62.18000031
2899	62.18000031
2900	61.86999893
2901	61.86999893
2902	62.04000092
2903	61.83000183
2904	61.86999893
2905	61.77999878
2906	61.29999924
2907	61.77999878
2908	61.74000168
2909	61.68000031
2910	61.79000092
2911	62.33000183
2912	62.13999939
2913	62.33000183
2914	61.99000168
2915	62.18000031
2916	61.70000076
2917	61.90999985
2918	61.63999939
2919	61.79000092
2920	61.43000031
2921	61.70000076
2922	61.68000031
2923	62.09999847
2924	62.15999985
2925	62.52000046
2926	62.54000092
2927	62.33000183
2928	62.65000153
2929	62.38999939
2930	62.79000092
2931	62.54000092
2932	62.58000183
2933	62.41999817
2934	62
2935	62.45999908
2936	62.5
2937	62.59999847
2938	62.36999893
2939	62.81000137
2940	63.15000153
2941	63.02000046
2942	62.68999863
2943	62.81999969
2944	62.91999817
2945	63.34000015
2946	63.31999969
2947	63.18999863
2948	63.41999817
2949	63.56999969
2950	63.75999832
2951	63.59000015
2952	63.75999832
2953	64.05000305
2954	63.70000076
2955	63.27999878
2956	63.65000153
2957	62.91999817
2958	63.41999817
2959	63.81999969
2960	63.95000076
2961	63.81999969
2962	63.77999878
2963	63.75999832
2964	63.86999893
2965	63.86999893
2966	63.95000076
2967	63.72000122
2968	63.97000122
2969	63.43999863
2970	63.02999878
2971	63.63000107
2972	63.90999985
2973	63.61000061
2974	63.63000107
2975	63.11000061
2976	62.95999908
2977	63.49000168
2978	63.47000122
2979	63.52999878
2980	63.72000122
2981	63.65999985
2982	64.02999878
2983	63.18999863
2984	63.93000031
2985	63.99000168
2986	63.47000122
2987	64.08000183
2988	63.13000107
2989	63.63000107
2990	63.20999908
2991	64.05000305
2992	64.05000305
2993	63.04999924
2994	63.77999878
2995	63.34000015
2996	63.50999832
2997	64.26000214
2998	63.41999817
2999	64.01000214
3000	63.79999924
3001	63.63000107
3002	64.62000275
3003	63.38000107
3004	64.09999847
3005	63.49000168
3006	63.75999832
3007	63.99000168
3008	63.65999985
3009	64.05999756
3010	63.74000168
3011	64.01000214
3012	63.84999847
3013	63.29999924
3014	63.86999893
3015	64.13999939
3016	63.72000122
3017	64.02999878
3018	63.36000061
3019	63.65999985
3020	64.38999939
3021	63.15000153
3022	63.97000122
3023	64.08000183
3024	64.09999847
3025	64.23999786
3026	64.48000336
3027	63.63000107
3028	64.08000183
3029	63.18999863
3030	64.01000214
3031	63.74000168
3032	63.50999832
3033	63.72000122
3034	64.02999878
3035	63.49000168
3036	63.52999878
3037	64.05999756
3038	63.52999878
3039	63.84000015
3040	64.18000031
3041	63.70000076
3042	63.52999878
3043	64.38999939
3044	63.68000031
3045	63.86999893
3046	63.99000168
3047	63.72000122
3048	63.59000015
3049	63.75999832
3050	64.12000275
3051	63.41999817
3052	63.56999969
3053	63.75999832
3054	63.40000153
3055	63.77999878
3056	63.95000076
3057	63.43999863
3058	63.52999878
3059	63.74000168
3060	63.75999832
3061	64.09999847
3062	64.30999756
3063	63.93000031
3064	63.49000168
3065	63.88999939
3066	63.84000015
3067	63.84000015
3068	63.52999878
3069	63.47000122
3070	63.54999924
3071	63.74000168
3072	63.22999954
3073	63.70000076
3074	63.84000015
3075	63.65999985
3076	64.02999878
3077	63.59000015
3078	63.65000153
3079	63.86999893
3080	63.84000015
3081	63.90999985
3082	63.61000061
3083	63.88999939
3084	63.86999893
3085	64.09999847
3086	63.50999832
3087	63.99000168
3088	63.75999832
3089	64.26000214
3090	63.74000168
3091	63.84999847
3092	63.97000122
3093	63.65000153
3094	63.79999924
3095	63.74000168
3096	63.68000031
3097	64.08000183
3098	63.97000122
3099	63.97000122
3100	63.61000061
3101	63.75999832
3102	63.49000168
3103	63.22999954
3104	63.74000168
3105	63.25999832
3106	63.02999878
3107	62.84000015
3108	63.11000061
3109	63
3110	63.20999908
3111	62.93999863
3112	63.09000015
3113	63.99000168
3114	64.05999756
3115	62.79000092
3116	62.88000107
3117	63.16999817
3118	63.22999954
3119	62.86000061
3120	62.84000015
3121	62.79000092
3122	62.63000107
3123	62.95999908
3124	61.65999985
3125	61.97000122
3126	61.72000122
3127	61.61999893
3128	61.34000015
3129	61.52999878
3130	60.86000061
3131	61.04999924
3132	60.88000107
3133	60.22999954
3134	61.11000061
3135	60.34999847
3136	60.63000107
3137	59.97999954
3138	60.27000046
3139	60.08000183
3140	60.38000107
3141	60.77999878
3142	60.15000153
3143	60.5
3144	60.56999969
3145	60.66999817
3146	60.41999817
3147	61.02999878
3148	60.54000092
3149	60.90000153
3150	61.20000076
3151	60.93999863
3152	61.68000031
3153	60.75
3154	61.29999924
3155	60.81999969
3156	60.93999863
3157	60.81999969
3158	61.61999893
3159	61.04999924
3160	61.22000122
3161	61.65999985
3162	61.00999832
3163	61.72000122
3164	61.09000015
3165	61.38999939
3166	61.09000015
3167	61.47000122
3168	62
3169	61.11000061
3170	61.61999893
3171	61.38000107
3172	61.40999985
3173	61.31999969
3174	61.84999847
3175	61.59999847
3176	61.88999939
3177	61.59000015
3178	61.99000168
3179	61.84999847
3180	61.38000107
3181	62.45999908
3182	61.22000122
3183	62.11999893
3184	61.65999985
3185	62.34999847
3186	61.74000168
3187	61.81000137
3188	62.47999954
3189	61.79000092
3190	62
3191	61.75999832
3192	62.36999893
3193	62.41999817
3194	62.22999954
3195	61.86999893
3196	62.15999985
3197	62.20000076
3198	61.99000168
3199	62.59999847
3200	61.45000076
3201	62.20999908
3202	62.06000137
3203	61.74000168
3204	62.40999985
3205	61.68000031
3206	62.20000076
3207	62.25
3208	61.40999985
3209	62.18000031
3210	62.52000046
3211	61.54999924
3212	62.29000092
3213	62.11999893
3214	62.13999939
3215	62.58000183
3216	62.45999908
3217	62.20999908
3218	62.41999817
3219	61.50999832
3220	62.31000137
3221	62.5
3222	61.81000137
3223	62.15999985
3224	62.40999985
3225	62.04000092
3226	62.08000183
3227	61.99000168
3228	62.34999847
3229	62.36999893
3230	61.83000183
3231	62.38999939
3232	62.5
3233	61.90999985
3234	61.61999893
3235	61.75999832
3236	62.34999847
3237	62.13999939
3238	61.70000076
3239	61.61999893
3240	62.20000076
3241	62.20000076
3242	62.20000076
3243	61.72000122
3244	61.95000076
3245	61.97000122
3246	62.15999985
3247	62.68999863
3248	61.79000092
3249	62.02000046
3250	62.09999847
3251	62.59999847
3252	62.27000046
3253	62.36999893
3254	62.20000076
3255	61.59000015
3256	62.15999985
3257	61.75999832
3258	61.52999878
3259	61.93000031
3260	61.61999893
3261	61.83000183
3262	62.08000183
3263	62.77000046
3264	62.95999908
3265	62.54000092
3266	62.72999954
3267	62.38999939
3268	62.5
3269	62.36999893
3270	62.75
3271	62.68999863
3272	62.38999939
3273	62.29000092
3274	62.81999969
3275	62.33000183
3276	62.97999954
3277	62.77000046
3278	62.20000076
3279	62.61999893
3280	62.95999908
3281	62.47999954
3282	62.65000153
3283	62.36999893
3284	62.29000092
3285	62.54000092
3286	61.93000031
3287	62.36999893
3288	62.27000046
3289	62.33000183
3290	62.34999847
3291	62.15999985
3292	62.36999893
3293	62.40999985
3294	62.34999847
3295	62.25
3296	62.38999939
3297	62.09999847
3298	62.38999939
3299	61.59999847
3300	62.02000046
3301	62.29000092
3302	61.97000122
3303	62.02000046
3304	61.93000031
3305	62.20000076
3306	62.22999954
3307	62.41999817
3308	62.47999954
3309	62.54000092
3310	62.27000046
3311	62.40999985
3312	62.29000092
3313	62.29000092
3314	62.09999847
3315	62.11999893
3316	62.29000092
3317	62.41999817
3318	62.29000092
3319	62.20000076
3320	62.22999954
3321	62.13999939
3322	62.22999954
3323	62.54000092
3324	62.41999817
3325	63.02000046
3326	61.93000031
3327	62.27000046
3328	62.41999817
3329	62.13999939
3330	61.83000183
3331	62.25
3332	62.36999893
3333	62.18000031
3334	62.22999954
3335	62.11999893
3336	62.04000092
3337	62.06000137
3338	62.06000137
3339	61.74000168
3340	62.36999893
3341	62.43999863
3342	62.27000046
3343	62.52000046
3344	62.54000092
3345	62.56000137
3346	62.34999847
3347	62.34999847
3348	62.20999908
3349	62.36999893
3350	62.34999847
3351	62.36999893
3352	62.25
3353	61.99000168
3354	61.97000122
3355	62.20999908
3356	62.33000183
3357	61.81000137
3358	61.90999985
3359	62.43999863
3360	62.65000153
3361	62.68999863
3362	61.99000168
3363	62
3364	62.40999985
3365	62.61999893
3366	62.06000137
3367	62.09999847
3368	62.43999863
3369	62.27000046
3370	61.79000092
3371	62.25
3372	62.15999985
3373	62.27000046
3374	62.27000046
3375	62.36999893
3376	62.08000183
3377	62.38999939
3378	61.63999939
3379	61.56999969
3380	62.08000183
3381	62.54000092
3382	62.59999847
3383	62.65000153
3384	62
3385	62.52000046
3386	62.18000031
3387	62.47999954
3388	62.52000046
3389	62.06000137
3390	62.40999985
3391	62.22999954
3392	62.45999908
3393	62.08000183
3394	62.02000046
3395	61.88999939
3396	62.15999985
3397	62.40999985
3398	62.15999985
3399	62.06000137
3400	62.68999863
3401	62.36999893
3402	62.81000137
3403	62.63000107
3404	62.91999817
3405	62.95999908
3406	62.93999863
3407	63
3408	62.45999908
3409	62.86000061
3410	62.84000015
3411	62.95999908
3412	62.84000015
3413	62.70999908
3414	62.93999863
3415	63.34000015
3416	63.09000015
3417	62.81999969
3418	63.27999878
3419	63.16999817
3420	62.81999969
3421	63
3422	63.13000107
3423	63.15000153
3424	62.97999954
3425	63.31999969
3426	63.09000015
3427	62.90000153
3428	63.13000107
3429	62.97999954
3430	63.13000107
3431	63.06999969
3432	63.18999863
3433	63.29999924
3434	63.25999832
3435	63.18999863
3436	63.68000031
3437	63.20999908
3438	63.70000076
3439	63.38000107
3440	63.52999878
3441	63.47000122
3442	62.93999863
3443	63.43999863
3444	64.18000031
3445	63.84999847
3446	63.31999969
3447	63.74000168
3448	63.41999817
3449	63.40000153
3450	63.29999924
3451	63.65999985
3452	63.97000122
3453	63.81999969
3454	63.65000153
3455	63.75999832
3456	63.56999969
3457	63.75999832
3458	63.34000015
3459	63.75999832
3460	63.95000076
3461	63.27999878
3462	63.74000168
3463	63.81999969
3464	63.38000107
3465	63.27999878
3466	63.31999969
3467	64.13999939
3468	63.24000168
3469	63.61000061
3470	63.68000031
3471	63.63000107
3472	63.06999969
3473	63.59000015
3474	64.05000305
3475	63.15000153
3476	63.56999969
3477	63.47000122
3478	63.74000168
3479	63.59000015
3480	63.97000122
3481	63.18999863
3482	63.70000076
3483	64.47000122
3484	63.40000153
3485	63.61000061
3486	63.02999878
3487	63.70000076
3488	64.02999878
3489	63.15000153
3490	63.72000122
3491	63.49000168
3492	63.29999924
3493	63.77999878
3494	63.27999878
3495	63.59000015
3496	63.49000168
3497	64.16000366
3498	63.75999832
3499	63.29999924
3500	63.79999924
3501	63.13000107
3502	63.52999878
3503	63.24000168
3504	63.74000168
3505	63.34000015
3506	63.59000015
3507	63.34000015
3508	64.01000214
3509	63.61000061
3510	63.38000107
3511	63.93000031
3512	63.41999817
3513	63.20999908
3514	63.74000168
3515	63.52999878
3516	63.45000076
3517	64.22000122
3518	63.63000107
3519	63.38000107
3520	63.88999939
3521	63.95000076
3522	63.16999817
3523	63.43999863
3524	64.05000305
3525	63.25999832
3526	63.31999969
3527	63.88999939
3528	63.41999817
3529	63.38000107
3530	63.79999924
3531	63.49000168
3532	63.52999878
3533	63.54999924
3534	63.79999924
3535	63.43999863
3536	63.22999954
3537	63.99000168
3538	63.70000076
3539	63.25999832
3540	63.59000015
3541	64.18000031
3542	62.75
3543	63.56999969
3544	63.24000168
3545	63.40000153
3546	63.31999969
3547	63.68000031
3548	63.86999893
3549	63.31999969
3550	63.31999969
3551	63.45000076
3552	63.18999863
3553	63.06999969
3554	63.54999924
3555	63.47000122
3556	63.77999878
3557	63.25999832
3558	63.86999893
3559	63.20999908
3560	63.16999817
3561	63.54999924
3562	63.88999939
3563	63.22999954
3564	63.50999832
3565	63.97000122
3566	63.31999969
3567	63.27999878
3568	63.31999969
3569	63.77999878
3570	63.34000015
3571	63.56999969
3572	63.65999985
3573	62.97999954
3574	63.25999832
3575	63.25999832
3576	63.22999954
3577	63.49000168
3578	62.93999863
3579	62.68999863
3580	62.93999863
3581	63.22999954
3582	62.59999847
3583	63.11000061
3584	63.15000153
3585	63.43999863
3586	62.63000107
3587	62.79000092
3588	62.97999954
3589	63.40000153
3590	62.79000092
3591	62.84000015
3592	63.09000015
3593	62.90000153
3594	62.58000183
3595	62.34999847
3596	62.22999954
3597	62.5
3598	61.61999893
3599	61.43000031
3600	61.79000092
3601	61.74000168
3602	60.86000061
3603	60.43999863
3604	60.86000061
3605	61.04999924
3606	60.34999847
3607	60.84000015
3608	60.18999863
3609	60.75
3610	60.22999954
3611	60.5
3612	60.56000137
3613	60.63000107
3614	60.15000153
3615	60.56999969
3616	60.86000061
3617	60.91999817
3618	60.86000061
3619	60.79999924
3620	60.93999863
3621	60.70999908
3622	60.88000107
3623	61.22000122
3624	60.75
3625	60.81999969
3626	61.22000122
3627	60.75999832
3628	60.72999954
3629	61.54999924
3630	61.56999969
3631	61.40999985
3632	61.38999939
3633	61.27999878
3634	61.47000122
3635	60.91999817
3636	61.63999939
3637	61.11000061
3638	61.97000122
3639	61.49000168
3640	61.61999893
3641	61.45000076
3642	61.54999924
3643	61.38999939
3644	61.63999939
3645	61.68000031
3646	62
3647	61.65999985
3648	61.81000137
3649	61.77999878
3650	61.93000031
3651	62.18000031
3652	62.04000092
3653	61.72000122
3654	61.43000031
3655	62.31000137
3656	62.63000107
3657	61.63999939
3658	61.77999878
3659	62.04000092
3660	62.33000183
3661	62.08000183
3662	61.63999939
3663	61.90999985
3664	61.86999893
3665	62.38999939
3666	62.15999985
3667	61.99000168
3668	61.83000183
3669	61.54999924
3670	62.11999893
3671	62.02000046
3672	62.61999893
3673	62.09999847
3674	61.93000031
3675	61.83000183
3676	61.97000122
3677	62.25
3678	62.29000092
3679	61.43000031
3680	62.02000046
3681	62.13999939
3682	62.11999893
3683	62.18000031
3684	61.88999939
3685	61.84999847
3686	61.84999847
3687	61.79000092
3688	61.86999893
3689	62.27000046
3690	62.59999847
3691	62.11999893
3692	61.90999985
3693	61.43000031
3694	62
3695	61.74000168
3696	61.81000137
3697	62.27000046
3698	61.72000122
3699	61.24000168
3700	61.77999878
3701	61.65999985
3702	62.11999893
3703	62.20000076
3704	62.15999985
3705	61.77999878
3706	61.59999847
3707	61.97000122
3708	62.08000183
3709	62.15999985
3710	62.38999939
3711	61.81000137
3712	61.72000122
3713	61.56999969
3714	61.77999878
3715	62.5
3716	62.15999985
3717	62.33000183
3718	61.65999985
3719	61.81000137
3720	62
3721	62.34999847
3722	62.13999939
3723	62.31000137
3724	62.02000046
3725	62.08000183
3726	62.08000183
3727	61.75999832
3728	61.54999924
3729	62.33000183
3730	62.22999954
3731	61.95000076
3732	62.13999939
3733	62.25
3734	61.38999939
3735	61.84999847
3736	61.83000183
3737	61.99000168
3738	61.99000168
3739	61.83000183
3740	61.95000076
3741	62
3742	62.36999893
3743	62.02000046
3744	62.20000076
3745	61.86999893
3746	62.06000137
3747	61.99000168
3748	61.75999832
3749	61.61999893
3750	61.61999893
3751	61.86999893
3752	61.95000076
3753	61.81000137
3754	61.84999847
3755	62.11999893
3756	62.43999863
3757	62.18000031
3758	61.86999893
3759	62.11999893
3760	61.75999832
3761	62.31000137
3762	62.11999893
3763	62.22999954
3764	62.22999954
3765	62.36999893
3766	62.58000183
3767	62.08000183
3768	62.15999985
3769	62.11999893
3770	62.13999939
3771	61.97000122
3772	61.81000137
3773	62.20999908
3774	62.47999954
3775	62.29000092
3776	62.36999893
3777	62.45999908
3778	62.29000092
3779	61.97000122
3780	62
3781	61.93000031
3782	62.27000046
3783	62.22999954
3784	62.31000137
3785	62.33000183
3786	62.68999863
3787	62.75
3788	62.59999847
3789	61.68000031
3790	62.09999847
3791	61.65999985
3792	61.24000168
3793	61.56999969
3794	61.93000031
3795	62
3796	61.86999893
3797	61.88999939
3798	62.36999893
3799	62.20999908
3800	62.47999954
3801	62.43999863
3802	62.31000137
3803	61.59000015
3804	61.83000183
3805	62.08000183
3806	61.50999832
3807	61.75999832
3808	61.88999939
3809	61.65999985
3810	61.68000031
3811	61.90999985
3812	61.88999939
3813	62.08000183
3814	61.86999893
3815	61.65999985
3816	61.90999985
3817	62.02000046
3818	61.75999832
3819	61.86999893
3820	62.20000076
3821	62.25
3822	62.08000183
3823	62.08000183
3824	62.20999908
3825	62.20000076
3826	62.40999985
3827	62.25
3828	62.38999939
3829	62.22999954
3830	62.02000046
3831	61.97000122
3832	62.04000092
3833	62.34999847
3834	61.93000031
3835	62.20000076
3836	61.74000168
3837	62.11999893
3838	62.02000046
3839	61.99000168
3840	62.04000092
3841	62.04000092
3842	62.36999893
3843	62.45999908
3844	62.20999908
3845	62.68999863
3846	62.18000031
3847	62.27000046
3848	62.47999954
3849	61.88999939
3850	61.84999847
3851	62
3852	61.93000031
3853	61.95000076
3854	62.45999908
3855	61.99000168
3856	62.66999817
3857	62.31000137
3858	62.38999939
3859	61.56999969
3860	62.08000183
3861	62.09999847
3862	61.77999878
3863	62.18000031
3864	62.45999908
3865	62.11999893
3866	62.06000137
3867	61.63999939
3868	61.56999969
3869	61.79000092
3870	61.74000168
3871	62.15999985
3872	62.15999985
3873	62.43999863
3874	62.41999817
3875	62.5
3876	62.20999908
3877	62.52000046
3878	62.40999985
3879	62.66999817
3880	62.52000046
3881	62.27000046
3882	62.54000092
3883	63.04999924
3884	62.59999847
3885	62.75
3886	62.31000137
3887	62.43999863
3888	62.58000183
3889	63.15000153
3890	63.20999908
3891	62.93999863
3892	63.25999832
3893	63.47000122
3894	63.38000107
3895	63.38000107
3896	62.90000153
3897	63.04999924
3898	63.02000046
3899	62.88000107
3900	62.93999863
3901	62.81000137
3902	63.22999954
3903	63.34000015
3904	62.86000061
3905	63.11000061
3906	63.24000168
3907	63.25999832
3908	63.09000015
3909	63.45000076
3910	63.16999817
3911	63.50999832
3912	63.50999832
3913	63.47000122
3914	63.38000107
3915	63.52999878
3916	63.88999939
3917	63.29999924
3918	63.74000168
3919	63.88999939
3920	63.45000076
3921	63.65999985
3922	63.88999939
3923	63.02000046
3924	63.02000046
3925	62.97999954
3926	63.02000046
3927	63.24000168
3928	63.02000046
3929	62.68999863
3930	63.06999969
3931	63.13000107
3932	62.86000061
3933	63.56999969
3934	63.41999817
3935	63.34000015
3936	63.29999924
3937	63.29999924
3938	63.27999878
3939	63.18999863
3940	63.79999924
3941	63.50999832
3942	63.20999908
3943	63.40000153
3944	63.38000107
3945	63.41999817
3946	63.49000168
3947	63.45000076
3948	63.16999817
3949	62.91999817
3950	62.75
3951	63.11000061
3952	63.38000107
3953	63.40000153
3954	63.02999878
3955	63.61000061
3956	63.47000122
3957	63.18999863
3958	63.36000061
3959	63.52999878
3960	63.06999969
3961	63.11000061
3962	63.40000153
3963	63.11000061
3964	63.29999924
3965	63.29999924
3966	63.90999985
3967	63.77999878
3968	63.52999878
3969	63.90999985
3970	63.31999969
3971	63.45000076
3972	63.04999924
3973	62.93999863
3974	63.31999969
3975	63.27999878
3976	62.91999817
3977	63.22999954
3978	63.02000046
3979	63.50999832
3980	63.27999878
3981	63.11000061
3982	63.25999832
3983	62.88000107
3984	63.40000153
3985	63.22999954
3986	63.02999878
3987	63.24000168
3988	63.74000168
3989	63.54999924
3990	63.27999878
3991	63.50999832
3992	63.29999924
3993	63.68000031
3994	63.50999832
3995	63.65999985
3996	63.65999985
3997	63.88999939
3998	63.49000168
3999	63.68000031
4000	63.75999832
4001	63.47000122
4002	63.61000061
4003	63.54999924
4004	63.56999969
4005	63.38000107
4006	63.29999924
4007	63.02999878
4008	63.40000153
4009	63.25999832
4010	63.24000168
4011	63.61000061
4012	63.16999817
4013	63.29999924
4014	63.70000076
4015	63.61000061
4016	63.38000107
4017	63.52999878
4018	63.52999878
4019	63.09000015
4020	63.79999924
4021	63.72000122
4022	63.47000122
4023	63.52999878
4024	63.16999817
4025	63.77999878
4026	63.45000076
4027	63.29999924
4028	63.31999969
4029	63.45000076
4030	62.86000061
4031	62.66999817
4032	62.59999847
4033	62.91999817
4034	63.06999969
4035	63.25999832
4036	63.27999878
4037	63.34000015
4038	63.68000031
4039	62.86000061
4040	63.68000031
4041	63.29999924
4042	63.36000061
4043	63.16999817
4044	63.59000015
4045	63.75999832
4046	63.72000122
4047	63.79999924
4048	63.15000153
4049	63.06999969
4050	62.86000061
4051	62.58000183
4052	62.68999863
4053	62.63000107
4054	62.79000092
4055	62.93999863
4056	63.06999969
4057	63.31999969
4058	63.41999817
4059	63.36000061
4060	62.93999863
4061	63.16999817
4062	62.93999863
4063	62.86000061
4064	62.25
4065	62.20000076
4066	62.40999985
4067	62.56000137
4068	62.43999863
4069	62.22999954
4070	62.04000092
4071	62.04000092
4072	61.93000031
4073	61.72000122
4074	61.70000076
4075	61.16999817
4076	60.65000153
4077	60.43999863
4078	60.31000137
4079	60.25
4080	60.27000046
4081	60.15000153
4082	60.15000153
4083	60.41999817
4084	60.40000153
4085	60.99000168
4086	60.33000183
4087	60.68999863
4088	60.79999924
4089	60.41999817
4090	60.41999817
4091	60.59000015
4092	60.27000046
4093	60.56999969
4094	60.45999908
4095	60.56999969
4096	60.75999832
4097	60.75
4098	61.02999878
4099	61.13000107
4100	61.34000015
4101	60.95999908
4102	61.49000168
4103	60.70999908
4104	60.52000046
4105	60.56999969
4106	61.09000015
4107	60.99000168
4108	61.22000122
4109	61.49000168
4110	61.59999847
4111	61.25999832
4112	61.43000031
4113	61.38999939
4114	61.61999893
4115	60.99000168
4116	61.59000015
4117	61.13000107
4118	61.45000076
4119	60.75999832
4120	61.04999924
4121	61.27999878
4122	61.09000015
4123	61.25999832
4124	61.50999832
4125	60.99000168
4126	61.36000061
4127	61.70000076
4128	61.74000168
4129	61.59000015
4130	61.52999878
4131	61.68000031
4132	62.04000092
4133	61.74000168
4134	61.84999847
4135	61.97000122
4136	61.83000183
4137	62.09999847
4138	61.99000168
4139	61.52999878
4140	61.59999847
4141	62
4142	61.83000183
4143	61.97000122
4144	61.86999893
4145	61.61999893
4146	61.93000031
4147	61.84999847
4148	61.88999939
4149	61.75999832
4150	61.40999985
4151	61.25999832
4152	61.31999969
4153	61.27999878
4154	62.04000092
4155	62.11999893
4156	61.59000015
4157	61.74000168
4158	62.41999817
4159	62.40999985
4160	61.52999878
4161	62.11999893
4162	61.81000137
4163	62.22999954
4164	61.70000076
4165	61.77999878
4166	61.86999893
4167	61.50999832
4168	61.63999939
4169	61.61999893
4170	62.09999847
4171	61.59000015
4172	61.75999832
4173	61.99000168
4174	61.59000015
4175	62.15999985
4176	61.63999939
4177	62.41999817
4178	62.5
4179	62.22999954
4180	62.11999893
4181	62.20000076
4182	61.84999847
4183	61.86999893
4184	61.77999878
4185	62.08000183
4186	61.72000122
4187	61.70000076
4188	62.29000092
4189	62.40999985
4190	62.63000107
4191	61.77999878
4192	61.88999939
4193	61.77999878
4194	61.88999939
4195	61.79000092
4196	62.11999893
4197	61.90999985
4198	62.06000137
4199	61.90999985
4200	62.54000092
4201	62.25
4202	61.75999832
4203	61.83000183
4204	61.83000183
4205	62.13999939
4206	61.95000076
4207	62.11999893
4208	62.04000092
4209	61.93000031
4210	62.08000183
4211	61.84999847
4212	62.20999908
4213	61.75999832
4214	61.70000076
4215	62.36999893
4216	61.68000031
4217	62.09999847
4218	62.40999985
4219	62.04000092
4220	62.31000137
4221	62.29000092
4222	62.31000137
4223	62.11999893
4224	61.40999985
4225	61.65999985
4226	61.84999847
4227	61.90999985
4228	61.50999832
4229	61.84999847
4230	62.63000107
4231	62.43999863
4232	62.18000031
4233	61.97000122
4234	62.08000183
4235	62.02000046
4236	62.06000137
4237	61.49000168
4238	61.84999847
4239	62
4240	62.11999893
4241	61.93000031
4242	62.38999939
4243	62.20000076
4244	62.20999908
4245	61.74000168
4246	61.68000031
4247	61.61999893
4248	62.34999847
4249	61.90999985
4250	62
4251	62.45999908
4252	62.75
4253	61.84999847
4254	62.20000076
4255	62.11999893
4256	61.59999847
4257	61.88999939
4258	61.93000031
4259	61.70000076
4260	62.20000076
4261	62.43999863
4262	62.06000137
4263	61.84999847
4264	61.56999969
4265	62
4266	61.61999893
4267	61.74000168
4268	62.33000183
4269	62.25
4270	62.45999908
4271	61.75999832
4272	61.72000122
4273	61.56999969
4274	62.09999847
4275	61.84999847
4276	61.81000137
4277	62.20000076
4278	62.43999863
4279	61.83000183
4280	62
4281	61.88999939
4282	62.02000046
4283	61.95000076
4284	62.65000153
4285	62.5
4286	61.72000122
4287	62.09999847
4288	62.13999939
4289	62.18000031
4290	62.11999893
4291	62.11999893
4292	61.83000183
4293	62.63000107
4294	62.02000046
4295	62.06000137
4296	62.22999954
4297	61.45000076
4298	61.61999893
4299	61.68000031
4300	61.93000031
4301	61.83000183
4302	61.97000122
4303	62.25
4304	62.38999939
4305	61.88999939
4306	61.90999985
4307	62.18000031
4308	62.45999908
4309	62.27000046
4310	62.27000046
4311	62.13999939
4312	62.25
4313	62.38999939
4314	62.36999893
4315	62.02000046
4316	62.33000183
4317	62.06000137
4318	62.22999954
4319	62.36999893
4320	61.97000122
4321	61.97000122
4322	61.63999939
4323	61.99000168
4324	61.31999969
4325	61.68000031
4326	61.59999847
4327	61.68000031
4328	62
4329	62.13999939
4330	61.56999969
4331	61.97000122
4332	62.06000137
4333	61.93000031
4334	61.88999939
4335	62.04000092
4336	62.20000076
4337	61.93000031
4338	62.36999893
4339	61.93000031
4340	61.70000076
4341	61.74000168
4342	61.72000122
4343	62
4344	62.04000092
4345	62.18000031
4346	62.22999954
4347	62.56000137
4348	62.27000046
4349	62.13999939
4350	62.06000137
4351	61.84999847
4352	62.04000092
4353	62.33000183
4354	62.20000076
4355	62.52000046
4356	62.20999908
4357	62.47999954
4358	62.09999847
4359	61.70000076
4360	62.06000137
4361	62.59999847
4362	62.40999985
4363	62.86000061
4364	63.22999954
4365	62.81000137
4366	63.06999969
4367	62.45999908
4368	63.02000046
4369	62.56000137
4370	62.63000107
4371	62.90000153
4372	63.11000061
4373	62.54000092
4374	62.75
4375	63.09000015
4376	63.41999817
4377	62.58000183
4378	62.97999954
4379	63.04999924
4380	63.18999863
4381	63.20999908
4382	62.68999863
4383	63.29999924
4384	62.81999969
4385	63.31999969
4386	62.43999863
4387	62.95999908
4388	63.18999863
4389	63.41999817
4390	62.86000061
4391	63.18999863
4392	63.41999817
4393	62.90000153
4394	63.09000015
4395	63.20999908
4396	63.47000122
4397	63.27999878
4398	63.20999908
4399	62.77000046
4400	63.36000061
4401	63.59000015
4402	63.13000107
4403	63.18999863
4404	63.40000153
4405	62.61999893
4406	63.36000061
4407	62.81000137
4408	63.02000046
4409	62.95999908
4410	63.31999969
4411	63.72000122
4412	62.93999863
4413	63.29999924
4414	63.24000168
4415	63.13000107
4416	62.65000153
4417	63.06999969
4418	63.40000153
4419	62.79000092
4420	63.16999817
4421	63.06999969
4422	62.95999908
4423	63.11000061
4424	63.22999954
4425	63.52999878
4426	63.02999878
4427	63
4428	62.81999969
4429	63.50999832
4430	62.84000015
4431	63.41999817
4432	63.22999954
4433	62.58000183
4434	62.86000061
4435	63.68000031
4436	62.77000046
4437	63.04999924
4438	63.15000153
4439	62.90000153
4440	63.29999924
4441	63.06999969
4442	63.02000046
4443	63.38000107
4444	63.40000153
4445	62.88000107
4446	63.52999878
4447	63.75999832
4448	63.06999969
4449	62.77000046
4450	63.50999832
4451	62.95999908
4452	63.22999954
4453	63.41999817
4454	63.22999954
4455	63.16999817
4456	63.31999969
4457	62.84000015
4458	62.81999969
4459	63.52999878
4460	62.79000092
4461	63.04999924
4462	62.88000107
4463	63.13000107
4464	62.56000137
4465	62.68999863
4466	63.02999878
4467	63.18999863
4468	62.63000107
4469	63.02000046
4470	63.40000153
4471	62.93999863
4472	62.5
4473	62.97999954
4474	63.70000076
4475	63.02999878
4476	63.18999863
4477	63.15000153
4478	63.50999832
4479	62.88000107
4480	63.40000153
4481	63.11000061
4482	63.20999908
4483	63.09000015
4484	63.41999817
4485	63.52999878
4486	63.20999908
4487	63.20999908
4488	63.34000015
4489	63.72000122
4490	63.49000168
4491	63
4492	63.41999817
4493	63.75999832
4494	63.09000015
4495	62.90000153
4496	63.68000031
4497	63.25999832
4498	62.93999863
4499	63.43999863
4500	63.25999832
4501	62.88000107
4502	62.88000107
4503	63.15000153
4504	62.81999969
4505	63.16999817
4506	63.02999878
4507	63.24000168
4508	63.34000015
4509	63.52999878
4510	63.27999878
4511	63.02999878
4512	63.18999863
4513	63.25999832
4514	63.47000122
4515	62.86000061
4516	63.41999817
4517	63.38000107
4518	63.20999908
4519	62.79000092
4520	62.84000015
4521	63.04999924
4522	62.88000107
4523	63.13000107
4524	63.09000015
4525	62.40999985
4526	62.58000183
4527	62.81999969
4528	62.54000092
4529	62.5
4530	62.47999954
4531	62.81000137
4532	63.31999969
4533	62.70999908
4534	62.75
4535	62.95999908
4536	63.20999908
4537	62.88000107
4538	62.40999985
4539	62.47999954
4540	62.5
4541	62.93999863
4542	61.95000076
4543	62.15999985
4544	61.74000168
4545	62.04000092
4546	61.86999893
4547	61.16999817
4548	61.34000015
4549	61.16999817
4550	60.75999832
4551	60.66999817
4552	61.02999878
4553	60.81999969
4554	60.68999863
4555	60.40000153
4556	60.34999847
4557	60.54000092
4558	60.13999939
4559	60.75
4560	60.33000183
4561	60.45999908
4562	60.43999863
4563	59.97999954
4564	60.41999817
4565	60.99000168
4566	60.08000183
4567	60.72999954
4568	60.97000122
4569	59.88999939
4570	60.38000107
4571	60.86000061
4572	60.18999863
4573	60.63000107
4574	61.27999878
4575	60.41999817
4576	61.06999969
4577	61.63999939
4578	60.75999832
4579	60.99000168
4580	61.56999969
4581	61.13000107
4582	60.63000107
4583	61.00999832
4584	61.59999847
4585	60.70999908
4586	61.15000153
4587	61.29999924
4588	61.27999878
4589	60.90000153
4590	61.13000107
4591	61.40999985
4592	61.22000122
4593	61.15000153
4594	61.50999832
4595	61.47000122
4596	61.34000015
4597	61.40999985
4598	61.68000031
4599	61.86999893
4600	61.15000153
4601	61.36000061
4602	61.97000122
4603	61.86999893
4604	61.38000107
4605	61.09000015
4606	61.52999878
4607	61.50999832
4608	62.15999985
4609	61.74000168
4610	61.83000183
4611	61.70000076
4612	62.08000183
4613	62.04000092
4614	61.50999832
4615	61.38999939
4616	61.99000168
4617	62.08000183
4618	61.68000031
4619	61.59999847
4620	61.79000092
4621	61.61999893
4622	61.88999939
4623	61.65999985
4624	61.81000137
4625	61.72000122
4626	61.61999893
4627	61.45000076
4628	61.63999939
4629	61.86999893
4630	61.20000076
4631	61.59999847
4632	61.97000122
4633	61.95000076
4634	62.11999893
4635	61.38000107
4636	61.68000031
4637	61.77999878
4638	61.88999939
4639	62.29000092
4640	61.70000076
4641	61.27999878
4642	61.61999893
4643	61.74000168
4644	61.97000122
4645	61.99000168
4646	62.15999985
4647	61.59999847
4648	61.63999939
4649	61.61999893
4650	61.93000031
4651	62.25
4652	61.79000092
4653	61.99000168
4654	61.84999847
4655	61.77999878
4656	62.18000031
4657	61.93000031
4658	62.02000046
4659	61.75999832
4660	61.50999832
4661	61.90999985
4662	61.65999985
4663	62.04000092
4664	62.06000137
4665	62.20000076
4666	62.52000046
4667	61.93000031
4668	61.63999939
4669	62.08000183
4670	62.08000183
4671	61.83000183
4672	61.86999893
4673	62.25
4674	62.04000092
4675	61.84999847
4676	61.40999985
4677	61.79000092
4678	61.65999985
4679	61.79000092
4680	62.15999985
4681	61.88999939
4682	61.77999878
4683	62.04000092
4684	61.88999939
4685	62.06000137
4686	61.83000183
4687	62.25
4688	62.18000031
4689	62.15999985
4690	61.72000122
4691	61.81000137
4692	61.65999985
4693	61.86999893
4694	61.74000168
4695	61.61999893
4696	61.99000168
4697	61.74000168
4698	61.49000168
4699	61.65999985
4700	61.88999939
4701	61.84999847
4702	61.81000137
4703	61.93000031
4704	61.93000031
4705	61.88999939
4706	61.72000122
4707	61.99000168
4708	61.74000168
4709	61.70000076
4710	61.93000031
4711	61.72000122
4712	62.11999893
4713	62.18000031
4714	62.18000031
4715	62.54000092
4716	61.86999893
4717	62.5
4718	61.99000168
4719	62.20000076
4720	62.63000107
4721	62.47999954
4722	61.40999985
4723	61.59000015
4724	61.50999832
4725	61.84999847
4726	61.95000076
4727	61.99000168
4728	62.29000092
4729	62
4730	62.13999939
4731	62.43999863
4732	61.83000183
4733	61.50999832
4734	61.72000122
4735	61.68000031
4736	61.61999893
4737	61.81000137
4738	61.77999878
4739	62.06000137
4740	61.68000031
4741	62.34999847
4742	62.34999847
4743	62.29000092
4744	62.15999985
4745	62.5
4746	61.59000015
4747	61.88999939
4748	61.90999985
4749	61.83000183
4750	62.02000046
4751	61.88999939
4752	62.02000046
4753	62.20000076
4754	62.43999863
4755	62.15999985
4756	61.83000183
4757	62.18000031
4758	62.09999847
4759	61.27999878
4760	61.68000031
4761	61.86999893
4762	61.84999847
4763	62.06000137
4764	62.08000183
4765	62.09999847
4766	61.99000168
4767	62.20000076
4768	61.93000031
4769	62.47999954
4770	62.25
4771	61.84999847
4772	61.49000168
4773	61.84999847
4774	61.97000122
4775	62
4776	62.20999908
4777	62.31000137
4778	61.86999893
4779	62.13999939
4780	61.86999893
4781	62.29000092
4782	61.68000031
4783	62.04000092
4784	61.81000137
4785	61.88999939
4786	61.65999985
4787	61.81000137
4788	61.93000031
4789	62.22999954
4790	62.15999985
4791	62.20999908
4792	61.95000076
4793	62.09999847
4794	61.45000076
4795	61.59000015
4796	62.02000046
4797	61.59999847
4798	62
4799	61.95000076
4800	61.77999878
4801	61.59999847
4802	61.83000183
4803	61.99000168
4804	61.97000122
4805	62.29000092
4806	62.22999954
4807	62.11999893
4808	62.13999939
4809	62.63000107
4810	61.81000137
4811	61.79000092
4812	61.84999847
4813	61.52999878
4814	61.61999893
4815	61.52999878
4816	61.61999893
4817	61.84999847
4818	62.02000046
4819	61.93000031
4820	62.27000046
4821	62.15999985
4822	62.5
4823	62.43999863
4824	62.45999908
4825	62.20000076
4826	62
4827	62
4828	62.43999863
4829	62.11999893
4830	62.11999893
4831	62.27000046
4832	62.40999985
4833	62.81000137
4834	62.66999817
4835	62.58000183
4836	63.20999908
4837	63.09000015
4838	62.65000153
4839	62.45999908
4840	62.63000107
4841	62.77000046
4842	62.43999863
4843	62.61999893
4844	62.86000061
4845	63.18999863
4846	63.02000046
4847	62.70999908
4848	62.95999908
4849	62.56000137
4850	62.81000137
4851	62.47999954
4852	63
4853	63.20999908
4854	63.18999863
4855	62.88000107
4856	63.49000168
4857	63.31999969
4858	63.59000015
4859	63.11000061
4860	63
4861	62.77000046
4862	62.95999908
4863	63.11000061
4864	63.02000046
4865	63.38000107
4866	63.36000061
4867	62.91999817
4868	62.77000046
4869	62.81999969
4870	63.27999878
4871	63.36000061
4872	63.27999878
4873	63.59000015
4874	63.54999924
4875	62.65000153
4876	63.02000046
4877	63.18999863
4878	62.93999863
4879	63.54999924
4880	63.25999832
4881	62.84000015
4882	63.04999924
4883	63.20999908
4884	63.34000015
4885	63.27999878
4886	62.93999863
4887	62.86000061
4888	63.02000046
4889	63.52999878
4890	63.36000061
4891	63.49000168
4892	62.72999954
4893	63.09000015
4894	63.25999832
4895	63
4896	62.93999863
4897	63.47000122
4898	62.66999817
4899	62.81000137
4900	62.66999817
4901	62.91999817
4902	63.25999832
4903	63.25999832
4904	63.13000107
4905	62.66999817
4906	62.81000137
4907	62.90000153
4908	63.45000076
4909	62.88000107
4910	63.25999832
4911	62.66999817
4912	63.22999954
4913	62.97999954
4914	63.15000153
4915	63.52999878
4916	63.06999969
4917	63.06999969
4918	63.38000107
4919	63.47000122
4920	62.88000107
4921	63.11000061
4922	63.34000015
4923	63.52999878
4924	63.20999908
4925	62.65000153
4926	62.97999954
4927	63
4928	63.22999954
4929	63.06999969
4930	63.02000046
4931	63.02999878
4932	63.20999908
4933	63.25999832
4934	63.25999832
4935	62.86000061
4936	62.81999969
4937	63.11000061
4938	63.06999969
4939	63.68000031
4940	62.52000046
4941	63.16999817
4942	63.20999908
4943	63.22999954
4944	62.84000015
4945	62.81999969
4946	63.04999924
4947	62.90000153
4948	63.38000107
4949	62.86000061
4950	62.75
4951	63.24000168
4952	63.13000107
4953	63.18999863
4954	63.34000015
4955	62.52000046
4956	62.84000015
4957	63.02000046
4958	63.40000153
4959	63.02999878
4960	62.79000092
4961	63.02000046
4962	63.02000046
4963	63.34000015
4964	63.11000061
4965	62.09999847
4966	62.61999893
4967	62.97999954
4968	63.38000107
4969	63.29999924
4970	62.68999863
4971	62.90000153
4972	63.68000031
4973	62.95999908
4974	63.86999893
4975	63.43999863
4976	63.29999924
4977	63.15000153
4978	63.68000031
4979	63.84000015
4980	62.86000061
4981	63.11000061
4982	63.25999832
4983	63.75999832
4984	63.09000015
4985	63
4986	63.04999924
4987	63.49000168
4988	63.40000153
4989	63.43999863
4990	63.27999878
4991	63.38000107
4992	63.18999863
4993	63.41999817
4994	63.52999878
4995	62.90000153
4996	63.22999954
4997	63.11000061
4998	63.50999832
4999	62.79000092
5000	62.79000092
5001	63.13000107
5002	63.18999863
5003	63.24000168
5004	62.5
5005	62.72999954
5006	63.13000107
5007	62.91999817
5008	63
5009	63.16999817
5010	62.72999954
5011	62.54000092
5012	62.52000046
5013	62.59999847
5014	62.70999908
5015	61.81000137
5016	61.63999939
5017	61.27999878
5018	61.38999939
5019	61.40999985
5020	60.95999908
5021	60.45999908
5022	60.59000015
5023	60.70999908
5024	60.59000015
5025	60.72999954
5026	60.66999817
5027	59.84999847
5028	60.33000183
5029	60.5
5030	60.31000137
5031	60.16999817
5032	60.70999908
5033	60.65000153
5034	60.34999847
5035	60.29000092
5036	60.04000092
5037	60
5038	60.40000153
5039	60.56999969
5040	60.33000183
5041	60.77999878
5042	60.56999969
5043	60.47999954
5044	60.33000183
5045	60.34999847
5046	60.52000046
5047	61.11000061
5048	60.88000107
5049	60.95999908
5050	61.15000153
5051	61.34000015
5052	61.11000061
5053	61.00999832
5054	60.88000107
5055	60.31000137
5056	60.72999954
5057	60.59000015
5058	60.66999817
5059	60.97000122
5060	61.16999817
5061	61.36000061
5062	61.61999893
5063	61.77999878
5064	61.20000076
5065	61.36000061
5066	61.16999817
5067	61.43000031
5068	60.97000122
5069	61.50999832
5070	61.52999878
5071	61.68000031
5072	61.75999832
5073	61.83000183
5074	61.84999847
5075	61.70000076
5076	61.50999832
5077	61.36000061
5078	61.40999985
5079	61.36000061
5080	61.45000076
5081	61.65999985
5082	61.59000015
5083	61.97000122
5084	61.56999969
5085	62.22999954
5086	61.59000015
5087	61.75999832
5088	61.43000031
5089	61.72000122
5090	61.54999924
5091	61.43000031
5092	61.43000031
5093	61.70000076
5094	61.77999878
5095	61.81000137
5096	61.97000122
5097	61.77999878
5098	61.34000015
5099	61.27999878
5100	61.70000076
5101	61.75999832
5102	62.04000092
5103	61.83000183
5104	61.95000076
5105	61.75999832
5106	61.54999924
5107	61.86999893
5108	61.95000076
5109	62.22999954
5110	61.29999924
5111	61.47000122
5112	61.72000122
5113	61.84999847
5114	61.63999939
5115	61.74000168
5116	61.75999832
5117	62.33000183
5118	62.47999954
5119	61.83000183
5120	61.70000076
5121	61.63999939
5122	61.74000168
5123	61.77999878
5124	61.75999832
5125	62
5126	62.20999908
5127	62.04000092
5128	61.99000168
5129	62.52000046
5130	61.70000076
5131	61.84999847
5132	61.61999893
5133	61.38000107
5134	62.15999985
5135	62
5136	61.79000092
5137	61.90999985
5138	62
5139	62.13999939
5140	61.77999878
5141	61.59000015
5142	61.61999893
5143	62.06000137
5144	62
5145	61.81000137
5146	61.74000168
5147	62.04000092
5148	61.77999878
5149	62.08000183
5150	62.34999847
5151	62.20000076
5152	61.65999985
5153	61.56999969
5154	61.70000076
5155	61.52999878
5156	61.72000122
5157	61.59000015
5158	61.88999939
5159	61.84999847
5160	61.97000122
5161	61.75999832
5162	61.77999878
5163	62.34999847
5164	61.56999969
5165	61.59999847
5166	62.22999954
5167	61.95000076
5168	62.52000046
5169	62.40999985
5170	61.88999939
5171	61.95000076
5172	61.59999847
5173	62.27000046
5174	61.59999847
5175	61.90999985
5176	61.72000122
5177	61.95000076
5178	61.75999832
5179	62.20999908
5180	62.02000046
5181	62.04000092
5182	62.29000092
5183	62.29000092
5184	61.47000122
5185	61.54999924
5186	61.38999939
5187	61.79000092
5188	61.99000168
5189	61.77999878
5190	61.83000183
5191	61.99000168
5192	62.34999847
5193	62.11999893
5194	61.88999939
5195	61.77999878
5196	61.34000015
5197	61.61999893
5198	61.61999893
5199	61.68000031
5200	61.99000168
5201	62.40999985
5202	62.15999985
5203	62.29000092
5204	61.86999893
5205	61.90999985
5206	61.63999939
5207	61.95000076
5208	61.63999939
5209	61.93000031
5210	62.11999893
5211	62.36999893
5212	61.59000015
5213	61.93000031
5214	61.74000168
5215	61.72000122
5216	62.04000092
5217	62.22999954
5218	61.77999878
5219	62.09999847
5220	61.56999969
5221	61.79000092
5222	61.83000183
5223	61.79000092
5224	62.27000046
5225	61.93000031
5226	61.99000168
5227	61.75999832
5228	61.72000122
5229	61.88999939
5230	61.63999939
5231	62.27000046
5232	62.09999847
5233	61.90999985
5234	61.43000031
5235	61.72000122
5236	62.06000137
5237	61.86999893
5238	62.34999847
5239	62.45999908
5240	61.63999939
5241	61.61999893
5242	61.88999939
5243	62
5244	62.22999954
5245	62.08000183
5246	61.99000168
5247	61.72000122
5248	61.79000092
5249	61.97000122
5250	62.25
5251	62.15999985
5252	62.41999817
5253	62.25
5254	61.54999924
5255	61.59000015
5256	61.65999985
5257	61.93000031
5258	62.06000137
5259	61.90999985
5260	61.81000137
5261	61.63999939
5262	61.79000092
5263	61.77999878
5264	62.25
5265	62.33000183
5266	62.22999954
5267	61.74000168
5268	62.04000092
5269	61.84999847
5270	62.04000092
5271	62.31000137
5272	62.09999847
5273	61.75999832
5274	61.61999893
5275	62.02000046
5276	61.90999985
5277	62.20999908
5278	61.97000122
5279	62.43999863
5280	61.90999985
5281	61.56999969
5282	61.83000183
5283	61.77999878
5284	62.04000092
5285	62
5286	62.34999847
5287	62.43999863
5288	62.63000107
5289	61.95000076
5290	62.09999847
5291	62
5292	62
5293	62.31000137
5294	61.93000031
5295	62.15999985
5296	62.61999893
5297	61.88999939
5298	62.09999847
5299	61.83000183
5300	61.84999847
5301	61.86999893
5302	61.97000122
5303	61.88999939
5304	62.36999893
5305	62.43999863
5306	62.65000153
5307	62.43999863
5308	62.34999847
5309	62.5
5310	62.63000107
5311	62.15999985
5312	62.63000107
5313	62.58000183
5314	62.88000107
5315	62.81000137
5316	62.15999985
5317	62.75
5318	62.81000137
5319	63.02999878
5320	63.25999832
5321	62.91999817
5322	63.22999954
5323	62.95999908
5324	63.36000061
5325	63.04999924
5326	62.91999817
5327	63.09000015
5328	63
5329	63.54999924
5330	63.47000122
5331	62.91999817
5332	62.97999954
5333	62.91999817
5334	63.22999954
5335	62.95999908
5336	63.38000107
5337	63.25999832
5338	62.65000153
5339	63.02000046
5340	62.81000137
5341	63.06999969
5342	62.81000137
5343	63.34000015
5344	63.59000015
5345	63.59000015
5346	62.91999817
5347	63.04999924
5348	63.02000046
5349	63.16999817
5350	62.90000153
5351	63.24000168
5352	63.09000015
5353	63.45000076
5354	63.18999863
5355	62.95999908
5356	62.93999863
5357	63.25999832
5358	63.16999817
5359	63.27999878
5360	63.27999878
5361	63.36000061
5362	63.56999969
5363	63.65999985
5364	62.84000015
5365	62.81999969
5366	62.66999817
5367	62.63000107
5368	62.77000046
5369	62.84000015
5370	63.15000153
5371	63.22999954
5372	63.09000015
5373	63.20999908
5374	63.68000031
5375	63.54999924
5376	63.54999924
5377	63.43999863
5378	63.20999908
5379	63
5380	63.36000061
5381	63.52999878
5382	63.16999817
5383	63.45000076
5384	63.59000015
5385	63.45000076
5386	63.25999832
5387	63.25999832
5388	62.93999863
5389	62.88000107
5390	63
5391	62.5
5392	63
5393	63.09000015
5394	62.75
5395	63.06999969
5396	62.81000137
5397	62.65000153
5398	62.93999863
5399	62.93999863
5400	62.91999817
5401	62.88000107
5402	63.24000168
5403	63.36000061
5404	63.31999969
5405	63.49000168
5406	62.86000061
5407	62.72999954
5408	62.47999954
5409	62.79000092
5410	62.75
5411	63.02999878
5412	63.11000061
5413	63.27999878
5414	63.50999832
5415	63.11000061
5416	62.79000092
5417	62.70999908
5418	62.79000092
5419	62.70999908
5420	63.29999924
5421	63.22999954
5422	63.45000076
5423	63.38000107
5424	63.29999924
5425	63.31999969
5426	63.13000107
5427	62.93999863
5428	62.75
5429	63.13000107
5430	63.11000061
5431	63.02000046
5432	63.29999924
5433	63.22999954
5434	63.86999893
5435	63.41999817
5436	63.38000107
5437	63.41999817
5438	63.18999863
5439	62.81999969
5440	63.15000153
5441	62.90000153
5442	62.97999954
5443	63.11000061
5444	63.47000122
5445	63.54999924
5446	63.38000107
5447	63.24000168
5448	62.66999817
5449	62.90000153
5450	62.91999817
5451	63.11000061
5452	63.27999878
5453	63.20999908
5454	63.56999969
5455	63.38000107
5456	63.61000061
5457	63.16999817
5458	62.61999893
5459	62.66999817
5460	62.66999817
5461	63.18999863
5462	63.04999924
5463	62.97999954
5464	63.47000122
5465	63.29999924
5466	62.81000137
5467	62.81999969
5468	63.34000015
5469	62.70999908
5470	62.77000046
5471	63.25999832
5472	63.25999832
5473	63.31999969
5474	63.24000168
5475	62.81999969
5476	62.41999817
5477	62.52000046
5478	62.45999908
5479	62.65000153
5480	62.54000092
5481	62.84000015
5482	62.84000015
5483	62.58000183
5484	62.61999893
5485	62.70999908
5486	62.91999817
5487	62.43999863
5488	62.70999908
5489	61.84999847
5490	61.38000107
5491	61.31999969
5492	61.68000031
5493	61.34000015
5494	61.47000122
5495	60.93999863
5496	61.00999832
5497	60.65000153
5498	60.66999817
5499	60.47999954
5500	59.81000137
5501	60.16999817
5502	60.20999908
5503	60.04000092
5504	60.68999863
5505	60.65000153
5506	60.06000137
5507	59.90999985
5508	60.54000092
5509	60.5
5510	60.61000061
5511	60.59000015
5512	59.79000092
5513	60.15000153
5514	60.65000153
5515	60.63000107
5516	60.27000046
5517	60.88000107
5518	60.77999878
5519	61.18000031
5520	60.75
5521	60.77999878
5522	61.31999969
5523	61.06999969
5524	60.75
5525	60.43999863
5526	61.04999924
5527	61.70000076
5528	60.99000168
5529	60.91999817
5530	60.93999863
5531	61.06999969
5532	61.56999969
5533	61.13000107
5534	61.00999832
5535	61.15000153
5536	61.38999939
5537	61.74000168
5538	61.72000122
5539	60.93999863
5540	61.31999969
5541	61.65999985
5542	61.43000031
5543	60.95999908
5544	61.38999939
5545	61.34000015
5546	61.84999847
5547	61.38999939
5548	61.06999969
5549	61.68000031
5550	61.54999924
5551	61.50999832
5552	61.75999832
5553	61.59000015
5554	61.68000031
5555	61.84999847
5556	61.06999969
5557	61.47000122
5558	61.79000092
5559	62.20999908
5560	61.38000107
5561	61.50999832
5562	61.77999878
5563	61.90999985
5564	61.43000031
5565	61.70000076
5566	61.63999939
5567	62.08000183
5568	61.95000076
5569	62.11999893
5570	61.49000168
5571	61.61999893
5572	61.34000015
5573	61.43000031
5574	61.84999847
5575	61.63999939
5576	62.04000092
5577	61.59000015
5578	61.70000076
5579	61.49000168
5580	62.31000137
5581	61.93000031
5582	62
5583	61.84999847
5584	61.77999878
5585	61.59000015
5586	61.34000015
5587	61.93000031
5588	61.36000061
5589	61.65999985
5590	61.93000031
5591	61.75999832
5592	62.06000137
5593	61.16999817
5594	61.97000122
5595	61.36000061
5596	61.68000031
5597	61.97000122
5598	62.09999847
5599	61.31999969
5600	61.59999847
5601	62.38999939
5602	61.59000015
5603	61.90999985
5604	61.83000183
5605	61.75999832
5606	62
5607	61.86999893
5608	61.65999985
5609	61.97000122
5610	62.36999893
5611	61.52999878
5612	61.65999985
5613	61.99000168
5614	62.22999954
5615	61.56999969
5616	61.88999939
5617	61.93000031
5618	62.22999954
5619	61.84999847
5620	62.31000137
5621	61.79000092
5622	61.79000092
5623	62.02000046
5624	61.56999969
5625	61.59000015
5626	61.88999939
5627	62.36999893
5628	61.54999924
5629	62.54000092
5630	61.90999985
5631	61.75999832
5632	61.90999985
5633	61.88999939
5634	61.90999985
5635	61.83000183
5636	62.09999847
5637	61.77999878
5638	61.88999939
5639	62.13999939
5640	62.25
5641	61.38999939
5642	62.02000046
5643	62.27000046
5644	61.59000015
5645	61.93000031
5646	62.27000046
5647	61.77999878
5648	61.65999985
5649	61.79000092
5650	62.58000183
5651	61.36000061
5652	61.77999878