1	316.0000145
2	315.8000112
3	316.0000145
4	315.8999979
5	316.0000145
6	316.0000145
7	315.8999979
8	315.8999979
9	316.0000145
10	316.1000013
11	316.0000145
12	316.0000145
13	316.0000145
14	316.0000145
15	316.0000145
16	316.0000145
17	316.1000013
18	316.1000013
19	316.0000145
20	315.8999979
21	316.0000145
22	316.0000145
23	316.0000145
24	315.8000112
25	315.8999979
26	316.1000013
27	315.8999979
28	315.8000112
29	316.0000145
30	316.0000145
31	316.0000145
32	316.0000145
33	316.0000145
34	316.1000013
35	315.8999979
36	315.8999979
37	315.8999979
38	315.6999946
39	315.6000078
40	315.6000078
41	315.6000078
42	315.6000078
43	315.6000078
44	315.6000078
45	315.6999946
46	315.6999946
47	315.6000078
48	315.6999946
49	315.6999946
50	315.8000112
51	316.0000145
52	316.0000145
53	315.8999979
54	315.8000112
55	315.8000112
56	315.8000112
57	315.8000112
58	315.6999946
59	315.6999946
60	315.6999946
61	315.8000112
62	315.6999946
63	315.6999946
64	315.8000112
65	315.8000112
66	315.8999979
67	315.8999979
68	315.8999979
69	315.6999946
70	315.6000078
71	315.6999946
72	315.4999912
73	315.6999946
74	315.6000078
75	315.6000078
76	315.6000078
77	315.6999946
78	315.6999946
79	315.6999946
80	315.6999946
81	315.6999946
82	315.6000078
83	315.4999912
84	315.6999946
85	315.4999912
86	315.6999946
87	315.6000078
88	315.6999946
89	315.6000078
90	315.6999946
91	316.0000145
92	315.8999979
93	316.0000145
94	315.8000112
95	315.8000112
96	315.8999979
97	315.8000112
98	315.8000112
99	315.8000112
100	315.8000112
101	316.0000145
102	316.0000145
103	315.6999946
104	315.2999878
105	315.1000142
106	315.1000142
107	314.7000074
108	314.5999908
109	314.3000007
110	314.3999875
111	314.2000139
112	314.3999875
113	314.3000007
114	314.3999875
115	314.7000074
116	314.9000108
117	315.200001
118	315.200001
119	315.4999912
120	315.8000112
121	316.0000145
122	316.0000145
123	316.1000013
124	316.1999881
125	316.1999881
126	316.5000081
127	316.7999983
128	316.9000149
129	317.0000017
130	317.0999885
131	317.2999918
132	317.6000118
133	317.2999918
134	317.2999918
135	317.2000051
136	317.2000051
137	317.2000051
138	316.9000149
139	317.0000017
140	317.2000051
141	317.2999918
142	317.2999918
143	317.4999952
144	317.2999918
145	317.4999952
146	317.2999918
147	317.4000084
148	317.4000084
149	317.4999952
150	317.4999952
151	317.2999918
152	317.6000118
153	317.2999918
154	317.4000084
155	317.4000084
156	317.2999918
157	317.4000084
158	317.6999986
159	317.4999952
160	317.7999854
161	317.9999888
162	318.1000054
163	317.900002
164	317.7999854
165	317.6999986
166	317.4999952
167	317.2999918
168	317.0000017
169	317.0000017
170	317.0999885
171	317.0000017
172	317.0000017
173	317.0000017
174	317.0000017
175	317.0000017
176	317.0000017
177	317.0000017
178	317.0999885
179	317.4000084
180	317.2999918
181	317.2999918
182	317.2999918
183	317.2000051
184	317.2999918
185	317.2999918
186	317.2999918
187	317.2999918
188	317.2999918
189	317.4000084
190	317.2999918
191	317.4000084
192	317.4000084
193	317.4000084
194	317.4999952
195	317.4000084
196	317.6000118
197	317.6000118
198	317.4999952
199	317.4999952
200	317.2999918
201	317.2999918
202	317.2000051
203	317.2999918
204	317.0999885
205	317.0999885
206	317.0000017
207	317.2000051
208	317.0000017
209	317.0000017
210	317.0999885
211	317.2999918
212	317.2000051
213	317.2999918
214	317.2000051
215	317.2000051
216	317.2999918
217	317.0999885
218	317.0999885
219	317.2000051
220	317.0999885
221	317.0000017
222	317.0000017
223	317.0000017
224	317.0000017
225	317.4000084
226	317.2999918
227	317.4000084
228	317.4999952
229	317.4000084
230	317.4000084
231	317.2999918
232	317.2999918
233	317.2999918
234	317.2000051
235	317.2999918
236	317.2999918
237	317.2000051
238	317.0999885
239	317.0999885
240	317.2000051
241	317.4000084
242	317.2000051
243	317.2999918
244	317.2999918
245	317.2999918
246	317.0000017
247	317.0000017
248	317.0000017
249	316.9000149
250	317.0000017
251	316.9000149
252	316.9000149
253	317.0000017
254	316.7999983
255	316.9000149
256	316.7000115
257	316.5000081
258	317.0000017
259	317.0000017
260	316.7999983
261	317.0000017
262	317.2000051
263	317.4000084
264	317.6000118
265	317.6000118
266	317.4000084
267	317.6000118
268	317.4000084
269	317.4000084
270	317.6000118
271	317.4999952
272	317.4999952
273	317.4999952
274	317.4000084
275	317.6000118
276	317.6999986
277	317.4000084
278	317.2999918
279	317.4000084
280	317.6000118
281	317.9999888
282	318.1000054
283	318.3000088
284	318.599999
285	319.0000057
286	319.0000057
287	319.2999959
288	319.4000125
289	319.2000091
290	319.0999925
291	318.3000088
292	316.7000115
293	316.0000145
294	314.2000139
295	312.2000098
296	310.4000092
297	309.5000088
298	307.9999983
299	306.6999912
300	305.7000041
301	305.2999973
302	305.2000105
303	304.8999906
304	304.8000038
305	304.8000038
306	305.4000139
307	305.7000041
308	306.1000109
309	306.4999878
310	307.0000112
311	307.5000048
312	307.7999949
313	307.9999983
314	308.6000085
315	308.8999987
316	309.3999922
317	309.5999956
318	310.0000024
319	310.2000058
320	310.2999926
321	310.6000125
322	310.6999993
323	311.1000061
324	311.1999929
325	311.5000129
326	311.6999865
327	311.8999898
328	311.8000031
329	312.0999932
330	312.4000132
331	312.5
332	312.5999868
333	312.7999902
334	312.7999902
335	313.1000102
336	312.9999936
337	313.1000102
338	313.1000102
339	313.1000102
340	313.1999969
341	313.3000135
342	313.3000135
343	313.4999871
344	313.8000071
345	313.8999939
346	313.6000037
347	313.6000037
348	313.4999871
349	313.4999871
350	313.4999871
351	313.6000037
352	313.6999905
353	313.6999905
354	313.8000071
355	313.8000071
356	313.8999939
357	314.0000105
358	314.0999973
359	314.2000139
360	314.0999973
361	314.3000007
362	314.2000139
363	314.3999875
364	314.3999875
365	314.5999908
366	314.5999908
367	314.7000074
368	314.7000074
369	314.5999908
370	314.3999875
371	314.3999875
372	314.3000007
373	314.3999875
374	314.3000007
375	314.7000074
376	314.5999908
377	314.5999908
378	314.7000074
379	314.5999908
380	314.5000041
381	314.5000041
382	314.5999908
383	314.7000074
384	314.5999908
385	314.7000074
386	314.7000074
387	314.7000074
388	314.7999942
389	314.9999976
390	314.9000108
391	314.9000108
392	314.9000108
393	314.9999976
394	314.7999942
395	314.5000041
396	314.7000074
397	314.7999942
398	314.7999942
399	314.7000074
400	314.9000108
401	314.7999942
402	315.1000142
403	315.1000142
404	314.0999973
405	314.0999973
406	314.3000007
407	314.3999875
408	314.3999875
409	314.3999875
410	314.5999908
411	314.5999908
412	314.5999908
413	314.7999942
414	314.7999942
415	314.5000041
416	314.5000041
417	314.5000041
418	314.3999875
419	314.5000041
420	314.3999875
421	314.5999908
422	314.7000074
423	314.5999908
424	314.5000041
425	314.5999908
426	314.7999942
427	314.7999942
428	314.7999942
429	314.7000074
430	314.7000074
431	314.7000074
432	314.7999942
433	314.7999942
434	314.7999942
435	314.9000108
436	315.1000142
437	315.1000142
438	315.1000142
439	315.1000142
440	315.1000142
441	314.9999976
442	315.200001
443	315.1000142
444	315.200001
445	315.1000142
446	315.4000044
447	315.200001
448	315.4000044
449	315.1000142
450	315.200001
451	315.1000142
452	315.1000142
453	314.9000108
454	314.9999976
455	314.9999976
456	315.1000142
457	314.9000108
458	314.9000108
459	315.1000142
460	315.1000142
461	315.1000142
462	315.1000142
463	314.9000108
464	315.200001
465	315.1000142
466	315.200001
467	315.4000044
468	315.4000044
469	315.4000044
470	315.4000044
471	315.200001
472	315.1000142
473	315.1000142
474	314.9999976
475	315.200001
476	314.9999976
477	315.1000142
478	314.7999942
479	314.9000108
480	314.9999976
481	315.1000142
482	315.1000142
483	314.9000108
484	314.9000108
485	314.9999976
486	315.1000142
487	315.1000142
488	315.200001
489	315.200001
490	315.4000044
491	315.2999878
492	315.2999878
493	315.4000044
494	315.2999878
495	315.2999878
496	315.2999878
497	315.200001
498	315.2999878
499	315.4000044
500	315.2999878
501	315.6000078
502	315.2999878
503	315.6999946
504	315.4999912
505	315.6000078
506	315.8000112
507	315.6999946
508	315.8000112
509	315.4999912
510	315.4000044
511	315.4000044
512	315.4000044
513	315.2999878
514	315.4000044
515	315.4000044
516	315.4999912
517	315.4000044
518	315.4000044
519	315.4000044
520	315.4000044
521	315.4000044
522	315.1000142
523	315.1000142
524	315.1000142
525	314.9000108
526	315.4000044
527	314.7999942
528	314.9000108
529	315.4000044
530	315.4000044
531	315.4999912
532	315.4999912
533	315.4000044
534	315.4000044
535	315.4000044
536	315.200001
537	315.1000142
538	315.2999878
539	315.200001
540	315.2999878
541	315.2999878
542	315.2999878
543	315.4000044
544	315.1000142
545	315.4000044
546	315.4999912
547	315.4000044
548	315.200001
549	315.200001
550	315.4000044
551	315.1000142
552	314.7000074
553	315.1000142
554	315.4999912
555	315.200001
556	315.4000044
557	315.4000044
558	315.200001
559	314.7999942
560	314.9999976
561	315.1000142
562	315.1000142
563	314.9000108
564	314.7999942
565	314.7999942
566	315.1000142
567	314.9999976
568	314.9999976
569	315.1000142
570	315.200001
571	315.200001
572	315.1000142
573	315.4000044
574	315.200001
575	315.200001
576	315.1000142
577	314.7999942
578	314.3999875
579	313.8000071
580	313.3000135
581	313.3000135
582	313.1000102
583	313.3000135
584	313.4999871
585	313.4999871
586	313.8000071
587	314.0999973
588	314.3000007
589	314.5999908
590	314.9999976
591	315.1000142
592	314.7000074
593	315.1000142
594	315.4000044
595	315.6999946
596	316.0000145
597	316.1999881
598	316.3000047
599	316.0000145
600	316.0000145
601	316.3000047
602	316.3000047
603	316.1999881
604	316.3000047
605	316.3999915
606	316.3000047
607	316.3999915
608	316.3000047
609	316.3999915
610	316.3999915
611	316.3999915
612	316.5999949
613	316.5999949
614	316.3999915
615	316.3000047
616	316.3999915
617	316.3999915
618	316.3999915
619	316.5999949
620	316.7000115
621	316.7999983
622	316.7000115
623	316.7000115
624	316.5000081
625	316.5999949
626	316.7000115
627	316.7999983
628	316.7000115
629	316.7999983
630	316.7000115
631	316.7000115
632	316.5999949
633	316.7000115
634	316.7000115
635	316.9000149
636	316.7999983
637	316.7000115
638	316.5000081
639	316.7999983
640	316.5999949
641	316.3999915
642	316.3999915
643	316.7000115
644	316.5999949
645	316.3999915
646	316.5000081
647	316.7000115
648	316.7000115
649	316.5999949
650	316.7000115
651	316.7999983
652	316.7000115
653	316.3999915
654	316.7000115
655	316.7000115
656	316.7999983
657	316.5999949
658	316.5000081
659	316.5000081
660	316.7000115
661	316.5999949
662	316.5999949
663	316.3999915
664	316.5000081
665	316.7000115
666	316.9000149
667	316.7999983
668	317.0000017
669	316.7999983
670	316.7999983
671	316.9000149
672	316.7000115
673	316.7000115
674	316.7000115
675	316.3999915
676	316.3000047
677	316.3999915
678	316.7000115
679	316.5999949
680	316.7999983
681	316.9000149
682	316.7000115
683	316.7000115
684	316.7000115
685	316.5999949
686	316.7999983
687	316.9000149
688	316.7999983
689	316.7999983
690	317.0999885
691	317.2000051
692	317.2000051
693	317.2000051
694	316.9000149
695	316.3999915
696	316.3000047
697	316.1000013
698	316.3000047
699	316.1000013
700	316.3000047
701	316.3000047
702	316.7000115
703	316.7000115
704	316.5000081
705	316.7000115
706	316.9000149
707	316.9000149
708	316.7999983
709	316.7000115
710	316.9000149
711	316.9000149
712	316.7999983
713	316.7999983
714	317.0000017
715	317.0000017
716	316.9000149
717	316.9000149
718	317.0000017
719	316.7000115
720	316.7000115
721	316.7000115
722	316.9000149
723	317.0000017
724	317.0999885
725	316.9000149
726	316.7999983
727	316.7000115
728	316.7000115
729	316.7000115
730	316.7999983
731	316.7999983
732	316.9000149
733	316.9000149
734	316.7999983
735	317.2000051
736	317.0000017
737	317.0000017
738	317.0000017
739	317.0000017
740	317.0000017
741	317.0000017
742	317.0999885
743	316.9000149
744	317.0000017
745	316.9000149
746	316.7999983
747	317.0000017
748	316.7999983
749	317.0000017
750	316.7999983
751	316.7000115
752	316.5000081
753	316.7000115
754	317.2000051
755	317.6000118
756	317.7999854
757	317.9999888
758	318.3000088
759	318.3999956
760	318.8999891
761	318.8999891
762	319.2999959
763	318.599999
764	317.9999888
765	317.2999918
766	315.6999946
767	314.0000105
768	311.8999898
769	310.9000027
770	308.8999987
771	307.099998
772	305.9000075
773	305.4000139
774	304.399997
775	304.1000068
776	303.9999902
777	304.1000068
778	304.1000068
779	304.1999936
780	304.5000136
781	304.8999906
782	305.5000007
783	306.1000109
784	306.3000143
785	306.6999912
786	307.3000014
787	307.7000082
788	308.0999851
789	308.4999919
790	308.8999987
791	309.1999888
792	309.3000054
793	309.7000122
794	310.0999892
795	310.4999959
796	310.6999993
797	310.9000027
798	310.9999895
799	311.3999963
800	311.5000129
801	311.6999865
802	311.5999997
803	311.6999865
804	311.8999898
805	312.0000064
806	312.2000098
807	312.0000064
808	312.2999966
809	312.4000132
810	312.2999966
811	312.4000132
812	312.5
813	312.5
814	312.7999902
815	312.7999902
816	313.1000102
817	313.1000102
818	313.1999969
819	313.1999969
820	313.4000003
821	313.3000135
822	313.3000135
823	313.4999871
824	313.6999905
825	313.6999905
826	313.6999905
827	314.0000105
828	314.0999973
829	314.0000105
830	314.0999973
831	313.8999939
832	314.0999973
833	314.0999973
834	314.2000139
835	314.0999973
836	314.2000139
837	314.3000007
838	314.2000139
839	314.3999875
840	314.5999908
841	314.3999875
842	314.5000041
843	314.7000074
844	314.5000041
845	314.5999908
846	314.7000074
847	314.7999942
848	314.7000074
849	314.9999976
850	314.9999976
851	314.5000041
852	314.7999942
853	314.7999942
854	314.7999942
855	315.1000142
856	315.200001
857	315.4000044
858	315.200001
859	314.9999976
860	315.1000142
861	314.9000108
862	315.1000142
863	314.7999942
864	314.9999976
865	314.9000108
866	315.1000142
867	314.9999976
868	315.1000142
869	314.7000074
870	314.9000108
871	314.7999942
872	314.9000108
873	315.1000142
874	315.200001
875	315.1000142
876	315.1000142
877	314.9999976
878	315.1000142
879	315.1000142
880	314.9999976
881	315.1000142
882	315.200001
883	315.1000142
884	315.1000142
885	315.2999878
886	315.1000142
887	315.4000044
888	315.200001
889	315.2999878
890	315.1000142
891	315.4000044
892	315.2999878
893	315.200001
894	315.4000044
895	315.4999912
896	315.200001
897	315.200001
898	315.1000142
899	315.200001
900	315.2999878
901	315.1000142
902	315.1000142
903	314.9000108
904	314.9999976
905	315.1000142
906	315.4000044
907	315.1000142
908	315.2999878
909	315.200001
910	315.200001
911	315.2999878
912	315.200001
913	315.1000142
914	315.1000142
915	315.2999878
916	315.200001
917	315.1000142
918	315.1000142
919	315.4000044
920	315.200001
921	315.200001
922	315.2999878
923	315.4000044
924	315.4000044
925	315.2999878
926	315.6000078
927	315.2999878
928	315.4000044
929	315.2999878
930	315.1000142
931	315.200001
932	314.9999976
933	315.1000142
934	314.9000108
935	315.1000142
936	314.7999942
937	314.9999976
938	314.9000108
939	315.2999878
940	315.2999878
941	315.1000142
942	315.1000142
943	315.200001
944	315.1000142
945	314.7999942
946	315.2999878
947	315.2999878
948	315.4000044
949	315.4000044
950	315.4000044
951	315.6999946
952	315.4000044
953	315.2999878
954	315.2999878
955	315.6999946
956	315.4000044
957	315.6999946
958	315.6999946
959	315.4999912
960	315.6000078
961	315.4999912
962	315.4999912
963	315.4000044
964	315.200001
965	315.200001
966	315.200001
967	315.200001
968	315.200001
969	315.1000142
970	315.4000044
971	315.1000142
972	315.4000044
973	315.200001
974	315.2999878
975	315.4000044
976	315.1000142
977	315.2999878
978	315.2999878
979	315.4000044
980	315.2999878
981	315.4000044
982	315.4000044
983	315.4999912
984	315.4000044
985	315.6999946
986	315.6000078
987	315.4000044
988	315.4000044
989	315.4999912
990	315.4000044
991	315.200001
992	315.1000142
993	315.2999878
994	315.200001
995	315.1000142
996	315.1000142
997	315.2999878
998	315.200001
999	315.1000142
1000	315.200001
1001	314.9999976
1002	314.9999976
1003	314.9999976
1004	315.1000142
1005	315.1000142
1006	315.1000142
1007	315.200001
1008	315.1000142
1009	315.1000142
1010	315.1000142
1011	315.200001
1012	315.1000142
1013	315.1000142
1014	315.200001
1015	315.200001
1016	315.200001
1017	315.4000044
1018	315.2999878
1019	315.4000044
1020	315.4000044
1021	315.4000044
1022	315.1000142
1023	315.2999878
1024	315.1000142
1025	315.1000142
1026	315.1000142
1027	314.9999976
1028	315.1000142
1029	314.9000108
1030	315.1000142
1031	315.1000142
1032	315.1000142
1033	315.200001
1034	315.2999878
1035	315.1000142
1036	315.1000142
1037	314.9000108
1038	314.9000108
1039	314.9000108
1040	314.9000108
1041	314.9000108
1042	314.9000108
1043	314.7999942
1044	314.9000108
1045	314.7999942
1046	315.1000142
1047	315.200001
1048	315.4000044
1049	315.2999878
1050	314.9999976
1051	314.7000074
1052	314.7000074
1053	314.3999875
1054	314.2000139
1055	314.0999973
1056	314.0000105
1057	313.8000071
1058	313.8000071
1059	313.8000071
1060	313.8000071
1061	313.6000037
1062	313.8000071
1063	314.0999973
1064	314.2000139
1065	314.7999942
1066	315.1000142
1067	315.1000142
1068	315.4000044
1069	315.6999946
1070	316.0000145
1071	316.1000013
1072	316.1000013
1073	316.1000013
1074	316.3999915
1075	316.1000013
1076	316.0000145
1077	315.8999979
1078	316.0000145
1079	316.0000145
1080	316.1000013
1081	316.3000047
1082	316.3999915
1083	316.5000081
1084	316.5999949
1085	316.3999915
1086	316.3000047
1087	316.3000047
1088	316.5000081
1089	316.3999915
1090	316.3999915
1091	316.1999881
1092	316.1000013
1093	316.0000145
1094	316.0000145
1095	315.8000112
1096	316.3000047
1097	316.3000047
1098	316.3999915
1099	316.3999915
1100	316.3999915
1101	316.3999915
1102	316.3000047
1103	316.3999915
1104	316.3999915
1105	316.3999915
1106	316.3999915
1107	316.5999949
1108	316.5999949
1109	316.7000115
1110	316.7000115
1111	316.7000115
1112	316.7999983
1113	317.0000017
1114	317.0999885
1115	317.2999918
1116	317.0000017
1117	316.7999983
1118	316.7000115
1119	316.9000149
1120	316.9000149
1121	317.0999885
1122	316.7999983
1123	316.9000149
1124	316.7999983
1125	316.7999983
1126	316.7000115
1127	316.7000115
1128	316.5999949
1129	316.7000115
1130	316.7000115
1131	316.3999915
1132	316.5999949
1133	316.5000081
1134	316.3000047
1135	316.5999949
1136	316.7000115
1137	316.5000081
1138	316.3999915
1139	316.3999915
1140	316.1999881
1141	316.0000145
1142	316.1000013
1143	316.0000145
1144	316.3000047
1145	316.3999915
1146	316.1999881
1147	316.3999915
1148	316.3999915
1149	316.7000115
1150	316.7000115
1151	316.5000081
1152	316.3999915
1153	316.1999881
1154	316.0000145
1155	316.3999915
1156	316.3999915
1157	316.7000115
1158	316.9000149
1159	316.7999983
1160	316.9000149
1161	317.0000017
1162	317.2000051
1163	317.0000017
1164	316.9000149
1165	316.7000115
1166	316.5000081
1167	316.5000081
1168	316.3999915
1169	316.3999915
1170	316.7000115
1171	316.7000115
1172	316.7000115
1173	316.5999949
1174	316.0000145
1175	316.0000145
1176	316.0000145
1177	315.8000112
1178	316.0000145
1179	315.8999979
1180	316.1000013
1181	316.0000145
1182	316.1000013
1183	316.0000145
1184	316.1000013
1185	316.1999881
1186	316.1999881
1187	316.1999881
1188	316.5000081
1189	316.7999983
1190	316.7000115
1191	316.7000115
1192	316.5999949
1193	316.7000115
1194	316.5000081
1195	316.3999915
1196	316.5000081
1197	316.7000115
1198	316.7000115
1199	316.9000149
1200	317.0000017
1201	316.7000115
1202	317.0000017
1203	316.7999983
1204	316.7000115
1205	316.7000115
1206	316.5000081
1207	316.3999915
1208	316.1999881
1209	316.1000013
1210	316.1000013
1211	316.0000145
1212	315.8999979
1213	315.8999979
1214	316.1000013
1215	316.0000145
1216	316.3000047
1217	316.0000145
1218	316.1999881
1219	316.3999915
1220	316.3999915
1221	316.3999915
1222	316.3999915
1223	316.5999949
1224	316.3999915
1225	316.0000145
1226	316.3000047
1227	316.7000115
1228	317.2000051
1229	317.2000051
1230	317.6999986
1231	317.9999888
1232	318.3999956
1233	318.5000122
1234	318.6999857
1235	318.599999
1236	318.6999857
1237	318.3000088
1238	316.9000149
1239	315.200001
1240	314.3000007
1241	312.5
1242	310.4000092
1243	308.4000051
1244	307.7000082
1245	306.400001
1246	305.0999939
1247	304.1999936
1248	303.9000034
1249	303.9999902
1250	303.9000034
1251	303.9999902
1252	304.1999936
1253	304.6000004
1254	305.0000072
1255	305.5999875
1256	305.7000041
1257	306.400001
1258	306.6999912
1259	307.2000146
1260	307.7999949
1261	307.9999983
1262	308.4999919
1263	308.8999987
1264	309.1999888
1265	309.5999956
1266	310.0999892
1267	310.2000058
1268	310.6000125
1269	310.7999861
1270	311.1000061
1271	311.1999929
1272	311.5000129
1273	311.6999865
1274	311.6999865
1275	311.8000031
1276	311.8000031
1277	312.2000098
1278	312.2999966
1279	312.2999966
1280	312.2000098
1281	312.2000098
1282	312.5
1283	312.5
1284	312.5
1285	312.7999902
1286	313.1000102
1287	312.9999936
1288	313.1000102
1289	313.1000102
1290	313.1000102
1291	313.1999969
1292	313.1000102
1293	313.3000135
1294	313.4000003
1295	313.4000003
1296	313.3000135
1297	313.4000003
1298	313.6000037
1299	313.6000037
1300	313.6000037
1301	313.6000037
1302	313.6000037
1303	313.4999871
1304	313.8000071
1305	313.6999905
1306	313.6000037
1307	313.8999939
1308	313.8000071
1309	313.8000071
1310	313.8000071
1311	314.0000105
1312	314.0999973
1313	313.8999939
1314	314.0999973
1315	314.0000105
1316	313.8000071
1317	314.3999875
1318	314.0999973
1319	314.0000105
1320	314.0000105
1321	314.2000139
1322	314.3000007
1323	313.8999939
1324	314.2000139
1325	314.0999973
1326	314.3000007
1327	314.2000139
1328	314.2000139
1329	314.3000007
1330	314.2000139
1331	314.3999875
1332	314.3000007
1333	314.3999875
1334	314.5000041
1335	314.3999875
1336	314.3999875
1337	314.7000074
1338	314.7999942
1339	314.7000074
1340	314.7999942
1341	314.9999976
1342	314.7999942
1343	314.7999942
1344	314.7000074
1345	314.7000074
1346	314.5000041
1347	314.5999908
1348	314.5999908
1349	314.3999875
1350	314.7000074
1351	314.5999908
1352	314.5999908
1353	314.3000007
1354	314.5999908
1355	314.5999908
1356	314.5999908
1357	314.5000041
1358	314.3999875
1359	314.2000139
1360	314.3999875
1361	314.3000007
1362	314.5000041
1363	314.3000007
1364	314.3999875
1365	314.5000041
1366	314.3999875
1367	314.3999875
1368	314.5000041
1369	314.3999875
1370	314.5999908
1371	314.5999908
1372	314.5000041
1373	314.3999875
1374	314.5999908
1375	314.5999908
1376	314.7000074
1377	314.7000074
1378	314.7000074
1379	314.3999875
1380	314.5999908
1381	314.5000041
1382	314.5000041
1383	314.5000041
1384	314.5999908
1385	314.3999875
1386	314.3999875
1387	314.7999942
1388	314.5999908
1389	314.7000074
1390	314.5000041
1391	314.7000074
1392	314.3999875
1393	314.7000074
1394	314.5999908
1395	314.7000074
1396	314.7000074
1397	314.7000074
1398	314.7000074
1399	314.5999908
1400	314.3999875
1401	314.5000041
1402	314.3999875
1403	314.3000007
1404	314.5000041
1405	314.5000041
1406	314.3999875
1407	314.5999908
1408	314.7000074
1409	314.5999908
1410	314.3999875
1411	314.3999875
1412	314.5999908
1413	314.7000074
1414	314.7000074
1415	314.7000074
1416	314.7000074
1417	314.7999942
1418	314.5999908
1419	314.3999875
1420	314.5999908
1421	314.7000074
1422	314.7000074
1423	314.7000074
1424	314.7000074
1425	314.7000074
1426	314.7000074
1427	314.7000074
1428	314.9000108
1429	314.7999942
1430	314.9999976
1431	314.7999942
1432	314.9000108
1433	314.7000074
1434	314.5000041
1435	314.7000074
1436	314.7000074
1437	314.9000108
1438	314.7999942
1439	314.7000074
1440	314.7999942
1441	314.7999942
1442	314.7000074
1443	314.5999908
1444	314.5000041
1445	314.5999908
1446	314.5000041
1447	314.5000041
1448	314.3999875
1449	314.5999908
1450	314.7000074
1451	314.7000074
1452	314.7000074
1453	314.5999908
1454	314.7999942
1455	314.7000074
1456	314.7000074
1457	314.5000041
1458	314.3999875
1459	314.5000041
1460	314.3999875
1461	314.7000074
1462	314.5000041
1463	314.5000041
1464	314.5999908
1465	314.3999875
1466	314.3000007
1467	314.3000007
1468	314.3999875
1469	314.0999973
1470	314.0999973
1471	314.2000139
1472	314.5000041
1473	314.5000041
1474	314.3999875
1475	314.3000007
1476	314.3999875
1477	314.5000041
1478	314.5999908
1479	314.3999875
1480	314.3999875
1481	314.0999973
1482	314.0999973
1483	314.3000007
1484	314.3000007
1485	314.2000139
1486	314.2000139
1487	314.3999875
1488	314.2000139
1489	314.3000007
1490	314.3999875
1491	314.3999875
1492	314.5999908
1493	314.5000041
1494	314.2000139
1495	314.5000041
1496	314.5000041
1497	314.5000041
1498	314.3999875
1499	314.5999908
1500	314.7000074
1501	314.5999908
1502	314.5000041
1503	314.5999908
1504	314.5000041
1505	314.3999875
1506	314.7000074
1507	314.5999908
1508	314.5000041
1509	314.5000041
1510	314.7000074
1511	314.7000074
1512	314.7000074
1513	314.7000074
1514	314.7000074
1515	314.7000074
1516	314.7000074
1517	314.5999908
1518	314.5999908
1519	314.5999908
1520	314.3999875
1521	314.7000074
1522	314.7000074
1523	314.3999875
1524	314.3000007
1525	313.8999939
1526	313.6000037
1527	313.1999969
1528	312.9000068
1529	312.9000068
1530	312.9000068
1531	313.1000102
1532	313.1000102
1533	313.1000102
1534	313.1999969
1535	313.4000003
1536	313.4000003
1537	313.6999905
1538	313.6000037
1539	313.8000071
1540	314.0999973
1541	314.7000074
1542	315.1000142
1543	315.4999912
1544	315.4999912
1545	315.8999979
1546	315.8000112
1547	316.0000145
1548	315.8999979
1549	315.8999979
1550	316.0000145
1551	315.6999946
1552	315.8999979
1553	316.3000047
1554	316.3000047
1555	316.5000081
1556	316.3000047
1557	316.1999881
1558	316.1999881
1559	316.0000145
1560	316.3999915
1561	316.3999915
1562	316.3000047
1563	316.0000145
1564	316.0000145
1565	315.6999946
1566	315.8000112
1567	316.0000145
1568	316.1000013
1569	316.3999915
1570	316.5999949
1571	316.5999949
1572	316.3999915
1573	316.0000145
1574	316.0000145
1575	315.6999946
1576	315.8000112
1577	315.8999979
1578	315.8999979
1579	315.8999979
1580	316.0000145
1581	316.0000145
1582	316.3000047
1583	316.3000047
1584	316.3000047
1585	316.1999881
1586	316.1000013
1587	316.3999915
1588	316.3000047
1589	316.3000047
1590	316.0000145
1591	315.6999946
1592	315.6999946
1593	315.6999946
1594	315.8999979
1595	316.0000145
1596	316.0000145
1597	316.3000047
1598	316.3000047
1599	316.1999881
1600	316.1000013
1601	316.0000145
1602	315.8999979
1603	315.6999946
1604	315.6000078
1605	315.6000078
1606	315.6999946
1607	315.6999946
1608	315.6999946
1609	315.8999979
1610	315.6999946
1611	316.0000145
1612	316.0000145
1613	316.0000145
1614	315.8999979
1615	316.0000145
1616	316.0000145
1617	316.0000145
1618	316.0000145
1619	316.0000145
1620	316.0000145
1621	316.1000013
1622	316.1000013
1623	316.3000047
1624	316.1999881
1625	316.1999881
1626	316.1999881
1627	316.1999881
1628	316.3000047
1629	316.3000047
1630	316.1000013
1631	316.3000047
1632	316.1000013
1633	316.1000013
1634	316.0000145
1635	315.8999979
1636	315.6999946
1637	315.8999979
1638	316.0000145
1639	315.8999979
1640	316.1999881
1641	316.3999915
1642	316.3999915
1643	316.3999915
1644	316.3999915
1645	316.1000013
1646	316.3000047
1647	316.0000145
1648	316.3000047
1649	316.3999915
1650	316.3000047
1651	316.1999881
1652	316.3999915
1653	316.5999949
1654	316.3999915
1655	316.3999915
1656	316.3999915
1657	316.1999881
1658	316.0000145
1659	316.0000145
1660	316.0000145
1661	316.0000145
1662	316.0000145
1663	316.0000145
1664	316.1000013
1665	316.1000013
1666	316.1000013
1667	315.8999979
1668	315.8000112
1669	315.6999946
1670	315.6999946
1671	316.0000145
1672	315.8999979
1673	315.6999946
1674	316.0000145
1675	316.1999881
1676	316.1999881
1677	316.3000047
1678	316.3999915
1679	316.3999915
1680	316.3000047
1681	316.1999881
1682	316.0000145
1683	315.6999946
1684	315.4999912
1685	315.6999946
1686	315.6000078
1687	315.6999946
1688	315.8000112
1689	315.8999979
1690	316.0000145
1691	316.1000013
1692	316.0000145
1693	316.0000145
1694	316.1000013
1695	316.3000047
1696	316.0000145
1697	316.0000145
1698	315.8000112
1699	315.8999979
1700	316.1000013
1701	316.7000115
1702	317.0999885
1703	317.4999952
1704	317.7999854
1705	317.900002
1706	317.9999888
1707	318.3000088
1708	318.3000088
1709	318.3999956
1710	317.9999888
1711	317.0000017
1712	316.3999915
1713	314.5999908
1714	312.7999902
1715	310.6000125
1716	309.5999956
1717	307.9999983
1718	306.400001
1719	305.7000041
1720	304.6999872
1721	304.1000068
1722	303.7999868
1723	303.7
1724	303.6000133
1725	304.1000068
1726	304.3000102
1727	304.1999936
1728	304.8000038
1729	305.2000105
1730	305.7000041
1731	305.7999909
1732	306.4999878
1733	307.2000146
1734	307.5999916
1735	307.7999949
1736	308.0999851
1737	308.6000085
1738	308.8000119
1739	309.1000021
1740	309.5000088
1741	309.5999956
1742	309.8999858
1743	310.2000058
1744	310.4000092
1745	310.7999861
1746	310.6999993
1747	311.1000061
1748	311.5000129
1749	311.3999963
1750	311.5000129
1751	311.8000031
1752	311.8000031
1753	311.8999898
1754	311.8999898
1755	312.0999932
1756	312.0999932
1757	312.2000098
1758	312.4000132
1759	312.4000132
1760	312.7999902
1761	312.5999868
1762	312.7000034
1763	312.7999902
1764	312.9999936
1765	312.9999936
1766	312.9999936
1767	312.9999936
1768	312.9999936
1769	312.7999902
1770	313.1000102
1771	313.1000102
1772	313.3000135
1773	313.1999969
1774	313.4000003
1775	313.3000135
1776	313.3000135
1777	313.4999871
1778	313.4999871
1779	313.4999871
1780	313.6999905
1781	313.6999905
1782	313.8000071
1783	313.6000037
1784	314.0000105
1785	314.0999973
1786	314.0999973
1787	314.0000105
1788	314.0999973
1789	314.0999973
1790	314.0999973
1791	314.0999973
1792	314.0999973
1793	314.0000105
1794	313.8999939
1795	313.8000071
1796	313.8999939
1797	314.0000105
1798	314.0999973
1799	314.0999973
1800	314.2000139
1801	314.0999973
1802	313.8999939
1803	313.8000071
1804	313.8999939
1805	313.8000071
1806	313.8999939
1807	313.8999939
1808	314.0000105
1809	314.0999973
1810	314.0999973
1811	314.0999973
1812	314.2000139
1813	314.2000139
1814	314.2000139
1815	314.3000007
1816	314.0999973
1817	314.3999875
1818	314.3999875
1819	314.2000139
1820	314.2000139
1821	314.3000007
1822	314.3999875
1823	314.3999875
1824	314.3999875
1825	314.2000139
1826	314.3000007
1827	314.3000007
1828	314.0999973
1829	314.0999973
1830	314.0999973
1831	314.0999973
1832	314.3999875
1833	314.2000139
1834	314.3999875
1835	314.3999875
1836	314.3999875
1837	314.3000007
1838	314.2000139
1839	314.3000007
1840	314.5000041
1841	314.3999875
1842	314.3999875
1843	314.3999875
1844	314.3999875
1845	314.3000007
1846	314.5000041
1847	314.3999875
1848	314.3999875
1849	314.3999875
1850	314.3000007
1851	314.3999875
1852	314.3999875
1853	314.3999875
1854	314.3999875
1855	314.3999875
1856	314.3999875
1857	314.3999875
1858	314.5000041
1859	314.7000074
1860	314.5000041
1861	314.5999908
1862	314.7999942
1863	314.5999908
1864	314.7999942
1865	314.7000074
1866	314.7000074
1867	314.5999908
1868	314.5000041
1869	314.7000074
1870	314.5999908
1871	314.3999875
1872	314.3999875
1873	314.5000041
1874	314.5000041
1875	314.5999908
1876	314.3999875
1877	314.5000041
1878	314.5999908
1879	314.7000074
1880	314.3999875
1881	314.3999875
1882	314.3999875
1883	314.5000041
1884	314.5999908
1885	314.7000074
1886	314.5000041
1887	314.3999875
1888	314.5000041
1889	314.5999908
1890	314.5999908
1891	314.3999875
1892	314.3999875
1893	314.3999875
1894	314.3999875
1895	314.5999908
1896	314.5999908
1897	314.5000041
1898	314.5000041
1899	314.5999908
1900	314.7999942
1901	314.5999908
1902	314.5000041
1903	314.2000139
1904	314.3999875
1905	314.5000041
1906	314.5000041
1907	314.3999875
1908	314.3999875
1909	314.3999875
1910	314.2000139
1911	314.3999875
1912	314.3999875
1913	314.2000139
1914	314.3999875
1915	314.3000007
1916	314.3999875
1917	314.3999875
1918	314.3999875
1919	314.3999875
1920	314.7000074
1921	314.5000041
1922	314.3999875
1923	314.5000041
1924	314.7000074
1925	314.3000007
1926	314.3999875
1927	314.3999875
1928	314.3999875
1929	314.7000074
1930	314.3999875
1931	314.3999875
1932	314.3999875
1933	314.3999875
1934	314.3999875
1935	314.3999875
1936	314.5000041
1937	314.7000074
1938	314.7999942
1939	314.7000074
1940	314.7000074
1941	314.7000074
1942	314.3999875
1943	314.3999875
1944	314.5999908
1945	314.3999875
1946	314.3999875
1947	314.5000041
1948	314.3999875
1949	314.5999908
1950	314.7000074
1951	314.5999908
1952	314.5000041
1953	314.5999908
1954	314.5000041
1955	314.7000074
1956	314.5999908
1957	314.5999908
1958	314.5999908
1959	314.7000074
1960	314.5000041
1961	314.5999908
1962	314.7000074
1963	314.7000074
1964	314.5999908
1965	314.7000074
1966	314.7000074
1967	314.5999908
1968	314.7000074
1969	314.7999942
1970	314.9999976
1971	315.1000142
1972	314.9000108
1973	314.7000074
1974	314.7999942
1975	314.5999908
1976	314.3999875
1977	314.5000041
1978	314.3999875
1979	314.5000041
1980	314.3999875
1981	314.3999875
1982	314.5000041
1983	314.7000074
1984	314.7000074
1985	314.9000108
1986	314.7999942
1987	314.9000108
1988	314.7999942
1989	314.7000074
1990	314.7999942
1991	314.7000074
1992	314.7000074
1993	314.7000074
1994	314.7999942
1995	314.9000108
1996	314.7000074
1997	314.3999875
1998	313.8000071
1999	313.8000071
2000	313.4000003
2001	313.4000003
2002	313.1999969
2003	313.1999969
2004	313.1999969
2005	313.3000135
2006	313.3000135
2007	313.4999871
2008	313.8000071
2009	314.0000105
2010	314.2000139
2011	314.0999973
2012	314.0999973
2013	314.0000105
2014	314.0999973
2015	314.3000007
2016	314.5000041
2017	314.7999942
2018	314.7999942
2019	314.7000074
2020	314.5999908
2021	314.7999942
2022	314.9000108
2023	314.7999942
2024	315.200001
2025	315.1000142
2026	315.1000142
2027	315.4000044
2028	315.1000142
2029	315.4000044
2030	315.2999878
2031	315.4000044
2032	315.4000044
2033	315.4000044
2034	315.4000044
2035	315.2999878
2036	315.200001
2037	315.200001
2038	315.1000142
2039	314.9999976
2040	314.7000074
2041	314.9000108
2042	314.7999942
2043	315.1000142
2044	315.200001
2045	315.4000044
2046	315.2999878
2047	315.2999878
2048	315.4000044
2049	315.4000044
2050	315.6000078
2051	315.6000078
2052	315.2999878
2053	315.200001
2054	315.4999912
2055	315.4000044
2056	315.4000044
2057	315.4999912
2058	315.4000044
2059	315.6999946
2060	315.6000078
2061	315.6000078
2062	315.6999946
2063	315.4000044
2064	315.1000142
2065	315.2999878
2066	315.4000044
2067	315.200001
2068	315.4000044
2069	315.4000044
2070	315.200001
2071	315.2999878
2072	315.2999878
2073	315.4999912
2074	315.2999878
2075	315.4000044
2076	315.2999878
2077	315.200001
2078	315.1000142
2079	315.1000142
2080	315.200001
2081	315.200001
2082	315.1000142
2083	315.2999878
2084	315.2999878
2085	315.4000044
2086	315.4999912
2087	315.6000078
2088	315.6000078
2089	315.4000044
2090	315.4999912
2091	315.4999912
2092	315.6000078
2093	315.6000078
2094	315.4000044
2095	315.4999912
2096	315.4000044
2097	315.6000078
2098	315.2999878
2099	315.200001
2100	315.1000142
2101	315.200001
2102	314.9000108
2103	314.9000108
2104	314.7999942
2105	314.7999942
2106	315.1000142
2107	314.9000108
2108	315.1000142
2109	315.1000142
2110	315.1000142
2111	315.1000142
2112	314.9999976
2113	314.7999942
2114	314.9999976
2115	315.2999878
2116	315.4000044
2117	315.4000044
2118	315.200001
2119	315.6000078
2120	315.4000044
2121	315.4000044
2122	315.4000044
2123	315.6000078
2124	315.6000078
2125	315.4999912
2126	315.4000044
2127	315.2999878
2128	315.4999912
2129	315.2999878
2130	315.200001
2131	315.2999878
2132	315.2999878
2133	315.4000044
2134	315.4000044
2135	315.200001
2136	315.2999878
2137	315.1000142
2138	315.1000142
2139	315.200001
2140	314.7999942
2141	314.9999976
2142	314.7000074
2143	314.7999942
2144	314.7999942
2145	314.7000074
2146	315.1000142
2147	315.1000142
2148	315.1000142
2149	315.200001
2150	315.2999878
2151	315.2999878
2152	315.4000044
2153	315.200001
2154	315.4000044
2155	315.4000044
2156	315.4000044
2157	315.2999878
2158	315.200001
2159	315.200001
2160	314.9999976
2161	315.200001
2162	315.1000142
2163	315.1000142
2164	314.9999976
2165	315.1000142
2166	315.1000142
2167	315.2999878
2168	315.4000044
2169	315.1000142
2170	315.1000142
2171	314.7000074
2172	314.5999908
2173	314.9999976
2174	315.4000044
2175	316.0000145
2176	316.1000013
2177	316.7000115
2178	316.9000149
2179	317.0000017
2180	317.0999885
2181	317.7999854
2182	317.6999986
2183	317.6000118
2184	317.2999918
2185	316.3000047
2186	314.7999942
2187	313.8000071
2188	311.8999898
2189	309.8999858
2190	307.9000115
2191	306.8999946
2192	305.5000007
2193	304.1999936
2194	303.6000133
2195	303.4000099
2196	303.2000065
2197	302.8999865
2198	302.8999865
2199	303.0999899
2200	303.4000099
2201	303.9000034
2202	304.1000068
2203	304.8000038
2204	305.4000139
2205	305.7999909
2206	306.1999977
2207	306.6999912
2208	307.3000014
2209	307.7000082
2210	307.9999983
2211	308.2000017
2212	308.6000085
2213	309.3000054
2214	309.3999922
2215	309.799999
2216	310.0999892
2217	310.2000058
2218	310.2999926
2219	310.6000125
2220	310.6000125
2221	310.9000027
2222	310.9999895
2223	311.3000095
2224	311.3000095
2225	311.5000129
2226	311.5000129
2227	311.5000129
2228	311.8000031
2229	311.5999997
2230	311.8999898
2231	311.8999898
2232	312.0000064
2233	312.2000098
2234	312.2999966
2235	312.2000098
2236	312.5
2237	312.2999966
2238	312.2999966
2239	312.5
2240	312.5
2241	312.5
2242	312.7000034
2243	312.7999902
2244	312.5999868
2245	312.7999902
2246	312.7999902
2247	312.9000068
2248	312.7999902
2249	312.7999902
2250	313.1000102
2251	312.9999936
2252	312.7999902
2253	313.1999969
2254	313.1999969
2255	313.1999969
2256	313.1000102
2257	313.3000135
2258	313.1000102
2259	313.3000135
2260	313.3000135
2261	313.1999969
2262	313.1999969
2263	313.1999969
2264	313.4000003
2265	313.3000135
2266	313.1000102
2267	313.3000135
2268	313.4000003
2269	313.6000037
2270	313.6000037
2271	313.6000037
2272	313.4999871
2273	313.4999871
2274	313.4999871
2275	313.4000003
2276	313.4999871
2277	313.3000135
2278	313.4999871
2279	313.4000003
2280	313.4000003
2281	313.3000135
2282	313.4999871
2283	313.4000003
2284	313.4999871
2285	313.6999905
2286	313.6999905
2287	313.4999871
2288	313.6000037
2289	313.4999871
2290	313.4999871
2291	313.6999905
2292	313.6999905
2293	313.8000071
2294	313.8000071
2295	314.0999973
2296	313.8999939
2297	313.8999939
2298	313.8000071
2299	313.8999939
2300	313.8000071
2301	313.6999905
2302	313.8000071
2303	313.8000071
2304	313.6999905
2305	313.8000071
2306	313.8999939
2307	313.8999939
2308	313.8999939
2309	313.8000071
2310	313.8999939
2311	313.8999939
2312	313.8000071
2313	313.8000071
2314	313.8000071
2315	313.8000071
2316	314.0999973
2317	314.0999973
2318	314.0999973
2319	314.3000007
2320	314.2000139
2321	314.0000105
2322	314.2000139
2323	314.0999973
2324	314.3000007
2325	314.3000007
2326	314.2000139
2327	314.0999973
2328	313.8999939
2329	313.8999939
2330	314.0999973
2331	314.0000105
2332	314.2000139
2333	314.0999973
2334	314.0999973
2335	314.2000139
2336	314.0999973
2337	313.8000071
2338	314.0999973
2339	313.8999939
2340	313.8000071
2341	313.8999939
2342	313.8999939
2343	313.8999939
2344	314.0999973
2345	314.2000139
2346	314.0000105
2347	314.0999973
2348	314.0999973
2349	314.2000139
2350	314.0999973
2351	314.0000105
2352	313.8000071
2353	313.8999939
2354	313.8000071
2355	313.8000071
2356	314.0000105
2357	313.6999905
2358	313.6999905
2359	313.8000071
2360	313.6999905
2361	313.8000071
2362	313.8000071
2363	313.8000071
2364	314.0999973
2365	314.0000105
2366	313.8999939
2367	314.0000105
2368	314.0999973
2369	314.0000105
2370	313.8000071
2371	314.0000105
2372	314.0999973
2373	314.0000105
2374	314.0999973
2375	314.0000105
2376	314.0000105
2377	313.8000071
2378	314.0999973
2379	313.8999939
2380	313.8999939
2381	314.0000105
2382	314.0000105
2383	313.8000071
2384	314.0999973
2385	314.0999973
2386	313.8999939
2387	314.0999973
2388	313.8999939
2389	314.0999973
2390	314.0999973
2391	314.0999973
2392	313.8999939
2393	313.8999939
2394	314.0000105
2395	314.0999973
2396	314.0000105
2397	314.0999973
2398	314.0000105
2399	314.0999973
2400	314.0999973
2401	314.0999973
2402	314.0999973
2403	314.0999973
2404	314.0000105
2405	314.0999973
2406	314.2000139
2407	314.2000139
2408	314.2000139
2409	314.0999973
2410	314.0000105
2411	314.0999973
2412	314.2000139
2413	314.0999973
2414	314.0999973
2415	314.0999973
2416	314.0000105
2417	314.0999973
2418	314.3000007
2419	314.3000007
2420	314.2000139
2421	314.2000139
2422	314.0999973
2423	314.2000139
2424	314.0999973
2425	314.0999973
2426	314.0999973
2427	314.0999973
2428	314.0999973
2429	314.3000007
2430	314.3999875
2431	314.5000041
2432	314.3000007
2433	314.0999973
2434	314.0999973
2435	314.2000139
2436	314.0000105
2437	313.8999939
2438	314.0000105
2439	313.8000071
2440	313.8000071
2441	313.8999939
2442	313.8000071
2443	313.8000071
2444	314.0000105
2445	314.0999973
2446	314.2000139
2447	314.0999973
2448	314.0000105
2449	314.2000139
2450	314.0999973
2451	314.0999973
2452	314.0999973
2453	314.3000007
2454	314.2000139
2455	314.0000105
2456	314.0999973
2457	314.2000139
2458	314.0999973
2459	314.0999973
2460	314.3000007
2461	314.0999973
2462	314.2000139
2463	314.3000007
2464	314.2000139
2465	314.3000007
2466	314.2000139
2467	314.3000007
2468	314.3999875
2469	314.3000007
2470	313.6999905
2471	313.3000135
2472	312.7999902
2473	312.4000132
2474	312.0000064
2475	312.0000064
2476	312.2999966
2477	312.2000098
2478	312.2000098
2479	312.2999966
2480	312.4000132
2481	312.5999868
2482	312.7999902
2483	313.1000102
2484	313.4999871
2485	313.6999905
2486	313.6000037
2487	314.0999973
2488	314.3999875
2489	314.3999875
2490	314.5000041
2491	314.7000074
2492	314.7999942
2493	314.9000108
2494	314.9999976
2495	315.1000142
2496	315.1000142
2497	315.1000142
2498	315.2999878
2499	315.1000142
2500	315.2999878
2501	315.1000142
2502	315.1000142
2503	315.1000142
2504	315.200001
2505	315.4000044
2506	315.4000044
2507	315.200001
2508	315.4000044
2509	315.1000142
2510	315.4000044
2511	315.1000142
2512	315.1000142
2513	314.9999976
2514	314.9999976
2515	315.1000142
2516	315.4000044
2517	315.4000044
2518	315.6999946
2519	315.4999912
2520	315.4000044
2521	315.4999912
2522	315.4000044
2523	315.4000044
2524	315.4000044
2525	315.200001
2526	314.9999976
2527	315.200001
2528	315.2999878
2529	315.1000142
2530	315.2999878
2531	315.4000044
2532	315.4000044
2533	315.4999912
2534	315.4999912
2535	315.1000142
2536	314.9999976
2537	315.1000142
2538	314.9999976
2539	315.1000142
2540	315.1000142
2541	315.1000142
2542	315.1000142
2543	315.1000142
2544	315.2999878
2545	315.200001
2546	314.7999942
2547	314.9000108
2548	314.7000074
2549	314.3999875
2550	314.3999875
2551	314.3999875
2552	314.3999875
2553	314.5000041
2554	314.9000108
2555	314.9000108
2556	315.1000142
2557	315.1000142
2558	314.9000108
2559	314.9000108
2560	314.9000108
2561	314.7999942
2562	314.7000074
2563	314.7000074
2564	314.7000074
2565	314.7999942
2566	315.1000142
2567	315.1000142
2568	315.2999878
2569	315.2999878
2570	315.1000142
2571	315.2999878
2572	315.1000142
2573	314.9999976
2574	315.1000142
2575	314.9000108
2576	314.9999976
2577	314.7999942
2578	314.7999942
2579	314.7000074
2580	314.7000074
2581	314.9000108
2582	314.9000108
2583	315.1000142
2584	315.200001
2585	315.4000044
2586	315.200001
2587	315.2999878
2588	315.200001
2589	314.9999976
2590	315.1000142
2591	314.9999976
2592	314.9000108
2593	314.9999976
2594	314.9999976
2595	315.4000044
2596	315.4000044
2597	315.4000044
2598	315.4000044
2599	315.1000142
2600	314.9000108
2601	315.1000142
2602	315.1000142
2603	315.1000142
2604	315.2999878
2605	315.200001
2606	315.2999878
2607	315.1000142
2608	315.200001
2609	315.2999878
2610	315.4000044
2611	315.4000044
2612	315.1000142
2613	315.1000142
2614	315.1000142
2615	315.1000142
2616	315.200001
2617	315.1000142
2618	314.7999942
2619	315.1000142
2620	315.1000142
2621	315.1000142
2622	315.1000142
2623	315.1000142
2624	314.9999976
2625	314.9999976
2626	315.1000142
2627	314.7999942
2628	314.9000108
2629	314.7000074
2630	314.7000074
2631	314.7999942
2632	314.9999976
2633	315.1000142
2634	315.200001
2635	315.1000142
2636	315.1000142
2637	314.9999976
2638	315.2999878
2639	315.2999878
2640	315.4000044
2641	315.6000078
2642	315.6999946
2643	315.6999946
2644	315.6999946
2645	315.6999946
2646	316.0000145
2647	316.1000013
2648	316.5999949
2649	316.7000115
2650	317.2000051
2651	317.2999918
2652	317.6999986
2653	317.7999854
2654	317.9999888
2655	318.3000088
2656	318.5000122
2657	318.1999922
2658	316.9000149
2659	316.0000145
2660	313.8999939
2661	311.5999997
2662	310.4999959
2663	308.4999919
2664	306.8000078
2665	305.0999939
2666	304.399997
2667	303.4999967
2668	302.5000095
2669	302.1999896
2670	301.9999862
2671	302.1000028
2672	302.1999896
2673	302.5000095
2674	302.7999997
2675	303.4000099
2676	303.9000034
2677	304.5000136
2678	304.8999906
2679	305.5000007
2680	306.1000109
2681	306.6000044
2682	306.8999946
2683	307.5000048
2684	307.7999949
2685	308.0999851
2686	308.2999885
2687	308.8999987
2688	309.3000054
2689	309.5000088
2690	309.799999
2691	310.0000024
2692	310.2000058
2693	310.2000058
2694	310.4000092
2695	310.6000125
2696	310.7999861
2697	310.7999861
2698	311.1000061
2699	311.1000061
2700	311.1999929
2701	311.3000095
2702	311.5000129
2703	311.6999865
2704	311.8000031
2705	311.8999898
2706	311.8999898
2707	312.0000064
2708	312.0000064
2709	312.2000098
2710	312.0999932
2711	312.0999932
2712	312.2000098
2713	312.2999966
2714	312.2999966
2715	312.4000132
2716	312.5
2717	312.5999868
2718	312.7000034
2719	312.7000034
2720	312.7999902
2721	312.7999902
2722	312.7999902
2723	312.7999902
2724	312.9000068
2725	312.7999902
2726	312.7000034
2727	312.7999902
2728	312.9999936
2729	313.1000102
2730	313.1999969
2731	313.3000135
2732	313.1999969
2733	313.3000135
2734	313.1000102
2735	313.1000102
2736	313.1999969
2737	312.9999936
2738	313.1000102
2739	312.9999936
2740	312.9000068
2741	312.9999936
2742	312.9999936
2743	313.1000102
2744	313.1000102
2745	313.3000135
2746	313.3000135
2747	313.1999969
2748	313.3000135
2749	313.3000135
2750	313.3000135
2751	313.4000003
2752	313.4000003
2753	313.4000003
2754	313.1999969
2755	313.3000135
2756	313.4000003
2757	313.3000135
2758	313.1999969
2759	313.1000102
2760	313.3000135
2761	313.1999969
2762	313.3000135
2763	313.4999871
2764	313.4999871
2765	313.4999871
2766	313.3000135
2767	313.6000037
2768	313.4999871
2769	313.3000135
2770	313.4000003
2771	313.4999871
2772	313.4999871
2773	313.4999871
2774	313.6999905
2775	313.6000037
2776	313.4999871
2777	313.4999871
2778	313.3000135
2779	313.3000135
2780	313.3000135
2781	313.1000102
2782	313.1000102
2783	313.3000135
2784	313.3000135
2785	313.3000135
2786	313.4000003
2787	313.4000003
2788	313.4999871
2789	313.4999871
2790	313.4999871
2791	313.4000003
2792	313.4000003
2793	313.3000135
2794	313.4999871
2795	313.3000135
2796	313.6000037
2797	313.4999871
2798	313.4999871
2799	313.4999871
2800	313.4999871
2801	313.4000003
2802	313.4000003
2803	313.4999871
2804	313.4999871
2805	313.4000003
2806	313.4999871
2807	313.1999969
2808	313.1000102
2809	313.3000135
2810	313.1999969
2811	313.3000135
2812	313.1999969
2813	313.1000102
2814	313.1999969
2815	313.1000102
2816	313.1000102
2817	312.9999936
2818	313.1999969
2819	313.1000102
2820	313.1000102
2821	313.3000135
2822	313.3000135
2823	313.4000003
2824	313.4999871
2825	313.4999871
2826	313.3000135
2827	313.4999871
2828	313.6999905
2829	313.4999871
2830	313.6000037
2831	313.6000037
2832	313.8000071
2833	313.6000037
2834	313.8000071
2835	313.6999905
2836	313.6999905
2837	313.4999871
2838	313.4999871
2839	313.4999871
2840	313.6000037
2841	313.6000037
2842	313.6000037
2843	313.4999871
2844	313.8000071
2845	313.8000071
2846	313.8000071
2847	313.6000037
2848	313.8000071
2849	313.4999871
2850	313.4999871
2851	313.8000071
2852	313.4999871
2853	313.4999871
2854	313.6000037
2855	313.6999905
2856	313.6999905
2857	313.6999905
2858	313.6999905
2859	313.8000071
2860	313.6999905
2861	313.6000037
2862	313.6999905
2863	313.8000071
2864	313.6999905
2865	313.6999905
2866	313.6000037
2867	313.6000037
2868	313.4999871
2869	313.4000003
2870	313.6000037
2871	313.6999905
2872	313.6999905
2873	313.4999871
2874	313.6999905
2875	313.6999905
2876	313.6000037
2877	313.6000037
2878	313.4999871
2879	313.4999871
2880	313.4999871
2881	313.4999871
2882	313.8000071
2883	313.6000037
2884	313.4999871
2885	313.6000037
2886	313.8000071
2887	313.6000037
2888	313.6000037
2889	313.8000071
2890	313.6999905
2891	313.6999905
2892	313.6999905
2893	313.8000071
2894	313.6999905
2895	313.6999905
2896	313.6999905
2897	313.6999905
2898	313.8000071
2899	313.8000071
2900	313.8000071
2901	313.6000037
2902	313.6999905
2903	313.6000037
2904	313.4999871
2905	313.4999871
2906	313.4999871
2907	313.4999871
2908	313.4999871
2909	313.4999871
2910	313.6000037
2911	313.8000071
2912	313.8000071
2913	313.8000071
2914	313.6999905
2915	313.6999905
2916	313.8000071
2917	313.4999871
2918	313.8000071
2919	313.6999905
2920	313.6999905
2921	313.8000071
2922	313.8000071
2923	313.6999905
2924	313.6000037
2925	313.6000037
2926	313.4999871
2927	313.8000071
2928	313.8000071
2929	313.6000037
2930	313.6000037
2931	313.6999905
2932	313.8000071
2933	313.8000071
2934	313.8000071
2935	313.6999905
2936	313.6999905
2937	313.4999871
2938	313.8000071
2939	313.4999871
2940	313.8000071
2941	313.8999939
2942	313.6999905
2943	313.1999969
2944	312.5
2945	312.2000098
2946	312.0000064
2947	311.8999898
2948	311.5999997
2949	311.3000095
2950	311.5000129
2951	311.5000129
2952	311.6999865
2953	312.2000098
2954	312.4000132
2955	313.1000102
2956	313.3000135
2957	313.4000003
2958	313.6000037
2959	313.8000071
2960	313.8999939
2961	313.8000071
2962	314.0999973
2963	314.3999875
2964	314.5000041
2965	314.5000041
2966	314.7000074
2967	314.9999976
2968	314.7999942
2969	314.7000074
2970	314.9999976
2971	314.9999976
2972	315.1000142
2973	314.9000108
2974	314.9000108
2975	314.9000108
2976	314.5000041
2977	314.5999908
2978	314.3999875
2979	314.3000007
2980	314.3000007
2981	314.2000139
2982	314.3000007
2983	314.3999875
2984	314.3999875
2985	314.3999875
2986	314.5000041
2987	314.5999908
2988	314.7000074
2989	314.5999908
2990	314.5000041
2991	314.7999942
2992	314.7999942
2993	314.9000108
2994	314.7999942
2995	314.7000074
2996	314.7000074
2997	314.7000074
2998	314.5999908
2999	314.5999908
3000	314.5000041
3001	314.5000041
3002	314.3999875
3003	314.2000139
3004	314.3999875
3005	314.3999875
3006	314.3999875
3007	314.3999875
3008	314.5000041
3009	314.3999875
3010	314.3999875
3011	314.3000007
3012	314.3999875
3013	314.5000041
3014	314.7000074
3015	314.7000074
3016	314.7000074
3017	314.7000074
3018	314.7999942
3019	314.7999942
3020	314.9999976
3021	314.9000108
3022	314.9999976
3023	315.1000142
3024	314.7999942
3025	314.3999875
3026	314.5000041
3027	314.5000041
3028	314.3999875
3029	314.5000041
3030	314.3999875
3031	314.5000041
3032	314.3999875
3033	314.7000074
3034	314.5999908
3035	314.7000074
3036	314.7999942
3037	315.200001
3038	314.9999976
3039	315.1000142
3040	314.7999942
3041	314.9000108
3042	314.7000074
3043	314.9000108
3044	315.1000142
3045	315.1000142
3046	315.200001
3047	315.4000044
3048	315.1000142
3049	315.1000142
3050	314.9000108
3051	315.1000142
3052	314.9999976
3053	314.9000108
3054	314.9999976
3055	314.7999942
3056	314.9000108
3057	314.7999942
3058	314.7000074
3059	314.7000074
3060	314.7999942
3061	315.1000142
3062	315.200001
3063	315.200001
3064	314.9999976
3065	315.1000142
3066	315.1000142
3067	315.1000142
3068	315.1000142
3069	315.1000142
3070	315.1000142
3071	314.9000108
3072	314.7000074
3073	314.5000041
3074	314.3999875
3075	314.5000041
3076	314.5000041
3077	314.5999908
3078	314.3999875
3079	314.3000007
3080	314.3000007
3081	314.2000139
3082	314.0999973
3083	314.0999973
3084	314.3999875
3085	314.5000041
3086	314.7000074
3087	314.9000108
3088	314.7999942
3089	314.7000074
3090	314.3999875
3091	314.3999875
3092	314.3000007
3093	314.3000007
3094	314.3999875
3095	314.7999942
3096	314.9000108
3097	315.1000142
3098	315.1000142
3099	315.4000044
3100	315.4000044
3101	315.2999878
3102	315.1000142
3103	314.9999976
3104	314.7000074
3105	314.5000041
3106	314.5999908
3107	314.7999942
3108	314.9000108
3109	314.7000074
3110	314.7000074
3111	314.9000108
3112	314.9999976
3113	314.9999976
3114	314.9999976
3115	314.9000108
3116	314.9000108
3117	314.9999976
3118	314.7000074
3119	314.7000074
3120	315.2999878
3121	315.6000078
3122	315.8999979
3123	316.1999881
3124	316.3999915
3125	316.9000149
3126	317.0000017
3127	317.2999918
3128	317.2999918
3129	317.2999918
3130	317.0999885
3131	316.3999915
3132	315.1000142
3133	313.1000102
3134	312.0000064
3135	309.8999858
3136	307.9999983
3137	305.7999909
3138	305.2999973
3139	303.7
3140	302.7000129
3141	302.1000028
3142	301.8999994
3143	301.699996
3144	301.8000126
3145	301.6000092
3146	302.1000028
3147	302.5000095
3148	303.0999899
3149	303.4000099
3150	303.7999868
3151	304.399997
3152	305.0000072
3153	305.2000105
3154	305.7000041
3155	306.3000143
3156	306.400001
3157	306.6999912
3158	307.2000146
3159	307.5999916
3160	308.2999885
3161	308.4000051
3162	308.8999987
3163	309.1999888
3164	309.3000054
3165	309.5000088
3166	309.799999
3167	309.8999858
3168	309.8999858
3169	310.2000058
3170	310.2000058
3171	310.4000092
3172	310.2999926
3173	310.4000092
3174	310.4999959
3175	310.6000125
3176	310.6999993
3177	310.9000027
3178	310.9000027
3179	311.1999929
3180	311.1999929
3181	311.5000129
3182	311.3999963
3183	311.5000129
3184	311.5999997
3185	311.8000031
3186	311.8000031
3187	311.6999865
3188	311.8000031
3189	311.8000031
3190	312.0000064
3191	312.0000064
3192	312.0000064
3193	312.0999932
3194	312.0999932
3195	312.2000098
3196	312.0000064
3197	312.0000064
3198	312.0999932
3199	312.2000098
3200	312.0999932
3201	312.2000098
3202	312.2999966
3203	312.2000098
3204	312.2999966
3205	312.2000098
3206	312.2000098
3207	312.2000098
3208	312.2000098
3209	312.5
3210	312.4000132
3211	312.4000132
3212	312.5
3213	312.2000098
3214	312.2999966
3215	312.2999966
3216	312.4000132
3217	312.2000098
3218	312.4000132
3219	312.2000098
3220	312.2999966
3221	312.4000132
3222	312.5999868
3223	312.5
3224	312.4000132
3225	312.4000132
3226	312.5
3227	312.5
3228	312.5
3229	312.5
3230	312.7999902
3231	312.7000034
3232	312.7000034
3233	312.7999902
3234	312.7999902
3235	312.5999868
3236	312.5999868
3237	312.5
3238	312.7999902
3239	312.5
3240	312.7000034
3241	312.7000034
3242	312.7000034
3243	312.7000034
3244	312.5999868
3245	312.7000034
3246	312.7999902
3247	312.7000034
3248	312.7000034
3249	312.7000034
3250	312.5
3251	312.7000034
3252	312.7000034
3253	312.7000034
3254	312.7999902
3255	312.7999902
3256	312.7000034
3257	312.7999902
3258	312.7999902
3259	312.7999902
3260	312.9999936
3261	313.1000102
3262	312.9000068
3263	312.9000068
3264	312.7999902
3265	312.7999902
3266	312.7999902
3267	312.9000068
3268	312.7000034
3269	312.7999902
3270	312.9000068
3271	312.9999936
3272	312.7999902
3273	312.9999936
3274	312.9999936
3275	313.1000102
3276	313.1000102
3277	312.9999936
3278	312.9000068
3279	312.7000034
3280	312.7999902
3281	312.7999902
3282	312.7999902
3283	312.7000034
3284	312.7999902
3285	312.7000034
3286	312.7000034
3287	312.9000068
3288	312.9000068
3289	313.1000102
3290	313.1000102
3291	313.1000102
3292	313.3000135
3293	313.1000102
3294	313.4000003
3295	313.3000135
3296	313.4000003
3297	313.4000003
3298	313.1000102
3299	313.1999969
3300	313.1000102
3301	313.1000102
3302	313.1000102
3303	313.3000135
3304	312.9999936
3305	312.9999936
3306	313.1000102
3307	313.1000102
3308	313.1000102
3309	313.1999969
3310	313.4000003
3311	313.3000135
3312	313.1999969
3313	313.4999871
3314	313.4999871
3315	312.5
3316	312.5999868
3317	311.1000061
3318	310.6000125
3319	310.0000024
3320	310.7999861
3321	311.3999963
3322	311.5000129
3323	311.8000031
3324	312.2000098
3325	312.2999966
3326	312.2999966
3327	312.4000132
3328	312.5
3329	312.5
3330	312.2999966
3331	312.7000034
3332	312.5999868
3333	312.7999902
3334	312.7000034
3335	312.5999868
3336	312.7000034
3337	312.7000034
3338	312.7000034
3339	312.5
3340	312.5
3341	312.5
3342	312.5
3343	312.4000132
3344	312.4000132
3345	312.4000132
3346	312.5999868
3347	312.5999868
3348	312.5
3349	312.5
3350	312.5
3351	312.5999868
3352	312.7000034
3353	312.5999868
3354	312.7000034
3355	312.7999902
3356	312.7000034
3357	312.5
3358	312.5
3359	312.5
3360	312.4000132
3361	312.4000132
3362	312.5999868
3363	312.2999966
3364	312.2000098
3365	312.2000098
3366	312.2999966
3367	312.5
3368	312.4000132
3369	312.2000098
3370	312.2000098
3371	312.0999932
3372	312.2000098
3373	312.2000098
3374	312.2999966
3375	312.5
3376	312.2999966
3377	312.5
3378	312.2999966
3379	312.2000098
3380	312.4000132
3381	312.5
3382	312.2999966
3383	312.5
3384	312.5999868
3385	312.7999902
3386	312.7999902
3387	312.9000068
3388	312.9999936
3389	312.9999936
3390	312.9999936
3391	312.9000068
3392	312.9000068
3393	312.9999936
3394	312.9999936
3395	312.9000068
3396	312.9999936
3397	313.1000102
3398	313.1000102
3399	312.9999936
3400	312.9000068
3401	312.7999902
3402	312.7999902
3403	313.1000102
3404	313.1000102
3405	313.1999969
3406	313.1000102
3407	313.1000102
3408	312.9999936
3409	313.3000135
3410	313.1999969
3411	313.3000135
3412	313.1999969
3413	313.1000102
3414	313.1999969
3415	313.3000135
3416	313.1000102
3417	312.7999902
3418	312.7000034
3419	312.2000098
3420	312.2999966
3421	312.0000064
3422	312.0000064
3423	312.0000064
3424	312.2000098
3425	312.2000098
3426	312.5
3427	312.9000068
3428	313.1000102
3429	313.4999871
3430	313.6000037
3431	313.6999905
3432	313.8000071
3433	314.0999973
3434	314.3999875
3435	314.3999875
3436	314.5000041
3437	314.7000074
3438	314.7999942
3439	314.9999976
3440	314.7999942
3441	314.9000108
3442	314.7999942
3443	314.7000074
3444	314.7000074
3445	314.7000074
3446	314.9000108
3447	315.1000142
3448	315.1000142
3449	315.2999878
3450	315.1000142
3451	315.200001
3452	315.1000142
3453	315.2999878
3454	315.200001
3455	315.2999878
3456	315.4000044
3457	315.1000142
3458	314.9999976
3459	315.1000142
3460	315.1000142
3461	315.4000044
3462	315.200001
3463	315.1000142
3464	315.4000044
3465	315.1000142
3466	315.1000142
3467	315.1000142
3468	315.200001
3469	315.200001
3470	315.2999878
3471	315.4000044
3472	315.4000044
3473	315.4000044
3474	315.4999912
3475	315.1000142
3476	315.2999878
3477	315.4000044
3478	315.200001
3479	315.4000044
3480	315.2999878
3481	315.4000044
3482	315.4999912
3483	315.4000044
3484	315.4000044
3485	315.4999912
3486	315.4999912
3487	315.4999912
3488	315.4000044
3489	315.4000044
3490	315.4000044
3491	315.6000078
3492	315.4000044
3493	315.4999912
3494	315.4000044
3495	315.6000078
3496	315.6999946
3497	315.6000078
3498	315.6999946
3499	315.6000078
3500	315.6000078
3501	315.6999946
3502	315.6999946
3503	315.4000044
3504	315.4000044
3505	315.4000044
3506	315.4000044
3507	315.4000044
3508	315.4000044
3509	315.6999946
3510	315.4999912
3511	315.4000044
3512	315.6000078
3513	315.4000044
3514	315.4000044
3515	315.1000142
3516	315.1000142
3517	315.1000142
3518	315.1000142
3519	315.2999878
3520	315.1000142
3521	314.9999976
3522	314.9999976
3523	314.9000108
3524	314.9999976
3525	314.7000074
3526	314.7999942
3527	314.7000074
3528	314.5000041
3529	314.5999908
3530	314.3000007
3531	314.3999875
3532	314.9000108
3533	314.9999976
3534	315.4000044
3535	315.4000044
3536	315.4000044
3537	315.4000044
3538	315.4999912
3539	315.2999878
3540	315.4999912
3541	315.4999912
3542	315.2999878
3543	315.1000142
3544	314.9000108
3545	314.7999942
3546	314.7000074
3547	314.7000074
3548	314.5000041
3549	314.7000074
3550	314.9999976
3551	315.1000142
3552	315.1000142
3553	315.1000142
3554	314.9000108
3555	314.9000108
3556	314.9999976
3557	315.200001
3558	315.4000044
3559	315.4999912
3560	315.4000044
3561	315.2999878
3562	315.4000044
3563	315.4000044
3564	315.4000044
3565	315.4000044
3566	315.4999912
3567	315.6999946
3568	315.6999946
3569	315.6999946
3570	315.6999946
3571	315.8000112
3572	315.6999946
3573	315.6999946
3574	315.6000078
3575	315.6999946
3576	315.8000112
3577	315.6999946
3578	315.6000078
3579	315.4000044
3580	315.2999878
3581	315.4000044
3582	315.4000044
3583	315.2999878
3584	315.2999878
3585	315.1000142
3586	314.9999976
3587	314.9000108
3588	315.2999878
3589	314.9000108
3590	315.200001
3591	315.200001
3592	314.9000108
3593	315.200001
3594	315.200001
3595	315.8999979
3596	316.1000013
3597	316.3999915
3598	316.7999983
3599	317.0000017
3600	317.6000118
3601	317.6000118
3602	317.6999986
3603	317.6000118
3604	317.0999885
3605	316.5999949
3606	314.9999976
3607	313.1000102
3608	310.6999993
3609	309.5999956
3610	307.7000082
3611	305.7000041
3612	304.1000068
3613	303.4999967
3614	302.5000095
3615	301.699996
3616	301.4999926
3617	301.2000024
3618	301.4000058
3619	301.4999926
3620	301.8999994
3621	301.9999862
3622	302.5000095
3623	302.8999865
3624	303.4999967
3625	303.7999868
3626	304.6000004
3627	305.0999939
3628	305.2999973
3629	305.7999909
3630	306.1000109
3631	306.8000078
3632	307.0000112
3633	307.3000014
3634	307.5999916
3635	307.9999983
3636	308.2999885
3637	308.4999919
3638	308.8999987
3639	309.1999888
3640	309.1000021
3641	309.3999922
3642	309.5999956
3643	309.799999
3644	309.8999858
3645	310.2999926
3646	310.2000058
3647	310.4000092
3648	310.2999926
3649	310.4000092
3650	310.4000092
3651	310.6000125
3652	310.6000125
3653	310.9000027
3654	310.9000027
3655	311.1000061
3656	311.1000061
3657	311.1999929
3658	310.9999895
3659	310.9999895
3660	311.1999929
3661	311.1000061
3662	311.3000095
3663	311.3000095
3664	311.6999865
3665	311.5999997
3666	311.8000031
3667	311.6999865
3668	311.8999898
3669	311.8999898
3670	311.8999898
3671	312.2000098
3672	312.2999966
3673	312.2000098
3674	312.2000098
3675	312.2000098
3676	312.5
3677	312.5
3678	312.2999966
3679	312.5
3680	312.4000132
3681	312.5999868
3682	312.4000132
3683	312.5999868
3684	312.5
3685	312.4000132
3686	312.5
3687	312.5
3688	312.5
3689	312.2999966
3690	312.5
3691	312.7000034
3692	312.5
3693	312.5
3694	312.4000132
3695	312.2000098
3696	312.2000098
3697	312.0999932
3698	312.2000098
3699	312.0000064
3700	312.2000098
3701	312.0000064
3702	312.2999966
3703	312.5
3704	312.4000132
3705	312.4000132
3706	312.4000132
3707	312.5
3708	312.5999868
3709	312.5999868
3710	312.5
3711	312.5999868
3712	312.7000034
3713	312.7000034
3714	312.7999902
3715	312.5999868
3716	312.5999868
3717	312.5
3718	312.5
3719	312.4000132
3720	312.5
3721	312.5
3722	312.2999966
3723	312.5
3724	312.5
3725	312.4000132
3726	312.5999868
3727	312.5
3728	312.5
3729	312.5
3730	312.5999868
3731	312.7000034
3732	312.5
3733	312.7999902
3734	312.5999868
3735	312.5999868
3736	312.5
3737	312.5999868
3738	312.7000034
3739	312.5999868
3740	312.5999868
3741	312.7999902
3742	312.5999868
3743	312.5999868
3744	312.5
3745	312.5999868
3746	312.5
3747	312.5
3748	312.5999868
3749	312.7000034
3750	312.7000034
3751	312.7000034
3752	312.5
3753	312.5
3754	312.4000132
3755	312.5
3756	312.7999902
3757	312.7000034
3758	312.7999902
3759	312.7999902
3760	312.7000034
3761	312.7999902
3762	312.5999868
3763	312.5999868
3764	312.5999868
3765	312.5
3766	312.5
3767	312.7000034
3768	312.7999902
3769	312.7999902
3770	312.7999902
3771	312.7999902
3772	312.7999902
3773	312.7999902
3774	312.7999902
3775	312.5
3776	312.7999902
3777	312.7000034
3778	312.5999868
3779	312.7000034
3780	312.7000034
3781	312.5999868
3782	312.5
3783	312.7999902
3784	312.5999868
3785	312.7000034
3786	312.7999902
3787	312.7000034
3788	312.7999902
3789	312.5999868
3790	312.7000034
3791	312.7000034
3792	312.5999868
3793	312.7000034
3794	312.7999902
3795	312.7999902
3796	312.9999936
3797	312.7999902
3798	312.9000068
3799	312.9999936
3800	313.1000102
3801	313.1000102
3802	313.1000102
3803	313.1000102
3804	312.9000068
3805	312.7999902
3806	312.7999902
3807	312.7999902
3808	312.7999902
3809	312.7999902
3810	312.7999902
3811	313.1000102
3812	312.7999902
3813	312.9000068
3814	313.1000102
3815	312.7999902
3816	312.9000068
3817	312.7999902
3818	312.7999902
3819	312.7999902
3820	312.9000068
3821	312.9000068
3822	312.9000068
3823	312.9000068
3824	312.7999902
3825	312.7999902
3826	312.9999936
3827	312.9000068
3828	312.9000068
3829	312.9000068
3830	312.7999902
3831	312.9000068
3832	312.9999936
3833	312.9000068
3834	312.9999936
3835	312.9999936
3836	313.1000102
3837	312.9999936
3838	312.9999936
3839	313.1000102
3840	313.1000102
3841	313.1000102
3842	313.1999969
3843	313.1000102
3844	313.1999969
3845	312.9999936
3846	313.3000135
3847	313.3000135
3848	313.4999871
3849	313.3000135
3850	313.4000003
3851	313.3000135
3852	313.4000003
3853	313.4000003
3854	313.4000003
3855	313.4999871
3856	313.4999871
3857	313.3000135
3858	313.1999969
3859	313.3000135
3860	313.4999871
3861	313.4999871
3862	313.4000003
3863	313.4000003
3864	313.1999969
3865	313.1999969
3866	313.1000102
3867	313.1999969
3868	313.1000102
3869	313.1999969
3870	312.9999936
3871	313.1999969
3872	313.4000003
3873	313.1999969
3874	313.1999969
3875	313.1999969
3876	313.1999969
3877	313.3000135
3878	313.4000003
3879	313.1000102
3880	313.1999969
3881	313.3000135
3882	313.1999969
3883	313.1999969
3884	313.1000102
3885	313.1999969
3886	313.3000135
3887	313.3000135
3888	313.4000003
3889	313.4000003
3890	312.9000068
3891	312.4000132
3892	311.8999898
3893	311.5999997
3894	311.5999997
3895	311.5000129
3896	311.5000129
3897	311.8000031
3898	311.8000031
3899	312.0000064
3900	312.5
3901	312.5
3902	312.5
3903	312.4000132
3904	312.5
3905	312.5
3906	312.7000034
3907	312.9000068
3908	312.9000068
3909	313.1000102
3910	313.1999969
3911	313.6000037
3912	313.8000071
3913	313.6000037
3914	313.8999939
3915	314.0999973
3916	314.0000105
3917	314.2000139
3918	314.3999875
3919	314.3999875
3920	314.3999875
3921	314.7999942
3922	314.7000074
3923	314.7999942
3924	314.7000074
3925	314.5999908
3926	314.5999908
3927	314.3999875
3928	314.7000074
3929	314.7999942
3930	314.7000074
3931	314.9999976
3932	314.5999908
3933	314.7000074
3934	314.5000041
3935	314.5999908
3936	314.7000074
3937	314.3999875
3938	314.5999908
3939	314.7000074
3940	314.7999942
3941	314.7999942
3942	314.7999942
3943	314.7999942
3944	314.5999908
3945	314.5999908
3946	314.7000074
3947	314.7000074
3948	314.7000074
3949	314.7999942
3950	314.7000074
3951	314.7000074
3952	314.5000041
3953	314.9000108
3954	314.7000074
3955	314.9000108
3956	314.5999908
3957	314.7000074
3958	314.7000074
3959	314.7000074
3960	314.7000074
3961	314.5999908
3962	314.5999908
3963	314.5999908
3964	314.5000041
3965	314.5999908
3966	314.5000041
3967	314.9000108
3968	314.7000074
3969	314.7000074
3970	314.3999875
3971	314.3999875
3972	314.3000007
3973	314.3000007
3974	314.3999875
3975	314.3999875
3976	314.3999875
3977	314.5000041
3978	314.5000041
3979	314.5000041
3980	314.7000074
3981	314.5000041
3982	314.7000074
3983	314.5999908
3984	314.7000074
3985	314.9000108
3986	315.1000142
3987	315.4000044
3988	314.9000108
3989	314.9000108
3990	314.7000074
3991	314.5999908
3992	314.7000074
3993	314.7000074
3994	314.7999942
3995	314.7999942
3996	314.7000074
3997	314.7999942
3998	314.7000074
3999	314.5999908
4000	314.7000074
4001	314.7000074
4002	314.7000074
4003	314.7999942
4004	314.7999942
4005	314.7999942
4006	314.3999875
4007	314.2000139
4008	314.3000007
4009	314.2000139
4010	314.2000139
4011	314.3000007
4012	314.3000007
4013	314.3999875
4014	314.2000139
4015	314.3999875
4016	314.3000007
4017	314.3999875
4018	314.2000139
4019	314.3000007
4020	314.3999875
4021	314.3999875
4022	314.7000074
4023	314.7999942
4024	314.7999942
4025	314.7000074
4026	314.7999942
4027	314.5999908
4028	314.3999875
4029	314.5000041
4030	314.3999875
4031	314.3999875
4032	314.3999875
4033	314.0999973
4034	314.2000139
4035	314.3000007
4036	314.2000139
4037	314.3999875
4038	314.3999875
4039	314.7000074
4040	314.7000074
4041	314.5999908
4042	314.7000074
4043	314.3000007
4044	314.2000139
4045	314.2000139
4046	314.2000139
4047	314.5000041
4048	314.5999908
4049	314.7000074
4050	314.7000074
4051	314.7000074
4052	314.7000074
4053	314.5000041
4054	314.5000041
4055	314.3999875
4056	314.5999908
4057	314.3999875
4058	314.3999875
4059	314.3999875
4060	314.3999875
4061	314.7000074
4062	314.5999908
4063	314.7000074
4064	314.7000074
4065	314.7000074
4066	314.5999908
4067	315.1000142
4068	315.4000044
4069	315.2999878
4070	316.1000013
4071	316.3999915
4072	316.5999949
4073	316.7000115
4074	316.7999983
4075	317.0999885
4076	317.0000017
4077	316.7000115
4078	316.0000145
4079	314.5999908
4080	313.1000102
4081	311.8999898
4082	309.8999858
4083	307.9999983
4084	306.1000109
4085	305.4000139
4086	304.1999936
4087	303.4999967
4088	303.4000099
4089	303.0000031
4090	302.8999865
4091	303.0000031
4092	302.8999865
4093	303.2000065
4094	303.4999967
4095	303.9000034
4096	304.1999936
4097	304.8000038
4098	305.4000139
4099	305.7999909
4100	306.1999977
4101	306.8999946
4102	307.2000146
4103	307.5999916
4104	307.7000082
4105	307.9000115
4106	308.4999919
4107	308.6000085
4108	308.6000085
4109	309.1999888
4110	309.3999922
4111	309.5000088
4112	309.8999858
4113	310.2000058
4114	310.2000058
4115	310.6000125
4116	310.4999959
4117	310.7999861
4118	310.9000027
4119	310.9000027
4120	310.9000027
4121	311.1000061
4122	311.3999963
4123	311.1999929
4124	311.1999929
4125	311.3999963
4126	311.3000095
4127	311.3000095
4128	311.3999963
4129	311.5000129
4130	311.5000129
4131	311.5000129
4132	311.3000095
4133	311.3000095
4134	311.5000129
4135	311.8000031
4136	311.8000031
4137	311.8000031
4138	311.8000031
4139	312.0000064
4140	312.0000064
4141	311.8000031
4142	312.0000064
4143	312.0000064
4144	312.2000098
4145	312.0999932
4146	312.5
4147	312.2999966
4148	312.5
4149	312.4000132
4150	312.4000132
4151	312.4000132
4152	312.4000132
4153	312.4000132
4154	312.2999966
4155	312.5
4156	312.5
4157	312.5
4158	312.5
4159	312.7000034
4160	312.7000034
4161	312.5999868
4162	312.5
4163	312.5999868
4164	312.4000132
4165	312.5
4166	312.5999868
4167	312.5
4168	312.5
4169	312.5999868
4170	312.7999902
4171	312.7999902
4172	312.9000068
4173	312.7999902
4174	312.7999902
4175	312.7999902
4176	312.7000034
4177	312.7999902
4178	312.7000034
4179	312.5999868
4180	312.7999902
4181	312.5999868
4182	312.7999902
4183	313.1000102
4184	312.9000068
4185	312.9999936
4186	312.9999936
4187	312.9999936
4188	312.9000068
4189	313.1000102
4190	312.7999902
4191	312.7000034
4192	312.7000034
4193	312.7000034
4194	312.7000034
4195	312.5999868
4196	312.7999902
4197	312.5
4198	312.7999902
4199	312.7000034
4200	312.7999902
4201	312.7999902
4202	312.7999902
4203	312.9000068
4204	312.7999902
4205	312.9999936
4206	312.9000068
4207	312.9000068
4208	312.7999902
4209	312.9999936
4210	312.7999902
4211	313.1000102
4212	313.1000102
4213	313.1999969
4214	313.1000102
4215	312.9999936
4216	313.1000102
4217	313.1000102
4218	313.1000102
4219	312.9999936
4220	313.1000102
4221	313.1000102
4222	313.1000102
4223	313.3000135
4224	313.1999969
4225	312.9999936
4226	312.7999902
4227	312.9000068
4228	312.7000034
4229	312.7999902
4230	312.7999902
4231	312.9999936
4232	312.9000068
4233	313.1000102
4234	313.1000102
4235	312.9999936
4236	312.9999936
4237	312.7999902
4238	312.9999936
4239	312.7999902
4240	312.9000068
4241	312.9999936
4242	313.1000102
4243	312.9999936
4244	312.9999936
4245	313.1000102
4246	312.9000068
4247	312.9999936
4248	312.9999936
4249	312.9000068
4250	312.9000068
4251	312.9999936
4252	312.9000068
4253	312.9999936
4254	312.7999902
4255	313.1000102
4256	312.9999936
4257	313.1000102
4258	312.9000068
4259	313.1000102
4260	313.1000102
4261	313.1000102
4262	312.9000068
4263	312.9000068
4264	312.9999936
4265	312.9000068
4266	312.7999902
4267	313.1000102
4268	312.9000068
4269	312.9999936
4270	312.9999936
4271	312.7999902
4272	312.7999902
4273	312.7999902
4274	312.9000068
4275	312.9999936
4276	312.9999936
4277	313.1000102
4278	313.1000102
4279	313.1000102
4280	313.1000102
4281	313.1000102
4282	312.9000068
4283	313.1000102
4284	313.1000102
4285	312.9999936
4286	313.1000102
4287	312.9999936
4288	313.1000102
4289	313.4000003
4290	313.4000003
4291	313.6000037
4292	313.3000135
4293	313.4999871
4294	313.1999969
4295	313.1000102
4296	313.1000102
4297	312.9999936
4298	313.1999969
4299	313.3000135
4300	313.4000003
4301	313.3000135
4302	313.4999871
4303	313.3000135
4304	313.3000135
4305	313.1999969
4306	313.4999871
4307	313.3000135
4308	313.3000135
4309	313.4000003
4310	313.3000135
4311	313.3000135
4312	313.1999969
4313	313.4000003
4314	313.4999871
4315	313.4000003
4316	313.4999871
4317	313.4000003
4318	313.4000003
4319	313.4999871
4320	313.4000003
4321	313.6000037
4322	313.4999871
4323	313.4999871
4324	313.4999871
4325	313.3000135
4326	313.4000003
4327	313.4999871
4328	313.6000037
4329	313.4999871
4330	313.4999871
4331	313.4999871
4332	313.4999871
4333	313.6000037
4334	313.4999871
4335	313.4999871
4336	313.6000037
4337	313.4999871
4338	313.8000071
4339	313.6000037
4340	313.6999905
4341	313.4999871
4342	313.4000003
4343	313.4999871
4344	313.4999871
4345	313.6000037
4346	313.8000071
4347	313.8000071
4348	313.4999871
4349	313.6999905
4350	313.4999871
4351	313.6000037
4352	313.6000037
4353	313.6999905
4354	313.4999871
4355	313.4999871
4356	313.4000003
4357	313.4999871
4358	313.3000135
4359	313.4000003
4360	313.4999871
4361	313.4999871
4362	313.8000071
4363	313.6999905
4364	313.4999871
4365	312.9000068
4366	312.4000132
4367	312.2999966
4368	312.0000064
4369	312.0000064
4370	312.0999932
4371	312.5
4372	312.4000132
4373	312.9000068
4374	313.4000003
4375	313.6000037
4376	313.8999939
4377	314.0999973
4378	314.2000139
4379	314.3999875
4380	314.3000007
4381	314.3999875
4382	314.5000041
4383	314.5999908
4384	314.5999908
4385	314.3999875
4386	314.5999908
4387	314.5000041
4388	314.5000041
4389	314.3999875
4390	314.3999875
4391	314.3999875
4392	314.2000139
4393	314.3999875
4394	314.0000105
4395	314.3000007
4396	314.3999875
4397	314.3999875
4398	314.5999908
4399	314.7000074
4400	314.5999908
4401	314.3999875
4402	314.3000007
4403	314.0999973
4404	314.2000139
4405	314.0999973
4406	314.3999875
4407	314.5000041
4408	314.5999908
4409	314.5000041
4410	314.3999875
4411	314.3999875
4412	314.3000007
4413	314.3000007
4414	314.3999875
4415	314.0000105
4416	314.0999973
4417	314.0999973
4418	314.0999973
4419	314.0999973
4420	314.3000007
4421	314.5000041
4422	314.5000041
4423	314.5999908
4424	314.5999908
4425	314.5000041
4426	314.3999875
4427	314.3000007
4428	314.3000007
4429	314.2000139
4430	314.0999973
4431	314.3000007
4432	314.5000041
4433	314.3999875
4434	314.3999875
4435	314.5999908
4436	314.7000074
4437	314.7000074
4438	314.5000041
4439	314.5999908
4440	314.5000041
4441	314.3999875
4442	314.3000007
4443	314.3999875
4444	314.3999875
4445	314.3000007
4446	314.2000139
4447	314.0999973
4448	314.0999973
4449	314.0999973
4450	314.0999973
4451	314.2000139
4452	314.0999973
4453	314.0999973
4454	314.0999973
4455	314.3000007
4456	314.0000105
4457	313.8999939
4458	313.8000071
4459	313.6999905
4460	313.4999871
4461	313.4999871
4462	313.8000071
4463	313.8999939
4464	314.0000105
4465	314.0999973
4466	314.3000007
4467	314.3000007
4468	314.3000007
4469	314.2000139
4470	313.8999939
4471	314.0000105
4472	314.0999973
4473	314.3000007
4474	314.3999875
4475	314.3000007
4476	314.3999875
4477	314.0999973
4478	314.3999875
4479	314.3000007
4480	314.3999875
4481	314.3999875
4482	314.3999875
4483	314.3999875
4484	314.0999973
4485	314.2000139
4486	314.0999973
4487	314.0000105
4488	314.0000105
4489	314.0999973
4490	314.0999973
4491	314.0999973
4492	314.2000139
4493	314.0000105
4494	313.8999939
4495	313.8000071
4496	314.0999973
4497	314.3000007
4498	314.2000139
4499	314.0999973
4500	314.2000139
4501	314.2000139
4502	314.3000007
4503	314.2000139
4504	314.5000041
4505	314.5999908
4506	314.3999875
4507	314.5000041
4508	314.5999908
4509	314.7000074
4510	314.5999908
4511	314.7000074
4512	314.5000041
4513	314.3999875
4514	314.5000041
4515	314.3999875
4516	314.3999875
4517	314.3999875
4518	314.3000007
4519	314.3999875
4520	314.5999908
4521	314.3999875
4522	314.2000139
4523	314.2000139
4524	314.0999973
4525	314.0000105
4526	314.2000139
4527	314.0999973
4528	314.3999875
4529	314.7000074
4530	314.7000074
4531	314.9000108
4532	314.7000074
4533	314.7000074
4534	314.7000074
4535	314.3999875
4536	314.3999875
4537	314.3999875
4538	314.3999875
4539	314.3000007
4540	314.7000074
4541	314.9000108
4542	315.4000044
4543	315.8000112
4544	316.0000145
4545	316.1000013
4546	316.3999915
4547	316.3999915
4548	316.5000081
4549	316.7999983
4550	316.3999915
4551	315.6000078
4552	314.9000108
4553	313.4999871
4554	311.8000031
4555	309.8999858
4556	308.9999855
4557	307.3000014
4558	305.9000075
4559	304.6999872
4560	304.399997
4561	303.7
4562	303.4999967
4563	303.2000065
4564	303.0999899
4565	303.4000099
4566	303.6000133
4567	303.7999868
4568	304.1999936
4569	304.8999906
4570	305.5000007
4571	305.7000041
4572	306.400001
4573	306.6999912
4574	307.0000112
4575	307.099998
4576	307.5999916
4577	307.9999983
4578	308.2999885
4579	308.6000085
4580	308.8999987
4581	309.1999888
4582	309.3000054
4583	309.5999956
4584	310.0000024
4585	310.2000058
4586	310.2000058
4587	310.2000058
4588	310.4000092
4589	310.6000125
4590	310.7999861
4591	310.9000027
4592	311.1999929
4593	311.3000095
4594	311.1999929
4595	311.3000095
4596	311.5000129
4597	311.5000129
4598	311.5000129
4599	311.3999963
4600	311.5999997
4601	311.5999997
4602	311.5999997
4603	311.8000031
4604	311.6999865
4605	311.8000031
4606	312.0000064
4607	311.8000031
4608	312.0000064
4609	312.0999932
4610	312.2000098
4611	312.2000098
4612	312.2999966
4613	312.2999966
4614	312.2999966
4615	312.2000098
4616	312.2999966
4617	312.2999966
4618	312.5
4619	312.5
4620	312.5
4621	312.5999868
4622	312.7000034
4623	312.7999902
4624	312.7000034
4625	312.7000034
4626	312.7999902
4627	312.9000068
4628	312.7999902
4629	312.7999902
4630	312.7999902
4631	313.1000102
4632	313.1000102
4633	313.1000102
4634	312.9999936
4635	312.7999902
4636	312.7999902
4637	312.5999868
4638	312.7000034
4639	312.7000034
4640	312.5999868
4641	312.7999902
4642	312.9999936
4643	312.9000068
4644	313.1000102
4645	313.1000102
4646	313.1000102
4647	312.9999936
4648	312.9999936
4649	312.9999936
4650	313.1000102
4651	312.9999936
4652	312.9000068
4653	312.9999936
4654	312.7999902
4655	313.1999969
4656	312.9999936
4657	313.1000102
4658	313.1000102
4659	313.1000102
4660	312.9999936
4661	313.1000102
4662	313.1999969
4663	313.1000102
4664	313.1000102
4665	313.1999969
4666	313.1000102
4667	313.1000102
4668	313.1999969
4669	313.1000102
4670	313.1000102
4671	313.1000102
4672	313.1999969
4673	313.1000102
4674	313.3000135
4675	313.1999969
4676	313.1000102
4677	313.1000102
4678	312.9999936
4679	313.1000102
4680	313.1000102
4681	313.1000102
4682	313.1000102
4683	313.1999969
4684	313.1000102
4685	313.1999969
4686	313.1999969
4687	313.1999969
4688	313.3000135
4689	313.3000135
4690	313.4000003
4691	313.1000102
4692	313.1000102
4693	313.1000102
4694	313.1999969
4695	313.1000102
4696	313.4000003
4697	313.3000135
4698	313.1000102
4699	313.3000135
4700	313.3000135
4701	313.4999871
4702	313.1000102
4703	313.4000003
4704	313.4000003
4705	313.6000037
4706	313.4999871
4707	313.4000003
4708	313.4999871
4709	313.3000135
4710	313.3000135
4711	313.1999969
4712	313.4000003
4713	313.3000135
4714	313.4000003
4715	313.4999871
4716	313.6999905
4717	313.6999905
4718	313.8000071
4719	313.6999905
4720	313.6000037
4721	313.8000071
4722	313.8000071
4723	313.6999905
4724	313.6000037
4725	313.4999871
4726	313.6000037
4727	313.3000135
4728	313.6000037
4729	313.6000037
4730	313.4999871
4731	313.4000003
4732	313.4999871
4733	313.4999871
4734	313.4000003
4735	313.4000003
4736	313.3000135
4737	313.4999871
4738	313.8000071
4739	313.6000037
4740	313.6000037
4741	313.4999871
4742	313.4999871
4743	313.6000037
4744	313.6999905
4745	313.6000037
4746	313.6000037
4747	313.8000071
4748	313.8999939
4749	313.8000071
4750	313.8000071
4751	313.8000071
4752	313.8000071
4753	313.8000071
4754	313.8000071
4755	313.8999939
4756	313.8000071
4757	313.6999905
4758	313.8000071
4759	313.4999871
4760	313.3000135
4761	313.4999871
4762	313.4000003
4763	313.4000003
4764	313.6000037
4765	313.6000037
4766	313.6999905
4767	313.8000071
4768	313.8000071
4769	313.6000037
4770	313.4999871
4771	313.4000003
4772	313.4999871
4773	313.4999871
4774	313.1000102
4775	312.9000068
4776	313.1999969
4777	313.1000102
4778	313.1000102
4779	313.1000102
4780	313.1999969
4781	313.3000135
4782	313.4999871
4783	313.3000135
4784	313.4999871
4785	313.6000037
4786	313.4000003
4787	313.1999969
4788	313.4000003
4789	313.6000037
4790	313.4000003
4791	313.4000003
4792	313.1000102
4793	313.3000135
4794	313.3000135
4795	313.4999871
4796	313.4000003
4797	313.4999871
4798	313.1999969
4799	313.3000135
4800	313.3000135
4801	313.4999871
4802	313.4999871
4803	313.6999905
4804	313.8000071
4805	313.6000037
4806	313.8000071
4807	313.8000071
4808	313.8999939
4809	314.0999973
4810	314.0999973
4811	314.0999973
4812	314.0000105
4813	314.3000007
4814	314.2000139
4815	314.2000139
4816	314.0999973
4817	314.0999973
4818	314.2000139
4819	314.0999973
4820	314.0999973
4821	314.0999973
4822	314.2000139
4823	313.8999939
4824	314.0999973
4825	314.0999973
4826	314.0000105
4827	314.0000105
4828	313.8999939
4829	313.8000071
4830	313.8000071
4831	313.8000071
4832	314.0999973
4833	313.6000037
4834	313.6999905
4835	313.8000071
4836	313.8000071
4837	313.6000037
4838	313.3000135
4839	313.1000102
4840	313.1000102
4841	313.1000102
4842	312.7000034
4843	312.5
4844	312.5
4845	312.7999902
4846	312.7999902
4847	313.1000102
4848	313.4999871
4849	313.6999905
4850	313.6999905
4851	313.6000037
4852	313.8999939
4853	314.0999973
4854	314.0999973
4855	314.0999973
4856	314.2000139
4857	314.5000041
4858	314.3999875
4859	314.2000139
4860	314.5000041
4861	314.5000041
4862	314.5000041
4863	314.3999875
4864	314.7000074
4865	314.7999942
4866	314.9000108
4867	314.9999976
4868	315.200001
4869	315.200001
4870	315.200001
4871	315.200001
4872	315.1000142
4873	315.1000142
4874	314.9999976
4875	314.9999976
4876	314.9999976
4877	314.9000108
4878	314.9000108
4879	314.9999976
4880	315.1000142
4881	315.1000142
4882	314.9999976
4883	315.200001
4884	315.200001
4885	315.1000142
4886	315.1000142
4887	314.9000108
4888	314.7000074
4889	314.9000108
4890	315.1000142
4891	314.7999942
4892	314.7999942
4893	314.9000108
4894	314.9999976
4895	314.9999976
4896	314.9999976
4897	314.9999976
4898	314.9000108
4899	314.9999976
4900	314.7000074
4901	314.7000074
4902	314.7000074
4903	314.5999908
4904	314.7000074
4905	314.7000074
4906	314.7000074
4907	314.5999908
4908	314.3999875
4909	314.3999875
4910	314.3000007
4911	314.3999875
4912	314.3999875
4913	314.5999908
4914	314.7000074
4915	314.7000074
4916	314.5999908
4917	314.5999908
4918	314.5999908
4919	314.7000074
4920	314.7000074
4921	314.7000074
4922	314.7000074
4923	314.9000108
4924	314.9999976
4925	314.7000074
4926	314.5000041
4927	314.3999875
4928	314.3000007
4929	314.3000007
4930	314.3999875
4931	314.5000041
4932	314.3999875
4933	314.5999908
4934	314.2000139
4935	314.0999973
4936	313.8000071
4937	313.6999905
4938	313.6999905
4939	313.6999905
4940	313.8000071
4941	314.3000007
4942	314.0999973
4943	314.0999973
4944	314.0999973
4945	314.0999973
4946	314.3000007
4947	314.2000139
4948	314.3000007
4949	314.3999875
4950	314.5000041
4951	314.3999875
4952	314.5000041
4953	314.7000074
4954	314.5000041
4955	314.3999875
4956	314.5999908
4957	314.3999875
4958	314.3000007
4959	314.0999973
4960	314.3000007
4961	314.0999973
4962	314.2000139
4963	314.2000139
4964	314.0999973
4965	314.0999973
4966	314.0999973
4967	314.3999875
4968	314.7999942
4969	314.7000074
4970	314.5999908
4971	314.5000041
4972	314.3999875
4973	314.5999908
4974	314.7000074
4975	315.1000142
4976	314.9999976
4977	314.9999976
4978	314.9999976
4979	314.9999976
4980	314.7000074
4981	314.7000074
4982	314.5999908
4983	314.7000074
4984	314.5999908
4985	314.5999908
4986	314.5999908
4987	314.5999908
4988	314.7000074
4989	314.7000074
4990	314.7000074
4991	314.3999875
4992	314.3000007
4993	314.0999973
4994	314.0999973
4995	314.2000139
4996	314.3999875
4997	314.3999875
4998	314.5999908
4999	314.7000074
5000	314.5999908
5001	314.5999908
5002	314.3999875
5003	314.7000074
5004	314.7000074
5005	314.7000074
5006	314.7999942
5007	315.1000142
5008	314.7000074
5009	314.7000074
5010	314.5999908
5011	314.2000139
5012	314.0999973
5013	314.2000139
5014	314.7000074
5015	315.1000142
5016	315.4000044
5017	316.0000145
5018	316.1999881
5019	316.5999949
5020	316.7000115
5021	317.2000051
5022	317.2999918
5023	317.0999885
5024	316.7000115
5025	315.8999979
5026	314.9000108
5027	313.4000003
5028	312.5
5029	310.6000125
5030	308.9999855
5031	307.9999983
5032	306.400001
5033	305.0999939
5034	304.1999936
5035	303.7999868
5036	303.0000031
5037	302.7000129
5038	302.8999865
5039	303.0000031
5040	303.4000099
5041	303.7999868
5042	304.399997
5043	304.6000004
5044	305.0999939
5045	305.5000007
5046	305.9999943
5047	306.400001
5048	307.0000112
5049	307.3000014
5050	307.5999916
5051	307.9999983
5052	308.4999919
5053	308.6000085
5054	308.6000085
5055	309.1000021
5056	309.1999888
5057	309.5999956
5058	309.5999956
5059	310.0999892
5060	310.6000125
5061	310.6000125
5062	310.6000125
5063	310.6999993
5064	310.9999895
5065	311.1000061
5066	310.9999895
5067	311.1999929
5068	311.1999929
5069	311.1999929
5070	311.5000129
5071	311.5000129
5072	311.8000031
5073	311.8000031
5074	312.0000064
5075	311.8999898
5076	312.2000098
5077	312.0999932
5078	312.2000098
5079	312.2000098
5080	312.2000098
5081	312.4000132
5082	312.2000098
5083	312.2999966
5084	312.2000098
5085	312.2999966
5086	312.4000132
5087	312.2999966
5088	312.5
5089	312.5
5090	312.5
5091	312.5
5092	312.5
5093	312.7999902
5094	312.7999902
5095	312.7000034
5096	312.5999868
5097	312.7000034
5098	312.7999902
5099	312.7000034
5100	312.7999902
5101	312.9000068
5102	312.9000068
5103	313.1000102
5104	312.9000068
5105	313.3000135
5106	313.1000102
5107	312.9000068
5108	312.9999936
5109	312.9999936
5110	312.9999936
5111	313.1000102
5112	313.1000102
5113	313.1000102
5114	313.1000102
5115	312.7999902
5116	312.7999902
5117	312.7999902
5118	312.7999902
5119	312.9999936
5120	312.9999936
5121	312.7999902
5122	312.9000068
5123	312.7999902
5124	313.1000102
5125	313.1000102
5126	313.3000135
5127	313.1999969
5128	313.3000135
5129	313.1000102
5130	313.1000102
5131	313.1999969
5132	313.3000135
5133	313.1999969
5134	313.1000102
5135	312.9000068
5136	313.1000102
5137	312.9999936
5138	312.9999936
5139	312.9000068
5140	313.1000102
5141	312.7999902
5142	312.9000068
5143	312.9999936
5144	312.9000068
5145	312.9999936
5146	313.1000102
5147	313.1000102
5148	313.1999969
5149	313.1999969
5150	313.4000003
5151	313.1000102
5152	313.1000102
5153	313.1999969
5154	313.3000135
5155	313.1999969
5156	313.4999871
5157	313.4999871
5158	313.1999969
5159	313.1999969
5160	313.1000102
5161	313.1000102
5162	313.1000102
5163	313.1000102
5164	312.9999936
5165	312.7999902
5166	312.7000034
5167	312.9000068
5168	312.7999902
5169	312.9000068
5170	313.1000102
5171	312.7999902
5172	312.9999936
5173	312.9999936
5174	312.9000068
5175	312.9000068
5176	312.9000068
5177	312.9000068
5178	312.9999936
5179	312.7999902
5180	312.7999902
5181	312.9999936
5182	312.9999936
5183	312.7999902
5184	312.5999868
5185	312.7999902
5186	312.7999902
5187	312.7000034
5188	312.7999902
5189	312.9000068
5190	312.9000068
5191	312.9000068
5192	312.9999936
5193	312.9999936
5194	312.9999936
5195	312.9999936
5196	312.7999902
5197	312.9000068
5198	312.9000068
5199	313.1000102
5200	313.1000102
5201	312.9999936
5202	312.9000068
5203	312.7999902
5204	312.7999902
5205	312.9999936
5206	313.1000102
5207	313.1000102
5208	312.9999936
5209	313.1000102
5210	313.1999969
5211	313.1000102
5212	313.1000102
5213	313.1000102
5214	313.1000102
5215	313.1999969
5216	313.1999969
5217	313.1999969
5218	312.9999936
5219	313.3000135
5220	313.1000102
5221	313.1000102
5222	313.1000102
5223	313.1000102
5224	313.1000102
5225	313.1000102
5226	312.9000068
5227	312.9999936
5228	313.1000102
5229	313.1000102
5230	313.1000102
5231	312.9000068
5232	312.9000068
5233	312.9999936
5234	312.9999936
5235	313.1000102
5236	312.9000068
5237	312.9999936