1	48.2
2	48.14
3	48.31
4	48.18
5	47.97
6	47.93
7	48.18
8	48.06
9	48.12
10	48.35
11	48.35
12	48.06
13	48.06
14	48.23
15	48.16
16	48.27
17	48.27
18	48.16
19	48.1
20	47.97
21	47.99
22	48.42
23	48.08
24	47.93
25	47.97
26	47.93
27	48.02
28	48.06
29	48.08
30	48.1
31	48.2
32	48.1
33	48.04
34	48.08
35	48.1
36	48.35
37	48.21
38	48.08
39	47.97
40	48.08
41	48.04
42	48.16
43	48.23
44	48.29
45	48.02
46	48.21
47	48.33
48	48.08
49	48.08
50	48.37
51	48.46
52	48.39
53	48.12
54	47.95
55	48.25
56	48.16
57	48.27
58	48.14
59	48.39
60	48.14
61	47.99
62	48.1
63	47.99
64	47.99
65	47.95
66	48.06
67	48.06
68	48.16
69	48.1
70	48.18
71	48.33
72	48.4
73	47.97
74	47.99
75	47.93
76	48.1
77	48.06
78	48.04
79	47.99
80	48.08
81	48.12
82	48.23
83	48.27
84	48.33
85	48.23
86	48.39
87	47.93
88	47.91
89	47.95
90	48
91	48.08
92	48.08
93	48.12
94	48.21
95	48.04
96	48.18
97	48.25
98	48.29
99	48.29
100	48.31
101	48.2
102	48.12
103	48.27
104	48.18
105	47.95
106	48.02
107	48.04
108	48
109	48.06
110	48.1
111	48.23
112	48.23
113	48.31
114	48.33
115	48.1
116	47.99
117	47.95
118	48.08
119	48.12
120	48.04
121	48.1
122	48.21
123	48.18
124	48.2
125	48.21
126	48.37
127	48.31
128	47.95
129	48.12
130	48.06
131	48.02
132	48.12
133	48.27
134	48.04
135	47.91
136	48.08
137	48.18
138	48.29
139	48.2
140	48.33
141	48.63
142	48.23
143	48.37
144	48.33
145	48.44
146	48.48
147	48.75
148	48.75
149	48.65
150	48.6
151	48.69
152	48.9
153	49.19
154	48.98
155	48.86
156	48.94
157	49.24
158	49.3
159	49.07
160	49.03
161	49.17
162	49.23
163	49.34
164	49.47
165	49.23
166	49.24
167	49.38
168	49.42
169	49.23
170	49.24
171	49.61
172	49.28
173	49.42
174	49.38
175	49.61
176	49.28
177	49.51
178	49.59
179	49.36
180	49.42
181	49.47
182	49.63
183	49.57
184	49.36
185	49.42
186	49.49
187	49.3
188	49.82
189	49.74
190	49.36
191	49.53
192	49.84
193	49.4
194	49.55
195	49.53
196	49.74
197	49.49
198	49.51
199	49.43
200	49.76
201	49.63
202	49.45
203	49.61
204	49.59
205	49.85
206	49.78
207	49.51
208	49.57
209	49.57
210	49.78
211	49.78
212	49.4
213	49.43
214	49.42
215	49.49
216	49.7
217	49.57
218	49.47
219	49.45
220	49.49
221	49.45
222	49.51
223	49.51
224	49.53
225	49.55
226	49.63
227	49.68
228	49.66
229	49.74
230	49.53
231	49.57
232	49.61
233	49.61
234	49.64
235	49.59
236	49.61
237	49.59
238	49.59
239	49.45
240	49.55
241	49.49
242	49.55
243	49.72
244	49.51
245	49.45
246	49.42
247	49.38
248	49.38
249	49.53
250	49.47
251	49.49
252	49.49
253	49.76
254	49.87
255	49.78
256	49.74
257	49.82
258	49.78
259	49.82
260	49.82
261	49.91
262	49.57
263	49.7
264	49.63
265	49.61
266	49.78
267	49.47
268	49.61
269	49.8
270	49.91
271	49.87
272	49.55
273	49.64
274	49.78
275	49.87
276	49.53
277	49.53
278	49.45
279	49.49
280	49.51
281	49.57
282	49.49
283	49.47
284	49.45
285	49.51
286	49.66
287	49.63
288	49.7
289	49.84
290	49.55
291	49.51
292	49.57
293	49.49
294	49.49
295	49.89
296	49.93
297	49.68
298	49.61
299	49.55
300	49.53
301	49.63
302	49.74
303	49.84
304	49.63
305	49.43
306	49.53
307	49.64
308	49.57
309	49.84
310	49.78
311	49.59
312	49.55
313	49.53
314	49.4
315	49.42
316	49.76
317	49.53
318	49.51
319	49.59
320	49.36
321	49.13
322	49.32
323	49.36
324	49.36
325	49.53
326	49.4
327	49.34
328	49.21
329	49.02
330	49
331	48.98
332	49.07
333	48.6
334	48.5
335	48.04
336	47.89
337	47.6
338	47.51
339	47.36
340	47.28
341	47.09
342	46.86
343	46.65
344	46.48
345	46.44
346	46.52
347	46.55
348	46.63
349	46.67
350	46.73
351	46.71
352	46.73
353	46.67
354	46.67
355	46.9
356	46.96
357	47.05
358	46.97
359	47.11
360	47.24
361	47.37
362	47.32
363	47.43
364	47.15
365	47.39
366	47.32
367	47.32
368	47.26
369	47.6
370	47.6
371	47.55
372	47.37
373	47.34
374	47.6
375	47.47
376	47.37
377	47.43
378	47.64
379	47.79
380	47.83
381	47.53
382	47.47
383	47.68
384	47.64
385	47.68
386	47.78
387	47.6
388	47.72
389	47.68
390	47.64
391	47.72
392	47.93
393	47.83
394	47.87
395	47.62
396	47.72
397	47.72
398	47.95
399	47.97
400	47.66
401	47.79
402	47.7
403	47.95
404	47.85
405	47.7
406	47.76
407	47.91
408	47.91
409	47.72
410	47.87
411	48.1
412	48.08
413	47.68
414	47.7
415	47.85
416	47.93
417	48.1
418	47.81
419	47.99
420	48.08
421	47.74
422	47.81
423	47.91
424	47.78
425	47.93
426	47.95
427	48.18
428	47.68
429	47.87
430	47.97
431	48.06
432	47.74
433	47.87
434	47.95
435	47.83
436	47.66
437	47.81
438	48
439	48.08
440	47.83
441	47.93
442	47.95
443	48.06
444	47.99
445	47.85
446	47.91
447	47.97
448	47.97
449	47.7
450	47.78
451	47.79
452	47.85
453	47.91
454	48.06
455	47.79
456	47.91
457	47.85
458	48.06
459	48.08
460	47.79
461	47.91
462	47.95
463	48.06
464	48.23
465	48.21
466	47.83
467	47.89
468	47.85
469	47.83
470	48.06
471	48.1
472	47.97
473	47.81
474	47.85
475	47.85
476	47.89
477	47.85
478	47.85
479	47.87
480	48.08
481	47.99
482	47.89
483	47.87
484	47.99
485	47.93
486	48
487	47.97
488	47.99
489	47.91
490	47.89
491	47.91
492	47.97
493	48.12
494	48.25
495	48.16
496	48.02
497	48.12
498	47.83
499	47.83
500	47.79
501	47.93
502	47.83
503	47.76
504	47.74
505	47.79
506	47.91
507	47.87
508	47.89
509	47.89
510	47.87
511	47.85
512	47.87
513	47.81
514	47.85
515	47.89
516	47.91
517	47.93
518	47.89
519	47.87
520	47.87
521	48.06
522	48.1
523	48.12
524	48.08
525	48.08
526	47.87
527	48.02
528	47.97
529	47.97
530	47.78
531	47.79
532	47.91
533	47.89
534	47.87
535	47.87
536	47.91
537	47.87
538	47.89
539	47.87
540	48.23
541	48.2
542	48.21
543	48.2
544	47.83
545	47.83
546	47.85
547	47.89
548	47.83
549	47.85
550	47.85
551	47.89
552	47.97
553	47.99
554	47.99
555	48
556	48.02
557	48.08
558	48.04
559	48
560	47.91
561	47.85
562	47.81
563	47.7
564	47.87
565	47.87
566	47.79
567	47.97
568	47.95
569	47.81
570	47.81
571	47.89
572	47.72
573	47.83
574	47.72
575	47.91
576	48.1
577	47.85
578	47.85
579	47.85
580	47.85
581	47.91
582	47.87
583	47.81
584	47.91
585	48
586	48.04
587	48.08
588	48.23
589	48.27
590	47.97
591	48.02
592	48.06
593	48.04
594	48.02
595	47.99
596	47.95
597	47.89
598	47.93
599	47.97
600	47.85
601	47.97
602	48.04
603	47.99
604	48.18
605	48.16
606	48.16
607	48.2
608	48.29
609	47.97
610	47.97
611	48.1
612	48
613	48
614	48.12
615	48.27
616	48.27
617	48.25
618	48.35
619	48.37
620	48.56
621	48.61
622	48.54
623	48.65
624	48.67
625	48.69
626	48.77
627	49.13
628	49.11
629	49.07
630	49.05
631	49.07
632	48.84
633	48.88
634	48.96
635	49
636	49.03
637	49.13
638	49.13
639	49.13
640	49.13
641	49.3
642	49.19
643	49.19
644	49.21
645	49.19
646	49.43
647	49.45
648	49.43
649	49.4
650	49.09
651	49.11
652	49.13
653	49.17
654	49.23
655	49.15
656	49.19
657	49.3
658	49.3
659	49.45
660	49.36
661	49.3
662	49.28
663	49.26
664	49.15
665	49.23
666	49.23
667	49.28
668	49.28
669	49.24
670	49.34
671	49.43
672	49.43
673	49.45
674	49.26
675	49.23
676	49.28
677	49.28
678	49.3
679	49.34
680	49.32
681	49.3
682	49.32
683	49.23
684	49.21
685	49.23
686	49.3
687	49.47
688	49.42
689	49.34
690	49.23
691	49.15
692	49.24
693	49.24
694	49.43
695	49.36
696	49.3
697	49.45
698	49.45
699	49.45
700	49.57
701	49.19
702	49.11
703	49.15
704	49.23
705	49.36
706	49.34
707	49.32
708	49.36
709	49.32
710	49.38
711	49.4
712	49.49
713	49.57
714	49.57
715	49.15
716	49.13
717	49.17
718	49.24
719	49.23
720	49.23
721	49.24
722	49.28
723	49.26
724	49.49
725	49.59
726	49.57
727	49.42
728	49.28
729	49.38
730	49.38
731	49.3
732	49.36
733	49.47
734	49.55
735	49.36
736	49.28
737	49.26
738	49.36
739	49.34
740	49.34
741	49.49
742	49.51
743	49.24
744	49.26
745	49.32
746	49.36
747	49.53
748	49.57
749	49.49
750	49.32
751	49.19
752	49.34
753	49.36
754	49.43
755	49.51
756	49.61
757	49.36
758	49.34
759	49.32
760	49.3
761	49.34
762	49.49
763	49.59
764	49.51
765	49.34
766	49.36
767	49.42
768	49.38
769	49.49
770	49.59
771	49.34
772	49.28
773	49.45
774	49.4
775	49.59
776	49.68
777	49.47
778	49.38
779	49.34
780	49.36
781	49.38
782	49.36
783	49.55
784	49.36
785	49.42
786	49.45
787	49.45
788	49.55
789	49.17
790	49.23
791	49.21
792	49.36
793	49.19
794	49.05
795	49.02
796	49.21
797	49.11
798	49.09
799	49.24
800	49.38
801	48.98
802	48.77
803	48.82
804	48.98
805	48.69
806	48.46
807	48.42
808	48.25
809	47.68
810	47.51
811	47.32
812	46.96
813	46.82
814	46.63
815	46.67
816	46.65
817	46.38
818	46.17
819	46.23
820	46.25
821	46.31
822	46.23
823	46.38
824	46.46
825	46.67
826	46.38
827	46.4
828	46.54
829	46.59
830	46.8
831	46.67
832	46.61
833	46.76
834	46.78
835	47.05
836	46.9
837	46.8
838	46.86
839	46.94
840	47.03
841	47.17
842	47.34
843	47.36
844	46.99
845	47.09
846	47.2
847	47.26
848	47.3
849	47.58
850	47.45
851	47.24
852	47.2
853	47.45
854	47.34
855	47.36
856	47.43
857	47.47
858	47.58
859	47.66
860	47.7
861	47.68
862	47.68
863	47.45
864	47.47
865	47.55
866	47.51
867	47.53
868	47.58
869	47.6
870	47.64
871	47.74
872	47.7
873	47.68
874	47.7
875	47.72
876	47.81
877	47.72
878	47.7
879	47.62
880	47.55
881	47.49
882	47.49
883	47.58
884	47.64
885	47.62
886	47.58
887	47.74
888	47.89
889	47.87
890	47.87
891	47.76
892	47.68
893	47.66
894	47.7
895	47.66
896	47.7
897	47.68
898	47.79
899	47.78
900	47.7
901	47.7
902	47.97
903	48
904	47.95
905	47.6
906	47.58
907	47.72
908	47.74
909	47.66
910	47.72
911	47.95
912	48.04
913	47.95
914	47.95
915	47.95
916	48.04
917	47.93
918	47.58
919	47.62
920	47.72
921	47.89
922	47.79
923	47.91
924	47.97
925	48.1
926	47.87
927	47.83
928	47.74
929	47.83
930	47.83
931	47.83
932	48.12
933	48
934	48.04
935	47.85
936	47.7
937	47.78
938	47.76
939	47.7
940	47.83
941	47.72
942	47.78
943	48
944	47.99
945	47.97
946	47.74
947	47.7
948	47.7
949	47.7
950	47.78
951	47.79
952	47.78
953	47.89
954	47.85
955	47.87
956	47.89
957	48
958	47.99
959	47.91
960	47.83
961	47.72
962	47.76
963	47.78
964	47.62
965	47.81
966	47.99
967	47.89
968	47.93
969	47.93
970	47.87
971	47.87
972	47.87
973	47.81
974	47.83
975	47.81
976	47.97
977	47.95
978	47.95
979	48.06
980	47.93
981	47.89
982	47.76
983	47.83
984	47.81
985	47.83
986	47.95
987	47.87
988	47.89
989	47.85
990	47.95
991	47.97
992	47.87
993	47.79
994	47.74
995	47.85
996	47.91
997	47.72
998	47.83
999	47.79
1000	47.83
1001	47.79
1002	47.95
1003	47.79
1004	47.97
1005	47.91
1006	47.91
1007	47.99
1008	47.91
1009	47.79
1010	47.95
1011	47.95
1012	47.99
1013	47.89
1014	47.81
1015	47.79
1016	47.79
1017	47.74
1018	47.93
1019	47.74
1020	47.78
1021	47.87
1022	47.87
1023	47.79
1024	47.91
1025	47.83
1026	47.89
1027	47.91
1028	47.91
1029	48.14
1030	48.04
1031	47.91
1032	47.72
1033	47.87
1034	47.58
1035	47.57
1036	47.72
1037	47.79
1038	47.83
1039	48.04
1040	48.02
1041	48.02
1042	47.91
1043	47.64
1044	47.76
1045	47.74
1046	47.72
1047	47.78
1048	47.79
1049	47.87
1050	47.95
1051	48.02
1052	47.68
1053	47.7
1054	47.72
1055	47.78
1056	47.74
1057	47.76
1058	47.87
1059	47.95
1060	48
1061	47.99
1062	47.78
1063	47.72
1064	47.72
1065	47.76
1066	47.89
1067	47.99
1068	47.99
1069	48.04
1070	48.08
1071	47.97
1072	47.95
1073	47.97
1074	47.76
1075	47.7
1076	47.74
1077	47.87
1078	47.76
1079	47.91
1080	47.89
1081	47.91
1082	47.78
1083	47.79
1084	47.81
1085	47.91
1086	47.97
1087	47.95
1088	47.95
1089	48.2
1090	48.16
1091	48.06
1092	48.08
1093	48.12
1094	48.27
1095	48.42
1096	48.58
1097	48.56
1098	48.54
1099	48.79
1100	48.82
1101	48.67
1102	48.69
1103	48.58
1104	48.77
1105	48.86
1106	48.79
1107	48.86
1108	48.84
1109	48.92
1110	48.81
1111	48.9
1112	49.02
1113	49.11
1114	48.86
1115	48.88
1116	48.75
1117	48.96
1118	48.88
1119	48.94
1120	48.94
1121	49.02
1122	49.03
1123	48.94
1124	48.84
1125	48.81
1126	48.9
1127	48.98
1128	48.96
1129	48.94
1130	49.02
1131	49.17
1132	49.13
1133	48.96
1134	49.03
1135	48.88
1136	48.94
1137	49.03
1138	48.98
1139	48.98
1140	49.15
1141	49.17
1142	48.92
1143	48.94
1144	48.92
1145	48.96
1146	49.03
1147	49.05
1148	49.05
1149	49.28
1150	49.28
1151	49.28
1152	48.96
1153	48.94
1154	49.11
1155	49.05
1156	49.24
1157	49.13
1158	49.07
1159	48.98
1160	49.02
1161	49.13
1162	49.24
1163	48.96
1164	49
1165	49.13
1166	49.03
1167	49.17
1168	49.07
1169	49.02
1170	49.09
1171	49.09
1172	49.32
1173	49.21
1174	49.11
1175	49.13
1176	49.09
1177	49.45
1178	49.11
1179	49.02
1180	49.05
1181	49.19
1182	49.17
1183	49.13
1184	49
1185	49.09
1186	49.17
1187	49.36
1188	49.32
1189	49.15
1190	49.03
1191	49.17
1192	49.28
1193	49.36
1194	49.32
1195	49.26
1196	49.21
1197	49.15
1198	49.17
1199	49.47
1200	49.07
1201	49.09
1202	49.21
1203	49.13
1204	49.26
1205	49.17
1206	49.42
1207	49.4
1208	49.05
1209	49.13
1210	49.11
1211	49.45
1212	49.43
1213	49.07
1214	49.23
1215	49.15
1216	49.45
1217	49.4
1218	49.21
1219	49.15
1220	49.11
1221	49.09
1222	49.4
1223	48.98
1224	49.17
1225	49.21
1226	49.15
1227	49.43
1228	48.96
1229	49.09
1230	49.17
1231	49.21
1232	49.32
1233	49.05
1234	49.17
1235	49.11
1236	49.15
1237	49.02
1238	49.13
1239	49.05
1240	49.15
1241	49.42
1242	49.3
1243	49.13
1244	49.13
1245	49.19
1246	49.4
1247	49.47
1248	49.05
1249	49.07
1250	49.05
1251	49.38
1252	49.15
1253	48.96
1254	49.11
1255	49.17
1256	49.42
1257	49.34
1258	49.07
1259	48.98
1260	49.02
1261	49.07
1262	49.03
1263	49.13
1264	49.17
1265	48.79
1266	48.82
1267	48.94
1268	49.07
1269	49.13
1270	49.13
1271	49.07
1272	49
1273	48.77
1274	48.75
1275	48.79
1276	48.65
1277	48.56
1278	48.4
1279	48.46
1280	48.23
1281	48
1282	47.66
1283	47.17
1284	46.82
1285	46.65
1286	46.5
1287	46.33
1288	46.36
1289	46.27
1290	46.31
1291	46.23
1292	46.23
1293	46.46
1294	46.52
1295	46.61
1296	46.63
1297	46.55
1298	46.59
1299	46.54
1300	46.54
1301	46.84
1302	46.94
1303	46.97
1304	47.05
1305	47.07
1306	46.88
1307	46.9
1308	47.11
1309	47.15
1310	47.3
1311	46.97
1312	47.13
1313	47.15
1314	47.05
1315	47.17
1316	47.11
1317	47.18
1318	47.18
1319	47.22
1320	47.24
1321	47.2
1322	47.22
1323	47.13
1324	47.17
1325	47.24
1326	47.18
1327	47.13
1328	47.34
1329	47.3
1330	47.41
1331	47.55
1332	47.51
1333	47.53
1334	47.47
1335	47.62
1336	47.62
1337	47.6
1338	47.66
1339	47.7
1340	47.72
1341	47.68
1342	47.64
1343	47.57
1344	47.57
1345	47.51
1346	47.43
1347	47.62
1348	47.47
1349	47.41
1350	47.51
1351	47.57
1352	47.55
1353	47.47
1354	47.53
1355	47.66
1356	47.58
1357	47.47
1358	47.51
1359	47.58
1360	47.6
1361	47.58
1362	47.51
1363	47.55
1364	47.6
1365	47.55
1366	47.74
1367	47.87
1368	47.81
1369	47.85
1370	47.78
1371	47.78
1372	47.7
1373	47.78
1374	47.76
1375	47.7
1376	47.6
1377	47.58
1378	47.6
1379	47.64
1380	47.51
1381	47.57
1382	47.53
1383	47.51
1384	47.53
1385	47.57
1386	47.47
1387	47.39
1388	47.53
1389	47.51
1390	47.51
1391	47.45
1392	47.6
1393	47.6
1394	47.51
1395	47.47
1396	47.43
1397	47.49
1398	47.51
1399	47.41
1400	47.39
1401	47.41
1402	47.53
1403	47.43
1404	47.43
1405	47.39
1406	47.43
1407	47.43
1408	47.55
1409	47.47
1410	47.49
1411	47.49
1412	47.47
1413	47.51
1414	47.51
1415	47.49
1416	47.49
1417	47.58
1418	47.62
1419	47.6
1420	47.6
1421	47.58
1422	47.68
1423	47.66
1424	47.68
1425	47.66
1426	47.66
1427	47.47
1428	47.53
1429	47.49
1430	47.45
1431	47.49
1432	47.62
1433	47.64
1434	47.58
1435	47.53
1436	47.43
1437	47.49
1438	47.49
1439	47.6
1440	47.58
1441	47.58
1442	47.64
1443	47.7
1444	47.87
1445	47.49
1446	47.45
1447	47.39
1448	47.39
1449	47.43
1450	47.6
1451	47.55
1452	47.57
1453	47.55
1454	47.78
1455	47.83
1456	47.74
1457	47.74
1458	47.6
1459	47.57
1460	47.55
1461	47.57
1462	47.62
1463	47.79
1464	47.78
1465	47.79
1466	47.76
1467	47.62
1468	47.43
1469	47.47
1470	47.47
1471	47.43
1472	47.53
1473	47.57
1474	47.47
1475	47.47
1476	47.6
1477	47.53
1478	47.47
1479	47.53
1480	47.53
1481	47.55
1482	47.7
1483	47.76
1484	47.76
1485	47.66
1486	47.6
1487	47.78
1488	47.7
1489	47.68
1490	47.76
1491	47.66
1492	47.68
1493	47.72
1494	47.81
1495	47.74
1496	47.57
1497	47.6
1498	47.55
1499	47.57
1500	47.79
1501	47.62
1502	47.58
1503	47.47
1504	47.68
1505	47.78
1506	47.83
1507	47.78
1508	47.7
1509	47.68
1510	47.81
1511	47.78
1512	47.93
1513	47.91
1514	47.62
1515	47.62
1516	47.57
1517	47.51
1518	47.62
1519	47.53
1520	47.58
1521	47.62
1522	47.53
1523	47.6
1524	47.62
1525	47.74
1526	47.83
1527	47.85
1528	47.45
1529	47.47
1530	47.49
1531	47.62
1532	47.6
1533	47.64
1534	47.64
1535	47.6
1536	47.68
1537	47.58
1538	47.74
1539	47.79
1540	47.79
1541	47.91
1542	47.51
1543	47.47
1544	47.49
1545	47.47
1546	47.43
1547	47.62
1548	47.7
1549	47.72
1550	47.68
1551	47.76
1552	47.64
1553	47.62
1554	47.81
1555	47.83
1556	47.62
1557	47.66
1558	47.62
1559	47.72
1560	47.7
1561	47.83
1562	47.78
1563	47.76
1564	47.76
1565	48.04
1566	48.02
1567	48.23
1568	48.14
1569	48.18
1570	47.99
1571	48.02
1572	47.99
1573	48.23
1574	48.14
1575	48.37
1576	48.33
1577	48.46
1578	48.42
1579	48.52
1580	48.56
1581	48.58
1582	48.73
1583	48.61
1584	48.81
1585	48.9
1586	48.92
1587	48.82
1588	48.86
1589	48.84
1590	48.63
1591	48.77
1592	48.75
1593	49
1594	48.67
1595	48.65
1596	48.54
1597	48.73
1598	48.71
1599	48.67
1600	48.67
1601	48.63
1602	48.63
1603	48.67
1604	48.84
1605	48.79
1606	48.73
1607	48.86
1608	48.82
1609	48.81
1610	48.96
1611	48.58
1612	49.02
1613	49.05
1614	48.96
1615	49.02
1616	49.17
1617	48.98
1618	48.96
1619	49.09
1620	49.07
1621	48.88
1622	48.92
1623	48.86
1624	49.07
1625	48.58
1626	48.77
1627	48.81
1628	48.23
1629	49.11
1630	49.13
1631	48.96
1632	48.86
1633	48.92
1634	48.94
1635	49.21
1636	48.9
1637	48.81
1638	48.86
1639	48.86
1640	48.84
1641	48.82
1642	48.31
1643	48.9
1644	48.81
1645	48.84
1646	48.82
1647	48.81
1648	48.82
1649	48.92
1650	48.82
1651	48.81
1652	48.96
1653	48.9
1654	49
1655	48.92
1656	49.09
1657	48.98
1658	49.03
1659	48.96
1660	49.02
1661	48.9
1662	48.94
1663	48.86
1664	48.84
1665	48.9
1666	48.86
1667	48.9
1668	48.77
1669	48.96
1670	48.86
1671	48.84
1672	48.77
1673	48.94
1674	48.84
1675	48.88
1676	49.03
1677	49.17
1678	49.11
1679	49.23
1680	49.15
1681	48.92
1682	48.94
1683	49.02
1684	49.03
1685	48.79
1686	48.77
1687	48.88
1688	48.9
1689	48.98
1690	49.05
1691	49.03
1692	49.13
1693	49.03
1694	48.98
1695	48.98
1696	49
1697	49.13
1698	49.02
1699	48.79
1700	48.71
1701	48.86
1702	48.79
1703	48.88
1704	48.86
1705	48.82
1706	48.81
1707	49.02
1708	48.79
1709	48.82
1710	48.96
1711	49.07
1712	49.13
1713	49.43
1714	49.09
1715	48.98
1716	48.98
1717	48.86
1718	49.07
1719	49.05
1720	48.84
1721	48.96
1722	49.09
1723	48.94
1724	48.96
1725	48.94
1726	49.02
1727	48.96
1728	48.81
1729	49.36
1730	49.02
1731	48.86
1732	48.77
1733	49
1734	49.02
1735	49.05
1736	48.81
1737	48.9
1738	49.05
1739	48.96
1740	48.84
1741	48.9
1742	48.88
1743	48.75
1744	48.69
1745	48.75
1746	48.77
1747	48.63
1748	48.54
1749	48.54
1750	48.18
1751	48.18
1752	47.87
1753	47.47
1754	47.2
1755	47.07
1756	46.84
1757	46.55
1758	46.29
1759	46.33
1760	46.27
1761	46.04
1762	45.96
1763	45.94
1764	45.96
1765	45.94
1766	45.89
1767	46.17
1768	46.19
1769	46.33
1770	46.33
1771	46.55
1772	46.61
1773	46.42
1774	46.54
1775	46.59
1776	46.8
1777	46.82
1778	46.67
1779	46.65
1780	46.84
1781	46.84
1782	46.78
1783	46.82
1784	46.94
1785	46.9
1786	47.18
1787	47.17
1788	47.28
1789	47.24
1790	47.37
1791	46.99
1792	47.17
1793	47.17
1794	47.3
1795	47.32
1796	47.15
1797	47.09
1798	47.13
1799	47.17
1800	47.13
1801	47.13
1802	47.07
1803	47.24
1804	47.3
1805	47.2
1806	47.15
1807	47.34
1808	47.51
1809	47.51
1810	47.51
1811	47.6
1812	47.41
1813	47.28
1814	47.39
1815	47.41
1816	47.43
1817	47.28
1818	47.43
1819	47.49
1820	47.41
1821	47.28
1822	47.39
1823	47.34
1824	47.37
1825	47.28
1826	47.34
1827	47.26
1828	47.47
1829	47.37
1830	47.45
1831	47.37
1832	47.39
1833	47.41
1834	47.47
1835	47.37
1836	47.43
1837	47.37
1838	47.34
1839	47.24
1840	47.26
1841	47.39
1842	47.37
1843	47.28
1844	47.36
1845	47.37
1846	47.51
1847	47.43
1848	47.45
1849	47.58
1850	47.64
1851	47.39
1852	47.51
1853	47.53
1854	47.62
1855	47.49
1856	47.36
1857	47.26
1858	47.37
1859	47.28
1860	47.3
1861	47.36
1862	47.32
1863	47.45
1864	47.36
1865	47.41
1866	47.43
1867	47.47
1868	47.47
1869	47.51
1870	47.45
1871	47.47
1872	47.49
1873	47.43
1874	47.43
1875	47.6
1876	47.62
1877	47.72
1878	47.68
1879	47.39
1880	47.34
1881	47.24
1882	47.37
1883	47.24
1884	47.28
1885	47.41
1886	47.36
1887	47.55
1888	47.55
1889	47.57
1890	47.7
1891	47.7
1892	47.6
1893	47.43
1894	47.6
1895	47.49
1896	47.51
1897	47.47
1898	47.7
1899	47.66
1900	47.53
1901	47.32
1902	47.43
1903	47.57
1904	47.53
1905	47.47
1906	47.6
1907	47.68
1908	47.68
1909	47.53
1910	47.43
1911	47.32
1912	47.51
1913	47.55
1914	47.58
1915	47.53
1916	47.51
1917	47.43
1918	47.55
1919	47.43
1920	47.51
1921	47.7
1922	47.7
1923	47.55
1924	47.51
1925	47.39
1926	47.51
1927	47.53
1928	47.62
1929	47.72
1930	47.36
1931	47.57
1932	47.45
1933	47.49
1934	47.7
1935	47.55
1936	47.53
1937	47.57
1938	47.58
1939	47.7
1940	47.49
1941	47.41
1942	47.55
1943	47.39
1944	47.64
1945	47.47
1946	47.39
1947	47.39
1948	47.6
1949	47.74
1950	47.34
1951	47.51
1952	47.37
1953	47.68
1954	47.32
1955	47.58
1956	47.37
1957	47.6
1958	47.37
1959	47.47
1960	47.57
1961	47.47
1962	47.41
1963	47.53
1964	47.51
1965	47.58
1966	47.58
1967	47.51
1968	47.53
1969	47.68
1970	47.39
1971	47.39
1972	47.7
1973	47.45
1974	47.47
1975	47.39
1976	47.37
1977	47.41
1978	47.45
1979	47.74
1980	47.41
1981	47.51
1982	47.37
1983	47.7
1984	47.32
1985	47.68
1986	47.64
1987	47.37
1988	47.47
1989	47.76
1990	47.32
1991	47.53
1992	47.53
1993	47.6
1994	47.49
1995	47.49
1996	47.43
1997	47.72
1998	47.51
1999	47.47
2000	47.41
2001	47.55
2002	47.62
2003	47.74
2004	47.3
2005	47.41
2006	47.51
2007	47.43
2008	47.47
2009	47.74
2010	47.66
2011	47.45
2012	47.55
2013	47.36
2014	47.49
2015	47.39
2016	47.57
2017	47.41
2018	47.45
2019	47.43
2020	47.37
2021	47.32
2022	47.47
2023	47.45
2024	47.51
2025	47.41
2026	47.47
2027	47.6
2028	47.49
2029	47.6
2030	47.49
2031	47.37
2032	47.55
2033	47.58
2034	47.68
2035	47.57
2036	47.68
2037	47.7
2038	47.85
2039	47.85
2040	48.02
2041	48.1
2042	48.06
2043	48.02
2044	48.18
2045	48.2
2046	48.02
2047	48.14
2048	48.25
2049	48.2
2050	48.2
2051	48.23
2052	48.39
2053	48.31
2054	48.48
2055	48.58
2056	48.54
2057	48.52
2058	48.6
2059	48.35
2060	48.35
2061	48.39
2062	48.4
2063	48.37
2064	48.5
2065	48.42
2066	48.37
2067	48.48
2068	48.58
2069	48.82
2070	48.69
2071	48.65
2072	48.65
2073	48.42
2074	48.54
2075	48.44
2076	48.44
2077	48.46
2078	48.42
2079	48.37
2080	48.48
2081	48.48
2082	48.6
2083	48.54
2084	48.56
2085	48.54
2086	48.61
2087	48.54
2088	48.63
2089	48.65
2090	48.52
2091	48.58
2092	48.73
2093	48.71
2094	48.75
2095	48.67
2096	48.65
2097	48.86
2098	48.73
2099	48.73
2100	48.88
2101	48.61
2102	48.56
2103	48.5
2104	48.56
2105	48.48
2106	48.71
2107	48.61
2108	48.69
2109	48.58
2110	48.94
2111	48.84
2112	48.94
2113	48.86
2114	48.88
2115	48.88
2116	49.13
2117	48.86
2118	48.86
2119	48.56
2120	48.42
2121	48.6
2122	48.06
2123	48.54
2124	48.71
2125	48.73
2126	48.73
2127	48.67
2128	48.73
2129	48.67
2130	48.61
2131	48.67
2132	48.71
2133	48.79
2134	48.75
2135	48.67
2136	48.67
2137	48.63
2138	48.92
2139	48.81
2140	48.88
2141	48.65
2142	48.82
2143	48.88
2144	48.81
2145	48.82
2146	48.67
2147	48.88
2148	48.88
2149	48.96
2150	48.86
2151	49
2152	48.77
2153	48.81
2154	48.86
2155	48.92
2156	48.71
2157	48.81
2158	48.81
2159	48.67
2160	48.77
2161	48.56
2162	48.79
2163	48.67
2164	48.82
2165	48.88
2166	48.9
2167	48.79
2168	48.81
2169	48.81
2170	48.92
2171	48.73
2172	48.52
2173	48.61
2174	48.61
2175	48.54
2176	48.63
2177	48.52
2178	48.56
2179	48.54
2180	48.48
2181	48.58
2182	48.63
2183	48.56
2184	48.29
2185	48.29
2186	48.37
2187	48.37
2188	48.56
2189	48.69
2190	48.6
2191	48.6
2192	48.69
2193	48.75
2194	48.65
2195	48.73
2196	48.63
2197	48.73
2198	48.82
2199	48.82
2200	48.88
2201	48.82
2202	48.82
2203	48.81
2204	48.96
2205	48.82
2206	48.92
2207	48.65
2208	48.52
2209	48.52
2210	48.58
2211	48.56
2212	48.56
2213	48.44
2214	48.39
2215	48.44
2216	48.67
2217	48.58
2218	48.48
2219	48.56
2220	48.37
2221	48.58
2222	48.35
2223	48.23
2224	47.95
2225	47.72
2226	47.22
2227	46.78
2228	46.67
2229	46.48
2230	46.33
2231	46.14
2232	46.04
2233	45.94
2234	45.81
2235	46.02
2236	46
2237	46.04
2238	46.08
2239	45.79
2240	45.81
2241	45.75
2242	45.94
2243	45.91
2244	46.08
2245	46.08
2246	46
2247	46.21
2248	46.15
2249	46.15
2250	46.12
2251	46.23
2252	46.19
2253	46.23
2254	46.23
2255	46.23
2256	46.21
2257	46.15
2258	46.33
2259	46.36
2260	46.4
2261	46.38
2262	46.33
2263	46.57
2264	46.46
2265	46.54
2266	46.55
2267	46.65
2268	46.61
2269	46.73
2270	46.69
2271	46.76
2272	46.82
2273	46.75
2274	46.69
2275	46.78
2276	46.82
2277	46.82
2278	46.76
2279	46.9
2280	46.9
2281	46.78
2282	46.59
2283	46.69
2284	46.67
2285	46.67
2286	46.88
2287	46.76
2288	46.86
2289	46.84
2290	46.99
2291	46.8
2292	46.8
2293	46.67
2294	46.8
2295	46.78
2296	46.92
2297	46.9
2298	46.82
2299	46.86
2300	47.01
2301	46.78
2302	46.78
2303	46.78
2304	46.97
2305	46.92
2306	47.05
2307	47.07
2308	47.24
2309	47.11
2310	47.18
2311	47.05
2312	46.9
2313	46.97
2314	46.96
2315	46.94
2316	47.01
2317	47.28
2318	46.82
2319	46.92
2320	47.03
2321	47.05
2322	46.99
2323	47.3
2324	47.15
2325	46.94
2326	47.03
2327	46.99
2328	47.17
2329	47.15
2330	47.32
2331	47.18
2332	46.9
2333	46.94
2334	47.03
2335	47.18
2336	47.15
2337	47.24
2338	47.47
2339	47.37
2340	47.13
2341	47.09
2342	47.18
2343	47.11
2344	47.18
2345	47.15
2346	47.37
2347	47.34
2348	47.32
2349	47.26
2350	47.09
2351	46.88
2352	46.8
2353	46.99
2354	46.96
2355	47.03
2356	47.15
2357	47.17
2358	47.09
2359	47.2
2360	47.11
2361	47.18
2362	47.26
2363	47.2
2364	47.17
2365	47.17
2366	47.07
2367	47.11
2368	47.07
2369	46.97
2370	47.05
2371	47.34
2372	47.32
2373	47.22
2374	47.26
2375	47.41
2376	47.36
2377	47.3
2378	47.37
2379	47.3
2380	47.39
2381	47.36
2382	47.34
2383	47.41
2384	47.39
2385	47.43
2386	47.36
2387	47.22
2388	47.28
2389	47.34
2390	47.2
2391	47.34
2392	47.13
2393	47.11
2394	47.07
2395	47.05
2396	47.09
2397	47.18
2398	47.2
2399	47.26
2400	47.3
2401	47.17
2402	47.11
2403	47.13
2404	47.17
2405	47.13
2406	47.26
2407	47.39
2408	47.39
2409	47.34
2410	47.58
2411	47.62
2412	47.72
2413	47.41
2414	47.32
2415	47.18
2416	47.28
2417	47.3
2418	47.28
2419	47.3
2420	47.34
2421	47.32
2422	47.36
2423	47.32
2424	47.49
2425	47.51
2426	47.57
2427	47.64
2428	47.7
2429	47.34
2430	47.43
2431	47.24
2432	47.28
2433	47.18
2434	47.24
2435	47.26
2436	47.22
2437	47.11
2438	47.22
2439	47.22
2440	47.22
2441	47.28
2442	47.6
2443	47.57
2444	47.47
2445	47.45
2446	47.51
2447	47.32
2448	47.18
2449	47.2
2450	47.15
2451	47.18
2452	47.2
2453	47.34
2454	47.51
2455	47.53
2456	47.47
2457	47.11
2458	47.22
2459	47.32
2460	47.41
2461	47.22
2462	47.43
2463	47.43
2464	47.53
2465	47.58
2466	47.49
2467	47.43
2468	47.34
2469	47.18
2470	47.37
2471	47.32
2472	47.32
2473	47.22
2474	47.3
2475	47.57
2476	47.49
2477	47.57
2478	47.58
2479	47.3
2480	47.17
2481	47.2
2482	47.18
2483	47.05
2484	47.26
2485	47.3
2486	47.3
2487	47.37
2488	47.2
2489	47.37
2490	47.22
2491	47.32
2492	47.28
2493	47.34
2494	47.47
2495	47.36
2496	47.37
2497	47.36
2498	47.26
2499	47.2
2500	47.22
2501	47.28
2502	47.36
2503	47.34
2504	47.51
2505	47.47
2506	47.64
2507	47.7
2508	47.6
2509	47.45
2510	47.36
2511	47.43
2512	47.49
2513	47.57
2514	47.64
2515	47.72
2516	47.81
2517	48.14
2518	48.18
2519	48.14
2520	48.08
2521	47.91
2522	48.06
2523	48.06
2524	48.14
2525	48.35
2526	48.27
2527	48.35
2528	48.58
2529	48.58
2530	48.2
2531	48.2
2532	48.35
2533	48.31
2534	48.42
2535	48.56
2536	48.46
2537	48.54
2538	48.52
2539	48.61
2540	48.73
2541	48.73
2542	48.86
2543	48.67
2544	48.77
2545	48.77
2546	48.79
2547	48.79
2548	48.69
2549	48.67
2550	48.67
2551	48.69
2552	48.77
2553	48.75
2554	48.33
2555	48.46
2556	48.48
2557	48.4
2558	48.42
2559	48.44
2560	48.44
2561	48.46
2562	48.44
2563	48.35
2564	48.61
2565	48.46
2566	48.48
2567	48.56
2568	48.67
2569	48.54
2570	48.6
2571	48.5
2572	48.82
2573	48.73
2574	48.77
2575	48.73
2576	48.9
2577	48.69
2578	48.79
2579	48.79
2580	48.77
2581	48.44
2582	48.56
2583	48.48
2584	48.46
2585	48.9
2586	48.5
2587	48.4
2588	48.56
2589	48.42
2590	48.42
2591	48.56
2592	48.73
2593	48.58
2594	48.6
2595	48.92
2596	48.73
2597	48.6
2598	48.48
2599	48.65
2600	48.44
2601	48.69
2602	48.48
2603	48.58
2604	48.75
2605	48.71
2606	48.94
2607	48.86
2608	48.6
2609	48.67
2610	48.77
2611	48.56
2612	48.84
2613	48.92
2614	48.6
2615	48.58
2616	48.54
2617	48.67
2618	48.71
2619	48.88
2620	48.94
2621	48.84
2622	48.58
2623	48.61
2624	48.67
2625	48.54
2626	48.65
2627	48.86
2628	48.75
2629	48.71
2630	48.5
2631	48.39
2632	48.54
2633	48.56
2634	48.54
2635	48.65
2636	48.69
2637	48.56
2638	48.56
2639	48.35
2640	48.42
2641	48.4
2642	48.61
2643	48.46
2644	48.48
2645	48.44
2646	48.67
2647	48.82
2648	48.73
2649	48.52
2650	48.56
2651	48.39
2652	48.42
2653	48.58
2654	48.44
2655	48.54
2656	48.5
2657	48.65
2658	48.69
2659	48.69
2660	48.86
2661	48.73
2662	48.79
2663	48.63
2664	48.4
2665	48.54
2666	48.56
2667	48.48
2668	48.46
2669	48.71
2670	48.67
2671	48.67
2672	48.46
2673	48.4
2674	48.48
2675	48.52
2676	48.6
2677	48.54
2678	48.75
2679	48.65
2680	48.58
2681	48.46
2682	48.48
2683	48.08
2684	48.18
2685	48.02
2686	48.02
2687	48.02
2688	48.18
2689	48.27
2690	48.23
2691	48.29
2692	48.39
2693	48.4
2694	48.39
2695	48.42
2696	48.29
2697	48
2698	47.83
2699	47.79
2700	47.62
2701	47.37
2702	47.18
2703	47.11
2704	46.82
2705	46.69
2706	46.52
2707	46.36
2708	46.25
2709	46.17
2710	46.19
2711	45.77
2712	45.66
2713	45.52
2714	45.54
2715	45.6
2716	45.58
2717	45.62
2718	45.81
2719	45.96
2720	45.79
2721	45.73
2722	45.77
2723	45.98
2724	46.19
2725	46.21
2726	46.14
2727	45.94
2728	46.15
2729	46.19
2730	46.42
2731	46.27
2732	46.08
2733	46.29
2734	46.42
2735	46.59
2736	46.55
2737	46.33
2738	46.42
2739	46.55
2740	46.52
2741	46.71
2742	46.36
2743	46.46
2744	46.61
2745	46.75
2746	46.54
2747	46.4
2748	46.65
2749	46.86
2750	46.48
2751	46.59
2752	46.67
2753	46.86
2754	46.63
2755	46.63
2756	46.69
2757	46.76
2758	46.92
2759	46.78
2760	46.59
2761	46.97
2762	46.92
2763	46.63
2764	46.71
2765	46.94
2766	46.63
2767	46.71
2768	46.99
2769	46.59
2770	46.71
2771	47.05
2772	46.57
2773	46.73
2774	46.9
2775	46.65
2776	46.82
2777	47.15
2778	46.73
2779	46.84
2780	47.05
2781	46.86
2782	46.8
2783	46.9
2784	47.17
2785	46.78
2786	46.86
2787	46.99
2788	46.86
2789	46.84
2790	47.07
2791	46.82
2792	46.67
2793	46.88
2794	46.9
2795	46.97
2796	47.15
2797	46.86
2798	46.8
2799	46.9
2800	46.94
2801	47.17
2802	46.97
2803	46.82
2804	46.97
2805	46.88
2806	46.94
2807	46.97
2808	47.11
2809	47.05
2810	46.88
2811	46.88
2812	46.96
2813	46.96
2814	46.96
2815	46.92
2816	46.96
2817	47.09
2818	46.99
2819	47.11
2820	46.96
2821	47.09
2822	47.15
2823	47.18
2824	47.05
2825	47.11
2826	46.88
2827	46.82
2828	46.96
2829	46.86
2830	46.96
2831	47.01
2832	46.94
2833	46.99
2834	47.03
2835	46.94
2836	46.97
2837	46.96
2838	46.86
2839	46.92
2840	47.11
2841	47.18
2842	47.11
2843	47.18
2844	47.09
2845	46.73
2846	46.84
2847	46.73
2848	46.73
2849	46.73
2850	46.8
2851	46.82
2852	46.82
2853	46.92
2854	47.07
2855	47.09
2856	47.15
2857	47.13
2858	46.97
2859	46.96
2860	46.97
2861	46.92
2862	47.05
2863	47.09
2864	47.03
2865	46.99
2866	47.2
2867	47.15
2868	47.09
2869	47.17
2870	47.11
2871	47.17
2872	47.37
2873	47.41
2874	47.32
2875	47.36
2876	47.53
2877	47.24
2878	47.22
2879	47.3
2880	47.15
2881	47.2
2882	47.47
2883	47.13
2884	47.18
2885	47.09
2886	47.18
2887	47.39
2888	47.51
2889	47.41
2890	47.28
2891	47.26
2892	47.24
2893	47.15
2894	47.28
2895	47.45
2896	47.3
2897	47.2
2898	47.13
2899	47.2
2900	47.34
2901	47.58
2902	47.41
2903	47.28
2904	47.13
2905	47.22
2906	47.3
2907	47.41
2908	47.49
2909	47.26
2910	47.17
2911	47.18
2912	47.34
2913	47.24
2914	47.39
2915	47.57
2916	47.49
2917	47.43
2918	47.22
2919	47.34
2920	47.34
2921	47.28
2922	47.57
2923	47.2
2924	47.09
2925	47.3
2926	47.22
2927	47.28
2928	47.49
2929	47.17
2930	47.09
2931	47.17
2932	47.22
2933	47.47
2934	47.43
2935	47.22
2936	47.24
2937	47.17
2938	47.55
2939	47.36
2940	47.17
2941	47.34
2942	47.6
2943	47.13
2944	47.28
2945	47.22
2946	47.43
2947	47.2
2948	47.34
2949	47.37
2950	47.37
2951	47.36
2952	47.09
2953	47.22
2954	47.28
2955	47.22
2956	47.32
2957	47.57
2958	47.13
2959	47.34
2960	47.58
2961	47.05
2962	47.36
2963	47.6
2964	47.37
2965	47.3
2966	47.57
2967	47.41
2968	47.26
2969	47.6
2970	47.24
2971	47.32
2972	47.32
2973	47.49
2974	47.36
2975	47.37
2976	47.68
2977	47.34
2978	47.39
2979	47.62
2980	47.51
2981	47.45
2982	47.53
2983	47.74
2984	47.43
2985	47.64
2986	47.64
2987	48
2988	47.7
2989	47.81
2990	48.35
2991	47.97
2992	47.74
2993	47.95
2994	48.02
2995	48.18
2996	48.35
2997	48.21
2998	48.2
2999	48.23
3000	48.46
3001	48.4
3002	47.95
3003	48.21
3004	48.33
3005	48.29
3006	48.46
3007	48.6
3008	48.67
3009	48.56
3010	48.52
3011	48.35
3012	48.21
3013	48.33
3014	48.56
3015	48.25
3016	48.31
3017	48.44
3018	48.6
3019	48.48
3020	48.27
3021	48.35
3022	48.52
3023	48.54
3024	48.69
3025	48.46
3026	48.67
3027	48.6
3028	48.69
3029	48.65
3030	48.75
3031	48.71
3032	48.67
3033	48.6
3034	48.31
3035	48.39
3036	48.42
3037	48.29
3038	48.56
3039	48.6
3040	48.35
3041	48.48
3042	48.42
3043	48.48
3044	48.63
3045	48.71
3046	48.71
3047	48.67
3048	48.73
3049	48.71
3050	48.75
3051	48.67
3052	48.42
3053	48.39
3054	48.35
3055	48.37
3056	48.46
3057	48.4
3058	48.5
3059	48.54
3060	48.42
3061	48.46
3062	48.46
3063	48.54
3064	48.5
3065	48.5
3066	48.63
3067	48.54
3068	48.67
3069	48.52
3070	48.6
3071	48.46
3072	48.58
3073	48.58
3074	48.54
3075	48.48
3076	48.88
3077	48.75
3078	48.67
3079	48.71
3080	48.39
3081	48.39
3082	48.35
3083	48.63
3084	48.48
3085	48.5
3086	48.44
3087	48.58
3088	48.54
3089	48.54
3090	48.48
3091	48.33
3092	48.4
3093	48.5
3094	48.6
3095	48.71
3096	48.69
3097	48.37
3098	48.29
3099	48.46
3100	48.65
3101	48.52
3102	48.69
3103	48.33
3104	48.4
3105	48.48
3106	48.52
3107	48.52
3108	48.75
3109	48.71
3110	48.65
3111	48.5
3112	48.54
3113	48.6
3114	48.58
3115	48.52
3116	48.58
3117	48.58
3118	48.37
3119	48.35
3120	48.33
3121	48.5
3122	48.42
3123	48.54
3124	48.77
3125	48.63
3126	48.48
3127	48.48
3128	48.44
3129	48.37
3130	48.58
3131	48.5
3132	48.84
3133	48.73
3134	48.4
3135	48.5
3136	48.42
3137	48.5
3138	48.63
3139	48.75
3140	48.33
3141	48.35
3142	48.48
3143	48.46
3144	48.56
3145	48.6
3146	48.77
3147	48.75
3148	48.39
3149	48.46
3150	48.58
3151	48.82
3152	48.61
3153	48.39
3154	48.48
3155	48.6
3156	48.23
3157	48.14
3158	48.21
3159	48.39
3160	48.35
3161	48.18
3162	48.27
3163	48.56
3164	48.16
3165	48.16
3166	48.21
3167	48.18
3168	47.79
3169	48
3170	47.76
3171	47.68
3172	47.26
3173	47.28
3174	46.99
3175	46.61
3176	46.59
3177	46.52
3178	46.17
3179	46.15
3180	46.44
3181	46.04
3182	46.14
3183	46.27
3184	46.1
3185	46.04
3186	46.21
3187	46.36
3188	46.1
3189	46.34
3190	46.44
3191	46.14
3192	46.36
3193	46.52
3194	46.73
3195	46.44
3196	46.5
3197	46.84
3198	46.5
3199	46.55
3200	46.94
3201	46.5
3202	46.67
3203	46.82
3204	47.01
3205	46.82
3206	46.9
3207	47.11
3208	46.96
3209	46.88
3210	46.88
3211	47.11
3212	46.92
3213	46.75
3214	46.94
3215	47.24
3216	47.07
3217	46.9
3218	46.96
3219	47.07
3220	47.26
3221	47.17
3222	47.07
3223	46.96
3224	47.11
3225	47.01
3226	47.15
3227	47.26
3228	47.22
3229	46.9
3230	46.92
3231	47.09
3232	47.01
3233	47.13
3234	47.2
3235	47.39
3236	47.24
3237	47.07
3238	46.86
3239	46.9
3240	46.88
3241	46.92
3242	46.9
3243	46.97
3244	47.03
3245	46.97
3246	47.13
3247	47.18
3248	47.2
3249	47.05
3250	47.18
3251	47.36
3252	47.39
3253	47.3
3254	47.34
3255	47.17
3256	47.03
3257	47.01
3258	47.13
3259	46.97
3260	47.2
3261	47.17
3262	47.34
3263	47.15
3264	47.09
3265	47.15
3266	47.18
3267	47.24
3268	47.13
3269	47.18
3270	47.51
3271	47.47
3272	47.36
3273	47.43
3274	47.05
3275	47.05
3276	47.09
3277	47.2
3278	47.09
3279	47.13
3280	47.2
3281	47.17
3282	47.18
3283	47.36
3284	47.53
3285	47.36
3286	47.32
3287	47.2
3288	47.2
3289	47.07
3290	47.17
3291	47.2
3292	47.17
3293	47.11
3294	47.3
3295	47.49
3296	47.57
3297	47.32
3298	47.22
3299	47.11
3300	47.15
3301	47.2
3302	47.28
3303	47.2
3304	47.24
3305	47.3
3306	47.51
3307	47.45
3308	47.39
3309	47.28
3310	47.17
3311	47.37
3312	47.41
3313	47.22
3314	47.39
3315	47.3
3316	47.39
3317	47.32
3318	47.17
3319	47.28
3320	46.97
3321	47.13
3322	47.01
3323	47.15
3324	47.17
3325	47.17
3326	47.22
3327	47.24
3328	47.26
3329	47.24
3330	47.24
3331	47.26
3332	47.13
3333	47.3
3334	47.45
3335	47.41
3336	47.45
3337	47.47
3338	47.39
3339	47.37
3340	47.51
3341	47.37
3342	47.51
3343	47.24
3344	47.07
3345	47.13
3346	47.24
3347	47.32
3348	47.24
3349	47.47
3350	47.53
3351	47.39
3352	47.34
3353	47.2
3354	47.09
3355	47.32
3356	47.09
3357	47.32
3358	47.26
3359	47.05
3360	46.97
3361	47.05
3362	47.15
3363	47.15
3364	47.39
3365	47.11
3366	46.97
3367	47.13
3368	47.66
3369	47.22
3370	47.09
3371	47.26
3372	47.51
3373	47.01
3374	47.18
3375	47.2
3376	47.55
3377	47.11
3378	47.18
3379	47.22
3380	47.36
3381	47.51
3382	47.15
3383	47.2
3384	47.24
3385	47.49
3386	47.07
3387	47.28
3388	47.28
3389	47.45
3390	47.17
3391	47.36
3392	47.37
3393	47.53
3394	47.22
3395	47.13
3396	47.47
3397	47.01
3398	47.24
3399	47.45
3400	47.3
3401	47.11
3402	47.22
3403	47.17
3404	47.03
3405	47.2
3406	47.58
3407	47.03
3408	47.3
3409	47.58
3410	47.09
3411	47.26
3412	47.11
3413	47.11
3414	47.17
3415	47.18
3416	47.22
3417	47.09
3418	47.28
3419	47.15
3420	47.58
3421	47.43
3422	47.13
3423	47.26
3424	47.45
3425	47.01
3426	47.28
3427	47.47
3428	47.11
3429	47.13
3430	47.24
3431	47.53
3432	47.05
3433	47.18
3434	47.07
3435	47.24
3436	47.17
3437	47.24
3438	47.37
3439	47.11
3440	47.22
3441	47.11
3442	47.37
3443	47.55
3444	47.09
3445	47.18
3446	47.24
3447	47.18
3448	47.47
3449	47.37
3450	47.07
3451	47.26
3452	47.24
3453	47.32
3454	47.53
3455	47.37
3456	47.3
3457	47.36
3458	47.36
3459	47.45
3460	47.6
3461	47.78
3462	47.97
3463	47.79
3464	47.7
3465	47.87
3466	47.95
3467	48.02
3468	47.91
3469	47.91
3470	47.89
3471	48.14
3472	47.95
3473	48.27
3474	48.27
3475	47.93
3476	48.02
3477	48.14
3478	48.02
3479	48.2
3480	48.37
3481	48.27
3482	48.04
3483	48.08
3484	48.2
3485	48.31
3486	48.48
3487	48.25
3488	48.04
3489	48.16
3490	48.1
3491	48.18
3492	48.5
3493	48.39
3494	48.25
3495	47.99
3496	48.2
3497	48.29
3498	48.33
3499	48.31
3500	48.21
3501	48.16
3502	48.2
3503	48.14
3504	48.23
3505	48.33
3506	48.61
3507	48.21
3508	48.23
3509	47.99
3510	48.21
3511	48.35
3512	48.23
3513	48.2
3514	48.31
3515	48.48
3516	48.56
3517	48.54
3518	48.48
3519	48.12
3520	48.04
3521	48.06
3522	48.1
3523	48.06
3524	48.08
3525	48.29
3526	48.2
3527	48.12
3528	48.37
3529	48.42
3530	48.42
3531	48.37
3532	48.23
3533	48.16
3534	48.2
3535	48.23
3536	48.14
3537	48.44
3538	48.37
3539	48.5
3540	48.44
3541	48.4
3542	48.14
3543	48.02
3544	48.2
3545	48.16
3546	48.06
3547	48.25
3548	48.16
3549	48.04
3550	48.25
3551	48.31
3552	48.2
3553	48.23
3554	48.14
3555	48.27
3556	48.31
3557	48.23
3558	48.25
3559	48.35
3560	48.23
3561	48.56
3562	48.42
3563	48.16
3564	48.23
3565	48.2
3566	48.37
3567	48.29
3568	48.25
3569	48.27
3570	48.37
3571	48.21
3572	48.08
3573	48.12
3574	48.27
3575	48.21
3576	48.35
3577	48.63
3578	48.25
3579	48.21
3580	48.25
3581	48.29
3582	48.52
3583	48.48
3584	48.14
3585	48.35
3586	48.4
3587	48.63
3588	48.2
3589	48.2
3590	48.33
3591	48.44
3592	48.16
3593	48.18
3594	48.35
3595	48.44
3596	48
3597	48.44
3598	48.56
3599	48.12
3600	48.37
3601	48.46
3602	48.18
3603	48.31
3604	48.39
3605	48.14
3606	48.23
3607	48.35
3608	48.16
3609	48.18
3610	48.42
3611	48.04
3612	48.21
3613	48.42
3614	48.14
3615	48.27
3616	48.42
3617	48.21
3618	48.23
3619	48.29
3620	48.48
3621	48.16
3622	48.27
3623	48.6
3624	48.33
3625	48.29
3626	48.44
3627	48.1
3628	48.12
3629	48
3630	47.99
3631	48.16
3632	48.1
3633	47.93
3634	48.18
3635	48.18
3636	48.02
3637	48.1
3638	48
3639	47.91
3640	47.89
3641	47.79
3642	47.87
3643	47.83
3644	47.47
3645	47.2
3646	47.2
3647	46.94
3648	46.63
3649	46.5
3650	46.52
3651	46
3652	45.96
3653	46.08
3654	46.25
3655	45.75
3656	45.93
3657	45.94
3658	46.19
3659	45.85
3660	46
3661	46
3662	46.25
3663	46.04
3664	45.94
3665	46.06
3666	46.14
3667	46.42
3668	46.4
3669	46.34
3670	46.21
3671	46.31
3672	46.38
3673	46.42
3674	46.4
3675	46.5
3676	46.76
3677	46.67
3678	46.65
3679	46.71
3680	46.75
3681	46.96
3682	46.86
3683	46.73
3684	46.78
3685	46.92
3686	46.86
3687	46.8
3688	46.73
3689	46.75
3690	46.73
3691	46.75
3692	46.86
3693	46.86
3694	46.8
3695	46.8
3696	46.92
3697	46.73
3698	46.92
3699	46.96
3700	46.82
3701	46.92
3702	46.88
3703	46.99
3704	47.07
3705	46.99
3706	47.05
3707	46.99
3708	46.75
3709	46.78
3710	46.8
3711	46.75
3712	46.59
3713	46.86
3714	46.96
3715	46.8
3716	46.96
3717	46.82
3718	47.01
3719	47.22
3720	47.11
3721	47.05
3722	46.86
3723	46.88
3724	46.92
3725	46.92
3726	47.01
3727	47.07
3728	46.94
3729	46.99
3730	46.97
3731	46.84
3732	46.84
3733	46.82
3734	46.96
3735	46.86
3736	47.2
3737	47.2
3738	46.86
3739	46.84
3740	46.88
3741	46.92
3742	47.24
3743	47.2
3744	46.94
3745	46.88
3746	47.01
3747	47.05
3748	47.3
3749	47.11
3750	46.88
3751	46.96
3752	47.05
3753	47.22
3754	47.15
3755	47.05
3756	47.05
3757	47.32
3758	47.18
3759	47.09
3760	47.26
3761	47.26
3762	47.03
3763	46.97
3764	47.2
3765	47.05
3766	46.92
3767	47.05
3768	47.2
3769	47.24
3770	46.94
3771	46.96
3772	47.11
3773	46.97
3774	46.97
3775	47.01
3776	47.17
3777	47.11
3778	47.05
3779	47.32
3780	47.03
3781	46.94
3782	47.18
3783	47.2
3784	46.88
3785	47.11
3786	47.15
3787	46.86
3788	46.9
3789	46.9
3790	47.07
3791	46.97
3792	46.82
3793	46.97
3794	46.86
3795	47.01
3796	46.8
3797	46.8
3798	46.78
3799	47.05
3800	46.96
3801	47.28
3802	47.03
3803	47.09
3804	46.92
3805	46.84
3806	47.05
3807	47.03
3808	46.88
3809	46.94
3810	47.18
3811	47.18
3812	46.88
3813	46.86
3814	46.82
3815	47.07
3816	46.9
3817	47.07
3818	47.2
3819	47.13
3820	46.88
3821	46.88
3822	46.96
3823	46.84
3824	46.9
3825	46.9
3826	46.97
3827	46.97
3828	46.9
3829	46.8
3830	46.76
3831	47.07
3832	46.99
3833	47.22
3834	47.01
3835	46.76
3836	46.96
3837	46.96
3838	47.18
3839	47.05
3840	47.03
3841	46.82
3842	47.01
3843	47.24
3844	47.18
3845	47.03
3846	47.15
3847	47.05
3848	47.05
3849	47.05
3850	47.07
3851	47.34
3852	46.92
3853	46.82
3854	47.13
3855	46.96
3856	47.26
3857	47.22
3858	46.94
3859	46.97
3860	46.78
3861	46.96
3862	46.94
3863	46.9
3864	46.99
3865	47.18
3866	47.11
3867	47.11
3868	47.07
3869	46.8
3870	46.9
3871	46.94
3872	46.84
3873	46.82
3874	46.92
3875	46.92
3876	46.97
3877	46.78
3878	46.88
3879	46.92
3880	46.96
3881	46.82
3882	46.88
3883	46.82
3884	46.84
3885	46.88
3886	46.88
3887	46.75
3888	46.84
3889	46.94
3890	46.88
3891	46.92
3892	46.99
3893	46.99
3894	46.97
3895	46.88
3896	47.03
3897	46.92
3898	47.13
3899	47.05
3900	47.13
3901	47.01
3902	47.22
3903	47.11
3904	47.07
3905	47.15
3906	47.05
3907	47.3
3908	47.26
3909	47.22
3910	47.32
3911	47.26
3912	47.03
3913	47.01
3914	46.9
3915	46.96
3916	46.88
3917	46.99
3918	47.09
3919	46.99
3920	46.97
3921	47.03
3922	46.92
3923	46.9
3924	46.97
3925	47.32
3926	47.13
3927	47.01
3928	46.99
3929	47.24
3930	47.26
3931	47.51
3932	47.51
3933	47.37
3934	47.32
3935	47.47
3936	47.58
3937	47.53
3938	47.78
3939	47.7
3940	47.72
3941	47.7
3942	47.81
3943	47.74
3944	48.18
3945	47.87
3946	47.76
3947	47.87
3948	47.95
3949	48.18
3950	48.08
3951	47.99
3952	47.78
3953	48.08
3954	48.23
3955	47.91
3956	48.04
3957	47.81
3958	47.95
3959	48.23
3960	48.23
3961	47.91
3962	48
3963	47.85
3964	48
3965	48.12
3966	47.85
3967	48.04
3968	48.14
3969	48.27
3970	47.97
3971	47.78
3972	47.99
3973	48.27
3974	48.16
3975	47.83
3976	48.06
3977	48.25
3978	48.31
3979	47.95
3980	48.02
3981	48.08
3982	48.25
3983	47.95
3984	47.95
3985	48.2
3986	48.37
3987	48
3988	47.95
3989	47.99
3990	48.21
3991	47.95
3992	48.16
3993	48.08
3994	48.16
3995	47.99
3996	48.02
3997	48.1
3998	48.06
3999	48.02
4000	48.02
4001	48
4002	47.97
4003	48.2
4004	47.81
4005	48.08
4006	48.37
4007	48.35
4008	48.12
4009	48.18
4010	48.04
4011	48.31
4012	48.29
4013	48.06
4014	48.2
4015	48.25
4016	48.29
4017	48.33
4018	48.06
4019	48.1
4020	48.1
4021	48.23
4022	48.33
4023	48.31
4024	48.27
4025	48.14
4026	48.04
4027	48.12
4028	48.14
4029	48.06
4030	48.1
4031	48.31
4032	48.46
4033	48.31
4034	48.12
4035	48.14
4036	47.89
4037	47.93
4038	48.1
4039	48.08
4040	48.1
4041	48.02
4042	47.95
4043	47.93
4044	48.04
4045	47.95
4046	48.14
4047	48.04
4048	47.95
4049	48.08
4050	48.12
4051	48.16
4052	48.16
4053	48.08
4054	48.14
4055	48.14
4056	48.16
4057	48.29
4058	48.23
4059	48.52
4060	48.35
4061	48.4
4062	48.08
4063	48.06
4064	48.14
4065	48.14
4066	48.2
4067	48.16
4068	48.18
4069	48.27
4070	48.33
4071	48.14
4072	48.02
4073	48.06
4074	48.2
4075	48.23
4076	48.14
4077	48.21
4078	48.33
4079	48.39
4080	48.16
4081	48.16
4082	48.12
4083	48.04
4084	48.14
4085	48.25
4086	48.4
4087	48.08
4088	48.14
4089	48.08
4090	48.14
4091	48.27
4092	48.42
4093	48.16
4094	47.99
4095	47.99
4096	48.08
4097	48.08
4098	48.21
4099	48.16
4100	48.2
4101	48.1
4102	47.93
4103	47.95
4104	47.87
4105	47.99
4106	48.14
4107	48.2
4108	48.04
4109	48.04
4110	47.81
4111	47.83
4112	47.97
4113	47.91
4114	47.76
4115	47.66
4116	47.53
4117	47.26
4118	47.2
4119	47.17
4120	46.86
4121	46.55
4122	46.34
4123	46.12
4124	46
4125	45.75
4126	45.62
4127	45.94
4128	45.58
4129	45.75
4130	45.62
4131	45.75
4132	45.83
4133	45.87
4134	45.89
4135	45.77
4136	46
4137	45.94
4138	46.08
4139	46.15
4140	46.1
4141	46.19
4142	46.31
4143	46.34
4144	46.52
4145	46.5
4146	46.61
4147	46.23
4148	46.29
4149	46.34
4150	46.38
4151	46.42
4152	46.63
4153	46.57
4154	46.5
4155	46.61
4156	46.69
4157	46.69
4158	46.59
4159	46.46
4160	46.63
4161	46.78
4162	46.92
4163	46.84
4164	46.46
4165	46.59
4166	46.73
4167	46.96
4168	46.84
4169	46.67
4170	46.65
4171	46.94
4172	46.88
4173	46.55
4174	46.75
4175	46.86
4176	46.92
4177	46.63
4178	46.69
4179	46.8
4180	46.63
4181	46.8
4182	46.84
4183	46.65
4184	46.78
4185	47.15
4186	46.78
4187	46.67
4188	46.75
4189	46.78
4190	46.76
4191	46.67
4192	46.94
4193	46.57
4194	46.76
4195	46.92
4196	46.82
4197	46.65
4198	46.96
4199	46.96
4200	46.76
4201	46.9
4202	46.92
4203	46.59
4204	46.76
4205	47.05
4206	46.96
4207	46.76
4208	46.9
4209	47.03
4210	46.84
4211	46.71
4212	46.97
4213	46.92
4214	47.07
4215	46.69
4216	46.9
4217	46.97
4218	47.03
4219	46.97
4220	46.92
4221	47.05
4222	46.75
4223	46.84
4224	46.92
4225	46.88
4226	46.88
4227	46.94
4228	46.99
4229	46.96
4230	46.8
4231	47.11
4232	46.88
4233	46.78
4234	46.9
4235	47.03
4236	46.78
4237	46.92
4238	46.9
4239	46.92
4240	46.99
4241	46.86
4242	46.76
4243	46.75
4244	46.99
4245	46.94
4246	47.03
4247	47.11
4248	47.13
4249	46.73
4250	46.69
4251	46.65
4252	46.76
4253	46.76
4254	46.88
4255	46.88
4256	46.88
4257	46.76
4258	46.76
4259	46.84
4260	46.94
4261	46.9
4262	46.84
4263	46.96
4264	46.82
4265	46.76
4266	46.88
4267	46.9
4268	46.96
4269	46.78
4270	46.75
4271	46.9
4272	46.8
4273	46.9
4274	46.94
4275	46.97
4276	47.13
4277	47.01
4278	47.11
4279	46.99
4280	46.82
4281	46.9
4282	46.92
4283	46.84
4284	46.96
4285	46.92
4286	47.01
4287	46.82
4288	46.65
4289	46.67
4290	46.94
4291	46.84
4292	46.88
4293	47.01
4294	47.07
4295	46.8
4296	46.78
4297	46.97
4298	46.97
4299	46.88
4300	47.09
4301	46.73
4302	46.75
4303	46.96
4304	46.92
4305	47.13
4306	46.92
4307	46.82
4308	46.8
4309	46.8
4310	46.78
4311	46.94
4312	46.96
4313	46.94
4314	46.78
4315	46.84
4316	46.94
4317	46.84
4318	47.05
4319	46.9
4320	46.78
4321	46.99
4322	46.97
4323	47.15
4324	47.07
4325	46.82
4326	46.82
4327	46.82
4328	46.99
4329	47.03
4330	47.07
4331	47.05
4332	46.8
4333	46.8
4334	46.9
4335	46.96
4336	47.13
4337	46.71
4338	46.88
4339	46.97
4340	46.94
4341	47.03
4342	46.88
4343	46.84
4344	46.84
4345	46.97
4346	47.05
4347	47.17
4348	46.9
4349	46.92
4350	46.8
4351	46.94
4352	46.84
4353	46.99
4354	47.24
4355	46.76
4356	46.92
4357	46.9
4358	46.92
4359	46.86
4360	46.88
4361	47.11
4362	46.99
4363	46.8
4364	46.65
4365	46.78
4366	46.94
4367	46.8
4368	46.88
4369	47.01
4370	47.09
4371	47.07
4372	46.92
4373	46.75
4374	46.84
4375	47.07
4376	46.82
4377	46.8
4378	47.07
4379	46.96
4380	46.86
4381	46.73
4382	46.86
4383	46.92
4384	47.03
4385	47.13
4386	47.13
4387	46.82
4388	46.86
4389	46.9
4390	46.82
4391	46.78
4392	46.94
4393	46.71
4394	46.88
4395	46.78
4396	46.84
4397	46.94
4398	46.9
4399	46.97
4400	46.97
4401	47.13
4402	46.82
4403	47.18
4404	47.09
4405	47.36
4406	47.45
4407	47.26
4408	47.09
4409	47.26
4410	47.68
4411	47.45
4412	47.51
4413	47.41
4414	48.02
4415	47.47
4416	47.55
4417	47.79
4418	47.91
4419	47.64
4420	47.79
4421	47.87
4422	47.89
4423	47.58
4424	47.64
4425	48.02
4426	47.74
4427	47.58
4428	47.79
4429	48.06
4430	47.93
4431	47.76
4432	47.68
4433	47.68
4434	47.95
4435	47.89
4436	47.7
4437	47.66
4438	47.99
4439	48.02
4440	47.79
4441	47.78
4442	47.76
4443	47.83
4444	47.91
4445	48
4446	47.83
4447	48
4448	48.08
4449	47.91
4450	47.66
4451	47.64
4452	47.91
4453	47.83
4454	47.89
4455	47.91
4456	47.79
4457	48
4458	48.06
4459	48.14
4460	47.99
4461	47.85
4462	47.81
4463	47.95
4464	47.72
4465	47.78
4466	47.76
4467	47.83
4468	47.64
4469	47.79
4470	47.76
4471	47.89
4472	47.95
4473	47.7
4474	47.78
4475	47.93
4476	47.97
4477	47.99
4478	48
4479	47.85
4480	47.99
4481	48.06
4482	47.93
4483	47.89
4484	47.87
4485	47.99
4486	47.93
4487	48
4488	48
4489	48.02
4490	48.12
4491	48.23
4492	48.25
4493	48.25
4494	47.76
4495	48
4496	47.79
4497	47.81
4498	48.02
4499	47.89
4500	47.95
4501	48.04
4502	47.91
4503	48.2
4504	48.16
4505	48.21
4506	48.23
4507	47.85
4508	47.83
4509	47.99
4510	47.91
4511	48.08
4512	48.12
4513	48
4514	47.91
4515	47.93
4516	47.83
4517	47.93
4518	47.97
4519	48
4520	48.25
4521	47.76
4522	47.87
4523	47.89
4524	48.02
4525	48.06
4526	48.18
4527	48.23
4528	48.1
4529	47.81
4530	47.81
4531	47.99
4532	48.16
4533	48.18
4534	48.29
4535	47.91
4536	48
4537	47.97
4538	48.08
4539	48.06
4540	47.91
4541	47.85
4542	47.91
4543	48.02
4544	48
4545	48.14
4546	48.1
4547	47.85
4548	47.79
4549	47.93
4550	48.04
4551	48.33
4552	48.06
4553	47.99
4554	48.06
4555	48.02
4556	48.21
4557	48.21
4558	47.85
4559	48.02
4560	47.83
4561	47.99
4562	48.2
4563	47.87
4564	47.91
4565	47.97
4566	48
4567	47.95
4568	47.85
4569	47.97
4570	48
4571	48.25
4572	47.93
4573	48.06
4574	48.08
4575	48.2
4576	47.76
4577	47.93
4578	48
4579	48.12
4580	47.97
4581	47.87
4582	47.72
4583	48.08
4584	47.87
4585	47.7
4586	47.78
4587	48.02
4588	47.7
4589	47.53
4590	47.49
4591	47.2
4592	46.71
4593	46.63
4594	46.59
4595	46.29
4596	46.12
4597	45.96
4598	45.98
4599	46.02
4600	45.75
4601	45.6
4602	45.75
4603	45.66
4604	45.58
4605	45.68
4606	45.72
4607	46.02
4608	45.91
4609	45.89
4610	45.87
4611	46.15
4612	45.87
4613	45.91
4614	46.08
4615	46.34
4616	46.46
4617	46
4618	46.23
4619	46.42
4620	46.44
4621	46.54
4622	46.5
4623	46.54
4624	46.5
4625	46.38
4626	46.5
4627	46.69
4628	46.25
4629	46.44
4630	46.5
4631	46.57
4632	46.78
4633	46.71
4634	46.57
4635	46.48
4636	46.48
4637	46.63
4638	46.57
4639	46.69
4640	46.78
4641	46.96
4642	46.76
4643	46.61
4644	46.52
4645	46.55
4646	46.67
4647	46.78
4648	46.78
4649	46.9
4650	46.92
4651	46.75
4652	46.48
4653	46.5
4654	46.63
4655	46.65
4656	46.76
4657	46.71
4658	46.92
4659	47.05
4660	46.73
4661	46.78
4662	46.75
4663	46.78
4664	46.8
4665	46.75
4666	46.71
4667	46.73
4668	46.9
4669	46.88
4670	46.78
4671	46.71
4672	46.71
4673	46.61
4674	46.75
4675	46.69
4676	46.73
4677	46.75
4678	46.8
4679	46.84
4680	46.76
4681	46.8
4682	46.73
4683	46.8
4684	46.8
4685	46.9
4686	46.82
4687	46.86
4688	46.75
4689	46.8
4690	46.86
4691	46.8
4692	46.94
4693	46.92
4694	46.76
4695	47.03
4696	46.78
4697	46.84
4698	46.73
4699	46.78
4700	46.73
4701	46.82
4702	46.71
4703	46.82
4704	46.84
4705	46.8
4706	47.01
4707	46.92
4708	46.97
4709	47.18
4710	46.94
4711	46.9
4712	46.63
4713	46.69
4714	46.73
4715	46.73
4716	46.88
4717	46.88
4718	46.96
4719	46.94
4720	46.8
4721	46.78
4722	46.61
4723	46.8
4724	46.8
4725	47.17
4726	46.86
4727	46.59
4728	46.88
4729	46.99
4730	46.86
4731	46.71
4732	46.78
4733	46.84
4734	47.03
4735	46.59
4736	46.63
4737	46.8
4738	46.84
4739	46.75
4740	46.73
4741	47.01
4742	46.75
4743	46.73
4744	47.17
4745	46.61
4746	46.78
4747	46.97
4748	46.76
4749	46.82
4750	46.88
4751	46.78
4752	47.2
4753	46.9
4754	46.69
4755	46.84
4756	47.18
4757	46.78
4758	46.82
4759	47.11
4760	47.11
4761	46.8
4762	46.8
4763	46.94
4764	46.8
4765	46.94
4766	46.99
4767	46.71
4768	47.01
4769	46.8
4770	47.15
4771	46.78
4772	46.78
4773	46.82
4774	47.11
4775	46.67
4776	46.71
4777	46.86
4778	47.03
4779	46.78
4780	46.86
4781	46.96
4782	46.97
4783	46.9
4784	46.94
4785	47.15
4786	46.9
4787	46.76
4788	46.92
4789	46.94
4790	46.67
4791	46.88
4792	46.78
4793	47.05
4794	46.65
4795	46.61
4796	46.78
4797	47.11
4798	46.9
4799	46.92
4800	47.17
4801	46.73
4802	46.76
4803	47.15
4804	46.8
4805	46.78
4806	46.88
4807	47.03
4808	46.73
4809	46.8
4810	46.82
4811	47.03
4812	46.86
4813	46.69
4814	46.75
4815	47.18
4816	47.2
4817	46.82
4818	46.75
4819	46.92
4820	46.94
4821	47.13
4822	46.75
4823	46.73
4824	46.71
4825	46.84
4826	47.22
4827	46.76
4828	46.75
4829	46.57
4830	46.63
4831	46.78
4832	46.86
4833	46.82
4834	46.96
4835	47.01
4836	47.24
4837	47.03
4838	46.88
4839	46.9
4840	46.82
4841	46.67
4842	46.69
4843	46.59
4844	46.67
4845	46.8
4846	46.75
4847	46.92
4848	46.8
4849	46.75
4850	46.71
4851	46.76
4852	46.8
4853	47.01
4854	46.8
4855	46.76
4856	46.86
4857	46.92
4858	46.97
4859	46.84
4860	46.92
4861	47.01
4862	46.97
4863	47.11
4864	46.97
4865	46.96
4866	46.99
4867	46.96
4868	46.69
4869	46.65
4870	46.17
4871	46.69
4872	47.05
4873	47.03
4874	47.01
4875	46.99
4876	47.07
4877	47.05
4878	47.09
4879	47.34
4880	47.34
4881	47.3
4882	47.22
4883	47.32
4884	47.34
4885	47.36
4886	47.37
4887	47.53
4888	47.62
4889	47.7
4890	47.57
4891	47.66
4892	47.6
4893	47.7
4894	47.79
4895	48
4896	47.91
4897	47.99
4898	47.99
4899	48.02
4900	47.6
4901	47.72
4902	47.78
4903	47.79
4904	47.87
4905	47.79
4906	47.7
4907	47.79
4908	47.74
4909	48.1
4910	48.21
4911	48.1
4912	48.04
4913	47.91
4914	48.04
4915	48.12
4916	47.93
4917	47.91
4918	47.85
4919	47.81
4920	47.93
4921	47.93
4922	47.87
4923	48.1
4924	48.06
4925	48.16
4926	48.08
4927	48.1
4928	47.7
4929	47.87
4930	47.91
4931	47.85
4932	47.93
4933	47.91
4934	48.16
4935	48.02
4936	47.85
4937	47.83
4938	47.85
4939	47.97
4940	48.18
4941	48.33
4942	47.83
4943	47.85
4944	48.14
4945	47.97
4946	48.14
4947	47.78
4948	47.95
4949	47.93
4950	47.81
4951	47.91
4952	47.78
4953	47.74
4954	47.93
4955	48.18
4956	48.08
4957	47.68
4958	48.08
4959	48.16
4960	47.68
4961	47.79
4962	48.18
4963	48.1
4964	48
4965	47.99
4966	48.04
4967	48.2
4968	47.74
4969	47.85
4970	48.35
4971	47.93
4972	47.83
4973	47.85
4974	48.04
4975	47.89
4976	47.85
4977	48.16
4978	47.78
4979	47.93
4980	48.08
4981	47.78
4982	48.04
4983	48
4984	47.81
4985	47.85
4986	48.2
4987	48.08
4988	47.74
4989	47.81
4990	47.99
4991	48.16
4992	47.93
4993	47.83
4994	48.2
4995	47.76
4996	47.91
4997	48.02
4998	47.87
4999	48.16
5000	48.06
5001	48.33
5002	47.85
5003	47.74
5004	48.04
5005	47.93
5006	47.79
5007	48.18
5008	48
5009	47.76
5010	47.93
5011	48.1
5012	47.91
5013	47.99
5014	48.04
5015	48.2
5016	47.89
5017	48.08
5018	48.18
5019	47.85
5020	47.87
5021	48.2
5022	47.89
5023	48.08
5024	48.06
5025	48.06
5026	47.91
5027	48
5028	48.1
5029	48.35
5030	47.89
5031	48.04
5032	47.91
5033	48.44
5034	48.08
5035	47.87
5036	48.02
5037	48.39
5038	48.35
5039	47.93
5040	47.97
5041	47.99
5042	48.33
5043	47.81
5044	47.91
5045	48.02
5046	48.08
5047	47.99
5048	47.85
5049	48.06
5050	47.72
5051	48.14
5052	47.72
5053	47.85
5054	47.78
5055	47.93
5056	47.91
5057	47.78
5058	47.83
5059	47.97
5060	48.12
5061	47.68
5062	47.53
5063	47.58
5064	47.41
5065	47.45
5066	46.86
5067	46.61
5068	46.5
5069	46.36
5070	46.04
5071	46.34
5072	45.83
5073	45.72
5074	45.31
5075	45.45
5076	45.37
5077	45.51
5078	45.54
5079	45.64
5080	45.45
5081	45.43
5082	45.3
5083	45.3
5084	45.62
5085	45.81
5086	45.85
5087	45.75
5088	45.98
5089	45.81
5090	45.7
5091	45.85
5092	46.1
5093	46.12
5094	45.96
5095	45.85
5096	46.15
5097	46.15
5098	46.04
5099	46.14
5100	46.21
5101	46.17
5102	46.08
5103	46.23
5104	46.14
5105	46.12
5106	46.19
5107	46.31
5108	46.23
5109	46.15
5110	46.29
5111	46.33
5112	46.44
5113	46.52
5114	46.42
5115	46.59
5116	46.61
5117	46.75
5118	46.63
5119	46.59
5120	46.57
5121	46.76
5122	46.36
5123	46.19
5124	46.4
5125	46.38
5126	46.48
5127	46.52
5128	46.55
5129	46.59
5130	46.75
5131	46.61
5132	46.76
5133	46.76
5134	46.71
5135	46.69
5136	46.59
5137	46.55
5138	46.42
5139	46.44
5140	46.55
5141	46.63
5142	46.59
5143	46.67
5144	46.69
5145	46.84
5146	46.8
5147	46.76
5148	46.84
5149	46.84
5150	46.76
5151	46.9
5152	46.59
5153	46.99
5154	46.88
5155	46.63
5156	46.67
5157	46.54
5158	46.71
5159	46.69
5160	46.73
5161	46.8
5162	46.78
5163	46.92
5164	46.65
5165	46.69
5166	46.46
5167	46.55
5168	46.73
5169	46.8
5170	46.63
5171	46.71
5172	46.67
5173	46.92
5174	46.78
5175	46.71
5176	46.73
5177	46.9
5178	46.92
5179	46.61
5180	46.59
5181	46.67
5182	46.65
5183	46.57
5184	46.69
5185	46.82
5186	46.69
5187	46.8
5188	46.92
5189	46.71
5190	46.92
5191	46.71
5192	46.59
5193	46.57
5194	46.57
5195	46.76
5196	46.67
5197	46.76
5198	46.94
5199	46.96
5200	46.55
5201	46.52
5202	46.61
5203	46.55
5204	46.55
5205	46.65
5206	46.69
5207	46.71
5208	46.8
5209	46.9
5210	46.55
5211	46.44
5212	46.71
5213	46.55
5214	46.71
5215	46.82
5216	46.9
5217	46.88
5218	46.99
5219	46.8
5220	46.63
5221	46.61
5222	46.63
5223	46.61
5224	46.61
5225	46.69
5226	46.5
5227	46.86
5228	46.57
5229	46.59
5230	46.67
5231	46.65
5232	46.65
5233	46.75
5234	46.94
5235	46.86
5236	46.99
5237	46.84
5238	46.73
5239	46.96
5240	46.78
5241	46.78
5242	46.59
5243	46.69
5244	46.61
5245	46.65
5246	46.76
5247	46.78
5248	46.84
5249	46.76
5250	46.8
5251	47.07
5252	47.03
5253	47.07
5254	47.03
5255	46.99
5256	46.71
5257	46.65
5258	46.67
5259	46.75
5260	46.78
5261	46.78
5262	46.8
5263	46.88
5264	46.75
5265	46.78
5266	46.94
5267	47.05
5268	46.96
5269	46.97
5270	46.63
5271	46.73
5272	46.63
5273	46.96
5274	46.82
5275	46.97
5276	46.65
5277	46.73
5278	46.52
5279	46.65
5280	46.55
5281	46.63
5282	46.75
5283	46.63
5284	46.52
5285	46.57
5286	46.75
5287	46.8
5288	46.78
5289	46.44
5290	46.61
5291	46.63
5292	46.57
5293	46.73
5294	46.63
5295	46.59
5296	46.59
5297	46.97
5298	46.5
5299	46.73
5300	46.71
5301	46.59
5302	46.63
5303	46.55
5304	46.78
5305	46.69
5306	46.97
5307	46.73
5308	46.71
5309	46.92
5310	46.78
5311	46.71
5312	47.05
5313	46.59
5314	46.65
5315	46.71
5316	46.5
5317	46.71
5318	46.8
5319	46.88
5320	46.67
5321	46.71
5322	47.03
5323	46.55
5324	46.82
5325	46.69
5326	46.59
5327	46.71
5328	46.92
5329	46.55
5330	46.75
5331	46.86
5332	46.44
5333	46.8
5334	46.94
5335	46.61
5336	46.52
5337	46.75
5338	46.97
5339	46.63
5340	46.65
5341	46.67
5342	46.99
5343	46.75
5344	46.76
5345	47.11
5346	46.88
5347	46.75
5348	46.92
5349	47.15
5350	46.78
5351	46.86
5352	47.03
5353	47.01
5354	47.03
5355	47.13
5356	47.09
5357	47.45
5358	47.05
5359	47.26
5360	47.43
5361	47.57
5362	47.22
5363	47.41
5364	47.51
5365	47.78
5366	47.66
5367	47.43
5368	47.37
5369	47.83
5370	47.87
5371	47.57
5372	47.22
5373	47.97
5374	47.89
5375	47.79
5376	47.45
5377	47.47
5378	47.58
5379	47.68
5380	47.47
5381	47.66
5382	47.81
5383	47.6
5384	47.83
5385	47.72
5386	47.64
5387	47.72
5388	47.79
5389	47.79
5390	47.58
5391	47.64
5392	47.68
5393	47.76
5394	47.95
5395	47.7
5396	47.58
5397	47.64
5398	47.68
5399	47.83
5400	47.99
5401	47.74
5402	47.55
5403	47.68
5404	47.85
5405	47.95
5406	47.62
5407	47.58
5408	47.64
5409	47.91
5410	47.72
5411	47.66
5412	47.53
5413	47.87
5414	48
5415	48.08
5416	47.93
5417	47.6
5418	47.76
5419	47.76
5420	47.78
5421	48.02
5422	47.83
5423	47.76
5424	47.74
5425	47.83
5426	47.85
5427	47.66
5428	47.72
5429	47.79
5430	47.79
5431	47.85
5432	47.64
5433	47.7
5434	47.66
5435	48
5436	47.58
5437	47.66
5438	47.91
5439	47.7
5440	47.76
5441	47.64
5442	47.85
5443	47.83
5444	48.18
5445	47.76
5446	47.72
5447	47.91
5448	48.04
5449	47.7
5450	47.97
5451	47.76
5452	47.89
5453	48.16
5454	47.62
5455	47.78
5456	47.79
5457	47.79
5458	47.81
5459	48.1
5460	47.72
5461	47.7
5462	47.68
5463	47.64
5464	47.83
5465	47.81
5466	47.76
5467	47.85
5468	47.97
5469	48.12
5470	48.08
5471	48.02
5472	47.97
5473	47.78
5474	48
5475	47.91
5476	47.83
5477	47.97
5478	47.89
5479	47.81
5480	47.74
5481	47.81
5482	48.08
5483	47.97
5484	47.95
5485	47.93
5486	47.93
5487	47.99
5488	47.95
5489	48
5490	47.89
5491	48.16
5492	48.12
5493	48.04
5494	48.18
5495	47.95
5496	47.87
5497	48.08
5498	48.1
5499	47.89
5500	48.04
5501	47.74
5502	47.7
5503	47.85
5504	47.74
5505	47.76
5506	47.79
5507	47.89
5508	47.85
5509	47.81
5510	48.2
5511	48.1
5512	48
5513	47.93
5514	47.6
5515	47.91
5516	47.81
5517	47.76
5518	47.81
5519	48.08
5520	47.87
5521	47.66
5522	47.53
5523	47.66
5524	47.6
5525	47.76
5526	47.78
5527	47.78
5528	47.62
5529	47.6
5530	47.64
5531	47.91
5532	47.64
5533	47.64
5534	47.55
5535	47.57
5536	47.58
5537	47.03
5538	46.9
5539	46.76
5540	46.76
5541	46.15
5542	46.23
5543	46.14
5544	45.73
5545	45.72
5546	45.64
5547	45.79
5548	45.43
5549	45.56
5550	45.54
5551	45.43
5552	45.56
5553	45.52
5554	45.79
5555	45.35
5556	45.51
5557	45.94
5558	45.58
5559	45.81
5560	45.85
5561	45.7
5562	45.85
5563	46.15
5564	46.14
5565	45.87
5566	46.1
5567	46.1
5568	45.91
5569	46.06
5570	46.25
5571	46.34
5572	46.14
5573	46.23
5574	46.46
5575	46.36
5576	46.19
5577	46.15
5578	46.48
5579	46.14
5580	46.31
5581	46.44
5582	46.34
5583	46.27
5584	46.31
5585	46.55
5586	46.65
5587	46.44
5588	46.4
5589	46.5
5590	46.67
5591	46.54
5592	46.52
5593	46.36
5594	46.55
5595	46.29
5596	46.65
5597	46.59
5598	46.27
5599	46.46
5600	46.52
5601	46.5
5602	46.55
5603	46.48
5604	46.55
5605	46.57
5606	46.61
5607	46.57
5608	46.63
5609	46.76
5610	46.73
5611	46.55
5612	46.52
5613	46.5
5614	46.44
5615	46.52
5616	46.61
5617	46.69
5618	46.55
5619	46.75
5620	46.63
5621	46.73
5622	46.57
5623	46.63
5624	46.44
5625	46.44
5626	46.4
5627	46.54
5628	46.4
5629	46.48
5630	46.46
5631	46.67
5632	46.63
5633	46.46
5634	46.63
5635	46.61
5636	46.55
5637	46.65
5638	46.5
5639	46.73
5640	46.71
5641	46.71
5642	46.59
5643	46.63
5644	46.36
5645	46.34
5646	46.46
5647	46.42
5648	46.5
5649	46.5
5650	46.54
5651	46.71
5652	46.54
5653	46.65
5654	46.52
5655	46.61
5656	46.8
5657	46.75
5658	46.84
5659	46.67
5660	46.65
5661	46.54
5662	46.63
5663	46.71
5664	46.65
5665	46.55
5666	46.59
5667	46.55
5668	46.63
5669	46.8
5670	46.75
5671	46.59
5672	46.54
5673	46.5
5674	46.59
5675	46.54
5676	46.67
5677	46.88
5678	46.86
5679	46.63
5680	46.55
5681	46.5
5682	46.5
5683	46.5
5684	46.48
5685	46.65
5686	46.52
5687	46.44
5688	46.48
5689	46.34
5690	46.55
5691	46.55
5692	46.76
5693	46.82
5694	46.71
5695	46.57
5696	46.5
5697	46.55
5698	46.67
5699	46.67
5700	46.34
5701	46.54