1	293.60999
2	293.35999
3	293.29999
4	293.32001
5	293.34
6	293.35999
7	293.38
8	293.42999
9	293.51001
10	293.63
11	293.60999
12	293.59
13	293.54999
14	293.54999
15	293.53
16	293.59
17	293.63
18	293.67999
19	293.66
20	293.54999
21	293.42999
22	293.38
23	293.35999
24	293.39999
25	293.35999
26	293.35999
27	293.34
28	293.45001
29	293.51001
30	293.72
31	293.84
32	293.84
33	293.84
34	293.92999
35	293.73999
36	293.70001
37	293.57001
38	293.48999
39	293.51001
40	293.51001
41	293.47
42	293.42999
43	293.38
44	293.32001
45	293.29999
46	293.35999
47	293.35999
48	293.38
49	293.32001
50	293.29999
51	293.39999
52	293.34
53	293.39999
54	293.35999
55	293.20001
56	293.07001
57	293.09
58	293.09
59	293.17001
60	293.29999
61	293.34
62	293.29999
63	293.32001
64	293.20001
65	293.20001
66	293.10999
67	293.07001
68	293.13
69	293.10999
70	293.20001
71	293.10999
72	293.10999
73	293.10999
74	293.20001
75	293.28
76	293.20001
77	293.13
78	293.17001
79	293.10999
80	293.10999
81	293.14999
82	293.22
83	293.07001
84	292.97
85	292.97
86	292.98999
87	293.03
88	293.01001
89	293.22
90	293.23999
91	293.29999
92	293.42999
93	293.54999
94	293.72
95	293.67999
96	293.63
97	293.63
98	293.53
99	293.53
100	293.54999
101	293.59
102	293.42999
103	293.35999
104	293.35999
105	293.54999
106	293.54999
107	293.57001
108	293.42999
109	293.47
110	293.53
111	293.53
112	293.70001
113	293.60999
114	293.54999
115	293.51001
116	293.45001
117	293.32001
118	293.26001
119	293.23999
120	293.29999
121	293.53
122	293.73999
123	294.03
124	294.16
125	294.14001
126	294.39001
127	294.39001
128	294.54999
129	294.66
130	294.76001
131	295.12
132	295.16
133	295.35001
134	295.41
135	295.5
136	295.5
137	295.66
138	295.73001
139	295.76999
140	295.73001
141	295.82999
142	295.91
143	295.91
144	296.07999
145	296.10001
146	296.07999
147	296.04001
148	296.01999
149	295.98001
150	295.98001
151	295.98001
152	295.92999
153	295.89001
154	296.06
155	296.04001
156	296.12
157	296.06
158	296.04001
159	296.06
160	296.06
161	296.04001
162	296.10001
163	296.04001
164	296.10001
165	296.06
166	296.14001
167	296.14001
168	296.26999
169	296.31
170	296.29001
171	296.23001
172	296.20999
173	296.16
174	296.12
175	296.12
176	296.25
177	296.32999
178	296.35001
179	296.32999
180	296.29001
181	296.29001
182	296.29001
183	296.20999
184	296.16
185	296.26999
186	296.25
187	296.25
188	296.20999
189	296.23001
190	296.23001
191	296.14001
192	296.14001
193	296.23001
194	296.25
195	296.20999
196	296.12
197	296.19
198	296.19
199	296.12
200	296.20999
201	296.29001
202	296.32999
203	296.26999
204	296.20999
205	296.25
206	296.31
207	296.31
208	296.26999
209	296.20999
210	296.23001
211	296.32999
212	296.29001
213	296.26999
214	296.26999
215	296.12
216	296.20999
217	296.23001
218	296.19
219	296.20999
220	296.20999
221	296.20999
222	296.23001
223	296.19
224	296.29001
225	296.16
226	296.16
227	296.16
228	296.20999
229	296.16
230	296.16
231	296.19
232	296.19
233	296.19
234	296.19
235	296.01999
236	296.20999
237	296.12
238	296.16
239	296.25
240	296.29001
241	296.26999
242	296.26999
243	296.31
244	296.35001
245	296.35001
246	296.35001
247	296.39001
248	296.35001
249	296.32999
250	296.23001
251	296.26999
252	296.31
253	296.31
254	296.26999
255	296.26999
256	296.29001
257	296.23001
258	296.14001
259	296.14001
260	296.06
261	296.04001
262	296.12
263	296.12
264	296.12
265	296.12
266	296.06
267	296.10001
268	296.10001
269	296.14001
270	296.06
271	296.16
272	296.10001
273	296.32999
274	296.26999
275	296.25
276	296.25
277	296.23001
278	296.23001
279	296.19
280	296.16
281	296.12
282	296.20999
283	296.29001
284	296.19
285	296.19
286	296.25
287	296.29001
288	296.26999
289	296.26999
290	296.32999
291	296.25
292	296.25
293	296.14001
294	296.26999
295	296.19
296	296.04001
297	295.87
298	295.75
299	295.54001
300	295.31
301	295.23999
302	295.16
303	295.12
304	295.16
305	295.17999
306	295.26999
307	295.20001
308	295.16
309	294.73999
310	294.14001
311	293.79999
312	293.07001
313	292.59
314	291.63
315	290.94
316	290.42999
317	290.42999
318	289.92999
319	289.79001
320	289.82999
321	289.91
322	289.91
323	289.70001
324	289.70001
325	289.72
326	289.97
327	290.10001
328	290.26999
329	290.37
330	290.37
331	290.39001
332	290.54001
333	290.64001
334	290.70999
335	290.81
336	290.85001
337	290.89001
338	290.89001
339	291.25
340	291.29001
341	291.48001
342	291.60999
343	291.57999
344	291.56
345	291.5
346	291.60999
347	291.60999
348	291.64999
349	291.75
350	291.84
351	291.79001
352	291.88
353	291.95999
354	292.20999
355	292.23001
356	292.23001
357	292.20999
358	292.17001
359	292.17001
360	292.13
361	292.29999
362	292.35999
363	292.35999
364	292.35999
365	292.42001
366	292.48001
367	292.42001
368	292.42001
369	292.44
370	292.53
371	292.54999
372	292.54999
373	292.64999
374	292.78
375	292.78
376	292.69
377	292.67001
378	292.69
379	292.63
380	292.64999
381	292.70999
382	292.84
383	292.79999
384	292.73999
385	292.60999
386	292.60999
387	292.57001
388	292.57001
389	292.67001
390	292.79999
391	292.84
392	292.73999
393	292.59
394	292.69
395	292.69
396	292.76001
397	292.70999
398	292.73999
399	292.60999
400	292.67001
401	292.57001
402	292.57001
403	292.54999
404	292.51001
405	292.60999
406	292.85999
407	293.17001
408	293.29999
409	293.45001
410	293.45001
411	293.35999
412	293.42999
413	293.28
414	293.28
415	293.34
416	293.35999
417	293.28
418	293.20001
419	293.22
420	293.26001
421	293.14999
422	293.07001
423	292.98999
424	293.04999
425	293.09
426	293.13
427	293.13
428	293.03
429	293.10999
430	293.14999
431	293.29999
432	293.26001
433	293.45001
434	293.45001
435	293.29999
436	293.26001
437	293.26001
438	293.28
439	293.42999
440	293.34
441	293.32001
442	293.48999
443	293.60999
444	293.60999
445	293.51001
446	293.39999
447	293.47
448	293.51001
449	293.35999
450	293.45001
451	293.35999
452	293.45001
453	293.35999
454	293.28
455	293.20001
456	293.17001
457	293.34
458	293.32001
459	293.32001
460	293.20001
461	293.03
462	293.03
463	293.13
464	293.10999
465	293.09
466	293.09
467	293.01001
468	293.10999
469	293.09
470	293.10999
471	293.29999
472	293.29999
473	293.29999
474	293.32001
475	293.48999
476	293.63
477	293.84
478	293.79999
479	293.79999
480	293.73999
481	293.35999
482	293.34
483	293.38
484	293.28
485	293.35999
486	293.23999
487	293.28
488	293.22
489	293.17001
490	293.13
491	293.09
492	293.17001
493	293.13
494	293.13
495	293.07001
496	293.20001
497	293.42999
498	293.42999
499	293.60999
500	293.78
501	293.78
502	293.63
503	293.39999
504	293.28
505	293.28
506	293.32001
507	293.28
508	293.28
509	293.32001
510	293.29999
511	293.26001
512	293.14999
513	293.28
514	293.20001
515	293.07001
516	293.04999
517	293.17001
518	293.26001
519	293.28
520	293.47
521	293.39999
522	293.32001
523	293.29999
524	293.29999
525	293.38
526	293.38
527	293.51001
528	293.57001
529	293.53
530	293.53
531	293.60999
532	293.59
533	293.54999
534	293.59
535	293.57001
536	293.53
537	293.53
538	293.42999
539	293.26001
540	293.29999
541	293.32001
542	293.42999
543	293.51001
544	293.51001
545	293.39999
546	293.38
547	293.29999
548	293.17001
549	293.20001
550	293.22
551	293.22
552	293.14999
553	293.20001
554	293.32001
555	293.17001
556	293.20001
557	293.32001
558	293.29999
559	293.29999
560	293.26001
561	293.04999
562	293.09
563	293.07001
564	293.34
565	293.29999
566	293.42999
567	293.53
568	293.45001
569	293.45001
570	293.20001
571	293.22
572	293.20001
573	293.20001
574	293.14999
575	293.09
576	293.09
577	293.20001
578	293.28
579	293.32001
580	293.22
581	293.14999
582	293.04999
583	292.98999
584	293.07001
585	293.03
586	293.09
587	293.28
588	293.17001
589	293.10999
590	293.17001
591	293.10999
592	293.26001
593	293.42999
594	293.73999
595	293.92999
596	294.09
597	294.14001
598	294.22
599	294.35001
600	294.45001
601	294.47
602	294.60001
603	294.67999
604	294.76001
605	294.95001
606	295.01001
607	295.17999
608	295.17999
609	295.39001
610	295.51999
611	295.54001
612	295.64001
613	295.73001
614	295.66
615	295.66
616	295.89001
617	295.91
618	295.98001
619	295.91
620	295.87
621	295.85001
622	295.91
623	295.91
624	295.81
625	295.79001
626	295.79001
627	295.81
628	295.87
629	295.91
630	295.91
631	295.89001
632	296
633	296.04001
634	296.10001
635	296.07999
636	296.10001
637	296.01999
638	295.92999
639	295.91
640	295.91
641	295.92999
642	295.92999
643	295.95999
644	296
645	296.06
646	296.10001
647	296.10001
648	296.14001
649	296.12
650	296.10001
651	296.10001
652	296.07999
653	296.10001
654	296.10001
655	296.12
656	296.10001
657	296.20999
658	296.19
659	296.26999
660	296.26999
661	296.37
662	296.26999
663	296.31
664	296.25
665	296.29001
666	296.29001
667	296.37
668	296.31
669	296.23001
670	296.23001
671	296.37
672	296.35001
673	296.39001
674	296.32999
675	296.35001
676	296.29001
677	296.32999
678	296.31
679	296.31
680	296.25
681	296.26999
682	296.23001
683	296.29001
684	296.25
685	296.20999
686	296.20999
687	296.32999
688	296.32999
689	296.31
690	296.14001
691	296.31
692	296.31
693	296.39001
694	296.56
695	296.64999
696	296.62
697	296.54001
698	296.48001
699	296.31
700	296.25
701	296.26999
702	296.25
703	296.25
704	296.25
705	296.23001
706	296.23001
707	296.25
708	296.19
709	296.12
710	296.19
711	296.19
712	296.25
713	296.37
714	296.32999
715	296.26999
716	296.16
717	296.14001
718	296.14001
719	296.29001
720	296.31
721	296.23001
722	296.29001
723	296.20999
724	296.16
725	296.16
726	296.29001
727	296.31
728	296.29001
729	296.29001
730	296.37
731	296.32999
732	296.35001
733	296.31
734	296.35001
735	296.35001
736	296.37
737	296.32999
738	296.39001
739	296.37
740	296.35001
741	296.31
742	296.31
743	296.26999
744	296.26999
745	296.29001
746	296.26999
747	296.31
748	296.42001
749	296.56
750	296.56
751	296.45999
752	296.42001
753	296.37
754	296.35001
755	296.29001
756	296.25
757	296.25
758	296.23001
759	296.26999
760	296.19
761	296.26999
762	296.31
763	296.35001
764	296.37
765	296.35001
766	296.29001
767	296.23001
768	296.12
769	296.12
770	296.14001
771	296.01999
772	295.41
773	295.26999
774	295.12
775	295.23999
776	295.32999
777	295.39001
778	295.31
779	295.29001
780	295.16
781	294.85001
782	294.85001
783	294.29999
784	293.67999
785	293.29999
786	292.53
787	291.82001
788	291.07999
789	291.07999
790	290.06
791	289.85001
792	289.76999
793	289.64001
794	289.66
795	289.62
796	289.62
797	289.81
798	289.91
799	289.89001
800	289.85001
801	289.97
802	290.07999
803	290.04001
804	290.16
805	290.17999
806	290.31
807	290.25
808	290.39001
809	290.57999
810	290.73001
811	291.01999
812	291.01999
813	291.01999
814	291.25
815	291.38
816	291.44
817	291.56
818	291.67001
819	291.64999
820	291.76999
821	291.76999
822	291.98001
823	291.94
824	291.92001
825	292.01999
826	292.04999
827	292.07001
828	292.07001
829	291.94
830	291.92001
831	291.89999
832	291.95999
833	291.98001
834	292.01999
835	292.10999
836	292.38
837	292.57001
838	292.60999
839	292.63
840	292.59
841	292.48001
842	292.59
843	292.57001
844	292.57001
845	292.51001
846	292.54999
847	292.48001
848	292.48001
849	292.54999
850	292.59
851	292.69
852	292.82001
853	292.78
854	292.70999
855	292.69
856	292.64999
857	292.69
858	292.78
859	292.78
860	292.78
861	292.76001
862	292.84
863	292.82001
864	292.89999
865	292.76001
866	292.60999
867	292.60999
868	292.60999
869	292.73999
870	292.82001
871	292.94
872	293.07001
873	293.03
874	293.01001
875	292.92001
876	292.97
877	292.89999
878	292.88
879	292.88
880	292.94
881	292.94
882	293.10999
883	293.04999
884	292.89999
885	292.97
886	293.04999
887	292.98999
888	292.94
889	293.01001
890	293.04999
891	293.23999
892	293.23999
893	293.26001
894	293.14999
895	293.07001
896	292.98999
897	292.88
898	292.89999
899	292.89999
900	293.13
901	293.10999
902	293.04999
903	293.03
904	292.97
905	293.09
906	293.09
907	293.09
908	293.01001
909	292.98999
910	292.84
911	292.76001
912	292.69
913	292.70999
914	292.85999
915	292.88
916	292.98999
917	293.07001
918	293.04999
919	293.09
920	293.09
921	293.17001
922	293.26001
923	293.32001
924	293.42999
925	293.51001
926	293.47
927	293.47
928	293.48999
929	293.48999
930	293.45001
931	293.45001
932	293.32001
933	293.39999
934	293.42999
935	293.51001
936	293.32001
937	293.32001
938	293.32001
939	293.67999
940	293.73999
941	293.63
942	293.47
943	293.34
944	293.34
945	293.38
946	293.47
947	293.45001
948	293.38
949	293.23999
950	293.17001
951	293.20001
952	293.28
953	293.39999
954	293.51001
955	293.53
956	293.63
957	293.72
958	293.67999
959	293.66
960	293.60999
961	293.59
962	293.51001
963	293.51001
964	293.59
965	293.53
966	293.48999
967	293.47
968	293.39999
969	293.32001
970	293.32001
971	293.38
972	293.42999
973	293.32001
974	293.45001
975	293.63
976	293.70001
977	293.70001
978	293.45001
979	293.39999
980	293.39999
981	293.34
982	293.35999
983	293.45001
984	293.47
985	293.48999
986	293.42999
987	293.34
988	293.26001
989	293.32001
990	293.47
991	293.53
992	293.23999
993	293.17001
994	293.04999
995	293.14999
996	293.28
997	293.53
998	293.60999
999	293.54999
1000	293.60999
1001	293.51001
1002	293.51001
1003	293.47
1004	293.39999
1005	293.35999
1006	293.28
1007	293.28
1008	293.38
1009	293.38
1010	293.53
1011	293.45001
1012	293.42999
1013	293.35999
1014	293.42999
1015	293.42999
1016	293.39999
1017	293.38
1018	293.38
1019	293.53
1020	293.70001
1021	293.66
1022	293.63
1023	293.63
1024	293.59
1025	293.57001
1026	293.53
1027	293.53
1028	293.59
1029	293.51001
1030	293.48999
1031	293.39999
1032	293.26001
1033	293.20001
1034	293.20001
1035	293.20001
1036	293.14999
1037	293.17001
1038	293.22
1039	293.22
1040	293.14999
1041	293.14999
1042	293.20001
1043	293.23999
1044	293.28
1045	293.10999
1046	293.17001
1047	293.28
1048	293.28
1049	293.32001
1050	293.26001
1051	293.20001
1052	293.20001
1053	293.20001
1054	293.28
1055	293.34
1056	293.47
1057	293.34
1058	293.39999
1059	293.35999
1060	293.32001
1061	293.26001
1062	293.22
1063	293.09
1064	293.07001
1065	293.17001
1066	293.48999
1067	293.63
1068	294.01001
1069	294.07001
1070	294.22
1071	294.23999
1072	294.39001
1073	294.39001
1074	294.42999
1075	294.48999
1076	294.54999
1077	294.78
1078	294.85001
1079	295.01001
1080	295.01001
1081	295.29001
1082	295.37
1083	295.42999
1084	295.56
1085	295.62
1086	295.66
1087	295.67999
1088	295.66
1089	295.64001
1090	295.66
1091	295.81
1092	295.76999
1093	295.70001
1094	295.75
1095	295.79001
1096	295.76999
1097	295.82999
1098	295.89001
1099	295.89001
1100	295.91
1101	295.95999
1102	296.01999
1103	296.10001
1104	296.07999
1105	296.06
1106	296.14001
1107	296.19
1108	296.23001
1109	296.20999
1110	296.19
1111	296.19
1112	296.19
1113	296.31
1114	296.32999
1115	296.35001
1116	296.23001
1117	296.19
1118	296.12
1119	296.12
1120	296.16
1121	296.19
1122	296.19
1123	296.14001
1124	296.12
1125	296.07999
1126	296.10001
1127	296.20999
1128	296.20999
1129	296.19
1130	296.01999
1131	296.07999
1132	296.01999
1133	296.07999
1134	296.23001
1135	296.25
1136	296.25
1137	296.23001
1138	296.23001
1139	296.20999
1140	296.23001
1141	296.25
1142	296.29001
1143	296.26999
1144	296.26999
1145	296.20999
1146	296.16
1147	296.16
1148	296.14001
1149	296.19
1150	296.14001
1151	296.14001
1152	296.10001
1153	296.16
1154	296.25
1155	296.23001
1156	296.20999
1157	296.23001
1158	296.23001
1159	296.16
1160	296.19
1161	296.20999
1162	296.26999
1163	296.32999
1164	296.31
1165	296.39001
1166	296.44
1167	296.42001
1168	296.37
1169	296.23001
1170	296.20999
1171	296.25
1172	296.25
1173	296.23001
1174	296.19
1175	296.29001
1176	296.26999
1177	296.26999
1178	296.29001
1179	296.25
1180	296.29001
1181	296.23001
1182	296.23001
1183	296.23001
1184	296.14001
1185	296.12
1186	296.10001
1187	296.14001
1188	296.14001
1189	296.14001
1190	296.14001
1191	296.20999
1192	296.20999
1193	296.23001
1194	296.25
1195	296.16
1196	296.14001
1197	296.19
1198	296.26999
1199	296.25
1200	296.25
1201	296.31
1202	296.23001
1203	296.31
1204	296.26999
1205	296.14001
1206	296.12
1207	296.19
1208	296.20999
1209	296.26999
1210	296.20999
1211	296.25
1212	296.29001
1213	296.29001
1214	296.31
1215	296.31
1216	296.39001
1217	296.35001
1218	296.37
1219	296.32999
1220	296.29001
1221	296.32999
1222	296.32999
1223	296.42001
1224	296.29001
1225	296.23001
1226	296.29001
1227	296.23001
1228	296.26999
1229	296.26999
1230	296.35001
1231	296.25
1232	296.19
1233	296.25
1234	296.35001
1235	296.35001
1236	296.44
1237	296.39001
1238	296.35001
1239	296.32999
1240	296.39001
1241	296.42001
1242	296.26999
1243	296.25
1244	296.16
1245	296.06
1246	295.75
1247	295.39001
1248	295.29001
1249	295.17999
1250	295.16
1251	295.07999
1252	294.92999
1253	294.87
1254	294.87
1255	294.51001
1256	294.20001
1257	293.92999
1258	293.01001
1259	292.29999
1260	291.67001
1261	291.67001
1262	290.66
1263	290.14001
1264	289.97
1265	289.67999
1266	289.54001
1267	289.48999
1268	289.47
1269	289.45001
1270	289.60001
1271	289.89001
1272	289.97
1273	289.91
1274	289.85001
1275	289.85001
1276	289.95001
1277	290.04001
1278	290.06
1279	290.39001
1280	290.5
1281	290.73001
1282	290.81
1283	290.89001
1284	291.04001
1285	291.12
1286	291.12
1287	291.20999
1288	291.25
1289	291.29001
1290	291.23001
1291	291.26999
1292	291.51999
1293	291.51999
1294	291.76999
1295	291.94
1296	291.94
1297	291.88
1298	291.73001
1299	291.70999
1300	291.70999
1301	291.76999
1302	291.84
1303	291.88
1304	292
1305	292.01999
1306	292.07001
1307	292.10999
1308	292.04999
1309	292.10999
1310	292.17001
1311	292.29999
1312	292.39999
1313	292.59
1314	292.60999
1315	292.54999
1316	292.59
1317	292.94
1318	293.07001
1319	293.03
1320	292.92001
1321	292.89999
1322	293.04999
1323	292.89999
1324	292.76001
1325	292.76001
1326	292.97
1327	293.10999
1328	293.13
1329	293.14999
1330	292.94
1331	292.89999
1332	292.89999
1333	292.88
1334	292.89999
1335	292.88
1336	292.85999
1337	292.85999
1338	292.85999
1339	292.78
1340	292.85999
1341	292.97
1342	292.94
1343	292.94
1344	292.97
1345	293.03
1346	293.09
1347	293.03
1348	292.98999
1349	292.94
1350	292.97
1351	292.88
1352	293.09
1353	293.14999
1354	293.17001
1355	293.10999
1356	292.98999
1357	292.98999
1358	292.69
1359	292.69
1360	292.78
1361	292.79999
1362	292.82001
1363	292.92001
1364	292.92001
1365	293.10999
1366	293.14999
1367	293.10999
1368	293.10999
1369	293.10999
1370	293.14999
1371	293.14999
1372	292.98999
1373	293.07001
1374	293.14999
1375	293.10999
1376	293.09
1377	293.10999
1378	293.20001
1379	293.23999
1380	293.23999
1381	293.35999
1382	293.34
1383	293.29999
1384	293.39999
1385	293.39999
1386	293.45001
1387	293.42999
1388	293.38
1389	293.23999
1390	293.22
1391	293.22
1392	293.22
1393	293.22
1394	293.32001
1395	293.42999
1396	293.42999
1397	293.39999
1398	293.42999
1399	293.42999
1400	293.38
1401	293.26001
1402	293.28
1403	293.28
1404	293.35999
1405	293.26001
1406	293.32001
1407	293.34
1408	293.47
1409	293.48999
1410	293.48999
1411	293.28
1412	293.26001
1413	293.32001
1414	293.51001
1415	293.48999
1416	293.45001
1417	293.47
1418	293.26001
1419	293.26001
1420	293.22
1421	293.28
1422	293.34
1423	293.39999
1424	293.42999
1425	293.48999
1426	293.47
1427	293.39999
1428	293.23999
1429	293.22
1430	293.23999
1431	293.22
1432	293.29999
1433	293.22
1434	293.14999
1435	293.14999
1436	293.22
1437	293.26001
1438	293.28
1439	293.22
1440	293.22
1441	293.28
1442	293.28
1443	293.38
1444	293.35999
1445	293.35999
1446	293.47
1447	293.54999
1448	293.60999
1449	293.59
1450	293.45001
1451	293.48999
1452	293.54999
1453	293.59
1454	293.59
1455	293.70001
1456	293.82001
1457	293.78
1458	293.82001
1459	293.73999
1460	293.63
1461	293.60999
1462	293.53
1463	293.53
1464	293.57001
1465	293.95001
1466	294.14001
1467	294.14001
1468	293.89001
1469	293.76001
1470	293.76001
1471	293.79999
1472	293.76001
1473	293.66
1474	293.66
1475	293.79999
1476	293.89001
1477	293.84
1478	293.84
1479	293.67999
1480	293.59
1481	293.59
1482	293.66
1483	293.66
1484	293.67999
1485	293.72
1486	293.72
1487	293.70001
1488	293.67999
1489	293.57001
1490	293.54999
1491	293.45001
1492	293.38
1493	293.32001
1494	293.34
1495	293.34
1496	293.42999
1497	293.42999
1498	293.35999
1499	293.28
1500	293.34
1501	293.54999
1502	293.60999
1503	293.67999
1504	293.70001
1505	293.70001
1506	293.70001
1507	293.82001
1508	293.84
1509	293.84
1510	293.89001
1511	293.82001
1512	293.76001
1513	293.76001
1514	294.03
1515	294.26001
1516	294.28
1517	294.26001
1518	294.22
1519	294.23999
1520	294.22
1521	294.16
1522	294.12
1523	294.09
1524	293.98999
1525	293.91
1526	293.89001
1527	293.73999
1528	293.73999
1529	293.85999
1530	293.85999
1531	293.79999
1532	293.78
1533	293.70001
1534	293.73999
1535	293.66
1536	293.72
1537	293.82001
1538	293.82001
1539	293.76001
1540	293.91
1541	293.97
1542	294.16
1543	294.28
1544	294.41
1545	294.41
1546	294.57999
1547	294.73999
1548	294.85001
1549	295.07999
1550	295.22
1551	295.37
1552	295.37
1553	295.5
1554	295.64001
1555	295.67999
1556	295.67999
1557	295.82999
1558	295.89001
1559	295.87
1560	295.98001
1561	296
1562	296.01999
1563	295.95999
1564	296
1565	296.06
1566	296.10001
1567	296.19
1568	296.20999
1569	296.19
1570	296.06
1571	296.07999
1572	296.14001
1573	296.16
1574	296.23001
1575	296.25
1576	296.29001
1577	296.29001
1578	296.20999
1579	296.31
1580	296.26999
1581	296.23001
1582	296.26999
1583	296.32999
1584	296.32999
1585	296.39001
1586	296.39001
1587	296.37
1588	296.29001
1589	296.29001
1590	296.31
1591	296.39001
1592	296.5
1593	296.45999
1594	296.39001
1595	296.35001
1596	296.35001
1597	296.31
1598	296.39001
1599	296.39001
1600	296.44
1601	296.35001
1602	296.16
1603	296.26999
1604	296.35001
1605	296.37
1606	296.35001
1607	296.42001
1608	296.45999
1609	296.51999
1610	296.51999
1611	296.48001
1612	296.48001
1613	296.48001
1614	296.39001
1615	296.39001
1616	296.39001
1617	296.42001
1618	296.45999
1619	296.44
1620	296.48001
1621	296.32999
1622	296.35001
1623	296.35001
1624	296.48001
1625	296.45999
1626	296.45999
1627	296.48001
1628	296.51999
1629	296.54001
1630	296.48001
1631	296.5
1632	296.5
1633	296.44
1634	296.44
1635	296.54001
1636	296.51999
1637	296.45999
1638	296.57999
1639	296.64999
1640	296.62
1641	296.62
1642	296.60001
1643	296.56
1644	296.60001
1645	296.60001
1646	296.60001
1647	296.48001
1648	296.48001
1649	296.48001
1650	296.51999
1651	296.51999
1652	296.44
1653	296.39001
1654	296.35001
1655	296.35001
1656	296.51999
1657	296.48001
1658	296.42001
1659	296.39001
1660	296.39001
1661	296.39001
1662	296.37
1663	296.42001
1664	296.32999
1665	296.45999
1666	296.5
1667	296.57999
1668	296.57999
1669	296.56
1670	296.56
1671	296.51999
1672	296.54001
1673	296.44
1674	296.35001
1675	296.48001
1676	296.5
1677	296.42001
1678	296.31
1679	296.37
1680	296.31
1681	296.25
1682	296.25
1683	296.26999
1684	296.37
1685	296.32999
1686	296.31
1687	296.31
1688	296.42001
1689	296.37
1690	296.45999
1691	296.44
1692	296.45999
1693	296.44
1694	296.44
1695	296.44
1696	296.54001
1697	296.5
1698	296.48001
1699	296.54001
1700	296.51999
1701	296.51999
1702	296.35001
1703	296.35001
1704	296.29001
1705	296.32999
1706	296.32999
1707	296.37
1708	296.32999
1709	296.45999
1710	296.45999
1711	296.51999
1712	296.54001
1713	296.56
1714	296.64999
1715	296.62
1716	296.5
1717	296.39001
1718	296.29001
1719	296.29001
1720	295.81
1721	295.5
1722	295.42999
1723	295.42999
1724	295.39001
1725	295.32999
1726	295.32999
1727	295.35001
1728	295.17999
1729	294.98999
1730	294.41
1731	293.70001
1732	292.88
1733	292.88
1734	291.70999
1735	290.82999
1736	290.42999
1737	290.10001
1738	289.95001
1739	289.87
1740	289.81
1741	289.72
1742	289.66
1743	289.70001
1744	289.87
1745	289.97
1746	290.12
1747	290.29001
1748	290.5
1749	290.57999
1750	290.70999
1751	290.64001
1752	290.70999
1753	290.89001
1754	290.98001
1755	291.23001
1756	291.31
1757	291.25
1758	291.25
1759	291.25
1760	291.51999
1761	291.56
1762	291.63
1763	291.75
1764	291.84
1765	291.84
1766	291.89999
1767	291.92001
1768	291.95999
1769	291.94
1770	291.88
1771	291.88
1772	291.92001
1773	291.98001
1774	292.01999
1775	292.14999
1776	292.29999
1777	292.23001
1778	292.20999
1779	292.25
1780	292.34
1781	292.53
1782	292.70999
1783	292.82001
1784	292.89999
1785	292.82001
1786	292.78
1787	292.67001
1788	292.63
1789	292.57001
1790	292.57001
1791	292.54999
1792	292.54999
1793	292.67001
1794	292.78
1795	292.85999
1796	293.01001
1797	293.01001
1798	293.39999
1799	293.47
1800	293.45001
1801	293.28
1802	293.03
1803	292.92001
1804	292.92001
1805	292.94
1806	292.98999
1807	292.89999
1808	293.01001
1809	293.03
1810	293.13
1811	293.13
1812	293.04999
1813	293.01001
1814	292.92001
1815	292.98999
1816	293.17001
1817	293.26001
1818	293.28
1819	293.13
1820	293.17001
1821	293.13
1822	293.20001
1823	293.29999
1824	293.35999
1825	293.45001
1826	293.57001
1827	293.60999
1828	293.51001
1829	293.51001
1830	293.45001
1831	293.54999
1832	293.54999
1833	293.63
1834	293.70001
1835	293.66
1836	293.66
1837	293.76001
1838	293.67999
1839	293.57001
1840	293.32001
1841	293.29999
1842	293.29999
1843	293.34
1844	293.29999
1845	293.29999
1846	293.38
1847	293.47
1848	293.53
1849	293.54999
1850	293.48999
1851	293.39999
1852	293.34
1853	293.34
1854	293.29999
1855	293.35999
1856	293.42999
1857	293.42999
1858	293.39999
1859	293.34
1860	293.28
1861	293.28
1862	293.22
1863	293.39999
1864	293.47
1865	293.67999
1866	293.59
1867	293.60999
1868	293.60999
1869	293.78
1870	293.73999
1871	293.76001
1872	293.84
1873	293.92999
1874	293.82001
1875	293.82001
1876	293.67999
1877	293.60999
1878	293.60999
1879	293.51001
1880	293.70001
1881	293.76001
1882	293.76001
1883	293.54999
1884	293.54999
1885	293.48999
1886	293.42999
1887	293.45001
1888	293.53
1889	293.57001
1890	293.79999
1891	293.70001
1892	293.66
1893	293.67999
1894	293.59
1895	293.51001
1896	293.51001
1897	293.34
1898	293.34
1899	293.34
1900	293.34
1901	293.34
1902	293.35999
1903	293.26001
1904	293.29999
1905	293.45001
1906	293.45001
1907	293.45001
1908	293.67999
1909	293.79999
1910	293.73999
1911	293.70001
1912	293.63
1913	293.60999
1914	293.54999
1915	293.47
1916	293.45001
1917	293.47
1918	293.48999
1919	293.48999
1920	293.47
1921	293.51001
1922	293.42999
1923	293.39999
1924	293.42999
1925	293.57001
1926	293.59
1927	293.66
1928	293.76001
1929	293.70001
1930	293.60999
1931	293.57001
1932	293.70001
1933	293.78
1934	293.85999
1935	293.84
1936	293.85999
1937	293.63
1938	293.57001
1939	293.57001
1940	293.60999
1941	293.53
1942	293.48999
1943	293.38
1944	293.38
1945	293.38
1946	293.38
1947	293.48999
1948	293.42999
1949	293.53
1950	293.66
1951	293.67999
1952	293.66
1953	293.60999
1954	293.63
1955	293.48999
1956	293.32001
1957	293.23999
1958	293.35999
1959	293.38
1960	293.48999
1961	293.51001
1962	293.59
1963	293.66
1964	293.67999
1965	293.70001
1966	293.70001
1967	293.59
1968	293.57001
1969	293.63
1970	293.54999
1971	293.54999
1972	293.63
1973	293.72
1974	293.73999
1975	293.82001
1976	293.82001
1977	293.82001
1978	293.82001
1979	293.82001
1980	293.95001
1981	293.95001
1982	293.98999
1983	294.09
1984	294.14001
1985	294.14001
1986	294.03
1987	293.97
1988	293.97
1989	294.09
1990	294.16
1991	294.14001
1992	294.03
1993	293.78
1994	293.85999
1995	293.89001
1996	293.89001
1997	293.85999
1998	293.91
1999	293.85999
2000	293.95001
2001	293.92999
2002	293.91
2003	293.79999
2004	293.82001
2005	294.03
2006	294.12
2007	294.29999
2008	294.26001
2009	294.17999
2010	294.17999
2011	293.97
2012	294.07001
2013	294.12
2014	294.32001
2015	294.53
2016	294.64001
2017	294.64001
2018	294.85001
2019	294.92999
2020	294.95001
2021	295.01001
2022	295.12
2023	295.17999
2024	295.32999
2025	295.47
2026	295.62
2027	295.76999
2028	295.79001
2029	295.89001
2030	295.81
2031	295.87
2032	295.87
2033	295.85001
2034	295.85001
2035	295.85001
2036	295.98001
2037	296.16
2038	296.25
2039	296.19
2040	296.25
2041	296.25
2042	296.25
2043	296.35001
2044	296.32999
2045	296.37
2046	296.39001
2047	296.42001
2048	296.35001
2049	296.35001
2050	296.23001
2051	296.16
2052	296.20999
2053	296.20999
2054	296.20999
2055	296.23001
2056	296.23001
2057	296.37
2058	296.39001
2059	296.39001
2060	296.44
2061	296.5
2062	296.48001
2063	296.48001
2064	296.32999
2065	296.32999
2066	296.37
2067	296.39001
2068	296.39001
2069	296.5
2070	296.51999
2071	296.5
2072	296.5
2073	296.51999
2074	296.48001
2075	296.48001
2076	296.5
2077	296.44
2078	296.51999
2079	296.57999
2080	296.57999
2081	296.57999
2082	296.56
2083	296.57999
2084	296.51999
2085	296.45999
2086	296.48001
2087	296.44
2088	296.44
2089	296.42001
2090	296.5
2091	296.48001
2092	296.35001
2093	296.45999
2094	296.37
2095	296.42001
2096	296.32999
2097	296.39001
2098	296.45999
2099	296.5
2100	296.5
2101	296.51999
2102	296.48001
2103	296.5
2104	296.56
2105	296.56
2106	296.48001
2107	296.48001
2108	296.5
2109	296.51999
2110	296.48001
2111	296.51999
2112	296.56
2113	296.56
2114	296.56
2115	296.60001
2116	296.60001
2117	296.62
2118	296.64999
2119	296.56
2120	296.56
2121	296.48001
2122	296.39001
2123	296.42001
2124	296.5
2125	296.44
2126	296.26999
2127	296.26999
2128	296.35001
2129	296.37
2130	296.35001
2131	296.44
2132	296.37
2133	296.39001
2134	296.44
2135	296.44
2136	296.35001
2137	296.42001
2138	296.45999
2139	296.42001
2140	296.45999
2141	296.44
2142	296.39001
2143	296.45999
2144	296.32999
2145	296.37
2146	296.48001
2147	296.54001
2148	296.54001
2149	296.5
2150	296.45999
2151	296.51999
2152	296.51999
2153	296.56
2154	296.5
2155	296.51999
2156	296.51999
2157	296.5
2158	296.56
2159	296.56
2160	296.42001
2161	296.42001
2162	296.45999
2163	296.51999
2164	296.54001
2165	296.51999
2166	296.51999
2167	296.54001
2168	296.67001
2169	296.70999
2170	296.64999
2171	296.67001
2172	296.62
2173	296.56
2174	296.51999
2175	296.5
2176	296.54001
2177	296.5
2178	296.48001
2179	296.5
2180	296.51999
2181	296.51999
2182	296.54001
2183	296.45999
2184	296.45999
2185	296.42001
2186	296.42001
2187	296.48001
2188	296.56
2189	296.45999
2190	296.51999
2191	296.51999
2192	296.25
2193	296.16
2194	295.98001
2195	295.85001
2196	295.81
2197	295.66
2198	295.66
2199	295.73001
2200	295.51999
2201	295.45001
2202	295.06
2203	294.39001
2204	293.98999
2205	293.60999
2206	292.42001
2207	291.63
2208	291.26999
2209	290.70999
2210	290.60001
2211	290.64001
2212	290.69
2213	290.20001
2214	290.10001
2215	290
2216	290.04001
2217	290.10001
2218	290.20001
2219	290.31
2220	290.48001
2221	290.64001
2222	290.73001
2223	290.73001
2224	291.06
2225	291.29001
2226	291.44
2227	291.54001
2228	291.79001
2229	292
2230	292
2231	292.07001
2232	292.10999
2233	292.09
2234	292.19
2235	292.51001
2236	292.60999
2237	292.60999
2238	292.69
2239	292.82001
2240	292.84
2241	292.67001
2242	292.67001
2243	292.59
2244	292.53
2245	292.51001
2246	292.57001
2247	292.53
2248	292.63
2249	292.60999
2250	292.69
2251	292.70999
2252	292.89999
2253	292.92001
2254	292.98999
2255	292.89999
2256	292.89999
2257	292.97
2258	292.88
2259	292.94
2260	292.92001
2261	292.85999
2262	292.85999
2263	292.92001
2264	292.98999
2265	292.98999
2266	292.98999
2267	292.92001
2268	292.88
2269	292.88
2270	292.92001
2271	293.13
2272	293.17001
2273	293.23999
2274	293.26001
2275	293.38
2276	293.34
2277	293.39999
2278	293.54999
2279	293.59
2280	293.51001
2281	293.39999
2282	293.47
2283	293.39999
2284	293.26001
2285	293.20001
2286	293.14999
2287	293.34
2288	293.35999
2289	293.32001
2290	293.35999
2291	293.47
2292	293.48999
2293	293.47
2294	293.47
2295	293.54999
2296	293.53
2297	293.51001
2298	293.53
2299	293.66
2300	293.51001
2301	293.51001
2302	293.28
2303	293.32001
2304	293.32001
2305	293.23999
2306	293.17001
2307	293.34
2308	293.34
2309	293.53
2310	293.51001
2311	293.53
2312	293.72
2313	293.76001
2314	293.76001
2315	293.70001
2316	293.72
2317	293.76001
2318	293.73999
2319	293.79999
2320	293.79999
2321	293.89001
2322	293.95001
2323	294.22
2324	294.37
2325	294.37
2326	294.07001
2327	294.03
2328	293.89001
2329	293.78
2330	293.54999
2331	293.38
2332	293.51001
2333	293.51001
2334	293.54999
2335	293.67999
2336	293.67999
2337	293.70001
2338	293.54999
2339	293.53
2340	293.53
2341	293.60999
2342	293.79999
2343	293.89001
2344	293.95001
2345	293.82001
2346	293.76001
2347	293.72
2348	293.53
2349	293.53
2350	293.51001
2351	293.47
2352	293.47
2353	293.45001
2354	293.42999
2355	293.51001
2356	293.53
2357	293.54999
2358	293.51001
2359	293.54999
2360	293.57001
2361	293.59
2362	293.66
2363	293.59
2364	293.51001
2365	293.47
2366	293.42999
2367	293.39999
2368	293.38
2369	293.47
2370	293.42999
2371	293.53
2372	293.53
2373	293.45001
2374	293.48999
2375	293.42999
2376	293.45001
2377	293.60999
2378	293.82001
2379	293.82001
2380	293.92999
2381	293.82001
2382	293.78
2383	293.78
2384	293.91
2385	293.85999
2386	293.78
2387	293.76001
2388	293.66
2389	293.47
2390	293.42999
2391	293.42999
2392	293.39999
2393	293.45001
2394	293.57001
2395	293.59
2396	293.59
2397	293.57001
2398	293.60999
2399	293.60999
2400	293.53
2401	293.72
2402	293.85999
2403	293.92999
2404	293.92999
2405	293.79999
2406	293.82001
2407	293.97
2408	294.07001
2409	294.03
2410	293.89001
2411	293.89001
2412	293.72
2413	293.76001
2414	293.82001
2415	294.04999
2416	294.23999
2417	294.28
2418	294.28
2419	294.12
2420	293.95001
2421	293.92999
2422	293.79999
2423	293.76001
2424	293.67999
2425	293.66
2426	293.67999
2427	293.78
2428	293.85999
2429	293.92999
2430	293.92999
2431	293.89001
2432	293.89001
2433	293.82001
2434	293.85999
2435	293.89001
2436	294.26001
2437	294.26001
2438	294.17999
2439	294.14001
2440	294.03
2441	293.98999
2442	293.98999
2443	293.98999
2444	293.89001
2445	293.76001
2446	293.70001
2447	293.63
2448	293.60999
2449	293.66
2450	293.66
2451	293.78
2452	293.92999
2453	293.98999
2454	294.22
2455	294.04999
2456	293.97
2457	293.92999
2458	293.89001
2459	293.84
2460	293.78
2461	293.73999
2462	293.76001
2463	293.76001
2464	293.76001
2465	293.67999
2466	293.67999
2467	293.73999
2468	293.66
2469	293.60999
2470	293.63
2471	293.51001
2472	293.53
2473	293.54999
2474	293.63
2475	293.63
2476	293.66
2477	293.57001
2478	293.63
2479	293.67999
2480	293.67999
2481	293.85999
2482	293.85999
2483	293.84
2484	293.84
2485	293.91
2486	293.92999
2487	293.92999
2488	294.07001
2489	294.07001
2490	294.29999
2491	294.47
2492	294.53
2493	294.72
2494	294.91
2495	294.95001
2496	294.95001
2497	295.12
2498	295.14001
2499	295.37
2500	295.5
2501	295.64001
2502	295.66
2503	295.73001
2504	295.82999
2505	295.79001
2506	295.89001
2507	295.95999
2508	296
2509	296.01999
2510	295.98001
2511	296.07999
2512	296.10001
2513	296.14001
2514	296.14001
2515	296.14001
2516	296.14001
2517	296.23001
2518	296.31
2519	296.23001
2520	296.23001
2521	296.23001
2522	296.19
2523	296.25
2524	296.23001
2525	296.26999
2526	296.26999
2527	296.20999
2528	296.23001
2529	296.26999
2530	296.29001
2531	296.44
2532	296.44
2533	296.48001
2534	296.51999
2535	296.44
2536	296.39001
2537	296.35001
2538	296.39001
2539	296.44
2540	296.39001
2541	296.48001
2542	296.44
2543	296.56
2544	296.60001
2545	296.57999
2546	296.57999
2547	296.39001
2548	296.39001
2549	296.39001
2550	296.42001
2551	296.5
2552	296.57999
2553	296.57999
2554	296.64999
2555	296.57999
2556	296.54001
2557	296.48001
2558	296.5
2559	296.44
2560	296.44
2561	296.45999
2562	296.51999
2563	296.56
2564	296.67001
2565	296.67001
2566	296.69
2567	296.57999
2568	296.62
2569	296.56
2570	296.54001
2571	296.56
2572	296.5
2573	296.48001
2574	296.44
2575	296.5
2576	296.45999
2577	296.39001
2578	296.42001
2579	296.31
2580	296.35001
2581	296.31
2582	296.37
2583	296.37
2584	296.45999
2585	296.45999
2586	296.45999
2587	296.5
2588	296.48001
2589	296.44
2590	296.48001
2591	296.48001
2592	296.48001
2593	296.57999
2594	296.56
2595	296.54001
2596	296.57999
2597	296.64999
2598	296.69
2599	296.60001
2600	296.56
2601	296.57999
2602	296.60001
2603	296.64999
2604	296.62
2605	296.64999
2606	296.60001
2607	296.56
2608	296.51999
2609	296.48001
2610	296.60001
2611	296.54001
2612	296.56
2613	296.69
2614	296.73001
2615	296.69
2616	296.73001
2617	296.79001
2618	296.76999
2619	296.73001
2620	296.62
2621	296.48001
2622	296.56
2623	296.60001
2624	296.60001
2625	296.57999
2626	296.56
2627	296.60001
2628	296.54001
2629	296.64999
2630	296.62
2631	296.62
2632	296.82999
2633	296.82999
2634	296.88
2635	296.70999
2636	296.62
2637	296.56
2638	296.64999
2639	296.57999
2640	296.60001
2641	296.60001
2642	296.51999
2643	296.56
2644	296.60001
2645	296.57999
2646	296.62
2647	296.64999
2648	296.64999
2649	296.69
2650	296.64999
2651	296.64999
2652	296.64999
2653	296.54001
2654	296.62
2655	296.62
2656	296.62
2657	296.60001
2658	296.62
2659	296.62
2660	296.69
2661	296.79001
2662	296.64999
2663	296.64999
2664	296.32999
2665	296
2666	295.85001
2667	295.62
2668	295.76999
2669	295.85001
2670	295.81
2671	295.66
2672	295.67999
2673	295.67999
2674	295.5
2675	295.23999
2676	295.01001
2677	294.89001
2678	293.98999
2679	293.63
2680	292.82001
2681	292
2682	291.73001
2683	291.19
2684	290.89001
2685	290.45999
2686	290.23001
2687	290.12
2688	290.12
2689	290.04001
2690	289.92999
2691	289.92999
2692	289.91
2693	290.04001
2694	290.31
2695	290.31
2696	290.64001
2697	290.95999
2698	291.14999
2699	291.25
2700	291.31
2701	291.29001
2702	291.29001
2703	291.32999
2704	291.38
2705	291.39999
2706	291.5
2707	291.64999
2708	291.60999
2709	291.70999
2710	291.79001
2711	291.92001
2712	292.19
2713	292.20999
2714	292.17001
2715	292.09
2716	292.13
2717	292.38
2718	292.45999
2719	292.44
2720	292.53
2721	292.53
2722	292.64999
2723	292.67001
2724	292.54999
2725	292.48001
2726	292.53
2727	292.53
2728	292.53
2729	292.59
2730	292.59
2731	292.57001
2732	292.70999
2733	292.84
2734	292.84
2735	293.03
2736	293.10999
2737	293.03
2738	293.04999
2739	293.01001
2740	292.89999
2741	292.89999
2742	292.97
2743	293.03
2744	293.09
2745	293.04999
2746	293.04999
2747	293.04999
2748	293.13
2749	293.09
2750	293.17001
2751	293.20001
2752	293.29999
2753	293.35999
2754	293.42999
2755	293.48999
2756	293.78
2757	293.91
2758	294.16
2759	294.17999
2760	294.17999
2761	293.97
2762	294.03
2763	293.97
2764	293.85999
2765	293.73999
2766	293.73999
2767	293.60999
2768	293.53
2769	293.59
2770	293.57001
2771	293.53
2772	293.51001
2773	293.51001
2774	293.54999
2775	293.54999
2776	293.57001
2777	293.53
2778	293.47
2779	293.54999
2780	293.60999
2781	293.84
2782	293.95001
2783	293.89001
2784	293.84
2785	293.82001
2786	293.76001
2787	293.70001
2788	293.66
2789	293.66
2790	293.72
2791	293.72
2792	293.82001
2793	294.04999
2794	294.04999
2795	293.84
2796	293.66
2797	293.59
2798	293.59
2799	293.59
2800	293.59
2801	293.60999
2802	293.66
2803	293.59
2804	293.66
2805	293.66
2806	293.63
2807	293.51001
2808	293.53
2809	293.57001
2810	293.66
2811	293.67999
2812	293.67999
2813	293.79999
2814	293.84
2815	293.89001
2816	293.78
2817	293.89001
2818	293.91
2819	293.91
2820	293.76001
2821	293.79999
2822	293.82001
2823	293.66
2824	293.72
2825	293.73999
2826	293.76001
2827	293.67999
2828	293.67999
2829	293.60999
2830	293.60999
2831	293.60999
2832	293.85999
2833	293.89001
2834	293.97
2835	293.97
2836	293.92999
2837	293.92999
2838	293.70001
2839	293.70001
2840	293.73999
2841	293.84
2842	293.89001
2843	293.79999
2844	293.79999
2845	294.32001
2846	294.47
2847	294.48999
2848	294.37
2849	294.22
2850	294.12
2851	294.04999
2852	293.85999
2853	293.85999
2854	293.82001
2855	293.84
2856	293.84
2857	293.84
2858	293.91
2859	293.92999
2860	293.97
2861	293.91
2862	293.82001
2863	293.73999
2864	293.70001
2865	293.67999
2866	293.84
2867	293.97
2868	294.01001
2869	294.01001
2870	293.95001
2871	293.92999
2872	293.91
2873	293.95001
2874	293.82001
2875	293.78
2876	293.78
2877	293.89001
2878	293.95001
2879	293.97
2880	293.89001
2881	293.91
2882	293.92999
2883	293.92999
2884	293.98999
2885	294.01001
2886	293.91
2887	294.09
2888	294.22
2889	294.29999
2890	294.35001
2891	294.16
2892	294.04999
2893	294.12
2894	294.17999
2895	294.20001
2896	294.22
2897	294.16
2898	293.98999
2899	293.89001
2900	293.89001
2901	293.84
2902	293.73999
2903	293.85999
2904	294.01001
2905	294.14001
2906	294.04999
2907	293.89001
2908	293.89001
2909	293.79999
2910	293.82001
2911	293.76001
2912	293.95001
2913	293.91
2914	293.84
2915	293.84
2916	293.76001
2917	293.89001
2918	293.95001
2919	294.12
2920	294.14001
2921	294.14001
2922	294.14001
2923	293.92999
2924	293.78
2925	293.82001
2926	293.73999
2927	293.89001
2928	293.89001
2929	293.98999
2930	293.95001
2931	293.82001
2932	293.79999
2933	293.79999
2934	293.84
2935	293.95001
2936	294.04999
2937	294.09
2938	293.97
2939	293.89001
2940	293.76001
2941	293.67999
2942	293.67999
2943	293.76001
2944	294.01001
2945	294.26001
2946	294.29999
2947	294.29999
2948	294.23999
2949	294.09
2950	294.12
2951	294.20001
2952	294.22
2953	294.20001
2954	294.20001
2955	294.09
2956	294.04999
2957	294.03
2958	293.78
2959	293.92999
2960	294.03
2961	294.17999
2962	294.62
2963	294.78
2964	294.92999
2965	294.97
2966	294.95001
2967	295.01001
2968	295.06
2969	295.37
2970	295.45001
2971	295.57999
2972	295.67999
2973	295.79001
2974	295.82999
2975	295.87
2976	296.01999
2977	296.04001
2978	296.12
2979	296.12
2980	296.10001
2981	296.14001
2982	296.25
2983	296.16
2984	296.32999
2985	296.32999
2986	296.32999
2987	296.35001
2988	296.39001
2989	296.39001
2990	296.39001
2991	296.44
2992	296.44
2993	296.44
2994	296.51999
2995	296.51999
2996	296.51999
2997	296.44
2998	296.45999
2999	296.51999
3000	296.56
3001	296.57999
3002	296.56
3003	296.57999
3004	296.51999
3005	296.54001
3006	296.60001
3007	296.56
3008	296.64999
3009	296.57999
3010	296.5
3011	296.51999
3012	296.5
3013	296.56
3014	296.54001
3015	296.5
3016	296.56
3017	296.64999
3018	296.64999
3019	296.76999
3020	296.76999
3021	296.76999
3022	296.75
3023	296.70999
3024	296.69
3025	296.69
3026	296.79001
3027	296.76999
3028	296.70999
3029	296.73001
3030	296.67001
3031	296.60001
3032	296.62
3033	296.67001
3034	296.70999
3035	296.67001
3036	296.67001
3037	296.60001
3038	296.67001
3039	296.67001
3040	296.73001
3041	296.73001
3042	296.64999
3043	296.56
3044	296.60001
3045	296.57999
3046	296.57999
3047	296.60001
3048	296.67001
3049	296.70999
3050	296.70999
3051	296.62
3052	296.69
3053	296.70999
3054	296.75
3055	296.64999
3056	296.62
3057	296.62
3058	296.64999
3059	296.67001
3060	296.62
3061	296.64999
3062	296.64999
3063	296.56
3064	296.56
3065	296.51999
3066	296.56
3067	296.51999
3068	296.56
3069	296.57999
3070	296.51999
3071	296.54001
3072	296.48001
3073	296.48001
3074	296.48001
3075	296.56
3076	296.64999
3077	296.62
3078	296.64999
3079	296.67001
3080	296.64999
3081	296.67001
3082	296.51999
3083	296.56
3084	296.57999
3085	296.56
3086	296.67001
3087	296.69
3088	296.75
3089	296.75
3090	296.64999
3091	296.64999
3092	296.60001
3093	296.60001
3094	296.69
3095	296.60001
3096	296.60001
3097	296.57999
3098	296.67001
3099	296.62
3100	296.69
3101	296.75
3102	296.70999
3103	296.67001
3104	296.70999
3105	296.62
3106	296.67001
3107	296.62
3108	296.60001
3109	296.60001
3110	296.60001
3111	296.70999
3112	296.69
3113	296.62
3114	296.57999
3115	296.67001
3116	296.62
3117	296.69
3118	296.67001
3119	296.73001
3120	296.81
3121	296.73001
3122	296.70999
3123	296.70999
3124	296.75
3125	296.57999
3126	296.70999
3127	296.69
3128	296.69
3129	296.67001
3130	296.73001
3131	296.82999
3132	296.75
3133	296.81
3134	296.70999
3135	296.70999
3136	296.62
3137	296.62
3138	296.62
3139	296.35001
3140	296.16
3141	296.16
3142	296.16
3143	296.16
3144	296.12
3145	295.95999
3146	295.76999
3147	295.79001
3148	295.56
3149	295.51999
3150	294.89001
3151	294.54999
3152	293.97
3153	293.29999
3154	292.98999
3155	292.29999
3156	292.04999
3157	291.69
3158	291.25
3159	291
3160	291
3161	290.64001
3162	290.57999
3163	290.54001
3164	290.66
3165	290.81
3166	290.89001
3167	290.89001
3168	291.38
3169	291.5
3170	291.56
3171	291.64999
3172	291.79001
3173	291.92001
3174	291.95999
3175	292.04999
3176	292.10999
3177	292.07001
3178	292.09
3179	292.14999
3180	292.23001
3181	292.44
3182	292.60999
3183	292.59
3184	292.64999
3185	292.84
3186	292.88
3187	292.85999
3188	292.89999
3189	293.04999
3190	293.22
3191	293.23999
3192	293.29999
3193	293.22
3194	293.03
3195	292.98999
3196	292.97
3197	293.03
3198	293.10999
3199	293.10999
3200	293.14999
3201	293.14999
3202	293.20001
3203	293.26001
3204	293.28
3205	293.29999
3206	293.29999
3207	293.13
3208	293.14999
3209	293.23999
3210	293.35999
3211	293.53
3212	293.67999
3213	293.84
3214	293.98999
3215	294.07001
3216	293.84
3217	293.59
3218	293.47
3219	293.54999
3220	293.54999
3221	293.47
3222	293.47
3223	293.39999
3224	293.29999
3225	293.35999
3226	293.45001
3227	293.53
3228	293.51001
3229	293.59
3230	293.54999
3231	293.54999
3232	293.67999
3233	293.73999
3234	293.79999
3235	293.89001
3236	293.98999
3237	294.09
3238	294.09
3239	294.17999
3240	294.03
3241	293.98999
3242	293.91
3243	294.04999
3244	294.17999
3245	294.17999
3246	293.91
3247	293.89001
3248	293.73999
3249	293.73999
3250	293.63
3251	293.70001
3252	293.67999
3253	293.91
3254	293.95001
3255	293.97
3256	293.84
3257	293.95001
3258	293.95001
3259	293.91
3260	293.92999
3261	294.01001
3262	293.92999
3263	293.85999
3264	293.84
3265	293.73999
3266	293.79999
3267	293.67999
3268	293.70001
3269	293.76001
3270	293.76001
3271	293.82001
3272	294.01001
3273	294.07001
3274	294.16
3275	294.14001
3276	294.32001
3277	294.32001
3278	294.20001
3279	294.17999
3280	294.17999
3281	294.26001
3282	294.35001
3283	294.35001
3284	294.22
3285	294.32001
3286	294.29999
3287	294.20001
3288	294.09
3289	293.95001
3290	294.01001
3291	294.14001
3292	294.57999
3293	294.54999
3294	294.60001
3295	294.45001
3296	294.37
3297	294.32001
3298	294.29999
3299	294.32001
3300	294.16
3301	294.22
3302	294.22
3303	294.39001
3304	294.22
3305	294.26001
3306	294.28
3307	294.20001
3308	293.98999
3309	293.98999
3310	293.92999
3311	293.91
3312	293.91
3313	293.92999
3314	293.98999
3315	294.01001
3316	294.01001
3317	294.04999
3318	294.07001
3319	294.09
3320	294.12
3321	293.98999
3322	293.95001
3323	293.97
3324	293.82001
3325	293.82001
3326	293.76001
3327	293.79999
3328	293.85999
3329	293.85999
3330	293.92999
3331	293.82001
3332	293.79999
3333	293.79999
3334	293.82001
3335	293.84
3336	293.82001
3337	293.91
3338	293.92999
3339	293.97
3340	294.04999
3341	294.04999
3342	293.79999
3343	293.84
3344	293.89001
3345	293.95001
3346	293.97
3347	293.97
3348	293.97
3349	294.07001
3350	294.03
3351	293.91
3352	293.91
3353	294.03
3354	294.09
3355	294.17999
3356	294.17999
3357	294.26001
3358	294.28
3359	294.28
3360	294.23999
3361	294.28
3362	294.17999
3363	294.35001
3364	294.41
3365	294.53
3366	294.57999
3367	294.51001
3368	294.37
3369	294.28
3370	294.14001
3371	294.03
3372	293.98999
3373	293.98999
3374	294.04999
3375	294.17999
3376	294.16
3377	294.22
3378	294.29999
3379	294.26001
3380	294.26001
3381	294.17999
3382	294.22
3383	294.35001
3384	294.32001
3385	294.32001
3386	294.29999
3387	294.29999
3388	294.22
3389	294.28
3390	294.35001
3391	294.48999
3392	294.45001
3393	294.39001
3394	294.35001
3395	294.37
3396	294.37
3397	294.20001
3398	294.12
3399	293.98999
3400	294.14001
3401	294.23999
3402	294.28
3403	294.32001
3404	294.37
3405	294.39001
3406	294.39001
3407	294.35001
3408	294.39001
3409	294.29999
3410	294.22
3411	294.37
3412	294.37
3413	294.51001
3414	294.51001
3415	294.60001
3416	294.54999
3417	294.57999
3418	294.53
3419	294.53
3420	294.37
3421	294.39001
3422	294.37
3423	294.20001
3424	294.14001
3425	294.09
3426	294.09
3427	294.09
3428	294.26001
3429	294.32001
3430	294.45001
3431	294.32001
3432	294.35001
3433	294.41
3434	294.76001
3435	294.82999
3436	294.92999
3437	295.06
3438	295.22
3439	295.23999
3440	295.31
3441	295.32999
3442	295.41
3443	295.5
3444	295.51999
3445	295.60001
3446	295.70001
3447	295.70001
3448	295.76999
3449	295.87
3450	296.01999
3451	296.01999
3452	296.23001
3453	296.23001
3454	296.10001
3455	296.25
3456	296.19
3457	296.26999
3458	296.26999
3459	296.31
3460	296.37
3461	296.39001
3462	296.39001
3463	296.37
3464	296.37
3465	296.31
3466	296.23001
3467	296.29001
3468	296.35001
3469	296.45999
3470	296.44
3471	296.42001
3472	296.37
3473	296.42001
3474	296.42001
3475	296.39001
3476	296.44
3477	296.45999
3478	296.56
3479	296.51999
3480	296.44
3481	296.37
3482	296.48001
3483	296.48001
3484	296.48001
3485	296.39001
3486	296.44
3487	296.31
3488	296.44
3489	296.44
3490	296.44
3491	296.62
3492	296.57999
3493	296.62
3494	296.51999
3495	296.54001
3496	296.56
3497	296.56
3498	296.60001
3499	296.56
3500	296.51999
3501	296.57999
3502	296.45999
3503	296.48001
3504	296.51999
3505	296.54001
3506	296.60001
3507	296.60001
3508	296.56
3509	296.54001
3510	296.60001
3511	296.56
3512	296.56
3513	296.73001
3514	296.88
3515	296.76999
3516	296.73001
3517	296.76999
3518	296.75
3519	296.60001
3520	296.5
3521	296.5
3522	296.5
3523	296.5
3524	296.57999
3525	296.56
3526	296.54001
3527	296.35001
3528	296.39001
3529	296.39001
3530	296.60001
3531	296.67001
3532	296.73001
3533	296.64999
3534	296.5
3535	296.56
3536	296.57999
3537	296.67001
3538	296.73001
3539	296.73001
3540	296.79001
3541	296.73001
3542	296.67001
3543	296.57999
3544	296.54001
3545	296.51999
3546	296.48001
3547	296.60001
3548	296.57999
3549	296.60001
3550	296.60001
3551	296.56
3552	296.57999
3553	296.60001
3554	296.60001
3555	296.75
3556	296.67001
3557	296.67001
3558	296.57999
3559	296.64999
3560	296.64999
3561	296.64999
3562	296.69
3563	296.62
3564	296.64999
3565	296.64999
3566	296.73001
3567	296.73001
3568	296.73001
3569	296.64999
3570	296.60001
3571	296.62
3572	296.60001
3573	296.60001
3574	296.60001
3575	296.56
3576	296.60001
3577	296.62
3578	296.57999
3579	296.57999
3580	296.62
3581	296.60001
3582	296.69
3583	296.75
3584	296.69
3585	296.70999
3586	296.60001
3587	296.67001
3588	296.73001
3589	296.73001
3590	296.79001
3591	296.81
3592	296.76999
3593	296.76999
3594	296.67001
3595	296.88
3596	296.85999
3597	296.75
3598	296.76999
3599	296.81
3600	296.81
3601	296.76999
3602	296.81
3603	296.85999
3604	296.70999
3605	296.73001
3606	296.70999
3607	296.69
3608	296.64999
3609	296.67001
3610	296.57999
3611	296.5
3612	296.19
3613	296.04001
3614	295.85001
3615	295.85001
3616	295.87
3617	295.92999
3618	295.92999
3619	296.01999
3620	296.07999
3621	296.01999
3622	295.85001
3623	295.54001
3624	295.14001
3625	294.35001
3626	293.89001
3627	293.07001
3628	292.64999
3629	291.98001
3630	291.51999
3631	291.19
3632	291.19
3633	291.06
3634	291.07999
3635	291
3636	290.89001
3637	290.89001
3638	290.94
3639	290.94
3640	291.17001
3641	291.45999
3642	291.60999
3643	291.67001
3644	291.57999
3645	291.60999
3646	291.64999
3647	291.76999
3648	291.88
3649	292.07001
3650	292.07001
3651	291.98001
3652	292.20999
3653	292.28
3654	292.23001
3655	292.20999
3656	292.20999
3657	292.17001
3658	292.20999
3659	292.39999
3660	292.54999
3661	292.64999
3662	292.82001
3663	292.97
3664	292.97
3665	293.03
3666	293.14999
3667	293.17001
3668	293.03
3669	293.04999
3670	293.01001
3671	293.01001
3672	293.03
3673	292.98999
3674	292.85999
3675	292.89999
3676	293.01001
3677	293.03
3678	293.10999
3679	293.47
3680	293.73999
3681	293.78
3682	293.76001
3683	293.79999
3684	293.85999
3685	293.95001
3686	293.82001
3687	293.76001
3688	293.67999
3689	293.73999
3690	293.76001
3691	293.82001
3692	293.82001
3693	293.70001
3694	293.57001
3695	293.72
3696	293.76001
3697	293.72
3698	293.78
3699	293.78
3700	293.67999
3701	293.47
3702	293.53
3703	293.53
3704	293.59
3705	293.53
3706	293.60999
3707	293.79999
3708	293.78
3709	293.73999
3710	293.73999
3711	293.66
3712	293.57001
3713	293.57001
3714	293.53
3715	293.47
3716	293.48999
3717	293.54999
3718	293.59
3719	293.54999
3720	293.57001
3721	293.92999
3722	294.01001
3723	294.09
3724	294.07001
3725	293.95001
3726	293.91
3727	293.89001
3728	293.70001
3729	293.63
3730	293.59
3731	293.51001
3732	293.78
3733	294.03
3734	294.07001
3735	294.07001
3736	294.01001
3737	293.98999
3738	293.97
3739	293.82001
3740	293.76001
3741	293.92999
3742	293.92999
3743	293.85999
3744	293.85999
3745	293.84
3746	293.85999
3747	293.98999
3748	293.98999
3749	293.98999
3750	293.89001
3751	293.85999
3752	293.89001
3753	293.91
3754	293.85999
3755	293.84
3756	293.82001
3757	293.63
3758	293.57001
3759	293.48999
3760	293.60999
3761	293.60999
3762	293.76001
3763	293.72
3764	293.67999
3765	293.72
3766	293.92999
3767	294.32001
3768	294.42999
3769	294.41
3770	294.37
3771	294.17999
3772	294.16
3773	294.14001
3774	294.14001
3775	294.16
3776	294.17999
3777	294.07001
3778	293.97
3779	293.97
3780	293.97
3781	293.97
3782	294.03
3783	294.03
3784	294.09
3785	294.17999
3786	294.28
3787	294.23999
3788	294.23999
3789	294.20001
3790	294.28
3791	294.22
3792	294.29999
3793	294.32001
3794	294.28
3795	294.23999
3796	294.09
3797	294.03
3798	293.97
3799	294.04999
3800	294.17999
3801	294.14001
3802	294.16
3803	294.04999
3804	294.03
3805	293.92999
3806	293.92999
3807	293.95001
3808	294.01001
3809	293.97
3810	293.97
3811	294.17999
3812	294.23999
3813	294.23999
3814	294.16
3815	294.14001
3816	294.14001
3817	294.22
3818	294.32001
3819	294.28
3820	294.28
3821	294.23999
3822	294.20001
3823	294.20001
3824	294.12
3825	294.12
3826	294.01001
3827	293.98999
3828	294.09
3829	294.07001
3830	294.07001
3831	294.04999
3832	294.14001
3833	294.09
3834	294.09
3835	294.09
3836	294.16
3837	294.14001
3838	294.12
3839	294.16
3840	294.16
3841	294.20001
3842	294.37
3843	294.57999
3844	294.60001
3845	294.60001
3846	294.32001
3847	294.23999
3848	294.23999
3849	294.17999
3850	294.20001
3851	294.03
3852	294.03
3853	294.07001
3854	294.22
3855	294.17999
3856	294.03
3857	293.95001
3858	293.91
3859	293.98999
3860	293.76001
3861	293.78
3862	293.72
3863	293.89001
3864	293.89001
3865	293.98999
3866	293.95001
3867	294.03
3868	294.03
3869	293.91
3870	293.85999
3871	293.92999
3872	293.97
3873	293.98999
3874	294.17999
3875	294.22
3876	294.14001
3877	294.14001
3878	293.97
3879	293.89001
3880	293.89001
3881	293.91
3882	293.73999
3883	293.72
3884	293.72
3885	293.78
3886	293.92999
3887	293.85999
3888	293.92999
3889	293.82001
3890	293.79999
3891	293.79999
3892	293.91
3893	293.76001
3894	293.72
3895	293.79999
3896	293.91
3897	293.89001
3898	293.98999
3899	294.01001
3900	294.04999
3901	294.14001
3902	294.07001
3903	294.07001
3904	294.12
3905	294.14001
3906	294.17999
3907	294.20001
3908	294.53
3909	294.81
3910	294.92999
3911	295.10001
3912	295.16
3913	295.22
3914	295.20001
3915	295.32999
3916	295.32999
3917	295.47
3918	295.66
3919	295.67999
3920	295.91
3921	295.98001
3922	295.92999
3923	295.92999
3924	295.98001
3925	295.98001
3926	296.10001
3927	296.14001
3928	296.16
3929	296.14001
3930	296.14001
3931	296.07999
3932	296.25
3933	296.23001
3934	296.26999
3935	296.29001
3936	296.19
3937	296.26999
3938	296.29001
3939	296.37
3940	296.48001
3941	296.54001
3942	296.57999
3943	296.51999
3944	296.54001
3945	296.54001
3946	296.56
3947	296.62
3948	296.54001
3949	296.44
3950	296.45999
3951	296.5
3952	296.48001
3953	296.5
3954	296.54001
3955	296.54001
3956	296.45999
3957	296.45999
3958	296.37
3959	296.44
3960	296.51999
3961	296.57999
3962	296.57999
3963	296.62
3964	296.57999
3965	296.60001
3966	296.48001
3967	296.44
3968	296.48001
3969	296.42001
3970	296.51999
3971	296.57999
3972	296.57999
3973	296.5
3974	296.51999
3975	296.45999
3976	296.48001
3977	296.62
3978	296.57999
3979	296.56
3980	296.51999
3981	296.57999
3982	296.62
3983	296.57999
3984	296.69
3985	296.64999
3986	296.62
3987	296.62
3988	296.62
3989	296.62
3990	296.62
3991	296.62
3992	296.70999
3993	296.67001
3994	296.67001
3995	296.67001
3996	296.70999
3997	296.70999
3998	296.75
3999	296.73001
4000	296.70999
4001	296.73001
4002	296.64999
4003	296.70999
4004	296.73001
4005	296.75
4006	296.73001
4007	296.73001
4008	296.70999
4009	296.75
4010	296.67001
4011	296.64999
4012	296.60001
4013	296.57999
4014	296.5
4015	296.56
4016	296.54001
4017	296.45999
4018	296.5
4019	296.48001
4020	296.48001
4021	296.44
4022	296.39001
4023	296.44
4024	296.45999
4025	296.42001
4026	296.42001
4027	296.42001
4028	296.5
4029	296.56
4030	296.57999
4031	296.60001
4032	296.44
4033	296.44
4034	296.56
4035	296.57999
4036	296.62
4037	296.60001
4038	296.60001
4039	296.54001
4040	296.56
4041	296.56
4042	296.56
4043	296.56
4044	296.54001
4045	296.51999
4046	296.54001
4047	296.51999
4048	296.5
4049	296.5
4050	296.48001
4051	296.64999
4052	296.62
4053	296.54001
4054	296.57999
4055	296.64999
4056	296.73001
4057	296.76999
4058	296.76999
4059	296.75
4060	296.56
4061	296.60001
4062	296.69
4063	296.62
4064	296.54001
4065	296.54001
4066	296.60001
4067	296.45999
4068	296.39001
4069	296.45999
4070	296.48001
4071	296.54001
4072	296.54001
4073	296.51999
4074	296.62
4075	296.57999
4076	296.60001
4077	296.60001
4078	296.60001
4079	296.56
4080	296.44
4081	296.54001
4082	296.45999
4083	296.42001
4084	296.31
4085	296.07999
4086	295.95999
4087	295.76999
4088	295.66
4089	295.54001
4090	295.56
4091	295.57999
4092	295.64001
4093	295.64001
4094	295.66
4095	295.5
4096	295.10001
4097	295.10001
4098	294.62
4099	293.97
4100	293.60999
4101	292.76001
4102	292.23001
4103	291.76999
4104	291.76999
4105	291.17001
4106	290.89001
4107	290.81
4108	290.92001
4109	290.94
4110	290.89001
4111	290.95999
4112	291.38
4113	291.51999
4114	291.60999
4115	291.69
4116	291.89999
4117	291.89999
4118	291.88
4119	291.63
4120	291.60999
4121	291.56
4122	291.69
4123	291.82001
4124	292.04999
4125	292.28
4126	292.34
4127	292.19
4128	292.20999
4129	292.20999
4130	292.44
4131	292.69
4132	292.78
4133	292.73999
4134	292.73999
4135	292.73999
4136	292.73999
4137	292.63
4138	292.54999
4139	292.57001
4140	292.54999
4141	292.44
4142	292.51001
4143	292.51001
4144	292.79999
4145	292.79999
4146	292.79999
4147	292.82001
4148	292.84
4149	292.84
4150	292.85999
4151	292.98999
4152	293.04999
4153	293.09
4154	293.17001
4155	293.14999
4156	293.26001
4157	293.26001
4158	293.26001
4159	293.34
4160	293.34
4161	293.23999
4162	293.20001
4163	293.28
4164	293.28
4165	293.28
4166	293.35999
4167	293.45001
4168	293.45001
4169	293.32001
4170	293.54999
4171	293.57001
4172	293.76001
4173	293.63
4174	293.63
4175	293.63
4176	293.38
4177	293.29999
4178	293.29999
4179	293.38
4180	293.32001
4181	293.26001
4182	293.23999
4183	293.32001
4184	293.39999
4185	293.39999
4186	293.51001
4187	293.57001
4188	293.48999
4189	293.45001
4190	293.42999
4191	293.47
4192	293.45001
4193	293.39999
4194	293.39999
4195	293.47
4196	293.54999
4197	293.60999
4198	293.76001
4199	293.82001
4200	293.82001
4201	293.98999
4202	294.03
4203	293.92999
4204	293.92999
4205	293.82001
4206	293.78
4207	293.78
4208	293.79999
4209	293.89001
4210	293.95001
4211	293.92999
4212	293.92999
4213	293.78
4214	293.78
4215	293.63
4216	293.72
4217	293.76001
4218	293.72
4219	293.84
4220	293.89001
4221	293.98999
4222	293.95001
4223	293.92999
4224	293.92999
4225	294.03
4226	294.09
4227	294.12
4228	294.03
4229	294.04999
4230	293.95001
4231	293.85999
4232	293.97
4233	294.03
4234	293.97
4235	293.97
4236	293.92999
4237	293.95001
4238	293.97
4239	293.97
4240	293.98999
4241	294.04999
4242	294.04999
4243	294.01001
4244	293.85999
4245	293.84
4246	293.84
4247	293.95001
4248	293.97
4249	293.97
4250	294.12
4251	294.07001
4252	294.07001
4253	294.04999
4254	294.01001
4255	294.03
4256	293.98999
4257	294.04999
4258	294.09
4259	294.09
4260	294.03
4261	294.12
4262	294.17999
4263	294.16
4264	294.12
4265	294.04999
4266	293.89001
4267	293.85999
4268	293.85999
4269	293.92999
4270	293.92999
4271	293.89001
4272	293.82001
4273	293.66
4274	293.63
4275	293.67999
4276	293.70001
4277	293.63
4278	293.63
4279	293.89001
4280	293.85999
4281	293.84
4282	293.79999
4283	293.78
4284	293.84
4285	293.84
4286	293.85999
4287	293.78
4288	293.84
4289	293.92999
4290	293.91
4291	293.98999
4292	293.92999
4293	293.95001
4294	293.98999
4295	293.98999
4296	294.03
4297	293.89001
4298	293.95001
4299	294.01001
4300	293.92999
4301	293.89001
4302	294.03
4303	294.04999
4304	294.01001
4305	293.98999
4306	294.03
4307	294.07001
4308	293.97
4309	293.78
4310	293.78
4311	293.85999
4312	293.95001
4313	293.85999
4314	293.92999
4315	294.16
4316	294.26001
4317	294.26001
4318	294.03
4319	294.03
4320	294.03
4321	293.98999
4322	294.07001
4323	294.12
4324	294.12
4325	294.07001
4326	293.85999
4327	293.78
4328	293.82001
4329	293.97
4330	294.01001
4331	294.07001
4332	294.07001
4333	294.01001
4334	293.92999
4335	293.79999
4336	293.85999
4337	293.91
4338	293.98999
4339	294.04999
4340	294.20001
4341	294.32001
4342	294.23999
4343	294.26001
4344	294.22
4345	294.16
4346	294.04999
4347	294.09
4348	294.07001
4349	294.07001
4350	294.03
4351	294.01001
4352	293.97
4353	294.07001
4354	293.98999
4355	294.03
4356	294.03
4357	294.37
4358	294.47
4359	294.41
4360	294.22
4361	294.17999
4362	294.12
4363	294.22
4364	294.54999
4365	294.53
4366	294.45001
4367	294.26001
4368	294.23999
4369	294.22
4370	294.26001
4371	294.28
4372	294.32001
4373	294.35001
4374	294.39001
4375	294.39001
4376	294.45001
4377	294.45001
4378	294.20001
4379	294.04999
4380	294.17999
4381	294.17999
4382	294.72
4383	294.98999
4384	294.98999
4385	295.12
4386	295.17999
4387	295.26999
4388	295.26999
4389	295.35001
4390	295.31
4391	295.39001
4392	295.5
4393	295.54001
4394	295.62
4395	295.62
4396	295.70001
4397	295.87
4398	295.95999
4399	296.01999
4400	296
4401	296.04001
4402	296.01999
4403	296.14001
4404	296.23001
4405	296.31
4406	296.25
4407	296.32999
4408	296.29001
4409	296.25
4410	296.32999
4411	296.29001
4412	296.31
4413	296.32999
4414	296.25
4415	296.32999
4416	296.37
4417	296.44
4418	296.44
4419	296.45999
4420	296.45999
4421	296.39001
4422	296.54001
4423	296.57999
4424	296.57999
4425	296.67001
4426	296.67001
4427	296.67001
4428	296.64999
4429	296.62
4430	296.64999
4431	296.62
4432	296.56
4433	296.51999
4434	296.51999
4435	296.67001
4436	296.70999
4437	296.73001
4438	296.62
4439	296.67001
4440	296.69
4441	296.70999
4442	296.73001
4443	296.69
4444	296.70999
4445	296.60001
4446	296.5
4447	296.5
4448	296.45999
4449	296.42001
4450	296.45999
4451	296.56
4452	296.56
4453	296.56
4454	296.57999
4455	296.54001
4456	296.56
4457	296.64999
4458	296.51999
4459	296.51999
4460	296.57999
4461	296.51999
4462	296.54001
4463	296.5
4464	296.56
4465	296.54001
4466	296.54001
4467	296.45999
4468	296.45999
4469	296.54001
4470	296.5
4471	296.57999
4472	296.57999
4473	296.54001
4474	296.51999
4475	296.5
4476	296.45999
4477	296.37
4478	296.48001
4479	296.39001
4480	296.42001
4481	296.51999
4482	296.56
4483	296.51999
4484	296.60001
4485	296.54001
4486	296.60001
4487	296.57999
4488	296.62
4489	296.69
4490	296.64999
4491	296.64999
4492	296.67001
4493	296.67001
4494	296.64999
4495	296.56
4496	296.64999
4497	296.67001
4498	296.67001
4499	296.57999
4500	296.54001
4501	296.51999
4502	296.54001
4503	296.60001
4504	296.64999
4505	296.64999
4506	296.73001
4507	296.73001
4508	296.73001
4509	296.62
4510	296.60001
4511	296.57999
4512	296.60001
4513	296.60001
4514	296.67001
4515	296.70999
4516	296.62
4517	296.60001
4518	296.73001
4519	296.75
4520	296.56
4521	296.60001
4522	296.70999
4523	296.73001
4524	296.76999
4525	296.73001
4526	296.60001
4527	296.67001
4528	296.64999
4529	296.57999
4530	296.57999
4531	296.56
4532	296.57999
4533	296.54001
4534	296.56
4535	296.51999
4536	296.5
4537	296.5
4538	296.42001
4539	296.42001
4540	296.44
4541	296.37
4542	296.44
4543	296.39001
4544	296.5
4545	296.5
4546	296.54001
4547	296.60001
4548	296.56
4549	296.57999
4550	296.56
4551	296.60001
4552	296.54001
4553	296.45999
4554	296.39001
4555	296.42001
4556	296.51999
4557	296.64999
4558	296.64999
4559	296.5
4560	296.14001
4561	296
4562	296
4563	295.76999
4564	295.82999
4565	295.81
4566	295.73001
4567	295.67999
4568	295.62
4569	295.62
4570	295.01001
4571	294.51001
4572	294.29999
4573	293.53
4574	292.89999
4575	292.44
4576	292.44
4577	291.70999
4578	291.25
4579	291.06
4580	290.89001
4581	290.92001
4582	291.01999
4583	291.06
4584	290.89001
4585	290.82999
4586	290.79001
4587	290.85001
4588	290.92001
4589	291.23001
4590	291.26999
4591	291.29001
4592	291.35001
4593	291.32999
4594	291.26999
4595	291.29001
4596	291.39999
4597	291.42001
4598	291.54001
4599	291.95999
4600	292.34
4601	292.34
4602	292.35999
4603	292.38
4604	292.39999
4605	292.38
4606	292.42001
4607	292.39999
4608	292.39999
4609	292.38
4610	292.39999
4611	292.39999
4612	292.45999
4613	292.57001
4614	292.69
4615	292.54999
4616	292.48001
4617	292.53
4618	292.60999
4619	292.54999
4620	292.53
4621	292.59
4622	292.64999
4623	292.73999
4624	292.88
4625	293.10999
4626	293.14999
4627	293.13
4628	292.98999
4629	293.03
4630	293.14999
4631	293.38
4632	293.35999
4633	293.35999
4634	293.39999
4635	293.39999
4636	293.45001
4637	293.51001
4638	293.67999
4639	293.73999
4640	293.73999
4641	293.63
4642	293.59
4643	293.60999
4644	293.63
4645	293.51001
4646	293.51001
4647	293.51001
4648	293.47
4649	293.42999
4650	293.53
4651	293.59
4652	293.72
4653	293.60999
4654	293.51001
4655	293.45001
4656	293.45001
4657	293.57001
4658	293.72
4659	293.73999
4660	293.78
4661	293.72
4662	293.82001
4663	293.91
4664	293.85999
4665	293.84
4666	293.79999
4667	293.70001
4668	293.78
4669	293.67999
4670	293.82001
4671	294.07001
4672	294.07001
4673	294.04999
4674	293.91
4675	293.91
4676	293.98999
4677	293.84
4678	293.91
4679	293.91
4680	293.73999
4681	293.73999
4682	293.76001
4683	293.76001
4684	293.72
4685	293.73999
4686	293.67999
4687	293.70001
4688	293.82001
4689	293.89001
4690	294.03
4691	294.01001
4692	293.98999
4693	293.91
4694	293.84
4695	293.79999
4696	293.82001
4697	293.72
4698	293.72
4699	293.79999
4700	293.92999
4701	293.92999
4702	293.97
4703	293.85999
4704	293.89001
4705	293.91
4706	293.91
4707	293.91
4708	293.89001
4709	293.78
4710	293.73999
4711	293.73999
4712	293.72
4713	293.79999
4714	293.79999
4715	293.84
4716	293.73999
4717	293.67999
4718	293.67999
4719	293.63
4720	293.70001
4721	293.70001
4722	293.91
4723	294.07001
4724	294.04999
4725	294.12
4726	293.97
4727	293.91
4728	293.84
4729	293.91
4730	293.91
4731	293.84
4732	293.78
4733	293.84
4734	293.91
4735	293.95001
4736	294.04999
4737	294.01001
4738	293.97
4739	293.98999
4740	293.91
4741	293.91
4742	294.03
4743	294.03
4744	294.03
4745	293.89001
4746	293.78
4747	293.73999
4748	293.76001
4749	293.91
4750	293.91
4751	294.04999
4752	293.95001
4753	293.95001
4754	293.89001
4755	293.91
4756	293.95001
4757	293.95001
4758	294.17999
4759	294.42999
4760	294.39001
4761	294.42999
4762	294.28
4763	294.17999
4764	294.14001
4765	294.16
4766	294.07001
4767	294.03
4768	294.01001
4769	294.01001
4770	294.01001
4771	294.01001
4772	294.03
4773	294.07001
4774	294.26001
4775	294.39001
4776	294.35001
4777	294.39001
4778	294.37
4779	294.45001
4780	294.45001
4781	294.41
4782	294.41
4783	294.39001
4784	294.20001
4785	294.20001
4786	294.17999
4787	294.14001
4788	294.28
4789	294.28
4790	294.47
4791	294.51001
4792	294.54999
4793	294.51001
4794	294.32001
4795	294.37
4796	294.28
4797	294.04999
4798	294.03
4799	293.97
4800	293.98999
4801	293.95001
4802	293.91
4803	293.85999
4804	293.76001
4805	293.79999
4806	293.76001
4807	293.84
4808	293.79999
4809	293.78
4810	293.85999
4811	293.79999
4812	293.85999
4813	293.95001
4814	293.95001
4815	293.92999
4816	294.04999
4817	294.09
4818	294.17999
4819	294.07001
4820	294.14001
4821	294.14001
4822	294.16
4823	294.16
4824	294.20001
4825	294.04999
4826	294.04999
4827	294.07001
4828	294.07001
4829	294.17999
4830	294.22
4831	294.20001
4832	294.23999
4833	294.54999
4834	294.70001
4835	294.73999
4836	294.62
4837	294.48999
4838	294.37
4839	294.32001
4840	294.17999
4841	294.09
4842	294.07001
4843	294.07001
4844	294.07001
4845	294.03
4846	294.04999
4847	294.07001
4848	294.04999
4849	294.12
4850	294.12
4851	294.01001
4852	294.07001
4853	294.07001
4854	294.39001
4855	294.67999
4856	294.82999
4857	295.06
4858	295.22
4859	295.17999
4860	295.17999
4861	295.20001
4862	295.32999
4863	295.41
4864	295.57999
4865	295.73001
4866	295.73001
4867	295.70001
4868	295.82999
4869	295.98001
4870	296.06
4871	296.07999
4872	296.20999
4873	296.20999
4874	296.20999
4875	296.39001
4876	296.32999
4877	296.35001
4878	296.32999
4879	296.32999
4880	296.32999
4881	296.26999
4882	296.35001
4883	296.35001
4884	296.37
4885	296.37
4886	296.44
4887	296.39001
4888	296.45999
4889	296.45999
4890	296.51999
4891	296.44
4892	296.44
4893	296.51999
4894	296.5
4895	296.5
4896	296.44
4897	296.5
4898	296.57999
4899	296.57999
4900	296.57999
4901	296.70999
4902	296.76999
4903	296.69
4904	296.62
4905	296.56
4906	296.57999
4907	296.62
4908	296.64999
4909	296.57999
4910	296.57999
4911	296.51999
4912	296.5
4913	296.57999
4914	296.48001
4915	296.48001
4916	296.45999
4917	296.57999
4918	296.48001
4919	296.48001
4920	296.54001
4921	296.51999
4922	296.54001
4923	296.51999
4924	296.51999
4925	296.5
4926	296.48001
4927	296.44
4928	296.48001
4929	296.5
4930	296.54001
4931	296.54001
4932	296.48001
4933	296.45999
4934	296.42001
4935	296.42001
4936	296.45999
4937	296.44
4938	296.44
4939	296.44
4940	296.45999
4941	296.48001
4942	296.54001
4943	296.48001
4944	296.45999
4945	296.45999
4946	296.51999
4947	296.5
4948	296.45999
4949	296.48001
4950	296.5
4951	296.57999
4952	296.57999
4953	296.64999
4954	296.62
4955	296.69
4956	296.67001
4957	296.64999
4958	296.57999
4959	296.64999
4960	296.57999
4961	296.56
4962	296.5
4963	296.5
4964	296.37
4965	296.48001
4966	296.48001
4967	296.48001
4968	296.48001
4969	296.45999
4970	296.45999
4971	296.39001
4972	296.56
4973	296.62
4974	296.64999
4975	296.67001
4976	296.57999
4977	296.57999
4978	296.56
4979	296.51999
4980	296.45999
4981	296.32999
4982	296.32999
4983	296.37
4984	296.42001
4985	296.48001
4986	296.48001
4987	296.45999
4988	296.51999
4989	296.54001
4990	296.51999
4991	296.45999
4992	296.51999
4993	296.56
4994	296.51999
4995	296.51999
4996	296.54001
4997	296.5
4998	296.48001
4999	296.56
5000	296.44
5001	296.45999
5002	296.45999
5003	296.35001
5004	296.48001
5005	296.54001
5006	296.56
5007	296.64999
5008	296.54001
5009	296.62
5010	296.57999
5011	296.67001
5012	296.67001
5013	296.62
5014	296.54001
5015	296.57999
5016	296.45999
5017	296.48001
5018	296.42001
5019	296.44
5020	296.51999
5021	296.56
5022	296.57999
5023	296.56
5024	296.44
5025	296.5
5026	296.57999
5027	296.70999
5028	296.73001
5029	296.57999
5030	296.62
5031	296.54001
5032	296.25
5033	295.98001
5034	295.98001
5035	295.79001
5036	295.85001
5037	295.85001
5038	295.81
5039	295.67999
5040	295.66
5041	295.66
5042	295.22
5043	294.92999
5044	294.76001
5045	294.23999
5046	293.51001
5047	293.14999
5048	292.79999
5049	291.84
5050	291.67001
5051	291.48001
5052	291.25
5053	291.04001
5054	291.04001
5055	290.95999
5056	290.92001
5057	290.85001
5058	290.95999
5059	291.07999
5060	291.19
5061	291.42001
5062	291.54001
5063	291.67001
5064	291.60999
5065	291.54001
5066	291.54001
5067	291.54001
5068	291.75
5069	291.82001
5070	291.92001
5071	291.98001
5072	292.09
5073	292.09
5074	292.32001
5075	292.45999
5076	292.53
5077	292.85999
5078	292.89999
5079	292.98999
5080	292.98999
5081	292.79999
5082	292.76001
5083	292.79999
5084	292.85999
5085	292.79999
5086	292.76001
5087	292.92001
5088	293.20001
5089	293.09
5090	293.07001
5091	293.01001
5092	293.01001
5093	292.98999
5094	293.03
5095	293.09
5096	293.23999
5097	293.26001
5098	293.35999
5099	293.35999
5100	293.29999
5101	293.29999
5102	293.23999
5103	293.26001
5104	293.26001
5105	293.26001
5106	293.10999
5107	293.09
5108	293.10999
5109	293.22
5110	293.35999
5111	293.67999
5112	293.67999
5113	293.72
5114	293.63
5115	293.60999
5116	293.53
5117	293.51001
5118	293.67999
5119	293.79999
5120	293.89001
5121	293.82001
5122	293.59
5123	293.47
5124	293.39999
5125	293.42999
5126	293.42999
5127	293.34
5128	293.38
5129	293.32001
5130	293.29999
5131	293.32001
5132	293.38
5133	293.39999
5134	293.35999
5135	293.39999
5136	293.54999
5137	293.54999
5138	293.59
5139	293.66
5140	293.63
5141	293.57001
5142	293.66
5143	293.79999
5144	293.79999
5145	293.84
5146	293.84
5147	293.78
5148	293.70001
5149	293.66
5150	293.66
5151	293.66
5152	293.63
5153	293.51001
5154	293.45001
5155	293.53
5156	293.60999
5157	293.70001
5158	293.73999
5159	293.91
5160	293.89001
5161	293.97
5162	293.98999
5163	293.98999
5164	293.92999
5165	293.89001
5166	293.78
5167	293.85999
5168	293.84
5169	293.92999
5170	294.04999
5171	294.04999
5172	293.97
5173	293.95001
5174	293.84
5175	293.73999
5176	293.73999
5177	293.79999
5178	293.79999
5179	293.82001
5180	293.95001
5181	293.97
5182	294.20001
5183	294.20001
5184	294.32001
5185	294.37
5186	294.28
5187	294.20001
5188	293.95001
5189	293.98999
5190	294.01001
5191	293.97
5192	293.97
5193	293.97
5194	294.12
5195	294.28
5196	294.29999
5197	294.22
5198	294.23999
5199	294.28
5200	294.26001
5201	294.23999
5202	294.07001
5203	294.01001
5204	294.03
5205	294.03
5206	293.98999
5207	294.04999
5208	294.04999
5209	294.23999
5210	294.29999
5211	294.37
5212	294.41
5213	294.41
5214	294.26001
5215	294.26001
5216	294.39001
5217	294.28
5218	294.26001
5219	294.28
5220	294.20001
5221	294.22
5222	294.22
5223	294.32001
5224	294.28
5225	294.23999
5226	294.22
5227	294.20001
5228	294.12
5229	294.09
5230	294.04999
5231	294.01001
5232	293.98999
5233	294.14001
5234	294.16
5235	294.07001
5236	293.98999
5237	294.04999
5238	294.17999
5239	294.32001
5240	294.37
5241	294.32001
5242	294.37
5243	294.28
5244	294.20001
5245	294.09
5246	294.03
5247	294.03
5248	293.91
5249	293.89001
5250	293.84
5251	293.73999
5252	293.79999
5253	293.92999
5254	293.92999
5255	293.85999
5256	293.76001
5257	293.63
5258	293.66
5259	293.82001
5260	293.89001
5261	293.84
5262	293.91
5263	293.92999
5264	293.95001
5265	293.95001
5266	293.85999
5267	293.85999
5268	293.92999
5269	293.97
5270	293.95001
5271	294.04999
5272	293.92999
5273	293.92999
5274	293.95001
5275	293.91
5276	293.89001
5277	293.98999
5278	294.20001
5279	294.32001
5280	294.32001
5281	294.28
5282	294.12
5283	294.07001
5284	294.09
5285	294.03
5286	294.03
5287	294.04999
5288	294.04999
5289	294.09
5290	294.09
5291	293.97
5292	293.84
5293	293.84
5294	293.89001
5295	293.89001
5296	293.82001
5297	293.70001
5298	293.78
5299	293.79999
5300	293.92999
5301	294.04999
5302	294.12
5303	294.17999
5304	294.07001
5305	294.20001
5306	294.09
5307	294.03
5308	293.97
5309	294.01001
5310	294.03
5311	294.14001
5312	294.12
5313	294.07001
5314	294.03
5315	293.97
5316	294.01001
5317	294.09
5318	294.09
5319	293.97
5320	293.91
5321	293.85999
5322	293.76001
5323	293.89001
5324	294.01001
5325	294.01001
5326	294.17999
5327	294.37
5328	294.39001
5329	294.70001
5330	294.78
5331	294.89001
5332	294.81
5333	294.98999
5334	295.14001
5335	295.20001
5336	295.39001
5337	295.51999
5338	295.57999
5339	295.62
5340	295.76999
5341	295.79001
5342	295.76999
5343	295.89001
5344	295.82999
5345	295.91
5346	295.91
5347	296.01999
5348	296.06
5349	296.10001
5350	296.19
5351	296.26999
5352	296.16
5353	296.19
5354	296.07999
5355	296.14001
5356	296.23001
5357	296.23001
5358	296.25
5359	296.23001
5360	296.26999
5361	296.25
5362	296.26999
5363	296.31
5364	296.31
5365	296.26999
5366	296.31
5367	296.20999
5368	296.35001
5369	296.37
5370	296.37
5371	296.37
5372	296.39001
5373	296.37
5374	296.31
5375	296.39001
5376	296.31
5377	296.35001
5378	296.35001
5379	296.42001
5380	296.48001
5381	296.42001
5382	296.5
5383	296.5
5384	296.54001
5385	296.56
5386	296.56
5387	296.54001
5388	296.5
5389	296.5
5390	296.5
5391	296.5
5392	296.5
5393	296.56
5394	296.60001
5395	296.54001
5396	296.54001
5397	296.60001
5398	296.60001
5399	296.60001
5400	296.56
5401	296.54001
5402	296.60001
5403	296.60001
5404	296.64999
5405	296.64999
5406	296.69
5407	296.73001
5408	296.67001
5409	296.64999
5410	296.69
5411	296.56
5412	296.51999
5413	296.56
5414	296.56
5415	296.57999
5416	296.60001
5417	296.60001
5418	296.62
5419	296.54001
5420	296.64999
5421	296.60001
5422	296.51999
5423	296.57999
5424	296.54001
5425	296.56
5426	296.54001
5427	296.5
5428	296.5
5429	296.48001
5430	296.44
5431	296.48001
5432	296.57999
5433	296.5
5434	296.54001
5435	296.54001
5436	296.48001
5437	296.42001
5438	296.48001
5439	296.5
5440	296.51999
5441	296.56
5442	296.54001
5443	296.54001
5444	296.54001
5445	296.48001
5446	296.5
5447	296.54001
5448	296.56
5449	296.51999
5450	296.56
5451	296.57999
5452	296.60001
5453	296.62
5454	296.57999
5455	296.56
5456	296.54001
5457	296.48001
5458	296.56
5459	296.60001
5460	296.60001
5461	296.60001
5462	296.48001
5463	296.5
5464	296.51999
5465	296.45999
5466	296.37
5467	296.37
5468	296.37
5469	296.29001
5470	296.23001
5471	296.31
5472	296.44
5473	296.48001
5474	296.48001
5475	296.39001
5476	296.37
5477	296.45999
5478	296.31
5479	296.39001
5480	296.5
5481	296.48001
5482	296.48001
5483	296.42001
5484	296.44
5485	296.44
5486	296.48001
5487	296.51999
5488	296.51999
5489	296.44
5490	296.51999
5491	296.64999
5492	296.60001
5493	296.48001
5494	296.48001
5495	296.48001
5496	296.39001
5497	296.32999
5498	296.42001
5499	296.42001
5500	296.39001
5501	296.45999
5502	296.48001
5503	296.5
5504	296.37
5505	296.20999
5506	296.20999
5507	296.16
5508	296.06
5509	296
5510	295.85001
5511	295.57999
5512	295.51999
5513	295.54001
5514	295.57999
5515	295.39001
5516	295.26999
5517	294.81
5518	294.48999
5519	294.28
5520	294.03
5521	293.07001
5522	292.76001
5523	292.14999
5524	291.5
5525	291.38
5526	291.10001
5527	291
5528	290.94
5529	290.95999
5530	290.92001
5531	290.94
5532	290.94
5533	291.23001
5534	291.32999
5535	291.5
5536	291.45999
5537	291.51999
5538	291.51999
5539	291.60999
5540	291.82001
5541	291.85999
5542	292.01999
5543	292.23001
5544	292.45999
5545	292.45999
5546	292.44
5547	292.32001
5548	292.29999
5549	292.23001
5550	292.28
5551	292.35999
5552	292.39999
5553	292.44
5554	292.42001
5555	292.44
5556	292.54999
5557	292.48001
5558	292.44
5559	292.51001
5560	292.76001
5561	292.76001
5562	292.92001
5563	293.09
5564	293.28
5565	293.20001
5566	293.23999
5567	293.17001
5568	293.32001
5569	293.42999
5570	293.42999
5571	293.63
5572	293.82001
5573	293.79999
5574	293.79999
5575	293.73999
5576	293.63
5577	293.63
5578	293.47
5579	293.48999
5580	293.53
5581	293.57001
5582	293.63
5583	293.66
5584	293.66
5585	293.54999
5586	293.51001
5587	293.51001
5588	293.47
5589	293.45001
5590	293.45001
5591	293.48999
5592	293.45001
5593	293.42999
5594	293.39999
5595	293.45001
5596	293.45001
5597	293.57001
5598	293.60999
5599	293.67999
5600	293.67999
5601	293.72
5602	293.78
5603	293.70001
5604	293.63
5605	293.76001
5606	293.70001
5607	293.66
5608	293.60999
5609	293.60999
5610	293.66
5611	293.76001
5612	293.78
5613	293.72
5614	293.57001
5615	293.60999
5616	293.60999
5617	293.73999
5618	293.78
5619	293.70001
5620	293.78
5621	293.73999
5622	293.76001
5623	293.73999
5624	293.67999
5625	293.73999
5626	293.79999
5627	293.82001
5628	293.82001
5629	293.72
5630	293.82001
5631	293.85999
5632	293.79999
5633	293.84
5634	293.89001
5635	293.82001
5636	293.79999
5637	293.85999
5638	294.01001
5639	294.04999
5640	294.03
5641	294.03
5642	293.92999
5643	293.98999
5644	293.97
5645	293.95001
5646	294.03
5647	294.07001
5648	294.07001
5649	293.92999
5650	293.84
5651	293.89001
5652	293.95001
5653	293.95001
5654	294.04999
5655	294.04999
5656	294.04999
5657	293.95001
5658	293.89001
5659	293.98999
5660	294.09
5661	294.20001
5662	294.23999
5663	294.23999
5664	294.20001
5665	294.14001
5666	294.14001
5667	294.16
5668	294.23999
5669	294.23999
5670	294.20001
5671	294.20001
5672	294.09
5673	293.98999
5674	293.95001
5675	293.79999
5676	293.85999
5677	293.91
5678	293.91
5679	293.89001
5680	293.89001
5681	293.98999
5682	294.03
5683	294.03
5684	294.03
5685	293.85999
5686	293.97
5687	293.97
5688	294.07001
5689	294.12
5690	294.09
5691	294.16
5692	294.23999
5693	294.23999
5694	294.28
5695	294.32001
5696	294.32001
5697	294.26001
5698	294.17999
5699	294.16
5700	294.17999
5701	294.12
5702	294.01001
5703	294.01001
5704	294.09
5705	294.20001
5706	294.32001
5707	294.35001
5708	294.41
5709	294.29999
5710	294.17999
5711	294.01001
5712	294.01001
5713	294.12
5714	294.28
5715	294.35001
5716	294.26001
5717	294.32001
5718	294.16
5719	294.16
5720	294.09
5721	294.01001
5722	293.92999
5723	293.85999
5724	293.95001
5725	293.95001
5726	293.95001
5727	294.20001
5728	294.09
5729	294.09
5730	294.07001
5731	294.16
5732	294.17999
5733	294.17999
5734	294.04999
5735	293.98999
5736	294.07001
5737	294.07001
5738	294.09
5739	294.14001
5740	294.07001
5741	294.01001
5742	294.17999
5743	294.22
5744	294.20001
5745	294.20001
5746	294.14001
5747	294.16
5748	294.22
5749	294.35001
5750	294.22
5751	294.22
5752	294.12
5753	294.09
5754	294.09
5755	294.07001
5756	294.17999
5757	294.42999
5758	294.42999
5759	294.26001
5760	294.20001
5761	294.16
5762	294.20001
5763	294.37
5764	294.42999
5765	294.42999
5766	294.41
5767	294.37
5768	294.35001
5769	294.29999
5770	294.28
5771	294.22
5772	294.16
5773	294.16
5774	294.16
5775	294.09
5776	294.09
5777	294.14001
5778	294.16
5779	294.17999
5780	294.28
5781	294.41
5782	294.48999
5783	294.45001
5784	294.39001
5785	294.35001
5786	294.29999
5787	294.32001
5788	294.17999
5789	294.09
5790	294.09
5791	294.09
5792	294.17999
5793	294.22
5794	294.17999
5795	294.16
5796	294.14001
5797	294.14001
5798	294.16
5799	294.35001
5800	294.45001
5801	294.70001
5802	294.82999
5803	294.87
5804	294.97
5805	295.07999
5806	295.16
5807	295.22
5808	295.32999
5809	295.35001
5810	295.39001
5811	295.41
5812	295.66
5813	295.70001
5814	295.85001
5815	296
5816	296.01999
5817	296.04001
5818	296.07999
5819	296.16
5820	296.19
5821	296.10001
5822	296.10001
5823	296.32999
5824	296.32999
5825	296.35001
5826	296.35001
5827	296.31
5828	296.25
5829	296.25
5830	296.25
5831	296.23001
5832	296.26999
5833	296.25
5834	296.32999
5835	296.31
5836	296.31
5837	296.42001
5838	296.42001
5839	296.42001
5840	296.42001
5841	296.45999
5842	296.5
5843	296.54001
5844	296.60001
5845	296.54001
5846	296.56
5847	296.5
5848	296.48001
5849	296.5
5850	296.45999
5851	296.42001
5852	296.37
5853	296.39001
5854	296.48001
5855	296.5
5856	296.45999
5857	296.44
5858	296.45999
5859	296.45999
5860	296.48001
5861	296.48001
5862	296.54001
5863	296.51999
5864	296.45999
5865	296.44
5866	296.45999
5867	296.51999
5868	296.51999
5869	296.39001
5870	296.44
5871	296.44
5872	296.5
5873	296.57999
5874	296.62
5875	296.62
5876	296.51999
5877	296.42001
5878	296.39001
5879	296.35001
5880	296.39001
5881	296.35001
5882	296.35001
5883	296.29001
5884	296.42001
5885	296.5
5886	296.67001
5887	296.69
5888	296.67001
5889	296.69
5890	296.62
5891	296.57999
5892	296.57999
5893	296.57999
5894	296.60001
5895	296.62
5896	296.57999
5897	296.60001
5898	296.54001
5899	296.54001
5900	296.54001
5901	296.5
5902	296.51999
5903	296.56
5904	296.60001
5905	296.56
5906	296.56
5907	296.56
5908	296.64999
5909	296.51999
5910	296.54001
5911	296.56
5912	296.57999
5913	296.57999
5914	296.57999
5915	296.56
5916	296.57999
5917	296.60001
5918	296.67001
5919	296.56
5920	296.54001
5921	296.57999
5922	296.64999
5923	296.57999
5924	296.60001
5925	296.56
5926	296.57999
5927	296.51999
5928	296.54001
5929	296.56
5930	296.57999
5931	296.56
5932	296.56
5933	296.60001
5934	296.60001
5935	296.64999
5936	296.64999
5937	296.60001
5938	296.51999
5939	296.51999
5940	296.56
5941	296.42001
5942	296.42001
5943	296.5
5944	296.57999
5945	296.57999
5946	296.54001
5947	296.57999
5948	296.5
5949	296.45999
5950	296.60001
5951	296.64999
5952	296.60001
5953	296.64999
5954	296.67001
5955	296.70999
5956	296.67001
5957	296.75
5958	296.76999
5959	296.85999
5960	296.85999
5961	296.79001
5962	296.76999
5963	296.81
5964	296.76999
5965	296.76999
5966	296.64999
5967	296.64999
5968	296.67001
5969	296.69
5970	296.73001
5971	296.73001
5972	296.70999
5973	296.70999
5974	296.69
5975	296.64999
5976	296.56
5977	296.60001
5978	296.60001
5979	296.12
5980	295.91
5981	295.73001
5982	295.47
5983	295.47
5984	295.41
5985	295.42999
5986	295.39001
5987	295.35001
5988	295.35001
5989	295.22
5990	294.85001
5991	294.45001
5992	294.16
5993	293.39999
5994	293.22
5995	292.67001
5996	292.09
5997	291.84
5998	291.51999
5999	291.42001
6000	291.25
6001	291.26999
6002	291.26999
6003	291.26999
6004	291.07999
6005	291
6006	290.92001
6007	290.95999
6008	291.06
6009	291.20999
6010	291.20999
6011	291.48001
6012	291.69
6013	291.75
6014	292.01999
6015	292.17001
6016	292.17001
6017	292.17001
6018	292.04999
6019	292.09
6020	292.10999
6021	292.19
6022	292.28
6023	292.25
6024	292.29999
6025	292.57001
6026	292.60999
6027	292.67001
6028	292.67001
6029	292.70999
6030	292.73999
6031	292.78
6032	292.73999
6033	292.76001
6034	292.73999
6035	292.88
6036	292.85999
6037	292.89999
6038	292.88
6039	293.07001
6040	293.04999
6041	292.94
6042	292.94
6043	292.97
6044	293.03
6045	293.09
6046	293.09
6047	293.07001
6048	292.98999
6049	292.98999
6050	293.17001
6051	293.22
6052	293.29999
6053	293.23999
6054	293.26001
6055	293.22
6056	293.28
6057	293.32001
6058	293.38
6059	293.39999
6060	293.51001
6061	293.48999
6062	293.54999
6063	293.57001
6064	293.59
6065	293.54999
6066	293.57001
6067	293.53
6068	293.54999
6069	293.54999
6070	293.51001
6071	293.66
6072	293.67999
6073	293.73999
6074	293.73999
6075	293.67999
6076	293.72
6077	293.66
6078	293.73999
6079	293.70001
6080	293.73999
6081	293.73999
6082	293.76001
6083	293.79999
6084	293.76001
6085	293.76001
6086	293.76001
6087	293.73999
6088	293.73999
6089	293.89001
6090	293.95001
6091	293.95001
6092	293.85999
6093	293.79999
6094	293.78
6095	293.76001
6096	293.89001
6097	293.98999
6098	294.22
6099	294.14001
6100	294.14001
6101	293.92999
6102	293.92999
6103	293.84
6104	293.85999
6105	293.76001
6106	293.85999
6107	293.84
6108	293.79999
6109	293.91
6110	294.01001
6111	294.16
6112	294.03
6113	294.03
6114	293.97
6115	293.92999
6116	293.85999
6117	293.82001
6118	293.79999
6119	293.79999
6120	293.79999
6121	293.76001
6122	293.84
6123	293.82001
6124	293.85999
6125	293.92999
6126	293.91
6127	293.89001
6128	293.89001
6129	293.98999
6130	294.07001
6131	294.23999
6132	294.23999
6133	294.23999
6134	294.14001
6135	294.16
6136	294.17999
6137	294.35001
6138	294.32001
6139	294.29999
6140	294.14001
6141	294.22
6142	294.17999
6143	294.14001
6144	294.09
6145	294.09
6146	294.03
6147	294.01001
6148	294.04999
6149	294.12
6150	294.16
6151	294.14001
6152	294.14001
6153	294.09
6154	294.03
6155	293.97
6156	293.91
6157	293.92999
6158	293.98999
6159	293.98999
6160	294.14001
6161	294.14001
6162	294.04999
6163	294.03
6164	293.95001
6165	293.85999
6166	293.82001
6167	293.73999
6168	293.72
6169	293.85999
6170	293.98999
6171	293.97
6172	293.95001
6173	294.01001
6174	294.26001
6175	294.47
6176	294.66
6177	294.60001
6178	294.41
6179	294.23999
6180	294.20001
6181	294.17999
6182	294.45001
6183	294.54999
6184	294.54999
6185	294.35001
6186	294.20001
6187	294.23999
6188	294.26001
6189	294.23999
6190	294.22
6191	294.22
6192	294.14001
6193	294.14001
6194	294.14001
6195	294.16
6196	294.22
6197	294.16
6198	294.04999
6199	294.07001
6200	294.12
6201	294.04999
6202	294.04999
6203	294.03
6204	293.98999
6205	294.04999
6206	294.14001
6207	294.12
6208	294.14001
6209	294.20001
6210	294.23999
6211	294.32001
6212	294.26001
6213	294.28
6214	294.26001
6215	294.23999
6216	294.23999
6217	294.17999
6218	294.17999
6219	294.14001
6220	294.23999
6221	294.35001
6222	294.16
6223	294.16
6224	294.04999
6225	294.14001
6226	294.16
6227	294.22
6228	294.22
6229	294.03
6230	294.03
6231	294.17999
6232	294.23999
6233	294.26001
6234	294.28
6235	294.28
6236	294.17999
6237	294.17999
6238	294.16
6239	294.14001
6240	294.26001
6241	294.14001
6242	294.14001
6243	293.95001
6244	293.97
6245	294.48999
6246	294.48999
6247	294.51001
6248	294.57999
6249	294.60001
6250	294.48999
6251	294.41
6252	294.42999
6253	294.41
6254	294.42999
6255	294.42999
6256	294.37
6257	294.28
6258	294.35001
6259	294.35001
6260	294.37
6261	294.26001
6262	294.26001
6263	294.45001
6264	294.54999
6265	294.57999
6266	294.64001
6267	294.57999
6268	294.51001
6269	294.42999
6270	294.39001
6271	294.42999
6272	294.39001
6273	294.48999
6274	294.60001
6275	294.62
6276	294.73999
6277	295.07999
6278	295.04001
6279	295.16
6280	295.32999
6281	295.45001
6282	295.56
6283	295.56
6284	295.67999
6285	295.87
6286	295.91
6287	296.04001
6288	296.01999
6289	296.14001
6290	296.23001
6291	296.23001
6292	296.25
6293	296.31
6294	296.31
6295	296.29001
6296	296.35001
6297	296.32999
6298	296.39001
6299	296.44
6300	296.5
6301	296.5
6302	296.60001
6303	296.62
6304	296.67001
6305	296.75
6306	296.69
6307	296.76999
6308	296.70999
6309	296.62
6310	296.60001
6311	296.67001
6312	296.70999
6313	296.73001
6314	296.82999
6315	296.82999
6316	296.89999
6317	296.76999
6318	296.76999
6319	296.75
6320	296.73001
6321	296.69
6322	296.73001
6323	296.76999
6324	296.70999
6325	296.54001
6326	296.54001
6327	296.56
6328	296.64999
6329	296.69
6330	296.57999
6331	296.60001
6332	296.54001
6333	296.54001
6334	296.64999
6335	296.5
6336	296.5
6337	296.44
6338	296.48001
6339	296.48001
6340	296.48001
6341	296.62
6342	296.62
6343	296.54001
6344	296.54001
6345	296.54001
6346	296.62
6347	296.69
6348	296.69
6349	296.64999
6350	296.57999
6351	296.51999
6352	296.56
6353	296.56
6354	296.5
6355	296.5
6356	296.51999
6357	296.57999
6358	296.51999
6359	296.54001
6360	296.57999
6361	296.60001
6362	296.56
6363	296.57999
6364	296.5
6365	296.5
6366	296.5
6367	296.5
6368	296.42001
6369	296.48001
6370	296.44
6371	296.5
6372	296.5
6373	296.56
6374	296.57999
6375	296.56
6376	296.67001
6377	296.79001
6378	296.76999
6379	296.73001
6380	296.73001
6381	296.64999
6382	296.60001
6383	296.75
6384	296.67001
6385	296.67001
6386	296.64999
6387	296.67001
6388	296.70999
6389	296.81
6390	296.79001
6391	296.73001
6392	296.70999
6393	296.76999
6394	296.76999
6395	296.73001
6396	296.73001
6397	296.73001
6398	296.76999
6399	296.85999
6400	296.79001
6401	296.79001
6402	296.75
6403	296.85999
6404	296.85999
6405	296.76999
6406	296.75
6407	296.73001
6408	296.79001
6409	296.76999
6410	296.75
6411	296.75
6412	296.81
6413	296.81
6414	296.81
6415	296.76999
6416	296.69
6417	296.75
6418	296.79001
6419	296.89999
6420	296.85999
6421	296.89999
6422	296.76999
6423	296.67001
6424	296.79001
6425	296.79001
6426	296.75
6427	296.82999
6428	296.85999
6429	296.89999
6430	296.89999
6431	296.89999
6432	296.88
6433	296.89999
6434	296.89999
6435	296.81
6436	296.81
6437	296.76999
6438	296.75
6439	296.70999
6440	296.79001
6441	296.82999
6442	296.79001
6443	296.79001
6444	296.75
6445	296.67001
6446	296.62
6447	296.67001
6448	296.75
6449	296.64999
6450	296.67001
6451	296.67001
6452	296.39001
6453	296.32999
6454	296.01999
6455	295.92999
6456	295.81
6457	295.73001
6458	295.42999
6459	295.5
6460	295.62
6461	295.54001
6462	295.54001
6463	295.35001
6464	295.16
6465	294.72
6466	294.26001
6467	293.47
6468	292.78
6469	292.48001
6470	292.09
6471	291.94
6472	291.63
6473	291.38
6474	291.29001
6475	291.29001
6476	291.12
6477	291.06
6478	291.04001
6479	291.06
6480	291.26999
6481	291.39999
6482	291.39999
6483	291.42001
6484	291.51999
6485	291.73001
6486	291.85999
6487	291.89999
6488	292
6489	292.10999
6490	292.23001
6491	292.35999
6492	292.32001
6493	292.19
6494	292.32001
6495	292.42001
6496	292.53
6497	292.84
6498	292.76001
6499	292.73999
6500	292.84
6501	292.88
6502	292.89999
6503	292.92001
6504	293.04999
6505	293.22
6506	293.28
6507	293.28
6508	293.29999
6509	293.34
6510	293.34
6511	293.47
6512	293.42999
6513	293.48999
6514	293.48999
6515	293.53
6516	293.67999
6517	293.70001
6518	293.78
6519	293.70001
6520	293.70001
6521	293.72
6522	293.72
6523	293.78
6524	293.78
6525	293.79999
6526	293.82001
6527	293.79999
6528	293.78
6529	293.76001
6530	293.85999
6531	293.91
6532	294.01001
6533	293.95001
6534	293.89001
6535	293.73999
6536	293.67999
6537	293.78
6538	293.79999
6539	293.78
6540	293.85999
6541	293.85999
6542	293.84
6543	293.92999
6544	293.97
6545	294.03
6546	294.03
6547	293.97
6548	293.98999
6549	293.98999
6550	293.91
6551	293.97
6552	294.04999
6553	294.04999
6554	294.20001
6555	294.32001
6556	294.37
6557	294.23999
6558	294.14001
6559	294.16
6560	294.09
6561	294.22
6562	294.23999
6563	294.23999
6564	294.23999
6565	294.12
6566	294.17999
6567	294.16
6568	294.14001
6569	294.20001
6570	294.09
6571	294.20001
6572	294.32001
6573	294.20001
6574	294.20001
6575	294.09
6576	294.07001
6577	294.16
6578	294.16
6579	294.17999
6580	294.22
6581	294.26001
6582	294.09
6583	293.95001
6584	293.98999
6585	293.98999
6586	293.98999
6587	294.04999
6588	294.03
6589	294.04999
6590	293.92999
6591	293.92999
6592	293.92999
6593	293.89001
6594	293.95001
6595	294.01001
6596	294.17999
6597	294.22
6598	294.14001
6599	294.17999
6600	294.17999
6601	294.12
6602	294.14001
6603	294.20001
6604	294.26001
6605	294.35001
6606	294.28
6607	294.29999
6608	294.35001
6609	294.32001
6610	294.29999
6611	294.23999
6612	294.14001
6613	294.17999
6614	294.17999
6615	294.23999
6616	294.16
6617	294.16
6618	294.09
6619	294.01001
6620	294.04999
6621	294.22
6622	294.53
6623	294.54999
6624	294.54999
6625	294.42999
6626	294.39001
6627	294.41
6628	294.60001
6629	294.67999
6630	294.54999
6631	294.66
6632	294.45001
6633	294.45001
6634	294.42999
6635	294.35001
6636	294.26001
6637	294.28
6638	294.22
6639	294.28
6640	294.22
6641	294.16
6642	294.09
6643	294.09
6644	294.04999
6645	294.12
6646	294.23999
6647	294.26001
6648	294.32001
6649	294.32001
6650	294.53
6651	294.54999
6652	294.57999
6653	294.53
6654	294.51001
6655	294.47
6656	294.47
6657	294.37
6658	294.37
6659	294.39001
6660	294.35001
6661	294.32001
6662	294.45001
6663	294.45001
6664	294.48999
6665	294.29999
6666	294.20001
6667	294.12
6668	294.09
6669	294.09
6670	294.12
6671	294.09
6672	294.16
6673	294.12
6674	294.09
6675	294.17999
6676	294.22
6677	294.23999
6678	294.23999
6679	294.23999
6680	294.32001
6681	294.37
6682	294.42999
6683	294.37
6684	294.41
6685	294.22
6686	294.32001
6687	294.41
6688	294.41
6689	294.53
6690	294.60001
6691	294.53
6692	294.41
6693	294.42999
6694	294.35001
6695	294.35001
6696	294.47
6697	294.41
6698	294.39001
6699	294.37
6700	294.35001
6701	294.39001