1	80.26
2	80.45
3	80.11
4	79.74
5	80.09
6	80.3
7	80.49
8	80.3
9	79.88
10	80.05
11	80.11
12	80.32
13	80.16
14	79.57
15	79.71
16	80.16
17	80.41
18	80.49
19	80.45
20	80.58
21	79.78
22	79.97
23	80.11
24	80.11
25	80.51
26	80.68
27	80.62
28	80.58
29	80.33
30	79.97
31	80.28
32	80.37
33	80.6
34	80.43
35	80.6
36	80.74
37	80.62
38	80.6
39	80.33
40	80.07
41	80.2
42	80.09
43	80.11
44	80.35
45	80.28
46	80.33
47	80.18
48	80.43
49	80.53
50	80.41
51	80.35
52	80.47
53	80.62
54	80.68
55	80.75
56	80.56
57	80.33
58	80.05
59	80.09
60	80.28
61	80.14
62	80.26
63	80.41
64	80.56
65	80.6
66	80.53
67	80.03
68	79.97
69	80.22
70	80.32
71	80.47
72	80.75
73	80.2
74	79.86
75	80.14
76	80.07
77	80.33
78	80.43
79	80.51
80	80.56
81	80.77
82	80.54
83	80.05
84	79.92
85	80.01
86	80.54
87	80.39
88	79.82
89	79.8
90	80.37
91	80.45
92	80.68
93	80.33
94	79.9
95	80.33
96	80.09
97	80.32
98	80.39
99	79.59
100	79.9
101	80.24
102	80.18
103	80.2
104	80.09
105	79.78
106	79.97
107	80.11
108	80.35
109	79.93
110	79.63
111	80.24
112	80.18
113	79.86
114	79.69
115	79.84
116	80.05
117	80.05
118	80.26
119	79.95
120	79.84
121	80.2
122	80.35
123	80.2
124	79.59
125	79.93
126	80.24
127	79.93
128	79.65
129	80.05
130	80.18
131	79.86
132	80.22
133	79.46
134	79.71
135	80.2
136	80.37
137	80.13
138	80.07
139	80.6
140	80.43
141	80.74
142	79.97
143	80.18
144	80.2
145	80.35
146	79.53
147	80.11
148	80.2
149	80.37
150	79.67
151	79.76
152	80.22
153	80.32
154	80.49
155	79.8
156	79.74
157	80.24
158	80.22
159	80.41
160	80.49
161	80.01
162	79.88
163	80.79
164	80.79
165	81.21
166	81.04
167	80.77
168	81.16
169	81.69
170	81.9
171	82.03
172	82.13
173	81.5
174	81.99
175	82.11
176	82.22
177	82.43
178	82.89
179	82.83
180	82.38
181	82.62
182	82.57
183	82.83
184	83.12
185	82.97
186	82.6
187	82.76
188	83.02
189	83.18
190	83.33
191	83.18
192	82.72
193	83.04
194	82.89
195	83.08
196	83.25
197	83.63
198	82.85
199	82.76
200	82.72
201	82.74
202	82.81
203	83.08
204	83.01
205	83.12
206	83.27
207	83.39
208	83.42
209	83.54
210	83.06
211	82.85
212	82.81
213	83.01
214	83.42
215	82.8
216	82.76
217	82.95
218	83.12
219	83.02
220	82.85
221	83.29
222	83.23
223	83.22
224	83.46
225	83.14
226	83.35
227	83.22
228	83.5
229	83.69
230	83.65
231	83.56
232	83.41
233	83.1
234	83.33
235	83.37
236	83.5
237	83.41
238	83.22
239	83.52
240	83.83
241	83.44
242	83.31
243	83.12
244	83.31
245	83.42
246	83.39
247	82.81
248	82.7
249	83.29
250	83.16
251	83.35
252	82.83
253	82.57
254	83.08
255	83.27
256	83.52
257	83.42
258	82.83
259	82.99
260	83.2
261	83.63
262	83.14
263	82.95
264	83.31
265	83.22
266	83.31
267	82.78
268	82.81
269	83.14
270	83.12
271	83.37
272	83.1
273	82.78
274	82.91
275	82.83
276	83.08
277	83.31
278	83.35
279	83.16
280	83.2
281	83.41
282	83.56
283	83.56
284	82.6
285	82.99
286	83.14
287	83.16
288	83.39
289	82.76
290	83.1
291	83.16
292	83.2
293	82.89
294	82.76
295	83.2
296	83.06
297	83.25
298	82.97
299	83.29
300	83.22
301	83.44
302	83.02
303	83.5
304	84
305	83.12
306	83.46
307	83.48
308	82.89
309	83.23
310	83.63
311	83.22
312	83.25
313	83.48
314	82.81
315	83.39
316	83.35
317	83.1
318	83.46
319	83.29
320	83.37
321	84.02
322	83.22
323	83.56
324	83.69
325	83.65
326	83.29
327	83.73
328	83.31
329	83.06
330	83.33
331	82.39
332	82.6
333	82.83
334	82.64
335	82.07
336	82.74
337	82.89
338	82.03
339	82.45
340	83.14
341	82.24
342	82.43
343	82.24
344	81.73
345	81.44
346	80.64
347	80.58
348	79.17
349	78.07
350	77.82
351	77
352	76.2
353	75.05
354	75.2
355	75.01
356	74.75
357	74.1
358	73.98
359	74
360	74.38
361	73.56
362	73.33
363	74.14
364	74.54
365	74.56
366	74.35
367	74.56
368	74.77
369	75.2
370	75.51
371	75.47
372	75.43
373	75.41
374	76.23
375	76.71
376	76.81
377	76.75
378	76.18
379	76.75
380	77.26
381	77.61
382	78.29
383	77.78
384	77.78
385	77.57
386	77.89
387	77.95
388	78.08
389	78.31
390	78.37
391	77.78
392	77.97
393	77.99
394	77.97
395	78.79
396	78.75
397	78.89
398	78.43
399	78.47
400	78.33
401	78.79
402	78.58
403	78.5
404	78.43
405	78.33
406	78.12
407	78.77
408	78.71
409	78.79
410	79.93
411	79.29
412	79.63
413	78.75
414	78.98
415	79.15
416	79.5
417	79.76
418	79
419	79.34
420	80.05
421	80.11
422	79.59
423	79.65
424	78.64
425	78.66
426	78.79
427	79.27
428	79.34
429	78.89
430	79.08
431	79.36
432	79.25
433	79.86
434	79.48
435	78.89
436	79.36
437	79.84
438	78.87
439	79.11
440	79.23
441	80.01
442	79.23
443	79.44
444	79.8
445	80.09
446	79.1
447	79.1
448	79.69
449	79.99
450	79.72
451	79.19
452	79.51
453	79.51
454	79.74
455	78.83
456	79.44
457	79.78
458	79.69
459	79.13
460	79.63
461	79.93
462	79.51
463	79.44
464	79.74
465	79.53
466	78.9
467	79.19
468	79.46
469	79.44
470	79.86
471	78.87
472	79.61
473	79.61
474	79.27
475	79
476	79.5
477	79.38
478	78.71
479	79.44
480	79.65
481	79.46
482	78.96
483	79.76
484	79.76
485	79.32
486	79.17
487	80.07
488	79.65
489	79.36
490	79.72
491	79.63
492	79.92
493	79.04
494	79.92
495	79.95
496	80.01
497	79
498	79.72
499	79.51
500	79.86
501	79.72
502	79.3
503	79.44
504	79.88
505	79.11
506	79.27
507	79.61
508	79.59
509	80.32
510	79.11
511	79.32
512	79.21
513	79.55
514	79.27
515	78.94
516	79.38
517	79.11
518	79.46
519	79.72
520	79.19
521	79.5
522	79.74
523	79.65
524	79.86
525	79.13
526	78.9
527	79.15
528	79.11
529	78.94
530	79.25
531	79.08
532	78.5
533	78.68
534	79.44
535	79.57
536	78.9
537	78.92
538	79.34
539	79.78
540	78.94
541	78.75
542	79.15
543	79.65
544	79.61
545	78.89
546	78.92
547	79.55
548	79.53
549	78.77
550	78.81
551	78.87
552	79.1
553	78.2
554	78.89
555	79.3
556	79.27
557	79.53
558	79.11
559	79.72
560	79.11
561	79.3
562	79.63
563	79.5
564	79.02
565	79.3
566	79.61
567	80.75
568	79.25
569	79.65
570	79.72
571	79.61
572	78.9
573	79.61
574	79.59
575	79.4
576	79.59
577	79.72
578	79.74
579	80.05
580	79.08
581	79.67
582	79.61
583	79.88
584	79.08
585	79.34
586	79.95
587	79.53
588	79.78
589	79.15
590	79.59
591	79.4
592	79.48
593	79.67
594	78.54
595	78.92
596	79.11
597	79.21
598	78.41
599	78.54
600	78.98
601	79.13
602	79.15
603	79.63
604	79.4
605	78.96
606	79.13
607	79.48
608	79.72
609	80.26
610	79.4
611	79.15
612	79.38
613	79.5
614	79.5
615	79.74
616	79.44
617	78.83
618	78.75
619	78.89
620	79.53
621	79.34
622	79.48
623	79.21
624	78.9
625	78.77
626	79.02
627	79.42
628	79.38
629	79.72
630	79.8
631	79.11
632	79.17
633	79.53
634	79.5
635	79.55
636	80.05
637	80.39
638	80.39
639	80.28
640	80.3
641	80.51
642	80.91
643	81.21
644	81.4
645	81.82
646	81.77
647	82.19
648	81.73
649	81.65
650	81.96
651	81.77
652	81.99
653	82.32
654	81.67
655	81.98
656	82.09
657	81.88
658	82.22
659	82.26
660	82.74
661	82.95
662	82.51
663	82.59
664	82.49
665	81.98
666	81.67
667	81.92
668	82.19
669	82.38
670	82.51
671	82.34
672	81.96
673	81.69
674	82.15
675	82.26
676	82.17
677	82.55
678	82.3
679	82.3
680	82.64
681	82.72
682	83.01
683	82.76
684	82.8
685	82.81
686	83.27
687	82.89
688	83.02
689	82.85
690	83.12
691	82.66
692	82.99
693	82.99
694	82.68
695	82.32
696	82.09
697	82.34
698	81.88
699	82.3
700	82.13
701	82.53
702	82.47
703	82.32
704	82.72
705	82.57
706	82.7
707	82.62
708	82.55
709	83.08
710	82.99
711	83.06
712	83.23
713	83.23
714	82.85
715	82.68
716	82.68
717	82.32
718	83.06
719	82.57
720	82.91
721	82.81
722	82.85
723	82.53
724	83.02
725	82.93
726	82.7
727	83.37
728	83.18
729	82.91
730	83.14
731	82.93
732	83.25
733	82.91
734	82.81
735	82.76
736	82.64
737	82.38
738	82.34
739	82.57
740	82.34
741	82.95
742	82.95
743	82.81
744	82.74
745	82.87
746	82.83
747	83.22
748	83.23
749	82.93
750	83.31
751	82.51
752	82.47
753	82.43
754	82.53
755	82.74
756	83.1
757	82.95
758	82.78
759	82.99
760	83.01
761	83.04
762	83.35
763	83.04
764	83.31
765	83.04
766	82.6
767	83.52
768	82.43
769	82.68
770	82.6
771	82.8
772	82.8
773	82.62
774	82.74
775	82.74
776	82.89
777	83.06
778	83.22
779	83.48
780	83.01
781	83.31
782	82.93
783	83.12
784	83.33
785	83.18
786	82.74
787	82.87
788	82.45
789	82.28
790	82.53
791	83.04
792	82.89
793	82.6
794	83.14
795	82.7
796	82.7
797	82.8
798	83.02
799	82.87
800	83.33
801	82.93
802	82.3
803	82.55
804	82.47
805	82.09
806	82.24
807	82.59
808	82.51
809	82.87
810	82.51
811	82.32
812	82.3
813	81.84
814	81.92
815	81.86
816	81.82
817	81.65
818	81.44
819	81.04
820	80.7
821	79.93
822	79.3
823	78.2
824	77.4
825	76.39
826	75.93
827	75.11
828	74.71
829	74.52
830	74.15
831	73.51
832	73.2
833	73.26
834	73.49
835	73.32
836	73.68
837	74
838	74.63
839	74.69
840	75.09
841	75.2
842	75.57
843	74.98
844	75.09
845	75.7
846	75.89
847	76.16
848	76.65
849	76.31
850	76.42
851	76.25
852	76.39
853	76.08
854	76.04
855	76.44
856	76.6
857	76.92
858	76.88
859	77.02
860	77.36
861	77.05
862	77.32
863	77.38
864	77.7
865	77.91
866	77.36
867	77.55
868	78.03
869	78.27
870	78.26
871	77.63
872	78.24
873	78.39
874	78.69
875	78.07
876	78.62
877	78.56
878	78.85
879	78.2
880	79.04
881	78.77
882	78.24
883	78.47
884	78.87
885	78.43
886	78.69
887	79.36
888	78.85
889	79.4
890	78.62
891	79.15
892	79.63
893	78.52
894	79.27
895	79.38
896	78.75
897	78.98
898	78.77
899	79.08
900	79.34
901	78.83
902	79.11
903	78.45
904	78.9
905	79.25
906	79
907	78.45
908	79.29
909	78.39
910	78.81
911	79.25
912	78.6
913	78.9
914	79.08
915	78.22
916	78.58
917	79.19
918	78.48
919	78.79
920	79.13
921	78.56
922	79
923	78.75
924	78.85
925	78.98
926	79.21
927	78.83
928	79.44
929	79.78
930	79.38
931	79.36
932	79.57
933	79.21
934	78.79
935	79.63
936	79.82
937	78.81
938	79.44
939	79.48
940	78.98
941	79.42
942	79.46
943	79.23
944	78.69
945	79.32
946	79.32
947	79.36
948	78.83
949	79.17
950	79.06
951	79.1
952	79.02
953	78.6
954	78.35
955	78.52
956	79
957	78.9
958	79.04
959	78.45
960	78.6
961	78.96
962	79.1
963	79.29
964	79.11
965	78.85
966	78.81
967	78.62
968	79.29
969	79.25
970	79.53
971	79.67
972	78.87
973	78.81
974	78.64
975	78.87
976	78.75
977	79.25
978	78.96
979	79.36
980	79.15
981	79.32
982	78.48
983	78.68
984	78.83
985	78.81
986	79.11
987	78.66
988	78.71
989	78.18
990	78.37
991	78.92
992	78.71
993	78.98
994	79.3
995	78.68
996	79.06
997	78.96
998	79.23
999	79.15
1000	78.73
1001	79.59
1002	79.17
1003	79.17
1004	79.48
1005	78.58
1006	79.02
1007	79.08
1008	79.23
1009	78.48
1010	78.73
1011	78.73
1012	79.13
1013	79.17
1014	78.31
1015	78.73
1016	79.08
1017	79.17
1018	79
1019	79.23
1020	78.98
1021	79
1022	78.56
1023	78.92
1024	78.98
1025	78.92
1026	78.77
1027	78.33
1028	78.81
1029	79.21
1030	78.45
1031	78.5
1032	79.19
1033	79.02
1034	78.81
1035	78.52
1036	78.94
1037	79.19
1038	78.83
1039	78.33
1040	79.04
1041	78.96
1042	78.41
1043	78.83
1044	79.3
1045	79.08
1046	78.77
1047	78.6
1048	78.9
1049	79.15
1050	79.53
1051	78.62
1052	78.6
1053	78.69
1054	78.96
1055	79.06
1056	79
1057	78.83
1058	79.32
1059	78.69
1060	79
1061	79.53
1062	79.69
1063	79.3
1064	78.69
1065	79.11
1066	79.32
1067	79.27
1068	78.73
1069	78.96
1070	79.1
1071	79.11
1072	78.87
1073	79
1074	78.94
1075	78.27
1076	78.5
1077	78.83
1078	78.71
1079	79.08
1080	79.25
1081	78.87
1082	78.6
1083	79.19
1084	79.48
1085	78.9
1086	79.23
1087	79.42
1088	79.15
1089	79.08
1090	78.83
1091	78.27
1092	78.92
1093	79.06
1094	79.08
1095	78.9
1096	79.29
1097	78.83
1098	78.73
1099	79
1100	79.27
1101	79.1
1102	78.94
1103	78.71
1104	78.71
1105	78.66
1106	78.92
1107	79.1
1108	79.19
1109	79.38
1110	79.32
1111	79.57
1112	79.86
1113	80.24
1114	80.58
1115	80.62
1116	80.85
1117	80.64
1118	80.41
1119	80.62
1120	81.14
1121	80.98
1122	81.38
1123	81.69
1124	81.71
1125	80.91
1126	81.38
1127	81.75
1128	81.59
1129	82.07
1130	81.77
1131	81.1
1132	81.88
1133	81.9
1134	82.17
1135	82.11
1136	82.15
1137	82.34
1138	82.43
1139	81.8
1140	82.26
1141	82.17
1142	82.34
1143	81.59
1144	81.9
1145	82.05
1146	82.01
1147	81.88
1148	81.88
1149	81.9
1150	82.3
1151	81.61
1152	81.57
1153	82.17
1154	81.48
1155	82.01
1156	81.96
1157	82.17
1158	81.94
1159	82.2
1160	82.36
1161	81.71
1162	82.28
1163	82.51
1164	82.3
1165	82.36
1166	82.83
1167	82.28
1168	82.22
1169	82.22
1170	82.45
1171	81.82
1172	82.22
1173	82.43
1174	81.84
1175	81.75
1176	81.99
1177	82.32
1178	81.57
1179	81.65
1180	82.45
1181	82.09
1182	81.86
1183	82.17
1184	82.03
1185	82.49
1186	82.55
1187	82.03
1188	81.96
1189	82.41
1190	82.72
1191	82.72
1192	81.94
1193	82.47
1194	82.76
1195	82.76
1196	82.34
1197	81.86
1198	81.94
1199	82.43
1200	82.68
1201	82.28
1202	82.13
1203	82.36
1204	82.78
1205	82.8
1206	82.11
1207	81.96
1208	82.45
1209	82.41
1210	82.78
1211	82.17
1212	81.94
1213	82.32
1214	82.78
1215	81.99
1216	81.8
1217	82.91
1218	82.47
1219	81.86
1220	81.82
1221	81.88
1222	82.34
1223	82.34
1224	81.92
1225	81.73
1226	82.3
1227	82.34
1228	82.01
1229	81.82
1230	82.26
1231	82.28
1232	82.47
1233	81.88
1234	82.01
1235	82.51
1236	82.43
1237	81.77
1238	82.34
1239	82.28
1240	82.85
1241	81.8
1242	82.05
1243	82.74
1244	82.7
1245	82.93
1246	82.55
1247	82.72
1248	82.57
1249	82.91
1250	82.78
1251	83.23
1252	83.02
1253	82.34
1254	82.32
1255	82.72
1256	82.95
1257	82.47
1258	82.05
1259	82.7
1260	82.55
1261	82.05
1262	82.47
1263	82.39
1264	82.6
1265	82.05
1266	82.47
1267	82.43
1268	82.8
1269	82.28
1270	81.92
1271	82.36
1272	82.41
1273	82.49
1274	81.75
1275	82.01
1276	82.36
1277	82.38
1278	81.88
1279	81.61
1280	81.8
1281	82.09
1282	82.41
1283	82.76
1284	81.94
1285	81.8
1286	82.03
1287	82.28
1288	82.09
1289	81.98
1290	80.75
1291	80.79
1292	80.24
1293	79.86
1294	79.38
1295	78.83
1296	76.6
1297	76.25
1298	75.57
1299	75.53
1300	74.67
1301	73.83
1302	73.62
1303	73.39
1304	73.37
1305	73.41
1306	73.43
1307	73.12
1308	72.92
1309	73.49
1310	73.6
1311	74.1
1312	73.87
1313	73.79
1314	74.4
1315	74.52
1316	75.07
1317	75.28
1318	74.73
1319	75.2
1320	75.57
1321	75.93
1322	76.01
1323	75.8
1324	76.2
1325	76.42
1326	76.58
1327	76.71
1328	76.92
1329	76.23
1330	76.52
1331	77.19
1332	77.02
1333	77.44
1334	77.57
1335	76.6
1336	76.84
1337	77.61
1338	77.68
1339	77.76
1340	76.86
1341	77.13
1342	77.4
1343	77.42
1344	77.91
1345	77.91
1346	78.41
1347	77.91
1348	77.76
1349	78.43
1350	77.91
1351	77.8
1352	78.08
1353	77.95
1354	77.95
1355	77.32
1356	77.91
1357	78.14
1358	77.7
1359	77.7
1360	78.26
1361	78.31
1362	77.72
1363	78.24
1364	78.24
1365	78.39
1366	77.87
1367	78.14
1368	78.22
1369	78.41
1370	77.65
1371	77.99
1372	78.03
1373	77.72
1374	78.27
1375	78.24
1376	78.12
1377	78.52
1378	78.54
1379	78.07
1380	78.12
1381	78.35
1382	78.83
1383	78.35
1384	78.22
1385	78.52
1386	77.8
1387	78.5
1388	78.66
1389	77.86
1390	78.1
1391	78.12
1392	78.2
1393	77.66
1394	78.12
1395	77.87
1396	78.05
1397	77.59
1398	77.97
1399	78.24
1400	78.1
1401	77.42
1402	77.86
1403	77.95
1404	78.31
1405	77.49
1406	77.3
1407	77.61
1408	78.07
1409	77.86
1410	77.61
1411	77.57
1412	78.24
1413	78.1
1414	78.18
1415	78.31
1416	77.97
1417	77.84
1418	77.55
1419	77.55
1420	77.97
1421	78.05
1422	78.12
1423	78.1
1424	78.18
1425	78.26
1426	78.29
1427	78.29
1428	78.41
1429	78.43
1430	78.41
1431	78.39
1432	78.39
1433	78.47
1434	78.2
1435	78.18
1436	78.24
1437	78.16
1438	78.26
1439	78.39
1440	78.5
1441	78.47
1442	78.33
1443	78.26
1444	78.18
1445	78.22
1446	77.99
1447	77.89
1448	78.08
1449	78.1
1450	78.22
1451	78.14
1452	78.26
1453	78.2
1454	78.43
1455	78.47
1456	78.22
1457	77.49
1458	77.42
1459	77.49
1460	77.45
1461	77.65
1462	77.89
1463	77.89
1464	78.16
1465	78.29
1466	78.45
1467	77.76
1468	77.66
1469	77.63
1470	77.86
1471	78.52
1472	78.58
1473	78.58
1474	78.58
1475	78.77
1476	78.1
1477	77.87
1478	77.76
1479	77.7
1480	78.22
1481	78.2
1482	78.2
1483	77.89
1484	77.61
1485	77.95
1486	78.01
1487	78.16
1488	78.24
1489	78.71
1490	77.53
1491	77.76
1492	77.61
1493	78.22
1494	78.45
1495	78.56
1496	78.54
1497	78.2
1498	78.27
1499	77.82
1500	78.39
1501	78.89
1502	78.43
1503	78.54
1504	78.83
1505	78.47
1506	78.18
1507	78.03
1508	78.03
1509	78.26
1510	78.39
1511	78.6
1512	78.75
1513	78.98
1514	79.04
1515	78.94
1516	78.79
1517	78.39
1518	78.73
1519	77.89
1520	78.01
1521	77.76
1522	78.12
1523	78.31
1524	78.33
1525	78.5
1526	78.54
1527	78.33
1528	78.33
1529	77.82
1530	78.08
1531	77.7
1532	78.31
1533	78.16
1534	78.5
1535	78.07
1536	77.91
1537	77.95
1538	77.87
1539	77.89
1540	77.47
1541	77.91
1542	78.26
1543	78.18
1544	78.33
1545	78.43
1546	78.37
1547	78.27
1548	77.99
1549	77.97
1550	78.07
1551	77.97
1552	77.86
1553	77.7
1554	78.05
1555	78.07
1556	77.84
1557	77.63
1558	77.84
1559	77.82
1560	78.37
1561	78.27
1562	78.27
1563	78.22
1564	78.24
1565	78.5
1566	78.47
1567	78.5
1568	78.01
1569	78.16
1570	78.07
1571	78.29
1572	78.31
1573	78.47
1574	78.69
1575	78.66
1576	78.37
1577	78.52
1578	78.56
1579	79
1580	78.81
1581	78.2
1582	78.75
1583	78.87
1584	79.34
1585	79.19
1586	78.81
1587	79.34
1588	79.93
1589	79.71
1590	79.3
1591	80.22
1592	79.44
1593	79.76
1594	80.24
1595	79.92
1596	80.22
1597	80.85
1598	80.2
1599	80.79
1600	81.14
1601	80.93
1602	80.56
1603	80.89
1604	81
1605	80.75
1606	81.19
1607	80.66
1608	81
1609	81.4
1610	80.66
1611	81.02
1612	81.42
1613	80.79
1614	81.17
1615	81.5
1616	80.75
1617	81.31
1618	81.75
1619	81.21
1620	81.67
1621	81.67
1622	81.33
1623	81.8
1624	81.69
1625	81.5
1626	81.71
1627	81.98
1628	81.27
1629	81.77
1630	81.88
1631	81.42
1632	81.29
1633	81.59
1634	82.19
1635	81.33
1636	81.9
1637	82.13
1638	81.16
1639	81.71
1640	82.07
1641	81.78
1642	81.63
1643	82.34
1644	81.04
1645	81.27
1646	81.77
1647	81.73
1648	81.27
1649	81.77
1650	81.77
1651	81.67
1652	81.52
1653	81.78
1654	81.9
1655	82.01
1656	81.86
1657	81.31
1658	81.84
1659	81.71
1660	81.82
1661	82.15
1662	81.52
1663	81.25
1664	81.54
1665	81.96
1666	81.8
1667	82.19
1668	81.96
1669	82.09
1670	82.15
1671	81.82
1672	81.54
1673	81.56
1674	81.78
1675	81.82
1676	82.01
1677	81.94
1678	81.9
1679	82.24
1680	82.05
1681	82.34
1682	82.09
1683	82.17
1684	82.24
1685	82.36
1686	81.9
1687	81.96
1688	81.52
1689	81.23
1690	81.46
1691	81.4
1692	81.69
1693	81.57
1694	81.48
1695	81.5
1696	81.46
1697	81.73
1698	81.92
1699	81.99
1700	81.84
1701	81.71
1702	81.4
1703	81.54
1704	81.69
1705	81.77
1706	81.82
1707	81.77
1708	81.77
1709	82.09
1710	82.15
1711	81.96
1712	81.78
1713	81.61
1714	81.78
1715	81.78
1716	81.82
1717	81.84
1718	81.77
1719	81.75
1720	81.86
1721	82.19
1722	81.88
1723	81.63
1724	81.4
1725	81.65
1726	81.86
1727	81.8
1728	81.69
1729	81.73
1730	82.05
1731	81.99
1732	81.67
1733	81.25
1734	81.35
1735	81.5
1736	81.56
1737	81.77
1738	81.71
1739	81.31
1740	81.69
1741	81.78
1742	81.78
1743	82.09
1744	81.67
1745	81.4
1746	81.65
1747	81.73
1748	82.17
1749	82.15
1750	81.9
1751	81.4
1752	81.12
1753	81.19
1754	81.46
1755	81.96
1756	81.86
1757	81.88
1758	81.29
1759	81.63
1760	81.63
1761	81.86
1762	81.29
1763	80.53
1764	80.93
1765	80.45
1766	80.22
1767	79.92
1768	78.92
1769	77.04
1770	75.99
1771	75.11
1772	75.45
1773	74.44
1774	73.74
1775	72.42
1776	72.69
1777	72.17
1778	72.32
1779	72.29
1780	72.25
1781	72.04
1782	72.08
1783	72.27
1784	72.8
1785	73.12
1786	72.57
1787	72.86
1788	73.45
1789	73.89
1790	74.17
1791	74.46
1792	74.06
1793	74.27
1794	74.94
1795	75.53
1796	75.13
1797	75.11
1798	75.47
1799	75.55
1800	76.12
1801	76.1
1802	75.93
1803	75.74
1804	76.37
1805	76.81
1806	76.62
1807	76.54
1808	76.25
1809	76.73
1810	76.9
1811	77.61
1812	77.09
1813	76.96
1814	76.88
1815	77.17
1816	77.7
1817	77.47
1818	76.79
1819	76.96
1820	77.44
1821	77.28
1822	76.6
1823	77.02
1824	77.34
1825	77.45
1826	77.42
1827	77.68
1828	77.68
1829	77.34
1830	77.09
1831	77.05
1832	77.36
1833	77.59
1834	77.76
1835	77.78
1836	76.83
1837	76.75
1838	76.83
1839	76.88
1840	76.96
1841	77.26
1842	77.26
1843	77.21
1844	77.17
1845	77.32
1846	77.32
1847	77.32
1848	77.26
1849	77.38
1850	77.28
1851	77.4
1852	77.38
1853	77.47
1854	77.28
1855	77.61
1856	77.55
1857	77.59
1858	77.65
1859	78.03
1860	77.72
1861	77.74
1862	77.53
1863	77.42
1864	77.78
1865	77.86
1866	77.95
1867	77.89
1868	77.47
1869	77.26
1870	77.3
1871	77.11
1872	77.26
1873	77.53
1874	77.49
1875	77.61
1876	77.7
1877	77.49
1878	77.72
1879	77.89
1880	77.8
1881	77.57
1882	77.32
1883	77.38
1884	77.4
1885	78.01
1886	78.31
1887	77.97
1888	77.66
1889	77.47
1890	77.61
1891	77.7
1892	77.7
1893	77.78
1894	78.18
1895	77.93
1896	78.26
1897	77.4
1898	77.87
1899	78.05
1900	77.97
1901	77.63
1902	77.47
1903	77.76
1904	78.18
1905	77.57
1906	77.51
1907	78.07
1908	78.14
1909	77.61
1910	78.1
1911	78.12
1912	77.36
1913	77.84
1914	78.18
1915	77.51
1916	77.99
1917	78.07
1918	77.36
1919	77.89
1920	77.74
1921	77.36
1922	77.47
1923	77.74
1924	77.23
1925	77.09
1926	77.51
1927	78.07
1928	77.49
1929	77.55
1930	78.2
1931	77.53
1932	77.74
1933	78.16
1934	77.72
1935	77.82
1936	78.14
1937	78.47
1938	77.51
1939	78.03
1940	78.05
1941	78.12
1942	77.8
1943	77.78
1944	78.64
1945	78.24
1946	78.03
1947	78.1
1948	77.84
1949	78.54
1950	77.66
1951	77.32
1952	77.68
1953	77.93
1954	77.87
1955	78.31
1956	77.21
1957	77.76
1958	77.61
1959	77.87
1960	78.03
1961	78.33
1962	78.27
1963	77.76
1964	77.68
1965	77.87
1966	78.16
1967	77.84
1968	77.87
1969	78.03
1970	77.34
1971	77.21
1972	77.21
1973	77.24
1974	77.23
1975	77.8
1976	77.95
1977	77.89
1978	78.08
1979	77.82
1980	77.78
1981	77.74
1982	77.76
1983	77.8
1984	77.89
1985	77.78
1986	77.93
1987	77.86
1988	77.87
1989	77.8
1990	77.59
1991	77.57
1992	77.53
1993	77.45
1994	77.47
1995	77.44
1996	77.45
1997	77.47
1998	77.87
1999	77.8
2000	77.86
2001	77.95
2002	78.1
2003	77.74
2004	77.7
2005	77.7
2006	77.59
2007	77.23
2008	76.79
2009	77.21
2010	77.42
2011	77.42
2012	77.65
2013	78.05
2014	77.76
2015	78.01
2016	78.31
2017	78.24
2018	78.71
2019	78.41
2020	78.2
2021	78.35
2022	78.73
2023	78.43
2024	78.56
2025	78.27
2026	77.59
2027	77.28
2028	77.07
2029	77.36
2030	77.93
2031	77.72
2032	77.95
2033	78.01
2034	78.12
2035	78.24
2036	77.95
2037	77.87
2038	77.47
2039	77.34
2040	77.49
2041	77.76
2042	77.45
2043	77.84
2044	77.91
2045	78.08
2046	77.82
2047	78.24
2048	78.01
2049	77.97
2050	78.08
2051	77.84
2052	77.47
2053	78.24
2054	78.07
2055	78.27
2056	78.94
2057	78.71
2058	78.92
2059	79.19
2060	79.29
2061	79.36
2062	79.71
2063	79.84
2064	80.22
2065	80.26
2066	80.66
2067	79.61
2068	79.99
2069	80.32
2070	81.21
2071	80.79
2072	80.96
2073	80.54
2074	80.68
2075	80.79
2076	81.06
2077	81.04
2078	80.62
2079	80.13
2080	80.39
2081	80.77
2082	80.83
2083	80.96
2084	80.35
2085	80.39
2086	80.79
2087	81.17
2088	81.42
2089	80.72
2090	81.1
2091	81.21
2092	81.35
2093	81.38
2094	81.57
2095	80.74
2096	80.77
2097	80.85
2098	81.02
2099	81.27
2100	81.54
2101	81.44
2102	81.33
2103	81.52
2104	80.91
2105	80.83
2106	80.72
2107	81.16
2108	81.06
2109	81.35
2110	81.44
2111	81.46
2112	81.59
2113	81.02
2114	80.58
2115	80.58
2116	80.91
2117	81.16
2118	81.19
2119	81.35
2120	81.27
2121	81.71
2122	81.48
2123	80.7
2124	80.95
2125	80.93
2126	81.02
2127	81.14
2128	80.74
2129	81
2130	81.57
2131	81.57
2132	81.29
2133	81.02
2134	81.84
2135	81.21
2136	81.61
2137	81.69
2138	80.93
2139	81.31
2140	80.96
2141	81.71
2142	81.86
2143	80.77
2144	81.16
2145	81.35
2146	81.8
2147	81.19
2148	81.42
2149	81.54
2150	81.67
2151	80.83
2152	81.56
2153	81.16
2154	81.71
2155	80.89
2156	81.23
2157	81.27
2158	82.01
2159	81.46
2160	81.46
2161	81.82
2162	81.36
2163	81.59
2164	81.57
2165	81.71
2166	81.14
2167	81.5
2168	81.59
2169	81.4
2170	80.95
2171	81.17
2172	81.52
2173	80.83
2174	81.52
2175	81.61
2176	81.75
2177	81.56
2178	81.86
2179	81.61
2180	81.84
2181	81.38
2182	81.65
2183	81.44
2184	81.8
2185	81.69
2186	82.07
2187	81.75
2188	82.24
2189	81.59
2190	81.38
2191	82.15
2192	82.3
2193	81.75
2194	81.9
2195	81.99
2196	81.73
2197	81.1
2198	81.99
2199	82.05
2200	81.31
2201	81.71
2202	81.65
2203	81.77
2204	81.52
2205	81.44
2206	81.75
2207	81.86
2208	81.61
2209	82.05
2210	82.49
2211	81.94
2212	81.44
2213	81.8
2214	81.67
2215	81.99
2216	81.9
2217	81.8
2218	81.38
2219	81.56
2220	82.07
2221	82.11
2222	81.21
2223	81.27
2224	81.71
2225	82.17
2226	80.95
2227	81.31
2228	80.85
2229	81.63
2230	81.56
2231	81.92
2232	81.33
2233	80.95
2234	81.16
2235	81.19
2236	81.16
2237	81.23
2238	81.04
2239	80.6
2240	79.27
2241	77.93
2242	77.3
2243	76.06
2244	75.76
2245	74.8
2246	74.52
2247	73.77
2248	73.07
2249	72.59
2250	72.44
2251	71.9
2252	71.81
2253	72.15
2254	72.61
2255	72.48
2256	73.11
2257	72.92
2258	72.71
2259	72.74
2260	73.22
2261	73.43
2262	73.56
2263	73.74
2264	73.79
2265	73.81
2266	73.6
2267	74.17
2268	74.33
2269	74.73
2270	74.9
2271	74.67
2272	74.67
2273	75.34
2274	75.11
2275	75.22
2276	75.41
2277	75.53
2278	74.94
2279	75.47
2280	75.68
2281	75.8
2282	76.27
2283	75.87
2284	76.12
2285	76.1
2286	76.56
2287	76.65
2288	76.88
2289	76.63
2290	76.44
2291	76.96
2292	77
2293	77.13
2294	77.15
2295	76.84
2296	76.48
2297	76.44
2298	76.6
2299	77.02
2300	77.28
2301	76.69
2302	76.52
2303	76.35
2304	76.77
2305	76.75
2306	76.83
2307	77.04
2308	77.76
2309	77.55
2310	77.02
2311	77.78
2312	77.7
2313	77.09
2314	77.4
2315	77.02
2316	77.36
2317	77.32
2318	77.65
2319	77.76
2320	77.97
2321	77.26
2322	77.19
2323	77.07
2324	76.92
2325	77.34
2326	78.45
2327	77.78
2328	77.74
2329	77.72
2330	77.87
2331	77.53
2332	77.65
2333	77.78
2334	77.34
2335	77.42
2336	77.61
2337	77.42
2338	77.8
2339	77.51
2340	77.45
2341	77.84
2342	77.72
2343	77.74
2344	77.26
2345	77.65
2346	77.34
2347	78.08
2348	77.72
2349	77.45
2350	77.53
2351	77.57
2352	77.17
2353	77.61
2354	78.07
2355	77.61
2356	77.97
2357	77.49
2358	77.4
2359	77.45
2360	77.11
2361	77.04
2362	77.53
2363	77.66
2364	77.68
2365	77.76
2366	77.87
2367	77.55
2368	77.09
2369	77
2370	77.07
2371	77.47
2372	77.38
2373	77.53
2374	77.74
2375	77.44
2376	77.24
2377	77.65
2378	77.57
2379	77.63
2380	77.78
2381	77.38
2382	77.26
2383	77.59
2384	77.63
2385	77.7
2386	78.1
2387	77.59
2388	77.24
2389	77.3
2390	77.87
2391	77.82
2392	77.93
2393	77.66
2394	77.23
2395	77.36
2396	77.26
2397	77.55
2398	77.86
2399	77.84
2400	77.13
2401	77.4
2402	77.47
2403	77.34
2404	77.95
2405	77.95
2406	78.01
2407	77.82
2408	77.65
2409	77.21
2410	77.26
2411	77.45
2412	77.8
2413	77.66
2414	77.95
2415	77.74
2416	77.44
2417	77.51
2418	77.55
2419	77.78
2420	77.65
2421	77.78
2422	77.8
2423	77.68
2424	77.51
2425	77.44
2426	77.05
2427	78.01
2428	77.61
2429	77.66
2430	77.44
2431	77.87
2432	77.91
2433	77.47
2434	77.84
2435	77.4
2436	77.59
2437	77.19
2438	77.4
2439	77.72
2440	77.38
2441	77.47
2442	77.99
2443	77.59
2444	77.93
2445	78.08
2446	77.91
2447	78.08
2448	78.35
2449	78.07
2450	77.4
2451	77.55
2452	77.59
2453	77.8
2454	77.8
2455	77.87
2456	78.05
2457	77.57
2458	77.26
2459	77.76
2460	78.01
2461	78.22
2462	78.56
2463	78.18
2464	77.53
2465	77.95
2466	77.99
2467	77.99
2468	77.99
2469	77.57
2470	77.7
2471	77.76
2472	77.97
2473	77.91
2474	77.45
2475	77.59
2476	77.95
2477	78.1
2478	77.53
2479	77.51
2480	78.14
2481	78.16
2482	78.03
2483	77.42
2484	77.93
2485	77.89
2486	78.52
2487	77.57
2488	77.47
2489	78.12
2490	78.29
2491	77.3
2492	77.86
2493	78.1
2494	78.2
2495	77.66
2496	77.82
2497	77.97
2498	77.38
2499	77.7
2500	77.76
2501	77.24
2502	77.49
2503	77.55
2504	77.82
2505	77.04
2506	77.28
2507	77.36
2508	77.63
2509	76.94
2510	77.3
2511	77.49
2512	77.23
2513	77.42
2514	77.63
2515	77.36
2516	77.53
2517	77.15
2518	76.67
2519	77.21
2520	77.59
2521	76.88
2522	77.23
2523	77.34
2524	77.02
2525	77.4
2526	77.82
2527	78.1
2528	77.53
2529	78.03
2530	78.48
2531	78.26
2532	78.18
2533	78.47
2534	79.19
2535	78.6
2536	79.23
2537	79.27
2538	78.92
2539	79.42
2540	79.53
2541	80.22
2542	79.9
2543	79.61
2544	79.9
2545	80.14
2546	80.56
2547	80.03
2548	80.35
2549	80.35
2550	80.53
2551	80.03
2552	80.18
2553	80.45
2554	80.7
2555	80.72
2556	80.6
2557	80.18
2558	80.7
2559	80.74
2560	80.93
2561	80.77
2562	80.3
2563	80.28
2564	80.45
2565	81
2566	80.91
2567	81.08
2568	81
2569	81.04
2570	80.26
2571	81.46
2572	80.81
2573	80.54
2574	80.7
2575	80.93
2576	80.7
2577	80.43
2578	80.7
2579	80.95
2580	81.19
2581	81.44
2582	81.35
2583	81.1
2584	81.21
2585	80.56
2586	81.16
2587	80.95
2588	81.04
2589	81.54
2590	80.89
2591	80.47
2592	81.1
2593	81.16
2594	81.25
2595	81.27
2596	80.87
2597	81.06
2598	80.74
2599	80.85
2600	80.89
2601	81.4
2602	81.48
2603	81.1
2604	80.74
2605	80.62
2606	80.91
2607	81.06
2608	81.16
2609	80.68
2610	80.7
2611	80.75
2612	81.17
2613	81.02
2614	80.58
2615	81.16
2616	81.33
2617	81.23
2618	80.51
2619	81.16
2620	81.14
2621	81
2622	80.64
2623	80.79
2624	81.06
2625	81.19
2626	80.79
2627	81.12
2628	81.04
2629	81.57
2630	80.81
2631	81.14
2632	81.42
2633	81.04
2634	81.08
2635	81.17
2636	80.66
2637	80.93
2638	81.31
2639	81.1
2640	81.04
2641	81
2642	80.85
2643	80.77
2644	81.54
2645	80.89
2646	80.93
2647	81.44
2648	81.33
2649	81.21
2650	81.46
2651	80.66
2652	80.45
2653	81.08
2654	81.65
2655	80.87
2656	80.53
2657	81.21
2658	81.5
2659	81.48
2660	80.77
2661	80.79
2662	81.56
2663	81.29
2664	81.08
2665	80.62
2666	81.04
2667	80.98
2668	81.52
2669	81.38
2670	81.04
2671	81.31
2672	81.69
2673	81.73
2674	81.08
2675	80.83
2676	81.52
2677	81.56
2678	81.98
2679	80.96
2680	81.12
2681	81.31
2682	81.44
2683	81.77
2684	81.48
2685	80.98
2686	80.89
2687	81.35
2688	81.31
2689	81.82
2690	81.46
2691	81.57
2692	81.59
2693	81.48
2694	81.69
2695	81
2696	80.83
2697	81.57
2698	80.93
2699	81.38
2700	81.19
2701	80.54
2702	80.53
2703	80.47
2704	80.32
2705	79.99
2706	79.92
2707	80.62
2708	80.77
2709	79.88
2710	80.39
2711	80.03
2712	79.44
2713	78.01
2714	77.72
2715	76.35
2716	75.76
2717	74.02
2718	73.93
2719	73.68
2720	73.35
2721	72.29
2722	71.89
2723	72.25
2724	72.04
2725	71.14
2726	71.68
2727	72.04
2728	71.89
2729	71.58
2730	71.98
2731	72.5
2732	72.21
2733	73.11
2734	73.09
2735	73.49
2736	74.15
2737	73.6
2738	73.7
2739	74.38
2740	74.84
2741	74.52
2742	74.38
2743	74.46
2744	75.38
2745	74.94
2746	75.22
2747	75.49
2748	75.72
2749	75.51
2750	75.39
2751	75.32
2752	75.89
2753	75.64
2754	76.23
2755	75.3
2756	75.95
2757	75.85
2758	76.48
2759	76.1
2760	75.55
2761	76.25
2762	76.31
2763	76.46
2764	76.71
2765	76.01
2766	76.48
2767	76.46
2768	76.71
2769	76.14
2770	76.1
2771	76.65
2772	76.67
2773	77.04
2774	76.58
2775	76.73
2776	76.52
2777	76.44
2778	76.88
2779	76.9
2780	77.07
2781	76.94
2782	76.2
2783	76.63
2784	76.79
2785	76.88
2786	77.21
2787	77.07
2788	76.42
2789	76.56
2790	76.6
2791	76.65
2792	76.88
2793	77.13
2794	76.96
2795	76.41
2796	76.33
2797	76.12
2798	76.25
2799	76.71
2800	77
2801	77.13
2802	76.73
2803	76.6
2804	76.81
2805	76.73
2806	77.51
2807	77.19
2808	76.52
2809	76.69
2810	77.09
2811	77.24
2812	77.4
2813	76.94
2814	76.6
2815	77
2816	77.13
2817	77.66
2818	77.42
2819	76.79
2820	77.24
2821	78.05
2822	77.53
2823	77.04
2824	76.92
2825	77.36
2826	77.47
2827	77.34
2828	77.11
2829	77.28
2830	77.61
2831	78.27
2832	77.68
2833	76.92
2834	77.09
2835	77.3
2836	77.07
2837	77.66
2838	76.96
2839	77.11
2840	76.96
2841	77.57
2842	77.11
2843	77.74
2844	77.15
2845	77.8
2846	76.94
2847	76.56
2848	77.21
2849	77.42
2850	76.9
2851	76.41
2852	76.56
2853	77.3
2854	77.13
2855	76.79
2856	77.04
2857	77.47
2858	77.15
2859	76.98
2860	77.4
2861	77.74
2862	77.11
2863	77.24
2864	78.03
2865	77.32
2866	77.07
2867	77.7
2868	77.19
2869	77.32
2870	77.26
2871	77.13
2872	77.11
2873	77.3
2874	77.32
2875	77.57
2876	76.46
2877	76.81
2878	77.3
2879	75.57
2880	75.95
2881	76.62
2882	76.16
2883	76.06
2884	76.73
2885	76.94
2886	76.25
2887	76.54
2888	76.79
2889	77.02
2890	77.3
2891	77.05
2892	76.92
2893	76.62
2894	76.96
2895	77.74
2896	77.4
2897	77.55
2898	77.26
2899	77.26
2900	77.19
2901	77.32
2902	77.44
2903	76.86
2904	76.81
2905	76.88
2906	77.09
2907	77.15
2908	77.13
2909	77.4
2910	77.24
2911	77.3
2912	76.54
2913	76.63
2914	76.81
2915	76.84
2916	77.02
2917	77.02
2918	77.07
2919	77.47
2920	77.59
2921	77.7
2922	76.98
2923	76.96
2924	76.92
2925	76.77
2926	77.24
2927	77.4
2928	77.26
2929	77.28
2930	77.44
2931	77.51
2932	77.59
2933	77.78
2934	77.87
2935	77.26
2936	77.23
2937	77.05
2938	76.94
2939	76.96
2940	77.3
2941	77.57
2942	77.4
2943	77.4
2944	77.61
2945	77.49
2946	77.42
2947	77.76
2948	77.74
2949	77.34
2950	77.34
2951	77.19
2952	77
2953	76.92
2954	77.02
2955	76.88
2956	77.15
2957	77.32
2958	77.42
2959	77.49
2960	77.89
2961	77.86
2962	77.93
2963	77.15
2964	77.13
2965	77.09
2966	77.11
2967	77.44
2968	77.05
2969	77.49
2970	77.74
2971	77.8
2972	77.15
2973	77.04
2974	77.24
2975	77.07
2976	77.72
2977	77.61
2978	78.08
2979	77.76
2980	77.7
2981	77.8
2982	77.45
2983	77.78
2984	77.78
2985	77.61
2986	77.95
2987	77.91
2988	77.91
2989	77.68
2990	77.3
2991	77.45
2992	77.38
2993	77.61
2994	77.84
2995	78.01
2996	78.5
2997	78.12
2998	78.08
2999	78.03
3000	78.1
3001	78.37
3002	78.33
3003	78.77
3004	78.75
3005	79.57
3006	79.42
3007	79.21
3008	79.15
3009	79.36
3010	79.06
3011	79.3
3012	79.72
3013	79.67
3014	79.93
3015	80.13
3016	80.33
3017	80.32
3018	80.28
3019	79.95
3020	80.26
3021	80.2
3022	80.14
3023	80.37
3024	80.47
3025	80.6
3026	81.19
3027	80.54
3028	80.7
3029	80.66
3030	80.66
3031	80.53
3032	80.45
3033	80.41
3034	80.45
3035	80.11
3036	80.74
3037	81.14
3038	80.66
3039	80.89
3040	80.81
3041	80.87
3042	80.35
3043	80.28
3044	80.24
3045	80.09
3046	80.45
3047	80.45
3048	80.33
3049	80.28
3050	80.85
3051	80.79
3052	80.75
3053	81.17
3054	81.25
3055	81
3056	80.22
3057	80.56
3058	80.62
3059	80.68
3060	80.75
3061	81
3062	81.1
3063	80.96
3064	81.08
3065	80.39
3066	80.37
3067	80.85
3068	80.26
3069	80.54
3070	80.45
3071	80.68
3072	80.66
3073	80.83
3074	81.36
3075	81.48
3076	81.33
3077	81.27
3078	81.1
3079	80.83
3080	80.87
3081	80.89
3082	80.95
3083	80.79
3084	80.56
3085	80.53
3086	80.39
3087	80.56
3088	80.41
3089	80.47
3090	80.62
3091	80.33
3092	80.3
3093	80.7
3094	81.29
3095	80.75
3096	80.64
3097	80.98
3098	81.54
3099	81.35
3100	81.17
3101	80.7
3102	80.51
3103	80.37
3104	80.62
3105	80.81
3106	81.04
3107	81.08
3108	80.91
3109	80.85
3110	81.27
3111	80.93
3112	80.35
3113	80.16
3114	80.47
3115	80.75
3116	80.87
3117	81
3118	81.71
3119	81.36
3120	80.51
3121	80.51
3122	80.47
3123	80.74
3124	81.23
3125	80.64
3126	80.85
3127	81.48
3128	81.31
3129	80.26
3130	81.08
3131	81
3132	80.95
3133	80.98
3134	81.54
3135	80.98
3136	80.33
3137	80.81
3138	81.12
3139	80.79
3140	80.85
3141	81.29
3142	81.19
3143	81.1
3144	80.54
3145	80.75
3146	81.17
3147	80.95
3148	81.08
3149	81.25
3150	81.31
3151	81.42
3152	81.16
3153	80.3
3154	80.41
3155	80.64
3156	80.96
3157	81.25
3158	81.31
3159	81.17
3160	81.33
3161	81.19
3162	80.68
3163	80.96
3164	80.6
3165	80.66
3166	80.6
3167	80.39
3168	80.98
3169	80.58
3170	80.6
3171	81.19
3172	80.95
3173	80.68
3174	80.85
3175	80.75
3176	81.16
3177	81.33
3178	81.23
3179	81.1
3180	81.1
3181	80.32
3182	80.07
3183	80.01
3184	79.65
3185	79.27
3186	78.43
3187	77.66
3188	77.04
3189	76.41
3190	76.5
3191	75.8
3192	75.74
3193	75.11
3194	74.57
3195	73.77
3196	73.24
3197	73.68
3198	73.47
3199	74.23
3200	73.87
3201	74.1
3202	74.31
3203	73.53
3204	73.75
3205	73.85
3206	74.14
3207	74.54
3208	74.86
3209	74.52
3210	74.75
3211	75.13
3212	75.17
3213	75.87
3214	75.83
3215	75.24
3216	75.45
3217	76.16
3218	76.39
3219	76.21
3220	75.51
3221	75.43
3222	76.42
3223	76.08
3224	76.46
3225	76.33
3226	76.2
3227	76.31
3228	76.69
3229	76.5
3230	76.41
3231	76.52
3232	77.09
3233	76.77
3234	76.46
3235	76.84
3236	77.17
3237	77.07
3238	76.42
3239	76.79
3240	77.28
3241	76.54
3242	76.77
3243	77.63
3244	77.47
3245	77.13
3246	76.86
3247	77.09
3248	77.51
3249	77.57
3250	76.88
3251	77.24
3252	77.38
3253	77.28
3254	77.19
3255	77.23
3256	77.76
3257	78.07
3258	77.17
3259	77.74
3260	77.8
3261	77.45
3262	77.4
3263	77.93
3264	78.47
3265	77.47
3266	77.49
3267	77.72
3268	78.01
3269	77.13
3270	77.61
3271	77.66
3272	77.91
3273	76.92
3274	77.76
3275	77.65
3276	77.45
3277	77.82
3278	77.17
3279	77.32
3280	77.66
3281	77.84
3282	78.01
3283	78.05
3284	78.22
3285	78.37
3286	78.26
3287	77.87
3288	77.82
3289	77.84
3290	77.95
3291	78.07
3292	77.99
3293	77.93
3294	77.32
3295	77.7
3296	77.91
3297	78.14
3298	78.16
3299	78.12
3300	77.36
3301	77.28
3302	77.63
3303	77.99
3304	78.1
3305	78.45
3306	77.95
3307	77.86
3308	77.51
3309	77.38
3310	77.97
3311	78.08
3312	78.48
3313	78.54
3314	77.95
3315	78.16
3316	77.84
3317	78.12
3318	78.18
3319	78.56
3320	78.58
3321	78.07
3322	77.68
3323	78.14
3324	78.22
3325	78.64
3326	78.31
3327	77.55
3328	78.12
3329	78.12
3330	78.18
3331	78.5
3332	78.96
3333	77.82
3334	77.87
3335	78.07
3336	77.89
3337	78.08
3338	78.03
3339	78.08
3340	77.8
3341	77.15
3342	77.87
3343	77.65
3344	78.16
3345	78.35
3346	77.82
3347	77.84
3348	77.68
3349	78.12
3350	78.03
3351	77.7
3352	77.4
3353	77.19
3354	77.97
3355	78.35
3356	78.64
3357	78.35
3358	77.66
3359	77.34
3360	77.63
3361	78.24
3362	78.12
3363	78.43
3364	78.14
3365	77.68
3366	77.63
3367	77.66
3368	78.24
3369	78.45
3370	77.53
3371	77.51
3372	78.14
3373	77.97
3374	78.18
3375	78.27
3376	77.74
3377	77.55
3378	77.21
3379	77.65
3380	77.78
3381	77.95
3382	78.45
3383	78.2
3384	77.91
3385	77.86
3386	78.03
3387	78.54
3388	77.7
3389	77.82
3390	78.45
3391	78.35
3392	78.37
3393	78.12
3394	77.99
3395	77.74
3396	78.29
3397	78.05
3398	78.01
3399	77.66
3400	77.86
3401	77.8
3402	78.24
3403	78.39
3404	77.51
3405	77.93
3406	78.05
3407	79.27
3408	78.05
3409	77.89
3410	77.36
3411	77.99
3412	77.76
3413	78.16
3414	78.03
3415	77.55
3416	77.19
3417	76.75
3418	77.24
3419	77.47
3420	77.59
3421	77.61
3422	77.65
3423	77.26
3424	77.68
3425	77.89
3426	78.54
3427	78.16
3428	77.78
3429	78.07
3430	77.55
3431	78.22
3432	78.03
3433	77.8
3434	78.68
3435	78.26
3436	77.91
3437	77.51
3438	77.34
3439	77.78
3440	77.91
3441	78.2
3442	77.89
3443	77.95
3444	77.49
3445	77.59
3446	78.08
3447	77.72
3448	78.33
3449	78.12
3450	78.29
3451	77.84
3452	78.16
3453	77.78
3454	78.45
3455	78.12
3456	78.27
3457	78.45
3458	78.83
3459	78.27
3460	78.52
3461	78.41
3462	78.18
3463	78.03
3464	77.93
3465	77.66
3466	78.03
3467	77.95
3468	78.24
3469	78.33
3470	78.33
3471	78.12
3472	78.16
3473	78.16
3474	78.27
3475	78.5
3476	78.47
3477	78.33
3478	78.45
3479	78.6
3480	78.69
3481	79.29
3482	79.3
3483	79.3
3484	79
3485	79.04
3486	79.38
3487	79.46
3488	79.59
3489	79.82
3490	79.57
3491	79.92
3492	79.71
3493	79.82
3494	80.14
3495	80.01
3496	79.84
3497	79.9
3498	79.67
3499	79.61
3500	79.86
3501	79.84
3502	79.69
3503	79.76
3504	80.33
3505	80.26
3506	80.74
3507	79.84
3508	80.54
3509	80.26
3510	80.16
3511	80.16
3512	80.11
3513	80.68
3514	80.53
3515	80.07
3516	79.9
3517	80.33
3518	80.14
3519	80.41
3520	80.66
3521	80.3
3522	80.01
3523	80.09
3524	80.13
3525	80.09
3526	80.39
3527	80.16
3528	80.03
3529	79.61
3530	80.32
3531	80.41
3532	80.68
3533	80.41
3534	79.92
3535	79.84
3536	80.24
3537	80.14
3538	80.47
3539	80.13
3540	79.71
3541	80.24
3542	80.28
3543	81.1
3544	80.22
3545	79.65
3546	80.62
3547	80.28
3548	80.45
3549	80.58
3550	79.8
3551	80.01
3552	80.39
3553	80.22
3554	80.35
3555	80.05
3556	80.07
3557	80.3
3558	80.33
3559	80.75
3560	80.85
3561	79.99
3562	80.32
3563	80.47
3564	80.58
3565	79.95
3566	80.07
3567	80.49
3568	80.66
3569	80.26
3570	80.13
3571	80.33
3572	80.39
3573	80.43
3574	80.85
3575	80.22
3576	80.62
3577	80.13
3578	80.53
3579	79.92
3580	80.35
3581	80.41
3582	80.01
3583	80.18
3584	80.2
3585	80.35
3586	80.51
3587	80.2
3588	80.07
3589	80.3
3590	80.68
3591	80.33
3592	80.53
3593	81.08
3594	80.62
3595	80.01
3596	80.53
3597	80.37
3598	80.7
3599	80.24
3600	80.16
3601	80.85
3602	80.2
3603	80.11
3604	80.37
3605	80.66
3606	80.32
3607	80.6
3608	80.47
3609	80.83
3610	80.16
3611	80.37
3612	80.58
3613	80.49
3614	80.41
3615	80.7
3616	80.68
3617	79.88
3618	80.51
3619	81.12
3620	80.39
3621	80.62
3622	80.54
3623	80.89
3624	80.24
3625	80.35
3626	81
3627	80.35
3628	80.45
3629	81.06
3630	80.72
3631	80.01
3632	80.35
3633	80.75
3634	80.32
3635	79.9
3636	80.56
3637	80.54
3638	79.76
3639	80.07
3640	80.32
3641	80.6
3642	79.76
3643	79.92
3644	80.13
3645	80.51
3646	80.47
3647	79.63
3648	79.71
3649	80.22
3650	80.22
3651	80.16
3652	80.01
3653	79.82
3654	80.13
3655	79.95
3656	80.16
3657	79.38
3658	79.92
3659	79.38
3660	79.29
3661	78.43
3662	77.15
3663	76.6
3664	76.27
3665	75.85
3666	74.99
3667	75.11
3668	74.46
3669	74.04
3670	74.21
3671	73.87
3672	74.12
3673	73.64
3674	74.04
3675	74.77
3676	73.83
3677	73.66
3678	74.19
3679	74.98
3680	74.31
3681	74.5
3682	74.82
3683	75.41
3684	75.3
3685	75.22
3686	75.45
3687	75.22
3688	75.72
3689	76.1
3690	75.76
3691	75.53
3692	76.23
3693	76.31
3694	76.75
3695	76.96
3696	76.18
3697	76.27
3698	76.83
3699	76.73
3700	76.73
3701	76.62
3702	76.71
3703	76.86
3704	76.92
3705	77.09
3706	76.62
3707	77.4
3708	77
3709	77.38
3710	76.92
3711	77.7
3712	77.23
3713	76.81
3714	77.23
3715	77.63
3716	76.88
3717	76.84
3718	77.63
3719	76.81
3720	77.07
3721	77.59
3722	77.32
3723	76.96
3724	77.15
3725	77.38
3726	76.83
3727	76.98
3728	77.53
3729	77.8
3730	77.13
3731	77.23
3732	77.72
3733	77.4
3734	76.96
3735	77.78
3736	77.72
3737	77.11
3738	77.51
3739	77.82
3740	77.61
3741	77.47
3742	77.87
3743	77.87
3744	77.36
3745	77.47
3746	77.72
3747	77.51
3748	77.13
3749	77.51
3750	78.01
3751	77.51
3752	78.03
3753	77.4
3754	77.95
3755	77.91
3756	77.55
3757	77.44
3758	77.91
3759	78.07
3760	78.26
3761	77.87
3762	78.12
3763	77.63
3764	78.08
3765	78.22
3766	77.93
3767	77.59
3768	77.38
3769	77.97
3770	77.82
3771	78.29
3772	77.55
3773	77.86
3774	78.29
3775	78.03
3776	77.4
3777	77.7
3778	77.97
3779	77.97
3780	78.14
3781	77.24
3782	77.55
3783	77.47
3784	77.89
3785	76.84
3786	76.81
3787	77.07
3788	77.02
3789	77.38
3790	76.92
3791	77.17
3792	77.57
3793	77.65
3794	77.65
3795	76.94
3796	77.24
3797	77.36
3798	77.59
3799	76.81
3800	77.28
3801	77.04
3802	77.47
3803	77.65
3804	76.9
3805	77.4
3806	77.42
3807	77.8
3808	77.04
3809	77.15
3810	77.47
3811	77.61
3812	77.57
3813	77.3
3814	77.55
3815	77.65
3816	77.89
3817	77.87
3818	77.24
3819	77.57
3820	77.59
3821	77.97
3822	77.09
3823	77.32
3824	77.47
3825	77.72
3826	77.61
3827	77.11
3828	77.59
3829	77.59
3830	78.08
3831	77.76
3832	77.32
3833	77.32
3834	77.7
3835	77.7
3836	77.38
3837	77.26
3838	77.86
3839	77.72
3840	77.26
3841	77.11
3842	77.11
3843	77.19
3844	77.45
3845	77.38
3846	77.09
3847	77.47
3848	77.45
3849	77.82
3850	76.67
3851	77.07
3852	77.42
3853	77.65
3854	77.61
3855	77.15
3856	77.47
3857	77.53
3858	77.95
3859	76.88
3860	77.26
3861	77.45
3862	77.68
3863	77.95
3864	77.21
3865	77.19
3866	77.63
3867	77.74
3868	77.91
3869	77.11
3870	77.66
3871	77.63
3872	77.95
3873	77.49
3874	77.78
3875	77.99
3876	77.8
3877	77.05
3878	77.63
3879	77.74
3880	77.53
3881	76.83
3882	78.47
3883	77.63
3884	77.51
3885	77.02
3886	77.7
3887	77.68
3888	77.74
3889	77.13
3890	77.55
3891	77.44
3892	77.53
3893	76.98
3894	77.24
3895	77.49
3896	77.07
3897	76.75
3898	77.05
3899	77.3
3900	77.55
3901	76.86
3902	77.45
3903	77.3
3904	77.51
3905	77.72
3906	76.9
3907	77.23
3908	77.4
3909	77.93
3910	77.19
3911	77.15
3912	77.61
3913	77.78
3914	77.57
3915	78.24
3916	78.56
3917	77.74
3918	77.24
3919	77.82
3920	77.8
3921	77.63
3922	77.89
3923	77.84
3924	77.59
3925	77.21
3926	77.49
3927	77.57
3928	77.68
3929	77.82
3930	77.97
3931	77.47
3932	77.15
3933	77.13
3934	77.21
3935	77.21
3936	77.4
3937	77.04
3938	77.34
3939	77.36
3940	77.74
3941	77.45
3942	77.95
3943	77.89
3944	77.76
3945	77.66
3946	77.55
3947	77.26
3948	77.44
3949	77.45
3950	77.49
3951	77.95
3952	77.91
3953	78.18
3954	78.43
3955	78.24
3956	78.5
3957	79.02
3958	79.3
3959	78.79
3960	78.87
3961	78.89
3962	79.44
3963	79.04
3964	79.08
3965	79.13
3966	79.55
3967	79.51
3968	79.95
3969	79.59
3970	79.63
3971	79.4
3972	79.23
3973	79.69
3974	79.1
3975	79.69
3976	80.01
3977	79.55
3978	79.59
3979	79.74
3980	79.72
3981	79.84
3982	80.03
3983	80.16
3984	80.28
3985	79.97
3986	79.8
3987	79.63
3988	79.69
3989	79.9
3990	80.43
3991	79.84
3992	79.86
3993	80.05
3994	79.9
3995	79.67
3996	79.51
3997	79.46
3998	79.57
3999	79.53
4000	79.82
4001	79.84
4002	80.32
4003	79.99
4004	79.63
4005	79.59
4006	79.5
4007	79.9
4008	80.13
4009	80.16
4010	80.16
4011	80.18
4012	79.76
4013	79.46
4014	79.53
4015	79.53
4016	80.01
4017	79.99
4018	80.13
4019	80.41
4020	80.58
4021	79.63
4022	79.78
4023	80.07
4024	80.07
4025	80.39
4026	80.35
4027	80.14
4028	79.78
4029	79.71
4030	80.47
4031	80.35
4032	80.13
4033	80.3
4034	80.45
4035	80.03
4036	79.9
4037	79.69
4038	79.78
4039	80.3
4040	80.28
4041	80.16
4042	80.2
4043	80.2
4044	80.32
4045	80.03
4046	79.92
4047	79.78
4048	79.8
4049	80.16
4050	80.2
4051	80.28
4052	80.14
4053	80.05
4054	80.41
4055	80.39
4056	80.07
4057	80.03
4058	80.09
4059	80.14
4060	80.2
4061	80.09
4062	80.03
4063	80.07
4064	80.16
4065	80.14
4066	80.13
4067	79.53
4068	79.34
4069	79.51
4070	79.74
4071	79.53
4072	79.71
4073	79.74
4074	79.88
4075	80.09
4076	79.95
4077	80.09
4078	80.14
4079	80.3
4080	80.49
4081	79.99
4082	79.69
4083	79.67
4084	79.57
4085	79.9
4086	79.86
4087	79.9
4088	80.16
4089	80.18
4090	79.92
4091	79.69
4092	79.61
4093	79.86
4094	79.9
4095	79.5
4096	79.65
4097	79.74
4098	80.14
4099	80.7
4100	80.28
4101	80.43
4102	80.3
4103	80.28
4104	79.99
4105	79.8
4106	79.9
4107	79.99
4108	80.14
4109	80.16
4110	80.2
4111	80.07
4112	80.28
4113	80.45
4114	80.58
4115	80.53
4116	80.49
4117	80.45
4118	79.88
4119	79.69
4120	79.48
4121	79.34
4122	79.27
4123	79.55
4124	79.78
4125	79.67
4126	79.65
4127	79.86
4128	80.09
4129	80.09
4130	80.14
4131	80.18
4132	79.04
4133	78.69
4134	77.91
4135	77.66
4136	76.67
4137	76.48
4138	75.64
4139	75.07
4140	74.54
4141	74.63
4142	74.31
4143	74.17
4144	73.95
4145	73.72
4146	72.8
4147	73.24
4148	72.76
4149	73.05
4150	73.39
4151	73.81
4152	73.75
4153	74.06
4154	74.14
4155	74.04
4156	74.31
4157	74.23
4158	74.21
4159	74.4
4160	74.08
4161	74.27
4162	74.65
4163	74.92
4164	75.11
4165	74.78
4166	75.11
4167	75.22
4168	75.49
4169	75.85
4170	75.32
4171	75.3
4172	76.1
4173	76.23
4174	76.44
4175	76.14
4176	76.2
4177	75.85
4178	76.46
4179	76.75
4180	76.16
4181	76.27
4182	76.14
4183	76.73
4184	76.56
4185	76.12
4186	76.58
4187	76.62
4188	76.56
4189	76.6
4190	76.94
4191	77.34
4192	77.04
4193	77.02
4194	76.92
4195	76.86
4196	77.57
4197	76.39
4198	77.23
4199	77.86
4200	77.17
4201	77.4
4202	76.83
4203	77.21
4204	77.21
4205	77.55
4206	77.53
4207	77.76
4208	77.21
4209	77.11
4210	77.51
4211	76.9
4212	77.38
4213	77.65
4214	77.36
4215	77.07
4216	77.36
4217	77.55
4218	76.83
4219	76.92
4220	77.34
4221	76.86
4222	77.49
4223	77.7
4224	77.59
4225	77.51
4226	77.86
4227	77.23
4228	76.98
4229	77.44
4230	77.82
4231	76.77
4232	77
4233	77.3
4234	77.15
4235	77.24
4236	77.38
4237	77.78
4238	77.28
4239	77.4
4240	78.12
4241	77.49
4242	77.11
4243	77.53
4244	78.29
4245	77.63
4246	77.47
4247	77.36
4248	77.49
4249	77.32
4250	77.89
4251	77.57
4252	77.26
4253	77.34
4254	77.36
4255	77.49
4256	77.8
4257	77
4258	77.24
4259	77.38
4260	77.45
4261	77.76
4262	78.27
4263	77.47
4264	77.78
4265	77
4266	77.04
4267	77.34
4268	77.32
4269	77.44
4270	77.47
4271	77.78
4272	77.95
4273	77.55
4274	77.24
4275	77.57
4276	77.76
4277	77.17
4278	77.05
4279	76.96
4280	77.15
4281	77.13
4282	77.05
4283	77.11
4284	77.34
4285	77.05
4286	76.94
4287	76.98
4288	76.67
4289	77.28
4290	77.23
4291	77.34
4292	77.19
4293	77.38
4294	77.38
4295	77.72
4296	77.74
4297	77.65
4298	77.02
4299	77.19
4300	76.9
4301	76.94
4302	76.9
4303	76.54
4304	76.56
4305	76.65
4306	76.79
4307	77
4308	76.79
4309	76.92
4310	77.05
4311	77.11
4312	76.84
4313	76.83
4314	76.73
4315	76.9
4316	76.96
4317	77.45
4318	77.04
4319	77.26
4320	77.13
4321	77.05
4322	76.9
4323	77.02
4324	76.75
4325	76.88
4326	76.71
4327	76.71
4328	76.71
4329	76.73
4330	76.88
4331	76.81
4332	76.77
4333	76.6
4334	76.58
4335	76.86
4336	76.9
4337	77.21
4338	77.15
4339	77.24
4340	76.83
4341	76.62
4342	76.5
4343	76.56
4344	76.6
4345	76.94
4346	76.92
4347	76.81
4348	76.86
4349	77.07
4350	77.17
4351	77.21
4352	76.65
4353	76.21
4354	76.63
4355	77.07
4356	76.86
4357	76.37
4358	77.55
4359	77.15
4360	77.24
4361	76.71
4362	76.77
4363	77.28
4364	77.17
4365	76.77
4366	77
4367	77.4
4368	77.3
4369	76.5
4370	76.96
4371	77.13
4372	76.67
4373	76.71
4374	77.07
4375	76.56
4376	76.44
4377	76.73
4378	76.63
4379	76.65
4380	76.75
4381	76.37
4382	76.48
4383	76.48
4384	76.96
4385	76.96
4386	76.6
4387	76.77
4388	77.15
4389	77.32
4390	76.86
4391	76.9
4392	77.36
4393	76.73
4394	77.32
4395	77.45
4396	77.11
4397	76.96
4398	77.15
4399	77.05
4400	76.96
4401	76.9
4402	76.98
4403	77.24
4404	76.56
4405	77
4406	76.88
4407	77.09
4408	76.81
4409	76.9
4410	77
4411	77.28
4412	76.69
4413	76.98
4414	77.51
4415	77.04
4416	77.89
4417	77.42
4418	77.65
4419	77.23
4420	77.51
4421	77.55
4422	77.93
4423	77.4
4424	77.86
4425	77.89
4426	78.39
4427	78.05
4428	78.29
4429	78.85
4430	78.31
4431	78.9
4432	78.73
4433	78.45
4434	78.66
4435	79.08
4436	79.19
4437	78.79
4438	79.34
4439	79.17
4440	78.66
4441	78.85
4442	78.77
4443	78.77
4444	79.11
4445	79.59
4446	79.08
4447	79.02
4448	79.25
4449	79.02
4450	79.04
4451	79.59
4452	78.92
4453	79.32
4454	79.69
4455	79.1
4456	79.51
4457	79.69
4458	79.8
4459	79.17
4460	79.44
4461	79.82
4462	79.44
4463	79.21
4464	79.72
4465	79.92
4466	79.27
4467	78.96
4468	79.34
4469	79.69
4470	79.74
4471	78.98
4472	79.44
4473	79.57
4474	79.78
4475	79.23
4476	79.42
4477	79.5
4478	79.86
4479	79.15
4480	79.27
4481	79.5
4482	79.88
4483	80.11
4484	79.82
4485	79.27
4486	79.32
4487	79.92
4488	80.09
4489	79.9
4490	79.29
4491	79.5
4492	79.63
4493	79.46
4494	79.76
4495	79.61
4496	79.71
4497	79.3
4498	79.11
4499	79.65
4500	79.55
4501	79.48
4502	79.55
4503	79.8
4504	80.28
4505	79.93
4506	79.88
4507	80.18
4508	79.74
4509	79.74
4510	79.5
4511	79.97
4512	79.74
4513	79.9
4514	79.78
4515	79.74
4516	80.01
4517	80.2
4518	80.13
4519	80.11
4520	80.26
4521	79.97
4522	80.2
4523	80.03
4524	79.48
4525	79.48
4526	79.9
4527	79.82
4528	79.61
4529	79.53
4530	80.01
4531	79.82
4532	79.71
4533	80.41
4534	79.82
4535	80.07
4536	80.05
4537	79.97
4538	79.99
4539	79.97
4540	79.67
4541	79.44
4542	79.57
4543	79.65
4544	79.57
4545	79.36
4546	79.46
4547	79.51
4548	79.72
4549	79.74
4550	79.72
4551	79.67
4552	79.61
4553	79.46
4554	79.76
4555	79.71
4556	79.84
4557	79.5
4558	80.11
4559	80.47
4560	80.16
4561	79.86
4562	79.69
4563	79.71
4564	79.34
4565	79.46
4566	79.93
4567	80.07
4568	80.18
4569	80.07
4570	80.03
4571	79.69
4572	79.55
4573	79.72
4574	79.9
4575	80.32
4576	80.09
4577	79.99
4578	80.01
4579	80.56
4580	79.48
4581	79.82
4582	80.05
4583	80.11
4584	80.33
4585	80.45
4586	80.16
4587	79.55
4588	79.4
4589	80.05
4590	79.95
4591	80.07
4592	80.01
4593	79.99
4594	79.04
4595	78.96
4596	79.15
4597	79.86
4598	79.46
4599	79.93
4600	79.86
4601	79.42
4602	79.21
4603	79
4604	79.04
4605	78.89
4606	78.81
4607	78.89
4608	77.63
4609	77.19
4610	76.84
4611	76.5
4612	76.06
4613	75.26
4614	74.48
4615	74.1
4616	73.64
4617	73.64
4618	73.33
4619	73.6
4620	73.68
4621	73.47
4622	73.37
4623	72.95
4624	73.12
4625	73.28
4626	73.72
4627	73.87
4628	74.21
4629	74.27
4630	73.98
4631	73.75
4632	74.1
4633	74.17
4634	74.36
4635	74.78
4636	74.82
4637	74.59
4638	74.15
4639	74.31
4640	74.23
4641	74.65
4642	74.94
4643	74.88
4644	75.09
4645	75.87
4646	75.17
4647	75.07
4648	74.99
4649	75.45
4650	75.7
4651	76.02
4652	75.95
4653	75.7
4654	75.34
4655	75.72
4656	75.81
4657	76.16
4658	76.35
4659	76.23
4660	75.8
4661	76.06
4662	76.12
4663	75.24
4664	75.68
4665	75.78
4666	75.8
4667	75.85
4668	76.21
4669	76.18
4670	76.01
4671	75.66
4672	76.12
4673	76.23
4674	76.14
4675	76.96
4676	76.35
4677	77.19
4678	76.58
4679	77.02
4680	77.07
4681	76.29
4682	76.29
4683	76.31
4684	76.29
4685	76.25
4686	76.75
4687	76.83
4688	76.23
4689	76.1
4690	76.62
4691	76.56
4692	76.63
4693	76.46
4694	77.09
4695	76.67
4696	76.25
4697	76.08
4698	76.33
4699	76.62
4700	76.58
4701	76.71
4702	77.09
4703	76.86
4704	76.67
4705	76.5
4706	76.42
4707	76.62
4708	76.96
4709	76.56
4710	76.16
4711	76.39
4712	76.44
4713	76.81
4714	77
4715	76.71
4716	76.98
4717	76.94
4718	76.79
4719	76.65
4720	76.58
4721	76.31
4722	75.72
4723	76.73
4724	76.48
4725	76.48
4726	76.67
4727	76.83
4728	77
4729	76.81
4730	76.69
4731	76.88
4732	76.65
4733	76.42
4734	76.5
4735	76.31
4736	76.25
4737	76.6
4738	76.71
4739	76.77
4740	76.9
4741	76.92
4742	76.48
4743	76.41
4744	76.88
4745	76.88
4746	76.96
4747	77.17
4748	76.83
4749	77.05
4750	76.98
4751	76.92
4752	77
4753	76.88
4754	76.92
4755	76.86
4756	76.92
4757	76.84
4758	76.65
4759	76.71
4760	77.04
4761	76.84
4762	77.11
4763	77.49
4764	77.32
4765	76.94
4766	76.75
4767	76.54
4768	76.37
4769	76.71
4770	76.62
4771	76.81
4772	76.62
4773	76.75
4774	76.98
4775	76.94
4776	77.4
4777	77.53
4778	76.62
4779	76.46
4780	76.39
4781	76.77
4782	76.81
4783	76.81
4784	77
4785	76.98
4786	77.07
4787	77.07
4788	76.75
4789	76.86
4790	76.9
4791	77.49
4792	77.47
4793	77.53
4794	77.3
4795	76.69
4796	76.83
4797	76.79
4798	76.84
4799	77.17
4800	77.55
4801	77.51
4802	76.9
4803	76.81
4804	77.19
4805	77.17
4806	77.76
4807	77.57
4808	76.83
4809	76.73
4810	77.23
4811	77.65
4812	77.4
4813	77.68
4814	77.68
4815	76.62
4816	76.71
4817	77.09
4818	77.38
4819	77.11
4820	76.75
4821	76.42
4822	76.56
4823	76.71
4824	76.52
4825	77.07
4826	76.65
4827	76.5
4828	76.25
4829	77.28
4830	76.52
4831	76.79
4832	77.23
4833	77.07
4834	77.38
4835	77.19
4836	76.71
4837	76.83
4838	76.6
4839	77.02
4840	77.34
4841	77.47
4842	77.3
4843	76.46
4844	77.07
4845	76.9
4846	76.52
4847	76.79
4848	76.71
4849	76.14
4850	76.06
4851	76.52
4852	76.44
4853	76.79
4854	76.84
4855	76.81
4856	76.67
4857	76.06
4858	76.94
4859	76.42
4860	76.42
4861	76.73
4862	76.37
4863	76.21
4864	76.6
4865	76.5
4866	77
4867	76.31
4868	75.99
4869	76.69
4870	76.9
4871	77.15
4872	77.05
4873	76.58
4874	76.52
4875	77.13
4876	76.86
4877	76.48
4878	76.63
4879	76.88
4880	77.23
4881	76.39
4882	76.5
4883	76.5
4884	76.83
4885	76.71
4886	76.42
4887	77.15
4888	77.07
4889	76.41
4890	76.86
4891	76.94
4892	77.36
4893	76.75
4894	77.13
4895	77.19
4896	76.9
4897	77.26
4898	77.34
4899	77.11
4900	77.65
4901	77.82
4902	77.34
4903	78.41
4904	78.26
4905	78.24
4906	78.64
4907	78.1
4908	78.37
4909	78.58
4910	77.95
4911	78.33
4912	78.35
4913	78.24
4914	78.56
4915	78.83
4916	78.35
4917	78.9
4918	78.87
4919	78.31
4920	78.85
4921	79.04
4922	78.45
4923	78.71
4924	79.06
4925	78.66
4926	78.79
4927	79
4928	79.69
4929	78.45
4930	78.58
4931	78.58
4932	78.75
4933	78.68
4934	78.79
4935	78.69
4936	79.13
4937	78.5
4938	79.04
4939	78.64
4940	79.13
4941	78.62
4942	79.02
4943	78.9
4944	79.36
4945	78.87
4946	78.92
4947	79.04
4948	79.17
4949	79.34
4950	78.89
4951	78.81
4952	78.89
4953	78.9
4954	79.46
4955	79.38
4956	78.71
4957	78.62
4958	78.85
4959	79.53
4960	79.76
4961	78.75
4962	78.6
4963	79.1
4964	79.5
4965	79.36
4966	79.4
4967	79.63
4968	79.04
4969	79.36
4970	79.1
4971	79.27
4972	78.73
4973	78.83
4974	79.48
4975	79.29
4976	79.36
4977	78.6
4978	78.89
4979	79.1
4980	79
4981	79.04
4982	79.46
4983	78.75
4984	78.68
4985	78.9
4986	79.17
4987	78.92
4988	79.48
4989	79.27
4990	79.46
4991	78.98
4992	78.58
4993	79.42
4994	79.19
4995	79.11
4996	79.4
4997	79.55
4998	79.55
4999	79.92
5000	78.96
5001	79.08
5002	78.75
5003	78.6
5004	78.79
5005	79.17
5006	79.25
5007	79.15
5008	79.25
5009	79.13
5010	79.11
5011	79.06
5012	79.02
5013	78.98
5014	79.1
5015	79.15
5016	79.13
5017	79.29
5018	79.32
5019	79.44
5020	79.44
5021	79.17
5022	79.48
5023	79.04
5024	79.21
5025	79
5026	79.02
5027	79.88
5028	79.4
5029	79.65
5030	79.8
5031	79.53
5032	79.44
5033	79.29
5034	79.69
5035	79.51
5036	80.01
5037	78.68
5038	78.73
5039	78.92
5040	78.94
5041	78.75
5042	78.85
5043	79.02
5044	79.46
5045	79.27
5046	79.19
5047	79.13
5048	79.3
5049	79.42
5050	79.23
5051	79.46
5052	79.69
5053	79.38
5054	79.59
5055	79.61
5056	79.08
5057	79.13
5058	78.87
5059	78.85
5060	79.72
5061	79.36
5062	79.25
5063	79.13
5064	79.25
5065	79.21
5066	79.38
5067	79.23
5068	79.15
5069	78.39
5070	78.6
5071	78.96
5072	79.17
5073	79.42
5074	79.13
5075	78.96
5076	78.75
5077	78.5
5078	78.16
5079	78.31
5080	77.76
5081	77.59
5082	77.44
5083	75.81
5084	74.88
5085	74.57
5086	74.27
5087	73.85
5088	73.6
5089	73.28
5090	72.97
5091	72.97
5092	73.32
5093	72.78
5094	72.04
5095	72.51
5096	72.55
5097	72.69
5098	72.95
5099	73.3
5100	73.2
5101	73.51
5102	73.68
5103	73.91
5104	74.46
5105	74.33
5106	74.14
5107	74.02
5108	74.36
5109	74.48
5110	74.46
5111	74.23
5112	74.42
5113	74.56
5114	74.59
5115	74.8
5116	74.99
5117	74.96
5118	75.59
5119	75.28
5120	75.39
5121	75.03
5122	75.03
5123	75.15
5124	75.22
5125	75.22
5126	75.41
5127	75.6
5128	75.57
5129	75.97
5130	75.49
5131	75.24
5132	75.66
5133	75.59
5134	76.46
5135	75.53
5136	75.34
5137	75.34
5138	75.66
5139	76.21
5140	75.59
5141	75.39
5142	75.95
5143	75.93
5144	76.42
5145	75.62
5146	75.3
5147	75.53
5148	75.55
5149	76.1
5150	75.53
5151	75.38
5152	75.47
5153	75.91
5154	75.55
5155	75.26
5156	75.66
5157	76.01
5158	75.24
5159	75.51
5160	75.66
5161	75.66
5162	75.36
5163	75.18
5164	75.51
5165	75.97
5166	75.43
5167	75.97
5168	76.2
5169	75.64
5170	75.8
5171	76.16
5172	75.49
5173	75.47
5174	75.89
5175	76.31
5176	75.49
5177	76.04
5178	76.35
5179	75.49
5180	76.21
5181	76.1
5182	75.64
5183	75.72
5184	76.12
5185	75.49
5186	75.8
5187	76.29
5188	75.32
5189	75.66
5190	76.04
5191	75.81
5192	76.21
5193	76.27
5194	75.83
5195	76.2
5196	75.3
5197	75.68
5198	76.12
5199	75.39
5200	75.7
5201	76.02
5202	75.55
5203	75.85
5204	76.29
5205	75.6
5206	76.04
5207	75.89
5208	76.04
5209	76.56
5210	75.64
5211	76.21
5212	76.46
5213	75.83
5214	76.2
5215	76.31
5216	76.27
5217	76.02
5218	76.31
5219	76.88
5220	75.76
5221	75.95
5222	76.21
5223	76.41
5224	75.76
5225	76.01
5226	76.1
5227	75.64
5228	76.27
5229	76.21
5230	76.83
5231	75.97
5232	76.29
5233	76.83
5234	76.21
5235	75.95
5236	76.12
5237	76.56
5238	76.06
5239	75.95
5240	76.52
5241	76.9
5242	76.08
5243	75.64
5244	76.41
5245	76.46
5246	76.39
5247	76.25
5248	76.23
5249	76.41
5250	76.81
5251	76.21
5252	76.18
5253	76.94
5254	76.75
5255	76.14
5256	76.21
5257	76.65
5258	76.63
5259	76.9
5260	76.33
5261	76.33
5262	76.44
5263	76.62
5264	76.39
5265	75.7
5266	76.25
5267	76.39
5268	76.21
5269	76.02
5270	76.39
5271	76.33
5272	76.23
5273	76.35
5274	75.97
5275	76.25
5276	76.37
5277	76.21
5278	76.04
5279	76.83
5280	76.39
5281	76.6
5282	76.23
5283	76.37
5284	76.37
5285	76.63
5286	76.23
5287	76.08
5288	76.79
5289	76.02
5290	75.59
5291	76.2
5292	76.6
5293	75.91
5294	75.99
5295	76.21
5296	76.75
5297	76.69
5298	75.85
5299	75.99
5300	76.54
5301	76.84
5302	76.42
5303	76.58
5304	75.89
5305	76.31
5306	76.71
5307	76.21
5308	75.83
5309	76.14
5310	76.27
5311	76.98
5312	76.79
5313	76.69
5314	75.99
5315	76.75
5316	76.52
5317	76.39
5318	76.6
5319	76.71
5320	76.56
5321	75.97
5322	76.12
5323	76.23
5324	76.54
5325	77.05
5326	76.01
5327	75.78
5328	76.35
5329	76.5
5330	76.48
5331	76.23
5332	76.88
5333	76.42
5334	76.46
5335	76.01
5336	76.18
5337	76.52
5338	76.41
5339	75.45
5340	75.95
5341	76.02
5342	76.14
5343	75.36
5344	75.89
5345	76.5
5346	76.5
5347	76.58
5348	76.2
5349	76.37
5350	76.27
5351	75.93
5352	76.52
5353	76.23
5354	76.18
5355	76.12
5356	76.35
5357	76.21
5358	76.23
5359	76.5
5360	76.46
5361	76.54
5362	76.81
5363	76.16
5364	76.6
5365	76.29
5366	76.6
5367	76.92
5368	77.34
5369	76.41
5370	76.75
5371	76.92
5372	76.5
5373	77.15
5374	77.45
5375	77.02
5376	77.32
5377	77.65
5378	77.7
5379	77.44
5380	77.61
5381	77.86
5382	77.78
5383	77.45
5384	77.89
5385	78.85
5386	78.07
5387	77.76
5388	77.87
5389	78.79
5390	77.95
5391	77.97
5392	78.39
5393	78.31
5394	78.75
5395	78.89
5396	78.39
5397	78.03
5398	78.12
5399	78.33
5400	78.03
5401	78.81
5402	78.87
5403	78.66
5404	78.47
5405	78.12
5406	77.99
5407	78.27
5408	78.5
5409	78.58
5410	78.94
5411	78.98
5412	79.15
5413	78.73
5414	78.98
5415	78.77
5416	78.56
5417	78.87
5418	78.75
5419	78.94
5420	78.92
5421	78.83
5422	78.48
5423	78.69
5424	78.37
5425	78.71
5426	78.75
5427	78.54
5428	78.64
5429	78.66
5430	78.87
5431	78.85
5432	79.29
5433	79.08
5434	78.64
5435	78.96
5436	78.77
5437	78.54
5438	78.68
5439	79.02
5440	79.08
5441	78.81
5442	79.15
5443	78.94
5444	78.66
5445	78.5
5446	78.16
5447	78.16
5448	78.71
5449	78.87
5450	79
5451	78.92
5452	79.21
5453	78.29
5454	78.68
5455	78.87
5456	78.98
5457	78.92
5458	78.62
5459	78.73
5460	78.81
5461	78.73
5462	78.85
5463	78.68
5464	78.73
5465	78.94
5466	79.02
5467	79.13
5468	78.75
5469	79
5470	79.23
5471	79.1
5472	78.58
5473	78.73
5474	79
5475	79.25
5476	78.5
5477	78.75
5478	78.98
5479	79.3
5480	78.96
5481	79.11
5482	79.13
5483	78.79
5484	78.68
5485	79.06
5486	79.21
5487	79
5488	78.6
5489	78.75
5490	79.53
5491	79.38
5492	78.5
5493	78.54
5494	78.75
5495	78.68
5496	78.98
5497	78.31
5498	78.77
5499	78.83
5500	79
5501	78.47
5502	79.04
5503	78.85
5504	78.69
5505	78.83
5506	79.06
5507	79.1
5508	78.75
5509	78.29
5510	78.9
5511	78.96
5512	79.1
5513	78.54
5514	79.57
5515	78.79
5516	79.38
5517	79.11
5518	78.94
5519	79.42
5520	78.79
5521	78.39
5522	79.1
5523	78.48
5524	78.71
5525	78.89
5526	79.06
5527	78.64
5528	79.27
5529	79.15
5530	78.47
5531	79.15
5532	79.1
5533	78.83
5534	78.69
5535	79.42
5536	78.52
5537	78.66
5538	79.65
5539	78.16
5540	78.47
5541	79.78
5542	78.33
5543	78.77
5544	78.64
5545	78.45
5546	78.71
5547	78.79
5548	79.48
5549	78.47
5550	78.6
5551	78.48
5552	77.7
5553	76.96
5554	77.02
5555	76.37
5556	75.17
5557	74.82
5558	74.9
5559	74.02
5560	73.6
5561	73.2
5562	73.45
5563	72.61
5564	72.84
5565	72.71
5566	72.92
5567	72.32
5568	72.76
5569	73.45
5570	73.39
5571	72.71
5572	73.49
5573	73.53
5574	73.85
5575	73.18
5576	74.06
5577	74.12
5578	73.95
5579	73.6
5580	74.31
5581	74.42
5582	74.8
5583	74.52
5584	74.25
5585	74.17
5586	74.57
5587	74.59
5588	75.05
5589	74.88
5590	74.96
5591	74.12
5592	74.38
5593	74.67
5594	74.69
5595	75.03
5596	75.62
5597	75.24
5598	75.24
5599	74.84
5600	74.86
5601	74.9
5602	75.78
5603	75.43
5604	75.39
5605	75.07
5606	75.39
5607	75.68
5608	75.78
5609	75.68
5610	75.87
5611	75.8
5612	75.83
5613	75.7
5614	75.45
5615	75.59
5616	75.74
5617	75.81
5618	75.64
5619	76.12
5620	75.93
5621	75.91
5622	75.45
5623	75.57
5624	75.8
5625	76.01
5626	75.91
5627	75.78
5628	76.31
5629	76.33
5630	76.29
5631	76.56
5632	76.16
5633	76.01
5634	75.68
5635	75.68
5636	76.41
5637	76.04
5638	76.63
5639	76.31
5640	76.46
5641	76.06
5642	75.49
5643	75.24
5644	75.97
5645	75.57
5646	75.49
5647	75.66
5648	75.76
5649	75.74
5650	75.81
5651	76.2
5652	76.31
5653	76.21
5654	75.97
5655	75.6
5656	76.14
5657	75.74
5658	76.39
5659	75.81
5660	75.97
5661	76.08
5662	75.8
5663	75.45
5664	75.43
5665	75.87
5666	75.78
5667	76.06
5668	76.21
5669	76.37
5670	76.27
5671	76.5
5672	76.48
5673	76.46
5674	76.67
5675	75.8
5676	76.01
5677	75.91
5678	75.72
5679	75.43
5680	75.7
5681	75.72
5682	75.87
5683	75.72
5684	76.1
5685	76.04
5686	76.42
5687	76.06
5688	75.89
5689	75.99
5690	76.06
5691	75.99
5692	75.62
5693	75.68
5694	75.7
5695	75.55
5696	75.49
5697	75.55
5698	75.66
5699	75.62
5700	75.74
5701	75.72
5702	75.6
5703	75.57
5704	75.53
5705	75.87
5706	75.99
5707	75.59
5708	75.7
5709	75.62
5710	76.02
5711	75.93
5712	76.31
5713	76.33
5714	76.23
5715	76.33
5716	75.59
5717	76.14
5718	75.62
5719	75.87
5720	75.53
5721	75.83
5722	76.2
5723	76.12
5724	76.08
5725	76.08
5726	76.06
5727	76.23
5728	76.18
5729	75.99
5730	76.5
5731	76.65
5732	76.39
5733	76.01
5734	75.55
5735	75.76
5736	75.95
5737	76.23
5738	75.95
5739	76.1
5740	76.21
5741	76.63
5742	76.46
5743	76.69
5744	76.42
5745	76.37
5746	75.8
5747	76.37
5748	76.33
5749	76.46
5750	76.12
5751	76.37
5752	76.44
5753	76.31
5754	76.65
5755	76.62
5756	76.37
5757	76.54
5758	75.76
5759	76.62
5760	75.64
5761	75.81
5762	75.72
5763	75.83
5764	75.72
5765	75.7
5766	76.02
5767	76.6
5768	75.95
5769	76.08
5770	76.39
5771	76.18
5772	76.21
5773	76.14
5774	75.72
5775	75.49
5776	75.78
5777	76.23
5778	75.95
5779	75.99
5780	75.91
5781	76.39
5782	76.48
5783	76.56
5784	76.39
5785	76.42
5786	76.02
5787	75.99
5788	75.74
5789	76.16
5790	76.52
5791	76.52
5792	76.46
5793	75.91
5794	76.01
5795	76.56
5796	76.37
5797	76.48
5798	76.63
5799	75.85
5800	75.89
5801	76.46
5802	76.25
5803	76.16
5804	76.29
5805	76.63
5806	75.6
5807	76.06
5808	76.04
5809	75.85
5810	76.14
5811	76.48
5812	76.41
5813	75.93
5814	76.62
5815	76.75
5816	76.39
5817	76.52
5818	76.69
5819	76.1
5820	76.14
5821	76.16
5822	76.18
5823	76.16
5824	76.6
5825	76.41
5826	76.46
5827	75.99
5828	76.31
5829	76.1
5830	76.1
5831	75.85
5832	75.57
5833	75.85
5834	76.23
5835	76.16
5836	75.85
5837	76.2
5838	75.62
5839	75.85
5840	76.06
5841	75.85
5842	75.49
5843	76.06
5844	76.31
5845	75.81
5846	76.52
5847	76.56
5848	77
5849	76.54
5850	76.75
5851	77.15
5852	77.4
5853	76.96
5854	76.86
5855	77.63
5856	77.55
5857	77.99
5858	77.84
5859	77.17
5860	77.34
5861	77.72
5862	77.7
5863	77.66
5864	78.22
5865	78.01
5866	77.57
5867	77.57
5868	77.76
5869	78.03
5870	78.41
5871	78.39
5872	78.1
5873	77.66
5874	78.33
5875	78.24
5876	78.2
5877	78.39
5878	78.83
5879	78.14
5880	77.8
5881	77.76
5882	77.95
5883	77.87
5884	77.99
5885	78.16
5886	78.58
5887	77.8
5888	77.74
5889	77.95
5890	78.08
5891	78.24
5892	78.27
5893	78.41
5894	78.16
5895	78.73
5896	78.14
5897	78.18
5898	78.31
5899	78.1
5900	77.95
5901	78.14
5902	78.18
5903	77.93
5904	77.82
5905	78.03
5906	78.48
5907	78.39
5908	78.81
5909	78.69
5910	78.89
5911	78.62
5912	78.83
5913	78.87
5914	78.29
5915	78.1
5916	78.33
5917	78.24
5918	78.24
5919	78.27
5920	78.07
5921	78.16
5922	78.2
5923	78.24
5924	78.1
5925	78.26
5926	78.45
5927	78.47
5928	78.5
5929	78.31
5930	78.52
5931	78.68
5932	78.73
5933	78.83
5934	78.35
5935	78.43
5936	78.64
5937	78.54
5938	78.18
5939	78.24
5940	77.93
5941	78.08
5942	78.12
5943	78.26
5944	78.47
5945	78.45
5946	78.77
5947	79.19
5948	78.6
5949	78.85
5950	79.06
5951	79.23
5952	78.56
5953	78.79
5954	78.62
5955	78.68
5956	78.07
5957	78.22
5958	77.91
5959	78.31
5960	78.29
5961	78.24
5962	78.47
5963	78.27
5964	78.41
5965	78.43
5966	78.58
5967	78.77
5968	78.47
5969	78.5
5970	78.41
5971	78.71
5972	78.03
5973	77.93
5974	78.37
5975	78.33
5976	78.94
5977	78.89
5978	78.71
5979	78.62
5980	78.77
5981	79
5982	79
5983	78.77
5984	78.5
5985	78.22
5986	78.64
5987	78.22
5988	77.97
5989	78.14
5990	78.62
5991	78.22
5992	78.07
5993	78.16
5994	78.43
5995	78.69
5996	78.64
5997	78.29
5998	78.22
5999	78.1
6000	78.22
6001	77.89
6002	77.95
6003	78.56
6004	78.68
6005	78.31
6006	78.62
6007	78.71
6008	78.47
6009	78.87
6010	78.29
6011	78.79
6012	78.77
6013	78.43
6014	78.6
6015	79.15
6016	78.71
6017	78.45
6018	77.86
6019	78.31
6020	78.24
6021	78.69
6022	78.62
6023	78.64
6024	78.16
6025	77.55
6026	77.76
6027	76.84
6028	76.42
6029	75.74
6030	75.53
6031	75.45
6032	74.35
6033	73.85
6034	73.75
6035	72.93
6036	72.48
6037	72.92
6038	72.92
6039	72.53
6040	72.86
6041	72.21
6042	72.8
6043	72.72
6044	72.71
6045	73.11
6046	72.4
6047	72.99
6048	73.16
6049	72.42
6050	73.35
6051	73.58
6052	73.26
6053	74.06
6054	73.3
6055	73.62
6056	74.06
6057	73.79
6058	73.83
6059	74.27
6060	73.96
6061	74.17
6062	74.33
6063	73.79
6064	74.23
6065	74.61
6066	74.38
6067	74.52
6068	74.65
6069	74.44
6070	73.98
6071	74.67
6072	75.05
6073	74.5
6074	74.57
6075	74.75
6076	74.98
6077	74.52
6078	75.11
6079	75.01
6080	75.39
6081	74.82
6082	75.26
6083	75.28
6084	74.98
6085	74.61
6086	75.22
6087	75.43
6088	75.36
6089	74.94
6090	74.96
6091	74.96
6092	75.26
6093	75.41
6094	75.38
6095	75.11
6096	74.82
6097	75.11
6098	75.28
6099	75.18
6100	75.39
6101	74.84
6102	75.13
6103	75.24
6104	75.26
6105	75.81
6106	75.13
6107	75.24
6108	75.78
6109	75.72
6110	75.49
6111	75.72
6112	76.14
6113	75.18
6114	75.32
6115	75.38
6116	75.34
6117	75.59
6118	75.43
6119	75.62
6120	76.29
6121	75.81
6122	75.78
6123	75.3
6124	75.45
6125	75.59
6126	75.43
6127	75.87
6128	75.68
6129	75.99
6130	75.99
6131	75.83
6132	76.31
6133	76.31
6134	76.41
6135	76.39
6136	75.26
6137	75.49
6138	75.24
6139	76.02
6140	75.36
6141	75.34
6142	75.74
6143	75.45
6144	75.32
6145	75.78
6146	75.57
6147	75.59
6148	75.39
6149	75.8
6150	75.53
6151	75.55
6152	75.55
6153	75.62
6154	75.99
6155	75.53
6156	75.7
6157	75.85
6158	75.74
6159	75.62
6160	75.47
6161	75.49
6162	75.8
6163	75.74
6164	75.91
6165	75.85
6166	75.89
6167	75.89
6168	76.42
6169	76.1
6170	76.25
6171	76.2
6172	76.54
6173	75.53
6174	75.7
6175	75.72
6176	75.81
6177	75.87
6178	76.35
6179	76.56
6180	76.44
6181	76.04
6182	75.97
6183	76.27
6184	76.23
6185	76.14
6186	76.39
6187	76.21
6188	76.23
6189	76.42
6190	76.02
6191	75.99
6192	76.02
6193	75.81
6194	75.8
6195	75.28
6196	75.6
6197	76.02
6198	76.14
6199	76.08
6200	75.6
6201	75.66