1	283.5100098
2	283.4299927
3	283.4700012
4	283.4100037
5	283.4100037
6	283.4100037
7	283.4100037
8	283.5299988
9	283.4899902
10	283.5100098
11	283.5100098
12	283.5499878
13	283.5799866
14	283.5100098
15	283.5299988
16	283.5499878
17	283.6400146
18	283.6400146
19	283.6199951
20	283.6199951
21	283.6400146
22	283.6000061
23	283.6199951
24	283.6600037
25	283.6400146
26	283.6400146
27	283.6199951
28	283.6199951
29	283.5499878
30	283.6199951
31	283.6000061
32	283.5499878
33	283.6199951
34	283.6000061
35	283.6199951
36	283.6000061
37	283.6199951
38	283.6199951
39	283.5799866
40	283.5499878
41	283.5299988
42	283.5299988
43	283.5100098
44	283.5499878
45	283.5499878
46	283.6199951
47	283.5299988
48	283.6799927
49	283.6000061
50	283.6000061
51	283.6199951
52	283.6600037
53	283.6799927
54	283.7399902
55	283.7399902
56	283.6799927
57	283.7000122
58	283.6000061
59	283.6799927
60	283.6400146
61	283.6000061
62	283.6600037
63	283.6199951
64	283.6400146
65	283.6600037
66	283.6799927
67	283.5799866
68	283.5799866
69	283.6400146
70	283.6400146
71	283.6400146
72	283.6000061
73	283.6199951
74	283.6400146
75	283.6600037
76	283.6199951
77	283.6199951
78	283.6400146
79	283.6600037
80	283.5799866
81	283.6799927
82	283.6199951
83	283.6600037
84	283.6600037
85	283.6799927
86	283.6199951
87	283.5799866
88	283.7600098
89	283.7000122
90	283.6600037
91	283.7000122
92	283.6600037
93	283.7000122
94	283.6600037
95	283.6000061
96	283.5799866
97	283.6400146
98	283.6199951
99	283.2999878
100	283.0299988
101	282.7999878
102	282.7200012
103	282.6300049
104	282.6300049
105	282.6099854
106	282.7000122
107	282.7999878
108	282.8399963
109	282.8399963
110	283.1400146
111	283.3500061
112	283.3699951
113	283.4500122
114	283.7000122
115	283.9100037
116	283.9100037
117	284.1199951
118	284.3500061
119	284.3500061
120	284.5
121	284.5
122	284.5599976
123	284.6400146
124	284.7000122
125	284.75
126	284.8500061
127	284.9100037
128	285.019989
129	285.0599976
130	285.0599976
131	284.9299927
132	284.8699951
133	284.9599915
134	285
135	284.980011
136	284.8900146
137	284.8699951
138	284.8699951
139	284.8500061
140	284.8900146
141	284.8900146
142	285
143	285.1900024
144	285.269989
145	285.3699951
146	285.3299866
147	285.25
148	285.25
149	285.3500061
150	285.3099976
151	285.1900024
152	285.1199951
153	285.1600037
154	285.1900024
155	285.1900024
156	285.230011
157	285.269989
158	285.1900024
159	285.2099915
160	285.230011
161	285.25
162	285.1400146
163	285.1400146
164	285.0799866
165	285.0799866
166	285.1199951
167	285.1000061
168	285.1000061
169	285.1400146
170	285.3699951
171	285.3500061
172	285.1600037
173	284.9100037
174	284.9299927
175	284.8900146
176	284.9100037
177	284.8699951
178	284.75
179	284.8299866
180	284.8299866
181	284.8099976
182	284.9100037
183	284.9599915
184	285.1900024
185	285.269989
186	285.3500061
187	285.3500061
188	285.1600037
189	285.1199951
190	284.980011
191	284.8500061
192	284.8099976
193	284.8699951
194	284.9100037
195	285.1600037
196	285.1600037
197	285.269989
198	285.3099976
199	285.1400146
200	285.230011
201	285.1600037
202	285.1199951
203	285.25
204	285.2900085
205	285.1900024
206	285.1400146
207	285.1000061
208	285.1199951
209	285.0599976
210	285.0799866
211	285.1400146
212	285.1400146
213	284.980011
214	284.8699951
215	284.7900085
216	284.5599976
217	284.5400085
218	284.6600037
219	284.6600037
220	284.7000122
221	284.730011
222	284.8099976
223	284.8299866
224	284.9599915
225	285.0599976
226	285.0599976
227	285.3500061
228	285.269989
229	285.25
230	285.1199951
231	284.9299927
232	284.8299866
233	284.7900085
234	284.8500061
235	284.9599915
236	285.0400085
237	285.269989
238	285.269989
239	285.269989
240	285.1199951
241	285.1400146
242	285.1000061
243	285.0400085
244	284.8900146
245	284.8699951
246	284.8500061
247	284.769989
248	284.9100037
249	284.980011
250	285.0799866
251	285.0799866
252	285.019989
253	284.8500061
254	284.8299866
255	284.980011
256	285.1199951
257	285.1199951
258	285.1199951
259	285.1000061
260	284.980011
261	284.9299927
262	284.980011
263	285.1199951
264	285.1199951
265	285.1900024
266	285.230011
267	285.3500061
268	285.3900146
269	285.3500061
270	285.25
271	285.25
272	285.1600037
273	285
274	285.019989
275	285.0400085
276	285.25
277	285.4400024
278	285.6900024
279	285.8500061
280	286.0400085
281	286.0799866
282	286.1499939
283	286.1499939
284	286.1900024
285	286.1900024
286	286.0400085
287	285.769989
288	285.2099915
289	284.3900146
290	284.3900146
291	282.6799927
292	281.3599854
293	280.6300049
294	279.480011
295	278.6199951
296	277.8200073
297	277.8200073
298	277.1499939
299	276.8599854
300	276.7999878
301	276.6900024
302	276.7600098
303	276.8399963
304	276.9200134
305	277.2000122
306	277.3200073
307	277.6400146
308	277.7799988
309	278.0100098
310	278.1799927
311	278.2799988
312	278.7000122
313	278.8299866
314	279.0400085
315	279.3299866
316	279.3299866
317	279.3299866
318	279.480011
319	279.6400146
320	279.8500061
321	280.0400085
322	280.0400085
323	280.3099976
324	280.4400024
325	280.4400024
326	280.6300049
327	280.7099915
328	280.8099976
329	280.8099976
330	280.9400024
331	280.980011
332	281.0400085
333	281.1099854
334	281.1900024
335	281.2999878
336	281.3200073
337	281.4599915
338	281.5899963
339	281.6499939
340	281.7600098
341	281.7099915
342	281.7099915
343	281.7799988
344	281.7799988
345	281.8999939
346	281.8999939
347	281.8800049
348	281.8800049
349	282.0100098
350	282.0299988
351	282.1499939
352	282.2000122
353	282.2399902
354	282.2399902
355	282.2600098
356	282.2600098
357	282.2799988
358	282.2999878
359	282.2999878
360	282.3399963
361	282.3399963
362	282.4299927
363	282.3999939
364	282.3999939
365	282.3999939
366	282.4899902
367	282.4700012
368	282.4700012
369	282.4700012
370	282.5700073
371	282.6600037
372	282.5700073
373	282.6099854
374	282.6300049
375	282.5899963
376	282.5700073
377	282.6600037
378	282.7000122
379	282.6799927
380	282.6799927
381	282.7399902
382	282.7799988
383	282.7600098
384	282.7600098
385	282.7000122
386	282.6799927
387	282.7399902
388	282.7399902
389	282.7399902
390	282.7799988
391	282.7600098
392	282.8200073
393	282.8200073
394	282.7399902
395	282.7000122
396	282.6600037
397	282.7799988
398	282.7999878
399	282.8399963
400	282.8399963
401	282.7999878
402	282.9100037
403	282.8900146
404	282.8900146
405	282.8900146
406	282.9100037
407	282.9100037
408	282.9500122
409	282.9700012
410	282.9299927
411	283.0100098
412	283.0299988
413	283.0499878
414	282.9899902
415	283.0499878
416	283.0299988
417	283.0299988
418	283.1400146
419	283.0700073
420	283.1400146
421	283.1400146
422	283.1400146
423	283.0700073
424	283.1600037
425	283.1400146
426	283.1199951
427	283.0899963
428	283.0700073
429	283.0499878
430	283.1799927
431	283.1600037
432	283.1600037
433	283.1400146
434	283.2000122
435	283.1600037
436	283.1400146
437	283.0899963
438	283.1400146
439	283.1400146
440	283.2200012
441	283.1600037
442	283.1400146
443	283.1799927
444	283.1199951
445	283.1400146
446	283.1199951
447	283.1400146
448	283.1799927
449	283.1400146
450	283.0700073
451	283.0499878
452	283.0100098
453	283.0499878
454	283.0299988
455	283.0700073
456	283.0499878
457	283.1400146
458	283.1199951
459	283.1199951
460	283.0899963
461	283.1199951
462	283.1199951
463	283.2000122
464	283.2000122
465	283.1400146
466	283.0700073
467	283.2000122
468	283.1400146
469	283.1799927
470	283.1799927
471	283.1799927
472	283.1799927
473	283.2200012
474	283.2399902
475	283.2200012
476	283.2200012
477	283.2399902
478	283.2399902
479	283.2600098
480	283.2600098
481	283.2399902
482	283.3500061
483	283.2799988
484	283.2799988
485	283.2200012
486	283.2799988
487	283.2200012
488	283.2399902
489	283.2999878
490	283.2600098
491	283.2999878
492	283.3200073
493	283.3500061
494	283.3200073
495	283.2999878
496	283.2999878
497	283.3200073
498	283.3500061
499	283.3500061
500	283.3500061
501	283.3500061
502	283.3500061
503	283.3500061
504	283.3699951
505	283.4100037
506	283.3900146
507	283.3900146
508	283.4299927
509	283.3500061
510	283.3500061
511	283.3200073
512	283.3900146
513	283.3200073
514	283.3699951
515	283.2999878
516	283.2999878
517	283.2600098
518	283.2600098
519	283.3200073
520	283.3200073
521	283.3500061
522	283.4100037
523	283.3900146
524	283.3500061
525	283.3200073
526	283.3699951
527	283.3500061
528	283.3200073
529	283.4100037
530	283.3699951
531	283.3699951
532	283.3200073
533	283.2399902
534	283.3699951
535	283.3699951
536	283.3500061
537	283.3500061
538	283.3500061
539	283.3900146
540	283.3699951
541	283.3900146
542	283.3900146
543	283.3900146
544	283.3900146
545	283.4299927
546	283.4100037
547	283.4100037
548	283.4299927
549	283.4299927
550	283.4100037
551	283.4100037
552	283.4700012
553	283.4899902
554	283.4299927
555	283.3900146
556	283.4500122
557	283.4899902
558	283.4299927
559	283.4100037
560	283.4700012
561	283.4700012
562	283.4500122
563	283.4700012
564	283.4100037
565	283.4100037
566	283.4100037
567	283.3900146
568	283.3500061
569	283.3500061
570	283.2999878
571	283.2999878
572	283.1799927
573	283.0299988
574	283.0299988
575	282.9100037
576	282.7399902
577	282.7000122
578	282.6600037
579	282.5499878
580	282.5299988
581	282.5299988
582	282.6300049
583	282.7600098
584	282.8900146
585	283.2999878
586	283.5299988
587	283.7200012
588	283.8099976
589	284.0799866
590	284.0400085
591	284.0100098
592	284.1799927
593	284.1600037
594	284.2000122
595	284.2200012
596	284.5400085
597	284.5599976
598	284.6600037
599	284.7000122
600	284.7000122
601	284.6600037
602	284.6000061
603	284.6000061
604	284.5799866
605	284.6199951
606	284.6000061
607	284.730011
608	284.7900085
609	284.75
610	284.730011
611	284.730011
612	284.7000122
613	284.7000122
614	284.75
615	284.8099976
616	284.8900146
617	284.9100037
618	284.8900146
619	285
620	285
621	284.9599915
622	284.8900146
623	284.8900146
624	284.9599915
625	285.0599976
626	284.980011
627	284.9100037
628	285.0599976
629	285.0799866
630	285.019989
631	284.980011
632	285
633	285.0599976
634	285.1199951
635	285.1900024
636	285.25
637	285.1400146
638	285.0799866
639	284.980011
640	284.9599915
641	284.980011
642	284.9599915
643	285.0400085
644	285.0799866
645	285.0799866
646	285.1199951
647	285.0799866
648	285.1199951
649	285.0599976
650	284.9299927
651	284.980011
652	284.980011
653	284.8299866
654	284.9100037
655	284.9299927
656	284.9100037
657	284.9299927
658	285
659	284.9599915
660	285.019989
661	284.9299927
662	285
663	284.9100037
664	284.980011
665	284.980011
666	284.9599915
667	285.019989
668	285.0599976
669	285.0799866
670	285.1400146
671	285.1400146
672	285.0599976
673	285.1000061
674	285.0400085
675	285
676	284.9599915
677	284.9599915
678	285.019989
679	285.0400085
680	285.019989
681	285.0599976
682	285.1000061
683	285.230011
684	285.230011
685	285.230011
686	285.1600037
687	285.1000061
688	285.2900085
689	285.230011
690	285.1600037
691	285.1600037
692	285
693	284.9299927
694	285.019989
695	285.1900024
696	285.2900085
697	285.3699951
698	285.3500061
699	285.1199951
700	285.1199951
701	285.1400146
702	285.1000061
703	285.019989
704	285.019989
705	285
706	285.1199951
707	285.0799866
708	285.1000061
709	285.019989
710	284.9299927
711	284.8500061
712	284.7000122
713	284.8099976
714	284.980011
715	285.019989
716	285.019989
717	285.019989
718	285.0599976
719	285.0799866
720	285.1199951
721	285.1000061
722	285.0799866
723	285.0799866
724	284.8500061
725	284.8099976
726	284.7900085
727	284.8500061
728	284.8900146
729	284.8900146
730	284.8900146
731	284.9100037
732	284.8900146
733	284.8500061
734	284.8500061
735	284.8099976
736	284.7900085
737	284.7900085
738	284.6799927
739	284.75
740	284.769989
741	284.8299866
742	284.8099976
743	284.8699951
744	284.8900146
745	285.0799866
746	285.1400146
747	285.0599976
748	285.1199951
749	285.2099915
750	285.4200134
751	285.5
752	285.75
753	285.8800049
754	285.9599915
755	285.9599915
756	286
757	286.019989
758	286.019989
759	285.9599915
760	285.6000061
761	284.9299927
762	284.9299927
763	283.4100037
764	282.3200073
765	281.730011
766	280.3800049
767	279.1600037
768	278.6600037
769	278.2399902
770	277.2399902
771	277.0100098
772	276.6900024
773	276.5100098
774	276.5100098
775	276.4400024
776	276.4400024
777	276.6099854
778	276.6900024
779	276.9500122
780	277.1099854
781	277.2399902
782	277.4700012
783	277.5899963
784	277.8699951
785	278.1600037
786	278.4100037
787	278.4100037
788	278.8699951
789	279.1000061
790	279.1799927
791	279.3299866
792	279.5
793	279.75
794	279.75
795	280
796	280.1000061
797	280.1900024
798	280.3500061
799	280.519989
800	280.6900024
801	280.6900024
802	280.769989
803	280.8099976
804	280.8399963
805	280.8399963
806	280.9599915
807	281.0400085
808	281.0700073
809	281.1700134
810	281.230011
811	281.25
812	281.269989
813	281.4200134
814	281.480011
815	281.5499878
816	281.6099854
817	281.6300049
818	281.6700134
819	281.7799988
820	281.8200073
821	281.8200073
822	281.8399963
823	281.8200073
824	281.8599854
825	281.9400024
826	281.9400024
827	281.9599915
828	282.0499878
829	282.0100098
830	282.0700073
831	282.0899963
832	282.1300049
833	282.1300049
834	282.2000122
835	282.2000122
836	282.2399902
837	282.2200012
838	282.2000122
839	282.2399902
840	282.2000122
841	282.3200073
842	282.3599854
843	282.3599854
844	282.3800049
845	282.3800049
846	282.4299927
847	282.4700012
848	282.4500122
849	282.4500122
850	282.3999939
851	282.5100098
852	282.4899902
853	282.5100098
854	282.4700012
855	282.5299988
856	282.5499878
857	282.5899963
858	282.5899963
859	282.5899963
860	282.6300049
861	282.5499878
862	282.6799927
863	282.6099854
864	282.6799927
865	282.6799927
866	282.6600037
867	282.6799927
868	282.6099854
869	282.6300049
870	282.6600037
871	282.6600037
872	282.6600037
873	282.7000122
874	282.7999878
875	282.7999878
876	282.7799988
877	282.8900146
878	282.7999878
879	282.8399963
880	282.8399963
881	282.8399963
882	282.8200073
883	282.7999878
884	282.8900146
885	282.7999878
886	282.7799988
887	282.8399963
888	282.8599854
889	282.8900146
890	282.8599854
891	282.9100037
892	282.8900146
893	282.8599854
894	282.8599854
895	282.8599854
896	282.8900146
897	282.8900146
898	282.8399963
899	282.9100037
900	282.8900146
901	282.8399963
902	282.8399963
903	282.8399963
904	282.8399963
905	282.9100037
906	282.8399963
907	282.9100037
908	282.9500122
909	282.9299927
910	282.8599854
911	282.8900146
912	282.8900146
913	282.8900146
914	282.9100037
915	282.8599854
916	282.8900146
917	282.8399963
918	282.9100037
919	282.8399963
920	282.8599854
921	282.8399963
922	282.9100037
923	282.9100037
924	282.9100037
925	282.9100037
926	282.8599854
927	282.8599854
928	282.8900146
929	282.8900146
930	282.8900146
931	283.0100098
932	282.9899902
933	283.0299988
934	282.9899902
935	282.9700012
936	282.9700012
937	282.9899902
938	283.0299988
939	283.0100098
940	283.0299988
941	283.0499878
942	283.0499878
943	283.0499878
944	282.9700012
945	282.8900146
946	282.9500122
947	282.9899902
948	282.9500122
949	282.9700012
950	282.9500122
951	283.0299988
952	283.0100098
953	282.9700012
954	282.9500122
955	283.0299988
956	282.9700012
957	282.9899902
958	283.0299988
959	283.0299988
960	283.0100098
961	283.0100098
962	282.9700012
963	283.0100098
964	282.9500122
965	282.9700012
966	282.9500122
967	282.9700012
968	282.9700012
969	283.0700073
970	283.0299988
971	283.0299988
972	283.0499878
973	283.0499878
974	283.0499878
975	283.0499878
976	283.0499878
977	283.0899963
978	283.0499878
979	283.0700073
980	283.1400146
981	283.1600037
982	283.1600037
983	283.1199951
984	283.1400146
985	283.1400146
986	283.1199951
987	283.0899963
988	283.1199951
989	283.1400146
990	283.1600037
991	283.1799927
992	283.1600037
993	283.0899963
994	283.0700073
995	283.0299988
996	283.0299988
997	283.1400146
998	283.0700073
999	283.0700073
1000	283.1199951
1001	283.1199951
1002	283.0499878
1003	283.1400146
1004	283.0700073
1005	283.1600037
1006	283.1799927
1007	283.1799927
1008	283.2000122
1009	283.1600037
1010	283.1199951
1011	283.1199951
1012	283.0899963
1013	283.1400146
1014	283.1400146
1015	283.1600037
1016	283.1600037
1017	283.2000122
1018	283.1600037
1019	283.1600037
1020	283.1400146
1021	283.1600037
1022	283.2000122
1023	283.2200012
1024	283.2200012
1025	283.2200012
1026	283.2000122
1027	283.2000122
1028	283.1600037
1029	283.2000122
1030	283.2399902
1031	283.1799927
1032	283.1799927
1033	283.2399902
1034	283.1400146
1035	283.0899963
1036	283.0899963
1037	283.0899963
1038	283.1199951
1039	283.1199951
1040	283.0499878
1041	283.1400146
1042	283.2200012
1043	283.1400146
1044	283.0499878
1045	282.9899902
1046	282.9899902
1047	282.6099854
1048	282.3800049
1049	282.2600098
1050	282.0499878
1051	282.1300049
1052	282.0899963
1053	282.0899963
1054	281.9599915
1055	282.0299988
1056	281.9599915
1057	282.1099854
1058	282.2999878
1059	282.4299927
1060	282.5899963
1061	282.8900146
1062	282.9500122
1063	283.2000122
1064	283.4100037
1065	283.4700012
1066	283.5100098
1067	283.4899902
1068	283.7600098
1069	283.8099976
1070	283.9700012
1071	283.9700012
1072	283.9500122
1073	284.0799866
1074	284.0100098
1075	284.1199951
1076	284.1799927
1077	284.2200012
1078	284.2200012
1079	284.0400085
1080	284.0400085
1081	284.0599976
1082	284.1000061
1083	284.2399902
1084	284.2200012
1085	284.2200012
1086	284.2900085
1087	284.3500061
1088	284.4100037
1089	284.3299866
1090	284.2900085
1091	284.3699951
1092	284.3900146
1093	284.519989
1094	284.519989
1095	284.519989
1096	284.5
1097	284.3699951
1098	284.3699951
1099	284.269989
1100	284.3099976
1101	284.3099976
1102	284.4500122
1103	284.4500122
1104	284.4700012
1105	284.3699951
1106	284.3699951
1107	284.3500061
1108	284.3299866
1109	284.3299866
1110	284.3500061
1111	284.3099976
1112	284.3299866
1113	284.3699951
1114	284.3699951
1115	284.519989
1116	284.6600037
1117	284.6600037
1118	284.6400146
1119	284.4500122
1120	284.3500061
1121	284.269989
1122	284.3299866
1123	284.4100037
1124	284.4100037
1125	284.4100037
1126	284.4299927
1127	284.4299927
1128	284.4299927
1129	284.3900146
1130	284.4500122
1131	284.4500122
1132	284.4100037
1133	284.4700012
1134	284.4700012
1135	284.4299927
1136	284.4100037
1137	284.3900146
1138	284.3900146
1139	284.3500061
1140	284.3900146
1141	284.4299927
1142	284.5799866
1143	284.7000122
1144	284.7000122
1145	284.6600037
1146	284.6000061
1147	284.5799866
1148	284.6600037
1149	284.6600037
1150	284.5799866
1151	284.4700012
1152	284.4700012
1153	284.519989
1154	284.5
1155	284.4700012
1156	284.4700012
1157	284.6400146
1158	284.75
1159	284.730011
1160	284.6799927
1161	284.730011
1162	284.6199951
1163	284.6199951
1164	284.519989
1165	284.7000122
1166	284.6799927
1167	284.6799927
1168	284.5599976
1169	284.6199951
1170	284.5799866
1171	284.6000061
1172	284.6000061
1173	284.6199951
1174	284.5799866
1175	284.519989
1176	284.5599976
1177	284.5799866
1178	284.5599976
1179	284.5
1180	284.4500122
1181	284.3500061
1182	284.3099976
1183	284.3099976
1184	284.3500061
1185	284.3699951
1186	284.5
1187	284.5799866
1188	284.5799866
1189	284.6199951
1190	284.6600037
1191	284.6799927
1192	284.730011
1193	284.730011
1194	284.730011
1195	284.730011
1196	284.6799927
1197	284.5400085
1198	284.4100037
1199	284.3900146
1200	284.5
1201	284.519989
1202	284.5599976
1203	284.6600037
1204	284.6600037
1205	284.730011
1206	284.8099976
1207	284.8299866
1208	284.8500061
1209	284.8299866
1210	284.9100037
1211	284.9299927
1212	284.8699951
1213	284.7900085
1214	284.730011
1215	284.6799927
1216	284.730011
1217	284.6600037
1218	284.6600037
1219	284.769989
1220	284.769989
1221	284.6400146
1222	284.7900085
1223	284.9599915
1224	285.269989
1225	285.4400024
1226	285.6499939
1227	285.6499939
1228	285.8099976
1229	285.8500061
1230	285.8999939
1231	285.8299866
1232	285.7900085
1233	285.480011
1234	285.480011
1235	284.8500061
1236	283.8299866
1237	283.1799927
1238	281.6900024
1239	280.3500061
1240	279.6900024
1241	279.1199951
1242	277.6600037
1243	277.2200012
1244	276.6099854
1245	276.1900024
1246	276.1099854
1247	276.0299988
1248	276
1249	276
1250	275.980011
1251	276.230011
1252	276.4599915
1253	276.5499878
1254	276.8399963
1255	276.9500122
1256	277.2600098
1257	277.5499878
1258	277.7399902
1259	277.7399902
1260	278.0799866
1261	278.3500061
1262	278.4299927
1263	278.6400146
1264	278.9100037
1265	279.1000061
1266	279.1000061
1267	279.5
1268	279.6400146
1269	279.7900085
1270	280
1271	280.230011
1272	280.2099915
1273	280.3299866
1274	280.4599915
1275	280.480011
1276	280.519989
1277	280.6300049
1278	280.75
1279	280.7900085
1280	280.8800049
1281	280.980011
1282	281
1283	281.0899963
1284	281.1900024
1285	281.2099915
1286	281.2999878
1287	281.3200073
1288	281.480011
1289	281.480011
1290	281.5
1291	281.5700073
1292	281.5
1293	281.6300049
1294	281.6499939
1295	281.730011
1296	281.7600098
1297	281.8399963
1298	281.8399963
1299	281.9400024
1300	281.9899902
1301	281.9899902
1302	282.0299988
1303	282.0700073
1304	282.0700073
1305	282.0700073
1306	282.0499878
1307	282.0700073
1308	282.1499939
1309	282.1700134
1310	282.2399902
1311	282.3200073
1312	282.2600098
1313	282.2999878
1314	282.2600098
1315	282.2799988
1316	282.3599854
1317	282.4299927
1318	282.3999939
1319	282.4299927
1320	282.4299927
1321	282.4299927
1322	282.4299927
1323	282.4299927
1324	282.3800049
1325	282.3999939
1326	282.4500122
1327	282.4700012
1328	282.5100098
1329	282.5499878
1330	282.5499878
1331	282.5299988
1332	282.4899902
1333	282.4500122
1334	282.4500122
1335	282.4700012
1336	282.4700012
1337	282.4700012
1338	282.5499878
1339	282.5899963
1340	282.6099854
1341	282.6099854
1342	282.7200012
1343	282.7000122
1344	282.6300049
1345	282.7600098
1346	282.7399902
1347	282.7799988
1348	282.7399902
1349	282.7399902
1350	282.7000122
1351	282.6799927
1352	282.7000122
1353	282.7399902
1354	282.7200012
1355	282.7999878
1356	282.8200073
1357	282.7999878
1358	282.7799988
1359	282.7799988
1360	282.7799988
1361	282.7999878
1362	282.7999878
1363	282.8200073
1364	282.8200073
1365	282.7999878
1366	282.7799988
1367	282.8399963
1368	282.7999878
1369	282.7999878
1370	282.8599854
1371	282.8599854
1372	282.7999878
1373	282.8200073
1374	282.8599854
1375	282.8900146
1376	282.8900146
1377	282.8900146
1378	282.8900146
1379	282.9500122
1380	282.9500122
1381	282.8399963
1382	282.8399963
1383	282.8599854
1384	282.9500122
1385	282.9299927
1386	282.9100037
1387	282.9500122
1388	282.9299927
1389	282.9500122
1390	282.9899902
1391	282.9899902
1392	283.0100098
1393	283.0100098
1394	283.0299988
1395	283.0499878
1396	282.9899902
1397	282.9700012
1398	282.9700012
1399	282.9500122
1400	282.9700012
1401	282.9700012
1402	282.9700012
1403	282.9899902
1404	282.9700012
1405	283.0100098
1406	283.0100098
1407	282.9899902
1408	282.9899902
1409	283.0299988
1410	283.1400146
1411	283.0499878
1412	283.0700073
1413	283.0499878
1414	283.0299988
1415	283.0299988
1416	283.0700073
1417	283.0499878
1418	283.0299988
1419	283.0499878
1420	283.0899963
1421	283.0899963
1422	283.0700073
1423	283.0700073
1424	283.0700073
1425	283.0100098
1426	283.0499878
1427	283.0100098
1428	283.0100098
1429	282.9899902
1430	283.0100098
1431	282.9899902
1432	282.9299927
1433	282.9899902
1434	282.9299927
1435	282.9299927
1436	283.0499878
1437	283.0700073
1438	283.1600037
1439	283.1400146
1440	283.1400146
1441	283.0700073
1442	283.1600037
1443	283.1799927
1444	283.1799927
1445	283.1199951
1446	283.1199951
1447	283.1199951
1448	283.1600037
1449	283.2000122
1450	283.2000122
1451	283.1600037
1452	283.1600037
1453	283.1400146
1454	283.1600037
1455	283.1400146
1456	283.1199951
1457	283.1199951
1458	283.1600037
1459	283.2000122
1460	283.2000122
1461	283.2200012
1462	283.2000122
1463	283.2200012
1464	283.1799927
1465	283.2200012
1466	283.2200012
1467	283.2600098
1468	283.2600098
1469	283.2200012
1470	283.2399902
1471	283.2600098
1472	283.2600098
1473	283.2399902
1474	283.2399902
1475	283.2600098
1476	283.2600098
1477	283.2600098
1478	283.2200012
1479	283.2200012
1480	283.2399902
1481	283.2200012
1482	283.1600037
1483	283.2000122
1484	283.2000122
1485	283.2000122
1486	283.2000122
1487	283.2200012
1488	283.2999878
1489	283.2999878
1490	283.2999878
1491	283.2799988
1492	283.2600098
1493	283.2000122
1494	283.2200012
1495	283.1799927
1496	283.1600037
1497	283.2200012
1498	283.2000122
1499	283.2399902
1500	283.2600098
1501	283.3500061
1502	283.2999878
1503	283.2600098
1504	283.2600098
1505	283.3200073
1506	283.3500061
1507	283.3500061
1508	283.4299927
1509	283.2999878
1510	283.3699951
1511	283.3699951
1512	283.2999878
1513	283.2799988
1514	283.2399902
1515	283.2999878
1516	283.2200012
1517	283.1600037
1518	283.1600037
1519	282.9500122
1520	282.8200073
1521	282.7600098
1522	282.6300049
1523	282.5299988
1524	282.4500122
1525	282.4899902
1526	282.4899902
1527	282.4700012
1528	282.4500122
1529	282.6300049
1530	282.7799988
1531	282.8900146
1532	282.8599854
1533	283.0499878
1534	283.1400146
1535	283.2399902
1536	283.4700012
1537	283.5299988
1538	283.8099976
1539	283.9700012
1540	284.0100098
1541	283.9500122
1542	283.9899902
1543	283.9899902
1544	284.1600037
1545	284.2900085
1546	284.3699951
1547	284.5
1548	284.6000061
1549	284.7900085
1550	284.7900085
1551	284.8299866
1552	284.8299866
1553	284.7900085
1554	284.75
1555	284.730011
1556	284.6799927
1557	284.6799927
1558	284.6199951
1559	284.5599976
1560	284.5
1561	284.4700012
1562	284.6199951
1563	284.6199951
1564	284.7000122
1565	284.730011
1566	284.7000122
1567	284.769989
1568	284.8699951
1569	284.8900146
1570	284.9599915
1571	284.9299927
1572	284.9599915
1573	284.9299927
1574	284.9100037
1575	284.8299866
1576	284.8099976
1577	284.8500061
1578	284.8500061
1579	284.9100037
1580	284.769989
1581	284.7900085
1582	284.7900085
1583	284.8299866
1584	284.9299927
1585	284.9599915
1586	284.9299927
1587	285.019989
1588	284.8699951
1589	284.8699951
1590	284.8900146
1591	284.8699951
1592	284.8900146
1593	285
1594	285.0400085
1595	285.0599976
1596	285.0599976
1597	285.1000061
1598	285.2099915
1599	285.1600037
1600	285.1400146
1601	285.1600037
1602	285.1900024
1603	285.0799866
1604	285.0400085
1605	285.0400085
1606	284.9599915
1607	284.9599915
1608	284.9599915
1609	284.7900085
1610	284.8099976
1611	284.8299866
1612	284.8299866
1613	284.8699951
1614	284.75
1615	284.769989
1616	284.75
1617	284.8099976
1618	284.9100037
1619	284.9599915
1620	284.8699951
1621	284.8699951
1622	284.75
1623	284.6799927
1624	284.730011
1625	284.8299866
1626	284.9100037
1627	284.980011
1628	284.980011
1629	284.9599915
1630	284.8699951
1631	284.8099976
1632	284.730011
1633	284.8099976
1634	284.6799927
1635	284.6799927
1636	284.769989
1637	284.7000122
1638	284.6400146
1639	284.6400146
1640	284.75
1641	284.769989
1642	284.9100037
1643	284.9100037
1644	284.9299927
1645	284.8500061
1646	284.75
1647	284.7000122
1648	284.6799927
1649	284.7000122
1650	284.8099976
1651	284.8900146
1652	284.980011
1653	284.980011
1654	284.9599915
1655	285
1656	285.019989
1657	285.0799866
1658	285.0400085
1659	285.0400085
1660	285.0400085
1661	285
1662	284.9100037
1663	284.8900146
1664	284.8699951
1665	284.8900146
1666	284.8299866
1667	284.8299866
1668	285.019989
1669	285.019989
1670	285.0599976
1671	285
1672	284.9599915
1673	284.9100037
1674	284.8500061
1675	284.8299866
1676	284.8900146
1677	284.8500061
1678	284.8099976
1679	284.8699951
1680	285.0400085
1681	285.0799866
1682	285.1600037
1683	285.1000061
1684	285.0599976
1685	285.0799866
1686	285.1199951
1687	285.1600037
1688	285.0799866
1689	284.980011
1690	284.9299927
1691	284.9599915
1692	284.9599915
1693	285.0599976
1694	284.980011
1695	284.980011
1696	285.1900024
1697	285.4599915
1698	285.7099915
1699	285.7099915
1700	285.9599915
1701	286.0799866
1702	286.0400085
1703	286.1499939
1704	286.0799866
1705	286.1099854
1706	285.9599915
1707	285.4200134
1708	285.0799866
1709	284.0599976
1710	282.7200012
1711	281.4599915
1712	280.8099976
1713	280.1499939
1714	278.4100037
1715	277.9299927
1716	277.1799927
1717	276.6099854
1718	276.3999939
1719	276.0700073
1720	275.980011
1721	275.9599915
1722	276.1099854
1723	276.2600098
1724	276.2600098
1725	276.5700073
1726	276.7799988
1727	276.9700012
1728	277.2999878
1729	277.5700073
1730	277.8900146
1731	277.8900146
1732	278.2399902
1733	278.4100037
1734	278.5100098
1735	278.769989
1736	279.0599976
1737	279.269989
1738	279.269989
1739	279.6400146
1740	279.8500061
1741	279.9200134
1742	279.980011
1743	280.0799866
1744	280.1700134
1745	280.1900024
1746	280.480011
1747	280.5400085
1748	280.6300049
1749	280.75
1750	280.769989
1751	280.9400024
1752	280.9599915
1753	281.0899963
1754	281.1099854
1755	281.1700134
1756	281.2999878
1757	281.2999878
1758	281.4200134
1759	281.4599915
1760	281.5299988
1761	281.480011
1762	281.5299988
1763	281.5299988
1764	281.6499939
1765	281.730011
1766	281.7999878
1767	281.9200134
1768	281.8599854
1769	281.8800049
1770	281.8800049
1771	281.9899902
1772	282.0299988
1773	282.0499878
1774	282.1300049
1775	282.1300049
1776	282.0899963
1777	282.0899963
1778	282.2000122
1779	282.1700134
1780	282.2000122
1781	282.2000122
1782	282.2000122
1783	282.2399902
1784	282.2200012
1785	282.3200073
1786	282.3399963
1787	282.3599854
1788	282.3999939
1789	282.3599854
1790	282.3599854
1791	282.3999939
1792	282.3399963
1793	282.3599854
1794	282.3800049
1795	282.3800049
1796	282.4700012
1797	282.4899902
1798	282.5499878
1799	282.5499878
1800	282.5899963
1801	282.6099854
1802	282.6099854
1803	282.5899963
1804	282.5700073
1805	282.6300049
1806	282.5899963
1807	282.5899963
1808	282.6600037
1809	282.6600037
1810	282.7200012
1811	282.6600037
1812	282.7000122
1813	282.6799927
1814	282.7000122
1815	282.7000122
1816	282.7799988
1817	282.7999878
1818	282.7999878
1819	282.7600098
1820	282.7799988
1821	282.7399902
1822	282.7600098
1823	282.7799988
1824	282.8200073
1825	282.7999878
1826	282.8399963
1827	282.8900146
1828	282.8599854
1829	282.8900146
1830	282.8599854
1831	282.8900146
1832	282.8200073
1833	282.8399963
1834	282.8399963
1835	282.8900146
1836	282.8900146
1837	282.7999878
1838	282.7999878
1839	282.9100037
1840	282.9100037
1841	282.9100037
1842	282.8399963
1843	282.9899902
1844	282.9899902
1845	283.0100098
1846	283.0499878
1847	283.0700073
1848	283.0299988
1849	283.0100098
1850	283.0499878
1851	283.0899963
1852	283.0899963
1853	283.0899963
1854	283.0899963
1855	283.0899963
1856	283.0499878
1857	283.1199951
1858	283.1400146
1859	283.1400146
1860	283.2200012
1861	283.2799988
1862	283.2200012
1863	283.1199951
1864	283.1199951
1865	283.0899963
1866	283.0700073
1867	283.0499878
1868	283.0899963
1869	283.1400146
1870	283.0499878
1871	283.0899963
1872	283.0499878
1873	283.0499878
1874	283.0700073
1875	283.0700073
1876	283.1199951
1877	283.1600037
1878	283.1600037
1879	283.0899963
1880	283.0899963
1881	283.2000122
1882	283.0499878
1883	283.0100098
1884	283.0299988
1885	283.0899963
1886	283.0700073
1887	283.1400146
1888	283.1400146
1889	283.0899963
1890	283.0499878
1891	283.1400146
1892	283.1199951
1893	283.1600037
1894	283.1600037
1895	283.1400146
1896	283.1799927
1897	283.1199951
1898	283.1199951
1899	283.1199951
1900	283.1199951
1901	283.0700073
1902	283.0899963
1903	283.1400146
1904	283.0499878
1905	283.0499878
1906	283.0499878
1907	283.0899963
1908	283.0700073
1909	283.0700073
1910	283.1400146
1911	283.1199951
1912	283.1199951
1913	283.1400146
1914	283.1799927
1915	283.2200012
1916	283.2200012
1917	283.1400146
1918	283.1199951
1919	283.1199951
1920	283.1600037
1921	283.1600037
1922	283.1400146
1923	283.2600098
1924	283.2000122
1925	283.2399902
1926	283.2000122
1927	283.1400146
1928	283.1799927
1929	283.1400146
1930	283.2000122
1931	283.1799927
1932	283.1799927
1933	283.2200012
1934	283.2799988
1935	283.3200073
1936	283.2600098
1937	283.3500061
1938	283.2999878
1939	283.2999878
1940	283.3699951
1941	283.3699951
1942	283.2999878
1943	283.2799988
1944	283.2799988
1945	283.2200012
1946	283.2600098
1947	283.2999878
1948	283.2999878
1949	283.2600098
1950	283.2000122
1951	283.2000122
1952	283.2600098
1953	283.2999878
1954	283.2999878
1955	283.2999878
1956	283.2999878
1957	283.3200073
1958	283.2600098
1959	283.2200012
1960	283.2600098
1961	283.2600098
1962	283.2600098
1963	283.2399902
1964	283.2600098
1965	283.2399902
1966	283.1600037
1967	283.2399902
1968	283.2799988
1969	283.3200073
1970	283.3500061
1971	283.3500061
1972	283.3200073
1973	283.2799988
1974	283.3200073
1975	283.2999878
1976	283.2999878
1977	283.2999878
1978	283.2799988
1979	283.2799988
1980	283.2999878
1981	283.2600098
1982	283.2799988
1983	283.2799988
1984	283.2600098
1985	283.2399902
1986	283.2600098
1987	283.2399902
1988	283.2600098
1989	283.2000122
1990	283.2000122
1991	283.2000122
1992	283.0499878
1993	282.9100037
1994	282.6600037
1995	282.4899902
1996	282.4299927
1997	282.3399963
1998	282.3599854
1999	282.3200073
2000	282.2799988
2001	282.1499939
2002	282.1300049
2003	282.2399902
2004	282.3200073
2005	282.7999878
2006	282.9100037
2007	282.9899902
2008	283.0100098
2009	283.0700073
2010	283.2799988
2011	283.4100037
2012	283.6000061
2013	283.8099976
2014	283.8900146
2015	283.8900146
2016	284.0799866
2017	284.2399902
2018	284.3699951
2019	284.4700012
2020	284.5599976
2021	284.5799866
2022	284.5799866
2023	284.6199951
2024	284.8500061
2025	284.9100037
2026	285
2027	285.019989
2028	284.980011
2029	284.980011
2030	284.8299866
2031	284.8500061
2032	284.8299866
2033	284.75
2034	284.769989
2035	284.7900085
2036	284.8099976
2037	285.0400085
2038	285.019989
2039	284.9599915
2040	285
2041	285
2042	284.980011
2043	285
2044	284.9299927
2045	284.8699951
2046	284.9299927
2047	284.9299927
2048	284.8299866
2049	284.75
2050	284.769989
2051	284.8699951
2052	284.8900146
2053	284.7000122
2054	284.7000122
2055	284.6799927
2056	284.8099976
2057	284.8099976
2058	284.8299866
2059	284.8900146
2060	284.8900146
2061	284.8900146
2062	284.7900085
2063	284.75
2064	284.8500061
2065	284.8500061
2066	284.8900146
2067	284.8699951
2068	284.9100037
2069	285.019989
2070	285.0400085
2071	284.980011
2072	284.9599915
2073	284.9599915
2074	284.980011
2075	285.0400085
2076	285.0799866
2077	285.1000061
2078	285.0799866
2079	285.1000061
2080	285.0599976
2081	285.0400085
2082	284.980011
2083	284.9100037
2084	284.8500061
2085	284.8500061
2086	284.8500061
2087	284.9299927
2088	285.1199951
2089	285.1000061
2090	285.1000061
2091	284.980011
2092	285.1000061
2093	285.1000061
2094	285.1900024
2095	285.1400146
2096	285.1199951
2097	285
2098	285
2099	285.019989
2100	285.0400085
2101	285.0400085
2102	285
2103	284.980011
2104	284.8099976
2105	284.7000122
2106	284.7900085
2107	284.769989
2108	284.6199951
2109	284.6600037
2110	284.730011
2111	284.75
2112	284.730011
2113	284.769989
2114	284.9100037
2115	284.9100037
2116	284.7900085
2117	284.769989
2118	284.8299866
2119	284.75
2120	284.7900085
2121	284.769989
2122	284.730011
2123	284.7900085
2124	284.6799927
2125	284.6799927
2126	284.5400085
2127	284.5799866
2128	284.6000061
2129	284.6600037
2130	284.8099976
2131	284.8500061
2132	284.8500061
2133	284.8500061
2134	284.9100037
2135	284.980011
2136	285.0599976
2137	285.1600037
2138	285.1600037
2139	285.1000061
2140	285.2099915
2141	285.2099915
2142	285.2099915
2143	284.9100037
2144	284.9100037
2145	284.8500061
2146	284.8099976
2147	284.8900146
2148	284.9299927
2149	284.9599915
2150	285.0599976
2151	285.0400085
2152	285.0400085
2153	285.0599976
2154	285.0599976
2155	285.019989
2156	285.0400085
2157	285.0400085
2158	285.0799866
2159	284.9599915
2160	284.980011
2161	284.9100037
2162	285
2163	284.980011
2164	284.980011
2165	285.0400085
2166	285.0400085
2167	285.019989
2168	284.980011
2169	285.1000061
2170	285.1000061
2171	285.3699951
2172	285.7900085
2173	285.9599915
2174	286.019989
2175	286.0400085
2176	286.0400085
2177	286.0799866
2178	286.1099854
2179	285.7900085
2180	285.6499939
2181	285.0400085
2182	284.1400146
2183	283.6199951
2184	282.4899902
2185	281.9400024
2186	280.730011
2187	279.4299927
2188	278.3299866
2189	277.4700012
2190	277.0899963
2191	276.6499939
2192	276.3999939
2193	276.1700134
2194	276.0299988
2195	275.9599915
2196	275.9599915
2197	276.1099854
2198	276.3200073
2199	276.4899902
2200	276.7999878
2201	277.1099854
2202	277.3200073
2203	277.3200073
2204	277.7999878
2205	278.1000061
2206	278.2000122
2207	278.4500122
2208	278.6000061
2209	278.7000122
2210	278.7000122
2211	279.1199951
2212	279.2900085
2213	279.4599915
2214	279.6000061
2215	279.8699951
2216	279.9400024
2217	280.0400085
2218	280.1900024
2219	280.269989
2220	280.4400024
2221	280.5799866
2222	280.5799866
2223	280.730011
2224	280.75
2225	280.8999939
2226	280.9200134
2227	281.019989
2228	281.019989
2229	281.1900024
2230	281.2999878
2231	281.269989
2232	281.3200073
2233	281.3599854
2234	281.4200134
2235	281.4200134
2236	281.5
2237	281.5899963
2238	281.6300049
2239	281.6499939
2240	281.730011
2241	281.7099915
2242	281.7099915
2243	281.730011
2244	281.7799988
2245	281.7999878
2246	281.8599854
2247	281.9200134
2248	281.9400024
2249	281.9899902
2250	282.0299988
2251	282.0499878
2252	282.0299988
2253	282.0499878
2254	282.1099854
2255	282.1099854
2256	282.1499939
2257	282.2600098
2258	282.2399902
2259	282.2600098
2260	282.2200012
2261	282.2200012
2262	282.2799988
2263	282.3599854
2264	282.3599854
2265	282.3999939
2266	282.4899902
2267	282.4899902
2268	282.5100098
2269	282.4500122
2270	282.4700012
2271	282.4500122
2272	282.4700012
2273	282.5100098
2274	282.5100098
2275	282.4700012
2276	282.5100098
2277	282.4700012
2278	282.5700073
2279	282.5499878
2280	282.5499878
2281	282.5499878
2282	282.6300049
2283	282.6600037
2284	282.6300049
2285	282.6300049
2286	282.7200012
2287	282.7000122
2288	282.7200012
2289	282.7600098
2290	282.7399902
2291	282.7600098
2292	282.8200073
2293	282.8599854
2294	282.7799988
2295	282.8200073
2296	282.8200073
2297	282.8900146
2298	282.9500122
2299	282.9500122
2300	282.9100037
2301	282.8900146
2302	282.9899902
2303	282.9700012
2304	282.9500122
2305	282.9500122
2306	282.9500122
2307	283.0100098
2308	283.0100098
2309	282.9899902
2310	283.0100098
2311	282.9299927
2312	283.0100098
2313	283.0100098
2314	283.0100098
2315	283.0299988
2316	282.9899902
2317	283.0299988
2318	282.9500122
2319	282.9700012
2320	283.0100098
2321	283.1199951
2322	283.0899963
2323	283.1199951
2324	283.0899963
2325	283.0899963
2326	283.0299988
2327	282.9899902
2328	283.0899963
2329	283.1199951
2330	283.1199951
2331	283.1400146
2332	283.1400146
2333	283.1799927
2334	283.1799927
2335	283.2200012
2336	283.1199951
2337	283.1799927
2338	283.1799927
2339	283.2200012
2340	283.2000122
2341	283.1600037
2342	283.1600037
2343	283.2200012
2344	283.1600037
2345	283.1600037
2346	283.1400146
2347	283.1600037
2348	283.0899963
2349	283.1400146
2350	283.1400146
2351	283.1600037
2352	283.1799927
2353	283.2799988
2354	283.2600098
2355	283.2200012
2356	283.2000122
2357	283.2399902
2358	283.1799927
2359	283.1400146
2360	283.1400146
2361	283.1199951
2362	283.2399902
2363	283.2399902
2364	283.2600098
2365	283.2200012
2366	283.2799988
2367	283.2799988
2368	283.2799988
2369	283.3500061
2370	283.3500061
2371	283.2200012
2372	283.2799988
2373	283.2799988
2374	283.3200073
2375	283.2600098
2376	282.9899902
2377	282.9899902
2378	282.8900146
2379	283.0299988
2380	283.0899963
2381	283.1400146
2382	283.1799927
2383	283.0299988
2384	283.0299988
2385	282.6600037
2386	282.2000122
2387	282.0499878
2388	281.6900024
2389	281.4400024
2390	281.3800049
2391	281.3800049
2392	281.6300049
2393	281.6499939
2394	281.5
2395	281.3200073
2396	281.230011
2397	281.25
2398	281.25
2399	281.0899963
2400	281.0700073
2401	281.1300049
2402	281.1900024
2403	281.0899963
2404	281.1099854
2405	281.0899963
2406	281.0899963
2407	281.0400085
2408	281.019989
2409	281.019989
2410	280.769989
2411	280.6499939
2412	280.6300049
2413	280.519989
2414	280.5400085
2415	280.519989
2416	280.519989
2417	280.519989
2418	280.519989
2419	280.5400085
2420	280.519989
2421	280.5599976
2422	280.5400085
2423	280.5400085
2424	280.6099854
2425	280.5799866
2426	280.6499939
2427	280.5599976
2428	280.6300049
2429	280.5799866
2430	280.519989
2431	280.5
2432	280.4599915
2433	280.5599976
2434	280.8599854
2435	280.9599915
2436	281.0899963
2437	281.019989
2438	280.8099976
2439	280.6900024
2440	280.6300049
2441	280.6499939
2442	280.6099854
2443	280.480011
2444	280.4599915
2445	280.6300049
2446	280.9400024
2447	281.0899963
2448	281.0899963
2449	281.0400085
2450	280.8999939
2451	280.9400024
2452	281.230011
2453	281.230011
2454	281.2999878
2455	281.2999878
2456	281.3800049
2457	281.3800049
2458	281.3399963
2459	281.1499939
2460	281.2099915
2461	281.230011
2462	281.1900024
2463	281.1499939
2464	281.2099915
2465	281.3800049
2466	281.7099915
2467	281.9400024
2468	282.0700073
2469	282.0700073
2470	282.4700012
2471	282.5299988
2472	282.6300049
2473	282.7000122
2474	282.7600098
2475	282.8900146
2476	282.9700012
2477	283.2200012
2478	283.3699951
2479	283.5799866
2480	283.5799866
2481	283.9299927
2482	284.1799927
2483	284.1600037
2484	284.3299866
2485	284.2900085
2486	284.5
2487	284.5
2488	284.6400146
2489	284.730011
2490	284.769989
2491	284.8500061
2492	284.8500061
2493	284.8900146
2494	284.8900146
2495	284.9299927
2496	285.0599976
2497	285.1400146
2498	285.269989
2499	285.2099915
2500	285.1600037
2501	285.0599976
2502	284.7900085
2503	284.6600037
2504	284.5799866
2505	284.4500122
2506	284.5599976
2507	284.6199951
2508	284.6199951
2509	284.8099976
2510	284.8699951
2511	285
2512	285.019989
2513	285.0400085
2514	285.0599976
2515	285.1199951
2516	285.0400085
2517	285.019989
2518	285.1000061
2519	285.1000061
2520	285.1199951
2521	285.0400085
2522	284.980011
2523	285.019989
2524	285.0400085
2525	285.1600037
2526	285.1600037
2527	285.1600037
2528	285.1199951
2529	285.1000061
2530	285.1000061
2531	285.1400146
2532	285.1000061
2533	285.1400146
2534	285.269989
2535	285.25
2536	285.230011
2537	285.1199951
2538	285.1199951
2539	285.1000061
2540	285.1600037
2541	285.1600037
2542	285.1199951
2543	285.2099915
2544	285.1400146
2545	285.0599976
2546	285.0799866
2547	285.019989
2548	285.1600037
2549	285.1900024
2550	285.3500061
2551	285.3500061
2552	285.4599915
2553	285.5400085
2554	285.5599976
2555	285.5400085
2556	285.3900146
2557	285.3099976
2558	285.3099976
2559	285.1900024
2560	285.230011
2561	285.3299866
2562	285.3699951
2563	285.2900085
2564	285.1000061
2565	285.1000061
2566	285.1900024
2567	285.2099915
2568	285.1600037
2569	285.1199951
2570	285.0599976
2571	285.019989
2572	285.0400085
2573	285.0799866
2574	285.1400146
2575	285.25
2576	285.269989
2577	285.269989
2578	285.1000061
2579	285.1000061
2580	285.1000061
2581	285.1199951
2582	285.1600037
2583	285.1000061
2584	285.019989
2585	285
2586	285.0599976
2587	285.0799866
2588	285.2099915
2589	285.3299866
2590	285.3299866
2591	285.1900024
2592	285.1000061
2593	285.1000061
2594	285.1000061
2595	285.1600037
2596	285.1199951
2597	285.1199951
2598	285.019989
2599	285.0599976
2600	285.1199951
2601	285.2099915
2602	285.3900146
2603	285.5
2604	285.5
2605	285.3299866
2606	285.3699951
2607	285.3500061
2608	285.3099976
2609	285.25
2610	285.1900024
2611	285.230011
2612	285.25
2613	285.25
2614	285.25
2615	285.269989
2616	285.2900085
2617	285.3500061
2618	285.3699951
2619	285.4400024
2620	285.5799866
2621	285.6000061
2622	285.5599976
2623	285.5799866
2624	285.5
2625	285.480011
2626	285.5599976
2627	285.519989
2628	285.5400085
2629	285.5400085
2630	285.5400085
2631	285.3299866
2632	285.25
2633	285.269989
2634	285.25
2635	285.1400146
2636	285.1400146
2637	285.0799866
2638	285.1199951
2639	285.1900024
2640	285.1000061
2641	285.0599976
2642	285.0599976
2643	285.1199951
2644	284.9599915
2645	284.730011
2646	284.6400146
2647	284.5599976
2648	284.3900146
2649	284.2200012
2650	284.1600037
2651	284.1799927
2652	284.2900085
2653	284.4100037
2654	284.269989
2655	284.1400146
2656	283.8299866
2657	283.4700012
2658	282.7200012
2659	281.730011
2660	280.75
2661	280.75
2662	279.1400146
2663	278.3099976
2664	277.9500122
2665	277.3399963
2666	276.9200134
2667	276.7399902
2668	276.7399902
2669	276.5100098
2670	276.4599915
2671	276.4599915
2672	276.5299988
2673	276.5899963
2674	276.7200012
2675	276.7799988
2676	276.9500122
2677	277.1099854
2678	277.1499939
2679	277.3399963
2680	277.5100098
2681	277.5299988
2682	277.6600037
2683	277.8900146
2684	277.8699951
2685	277.8900146
2686	278.0799866
2687	278.2200012
2688	278.4299927
2689	278.5100098
2690	278.7000122
2691	278.9299927
2692	279.230011
2693	279.2900085
2694	279.3500061
2695	279.3299866
2696	279.3099976
2697	279.3699951
2698	279.4599915
2699	279.5400085
2700	279.5400085
2701	279.519989
2702	279.519989
2703	279.6000061
2704	279.6900024
2705	279.7900085
2706	279.9400024
2707	279.9400024
2708	280.1000061
2709	280.0599976
2710	280.1700134
2711	280.3299866
2712	280.480011
2713	280.480011
2714	280.519989
2715	280.6300049
2716	280.6900024
2717	280.8099976
2718	280.8999939
2719	280.8800049
2720	280.8599854
2721	280.9200134
2722	280.9400024
2723	281.0700073
2724	281.1099854
2725	281.0700073
2726	280.9400024
2727	280.8599854
2728	280.9200134
2729	280.8999939
2730	280.8599854
2731	280.8599854
2732	280.8599854
2733	280.7900085
2734	280.769989
2735	280.8399963
2736	280.9599915
2737	280.9599915
2738	281
2739	281
2740	280.9400024
2741	280.9599915
2742	281
2743	281.1700134
2744	281.3200073
2745	281.4599915
2746	281.4599915
2747	281.5299988
2748	281.480011
2749	281.4400024
2750	281.25
2751	281.1900024
2752	281.1700134
2753	281.1499939
2754	281.1700134
2755	281.269989
2756	281.3999939
2757	281.3599854
2758	281.3399963
2759	281.4200134
2760	281.4200134
2761	281.3399963
2762	281.4599915
2763	281.5
2764	281.480011
2765	281.480011
2766	281.5899963
2767	281.6900024
2768	281.8399963
2769	281.8599854
2770	281.8200073
2771	281.8200073
2772	281.7999878
2773	281.9899902
2774	282.0700073
2775	282.1300049
2776	282.0299988
2777	281.6900024
2778	281.6900024
2779	281.8399963
2780	281.8399963
2781	281.7999878
2782	281.8399963
2783	281.7799988
2784	281.7799988
2785	281.7600098
2786	281.6700134
2787	281.6300049
2788	281.6099854
2789	281.6099854
2790	281.6499939
2791	281.7999878
2792	281.8599854
2793	281.9400024
2794	281.9599915
2795	282.0299988
2796	282.0299988
2797	282.0700073
2798	281.8800049
2799	281.7999878
2800	281.8200073
2801	281.8800049
2802	281.7600098
2803	281.7600098
2804	281.6700134
2805	281.6300049
2806	281.6099854
2807	281.6499939
2808	281.6499939
2809	281.5899963
2810	281.5899963
2811	281.6099854
2812	281.6099854
2813	281.730011
2814	281.6900024
2815	281.6900024
2816	281.7600098
2817	281.7600098
2818	281.5899963
2819	281.5899963
2820	281.6499939
2821	281.6900024
2822	281.8399963
2823	281.9599915
2824	282.0499878
2825	282.1300049
2826	282.0499878
2827	281.9599915
2828	281.8399963
2829	281.7999878
2830	281.6700134
2831	281.5899963
2832	281.480011
2833	281.4200134
2834	281.5499878
2835	281.6700134
2836	281.7099915
2837	281.7600098
2838	281.7799988
2839	281.730011
2840	281.730011
2841	281.5899963
2842	281.5899963
2843	281.6700134
2844	281.5499878
2845	281.480011
2846	281.6300049
2847	281.8399963
2848	281.8999939
2849	281.8999939
2850	281.8399963
2851	281.7999878
2852	281.7799988
2853	281.7600098
2854	281.8599854
2855	281.9899902
2856	281.9599915
2857	281.9899902
2858	282.1700134
2859	282.2600098
2860	282.2799988
2861	282.3200073
2862	282.3399963
2863	282.2799988
2864	282.2999878
2865	282.2999878
2866	282.2600098
2867	282.3800049
2868	282.3800049
2869	282.3800049
2870	282.4700012
2871	282.5899963
2872	282.4700012
2873	282.2799988
2874	282.2799988
2875	282.0499878
2876	282.0700073
2877	282.0899963
2878	282.1300049
2879	282.2000122
2880	282.1499939
2881	282.1499939
2882	282.0899963
2883	282.1099854
2884	282.0700073
2885	281.9599915
2886	281.9200134
2887	281.9899902
2888	281.9899902
2889	282.1700134
2890	282.2200012
2891	282.2200012
2892	282.1499939
2893	282.2600098
2894	282.3599854
2895	282.3999939
2896	282.1499939
2897	282.2000122
2898	282.2000122
2899	282.2399902
2900	282.2399902
2901	282.2799988
2902	282.2600098
2903	282.2200012
2904	282.2399902
2905	282.3200073
2906	282.3200073
2907	282.3599854
2908	282.3599854
2909	282.2999878
2910	282.3399963
2911	282.3399963
2912	282.2200012
2913	282.2200012
2914	282.0499878
2915	282.2000122
2916	282.2600098
2917	282.2200012
2918	282.2600098
2919	282.2799988
2920	282.2799988
2921	282.3399963
2922	282.2799988
2923	282.2399902
2924	282.3200073
2925	282.2799988
2926	282.2799988
2927	282.2000122
2928	282.1300049
2929	282.3999939
2930	282.3800049
2931	282.3800049
2932	282.2600098
2933	282.2600098
2934	282.2999878
2935	282.4299927
2936	282.4500122
2937	282.4500122
2938	282.5899963
2939	282.5700073
2940	282.8599854
2941	282.9100037
2942	282.9299927
2943	282.9500122
2944	283.0700073
2945	283.1199951
2946	283.1400146
2947	283.1199951
2948	283.0499878
2949	283.2999878
2950	283.4500122
2951	283.5299988
2952	283.5299988
2953	283.5299988
2954	283.6600037
2955	283.6600037
2956	283.7200012
2957	283.8500061
2958	283.8699951
2959	283.8699951
2960	284.0100098
2961	284.1600037
2962	284.2000122
2963	284.2200012
2964	284.3699951
2965	284.3900146
2966	284.3900146
2967	284.3699951
2968	284.4700012
2969	284.6400146
2970	284.7000122
2971	284.6199951
2972	284.6600037
2973	284.7000122
2974	284.730011
2975	284.75
2976	284.769989
2977	284.6199951
2978	284.6000061
2979	284.5799866
2980	284.6199951
2981	284.6799927
2982	284.730011
2983	284.7900085
2984	284.7900085
2985	284.75
2986	284.75
2987	284.75
2988	284.730011
2989	284.7000122
2990	284.7900085
2991	284.7900085
2992	284.8299866
2993	284.769989
2994	284.8699951
2995	284.980011
2996	285
2997	284.9299927
2998	284.9299927
2999	285.0599976
3000	285.0599976
3001	284.980011
3002	284.9100037
3003	284.9299927
3004	284.8900146
3005	284.9299927
3006	284.980011
3007	285.019989
3008	285.0799866
3009	285.1600037
3010	285.1400146
3011	285.25
3012	285.2099915
3013	285.0599976
3014	285
3015	284.980011
3016	285.0400085
3017	285
3018	284.980011
3019	284.9599915
3020	284.980011
3021	284.980011
3022	284.9599915
3023	284.9599915
3024	284.980011
3025	284.9299927
3026	284.9100037
3027	285
3028	285.019989
3029	285.0599976
3030	285.0599976
3031	285.1400146
3032	285.0799866
3033	285.019989
3034	284.8900146
3035	284.9100037
3036	284.9299927
3037	284.980011
3038	284.9599915
3039	284.9100037
3040	284.8299866
3041	284.8099976
3042	284.8900146
3043	284.9299927
3044	285
3045	285.0799866
3046	285.019989
3047	284.980011
3048	284.9599915
3049	284.9599915
3050	284.9599915
3051	284.980011
3052	284.980011
3053	284.980011
3054	284.9599915
3055	284.9599915
3056	284.9100037
3057	284.8699951
3058	284.8699951
3059	284.8500061
3060	284.9599915
3061	284.8900146
3062	284.8900146
3063	284.8299866
3064	284.8299866
3065	284.8500061
3066	284.9100037
3067	284.980011
3068	285.0400085
3069	285.0400085
3070	284.9100037
3071	284.8699951
3072	284.9299927
3073	285.019989
3074	284.980011
3075	285
3076	285
3077	285.0400085
3078	285.0799866
3079	285.1000061
3080	285.230011
3081	285.2099915
3082	285.2099915
3083	285.1000061
3084	285.1199951
3085	285.0799866
3086	285.1400146
3087	285.269989
3088	285.2900085
3089	285.2900085
3090	285.269989
3091	285.1900024
3092	285.1600037
3093	285.3299866
3094	285.3299866
3095	285.3299866
3096	285.3500061
3097	285.3299866
3098	285.269989
3099	285.25
3100	285.3299866
3101	285.3299866
3102	285.2900085
3103	285.269989
3104	285.25
3105	285.2099915
3106	285.269989
3107	285.2900085
3108	285.3699951
3109	285.3500061
3110	285.4599915
3111	285.5599976
3112	285.5400085
3113	285.3699951
3114	285.3099976
3115	285.230011
3116	285.0799866
3117	285.0400085
3118	284.730011
3119	284.6400146
3120	284.6199951
3121	284.6199951
3122	284.7000122
3123	284.6799927
3124	284.7900085
3125	284.8099976
3126	284.8099976
3127	284.5799866
3128	284.269989
3129	284.1600037
3130	283.6199951
3131	283.0499878
3132	282.5700073
3133	282.5700073
3134	281.6300049
3135	280.980011
3136	280.6499939
3137	279.980011
3138	279.3299866
3139	278.9500122
3140	278.9500122
3141	278.3900146
3142	278.1400146
3143	278.1400146
3144	278.2399902
3145	278.3699951
3146	278.4100037
3147	278.4899902
3148	278.6400146
3149	278.6600037
3150	278.7200012
3151	278.7900085
3152	278.8299866
3153	278.8699951
3154	278.9500122
3155	279.0599976
3156	279.1400146
3157	279.230011
3158	279.2900085
3159	279.4100037
3160	279.6199951
3161	279.730011
3162	279.9400024
3163	280.1499939
3164	280.1000061
3165	280.1000061
3166	280.0799866
3167	280.1700134
3168	280.2099915
3169	280.3500061
3170	280.4599915
3171	280.4400024
3172	280.4400024
3173	280.5799866
3174	280.730011
3175	280.8399963
3176	281.1099854
3177	281.25
3178	281.3599854
3179	281.3999939
3180	281.5700073
3181	281.5
3182	281.4200134
3183	281.3999939
3184	281.4400024
3185	281.5
3186	281.5
3187	281.6099854
3188	281.6499939
3189	281.6099854
3190	281.5899963
3191	281.5499878
3192	281.6099854
3193	281.5700073
3194	281.6300049
3195	281.6099854
3196	281.6499939
3197	281.7999878
3198	281.8399963
3199	281.7600098
3200	281.8200073
3201	281.9899902
3202	282.1099854
3203	282.2399902
3204	282.2399902
3205	282.2600098
3206	282.3800049
3207	282.5100098
3208	282.5299988
3209	282.7000122
3210	282.5499878
3211	282.5499878
3212	282.2999878
3213	282.1300049
3214	282.2399902
3215	282.2799988
3216	282.3800049
3217	282.3800049
3218	282.4700012
3219	282.4500122
3220	282.3800049
3221	282.3800049
3222	282.3800049
3223	282.5100098
3224	282.5700073
3225	282.4899902
3226	282.5700073
3227	282.5899963
3228	282.5899963
3229	282.5899963
3230	282.6799927
3231	282.7600098
3232	282.7799988
3233	282.7999878
3234	282.8900146
3235	282.9500122
3236	282.9500122
3237	283.1400146
3238	282.9899902
3239	282.9500122
3240	282.9500122
3241	282.8599854
3242	282.7799988
3243	282.7799988
3244	282.7200012
3245	282.7200012
3246	282.7600098
3247	282.8599854
3248	282.7200012
3249	282.6799927
3250	282.6799927
3251	282.5700073
3252	282.7399902
3253	282.8599854
3254	283.0899963
3255	283.0700073
3256	283.0299988
3257	283.0100098
3258	282.9100037
3259	282.9500122
3260	282.9899902
3261	282.9100037
3262	282.9700012
3263	282.9899902
3264	282.9500122
3265	283.0100098
3266	283.0299988
3267	283.0299988
3268	283.0499878
3269	282.9100037
3270	282.9299927
3271	282.9500122
3272	282.9700012
3273	282.8599854
3274	282.7999878
3275	282.7999878
3276	282.7799988
3277	282.6799927
3278	282.6600037
3279	282.5700073
3280	282.5499878
3281	282.5100098
3282	282.5100098
3283	282.6099854
3284	282.5499878
3285	282.6600037
3286	282.7600098
3287	282.7200012
3288	282.6600037
3289	282.7000122
3290	282.6799927
3291	282.7399902
3292	282.7999878
3293	282.8900146
3294	282.7999878
3295	282.7600098
3296	282.7600098
3297	282.8200073
3298	282.7999878
3299	282.7999878
3300	282.7999878
3301	282.6600037
3302	282.5899963
3303	282.5299988
3304	282.5499878
3305	282.5700073
3306	282.7600098
3307	282.7600098
3308	282.7999878
3309	282.7399902
3310	282.7999878
3311	282.8200073
3312	282.8200073
3313	282.8599854
3314	282.8599854
3315	282.8399963
3316	282.9100037
3317	282.9299927
3318	282.9500122
3319	282.9500122
3320	282.9299927
3321	282.9299927
3322	282.8399963
3323	282.6799927
3324	282.5899963
3325	282.7399902
3326	282.7999878
3327	282.8399963
3328	282.8599854
3329	282.8599854
3330	282.8200073
3331	282.8399963
3332	282.7799988
3333	282.7600098
3334	282.7600098
3335	282.8399963
3336	283.0100098
3337	282.9700012
3338	282.9299927
3339	282.8399963
3340	282.7999878
3341	282.7600098
3342	282.7600098
3343	282.7200012
3344	282.7600098
3345	282.7200012
3346	282.7200012
3347	282.8900146
3348	282.9100037
3349	282.8599854
3350	282.8399963
3351	283.0299988
3352	283.0899963
3353	283.0899963
3354	283.1799927
3355	283.1799927
3356	283.1400146
3357	283.0700073
3358	283.0499878
3359	283.0499878
3360	283.0299988
3361	282.9700012
3362	282.9100037
3363	282.8399963
3364	282.7600098
3365	282.6300049
3366	282.6099854
3367	282.6099854
3368	282.7000122
3369	282.7000122
3370	282.7000122
3371	282.7000122
3372	282.7000122
3373	282.7200012
3374	282.6799927
3375	282.7600098
3376	282.9700012
3377	283.0499878
3378	283.0499878
3379	282.9299927
3380	282.7999878
3381	282.7200012
3382	282.8599854
3383	282.9899902
3384	283.0899963
3385	283.0899963
3386	283.2799988
3387	283.1600037
3388	283.1199951
3389	283.0899963
3390	283.1400146
3391	283.3500061
3392	283.3500061
3393	283.2399902
3394	283.1199951
3395	283.0899963
3396	283.2000122
3397	283.2600098
3398	283.2200012
3399	283.2600098
3400	283.2399902
3401	283.2600098
3402	283.1600037
3403	283.2999878
3404	283.2200012
3405	283.2000122
3406	283.1400146
3407	282.9899902
3408	283.0100098
3409	282.7799988
3410	282.7600098
3411	282.9100037
3412	283.1799927
3413	283.2799988
3414	283.4700012
3415	283.5299988
3416	283.6400146
3417	283.6400146
3418	283.7399902
3419	283.6799927
3420	283.7000122
3421	283.6799927
3422	283.6799927
3423	283.6799927
3424	283.6799927
3425	283.9299927
3426	284.1600037
3427	284.2900085
3428	284.4500122
3429	284.6000061
3430	284.6600037
3431	284.7000122
3432	284.6400146
3433	284.730011
3434	284.8299866
3435	284.8500061
3436	284.8699951
3437	284.8299866
3438	284.769989
3439	284.7900085
3440	284.8299866
3441	284.8699951
3442	284.9599915
3443	284.980011
3444	285.0400085
3445	284.9599915
3446	284.9599915
3447	284.9100037
3448	284.8699951
3449	285
3450	284.8900146
3451	285.0599976
3452	285.0400085
3453	285.1400146
3454	285.1600037
3455	285.1400146
3456	285.1400146
3457	285.1900024
3458	285.1900024
3459	285.269989
3460	285.3699951
3461	285.3500061
3462	285.3500061
3463	285.3500061
3464	285.3500061
3465	285.3099976
3466	285.3500061
3467	285.3699951
3468	285.3699951
3469	285.3900146
3470	285.5
3471	285.4400024
3472	285.4400024
3473	285.3500061
3474	285.3699951
3475	285.3900146
3476	285.3299866
3477	285.2099915
3478	285.25
3479	285.25
3480	285.1900024
3481	285.230011
3482	285.230011
3483	285.3299866
3484	285.3299866
3485	285.3299866
3486	285.2099915
3487	285.1600037
3488	285.1600037
3489	285.1199951
3490	285.2900085
3491	285.3500061
3492	285.2900085
3493	285.25
3494	285.1600037
3495	285.1600037
3496	285.1900024
3497	285.230011
3498	285.230011
3499	285.4200134
3500	285.4200134
3501	285.4400024
3502	285.4400024
3503	285.4400024
3504	285.3699951
3505	285.3299866
3506	285.4200134
3507	285.5
3508	285.5
3509	285.4400024
3510	285.480011
3511	285.4400024
3512	285.4200134
3513	285.3699951
3514	285.3299866
3515	285.2900085
3516	285.3299866
3517	285.25
3518	285.25
3519	285.3099976
3520	285.4200134
3521	285.3900146
3522	285.4400024
3523	285.3699951
3524	285.5
3525	285.480011
3526	285.5799866
3527	285.5799866
3528	285.5400085
3529	285.5
3530	285.480011
3531	285.519989
3532	285.5
3533	285.5599976
3534	285.5599976
3535	285.5799866
3536	285.6000061
3537	285.6900024
3538	285.6900024
3539	285.6199951
3540	285.6199951
3541	285.6499939
3542	285.4400024
3543	285.4400024
3544	285.5
3545	285.480011
3546	285.4599915
3547	285.5
3548	285.5
3549	285.5599976
3550	285.519989
3551	285.519989
3552	285.519989
3553	285.480011
3554	285.3699951
3555	285.4200134
3556	285.3699951
3557	285.3699951
3558	285.3500061
3559	285.3500061
3560	285.3699951
3561	285.4200134
3562	285.4200134
3563	285.3900146
3564	285.519989
3565	285.5599976
3566	285.5599976
3567	285.519989
3568	285.519989
3569	285.5400085
3570	285.5400085
3571	285.480011
3572	285.5400085
3573	285.5400085
3574	285.5599976
3575	285.5799866
3576	285.6199951
3577	285.5799866
3578	285.480011
3579	285.4400024
3580	285.3900146
3581	285.519989
3582	285.480011
3583	285.480011
3584	285.3699951
3585	285.3699951
3586	285.3500061
3587	285.230011
3588	285
3589	285.019989
3590	285.0599976
3591	285.2099915
3592	285.230011
3593	285.3900146
3594	285.3699951
3595	285.1199951
3596	284.8099976
3597	284.6000061
3598	284.6000061
3599	284.4500122
3600	284.3099976
3601	284.1600037
3602	284.1000061
3603	283.8900146
3604	283.7399902
3605	283.7399902
3606	283.1600037
3607	282.4899902
3608	282.1499939
3609	281.480011
3610	280.8800049
3611	280.6300049
3612	280.3999939
3613	279.9400024
3614	279.6600037
3615	279.5599976
3616	279.4299927
3617	279.4100037
3618	279.480011
3619	279.5599976
3620	279.730011
3621	279.8099976
3622	279.8900146
3623	280.0400085
3624	280.019989
3625	280.019989
3626	280.0599976
3627	280.0599976
3628	280.1000061
3629	280.3800049
3630	280.3800049
3631	280.5400085
3632	280.5799866
3633	280.5400085
3634	280.5400085
3635	280.5599976
3636	280.480011
3637	280.480011
3638	280.6499939
3639	280.8999939
3640	280.8800049
3641	280.8399963
3642	280.8399963
3643	280.980011
3644	280.980011
3645	281.230011
3646	281.3200073
3647	281.3999939
3648	281.5299988
3649	281.5700073
3650	281.5899963
3651	281.5899963
3652	281.7799988
3653	281.8200073
3654	281.8399963
3655	281.9899902
3656	282.0299988
3657	281.8999939
3658	281.9200134
3659	281.8800049
3660	281.9200134
3661	281.9899902
3662	281.9200134
3663	281.9400024
3664	281.8999939
3665	281.8599854
3666	281.730011
3667	281.7600098
3668	281.730011
3669	281.730011
3670	281.7099915
3671	281.8200073
3672	281.9599915
3673	281.8399963
3674	281.8399963
3675	281.9200134
3676	281.9200134
3677	282.1300049
3678	282.2799988
3679	282.2600098
3680	282.3399963
3681	282.5899963
3682	282.6799927
3683	282.7600098
3684	282.7799988
3685	282.8599854
3686	282.7999878
3687	282.8399963
3688	282.9700012
3689	283.0100098
3690	282.9500122
3691	282.8200073
3692	282.7000122
3693	282.5899963
3694	282.5299988
3695	282.4899902
3696	282.4299927
3697	282.4700012
3698	282.5299988
3699	282.6099854
3700	282.6300049
3701	282.5899963
3702	282.5499878
3703	282.7000122
3704	282.7600098
3705	282.9899902
3706	283.0299988
3707	282.8599854
3708	282.8599854
3709	282.7600098
3710	282.7200012
3711	282.7600098
3712	282.6300049
3713	282.5499878
3714	282.4500122
3715	282.4500122
3716	282.3800049
3717	282.7200012
3718	282.9100037
3719	282.9299927
3720	283.0499878
3721	283.0299988
3722	283.0100098
3723	283.1600037
3724	283.0899963
3725	282.9700012
3726	282.7799988
3727	282.7399902
3728	282.7200012
3729	282.7799988
3730	282.8399963
3731	282.7999878
3732	282.7200012
3733	282.8200073
3734	282.8599854
3735	282.9100037
3736	282.8200073
3737	282.7200012
3738	282.7600098
3739	282.7999878
3740	282.7999878
3741	282.7600098
3742	282.7000122
3743	282.6799927
3744	282.5899963
3745	282.6099854
3746	282.7000122
3747	282.7000122
3748	282.8599854
3749	283.1600037
3750	283.2600098
3751	283.2999878
3752	283.3200073
3753	283.2399902
3754	283.2399902
3755	283.1199951
3756	282.9299927
3757	282.9100037
3758	282.8399963
3759	282.7200012
3760	282.7799988
3761	282.7399902
3762	282.7799988
3763	282.8399963
3764	282.9299927
3765	282.8599854
3766	282.8900146
3767	282.9899902
3768	283.0299988
3769	283.0299988
3770	282.9500122
3771	282.8900146
3772	282.7000122
3773	282.6600037
3774	282.6300049
3775	282.6799927
3776	282.6300049
3777	282.7399902
3778	282.8200073
3779	282.8200073
3780	282.6799927
3781	282.7200012
3782	282.6799927
3783	282.7399902
3784	282.9700012
3785	283.0899963
3786	283.0899963
3787	283.0899963
3788	282.8900146
3789	282.7000122
3790	282.6099854
3791	282.5700073
3792	282.7000122
3793	282.6799927
3794	282.8599854
3795	282.8399963
3796	282.7799988
3797	282.8599854
3798	282.9500122
3799	282.8900146
3800	282.9100037
3801	282.7200012
3802	282.6300049
3803	282.5700073
3804	282.6099854
3805	282.6600037
3806	282.6799927
3807	282.7999878
3808	282.7799988
3809	282.8900146
3810	283.1199951
3811	283.1199951
3812	283.1600037
3813	283.2399902
3814	283.2399902
3815	283.2000122
3816	283.0700073
3817	283.0899963
3818	283.0899963
3819	282.9899902
3820	282.9500122
3821	282.8599854
3822	282.7200012
3823	282.8200073
3824	282.7999878
3825	282.7999878
3826	282.8900146
3827	283.0899963
3828	283.1400146
3829	283.3900146
3830	283.5100098
3831	283.6400146
3832	283.5299988
3833	283.2200012
3834	283.0700073
3835	282.8200073
3836	282.7799988
3837	282.7399902
3838	282.6600037
3839	282.7200012
3840	282.8900146
3841	282.9100037
3842	282.9100037
3843	283.0100098
3844	283.0100098
3845	282.9100037
3846	282.9700012
3847	282.7999878
3848	282.7200012
3849	282.7399902
3850	282.7399902
3851	282.8399963
3852	282.9299927
3853	282.8599854
3854	282.8599854
3855	282.9899902
3856	283.0299988
3857	283.0299988
3858	283.2200012
3859	283.2999878
3860	283.2799988
3861	283.2799988
3862	283.1600037
3863	283.0499878
3864	282.8900146
3865	282.6099854
3866	282.5700073
3867	282.5299988
3868	282.6300049
3869	282.6799927
3870	282.7399902
3871	282.7799988
3872	282.8900146
3873	282.7999878
3874	282.9100037
3875	282.9299927
3876	283.0299988
3877	283.0100098
3878	283.0899963
3879	283.1799927
3880	283.1400146
3881	283.0899963
3882	283.0899963
3883	283.0499878
3884	283.1199951
3885	283.2600098
3886	283.4899902
3887	283.6199951
3888	283.6400146
3889	283.6400146
3890	283.7399902
3891	283.8099976
3892	283.7200012
3893	283.8500061
3894	283.8099976
3895	283.9100037
3896	283.9100037
3897	283.9500122
3898	284.0599976
3899	284.0799866
3900	284.1199951
3901	284.2200012
3902	284.2200012
3903	284.2900085
3904	284.3699951
3905	284.4700012
3906	284.519989
3907	284.6400146
3908	284.6799927
3909	284.6600037
3910	284.6400146
3911	284.769989
3912	284.6799927
3913	284.75
3914	284.7900085
3915	284.8500061
3916	284.9599915
3917	285
3918	285.0599976
3919	285
3920	284.980011
3921	284.980011
3922	284.9599915
3923	284.9599915
3924	284.980011
3925	285.019989
3926	285.1000061
3927	285.0599976
3928	285.0599976
3929	285.1199951
3930	285.1199951
3931	285.1199951
3932	285.0599976
3933	285.1900024
3934	285.2099915
3935	285.1900024
3936	285.3099976
3937	285.3299866
3938	285.25
3939	285.3299866
3940	285.3099976
3941	285.3299866
3942	285.2900085
3943	285.3099976
3944	285.2900085
3945	285.3500061
3946	285.3900146
3947	285.4400024
3948	285.3299866
3949	285.3299866
3950	285.230011
3951	285.3299866
3952	285.3299866
3953	285.2900085
3954	285.3099976
3955	285.230011
3956	285.230011
3957	285.2900085
3958	285.4400024
3959	285.4200134
3960	285.4200134
3961	285.3099976
3962	285.230011
3963	285.230011
3964	285.2900085
3965	285.4200134
3966	285.3900146
3967	285.3900146
3968	285.4400024
3969	285.4200134
3970	285.3099976
3971	285.4200134
3972	285.3900146
3973	285.4400024
3974	285.4599915
3975	285.480011
3976	285.4400024
3977	285.4200134
3978	285.4599915
3979	285.4400024
3980	285.4599915
3981	285.5
3982	285.5
3983	285.3900146
3984	285.3900146
3985	285.4200134
3986	285.4599915
3987	285.5599976
3988	285.5400085
3989	285.6000061
3990	285.5799866
3991	285.6000061
3992	285.6000061
3993	285.7099915
3994	285.7099915
3995	285.7099915
3996	285.6199951
3997	285.6000061
3998	285.5400085
3999	285.5400085
4000	285.5400085
4001	285.4200134
4002	285.3500061
4003	285.3500061
4004	285.4400024
4005	285.5
4006	285.519989
4007	285.5799866
4008	285.5400085
4009	285.6199951
4010	285.4599915
4011	285.4599915
4012	285.3699951
4013	285.4599915
4014	285.3299866
4015	285.3500061
4016	285.3500061
4017	285.3699951
4018	285.4599915
4019	285.4400024
4020	285.519989
4021	285.4599915
4022	285.5799866
4023	285.6499939
4024	285.6199951
4025	285.6499939
4026	285.5799866
4027	285.5799866
4028	285.6700134
4029	285.6700134
4030	285.5799866
4031	285.5799866
4032	285.5400085
4033	285.5599976
4034	285.5599976
4035	285.480011
4036	285.4400024
4037	285.269989
4038	285.269989
4039	285.3900146
4040	285.4400024
4041	285.4200134
4042	285.480011
4043	285.5400085
4044	285.5400085
4045	285.6000061
4046	285.6900024
4047	285.730011
4048	285.769989
4049	285.6700134
4050	285.6199951
4051	285.6499939
4052	285.6199951
4053	285.6199951
4054	285.6900024
4055	285.75
4056	285.7900085
4057	285.8099976
4058	285.6499939
4059	285.6199951
4060	285.7099915
4061	285.6199951
4062	285.6000061
4063	285.6000061
4064	285.4599915
4065	285.1900024
4066	285.0400085
4067	285.0599976
4068	285.1900024
4069	285.3500061
4070	285.3500061
4071	285.3099976
4072	285.1400146
4073	285.1199951
4074	284.75
4075	284.5599976
4076	284.2000122
4077	284.2000122
4078	283.7600098
4079	283.4100037
4080	283.1400146
4081	282.5299988
4082	281.8599854
4083	281.5899963
4084	281.3200073
4085	280.75
4086	280.6099854
4087	280.5
4088	280.230011
4089	280.0799866
4090	279.8699951
4091	279.7900085
4092	279.75
4093	279.6900024
4094	279.6400146
4095	279.6900024
4096	279.6900024
4097	279.8099976
4098	279.8500061
4099	279.8500061
4100	279.980011
4101	280.1499939
4102	280.1499939
4103	280.480011
4104	280.5400085
4105	280.6499939
4106	280.769989
4107	280.980011
4108	281.230011
4109	281.230011
4110	281.3200073
4111	281.3999939
4112	281.4599915
4113	281.4599915
4114	281.480011
4115	281.4400024
4116	281.4200134
4117	281.230011
4118	281.2999878
4119	281.3999939
4120	281.6300049
4121	281.8399963
4122	282.0100098
4123	282.0700073
4124	282.2799988
4125	282.3999939
4126	282.6300049
4127	282.7799988
4128	282.8900146
4129	282.9899902
4130	282.9700012
4131	282.7999878
4132	282.7200012
4133	282.5899963
4134	282.5899963
4135	282.5700073
4136	282.7000122
4137	282.7999878
4138	282.8900146
4139	282.8399963
4140	282.8200073
4141	282.8200073
4142	282.7799988
4143	282.7600098
4144	282.7000122
4145	282.6799927
4146	282.5299988
4147	282.4700012
4148	282.4700012
4149	282.4299927
4150	282.4299927
4151	282.4700012
4152	282.5299988
4153	282.5499878
4154	282.4899902
4155	282.5100098
4156	282.4899902
4157	282.4500122
4158	282.3399963
4159	282.4899902
4160	282.6099854
4161	282.6300049
4162	282.5700073
4163	282.5700073
4164	282.5299988
4165	282.5100098
4166	282.5100098
4167	282.5899963
4168	282.7600098
4169	282.7600098
4170	282.7999878
4171	282.8200073
4172	282.8200073
4173	282.8200073
4174	282.9500122
4175	283.0299988
4176	283.0899963
4177	282.9700012
4178	282.9500122
4179	282.9700012
4180	282.9700012
4181	283.0499878
4182	283.1600037
4183	283.2000122
4184	283.1600037
4185	283.0499878
4186	283.0499878
4187	282.9299927
4188	282.9100037
4189	283.0100098
4190	283.1400146
4191	283.2200012
4192	283.1600037
4193	283.1400146
4194	283.0899963
4195	282.9500122
4196	282.9100037
4197	282.9100037
4198	282.8900146
4199	282.9500122
4200	283.1199951
4201	283.2399902
4202	283.2999878
4203	283.3200073
4204	283.4299927
4205	283.4299927
4206	283.4500122
4207	283.5100098
4208	283.5799866
4209	283.6799927
4210	283.6199951
4211	283.3500061
4212	283.3500061
4213	283.3200073
4214	283.4100037
4215	283.3900146
4216	283.4899902
4217	283.3500061
4218	283.1799927
4219	283.1799927
4220	283.1400146
4221	283.2000122
4222	283.2399902
4223	283.3699951
4224	283.2600098
4225	283.2600098
4226	283.2799988
4227	283.1600037
4228	283.0499878
4229	283.0499878
4230	282.9700012
4231	282.9299927
4232	282.9100037
4233	282.8900146
4234	282.8399963
4235	282.8900146
4236	282.9100037
4237	282.8599854
4238	282.8599854
4239	282.8399963
4240	282.8599854
4241	282.8900146
4242	283.0299988
4243	282.9700012
4244	282.9700012
4245	282.7600098
4246	282.8200073
4247	282.7999878
4248	282.8599854
4249	282.9299927
4250	282.9700012
4251	282.9700012
4252	282.9299927
4253	282.8200073
4254	282.7799988
4255	282.7600098
4256	282.7200012
4257	282.7600098
4258	282.7799988
4259	282.8399963
4260	282.7600098
4261	282.6799927
4262	282.6300049
4263	282.7799988
4264	282.7399902
4265	282.7999878
4266	283.0499878
4267	283.1199951
4268	283.0100098
4269	282.9700012
4270	282.9299927
4271	282.7799988
4272	282.7000122
4273	282.6600037
4274	282.7000122
4275	282.7200012
4276	282.7200012
4277	282.8200073
4278	282.8599854
4279	282.8900146
4280	282.9899902
4281	282.9899902
4282	282.8900146
4283	282.8900146
4284	282.9299927
4285	282.9700012
4286	283.0299988
4287	282.9100037
4288	282.7999878
4289	282.9100037
4290	282.9100037
4291	283.0499878
4292	283.0299988
4293	282.9899902
4294	283.2399902
4295	283.3699951
4296	283.4299927
4297	283.5299988
4298	283.7200012
4299	283.7799988
4300	283.5799866
4301	283.4100037
4302	283.2999878
4303	283.3500061
4304	283.3500061
4305	283.4500122
4306	283.4299927
4307	283.4100037
4308	283.3900146
4309	283.3699951
4310	283.2999878
4311	283.2999878
4312	283.2799988
4313	283.3500061
4314	283.4299927
4315	283.4299927
4316	283.3699951
4317	283.1600037
4318	283.0299988
4319	283.0100098
4320	283.0899963
4321	283.2000122
4322	283.2000122
4323	283.1799927
4324	283.1799927
4325	283.1600037
4326	283.0299988
4327	282.9100037
4328	282.9100037
4329	282.9100037
4330	282.9500122
4331	282.9700012
4332	283.0100098
4333	283.0299988
4334	282.9899902
4335	282.9299927
4336	282.9299927
4337	282.8200073
4338	282.8900146
4339	282.8399963
4340	282.9299927
4341	283.0100098
4342	283.1199951
4343	283.2000122
4344	283.3500061
4345	283.5299988
4346	283.5799866
4347	283.6199951
4348	283.6799927
4349	283.7000122
4350	283.7399902
4351	283.8500061
4352	283.8699951
4353	283.7600098
4354	283.7600098
4355	283.7399902
4356	283.6799927
4357	283.7200012
4358	284.0599976
4359	284.1400146
4360	284.1199951
4361	284.1199951
4362	283.9700012
4363	283.9700012
4364	283.9700012
4365	284.0400085
4366	284.1000061
4367	284.1000061
4368	284.0400085
4369	284.1400146
4370	284.1799927
4371	284.2200012
4372	284.3299866
4373	284.4500122
4374	284.4700012
4375	284.4700012
4376	284.4500122
4377	284.4100037
4378	284.5400085
4379	284.6199951
4380	284.6799927
4381	284.769989
4382	284.769989
4383	284.980011
4384	285
4385	285.0799866
4386	285.0799866
4387	285.1199951
4388	285.1900024
4389	285.230011
4390	285.2099915
4391	285.1600037
4392	285.1900024
4393	285.1900024
4394	285.230011
4395	285.2099915
4396	285.230011
4397	285.3299866
4398	285.3900146
4399	285.4599915
4400	285.4599915
4401	285.5400085
4402	285.480011
4403	285.5
4404	285.5599976
4405	285.6700134
4406	285.6900024
4407	285.6199951
4408	285.769989
4409	285.769989
4410	285.6900024
4411	285.6700134
4412	285.6499939
4413	285.6900024
4414	285.6900024
4415	285.769989
4416	285.8800049
4417	285.8500061
4418	285.8299866
4419	285.8099976
4420	285.8500061
4421	285.9200134
4422	285.9400024
4423	285.9400024
4424	285.9599915
4425	285.9599915
4426	285.9200134
4427	286
4428	285.9400024
4429	285.9200134
4430	285.980011
4431	286.0400085
4432	286.0400085
4433	285.9400024
4434	285.9400024
4435	285.8999939
4436	285.8999939
4437	286
4438	286
4439	285.980011
4440	285.9599915
4441	285.8999939
4442	285.9200134
4443	285.980011
4444	286.019989
4445	286.019989
4446	286.0400085
4447	286
4448	285.9599915
4449	285.9599915
4450	285.8800049
4451	285.8500061
4452	285.769989
4453	285.7900085
4454	285.8500061
4455	285.8800049
4456	285.8999939
4457	285.8999939
4458	285.9200134
4459	285.8500061
4460	285.8099976
4461	285.7900085
4462	285.8099976
4463	285.769989
4464	285.769989
4465	285.8299866
4466	285.7099915
4467	285.6900024
4468	285.75
4469	285.8999939
4470	285.8800049
4471	285.8800049
4472	286.019989
4473	286
4474	285.8999939
4475	285.9599915
4476	286
4477	286
4478	285.9599915
4479	285.980011
4480	285.9400024
4481	286.019989
4482	286.019989
4483	285.8999939
4484	285.8999939
4485	285.8999939
4486	285.9400024
4487	285.9400024
4488	285.8999939
4489	285.8800049
4490	285.9599915
4491	286.0599976
4492	286
4493	285.8500061
4494	285.8099976
4495	285.8099976
4496	285.8099976
4497	285.7900085
4498	285.8299866
4499	285.8299866
4500	285.8299866
4501	285.8800049
4502	285.9200134
4503	285.9200134
4504	285.8299866
4505	285.8800049
4506	285.8299866
4507	285.9400024
4508	285.9200134
4509	285.9200134
4510	285.9200134
4511	285.8500061
4512	285.7900085
4513	285.8500061
4514	285.8500061
4515	285.8099976
4516	285.7900085
4517	285.8999939
4518	285.769989
4519	285.75
4520	285.730011
4521	285.7099915
4522	285.769989
4523	285.6900024
4524	285.769989
4525	285.8299866
4526	285.8299866
4527	285.9200134
4528	285.8800049
4529	285.8999939
4530	285.8999939
4531	285.8299866
4532	285.8999939
4533	285.8500061
4534	285.6499939
4535	285.6499939
4536	285.5
4537	285.519989
4538	285.5599976
4539	285.6199951
4540	285.5
4541	285.269989
4542	285.269989
4543	285.0599976
4544	284.8500061
4545	284.8099976
4546	284.7000122
4547	284.75
4548	284.75
4549	284.7000122
4550	284.4100037
4551	284.2399902
4552	283.8299866
4553	283.4299927
4554	282.9100037
4555	282.7200012
4556	282.4500122
4557	281.7799988
4558	281.5899963
4559	281.0400085
4560	280.769989
4561	280.6300049
4562	280.3099976
4563	280.1700134
4564	279.8900146
4565	279.8299866
4566	279.8500061
4567	279.8500061
4568	280.269989
4569	280.5599976
4570	280.6700134
4571	281.0400085
4572	281.269989
4573	281.3800049
4574	281.3800049
4575	281.6099854
4576	281.7999878
4577	281.8599854
4578	281.8399963
4579	281.8399963
4580	282.0299988
4581	282.0299988
4582	282.1099854
4583	282.2000122
4584	282.1499939
4585	282.1099854
4586	282.1700134
4587	282.1700134
4588	282.2200012
4589	282.2999878
4590	282.3999939
4591	282.5299988
4592	282.4899902
4593	282.3999939
4594	282.3800049
4595	282.3999939
4596	282.3599854
4597	282.3999939
4598	282.3399963
4599	282.3200073
4600	282.3399963
4601	282.4299927
4602	282.4700012
4603	282.5299988
4604	282.4500122
4605	282.3399963
4606	282.3399963
4607	282.3599854
4608	282.3599854
4609	282.4500122
4610	282.7000122
4611	282.7799988
4612	282.7799988
4613	282.7799988
4614	282.7799988
4615	282.9500122
4616	283.0100098
4617	283.2200012
4618	283.3900146
4619	283.3699951
4620	283.3500061
4621	283.0899963
4622	283.0899963
4623	283.0299988
4624	283.0700073
4625	282.9100037
4626	282.8599854
4627	282.7399902
4628	282.6799927
4629	282.7000122
4630	282.7200012
4631	282.7600098
4632	282.7600098
4633	282.7999878
4634	282.7600098
4635	282.9100037
4636	282.7999878
4637	283.0299988
4638	283.0299988
4639	282.9700012
4640	282.8900146
4641	282.8900146
4642	282.7999878
4643	282.8200073
4644	282.7799988
4645	282.7799988
4646	282.9100037
4647	282.8399963
4648	282.9100037
4649	283.0700073
4650	283.2999878
4651	283.4899902
4652	283.4899902
4653	283.5499878
4654	283.6000061
4655	283.4700012
4656	283.2999878
4657	283.0899963
4658	283.0100098
4659	282.9700012
4660	282.8900146
4661	282.9299927
4662	282.9700012
4663	282.9299927
4664	282.9500122
4665	282.9899902
4666	283.0100098
4667	282.9700012
4668	282.9100037
4669	283.0899963
4670	283.2600098
4671	283.2999878
4672	283.2399902
4673	283.2200012
4674	283.1199951
4675	283.1799927
4676	283.1199951
4677	283.1199951
4678	283.2000122
4679	283.0700073
4680	283.0100098
4681	283.0299988
4682	283.0299988
4683	283.0899963
4684	283.0899963
4685	283.3200073
4686	283.4700012
4687	283.4500122
4688	283.4100037
4689	283.2999878
4690	283.2600098
4691	283.2399902
4692	283.2000122
4693	283.1400146
4694	283.0899963
4695	283.0700073
4696	283.1600037
4697	283.3699951
4698	283.3900146
4699	283.5299988
4700	283.5499878
4701	283.5299988
4702	283.5100098
4703	283.5100098
4704	283.7799988
4705	283.8099976
4706	283.9100037
4707	283.8699951
4708	283.8099976
4709	283.8099976
4710	283.7799988
4711	283.6600037
4712	283.6000061
4713	283.4700012
4714	283.5499878
4715	283.7399902
4716	283.7399902
4717	283.9299927
4718	283.9700012
4719	284.0599976
4720	284.0400085
4721	284.0599976
4722	284.0799866
4723	284.0799866
4724	283.9299927
4725	283.7799988
4726	283.7200012
4727	283.5100098
4728	283.4100037
4729	283.5100098
4730	283.5799866
4731	283.5499878
4732	283.6000061
4733	283.4899902
4734	283.3900146
4735	283.2399902
4736	283.2000122
4737	283.2399902
4738	283.3699951
4739	283.4100037
4740	283.2999878
4741	283.2399902
4742	283.2200012
4743	283.4100037
4744	283.4500122
4745	283.6000061
4746	283.7600098
4747	283.8500061
4748	283.8500061
4749	283.8699951
4750	283.8699951
4751	283.7399902
4752	283.7200012
4753	283.6799927
4754	283.6199951
4755	283.6199951
4756	283.7200012
4757	283.7600098
4758	283.7399902
4759	283.7200012
4760	283.6799927
4761	283.7200012
4762	283.8099976
4763	283.9100037
4764	283.8299866
4765	283.8900146
4766	283.9100037
4767	284.0100098
4768	284.0100098
4769	284.0100098
4770	284.1199951
4771	284.0400085
4772	283.9700012
4773	284.0100098
4774	284.0100098
4775	284.1000061
4776	284.1199951
4777	284.2200012
4778	284.269989
4779	284.2900085
4780	284.1400146
4781	284.1600037
4782	284.2399902
4783	284.2900085
4784	284.3699951
4785	284.2200012
4786	284.2000122
4787	284.2000122
4788	284.0100098
4789	283.9299927
4790	283.9700012
4791	283.8900146
4792	283.7200012
4793	283.6400146
4794	283.6400146
4795	283.8099976
4796	283.9899902
4797	284.0599976
4798	283.9299927
4799	283.8099976
4800	283.6799927
4801	283.6000061
4802	283.4299927
4803	283.4299927
4804	283.4100037
4805	283.3699951
4806	283.2999878
4807	283.2399902
4808	283.2200012
4809	283.1799927
4810	283.1199951
4811	283.1400146
4812	283.1400146
4813	283.0899963
4814	283.2200012
4815	283.1799927
4816	283.1600037
4817	283.2399902
4818	283.5499878
4819	283.5499878
4820	283.7600098
4821	283.7000122
4822	283.6199951
4823	283.4899902
4824	283.5100098
4825	283.4500122
4826	283.4500122
4827	283.4700012
4828	283.4500122
4829	283.4100037
4830	283.2999878
4831	283.4899902
4832	283.6000061
4833	283.6000061
4834	283.8699951
4835	283.9100037
4836	284.0400085
4837	284.0100098
4838	284.0799866
4839	284.0799866
4840	284.1400146
4841	284.3699951
4842	284.4100037
4843	284.519989
4844	284.6600037
4845	284.6400146
4846	284.6000061
4847	284.769989
4848	284.8299866
4849	284.9599915
4850	285.019989
4851	285.1400146
4852	285.1199951
4853	285.2900085
4854	285.3299866
4855	285.3299866
4856	285.3299866
4857	285.230011
4858	285.230011
4859	285.3900146
4860	285.4200134
4861	285.4400024
4862	285.3500061
4863	285.269989
4864	285.3299866
4865	285.3299866
4866	285.3299866
4867	285.269989
4868	285.269989
4869	285.3099976
4870	285.480011
4871	285.5400085
4872	285.6000061
4873	285.6000061
4874	285.5400085
4875	285.3699951
4876	285.3900146
4877	285.3900146
4878	285.4400024
4879	285.3500061
4880	285.4200134
4881	285.4400024
4882	285.4599915
4883	285.5
4884	285.4599915
4885	285.5400085
4886	285.519989
4887	285.5400085
4888	285.5400085
4889	285.5799866
4890	285.5799866
4891	285.5
4892	285.6000061
4893	285.6499939
4894	285.7099915
4895	285.7099915
4896	285.6499939
4897	285.6499939
4898	285.6700134
4899	285.6900024
4900	285.6900024
4901	285.6900024
4902	285.7099915
4903	285.6900024
4904	285.6900024
4905	285.6700134
4906	285.7900085
4907	285.6700134
4908	285.6000061
4909	285.6000061
4910	285.6199951
4911	285.6900024
4912	285.6199951
4913	285.6499939
4914	285.6700134
4915	285.6199951
4916	285.6000061
4917	285.5599976
4918	285.6199951
4919	285.6199951
4920	285.6000061
4921	285.6700134
4922	285.6900024
4923	285.5799866
4924	285.519989
4925	285.5
4926	285.5400085
4927	285.5
4928	285.519989
4929	285.519989
4930	285.5400085
4931	285.5400085
4932	285.6000061
4933	285.6000061
4934	285.6499939
4935	285.6499939
4936	285.6499939
4937	285.75
4938	285.8500061
4939	285.7900085
4940	285.8299866
4941	285.8099976
4942	285.8099976
4943	285.7099915
4944	285.8299866
4945	285.769989
4946	285.7099915
4947	285.75
4948	285.7900085
4949	285.8099976
4950	285.8299866
4951	285.6900024
4952	285.6700134
4953	285.6199951
4954	285.5599976
4955	285.5400085
4956	285.519989
4957	285.519989
4958	285.480011
4959	285.4599915
4960	285.3900146
4961	285.480011
4962	285.480011
4963	285.4599915
4964	285.5
4965	285.5599976
4966	285.6499939
4967	285.6000061
4968	285.6000061
4969	285.4400024
4970	285.4599915
4971	285.3900146
4972	285.3900146
4973	285.3099976
4974	285.230011
4975	285.230011
4976	285.3500061
4977	285.269989
4978	285.1900024
4979	285.25
4980	285.230011
4981	285.1400146
4982	285.2099915
4983	285.1199951
4984	285.1400146
4985	285.1900024
4986	285.3299866
4987	285.269989
4988	285.269989
4989	285.25
4990	285.25
4991	285.230011
4992	285.2099915
4993	285.1000061
4994	285.1000061
4995	285.1199951
4996	285.1000061
4997	285.0799866
4998	285.1900024
4999	285.1600037
5000	285.1600037
5001	285.230011
5002	285.230011
5003	285.269989
5004	285.3699951
5005	285.4599915
5006	285.3900146
5007	285.3900146
5008	285.1900024
5009	285.269989
5010	285.25
5011	285.1199951
5012	285.0599976
5013	285.0400085
5014	285.0400085
5015	285.1900024
5016	285.1400146
5017	285.1000061
5018	285.0400085
5019	285.0400085
5020	285.0400085
5021	284.980011
5022	284.7900085
5023	284.6199951
5024	284.3299866
5025	284.1000061
5026	283.9299927
5027	283.4700012
5028	283.2600098
5029	282.6300049
5030	282.0899963
5031	281.5499878
5032	280.980011
5033	280.769989
5034	280.4200134
5035	280.3099976
5036	279.980011
5037	279.7099915
5038	279.519989
5039	279.519989
5040	279.4599915
5041	279.6199951
5042	279.6400146
5043	279.75
5044	279.9200134
5045	280.1499939
5046	280.1499939
5047	280.3299866
5048	280.4599915
5049	280.480011
5050	280.5799866
5051	280.5799866
5052	280.5400085
5053	280.5400085
5054	280.5400085
5055	280.480011
5056	280.480011
5057	280.5
5058	280.6300049
5059	280.6900024
5060	280.8599854
5061	281.1099854
5062	281.230011
5063	281.269989
5064	281.3599854
5065	281.3999939
5066	281.4599915
5067	281.3999939
5068	281.4200134
5069	281.3599854
5070	281.3999939
5071	281.3999939
5072	281.5700073
5073	281.7799988
5074	281.8200073
5075	281.8999939
5076	281.9200134
5077	281.8999939
5078	281.8999939
5079	281.8999939
5080	282.0299988
5081	282.0700073
5082	282.0100098
5083	281.8999939
5084	281.7600098
5085	281.7600098
5086	281.8800049
5087	281.9899902
5088	282.0700073
5089	282.1099854
5090	282.1300049
5091	282.2600098
5092	282.2999878
5093	282.3800049
5094	282.3599854
5095	282.4299927
5096	282.3800049
5097	282.3200073
5098	282.2000122
5099	282.2000122
5100	282.2799988
5101	282.2399902
5102	282.3599854
5103	282.4700012
5104	282.5100098
5105	282.5100098
5106	282.5700073
5107	282.5700073
5108	282.7399902
5109	282.8900146
5110	282.8900146
5111	283.1600037
5112	283.2600098
5113	283.2799988
5114	283.2200012
5115	282.8900146
5116	282.6300049
5117	282.6300049
5118	282.5700073
5119	282.6300049
5120	282.6099854
5121	282.6600037
5122	282.7600098
5123	282.8399963
5124	282.9299927
5125	283.1799927
5126	283.2000122
5127	283.1600037
5128	282.9500122
5129	282.8599854
5130	282.8399963
5131	282.8200073
5132	282.6099854
5133	282.6099854
5134	282.6300049
5135	282.5700073
5136	282.5700073
5137	282.4500122
5138	282.5299988
5139	282.5299988
5140	282.6300049
5141	282.5700073
5142	282.5700073
5143	282.5700073
5144	282.6600037
5145	282.6099854
5146	282.4899902
5147	282.4500122
5148	282.5499878
5149	282.5499878
5150	282.7399902
5151	282.9500122
5152	283.0100098
5153	282.9899902
5154	282.8900146
5155	282.8399963
5156	282.8399963
5157	282.8900146
5158	282.8399963
5159	282.8599854
5160	282.7600098
5161	282.6099854
5162	282.5899963
5163	282.6099854
5164	282.7000122
5165	282.7200012
5166	282.8399963
5167	282.8900146
5168	282.9299927
5169	282.9100037
5170	282.8599854
5171	282.6600037
5172	282.4299927
5173	282.4299927
5174	282.5100098
5175	282.5299988
5176	282.7200012
5177	282.6799927
5178	282.7399902
5179	282.5899963
5180	282.5899963
5181	282.5899963
5182	282.7999878
5183	282.8200073
5184	282.8599854
5185	282.8200073
5186	282.7799988
5187	282.8200073
5188	282.8200073
5189	282.7799988
5190	282.7999878
5191	282.7999878
5192	282.7999878
5193	282.8200073
5194	282.9100037
5195	282.9899902
5196	283.1400146
5197	283.0700073
5198	283.0299988
5199	283.0499878
5200	283.0700073
5201	282.9700012
5202	283.0100098
5203	282.7999878
5204	282.7399902
5205	282.7600098
5206	282.8200073
5207	282.7600098
5208	282.8399963
5209	282.8599854
5210	283.0299988
5211	283.0899963
5212	283.0299988
5213	283.0299988
5214	282.9700012
5215	282.9500122
5216	283.0299988
5217	283.1799927
5218	283.2000122
5219	283.2600098
5220	283.2600098
5221	283.2999878
5222	283.2200012
5223	283.1400146
5224	283.1199951
5225	283.0100098
5226	283.0700073
5227	283.0700073
5228	283.1799927
5229	283.4100037
5230	283.5299988
5231	283.7000122
5232	283.6199951
5233	283.4899902
5234	283.5499878
5235	283.4500122
5236	283.4100037
5237	283.4100037
5238	283.2799988
5239	283.1799927
5240	283.2000122
5241	283.1799927
5242	283.2399902
5243	283.2399902
5244	283.2600098
5245	283.3200073
5246	283.3900146
5247	283.3200073
5248	283.2600098
5249	283.0499878
5250	283.0100098
5251	283.0299988
5252	283.0299988
5253	282.9100037
5254	282.8599854
5255	282.9299927
5256	282.7999878
5257	282.8599854
5258	282.8399963
5259	282.8399963
5260	282.8200073
5261	282.7000122
5262	282.7200012
5263	282.7999878
5264	282.8599854
5265	282.9100037
5266	282.8599854
5267	283.1600037
5268	283.1400146
5269	283.2600098
5270	283.1600037
5271	283.1199951
5272	283.0700073
5273	283.0499878
5274	283.1600037
5275	283.1600037
5276	283.2399902
5277	283.2799988
5278	283.0700073
5279	283.0499878
5280	283.0700073
5281	282.8900146
5282	282.7600098
5283	282.7200012
5284	282.8900146
5285	282.8599854
5286	282.9899902
5287	283.0499878
5288	283.2399902
5289	283.4100037
5290	283.4299927
5291	283.4299927
5292	283.2600098
5293	283.2000122
5294	283.1600037
5295	283.1600037
5296	283.1600037
5297	283.2000122
5298	283.2000122
5299	283.2399902
5300	283.2399902
5301	283.2600098
5302	283.2600098
5303	283.1400146
5304	283.2000122
5305	283.2600098
5306	283.4500122
5307	283.5100098
5308	283.6400146
5309	283.7000122
5310	283.8500061
5311	283.8500061
5312	283.8699951
5313	283.9700012
5314	284.0599976
5315	284.1400146
5316	284.2000122
5317	284.3099976
5318	284.4700012
5319	284.6000061
5320	284.6199951
5321	284.6799927
5322	284.7000122
5323	284.7000122
5324	284.9599915
5325	285.1199951
5326	285.1000061
5327	285.1199951
5328	285.1600037
5329	285.2099915
5330	285.2099915
5331	285.3299866
5332	285.25
5333	285.3900146
5334	285.2900085
5335	285.3299866
5336	285.3500061
5337	285.4200134
5338	285.5599976
5339	285.519989
5340	285.3699951
5341	285.269989
5342	285.269989
5343	285.25
5344	285.3099976
5345	285.4200134
5346	285.3299866
5347	285.4400024
5348	285.4400024
5349	285.3900146
5350	285.480011
5351	285.4599915
5352	285.4599915
5353	285.480011
5354	285.3699951
5355	285.480011
5356	285.480011
5357	285.6000061
5358	285.6199951
5359	285.519989
5360	285.480011
5361	285.519989
5362	285.519989
5363	285.519989
5364	285.6700134
5365	285.6000061
5366	285.6199951
5367	285.6499939
5368	285.6199951
5369	285.6199951
5370	285.6199951
5371	285.6499939
5372	285.6000061
5373	285.6000061
5374	285.6000061
5375	285.6000061
5376	285.6199951
5377	285.5799866
5378	285.5799866
5379	285.5599976
5380	285.5
5381	285.5599976
5382	285.5599976
5383	285.6199951
5384	285.519989
5385	285.5
5386	285.5400085
5387	285.6000061
5388	285.6000061
5389	285.5599976
5390	285.5599976
5391	285.5599976
5392	285.6199951
5393	285.7099915
5394	285.7099915
5395	285.5599976
5396	285.480011
5397	285.5599976
5398	285.6199951
5399	285.6700134
5400	285.6000061
5401	285.6000061
5402	285.519989
5403	285.5400085
5404	285.5799866
5405	285.6000061
5406	285.6199951
5407	285.6499939
5408	285.6499939
5409	285.519989
5410	285.5
5411	285.5599976
5412	285.6000061
5413	285.6000061
5414	285.5400085
5415	285.4599915
5416	285.5
5417	285.4200134
5418	285.3900146
5419	285.3099976
5420	285.2900085
5421	285.3099976
5422	285.3099976
5423	285.25
5424	285.2900085
5425	285.3299866
5426	285.3299866
5427	285.3900146
5428	285.3699951
5429	285.3099976
5430	285.25
5431	285.269989
5432	285.3099976
5433	285.3099976
5434	285.3299866
5435	285.3500061
5436	285.3900146
5437	285.3099976
5438	285.3699951
5439	285.3299866
5440	285.3299866
5441	285.2900085
5442	285.3900146
5443	285.4400024
5444	285.4400024
5445	285.480011
5446	285.5
5447	285.480011
5448	285.3699951
5449	285.25
5450	285.3299866
5451	285.3299866
5452	285.3699951
5453	285.3699951
5454	285.3299866
5455	285.3299866
5456	285.3500061
5457	285.3699951
5458	285.4200134
5459	285.3900146
5460	285.4599915
5461	285.5
5462	285.3900146
5463	285.2900085
5464	285.3500061
5465	285.3500061
5466	285.4200134
5467	285.4599915
5468	285.4400024
5469	285.519989
5470	285.6199951
5471	285.6499939
5472	285.6499939
5473	285.6199951
5474	285.6199951
5475	285.5799866
5476	285.5799866
5477	285.5
5478	285.5
5479	285.5
5480	285.3099976
5481	285.269989
5482	285.25
5483	285.230011
5484	285.0599976
5485	285.0400085
5486	284.9599915
5487	284.9299927
5488	284.8900146
5489	284.730011
5490	284.6400146
5491	284.6199951
5492	284.6600037
5493	284.6600037
5494	284.7000122
5495	284.6400146
5496	284.3900146
5497	284.0799866
5498	283.9100037
5499	283.4299927
5500	283.1600037
5501	282.5299988
5502	282.0499878
5503	281.5
5504	281.5
5505	280.6700134
5506	280.3800049
5507	280.230011
5508	280.0799866
5509	279.9400024
5510	279.9200134
5511	279.9200134
5512	279.7900085
5513	279.7900085
5514	279.9200134
5515	280.0400085
5516	280.0400085
5517	280.1000061
5518	280.1199951
5519	280.3500061
5520	280.6300049
5521	280.769989
5522	280.9599915
5523	281.1300049
5524	281.2099915
5525	281.2999878
5526	281.3800049
5527	281.5299988
5528	281.6099854
5529	281.730011
5530	281.6900024
5531	281.6300049
5532	281.5499878
5533	281.5299988
5534	281.6099854
5535	281.7099915
5536	281.7099915
5537	281.8800049
5538	281.8800049
5539	281.8599854
5540	281.6900024
5541	281.7600098
5542	281.7999878
5543	281.7999878
5544	281.6900024
5545	281.7099915
5546	281.7999878
5547	281.9899902
5548	281.9899902
5549	282.0499878
5550	282.0499878
5551	282.0100098
5552	282.0499878
5553	282.1099854
5554	282.0700073
5555	282.1099854
5556	282.1499939
5557	282.1700134
5558	282.2799988
5559	282.2399902
5560	282.3599854
5561	282.3800049
5562	282.2999878
5563	282.2399902
5564	282.2000122
5565	282.2799988
5566	282.3800049
5567	282.4899902
5568	282.5499878
5569	282.5700073
5570	282.6300049
5571	282.5700073
5572	282.5899963
5573	282.6600037
5574	282.5299988
5575	282.5299988
5576	282.2600098
5577	282.2399902
5578	282.2000122
5579	282.1499939
5580	282.2000122
5581	282.2600098
5582	282.2600098
5583	282.5499878
5584	282.7000122
5585	282.7999878
5586	282.7399902
5587	282.7200012
5588	282.7000122
5589	282.6600037
5590	282.7200012
5591	282.6600037
5592	282.7200012
5593	282.7000122
5594	282.7600098
5595	282.7600098
5596	282.7600098
5597	282.7399902
5598	282.7200012
5599	282.8200073
5600	282.7799988
5601	282.6300049
5602	282.6099854
5603	282.5100098
5604	282.5499878
5605	282.4899902
5606	282.4500122
5607	282.4899902
5608	282.5100098
5609	282.5899963
5610	282.6300049
5611	282.7200012
5612	282.5899963
5613	282.6300049
5614	282.6300049
5615	282.7999878
5616	283.0100098
5617	283.0899963
5618	283.1799927
5619	283.1199951
5620	283.0499878
5621	283.0499878
5622	283.0100098
5623	282.9899902
5624	283.0100098
5625	283.1400146
5626	283.2399902
5627	283.1600037
5628	283.1799927
5629	283.1600037
5630	283.0899963
5631	283.1199951
5632	282.9100037
5633	282.9100037
5634	282.9899902
5635	283.0499878
5636	283.2200012
5637	283.3200073
5638	283.4500122
5639	283.3500061
5640	283.3699951
5641	283.2600098
5642	283.1799927
5643	283.1400146
5644	283.1799927
5645	283.1600037
5646	283.1600037
5647	283.0899963