1	287.10001
2	287.10001
3	287.10001
4	287.14001
5	287.12
6	287.14001
7	287.20001
8	287.23999
9	287.20001
10	287.23999
11	287.23999
12	287.17999
13	287.10001
14	287.14001
15	287.14001
16	287.12
17	287.04999
18	287.01001
19	286.92999
20	286.87
21	286.89001
22	286.89001
23	286.85001
24	286.91
25	286.97
26	286.97
27	286.91
28	286.95001
29	286.95001
30	286.98999
31	287.03
32	286.98999
33	287.04999
34	287.04999
35	287.03
36	287.01001
37	287.01001
38	286.92999
39	286.91
40	286.87
41	286.92999
42	286.92999
43	286.85001
44	286.87
45	286.79999
46	286.85001
47	286.85001
48	286.85001
49	286.79999
50	286.82001
51	286.82001
52	286.87
53	286.89001
54	286.89001
55	286.92999
56	286.97
57	286.87
58	286.97
59	286.98999
60	286.95001
61	286.95001
62	286.79999
63	286.78
64	286.82001
65	286.79999
66	286.85001
67	286.79999
68	286.82001
69	286.89001
70	286.85001
71	286.85001
72	286.72
73	286.73999
74	286.76001
75	286.76001
76	286.85001
77	286.85001
78	286.89001
79	286.87
80	286.91
81	286.89001
82	286.89001
83	286.92999
84	286.98999
85	287.01001
86	287.01001
87	286.98999
88	286.92999
89	286.98999
90	286.95001
91	286.91
92	286.87
93	286.87
94	286.82001
95	286.79999
96	286.89001
97	286.91
98	286.91
99	286.92999
100	286.89001
101	286.95001
102	287.10001
103	287.04999
104	286.95001
105	287.03
106	286.95001
107	286.95001
108	286.92999
109	286.91
110	286.92999
111	286.92999
112	286.92999
113	286.82001
114	286.89001
115	286.92999
116	286.98999
117	287.01001
118	287.01001
119	287.01001
120	286.92999
121	286.91
122	286.98999
123	286.95001
124	286.98999
125	286.98999
126	286.95001
127	287.03
128	286.97
129	286.92999
130	286.89001
131	286.98999
132	286.98999
133	286.92999
134	286.85001
135	286.73999
136	286.79999
137	286.85001
138	286.78
139	286.78
140	286.78
141	286.92999
142	287.17999
143	287.47
144	287.47
145	287.54001
146	287.51001
147	287.54001
148	287.56
149	287.60001
150	287.70001
151	287.73999
152	287.81
153	287.79001
154	287.92999
155	288.07999
156	288.20001
157	288.20001
158	288.20001
159	288.26999
160	288.32999
161	288.29001
162	288.32999
163	288.37
164	288.37
165	288.39001
166	288.48001
167	288.5
168	288.51999
169	288.51999
170	288.60001
171	288.54001
172	288.60001
173	288.48001
174	288.51999
175	288.56
176	288.56
177	288.66
178	288.69
179	288.66
180	288.66
181	288.70999
182	288.75
183	288.73001
184	288.70999
185	288.70999
186	288.75
187	288.73001
188	288.73001
189	288.73001
190	288.66
191	288.66
192	288.64001
193	288.64001
194	288.69
195	288.69
196	288.69
197	288.75
198	288.76999
199	288.69
200	288.69
201	288.75
202	288.76999
203	288.76999
204	288.76999
205	288.73001
206	288.69
207	288.70999
208	288.76999
209	288.79001
210	288.76999
211	288.82999
212	288.81
213	288.79001
214	288.79001
215	288.82999
216	288.94
217	288.92001
218	288.95999
219	288.87
220	288.85001
221	288.87
222	288.92001
223	288.85001
224	288.94
225	288.87
226	288.92001
227	288.92001
228	288.92001
229	288.92001
230	288.98001
231	289.01999
232	288.95999
233	288.94
234	289.04001
235	289.04001
236	289
237	288.98001
238	288.95999
239	288.89001
240	288.98001
241	289.04001
242	289.04001
243	288.95999
244	288.82999
245	288.89001
246	288.87
247	288.81
248	288.82999
249	288.94
250	288.95999
251	288.89001
252	288.82999
253	288.81
254	288.76999
255	288.81
256	288.82999
257	288.75
258	288.85001
259	288.87
260	288.89001
261	288.95999
262	288.85001
263	288.89001
264	288.76999
265	288.89001
266	288.85001
267	288.85001
268	288.81
269	288.87
270	288.76999
271	288.76999
272	288.85001
273	288.79001
274	288.79001
275	288.73001
276	288.70999
277	288.75
278	288.73001
279	288.75
280	288.75
281	288.75
282	288.76999
283	288.79001
284	288.75
285	288.75
286	288.73001
287	288.73001
288	288.79001
289	288.66
290	288.79001
291	288.75
292	288.79001
293	288.70999
294	288.73001
295	288.76999
296	288.76999
297	288.75
298	288.76999
299	288.76999
300	288.73001
301	288.73001
302	288.75
303	288.75
304	288.69
305	288.76999
306	288.76999
307	288.81
308	288.73001
309	288.81
310	288.82999
311	288.81
312	288.76999
313	288.76999
314	288.79001
315	288.76999
316	288.79001
317	288.66
318	288.54001
319	288.5
320	288.37
321	288.26999
322	288.25
323	288.23001
324	288.23001
325	288.20001
326	288.23001
327	288.20001
328	288.10001
329	288.17999
330	287.97
331	287.76999
332	287.62
333	287.32999
334	287.04999
335	286.53
336	286.01001
337	285.48999
338	285.48999
339	284.98001
340	284.73001
341	282.59
342	282.46
343	282.51999
344	282.91999
345	282.51999
346	283.63
347	283.79999
348	283.89999
349	285.04999
350	285.19
351	285.20999
352	285.28
353	285.48999
354	285.53
355	285.59
356	285.76001
357	285.78
358	285.88
359	285.85999
360	286.04999
361	286.10999
362	286.10999
363	286.26001
364	286.22
365	286.16
366	286.22
367	286.28
368	286.26001
369	286.26001
370	286.26001
371	286.29999
372	286.32001
373	286.34
374	286.34
375	286.42999
376	286.35999
377	286.35999
378	286.35999
379	286.39001
380	286.47
381	286.42999
382	286.54999
383	286.59
384	286.59
385	286.57001
386	286.41
387	286.41
388	286.39001
389	286.45001
390	286.35999
391	286.35999
392	286.39001
393	286.41
394	286.39001
395	286.45001
396	286.34
397	286.41
398	286.41
399	286.39001
400	286.42999
401	286.34
402	286.35999
403	286.41
404	286.34
405	286.34
406	286.35999
407	286.32001
408	286.45001
409	286.45001
410	286.42999
411	286.42999
412	286.48999
413	286.45001
414	286.47
415	286.47
416	286.47
417	286.41
418	286.42999
419	286.45001
420	286.35999
421	286.35999
422	286.35999
423	286.35999
424	286.32001
425	286.34
426	286.28
427	286.39001
428	286.34
429	286.34
430	286.39001
431	286.35999
432	286.39001
433	286.35999
434	286.39001
435	286.39001
436	286.41
437	286.42999
438	286.42999
439	286.48999
440	286.47
441	286.39001
442	286.45001
443	286.45001
444	286.47
445	286.42999
446	286.42999
447	286.41
448	286.41
449	286.42999
450	286.39001
451	286.35999
452	286.34
453	286.34
454	286.32001
455	286.32001
456	286.35999
457	286.35999
458	286.41
459	286.45001
460	286.54999
461	286.45001
462	286.47
463	286.47
464	286.41
465	286.41
466	286.42999
467	286.39001
468	286.41
469	286.41
470	286.47
471	286.54999
472	286.57001
473	286.70001
474	286.66
475	286.66
476	286.66
477	286.70001
478	286.66
479	286.67999
480	286.67999
481	286.67999
482	286.66
483	286.64001
484	286.62
485	286.62
486	286.59
487	286.59
488	286.67999
489	286.67999
490	286.64001
491	286.62
492	286.59
493	286.62
494	286.62
495	286.59
496	286.59
497	286.64001
498	286.64001
499	286.64001
500	286.64001
501	286.59
502	286.59
503	286.66
504	286.57001
505	286.57001
506	286.54999
507	286.48999
508	286.53
509	286.59
510	286.64001
511	286.70001
512	286.72
513	286.72
514	286.62
515	286.59
516	286.53
517	286.47
518	286.54999
519	286.54999
520	286.54999
521	286.54999
522	286.51001
523	286.54999
524	286.51001
525	286.54999
526	286.54999
527	286.42999
528	286.47
529	286.45001
530	286.53
531	286.59
532	286.54999
533	286.59
534	286.57001
535	286.64001
536	286.66
537	286.67999
538	286.66
539	286.70001
540	286.62
541	286.47
542	286.51001
543	286.45001
544	286.53
545	286.51001
546	286.45001
547	286.47
548	286.45001
549	286.34
550	286.42999
551	286.42999
552	286.54999
553	286.47
554	286.53
555	286.54999
556	286.64001
557	286.59
558	286.59
559	286.57001
560	286.53
561	286.51001
562	286.53
563	286.53
564	286.57001
565	286.57001
566	286.53
567	286.57001
568	286.54999
569	286.59
570	286.57001
571	286.62
572	286.64001
573	286.57001
574	286.62
575	286.62
576	286.53
577	286.59
578	286.70001
579	286.64001
580	286.64001
581	286.66
582	286.78
583	286.76001
584	286.82001
585	286.79999
586	286.73999
587	286.70001
588	286.64001
589	286.67999
590	286.67999
591	286.66
592	286.66
593	286.73999
594	286.64001
595	286.66
596	286.64001
597	286.64001
598	286.59
599	286.66
600	286.62
601	286.62
602	286.54999
603	286.57001
604	286.66
605	286.57001
606	286.51001
607	286.57001
608	286.62
609	286.53
610	286.57001
611	286.53
612	286.42999
613	286.35999
614	286.45001
615	286.70001
616	286.76001
617	286.79999
618	286.85001
619	286.97
620	286.95001
621	287.10001
622	287.10001
623	287.16
624	287.23999
625	287.23999
626	287.42999
627	287.62
628	287.85001
629	287.85001
630	288.10001
631	288.12
632	288.14001
633	288.20001
634	288.25
635	288.31
636	288.31
637	288.37
638	288.41
639	288.48001
640	288.54001
641	288.54001
642	288.51999
643	288.51999
644	288.54001
645	288.54001
646	288.56
647	288.57999
648	288.56
649	288.62
650	288.60001
651	288.64001
652	288.66
653	288.69
654	288.66
655	288.70999
656	288.75
657	288.70999
658	288.75
659	288.75
660	288.73001
661	288.73001
662	288.73001
663	288.70999
664	288.73001
665	288.75
666	288.79001
667	288.76999
668	288.76999
669	288.81
670	288.75
671	288.82999
672	288.82999
673	288.82999
674	288.73001
675	288.76999
676	288.79001
677	288.75
678	288.79001
679	288.82999
680	288.87
681	288.82999
682	288.82999
683	288.89001
684	288.81
685	288.82999
686	288.85001
687	288.85001
688	288.85001
689	288.85001
690	288.79001
691	288.81
692	288.75
693	288.76999
694	288.73001
695	288.81
696	288.70999
697	288.70999
698	288.70999
699	288.66
700	288.66
701	288.57999
702	288.56
703	288.66
704	288.70999
705	288.69
706	288.60001
707	288.60001
708	288.73001
709	288.70999
710	288.62
711	288.66
712	288.62
713	288.70999
714	288.66
715	288.62
716	288.69
717	288.64001
718	288.73001
719	288.69
720	288.70999
721	288.62
722	288.75
723	288.66
724	288.62
725	288.66
726	288.56
727	288.64001
728	288.70999
729	288.69
730	288.73001
731	288.70999
732	288.70999
733	288.62
734	288.70999
735	288.70999
736	288.70999
737	288.70999
738	288.73001
739	288.73001
740	288.69
741	288.64001
742	288.64001
743	288.73001
744	288.66
745	288.69
746	288.69
747	288.73001
748	288.70999
749	288.81
750	288.70999
751	288.76999
752	288.76999
753	288.76999
754	288.85001
755	288.85001
756	288.79001
757	288.76999
758	288.76999
759	288.73001
760	288.76999
761	288.79001
762	288.76999
763	288.75
764	288.85001
765	288.85001
766	288.85001
767	288.85001
768	288.76999
769	288.85001
770	288.82999
771	288.82999
772	288.81
773	288.85001
774	288.79001
775	288.76999
776	288.76999
777	288.76999
778	288.76999
779	288.81
780	288.82999
781	288.85001
782	288.82999
783	288.81
784	288.85001
785	288.85001
786	288.70999
787	288.66
788	288.62
789	288.62
790	288.64001
791	288.48001
792	288.41
793	288.10001
794	288.07999
795	287.95001
796	287.91
797	287.97
798	287.95001
799	287.95001
800	288
801	288
802	288
803	288
804	288.06
805	288
806	287.76999
807	287.47
808	287.32999
809	286.91
810	286.91
811	285.13
812	284.70001
813	283.51001
814	283.13
815	284.89999
816	284.70999
817	284.70999
818	282.44001
819	282.54001
820	282.59
821	282.60999
822	283.73001
823	283.73001
824	284.85999
825	285.10999
826	285.09
827	285.29999
828	285.44
829	285.53
830	285.54999
831	285.54999
832	285.60999
833	285.60999
834	285.76001
835	285.84
836	285.85999
837	285.97
838	285.95001
839	286.03
840	286.04999
841	286.09
842	286.09
843	286.10999
844	286.16
845	286.22
846	286.23999
847	286.26001
848	286.29999
849	286.29999
850	286.41
851	286.39001
852	286.42999
853	286.42999
854	286.57001
855	286.51001
856	286.54999
857	286.47
858	286.54999
859	286.54999
860	286.59
861	286.53
862	286.62
863	286.54999
864	286.59
865	286.57001
866	286.66
867	286.64001
868	286.66
869	286.67999
870	286.70001
871	286.73999
872	286.70001
873	286.72
874	286.73999
875	286.72
876	286.66
877	286.62
878	286.66
879	286.70001
880	286.64001
881	286.64001
882	286.70001
883	286.76001
884	286.73999
885	286.73999
886	286.70001
887	286.79999
888	286.79999
889	286.85001
890	286.87
891	286.85001
892	286.91
893	286.89001
894	286.91
895	286.82001
896	286.70001
897	286.67999
898	286.70001
899	286.64001
900	286.59
901	286.62
902	286.62
903	286.62
904	286.64001
905	286.62
906	286.54999
907	286.59
908	286.62
909	286.64001
910	286.66
911	286.57001
912	286.62
913	286.41
914	286.39001
915	286.41
916	286.39001
917	286.35999
918	286.41
919	286.34
920	286.34
921	286.39001
922	286.35999
923	286.35999
924	286.39001
925	286.39001
926	286.29999
927	286.26001
928	286.35999
929	286.35999
930	286.35999
931	286.34
932	286.34
933	286.28
934	286.32001
935	286.39001
936	286.41
937	286.41
938	286.39001
939	286.39001
940	286.29999
941	286.34
942	286.34
943	286.39001
944	286.35999
945	286.35999
946	286.39001
947	286.39001
948	286.29999
949	286.26001
950	286.35999
951	286.35999
952	286.35999
953	286.34
954	286.34
955	286.28
956	286.32001
957	286.39001
958	286.41
959	286.41
960	286.39001
961	286.39001
962	286.29999
963	286.31
964	286.26999
965	286.17999
966	286.14001
967	286.20001
968	286.29001
969	286.35001
970	286.32999
971	286.32999
972	286.42999
973	286.42999
974	286.39001
975	286.39001
976	286.39001
977	286.31
978	286.31
979	286.33
980	286.37001
981	286.32999
982	286.31999
983	286.34001
984	286.38001
985	286.33999
986	286.32999
987	286.35001
988	286.34001
989	286.23999
990	286.19001
991	286.27999
992	286.26999
993	286.25999
994	286.23
995	286.22
996	286.15
997	286.18001
998	286.24001
999	286.25
1000	286.24
1001	286.21001
1002	286.20001
1003	286.09999
1004	286.13
1005	286.12
1006	286.16001
1007	286.11999
1008	286.10999
1009	286.13001
1010	286.12001
1011	286.01999
1012	285.97001
1013	286.05999
1014	286.04999
1015	286.03999
1016	286.01
1017	286
1018	285.93
1019	285.96001
1020	286.02001
1021	286.03
1022	286.02
1023	285.99001
1024	285.98001
1025	285.87999
1026	285.88
1027	286.38001
1028	286.33999
1029	286.32999
1030	286.35001
1031	286.34001
1032	286.23999
1033	286.19001
1034	286.27999
1035	286.26999
1036	286.25999
1037	286.23
1038	286.22
1039	286.15
1040	286.18001
1041	286.24001
1042	286.25
1043	286.24
1044	286.21001
1045	286.20001
1046	286.09999
1047	286.13
1048	286.12
1049	286.16001
1050	286.11999
1051	286.10999
1052	286.13001
1053	286.12001
1054	286.01999
1055	285.97001
1056	286.05999
1057	286.04999
1058	286.03999
1059	286.01
1060	286
1061	285.93
1062	285.96001
1063	286.02001
1064	286.03
1065	286.02
1066	285.99001
1067	285.98001
1068	285.87999
1069	285.88
1070	285.82999
1071	285.72999
1072	285.68001
1073	285.73001
1074	285.81001
1075	285.86001
1076	285.82999
1077	285.81999
1078	285.90999
1079	285.89999
1080	285.85001
1081	285.84001
1082	285.83001
1083	285.74
1084	285.73
1085	285.74
1086	285.77001
1087	285.71999
1088	285.69999
1089	285.71001
1090	285.56
1091	285.64999
1092	285.69
1093	285.67001
1094	285.70999
1095	285.67001
1096	285.70999
1097	285.70999
1098	285.76999
1099	285.73001
1100	285.94
1101	285.85001
1102	285.94
1103	286.14999
1104	286.25
1105	286.34
1106	286.54001
1107	286.57001
1108	286.73001
1109	286.73001
1110	286.82001
1111	286.89999
1112	287.01001
1113	287.01001
1114	287.13
1115	287.17001
1116	287.26001
1117	287.26001
1118	287.23999
1119	287.32001
1120	287.32001
1121	287.34
1122	287.38
1123	287.34
1124	287.38
1125	287.42001
1126	287.48999
1127	287.48999
1128	287.51001
1129	287.54999
1130	287.59
1131	287.60999
1132	287.60999
1133	287.64999
1134	287.63
1135	287.70001
1136	287.72
1137	287.73999
1138	287.70001
1139	287.76001
1140	287.70001
1141	287.67001
1142	287.76001
1143	287.72
1144	287.73999
1145	287.72
1146	287.67001
1147	287.78
1148	287.73999
1149	287.78
1150	287.76001
1151	287.79999
1152	287.79999
1153	287.79999
1154	287.78
1155	287.82001
1156	287.84
1157	287.88
1158	287.89999
1159	287.89999
1160	287.89999
1161	287.88
1162	287.92999
1163	287.97
1164	287.95001
1165	287.97
1166	287.97
1167	287.95001
1168	287.92999
1169	287.95001
1170	287.95001
1171	287.98999
1172	287.98999
1173	288.01001
1174	288.03
1175	287.97
1176	287.97
1177	287.97
1178	287.97
1179	287.98999
1180	288.03
1181	288.04999
1182	288.09
1183	288.13
1184	288.07001
1185	288.13
1186	288.10999
1187	288.07001
1188	288.10999
1189	288.03
1190	288.07001
1191	288.07001
1192	288.13
1193	288.09
1194	288.10999
1195	288.10999
1196	288.16
1197	288.13
1198	288.13
1199	288.16
1200	288.13
1201	288.07001
1202	288.13
1203	288.03
1204	288.09
1205	288.04999
1206	288.13
1207	288.20001
1208	288.16
1209	288.20001
1210	288.22
1211	288.20001
1212	288.17999
1213	288.16
1214	288.13
1215	288.13
1216	288.13
1217	288.09
1218	288.13
1219	288.09
1220	288.16
1221	288.20001
1222	288.16
1223	288.16
1224	288.22
1225	288.09
1226	288.10999
1227	288.16
1228	288.10999
1229	288.09
1230	288.09
1231	288.17999
1232	288.16
1233	288.20001
1234	288.26001
1235	288.29999
1236	288.32001
1237	288.32001
1238	288.23999
1239	288.20001
1240	288.28
1241	288.29999
1242	288.28
1243	288.32001
1244	288.32001
1245	288.23999
1246	288.28
1247	288.20001
1248	288.23999
1249	288.28
1250	288.20001
1251	288.26001
1252	288.20001
1253	288.23999
1254	288.28
1255	288.23999
1256	288.22
1257	288.28
1258	288.28
1259	288.28
1260	288.26001
1261	288.26001
1262	288.26001
1263	288.29999
1264	288.35999
1265	288.29999
1266	288.26001
1267	288.39001
1268	288.41
1269	288.41
1270	288.13
1271	287.95001
1272	287.92999
1273	287.92999
1274	287.95001
1275	288.03
1276	288.13
1277	288.13
1278	288.09
1279	288.03
1280	287.88
1281	287.48999
1282	287.14999
1283	286.79999
1284	285.51999
1285	285.04001
1286	284.14001
1287	283.22
1288	282.91
1289	282.34
1290	282.17001
1291	281.85999
1292	281.76001
1293	281.70999
1294	281.70999
1295	281.88
1296	282.14999
1297	282.28
1298	282.59
1299	282.78
1300	283.03
1301	283.03
1302	283.37
1303	283.48999
1304	283.62
1305	283.78
1306	283.92999
1307	284.06
1308	284.06
1309	284.23999
1310	284.29001
1311	284.35001
1312	284.41
1313	284.57999
1314	284.60001
1315	284.70001
1316	284.82999
1317	284.79001
1318	284.82999
1319	284.81
1320	284.85001
1321	285.01999
1322	284.92999
1323	285.06
1324	285.20999
1325	285.23001
1326	285.23001
1327	285.23001
1328	285.23001
1329	285.26999
1330	285.32999
1331	285.31
1332	285.35001
1333	285.35001
1334	285.39001
1335	285.42001
1336	285.5
1337	285.45999
1338	285.48001
1339	285.54001
1340	285.54001
1341	285.54001
1342	285.54001
1343	285.56
1344	285.56
1345	285.56
1346	285.62
1347	285.62
1348	285.57999
1349	285.64999
1350	285.54001
1351	285.54001
1352	285.60001
1353	285.64999
1354	285.60001
1355	285.67001
1356	285.70999
1357	285.79001
1358	285.75
1359	285.73001
1360	285.64999
1361	285.64999
1362	285.60001
1363	285.60001
1364	285.67001
1365	285.81
1366	285.73001
1367	285.69
1368	285.73001
1369	285.79001
1370	285.76999
1371	285.73001
1372	285.73001
1373	285.79001
1374	285.81
1375	285.79001
1376	285.75
1377	285.81
1378	285.76999
1379	285.76999
1380	285.82999
1381	285.79001
1382	285.88
1383	285.98001
1384	285.98001
1385	286
1386	286.01999
1387	285.89999
1388	285.95999
1389	285.92001
1390	285.92001
1391	285.82999
1392	285.88
1393	285.89999
1394	285.88
1395	285.89999
1396	285.88
1397	285.89999
1398	285.92001
1399	285.89999
1400	285.94
1401	285.94
1402	286.06
1403	286.01999
1404	286.01999
1405	285.95999
1406	286.01999
1407	285.95999
1408	286.04001
1409	286.01999
1410	285.94
1411	285.94
1412	285.85001
1413	285.92001
1414	285.95999
1415	285.88
1416	285.89999
1417	285.88
1418	285.88
1419	285.82999
1420	285.81
1421	285.79001
1422	285.81
1423	285.73001
1424	285.70999
1425	285.70999
1426	285.79001
1427	285.76999
1428	285.76999
1429	285.76999
1430	285.69
1431	285.70999
1432	285.73001
1433	285.75
1434	285.67001
1435	285.76999
1436	285.73001
1437	285.73001
1438	285.75
1439	285.69
1440	285.69
1441	285.70999
1442	285.79001
1443	285.79001
1444	285.70999
1445	285.76999
1446	285.75
1447	285.70999
1448	285.75
1449	285.67001
1450	285.67001
1451	285.70999
1452	285.75
1453	285.79001
1454	285.81
1455	285.75
1456	285.76999
1457	285.82999
1458	285.82999
1459	285.85001
1460	285.82999
1461	285.75
1462	285.82999
1463	285.85001
1464	285.82999
1465	285.76999
1466	285.73001
1467	285.75
1468	285.75
1469	285.75
1470	285.69
1471	285.69
1472	285.79001
1473	285.85001
1474	285.81
1475	285.81
1476	285.75
1477	285.76999
1478	285.81
1479	285.76999
1480	285.82999
1481	285.75
1482	285.75
1483	285.82999
1484	285.79001
1485	285.82999
1486	285.89999
1487	285.85001
1488	285.85001
1489	285.85001
1490	285.89999
1491	285.94
1492	285.88
1493	285.85001
1494	285.81
1495	285.82999
1496	285.81
1497	285.76999
1498	285.75
1499	285.88
1500	285.89999
1501	285.88
1502	285.88
1503	285.92001
1504	285.89999
1505	285.88
1506	285.88
1507	285.85001
1508	285.85001
1509	285.69
1510	285.73001
1511	285.75
1512	285.73001
1513	285.73001
1514	285.73001
1515	285.67001
1516	285.69
1517	285.70999
1518	285.67001
1519	285.69
1520	285.69
1521	285.69
1522	285.73001
1523	285.70999
1524	285.75
1525	285.82999
1526	285.75
1527	285.76999
1528	285.73001
1529	285.69
1530	285.69
1531	285.64999
1532	285.60001
1533	285.54001
1534	285.62
1535	285.64999
1536	285.69
1537	285.73001
1538	285.69
1539	285.73001
1540	285.64999
1541	285.67001
1542	285.76999
1543	285.69
1544	285.67001
1545	285.70999
1546	285.67001
1547	285.67001
1548	285.67001
1549	285.73001
1550	285.70999
1551	285.70999
1552	285.62
1553	285.62
1554	285.70999
1555	285.73001
1556	285.67001
1557	285.70999
1558	285.73001
1559	285.75
1560	285.75
1561	285.75
1562	285.75
1563	285.75
1564	285.70999
1565	285.67001
1566	285.73001
1567	285.76999
1568	285.79001
1569	285.85001
1570	285.88
1571	285.92001
1572	286
1573	286
1574	286.06
1575	286.20999
1576	286.25
1577	286.42001
1578	286.5
1579	286.57001
1580	286.73001
1581	286.75
1582	286.84
1583	286.92001
1584	287.01001
1585	287.01001
1586	287.09
1587	287.03
1588	287.07001
1589	287.09
1590	287.13
1591	287.23999
1592	287.23999
1593	287.20999
1594	287.34
1595	287.42001
1596	287.29999
1597	287.32001
1598	287.42001
1599	287.35999
1600	287.34
1601	287.34
1602	287.38
1603	287.35999
1604	287.44
1605	287.48999
1606	287.44
1607	287.38
1608	287.51001
1609	287.47
1610	287.47
1611	287.44
1612	287.42001
1613	287.48999
1614	287.48999
1615	287.51001
1616	287.48999
1617	287.51001
1618	287.57001
1619	287.51001
1620	287.48999
1621	287.60999
1622	287.51001
1623	287.47
1624	287.47
1625	287.54999
1626	287.51001
1627	287.44
1628	287.57001
1629	287.60999
1630	287.67001
1631	287.67001
1632	287.64999
1633	287.67001
1634	287.59
1635	287.60999
1636	287.59
1637	287.59
1638	287.60999
1639	287.60999
1640	287.63
1641	287.60999
1642	287.57001
1643	287.60999
1644	287.53
1645	287.60999
1646	287.54999
1647	287.54999
1648	287.54999
1649	287.54999
1650	287.57001
1651	287.57001
1652	287.59
1653	287.63
1654	287.64999
1655	287.59
1656	287.59
1657	287.59
1658	287.54999
1659	287.59
1660	287.57001
1661	287.57001
1662	287.57001
1663	287.57001
1664	287.59
1665	287.51001
1666	287.53
1667	287.54999
1668	287.59
1669	287.59
1670	287.59
1671	287.59
1672	287.60999
1673	287.64999
1674	287.70001
1675	287.64999
1676	287.70001
1677	287.72
1678	287.67001
1679	287.64999
1680	287.60999
1681	287.73999
1682	287.70001
1683	287.70001
1684	287.70001
1685	287.70001
1686	287.64999
1687	287.64999
1688	287.60999
1689	287.67001
1690	287.63
1691	287.60999
1692	287.64999
1693	287.60999
1694	287.70001
1695	287.70001
1696	287.60999
1697	287.60999
1698	287.64999
1699	287.64999
1700	287.64999
1701	287.63
1702	287.63
1703	287.59
1704	287.60999
1705	287.60999
1706	287.64999
1707	287.60999
1708	287.60999
1709	287.70001
1710	287.63
1711	287.73999
1712	287.72
1713	287.64999
1714	287.67001
1715	287.76001
1716	287.59
1717	287.70001
1718	287.59
1719	287.67001
1720	287.64999
1721	287.70001
1722	287.70001
1723	287.64999
1724	287.64999
1725	287.60999
1726	287.63
1727	287.63
1728	287.59
1729	287.60999
1730	287.60999
1731	287.57001
1732	287.59
1733	287.60999
1734	287.60999
1735	287.60999
1736	287.57001
1737	287.67001
1738	287.59
1739	287.67001
1740	287.64999
1741	287.64999
1742	287.63
1743	287.39999
1744	287.42001
1745	287.26001
1746	287.29999
1747	287.26001
1748	287.23999
1749	287.14999
1750	287.23999
1751	287.29999
1752	287.19
1753	287.13
1754	286.95999
1755	286.75
1756	285.73001
1757	285.26999
1758	284.42999
1759	283.53
1760	283.12
1761	282.42999
1762	282.10999
1763	281.67001
1764	281.44
1765	281.39999
1766	281.39999
1767	281.38
1768	281.39999
1769	281.48001
1770	281.70999
1771	281.92001
1772	282.23999
1773	282.23999
1774	282.67999
1775	282.79999
1776	282.91
1777	283.01001
1778	283.22
1779	283.26001
1780	283.41
1781	283.57999
1782	283.62
1783	283.70001
1784	283.82999
1785	283.95001
1786	283.97
1787	283.98999
1788	284.12
1789	284.14001
1790	284.20001
1791	284.22
1792	284.23999
1793	284.26999
1794	284.23999
1795	284.37
1796	284.41
1797	284.5
1798	284.5
1799	284.5
1800	284.62
1801	284.57999
1802	284.62
1803	284.62
1804	284.75
1805	284.75
1806	284.76999
1807	284.79001
1808	284.73001
1809	284.81
1810	284.73001
1811	284.79001
1812	284.79001
1813	284.82999
1814	284.85001
1815	284.79001
1816	284.85001
1817	284.87
1818	284.82999
1819	284.89001
1820	284.85001
1821	284.95999
1822	284.85001
1823	284.82999
1824	284.82999
1825	284.89001
1826	284.87
1827	284.85001
1828	284.82999
1829	284.87
1830	284.92999
1831	284.92999
1832	284.95999
1833	284.95999
1834	285
1835	285
1836	284.98001
1837	284.98001
1838	284.92999
1839	284.98001
1840	285
1841	285.04001
1842	285.06
1843	285.07999
1844	285.07999
1845	285.14001
1846	285.16
1847	285.16
1848	285.12
1849	285.19
1850	285.20999
1851	285.16
1852	285.12
1853	285.12
1854	285.19
1855	285.14001
1856	285.12
1857	285.10001
1858	285.07999
1859	285.10001
1860	285.04001
1861	285.12
1862	285.19
1863	285.10001
1864	285.19
1865	285.07999
1866	285.20999
1867	285.25
1868	285.16
1869	285.14001
1870	285.12
1871	285.14001
1872	285.16
1873	285.16
1874	285.20999
1875	285.16
1876	285.16
1877	285.16
1878	285.16
1879	285.14001
1880	285.20999
1881	285.19
1882	285.12
1883	285.12
1884	285.16
1885	285.19
1886	285.14001
1887	285.14001
1888	285.14001
1889	285.19
1890	285.14001
1891	285.07999
1892	285.04001
1893	285.10001
1894	285.16
1895	285.10001
1896	285.25
1897	285.12
1898	285.25
1899	285.16
1900	285.14001
1901	285.12
1902	285.12
1903	285.14001
1904	285.10001
1905	285.14001
1906	285.12
1907	285.10001
1908	285.10001
1909	285.23001
1910	285.16
1911	285.23001
1912	285.20999
1913	285.19
1914	285.16
1915	285.16
1916	285.23001
1917	285.20999
1918	285.16
1919	285.10001
1920	285.16
1921	285.14001
1922	285.07999
1923	285.19
1924	285.12
1925	285.25
1926	285.20999
1927	285.14001
1928	285.14001
1929	285.23001
1930	285.26999
1931	285.25
1932	285.20999
1933	285.16
1934	285.19
1935	285.23001
1936	285.20999
1937	285.16
1938	285.12
1939	285.19
1940	285.29001
1941	285.29001
1942	285.35001
1943	285.26999
1944	285.26999
1945	285.26999
1946	285.20999
1947	285.20999
1948	285.26999
1949	285.25
1950	285.31
1951	285.19
1952	285.25
1953	285.20999
1954	285.20999
1955	285.29001
1956	285.31
1957	285.35001
1958	285.29001
1959	285.29001
1960	285.26999
1961	285.29001
1962	285.20999
1963	285.26999
1964	285.26999
1965	285.35001
1966	285.35001
1967	285.31
1968	285.39001
1969	285.32999
1970	285.26999
1971	285.23001
1972	285.31
1973	285.23001
1974	285.23001
1975	285.26999
1976	285.29001
1977	285.37
1978	285.37
1979	285.37
1980	285.44
1981	285.42001
1982	285.42001
1983	285.42001
1984	285.37
1985	285.25
1986	285.25
1987	285.31
1988	285.32999
1989	285.32999
1990	285.32999
1991	285.26999
1992	285.31
1993	285.31
1994	285.35001
1995	285.32999
1996	285.31
1997	285.32999
1998	285.32999
1999	285.39001
2000	285.35001
2001	285.39001
2002	285.35001
2003	285.39001
2004	285.35001
2005	285.37
2006	285.39001
2007	285.37
2008	285.37
2009	285.39001
2010	285.37
2011	285.35001
2012	285.37
2013	285.32999
2014	285.37
2015	285.37
2016	285.45999
2017	285.37
2018	285.37
2019	285.31
2020	285.31
2021	285.37
2022	285.31
2023	285.37
2024	285.32999
2025	285.32999
2026	285.29001
2027	285.32999
2028	285.26999
2029	285.25
2030	285.26999
2031	285.26999
2032	285.26999
2033	285.23001
2034	285.32999
2035	285.35001
2036	285.35001
2037	285.37
2038	285.42001
2039	285.29001
2040	285.42001
2041	285.5
2042	285.67001
2043	285.69
2044	285.64999
2045	285.67001
2046	285.70999
2047	285.64999
2048	285.67001
2049	285.69
2050	285.69
2051	285.79001
2052	285.94
2053	285.94
2054	285.94
2055	286.07999
2056	286.23001
2057	286.23001
2058	286.38
2059	286.39999
2060	286.42001
2061	286.5
2062	286.48001
2063	286.48001
2064	286.48001
2065	286.57001
2066	286.51999
2067	286.57001
2068	286.54001
2069	286.63
2070	286.64999
2071	286.64999
2072	286.69
2073	286.70999
2074	286.75
2075	286.73001
2076	286.76999
2077	286.76999
2078	286.75
2079	286.76999
2080	286.79999
2081	286.79999
2082	286.79999
2083	286.79999
2084	286.89999
2085	286.79999
2086	286.88
2087	286.89999
2088	286.85999
2089	286.85999
2090	286.76999
2091	286.88
2092	286.92001
2093	286.92001
2094	286.95999
2095	286.98001
2096	286.98001
2097	286.95999
2098	287.04999
2099	287.07001
2100	287.03
2101	287.07001
2102	287.07001
2103	287.14999
2104	287.09
2105	287.03
2106	286.98001
2107	287.07001
2108	287.09
2109	287.09
2110	287.09
2111	287.14999
2112	287.10999
2113	287.13
2114	287.13
2115	287.10999
2116	287.09
2117	287.14999
2118	287.10999
2119	287.10999
2120	287.13
2121	287.13
2122	287.13
2123	287.13
2124	287.07001
2125	287.07001
2126	287.01001
2127	287.04999
2128	287.04999
2129	287.04999
2130	287.07001
2131	286.95999
2132	287.03
2133	287.04999
2134	287.03
2135	287.03
2136	287.07001
2137	287.07001
2138	287.13
2139	287.04999
2140	287.04999
2141	287.04999
2142	287.07001
2143	287.03
2144	287.10999
2145	287.04999
2146	287.04999
2147	287.03
2148	286.95999
2149	287.01001
2150	287.01001
2151	287.03
2152	287.01001
2153	287.09
2154	287.04999
2155	287.03
2156	287.01001
2157	286.95999
2158	287.01001
2159	287.09
2160	287.09
2161	287.01001
2162	287.01001
2163	287.04999
2164	287.03
2165	286.95999
2166	286.95999
2167	286.95999
2168	287.04999
2169	287.07001
2170	287.04999
2171	287.03
2172	286.94
2173	286.95999
2174	287.01001
2175	286.92001
2176	286.92001
2177	286.95999
2178	287.01001
2179	287.04999
2180	287.03
2181	286.95999
2182	286.95999
2183	286.98001
2184	286.95999
2185	286.89999
2186	286.94
2187	286.94
2188	286.92001
2189	286.89999
2190	286.98001
2191	286.98001
2192	286.95999
2193	286.88
2194	286.76999
2195	286.88
2196	286.73001
2197	286.75
2198	286.82001
2199	286.82001
2200	286.82001
2201	286.84
2202	286.84
2203	286.75
2204	286.75
2205	286.75
2206	286.75
2207	286.67001
2208	286.69
2209	286.69
2210	286.70999
2211	286.70999
2212	286.75
2213	286.73001
2214	286.70999
2215	286.73001
2216	286.5
2217	286.35999
2218	286.25
2219	286.25
2220	286.25
2221	286.26999
2222	286.29001
2223	286.20999
2224	286.25
2225	286.23001
2226	286.19
2227	286.10999
2228	285.89999
2229	285.42001
2230	284.85001
2231	284.85001
2232	283.76001
2233	282.97
2234	282.67999
2235	281.92001
2236	281.5
2237	281.09
2238	281.09
2239	280.94
2240	280.98001
2241	281.09
2242	281.23001
2243	281.44
2244	281.54999
2245	281.54999
2246	281.78
2247	281.92001
2248	282.01001
2249	282.22
2250	282.48999
2251	282.54999
2252	282.59
2253	282.79999
2254	282.82001
2255	282.89001
2256	283.03
2257	283.09
2258	283.22
2259	283.37
2260	283.47
2261	283.53
2262	283.47
2263	283.57999
2264	283.54999
2265	283.64001
2266	283.67999
2267	283.72
2268	283.76001
2269	283.87
2270	283.87
2271	283.91
2272	283.91
2273	283.95001
2274	283.95001
2275	283.95001
2276	283.97
2277	283.97
2278	283.98999
2279	284.01001
2280	284.07999
2281	284.12
2282	284.06
2283	284.17999
2284	284.10001
2285	284.20001
2286	284.22
2287	284.29001
2288	284.20001
2289	284.22
2290	284.16
2291	284.20001
2292	284.29001
2293	284.26999
2294	284.32999
2295	284.29001
2296	284.29001
2297	284.35001
2298	284.32999
2299	284.32999
2300	284.31
2301	284.32999
2302	284.32999
2303	284.26999
2304	284.29001
2305	284.31
2306	284.32999
2307	284.32999
2308	284.39001
2309	284.39001
2310	284.39001
2311	284.32999
2312	284.31
2313	284.35001
2314	284.23999
2315	284.22
2316	284.22
2317	284.35001
2318	284.29001
2319	284.31
2320	284.26999
2321	284.29001
2322	284.26999
2323	284.23999
2324	284.29001
2325	284.35001
2326	284.32999
2327	284.32999
2328	284.37
2329	284.39001
2330	284.39001
2331	284.32999
2332	284.37
2333	284.32999
2334	284.45001
2335	284.42999
2336	284.5
2337	284.5
2338	284.51999
2339	284.42999
2340	284.5
2341	284.5
2342	284.47
2343	284.54001
2344	284.5
2345	284.45001
2346	284.45001
2347	284.41
2348	284.41
2349	284.41
2350	284.42999
2351	284.45001
2352	284.45001
2353	284.35001
2354	284.32999
2355	284.45001
2356	284.45001
2357	284.47
2358	284.45001
2359	284.54001
2360	284.5
2361	284.5
2362	284.60001
2363	284.62
2364	284.60001
2365	284.51999
2366	284.47
2367	284.47
2368	284.47
2369	284.5
2370	284.51999
2371	284.47
2372	284.47
2373	284.47
2374	284.47
2375	284.47
2376	284.47
2377	284.42999
2378	284.51999
2379	284.56
2380	284.56
2381	284.54001
2382	284.56
2383	284.56
2384	284.56
2385	284.47
2386	284.45001
2387	284.45001
2388	284.54001
2389	284.57999
2390	284.57999
2391	284.60001
2392	284.57999
2393	284.56
2394	284.57999
2395	284.64001
2396	284.57999
2397	284.57999
2398	284.54001
2399	284.51999
2400	284.54001
2401	284.56
2402	284.66
2403	284.60001
2404	284.67999
2405	284.64001
2406	284.64001
2407	284.51999
2408	284.5
2409	284.47
2410	284.45001
2411	284.57999
2412	284.57999
2413	284.51999
2414	284.47
2415	284.47
2416	284.37
2417	284.37
2418	284.39001
2419	284.39001
2420	284.56
2421	284.47
2422	284.42999
2423	284.47
2424	284.47
2425	284.42999
2426	284.47
2427	284.42999
2428	284.5
2429	284.5
2430	284.42999
2431	284.54001
2432	284.57999
2433	284.60001
2434	284.62
2435	284.57999
2436	284.56
2437	284.5
2438	284.57999
2439	284.57999
2440	284.54001
2441	284.47
2442	284.45001
2443	284.42999
2444	284.5
2445	284.57999
2446	284.42999
2447	284.54001
2448	284.54001
2449	284.57999
2450	284.56
2451	284.56
2452	284.56
2453	284.57999
2454	284.57999
2455	284.60001
2456	284.54001
2457	284.51999
2458	284.51999
2459	284.5
2460	284.5
2461	284.47
2462	284.47
2463	284.45001
2464	284.42999
2465	284.47
2466	284.45001
2467	284.51999
2468	284.5
2469	284.47
2470	284.5
2471	284.57999
2472	284.47
2473	284.45001
2474	284.47
2475	284.47
2476	284.5
2477	284.5
2478	284.56
2479	284.51999
2480	284.60001
2481	284.57999
2482	284.5
2483	284.5
2484	284.57999
2485	284.62
2486	284.60001
2487	284.66
2488	284.60001
2489	284.56
2490	284.56
2491	284.56
2492	284.47
2493	284.47
2494	284.5
2495	284.5
2496	284.54001
2497	284.54001
2498	284.56
2499	284.51999
2500	284.54001
2501	284.5
2502	284.51999
2503	284.39001
2504	284.39001
2505	284.5
2506	284.51999
2507	284.47
2508	284.45001
2509	284.42999
2510	284.5
2511	284.60001
2512	284.47
2513	284.54001
2514	284.66
2515	284.81
2516	284.81
2517	284.91
2518	284.98001
2519	285.04001
2520	285.12
2521	285.10001
2522	285.10001
2523	285.23001
2524	285.42001
2525	285.42001
2526	285.5
2527	285.67001
2528	285.62
2529	285.62
2530	285.75
2531	285.81
2532	285.82999
2533	285.82999
2534	285.88
2535	285.82999
2536	285.85001
2537	285.89999
2538	286
2539	285.98001
2540	285.98001
2541	286.06
2542	286.01999
2543	286.04001
2544	286.04001
2545	286.10999
2546	286.13
2547	286.19
2548	286.17001
2549	286.19
2550	286.19
2551	286.23001
2552	286.26999
2553	286.29001
2554	286.29001
2555	286.25
2556	286.20999
2557	286.25
2558	286.20999
2559	286.20999
2560	286.17001
2561	286.17001
2562	286.25
2563	286.29001
2564	286.29001
2565	286.34
2566	286.23001
2567	286.23001
2568	286.23001
2569	286.23001
2570	286.23001
2571	286.19
2572	286.23001
2573	286.19
2574	286.20999
2575	286.25
2576	286.31
2577	286.20999
2578	286.20999
2579	286.10999
2580	286.13
2581	286.17001
2582	286.17001
2583	286.23001
2584	286.23001
2585	286.14999
2586	286.07999
2587	286.07999
2588	286.07999
2589	286.01999
2590	285.94
2591	285.89999
2592	286.01999
2593	286.01999
2594	286.01999
2595	286.01999
2596	285.98001
2597	286
2598	285.94
2599	285.98001
2600	285.98001
2601	286.04001
2602	286.04001
2603	286.04001
2604	286
2605	286.04001
2606	286.01999
2607	286
2608	286
2609	285.98001
2610	286
2611	286.07999
2612	286.10999
2613	286.13
2614	286.07999
2615	286.14999
2616	286.14999
2617	286.13
2618	286.13
2619	286.10999
2620	286.13
2621	286.13
2622	286.10999
2623	286.07999
2624	286.06
2625	286.06
2626	286.13
2627	286.10999
2628	286.13
2629	286.17001
2630	286.13
2631	286.17001
2632	286.17001
2633	286.10999
2634	286.20999
2635	286.10999
2636	286.19
2637	286.14999
2638	286.17001
2639	286.17001
2640	286.13
2641	286.20999
2642	286.17001
2643	286.20999
2644	286.23001
2645	286.29001
2646	286.26999
2647	286.25
2648	286.23001
2649	286.19
2650	286.23001
2651	286.13
2652	286.10999
2653	286.10999
2654	286.14999
2655	286.17001
2656	286.19
2657	286.20999
2658	286.19
2659	286.25
2660	286.14999
2661	286.23001
2662	286.19
2663	286.17001
2664	286.17001
2665	286.13
2666	286.13
2667	286.13
2668	286.14999
2669	286.17001
2670	286.13
2671	286.13
2672	286.10999
2673	286.10999
2674	286.13
2675	286.23001
2676	286.25
2677	286.23001
2678	286.23001
2679	286.23001
2680	286.23001
2681	286.23001
2682	286.25
2683	286.20999
2684	286.20999
2685	286.17001
2686	286.19
2687	286.20999
2688	286.17001
2689	286.13
2690	286.13
2691	286.10999
2692	286.06
2693	286.10999
2694	286.19
2695	286.19
2696	286.31
2697	286.29001
2698	286.31
2699	286.31
2700	286.35999
2701	286.13
2702	285.85001
2703	285.85001
2704	285.16
2705	284.60001
2706	284.31
2707	283.66
2708	282.98999
2709	282.57001
2710	282.57001
2711	279.62
2712	280.29999
2713	280.29999
2714	280.35999
2715	280.48999
2716	280.53
2717	280.59
2718	280.82001
2719	281.01001
2720	281.04999
2721	281.23999
2722	281.39001
2723	281.47
2724	281.51001
2725	281.72
2726	281.70001
2727	281.82999
2728	281.97
2729	281.98999
2730	282.12
2731	282.16
2732	282.06
2733	282.10001
2734	282.26999
2735	282.26999
2736	282.32999
2737	282.32999
2738	282.39001
2739	282.51999
2740	282.60001
2741	282.56
2742	282.56
2743	282.5
2744	282.60001
2745	282.66
2746	282.76999
2747	282.73001
2748	282.75
2749	282.75
2750	282.81
2751	282.81
2752	282.81
2753	282.81
2754	282.89001
2755	282.87
2756	282.91
2757	282.89001
2758	282.89001
2759	282.89001
2760	282.85001
2761	283
2762	283.06
2763	283.04001
2764	283.01999
2765	283.07999
2766	283.10001
2767	283.12
2768	283.12
2769	283.14001
2770	283.14001
2771	283.25
2772	283.14001
2773	283.14001
2774	283.14001
2775	283.20999
2776	283.20999
2777	283.23001
2778	283.19
2779	283.19
2780	283.10001
2781	283.10001
2782	283.20999
2783	283.19
2784	283.25
2785	283.16
2786	283.16
2787	283.14001
2788	283.16
2789	283.14001
2790	283.19
2791	283.20999
2792	283.16
2793	283.26999
2794	283.20999
2795	283.16
2796	283.16
2797	283.14001
2798	283.19
2799	283.16
2800	283.25
2801	283.26999
2802	283.39001
2803	283.39001
2804	283.39001
2805	283.44
2806	283.44
2807	283.42001
2808	283.39001
2809	283.31
2810	283.42001
2811	283.31
2812	283.37
2813	283.37
2814	283.37
2815	283.42001
2816	283.32999
2817	283.29001
2818	283.31
2819	283.31
2820	283.31
2821	283.29001
2822	283.37
2823	283.37
2824	283.39001
2825	283.45999
2826	283.35001
2827	283.37
2828	283.29001
2829	283.37
2830	283.31
2831	283.37
2832	283.32999
2833	283.42001
2834	283.42001
2835	283.44
2836	283.42001
2837	283.39001
2838	283.35001
2839	283.35001
2840	283.32999
2841	283.35001
2842	283.35001
2843	283.32999
2844	283.42001
2845	283.42001
2846	283.42001
2847	283.26999
2848	283.31
2849	283.26999
2850	283.29001
2851	283.35001
2852	283.35001
2853	283.35001
2854	283.32999
2855	283.32999
2856	283.42001
2857	283.44
2858	283.42001
2859	283.37
2860	283.37
2861	283.42001
2862	283.45999
2863	283.64999
2864	283.67001
2865	283.76999
2866	283.76999
2867	283.94
2868	283.95999
2869	283.92001
2870	283.88
2871	283.89999
2872	283.94
2873	283.94
2874	283.89999
2875	283.95999
2876	283.98001
2877	283.98001
2878	284.06
2879	284.17001
2880	284.13
2881	284.06
2882	284.07999
2883	284.04001
2884	284.04001
2885	284.01999
2886	284
2887	283.95999
2888	284.04001
2889	284.19
2890	284.14999
2891	284.14999
2892	284.20999
2893	284.26999
2894	284.23001
2895	284.17001
2896	284.10999
2897	284.06
2898	284.10999
2899	284.19
2900	284.26999
2901	284.29001
2902	284.34
2903	284.25
2904	284.26999
2905	284.23001
2906	284.38
2907	284.42001
2908	284.38
2909	284.34
2910	284.31
2911	284.23001
2912	284.23001
2913	284.25
2914	284.29001
2915	284.34
2916	284.34
2917	284.34
2918	284.42001
2919	284.44
2920	284.38
2921	284.34
2922	284.26999
2923	284.26999
2924	284.34
2925	284.23001
2926	284.29001
2927	284.38
2928	284.39999
2929	284.35999
2930	284.38
2931	284.34
2932	284.38
2933	284.35999
2934	284.38
2935	284.35999
2936	284.42001
2937	284.48001
2938	284.5
2939	284.48001
2940	284.45999
2941	284.51999
2942	284.57001
2943	284.5
2944	284.51999
2945	284.51999
2946	284.5
2947	284.54001
2948	284.51999
2949	284.63
2950	284.51999
2951	284.57001
2952	284.45999
2953	284.44
2954	284.38
2955	284.38
2956	284.42001
2957	284.42001
2958	284.42001
2959	284.57001
2960	284.51999
2961	284.60999
2962	284.60999
2963	284.54001
2964	284.48001
2965	284.54001
2966	284.54001
2967	284.48001
2968	284.44
2969	284.44
2970	284.39999
2971	284.45999
2972	284.35999
2973	284.31
2974	284.31
2975	284.34
2976	284.29001
2977	284.45999
2978	284.44
2979	284.42001
2980	284.5
2981	284.5
2982	284.48001
2983	284.51999
2984	284.48001
2985	284.38
2986	284.42001
2987	284.42001
2988	284.63
2989	284.60999
2990	284.73001
2991	284.84
2992	284.85999
2993	284.92001
2994	284.92001
2995	284.95999
2996	285.04999
2997	285.19
2998	285.20999
2999	285.34
3000	285.39999
3001	285.39999
3002	285.54999
3003	285.59
3004	285.57001
3005	285.63
3006	285.67001
3007	285.70001
3008	285.73999
3009	285.78
3010	285.79999
3011	285.79999
3012	285.88
3013	285.89999
3014	285.89999
3015	285.92999
3016	285.97
3017	285.89999
3018	285.92999
3019	285.95001
3020	285.95001
3021	285.98999
3022	286.01001
3023	286.03
3024	286.01001
3025	286.03
3026	286.03
3027	286.04999
3028	286.09
3029	286.04999
3030	286.10999
3031	286.01001
3032	286.01001
3033	286.01001
3034	286.03
3035	286.07001
3036	286.04999
3037	286.09
3038	286.10999
3039	286.07001
3040	286.09
3041	286.13
3042	286.16
3043	286.09
3044	286.10999
3045	286.10999
3046	286.17999
3047	286.10999
3048	286.17999
3049	286.17999
3050	286.17999
3051	286.16
3052	286.26001
3053	286.16
3054	286.16
3055	286.17999
3056	286.13
3057	286.07001
3058	286.07001
3059	286.07001
3060	286.22
3061	286.22
3062	286.28
3063	286.23999
3064	286.28
3065	286.28
3066	286.28
3067	286.32001
3068	286.29999
3069	286.32001
3070	286.29999
3071	286.23999
3072	286.23999
3073	286.28
3074	286.28
3075	286.28
3076	286.20001
3077	286.17999
3078	286.22
3079	286.23999
3080	286.23999
3081	286.20001
3082	286.16
3083	286.23999
3084	286.22
3085	286.28
3086	286.26001
3087	286.23999
3088	286.23999
3089	286.20001
3090	286.20001
3091	286.17999
3092	286.22
3093	286.20001
3094	286.20001
3095	286.17999
3096	286.16
3097	286.16
3098	286.20001
3099	286.23999
3100	286.22
3101	286.28
3102	286.26001
3103	286.23999
3104	286.23999
3105	286.28
3106	286.28
3107	286.26001
3108	286.22
3109	286.32001
3110	286.34
3111	286.34
3112	286.34
3113	286.34
3114	286.34
3115	286.32001
3116	286.35999
3117	286.45001
3118	286.42999
3119	286.42999
3120	286.34
3121	286.39001
3122	286.41
3123	286.41
3124	286.34
3125	286.39001
3126	286.29999
3127	286.32001
3128	286.35999
3129	286.35999
3130	286.34
3131	286.35999
3132	286.32001
3133	286.32001
3134	286.35999
3135	286.28
3136	286.28
3137	286.28
3138	286.28
3139	286.26001
3140	286.28
3141	286.34
3142	286.35999
3143	286.35999
3144	286.34
3145	286.35999
3146	286.34
3147	286.26001
3148	286.35999
3149	286.34
3150	286.39001
3151	286.34
3152	286.34
3153	286.41
3154	286.41
3155	286.39001
3156	286.41
3157	286.39001
3158	286.39001
3159	286.45001
3160	286.48999
3161	286.41
3162	286.35999
3163	286.22
3164	286.13
3165	285.89999
3166	285.78
3167	285.78
3168	285.78
3169	285.89999
3170	285.89999
3171	285.89999
3172	285.88
3173	285.89999
3174	285.64999
3175	285.64999
3176	285.13
3177	284.76999
3178	284.38
3179	283.70999
3180	283.23001
3181	282.95999
3182	282.73001
3183	282.06
3184	281.89001
3185	281.97
3186	282.04001
3187	282.04001
3188	282.17999
3189	282.22
3190	282.26999
3191	282.26999
3192	282.32999
3193	282.56
3194	282.57999
3195	282.75
3196	282.79001
3197	282.92999
3198	283.01999
3199	283.25
3200	283.37
3201	283.45999
3202	283.60001
3203	283.60001
3204	283.67001
3205	283.57999
3206	283.75
3207	283.75
3208	283.85001
3209	283.76999
3210	283.75
3211	283.82999
3212	283.81
3213	283.89999
3214	283.89999
3215	283.85001
3216	283.89999
3217	283.88
3218	283.89999
3219	284
3220	284
3221	284.01999
3222	284.06
3223	284.13
3224	284.23001
3225	284.20999
3226	284.29001
3227	284.23001
3228	284.26999
3229	284.20999
3230	284.23001
3231	284.20999
3232	284.13
3233	284.13
3234	284.20999
3235	284.14999
3236	284.07999
3237	284.19
3238	284.34
3239	284.34
3240	284.31
3241	284.31
3242	284.26999
3243	284.29001
3244	284.31
3245	284.29001
3246	284.29001
3247	284.31
3248	284.34
3249	284.35999
3250	284.42001
3251	284.38
3252	284.44
3253	284.44
3254	284.34
3255	284.31
3256	284.35999
3257	284.34
3258	284.39999
3259	284.38
3260	284.48001
3261	284.35999
3262	284.42001
3263	284.38
3264	284.44
3265	284.35999
3266	284.45999
3267	284.51999
3268	284.5
3269	284.48001
3270	284.48001
3271	284.42001
3272	284.48001
3273	284.45999
3274	284.48001
3275	284.45999
3276	284.48001
3277	284.45999
3278	284.45999
3279	284.39999
3280	284.35999
3281	284.23001
3282	284.29001
3283	284.34
3284	284.38
3285	284.38
3286	284.26999
3287	284.35999
3288	284.48001
3289	284.42001
3290	284.34
3291	284.31
3292	284.38
3293	284.29001
3294	284.29001
3295	284.39999
3296	284.45999
3297	284.42001
3298	284.45999
3299	284.42001
3300	284.31
3301	284.26999
3302	284.29001
3303	284.39999
3304	284.39999
3305	284.5
3306	284.54001
3307	284.51999
3308	284.51999
3309	284.57001
3310	284.57001
3311	284.5
3312	284.51999
3313	284.54001
3314	284.48001
3315	284.44
3316	284.39999
3317	284.39999
3318	284.38
3319	284.35999
3320	284.45999
3321	284.38
3322	284.39999
3323	284.35999
3324	284.35999
3325	284.44
3326	284.59
3327	284.60999
3328	284.51999
3329	284.48001
3330	284.48001
3331	284.57001
3332	284.63
3333	284.59
3334	284.69
3335	284.60999
3336	284.54001
3337	284.5
3338	284.59
3339	284.57001
3340	284.59
3341	284.54001
3342	284.64999
3343	284.67001
3344	284.67001
3345	284.60999
3346	284.59
3347	284.51999
3348	284.51999
3349	284.51999
3350	284.54001
3351	284.63
3352	284.60999
3353	284.51999
3354	284.42001
3355	284.48001
3356	284.48001
3357	284.44
3358	284.44
3359	284.45999
3360	284.48001
3361	284.54001
3362	284.51999
3363	284.60999
3364	284.60999
3365	284.69
3366	284.67001
3367	284.60999
3368	284.57001
3369	284.57001
3370	284.57001
3371	284.60999
3372	284.59
3373	284.54001
3374	284.63
3375	284.60999
3376	284.51999
3377	284.54001
3378	284.54001
3379	284.59
3380	284.59
3381	284.59
3382	284.54001
3383	284.5
3384	284.51999
3385	284.63
3386	284.64999
3387	284.76999
3388	284.76999
3389	284.69
3390	284.67001
3391	284.69
3392	284.70999
3393	284.67001
3394	284.70999
3395	284.70999
3396	284.63
3397	284.51999
3398	284.5
3399	284.44
3400	284.31
3401	284.45999
3402	284.39999
3403	284.5
3404	284.5
3405	284.60999
3406	284.63
3407	284.57001
3408	284.60999
3409	284.64999
3410	284.85999
3411	284.76999
3412	284.84
3413	284.70999
3414	284.64999
3415	284.69
3416	284.60999
3417	284.69
3418	284.76999
3419	284.79999
3420	284.79999
3421	284.82001
3422	284.70999
3423	284.69
3424	284.67001
3425	284.64999
3426	284.63
3427	284.63
3428	284.63
3429	284.67001
3430	284.67001
3431	284.67001
3432	284.67001
3433	284.67001
3434	284.67001
3435	284.69
3436	284.79999
3437	284.75
3438	284.85999
3439	284.84
3440	284.84
3441	284.73001
3442	284.70999
3443	284.75
3444	284.82001
3445	284.82001
3446	284.82001
3447	284.73001
3448	284.75
3449	284.76999
3450	284.82001
3451	284.84
3452	284.84
3453	284.75
3454	284.79999
3455	284.84
3456	284.82001
3457	284.76999
3458	284.79999
3459	284.79999
3460	284.67001
3461	284.76999
3462	284.84
3463	284.85999
3464	284.94
3465	285.07001
3466	285.07001
3467	285.13
3468	285.17001
3469	285.23999
3470	285.23999
3471	285.39999
3472	285.34
3473	285.44
3474	285.48999
3475	285.54999
3476	285.70001
3477	285.72
3478	285.72
3479	285.76001
3480	285.72
3481	285.88
3482	285.88
3483	285.92999
3484	285.89999
3485	285.97
3486	285.97
3487	286.03
3488	286.01001
3489	286.01001
3490	286.03
3491	286.03
3492	286.07001
3493	286.13
3494	286.09
3495	286.07001
3496	285.97
3497	285.97
3498	285.97
3499	286.03
3500	286.07001
3501	286.10999
3502	286.13
3503	286.10999
3504	286.13
3505	286.17999
3506	286.09
3507	286.04999
3508	286.07001
3509	286.04999
3510	286.10999
3511	286.10999
3512	286.16
3513	286.22
3514	286.22
3515	286.17999
3516	286.17999
3517	286.16
3518	286.20001
3519	286.28
3520	286.29999
3521	286.23999
3522	286.22
3523	286.22
3524	286.16
3525	286.20001
3526	286.13
3527	286.10999
3528	286.10999
3529	286.16
3530	286.16
3531	286.23999
3532	286.16
3533	286.17999
3534	286.13
3535	286.23999
3536	286.23999
3537	286.23999
3538	286.20001
3539	286.29999
3540	286.28
3541	286.34
3542	286.28
3543	286.22
3544	286.32001
3545	286.32001
3546	286.28
3547	286.20001
3548	286.23999
3549	286.29999
3550	286.16
3551	286.16
3552	286.22
3553	286.20001
3554	286.26001
3555	286.28
3556	286.32001
3557	286.32001
3558	286.35999
3559	286.35999
3560	286.32001
3561	286.35999
3562	286.35999
3563	286.35999
3564	286.28
3565	286.29999
3566	286.23999
3567	286.34
3568	286.32001
3569	286.32001
3570	286.28
3571	286.28
3572	286.28
3573	286.23999
3574	286.20001
3575	286.22
3576	286.22
3577	286.29999
3578	286.34
3579	286.32001
3580	286.35999
3581	286.34
3582	286.34
3583	286.32001
3584	286.34
3585	286.26001
3586	286.29999
3587	286.20001
3588	286.23999
3589	286.26001
3590	286.22
3591	286.20001
3592	286.17999
3593	286.20001
3594	286.23999
3595	286.28
3596	286.26001
3597	286.23999
3598	286.28
3599	286.23999
3600	286.26001
3601	286.26001
3602	286.26001
3603	286.23999
3604	286.17999
3605	286.17999
3606	286.23999
3607	286.23999
3608	286.23999
3609	286.16
3610	286.17999
3611	286.20001
3612	286.26001
3613	286.26001
3614	286.23999
3615	286.29999
3616	286.41
3617	286.32001
3618	286.28
3619	286.34
3620	286.34
3621	286.26001
3622	286.26001
3623	286.32001
3624	286.29999
3625	286.28
3626	286.26001
3627	286.26001
3628	286.26001
3629	286.34
3630	286.34
3631	286.28
3632	286.26001
3633	286.26001
3634	286.23999
3635	286.23999
3636	286.16
3637	285.95001
3638	285.84
3639	285.76001
3640	285.76001
3641	285.85999
3642	285.78
3643	285.78
3644	285.82001
3645	285.79999
3646	285.76001
3647	285.76001
3648	285.51001
3649	285.20999
3650	285.04999
3651	284.51999
3652	284.10999
3653	283.85001
3654	283.51999
3655	282.51999
3656	282.31
3657	281.98999
3658	281.85001
3659	281.82999
3660	281.97
3661	281.92999
3662	282.07999
3663	282.10001
3664	282.14001
3665	282.17999
3666	282.26999
3667	282.45001
3668	282.57999
3669	282.79001
3670	282.89001
3671	283.04001
3672	283.04001
3673	283.23001
3674	283.32999
3675	283.29001
3676	283.56
3677	283.57999
3678	283.54001
3679	283.54001
3680	283.51999
3681	283.69
3682	283.67001
3683	283.75
3684	283.75
3685	283.82999
3686	283.69
3687	283.76999
3688	283.88
3689	283.89999
3690	284.04001
3691	284.17001
3692	284.23001
3693	284.23001
3694	284.13
3695	284.20999
3696	284.17001
3697	284.10999
3698	284.14999
3699	284.23001
3700	284.20999
3701	284.17001
3702	284.07999
3703	284.10999
3704	284.10999
3705	284.20999
3706	284.26999
3707	284.31
3708	284.26999
3709	284.29001
3710	284.31
3711	284.31
3712	284.39999
3713	284.38
3714	284.42001
3715	284.29001
3716	284.23001
3717	284.38
3718	284.38
3719	284.51999
3720	284.5
3721	284.45999
3722	284.44
3723	284.42001
3724	284.51999
3725	284.45999
3726	284.44
3727	284.42001
3728	284.38
3729	284.35999
3730	284.35999
3731	284.5
3732	284.39999
3733	284.35999
3734	284.31
3735	284.31
3736	284.39999
3737	284.38
3738	284.39999
3739	284.48001
3740	284.45999
3741	284.38
3742	284.39999
3743	284.39999
3744	284.44
3745	284.54001
3746	284.54001
3747	284.54001
3748	284.5
3749	284.44
3750	284.44
3751	284.39999
3752	284.38
3753	284.34
3754	284.29001
3755	284.29001
3756	284.38
3757	284.38
3758	284.5
3759	284.48001
3760	284.60999
3761	284.51999
3762	284.5
3763	284.48001
3764	284.51999
3765	284.44
3766	284.48001
3767	284.5
3768	284.48001
3769	284.54001
3770	284.54001
3771	284.51999
3772	284.57001
3773	284.5
3774	284.48001
3775	284.5
3776	284.51999
3777	284.5
3778	284.59
3779	284.54001
3780	284.5
3781	284.44
3782	284.44
3783	284.54001
3784	284.54001
3785	284.64999
3786	284.57001
3787	284.54001
3788	284.59
3789	284.59
3790	284.5
3791	284.57001
3792	284.60999
3793	284.63
3794	284.60999
3795	284.60999
3796	284.64999
3797	284.57001
3798	284.51999
3799	284.48001
3800	284.57001
3801	284.57001
3802	284.59
3803	284.5
3804	284.59
3805	284.59
3806	284.64999
3807	284.67001
3808	284.64999
3809	284.76999
3810	284.76999
3811	284.69
3812	284.67001
3813	284.59
3814	284.59
3815	284.63
3816	284.73001
3817	284.75
3818	284.73001
3819	284.63
3820	284.67001
3821	284.67001
3822	284.70999
3823	284.67001
3824	284.70999
3825	284.73001
3826	284.75
3827	284.75
3828	284.75
3829	284.70999
3830	284.60999
3831	284.67001
3832	284.64999
3833	284.69
3834	284.70999
3835	284.67001
3836	284.60999
3837	284.60999
3838	284.67001
3839	284.63
3840	284.69
3841	284.69
3842	284.75
3843	284.73001
3844	284.76999
3845	284.79999
3846	284.76999
3847	284.73001
3848	284.70999
3849	284.73001
3850	284.82001
3851	284.79999
3852	284.70999
3853	284.70999
3854	284.89999
3855	284.76999
3856	284.82001
3857	284.75
3858	284.76999
3859	284.73001
3860	284.73001
3861	284.76999
3862	284.76999
3863	284.75
3864	284.79999
3865	284.73001
3866	284.76999
3867	284.76999
3868	284.67001
3869	284.70999
3870	284.73001
3871	284.69
3872	284.70999
3873	284.69
3874	284.79999
3875	284.75
3876	284.70999
3877	284.69
3878	284.75
3879	284.69
3880	284.75
3881	284.73001
3882	284.70999
3883	284.70999
3884	284.73001
3885	284.73001
3886	284.70999
3887	284.67001
3888	284.63
3889	284.70999
3890	284.64999
3891	284.73001
3892	284.73001
3893	284.70999
3894	284.63
3895	284.63
3896	284.60999
3897	284.69
3898	284.73001
3899	284.73001
3900	284.73001
3901	284.69
3902	284.60999
3903	284.59
3904	284.67001
3905	284.67001
3906	284.64999
3907	284.60999
3908	284.69
3909	284.63
3910	284.57001
3911	284.59
3912	284.67001
3913	284.70999
3914	284.64999
3915	284.73001
3916	284.89999
3917	284.84
3918	284.85999
3919	284.76999
3920	284.84
3921	284.82001
3922	284.82001
3923	284.75
3924	284.75
3925	284.76999
3926	284.85999
3927	284.88
3928	284.79999
3929	284.76999
3930	284.76999
3931	284.76999
3932	284.76999
3933	284.84
3934	284.84
3935	284.89999
3936	284.95999
3937	285.03
3938	285.04999
3939	285.13
3940	285.09
3941	285.19
3942	285.26001
3943	285.35999
3944	285.47
3945	285.51001
3946	285.64999
3947	285.64999
3948	285.70001
3949	285.76001
3950	285.76001
3951	285.85999
3952	285.85999
3953	285.92999
3954	285.98999
3955	285.98999
3956	285.98999
3957	286.09
3958	286.03
3959	286.07001
3960	286.07001
3961	286.13
3962	286.07001
3963	286.07001
3964	286.16
3965	286.20001
3966	286.17999
3967	286.13
3968	286.16
3969	286.17999
3970	286.17999
3971	286.23999
3972	286.28
3973	286.34
3974	286.41
3975	286.42999
3976	286.35999
3977	286.41
3978	286.41
3979	286.34
3980	286.42999
3981	286.39001
3982	286.41
3983	286.45001
3984	286.45001
3985	286.42999
3986	286.42999
3987	286.35999
3988	286.34
3989	286.39001
3990	286.41
3991	286.41
3992	286.41
3993	286.35999
3994	286.41
3995	286.41
3996	286.48999
3997	286.51001
3998	286.53
3999	286.51001
4000	286.45001
4001	286.47
4002	286.47
4003	286.51001
4004	286.48999
4005	286.51001
4006	286.51001
4007	286.51001
4008	286.45001
4009	286.35999
4010	286.48999
4011	286.53
4012	286.54999
4013	286.48999
4014	286.48999
4015	286.54999
4016	286.51001
4017	286.51001
4018	286.48999
4019	286.48999
4020	286.53
4021	286.64001
4022	286.47
4023	286.48999
4024	286.47
4025	286.45001
4026	286.45001
4027	286.42999
4028	286.41
4029	286.47
4030	286.48999
4031	286.42999
4032	286.42999
4033	286.47
4034	286.47
4035	286.48999
4036	286.53
4037	286.47
4038	286.51001
4039	286.53
4040	286.48999
4041	286.48999
4042	286.47
4043	286.34
4044	286.45001
4045	286.39001
4046	286.39001
4047	286.39001
4048	286.41
4049	286.45001
4050	286.42999
4051	286.45001
4052	286.39001
4053	286.39001
4054	286.41
4055	286.41
4056	286.41
4057	286.39001
4058	286.42999
4059	286.41
4060	286.42999
4061	286.42999
4062	286.35999
4063	286.42999
4064	286.48999
4065	286.48999
4066	286.48999
4067	286.39001
4068	286.48999
4069	286.42999
4070	286.42999
4071	286.42999
4072	286.51001
4073	286.51001
4074	286.53
4075	286.47
4076	286.51001
4077	286.48999
4078	286.48999
4079	286.54999
4080	286.54999
4081	286.47
4082	286.47
4083	286.42999
4084	286.45001
4085	286.45001
4086	286.45001
4087	286.47
4088	286.53
4089	286.53
4090	286.45001
4091	286.54999
4092	286.53
4093	286.59
4094	286.53
4095	286.53
4096	286.59
4097	286.53
4098	286.53
4099	286.57001
4100	286.54999
4101	286.53
4102	286.54999
4103	286.53
4104	286.51001
4105	286.51001
4106	286.48999
4107	286.54999
4108	286.57001
4109	286.57001
4110	286.28
4111	286.09
4112	286.09
4113	285.97
4114	285.97
4115	285.97
4116	286.03
4117	285.95001
4118	285.95001
4119	285.92999
4120	285.88
4121	285.76001
4122	285.60999
4123	285.35999
4124	284.94
4125	284.70999
4126	284.5
4127	283.69
4128	283.51999
4129	283.23001
4130	282.81
4131	282.64001
4132	282.42999
4133	282.32999
4134	282.32999
4135	282.32999
4136	282.35001
4137	282.35001
4138	282.32999
4139	282.45001
4140	282.54001
4141	282.60001
4142	282.67999
4143	282.85001
4144	282.85001
4145	282.92999
4146	283.07999
4147	283.20999
4148	283.37
4149	283.39001
4150	283.45999
4151	283.45999
4152	283.54001
4153	283.64999
4154	283.62
4155	283.73001
4156	283.73001
4157	283.79001
4158	283.79001
4159	283.81
4160	283.75
4161	283.79001
4162	283.88
4163	283.92001
4164	284
4165	284.04001
4166	284.01999
4167	284.07999
4168	284.01999
4169	283.95999
4170	283.92001
4171	283.95999
4172	284.06
4173	284.17001
4174	284.19
4175	284.23001
4176	284.23001
4177	284.17001
4178	284.31
4179	284.29001
4180	284.35999
4181	284.39999
4182	284.29001
4183	284.29001
4184	284.31
4185	284.25
4186	284.29001
4187	284.20999
4188	284.20999
4189	284.23001
4190	284.23001
4191	284.35999
4192	284.34
4193	284.31
4194	284.31
4195	284.35999
4196	284.38
4197	284.44
4198	284.35999
4199	284.38
4200	284.34
4201	284.34
4202	284.39999
4203	284.51999
4204	284.45999
4205	284.48001
4206	284.45999
4207	284.38
4208	284.26999
4209	284.29001
4210	284.26999
4211	284.25
4212	284.31
4213	284.29001
4214	284.23001
4215	284.23001
4216	284.38
4217	284.45999
4218	284.45999
4219	284.48001
4220	284.44
4221	284.51999
4222	284.51999
4223	284.45999
4224	284.44
4225	284.44
4226	284.5
4227	284.39999
4228	284.42001
4229	284.44
4230	284.5
4231	284.48001
4232	284.54001
4233	284.57001
4234	284.5
4235	284.44
4236	284.5
4237	284.48001
4238	284.45999
4239	284.57001
4240	284.45999
4241	284.38
4242	284.42001
4243	284.31
4244	284.38
4245	284.5
4246	284.45999
4247	284.45999
4248	284.5
4249	284.5
4250	284.59
4251	284.54001
4252	284.51999
4253	284.48001
4254	284.48001
4255	284.38
4256	284.31
4257	284.34
4258	284.29001
4259	284.38
4260	284.35999
4261	284.38
4262	284.31
4263	284.31
4264	284.23001
4265	284.31
4266	284.42001
4267	284.44
4268	284.39999
4269	284.38
4270	284.39999
4271	284.35999
4272	284.34
4273	284.39999
4274	284.42001
4275	284.5
4276	284.39999
4277	284.31
4278	284.34
4279	284.42001
4280	284.35999
4281	284.38
4282	284.44
4283	284.38
4284	284.39999
4285	284.39999
4286	284.39999
4287	284.34
4288	284.34
4289	284.38
4290	284.38
4291	284.44
4292	284.42001
4293	284.42001
4294	284.31
4295	284.35999
4296	284.34
4297	284.42001
4298	284.42001
4299	284.44
4300	284.44
4301	284.31
4302	284.34
4303	284.38
4304	284.42001
4305	284.44
4306	284.39999
4307	284.42001
4308	284.34
4309	284.45999
4310	284.57001
4311	284.51999
4312	284.5
4313	284.57001
4314	284.54001
4315	284.60999
4316	284.51999
4317	284.44
4318	284.44
4319	284.42001
4320	284.35999
4321	284.39999
4322	284.39999
4323	284.44
4324	284.42001
4325	284.42001
4326	284.44
4327	284.44
4328	284.39999
4329	284.42001
4330	284.42001
4331	284.5
4332	284.5
4333	284.44
4334	284.48001
4335	284.38
4336	284.38
4337	284.39999
4338	284.42001
4339	284.48001
4340	284.54001
4341	284.48001
4342	284.5
4343	284.54001
4344	284.51999
4345	284.48001
4346	284.44
4347	284.44
4348	284.39999
4349	284.44
4350	284.44
4351	284.57001
4352	284.5
4353	284.54001
4354	284.64999
4355	284.59
4356	284.42001
4357	284.42001
4358	284.38
4359	284.54001
4360	284.5
4361	284.57001
4362	284.51999
4363	284.57001
4364	284.57001
4365	284.57001
4366	284.44
4367	284.45999
4368	284.45999
4369	284.45999
4370	284.48001
4371	284.48001
4372	284.42001
4373	284.5
4374	284.48001
4375	284.51999
4376	284.44
4377	284.44
4378	284.5
4379	284.42001
4380	284.44
4381	284.31
4382	284.34
4383	284.31
4384	284.35999
4385	284.44
4386	284.38
4387	284.35999
4388	284.39999
4389	284.39999
4390	284.45999
4391	284.42001
4392	284.44
4393	284.35999
4394	284.5
4395	284.39999
4396	284.39999
4397	284.54001
4398	284.48001
4399	284.48001
4400	284.42001
4401	284.39999
4402	284.38
4403	284.38
4404	284.39999
4405	284.35999
4406	284.34
4407	284.51999
4408	284.67001
4409	284.70999
4410	284.76999
4411	284.94
4412	284.92001
4413	284.95999
4414	285.01001
4415	285.07001
4416	285.19
4417	285.23999
4418	285.38
4419	285.44
4420	285.51001
4421	285.67001
4422	285.64999
4423	285.67001
4424	285.73999
4425	285.79999
4426	285.89999
4427	285.89999
4428	285.89999
4429	285.95001
4430	285.97
4431	285.95001
4432	286.01001
4433	285.97
4434	286.03
4435	286.03
4436	286.03
4437	286.04999
4438	286.10999
4439	286.16
4440	286.07001
4441	286.09
4442	286.07001
4443	286.04999
4444	285.98999
4445	286.04999
4446	286.10999
4447	286.13
4448	286.16
4449	286.17999
4450	286.13
4451	286.16
4452	286.09
4453	286.04999
4454	286.07001
4455	286.07001
4456	286.09
4457	286.10999
4458	286.16
4459	286.10999
4460	286.10999
4461	286.17999
4462	286.16
4463	286.17999
4464	286.16
4465	286.20001
4466	286.13
4467	286.13
4468	286.10999
4469	286.17999
4470	286.20001
4471	286.17999
4472	286.22
4473	286.13
4474	286.13
4475	286.07001
4476	286.13
4477	286.13
4478	286.10999
4479	286.20001
4480	286.10999
4481	286.09
4482	286.10999
4483	286.13
4484	286.17999
4485	286.17999
4486	286.20001
4487	286.16
4488	286.20001
4489	286.26001
4490	286.23999
4491	286.22
4492	286.20001
4493	286.17999
4494	286.16
4495	286.17999
4496	286.10999
4497	286.17999
4498	286.26001
4499	286.26001
4500	286.17999
4501	286.17999
4502	286.13
4503	286.16
4504	286.10999
4505	286.13
4506	286.13
4507	286.13
4508	286.10999
4509	286.16
4510	286.16
4511	286.10999
4512	286.07001
4513	286.09
4514	286.03
4515	286.10999
4516	286.07001
4517	286.16
4518	286.26001
4519	286.26001
4520	286.22
4521	286.22
4522	286.28
4523	286.23999
4524	286.28
4525	286.17999
4526	286.20001
4527	286.13
4528	286.10999
4529	286.20001
4530	286.16
4531	286.22
4532	286.16
4533	286.16
4534	286.16
4535	286.04999
4536	286.03
4537	285.98999
4538	285.98999
4539	285.98999
4540	286.09
4541	286.09
4542	286.07001
4543	286.10999
4544	286.04999
4545	286.04999
4546	286.16
4547	286.13
4548	286.13
4549	286.09
4550	286.04999
4551	286.09
4552	285.98999
4553	286.01001
4554	286.03
4555	286.03
4556	286.07001
4557	286.03
4558	286.03
4559	286.01001
4560	286.01001
4561	286.03
4562	286.04999
4563	285.98999
4564	286.01001
4565	286.09
4566	286.04999
4567	286.10999
4568	286.09
4569	286.07001
4570	286.07001
4571	286.04999
4572	286.07001
4573	286.09
4574	286.03
4575	286.04999
4576	286.09
4577	286.09
4578	286.16
4579	286.09
4580	286.09
4581	286.07001
4582	286.07001
4583	285.82001
4584	285.82001
4585	285.63
4586	285.44
4587	285.53
4588	285.59
4589	285.59
4590	285.54999
4591	285.59
4592	285.64999
4593	285.57001
4594	285.54999
4595	285.44
4596	285.28
4597	285.04999
4598	284.92001
4599	284.67001
4600	284.34
4601	283.67001
4602	283.10001
4603	282.91
4604	282.75
4605	282.51999
4606	282.22
4607	282.04001
4608	281.95001
4609	281.95001
4610	281.97
4611	281.87
4612	281.92999
4613	282.04001
4614	282.17999
4615	282.23999
4616	282.23999
4617	282.41
4618	282.47
4619	282.64001
4620	282.66
4621	282.79001
4622	282.79001
4623	282.81
4624	283
4625	283.04001
4626	283.19
4627	283.26999
4628	283.35001
4629	283.35001
4630	283.37
4631	283.39001
4632	283.39001
4633	283.44
4634	283.51999
4635	283.56
4636	283.64999
4637	283.75
4638	283.76999
4639	283.79001
4640	283.79001
4641	283.79001
4642	283.73001
4643	283.79001
4644	283.82999
4645	283.81
4646	283.79001
4647	283.88
4648	283.88
4649	283.95999
4650	284.01999
4651	284.04001
4652	284.06
4653	284.10999
4654	284.17001
4655	284.17001
4656	284.13
4657	284.19
4658	284.20999
4659	284.20999
4660	284.14999
4661	284.19
4662	284.23001
4663	284.10999
4664	284.06
4665	284.10999
4666	284.25
4667	284.29001
4668	284.34
4669	284.29001
4670	284.31
4671	284.29001
4672	284.29001
4673	284.20999
4674	284.26999
4675	284.25
4676	284.29001
4677	284.31
4678	284.23001
4679	284.38
4680	284.38
4681	284.35999
4682	284.35999
4683	284.35999
4684	284.44
4685	284.39999
4686	284.34
4687	284.34
4688	284.38
4689	284.35999
4690	284.42001
4691	284.39999
4692	284.44
4693	284.39999
4694	284.44
4695	284.48001
4696	284.51999
4697	284.45999
4698	284.39999
4699	284.38
4700	284.38
4701	284.35999
4702	284.39999
4703	284.29001
4704	284.31
4705	284.34
4706	284.34
4707	284.42001
4708	284.42001
4709	284.45999
4710	284.45999
4711	284.38
4712	284.34
4713	284.29001
4714	284.25
4715	284.26999
4716	284.31
4717	284.31
4718	284.38
4719	284.38
4720	284.34
4721	284.34
4722	284.31
4723	284.39999
4724	284.34
4725	284.31
4726	284.31
4727	284.31
4728	284.39999
4729	284.38
4730	284.44
4731	284.45999
4732	284.45999
4733	284.5
4734	284.48001
4735	284.48001
4736	284.39999
4737	284.42001
4738	284.34
4739	284.39999
4740	284.39999
4741	284.48001
4742	284.48001
4743	284.48001
4744	284.31
4745	284.34
4746	284.34
4747	284.34
4748	284.5
4749	284.44
4750	284.39999
4751	284.39999
4752	284.51999
4753	284.48001
4754	284.42001
4755	284.35999
4756	284.35999
4757	284.38
4758	284.38
4759	284.31
4760	284.34
4761	284.31
4762	284.23001
4763	284.26999
4764	284.31
4765	284.38
4766	284.42001
4767	284.42001
4768	284.38
4769	284.34
4770	284.29001
4771	284.34
4772	284.44
4773	284.5
4774	284.5
4775	284.54001
4776	284.48001
4777	284.5
4778	284.57001
4779	284.44
4780	284.57001
4781	284.5
4782	284.48001
4783	284.59
4784	284.60999
4785	284.48001
4786	284.54001
4787	284.51999
4788	284.45999
4789	284.5
4790	284.5
4791	284.44
4792	284.48001
4793	284.44
4794	284.5
4795	284.39999
4796	284.44
4797	284.44
4798	284.42001
4799	284.59
4800	284.48001
4801	284.44
4802	284.45999
4803	284.5
4804	284.45999
4805	284.44
4806	284.42001
4807	284.38
4808	284.38
4809	284.34
4810	284.29001
4811	284.31
4812	284.26999
4813	284.26999
4814	284.45999
4815	284.57001
4816	284.63
4817	284.5
4818	284.51999
4819	284.57001
4820	284.42001
4821	284.48001
4822	284.48001
4823	284.54001
4824	284.45999
4825	284.48001
4826	284.45999
4827	284.5
4828	284.5
4829	284.5
4830	284.45999
4831	284.48001
4832	284.57001
4833	284.48001
4834	284.48001
4835	284.51999
4836	284.51999
4837	284.51999
4838	284.51999
4839	284.45999
4840	284.5
4841	284.54001
4842	284.57001
4843	284.45999
4844	284.51999
4845	284.51999
4846	284.5
4847	284.57001
4848	284.5
4849	284.5
4850	284.42001
4851	284.44
4852	284.45999
4853	284.48001
4854	284.48001
4855	284.63
4856	284.64999
4857	284.64999
4858	284.70999
4859	284.63
4860	284.59
4861	284.59
4862	284.59
4863	284.57001
4864	284.5
4865	284.5
4866	284.44
4867	284.5
4868	284.5
4869	284.48001
4870	284.51999
4871	284.42001
4872	284.39999
4873	284.45999
4874	284.48001
4875	284.44
4876	284.5
4877	284.51999
4878	284.48001
4879	284.29001
4880	284.42001
4881	284.5
4882	284.60999
4883	284.76999
4884	284.85999
4885	284.79999
4886	284.88
4887	284.89999
4888	284.89999
4889	284.98001
4890	285.07001
4891	285.09
4892	285.23999
4893	285.23999
4894	285.35999
4895	285.44
4896	285.47
4897	285.51001
4898	285.63
4899	285.70001
4900	285.70001
4901	285.72
4902	285.78
4903	285.78
4904	285.79999
4905	285.84
4906	285.84
4907	285.84
4908	285.88
4909	285.84
4910	285.79999
4911	285.84
4912	285.89999
4913	285.95001
4914	285.98999
4915	285.97
4916	285.97
4917	285.97
4918	285.92999
4919	285.97
4920	285.98999
4921	285.97
4922	286.03
4923	285.97
4924	285.92999
4925	285.97
4926	286.03
4927	286.03
4928	286.01001
4929	286.01001
4930	286.04999
4931	286.01001
4932	286.01001
4933	286.09
4934	286.10999
4935	286.04999
4936	286.10999
4937	286.04999
4938	286.04999
4939	286.04999
4940	286.09
4941	286.07001
4942	286.03
4943	286.10999
4944	286.03
4945	286.07001
4946	286.04999
4947	286.03
4948	286.09
4949	286.10999
4950	286.16
4951	286.16
4952	286.16
4953	286.13
4954	286.10999
4955	286.17999
4956	286.13
4957	286.13
4958	286.16
4959	286.09
4960	286.07001
4961	286.03
4962	286.04999
4963	286.07001
4964	286.07001
4965	286.09
4966	286.09
4967	286.10999
4968	286.13
4969	286.09
4970	286.09
4971	286.09
4972	286.09
4973	286.16
4974	286.10999
4975	286.13
4976	286.13
4977	286.10999
4978	286.10999
4979	286.10999
4980	286.07001
4981	286.09
4982	286.07001
4983	286.04999
4984	286.10999
4985	286.09
4986	286.07001
4987	286.07001
4988	286.09
4989	286.10999
4990	286.10999
4991	286.13
4992	286.16
4993	286.04999
4994	286.09
4995	286.13
4996	286.16
4997	286.10999
4998	286.04999
4999	286.10999
5000	286.03
5001	286.03
5002	286.03
5003	286.03
5004	286.03
5005	286.09
5006	286.07001
5007	286.10999
5008	286.13
5009	286.09
5010	286.09
5011	286.10999
5012	286.10999
5013	286.09
5014	286.09
5015	286.10999
5016	286.09
5017	286.03
5018	286.07001
5019	286.03
5020	286.07001
5021	286.03
5022	286.10999
5023	286.09
5024	286.09
5025	286.03
5026	286.09
5027	286.09
5028	286.04999
5029	286.07001
5030	286.09
5031	286.03
5032	286.07001
5033	286.07001
5034	286.04999
5035	286.09
5036	286.09
5037	286.04999
5038	286.10999
5039	286.10999
5040	286.09
5041	286.07001
5042	286.07001
5043	286.09
5044	286.09
5045	286.16
5046	286.16
5047	286.10999
5048	286.04999
5049	286.04999
5050	286.03
5051	285.95001
5052	286.01001
5053	285.98999
5054	286.07001
5055	286.03
5056	286.09
5057	285.76001
5058	285.76001
5059	285.72
5060	285.70001
5061	285.70001
5062	285.67001
5063	285.57001
5064	285.57001
5065	285.51001
5066	285.48999
5067	285.38
5068	285.42001
5069	285.35999
5070	285.34
5071	284.94
5072	284.48001
5073	284.01999
5074	284.01999
5075	283.25
5076	282.81
5077	282.66
5078	282.37
5079	282.16
5080	281.98999
5081	281.98999
5082	282.04001
5083	282.22
5084	282.23999
5085	282.35001
5086	282.54001
5087	282.45001
5088	282.45001
5089	282.56
5090	282.67999
5091	282.75
5092	282.82999
5093	282.95999
5094	282.98001
5095	283.10001
5096	283.26999
5097	283.25
5098	283.35001
5099	283.48001
5100	283.54001
5101	283.60001
5102	283.64999
5103	283.73001
5104	283.76999
5105	283.75
5106	283.79001
5107	283.89999
5108	283.98001
5109	284
5110	283.98001
5111	284.01999
5112	283.92001
5113	283.92001
5114	283.85001
5115	283.89999
5116	283.88
5117	283.88
5118	283.95999
5119	284.10999
5120	284.10999
5121	283.98001
5122	283.94
5123	283.94
5124	283.98001
5125	283.95999
5126	284.01999
5127	284.04001
5128	284.06
5129	284.06
5130	284.07999
5131	284.19
5132	284.20999
5133	284.19
5134	284.13
5135	284.17001
5136	284.19
5137	284.23001
5138	284.19
5139	284.20999
5140	284.25
5141	284.26999
5142	284.23001
5143	284.25
5144	284.35999
5145	284.35999
5146	284.29001
5147	284.31
5148	284.26999
5149	284.29001
5150	284.29001
5151	284.23001
5152	284.23001
5153	284.29001
5154	284.23001
5155	284.26999
5156	284.31
5157	284.35999
5158	284.44
5159	284.44
5160	284.39999
5161	284.42001
5162	284.38
5163	284.39999
5164	284.38
5165	284.39999
5166	284.5
5167	284.39999
5168	284.38
5169	284.31
5170	284.35999
5171	284.23001
5172	284.17001
5173	284.14999
5174	284.19
5175	284.25
5176	284.25
5177	284.34
5178	284.34
5179	284.39999
5180	284.34
5181	284.26999
5182	284.26999
5183	284.25
5184	284.25
5185	284.31
5186	284.14999
5187	284.17001
5188	284.14999
5189	284.17001
5190	284.23001
5191	284.23001
5192	284.23001
5193	284.25
5194	284.23001
5195	284.19
5196	284.17001
5197	284.20999
5198	284.29001
5199	284.26999
5200	284.35999
5201	284.35999
5202	284.31
5203	284.31
5204	284.29001
5205	284.26999
5206	284.42001
5207	284.44
5208	284.34
5209	284.35999
5210	284.35999
5211	284.35999
5212	284.38
5213	284.38
5214	284.26999
5215	284.26999
5216	284.26999
5217	284.26999
5218	284.34
5219	284.31
5220	284.25
5221	284.25
5222	284.26999
5223	284.26999
5224	284.35999
5225	284.39999
5226	284.39999
5227	284.44
5228	284.44
5229	284.35999
5230	284.35999
5231	284.26999
5232	284.25
5233	284.25
5234	284.26999
5235	284.38
5236	284.29001
5237	284.26999
5238	284.26999
5239	284.29001
5240	284.25
5241	284.26999
5242	284.29001
5243	284.35999
5244	284.39999
5245	284.45999
5246	284.38
5247	284.25
5248	284.29001
5249	284.26999
5250	284.31
5251	284.34
5252	284.26999
5253	284.23001
5254	284.26999
5255	284.26999
5256	284.26999
5257	284.25
5258	284.26999
5259	284.31
5260	284.25
5261	284.19
5262	284.19
5263	284.26999
5264	284.26999
5265	284.20999
5266	284.19
5267	284.10999
5268	284.14999
5269	284.17001
5270	284.17001
5271	284.26999
5272	284.29001
5273	284.20999
5274	284.26999
5275	284.17001
5276	284.17001
5277	284.25
5278	284.26999
5279	284.14999
5280	284.14999
5281	284.10999
5282	284.17001
5283	284.17001
5284	284.25
5285	284.34
5286	284.26999
5287	284.31
5288	284.29001
5289	284.25
5290	284.20999
5291	284.19
5292	284.25
5293	284.17001
5294	284.17001
5295	284.31
5296	284.34
5297	284.38
5298	284.34
5299	284.26999
5300	284.38
5301	284.38
5302	284.42001
5303	284.34
5304	284.34
5305	284.35999
5306	284.39999
5307	284.39999
5308	284.38
5309	284.25
5310	284.25
5311	284.20999
5312	284.17001
5313	284.04001
5314	284.01999
5315	284.06
5316	284.10999
5317	284.17001
5318	284.35999
5319	284.29001
5320	284.29001
5321	284.38
5322	284.42001
5323	284.48001
5324	284.5
5325	284.48001
5326	284.48001
5327	284.31
5328	284.29001
5329	284.34
5330	284.29001
5331	284.34
5332	284.38
5333	284.38
5334	284.45999
5335	284.42001
5336	284.35999
5337	284.38
5338	284.39999
5339	284.29001
5340	284.29001
5341	284.38
5342	284.38
5343	284.39999
5344	284.42001
5345	284.38
5346	284.31
5347	284.34
5348	284.39999
5349	284.45999
5350	284.54001
5351	284.45999
5352	284.34
5353	284.31
5354	284.39999
5355	284.57001
5356	284.54001
5357	284.54001
5358	284.57001
5359	284.59
5360	284.63
5361	284.60999
5362	284.67001
5363	284.84
5364	284.92001
5365	284.92001
5366	285.04999
5367	285.07001
5368	285.17001
5369	285.14999
5370	285.23999
5371	285.32001
5372	285.32001
5373	285.34
5374	285.29999
5375	285.39999
5376	285.42001
5377	285.38
5378	285.47
5379	285.47
5380	285.48999
5381	285.51001
5382	285.51001
5383	285.54999
5384	285.57001
5385	285.63
5386	285.59
5387	285.53
5388	285.48999
5389	285.42001
5390	285.54999
5391	285.44
5392	285.48999
5393	285.51001
5394	285.53
5395	285.51001
5396	285.54999
5397	285.54999
5398	285.53
5399	285.51001
5400	285.54999
5401	285.57001
5402	285.53
5403	285.54999
5404	285.54999
5405	285.54999
5406	285.60999
5407	285.63
5408	285.59
5409	285.64999
5410	285.70001
5411	285.70001
5412	285.60999
5413	285.67001
5414	285.70001
5415	285.64999
5416	285.70001
5417	285.60999
5418	285.63
5419	285.67001
5420	285.64999
5421	285.70001
5422	285.64999
5423	285.67001
5424	285.70001
5425	285.72
5426	285.72
5427	285.67001
5428	285.64999
5429	285.59
5430	285.59
5431	285.59
5432	285.63
5433	285.63
5434	285.57001
5435	285.60999
5436	285.60999
5437	285.51001
5438	285.54999
5439	285.57001
5440	285.60999
5441	285.54999
5442	285.57001
5443	285.57001
5444	285.53
5445	285.53
5446	285.54999
5447	285.57001
5448	285.54999
5449	285.54999
5450	285.53
5451	285.57001
5452	285.59
5453	285.57001
5454	285.57001
5455	285.60999
5456	285.59
5457	285.60999
5458	285.60999
5459	285.63
5460	285.64999
5461	285.59
5462	285.54999
5463	285.60999
5464	285.53
5465	285.60999
5466	285.63
5467	285.63
5468	285.63
5469	285.63
5470	285.67001
5471	285.64999
5472	285.67001
5473	285.67001
5474	285.60999
5475	285.60999
5476	285.59
5477	285.57001
5478	285.63
5479	285.63
5480	285.59
5481	285.64999
5482	285.64999
5483	285.60999
5484	285.57001
5485	285.51001
5486	285.54999
5487	285.60999
5488	285.59
5489	285.57001
5490	285.59
5491	285.54999
5492	285.59
5493	285.51001
5494	285.53
5495	285.51001
5496	285.54999
5497	285.54999
5498	285.60999
5499	285.59
5500	285.59
5501	285.60999
5502	285.57001
5503	285.57001
5504	285.60999
5505	285.51001
5506	285.60999
5507	285.60999
5508	285.47
5509	285.54999
5510	285.53
5511	285.53
5512	285.57001
5513	285.54999
5514	285.54999
5515	285.54999
5516	285.54999
5517	285.48999
5518	285.57001
5519	285.54999
5520	285.51001
5521	285.51001
5522	285.51001
5523	285.57001
5524	285.57001
5525	285.60999
5526	285.54999
5527	285.53
5528	285.54999
5529	285.47
5530	285.34
5531	285.17001
5532	285.04999
5533	285.09
5534	285.07001
5535	285.01001
5536	285.07001
5537	285.07001
5538	285.19
5539	285.19
5540	285.26001
5541	285.13
5542	285.01001
5543	284.82001
5544	284.63
5545	284.25
5546	284.25
5547	283.35001
5548	282.98001
5549	282.64001
5550	282.20001
5551	281.87
5552	281.73999
5553	281.73999
5554	281.57999
5555	281.54999
5556	281.53
5557	281.54999
5558	281.64001
5559	281.67999
5560	281.78
5561	282.07999
5562	282.16
5563	282.20001
5564	282.39001
5565	282.57999
5566	282.70001
5567	282.81
5568	282.87
5569	282.87
5570	283
5571	283.07999
5572	283.19
5573	283.23001
5574	283.26999
5575	283.26999
5576	283.31
5577	283.35001
5578	283.35001
5579	283.5
5580	283.57999
5581	283.56
5582	283.51999
5583	283.54001
5584	283.64999
5585	283.64999
5586	283.69
5587	283.67001
5588	283.67001
5589	283.69
5590	283.75
5591	283.95999
5592	283.95999
5593	283.85001
5594	283.82999
5595	283.82999
5596	283.82999
5597	283.98001
5598	283.94
5599	283.92001
5600	284.07999
5601	284.19
5602	284.38
5603	284.38
5604	284.29001
5605	283.89999
5606	283.70999
5607	283.39001
5608	282.92999
5609	282.89001
5610	283.29001
5611	283.42001
5612	283.70999
5613	283.75
5614	283.89999
5615	283.85001
5616	283.82999
5617	283.82999
5618	283.94
5619	283.92001
5620	283.94
5621	284.04001
5622	284.13
5623	284.10999
5624	284.10999
5625	284.10999
5626	284.14999
5627	284.13
5628	284.14999
5629	284.14999
5630	284.17001
5631	284.20999
5632	284.26999
5633	284.19
5634	284.25
5635	284.20999
5636	284.17001
5637	284.17001
5638	284.17001
5639	284.14999
5640	284.19
5641	284.10999
5642	284.10999
5643	284.14999
5644	284.07999
5645	284.04001
5646	284.01999
5647	284.04001
5648	283.94
5649	283.94
5650	283.88
5651	283.81
5652	283.85001
5653	283.81
5654	283.82999
5655	283.85001
5656	283.85001
5657	283.89999
5658	283.76999
5659	283.76999