1	314.09
2	314.09
3	314.09
4	314.04999
5	314.09
6	314.07001
7	314.09
8	314.09
9	314.19
10	314.19
11	314.28
12	314.14999
13	314.17001
14	314.17001
15	314.19
16	314.20999
17	314.20999
18	314.19
19	314.14999
20	314.10999
21	314.09
22	314.09
23	314.09
24	314.14999
25	314.20999
26	314.19
27	314.14999
28	314.29999
29	314.34
30	314.32001
31	314.25
32	314.13
33	314.09
34	314.01999
35	313.92001
36	313.92001
37	314.07001
38	314.10999
39	314.20999
40	314.25
41	314.32001
42	314.32001
43	314.35999
44	314.32001
45	314.34
46	314.32001
47	314.42001
48	314.42001
49	314.42001
50	314.34
51	314.32001
52	314.28
53	314.32001
54	314.32001
55	314.32001
56	314.25
57	314.20999
58	314.23001
59	314.25
60	314.25
61	314.29999
62	314.29999
63	314.35999
64	314.32001
65	314.32001
66	314.32001
67	314.23001
68	314.25
69	314.57001
70	314.59
71	314.32001
72	314.07001
73	313.85999
74	313.85999
75	313.92001
76	314.07001
77	314.09
78	314.09
79	314.10999
80	314.14999
81	314.14999
82	314.28
83	314.28
84	314.28
85	314.29999
86	314.39999
87	314.70999
88	314.70999
89	315.28
90	315.42999
91	315.35999
92	315.14999
93	315.09
94	315.10999
95	315.10999
96	314.89999
97	315.01001
98	315.32001
99	315.38
100	315.38
101	315.51001
102	315.60999
103	315.57001
104	315.59
105	315.79999
106	315.78
107	315.60999
108	315.32001
109	315.20001
110	315.14999
111	315.29999
112	315.47
113	315.47
114	315.54999
115	315.67999
116	315.76001
117	315.70001
118	315.63
119	315.59
120	315.59
121	315.63
122	315.53
123	315.48999
124	315.22
125	315.13
126	315.04999
127	315.03
128	315.07001
129	315.13
130	315.17001
131	315.28
132	315.47
133	315.48999
134	315.60999
135	315.67999
136	315.66
137	315.53
138	315.47
139	315.53
140	315.60999
141	315.67999
142	315.54999
143	315.67999
144	315.70001
145	315.63
146	315.73999
147	315.85999
148	315.85999
149	315.84
150	315.79999
151	315.73999
152	315.73999
153	315.57001
154	315.51001
155	315.59
156	315.82001
157	315.91
158	315.89001
159	315.89001
160	315.78
161	315.73999
162	315.73999
163	315.63
164	315.54999
165	315.51001
166	315.51001
167	315.79999
168	315.85999
169	315.97
170	315.85999
171	315.91
172	315.95001
173	315.89001
174	315.82001
175	315.84
176	315.54999
177	315.32001
178	315.34
179	315.22
180	315.32001
181	315.48999
182	315.60999
183	315.72
184	315.72
185	316.03
186	316.14001
187	316.12
188	316.03
189	315.97
190	316.03
191	316.03
192	316.12
193	316.09
194	316.09
195	316.09
196	316.07001
197	315.98999
198	315.98999
199	315.79999
200	315.79999
201	315.79999
202	315.85999
203	315.97
204	316.01001
205	316.09
206	316.03
207	316.14001
208	316.04999
209	315.95001
210	315.89001
211	316.07001
212	316.14001
213	316.22
214	316.35001
215	316.42999
216	316.35001
217	316.22
218	316.12
219	316.22
220	316.14001
221	316.03
222	316.03
223	316.03
224	316.12
225	316.16
226	316.20001
227	316.16
228	316.04999
229	316.12
230	316.12
231	316.09
232	316.03
233	316.07001
234	316.12
235	316.09
236	316.04999
237	315.95001
238	315.97
239	316.04999
240	316.32999
241	316.39001
242	316.35001
243	316.35001
244	316.37
245	316.17999
246	316.32999
247	316.41
248	316.56
249	316.60001
250	316.56
251	316.56
252	316.47
253	316.41
254	316.37
255	316.37
256	316.35001
257	316.26001
258	316.17999
259	316.09
260	316.03
261	315.91
262	315.91
263	315.42999
264	314.85999
265	314.53
266	313.59
267	312.70999
268	311.89001
269	311.89001
270	310.98999
271	310.67999
272	310.45001
273	310.35999
274	310.39001
275	310.35999
276	310.48999
277	310.72
278	310.72
279	310.92999
280	310.98999
281	311.12
282	311.41
283	311.51999
284	312.07999
285	312.14001
286	312.31
287	312.41
288	312.45999
289	312.45999
290	312.44
291	312.51999
292	312.64001
293	312.81
294	312.81
295	313.20999
296	313.39999
297	313.56
298	313.69
299	313.69
300	313.73001
301	313.73001
302	313.75
303	313.84
304	314.01999
305	314.10999
306	314.17001
307	314.14999
308	314.14999
309	314.19
310	314.20999
311	314.19
312	314.17001
313	314.10999
314	314.14999
315	314.29999
316	314.44
317	314.53
318	314.45999
319	314.53
320	314.54999
321	314.63
322	314.63
323	314.63
324	314.60999
325	314.45999
326	314.38
327	314.38
328	314.48001
329	314.53
330	314.69
331	314.59
332	314.54999
333	314.54999
334	314.57001
335	314.57001
336	314.54999
337	314.59
338	314.67001
339	314.73999
340	314.73999
341	314.76001
342	314.78
343	314.78
344	314.70999
345	314.70999
346	314.67001
347	314.53
348	314.54999
349	314.54999
350	314.64999
351	314.69
352	314.67001
353	314.67001
354	314.78
355	314.97
356	314.92001
357	315.04999
358	315.17001
359	315.17001
360	315.03
361	315.04999
362	315.03
363	314.98999
364	314.89999
365	314.89999
366	314.76001
367	314.69
368	314.76001
369	314.78
370	314.70999
371	314.63
372	314.63
373	314.76001
374	314.82001
375	314.88
376	314.89999
377	315.09
378	315.03
379	315.03
380	315.01001
381	314.89999
382	314.89999
383	314.84
384	314.88
385	314.89999
386	314.85999
387	314.84
388	314.88
389	314.88
390	314.84
391	314.82001
392	314.85999
393	314.82001
394	314.88
395	314.97
396	315.04999
397	315.20001
398	315.22
399	315.23999
400	315.17001
401	314.98999
402	314.92001
403	314.82001
404	314.82001
405	314.84
406	314.97
407	314.97
408	315.04999
409	315.07001
410	315.03
411	315.03
412	315.04999
413	315.04999
414	315.03
415	315.03
416	315.04999
417	315.03
418	315.14999
419	314.88
420	314.85999
421	314.84
422	314.85999
423	314.88
424	314.94
425	314.89999
426	314.84
427	314.76001
428	314.85999
429	314.92001
430	314.94
431	315.13
432	315.09
433	315.10999
434	315.03
435	315.03
436	315.03
437	314.82001
438	314.82001
439	314.85999
440	314.97
441	314.98999
442	314.98999
443	314.98999
444	314.89999
445	314.85999
446	314.84
447	314.88
448	314.97
449	314.97
450	314.97
451	315.07001
452	315.04999
453	315.14999
454	315.22
455	315.13
456	315.10999
457	315.03
458	314.97
459	314.97
460	314.97
461	314.98999
462	314.94
463	314.97
464	314.97
465	315.03
466	314.97
467	314.97
468	314.94
469	314.92001
470	314.92001
471	314.89999
472	314.92001
473	315.04999
474	315.17001
475	315.17001
476	314.97
477	314.94
478	315.01001
479	314.89999
480	314.88
481	314.89999
482	314.89999
483	314.97
484	314.94
485	314.94
486	314.92001
487	315.01001
488	314.94
489	314.97
490	314.97
491	315.03
492	315.01001
493	314.94
494	314.89999
495	314.84
496	314.82001
497	314.89999
498	314.88
499	314.89999
500	314.89999
501	314.97
502	314.97
503	314.97
504	314.92001
505	314.94
506	314.88
507	314.88
508	314.98999
509	314.98999
510	315.03
511	315.01001
512	314.88
513	314.84
514	314.84
515	314.82001
516	314.84
517	314.88
518	314.97
519	315.01001
520	315.01001
521	315.01001
522	315.14999
523	315.10999
524	315.13
525	315.14999
526	315.10999
527	315.13
528	315.13
529	315.22
530	315.14999
531	315.09
532	314.97
533	314.97
534	315.01001
535	314.97
536	314.85999
537	314.88
538	314.78
539	314.78
540	314.67001
541	314.64999
542	314.84
543	315.13
544	315.07001
545	314.88
546	314.88
547	314.69
548	314.73999
549	314.78
550	314.67001
551	314.88
552	314.89999
553	314.89999
554	315.17001
555	315.09
556	315.07001
557	314.97
558	315.13
559	315.22
560	315.14999
561	315.26001
562	315.42999
563	315.54999
564	315.79999
565	315.97
566	315.95001
567	315.91
568	315.91
569	315.85999
570	315.60999
571	315.57001
572	315.45001
573	315.66
574	315.70001
575	315.79999
576	315.82001
577	315.79999
578	315.79999
579	315.76001
580	315.66
581	315.73999
582	315.95001
583	316.04999
584	316.20001
585	316.20001
586	316.03
587	315.89001
588	315.98999
589	316.14001
590	316.17999
591	316.28
592	316.28
593	316.28
594	316.09
595	315.98999
596	315.91
597	315.79999
598	315.76001
599	315.79999
600	315.97
601	315.97
602	316.01001
603	316.16
604	316.17999
605	316.12
606	316.09
607	315.92999
608	315.95001
609	316.01001
610	316.01001
611	316.03
612	316.09
613	316.09
614	316.03
615	316.12
616	316.26001
617	316.26001
618	316.28
619	316.23999
620	316.23999
621	316.07001
622	315.97
623	316.28
624	316.28
625	316.56
626	316.42999
627	316.39001
628	316.26001
629	316.17999
630	316.03
631	316.07001
632	316.01001
633	315.82001
634	315.79999
635	315.72
636	315.78
637	315.82001
638	315.89001
639	315.91
640	315.89001
641	316.04999
642	316.12
643	316.22
644	316.26001
645	316.29999
646	316.41
647	316.41
648	316.39001
649	316.35001
650	316.29999
651	316.32999
652	316.32999
653	316.26001
654	316.23999
655	316.16
656	316.16
657	316.35001
658	316.29999
659	316.28
660	316.04999
661	316.23999
662	316.22
663	316.22
664	316.17999
665	316.07001
666	315.95001
667	315.95001
668	315.89001
669	315.89001
670	315.98999
671	316.16
672	316.14001
673	316.01001
674	316.01001
675	315.97
676	315.95001
677	315.92999
678	315.47
679	315.42999
680	315.23999
681	315.32001
682	315.45001
683	315.54999
684	315.73999
685	315.82001
686	315.98999
687	316.04999
688	316.04999
689	316.09
690	315.84
691	315.89001
692	315.98999
693	315.92999
694	315.97
695	315.97
696	316.07001
697	316.17999
698	316.16
699	316.04999
700	315.82001
701	315.78
702	315.78
703	315.82001
704	315.82001
705	315.91
706	315.92999
707	316.03
708	315.84
709	315.89001
710	315.63
711	315.67999
712	315.57001
713	315.47
714	315.32001
715	315.42999
716	315.35999
717	315.39999
718	315.35999
719	315.42999
720	315.67999
721	315.91
722	316.03
723	316.12
724	316.22
725	316.26001
726	316.22
727	316.22
728	316.14001
729	316.14001
730	316.17999
731	316.20001
732	316.23999
733	316.14001
734	316.14001
735	315.72
736	315.20001
737	314.94
738	314.01999
739	313.29001
740	312.82999
741	312.39001
742	311.29001
743	310.79999
744	310.59
745	310.26001
746	310.22
747	310.29999
748	310.23999
749	310.45001
750	310.62
751	310.78
752	311.14001
753	311.31
754	311.60001
755	311.64001
756	312.06
757	312.44
758	312.79001
759	312.79001
760	313.04001
761	313.31
762	313.32999
763	313.38
764	313.45999
765	313.42001
766	313.42001
767	313.54001
768	313.63
769	313.63
770	313.85999
771	313.92001
772	314.04999
773	314.04999
774	314.04999
775	313.95999
776	314.09
777	314.13
778	314.28
779	314.25
780	314.32001
781	314.39999
782	314.44
783	314.42001
784	314.39999
785	314.45999
786	314.54999
787	314.57001
788	314.59
789	314.51001
790	314.54999
791	314.54999
792	314.69
793	314.70999
794	314.76001
795	314.84
796	314.84
797	314.92001
798	314.92001
799	314.84
800	314.88
801	314.89999
802	314.94
803	315.01001
804	315.04999
805	315.04999
806	315.01001
807	314.97
808	314.88
809	314.97
810	315.01001
811	315.03
812	314.92001
813	314.94
814	315.03
815	315.04999
816	314.97
817	314.97
818	315.01001
819	315.01001
820	315.03
821	315.01001
822	315.04999
823	315.10999
824	315.14999
825	315.13
826	315.04999
827	314.94
828	315.03
829	315.07001
830	315.07001
831	315.07001
832	315.09
833	315.09
834	314.98999
835	314.94
836	314.97
837	314.97
838	314.79999
839	314.94
840	314.92001
841	314.92001
842	314.94
843	314.89999
844	314.89999
845	314.89999
846	314.88
847	314.79999
848	314.82001
849	314.84
850	314.82001
851	314.84
852	314.84
853	314.88
854	314.98999
855	315.09
856	315.07001
857	315.03
858	314.94
859	314.82001
860	314.89999
861	314.88
862	314.85999
863	314.82001
864	314.94
865	314.94
866	315.01001
867	314.98999
868	314.98999
869	314.98999
870	315.03
871	314.92001
872	314.92001
873	314.88
874	314.88
875	314.85999
876	314.85999
877	314.84
878	314.79999
879	314.88
880	314.85999
881	314.92001
882	314.82001
883	314.82001
884	314.89999
885	314.88
886	314.82001
887	314.92001
888	314.84
889	314.76001
890	314.79999
891	314.70999
892	314.78
893	314.82001
894	314.88
895	314.78
896	314.76001
897	314.76001
898	314.67001
899	314.60999
900	314.57001
901	314.53
902	314.63
903	314.64999
904	314.67001
905	314.67001
906	314.70999
907	314.78
908	314.78
909	314.76001
910	314.64999
911	314.69
912	314.54999
913	314.54999
914	314.64999
915	314.64999
916	314.84
917	314.79999
918	314.82001
919	314.70999
920	314.76001
921	314.70999
922	314.70999
923	314.63
924	314.60999
925	314.54999
926	314.53
927	314.60999
928	314.64999
929	314.69
930	314.67001
931	314.70999
932	314.67001
933	314.60999
934	314.63
935	314.59
936	314.54999
937	314.48001
938	314.44
939	314.54999
940	314.54999
941	314.53
942	314.67001
943	314.67001
944	314.70999
945	314.73999
946	314.67001
947	314.67001
948	314.59
949	314.57001
950	314.59
951	314.53
952	314.59
953	314.64999
954	314.64999
955	314.73999
956	314.67001
957	314.69
958	314.67001
959	314.59
960	314.57001
961	314.57001
962	314.51001
963	314.54999
964	314.57001
965	314.59
966	314.54999
967	314.54999
968	314.57001
969	314.45999
970	314.53
971	314.51001
972	314.38
973	314.38
974	314.45999
975	314.54999
976	314.60999
977	314.82001
978	314.76001
979	314.76001
980	314.78
981	314.82001
982	314.82001
983	314.70999
984	314.73999
985	314.64999
986	314.64999
987	314.73999
988	314.64999
989	314.57001
990	314.59
991	314.63
992	314.51001
993	314.48001
994	314.57001
995	314.57001
996	314.57001
997	314.59
998	314.54999
999	314.45999
1000	314.57001
1001	314.69
1002	314.76001
1003	314.82001
1004	314.97
1005	314.92001
1006	314.94
1007	314.94
1008	314.85999
1009	314.82001
1010	314.92001
1011	314.92001
1012	314.73999
1013	314.70999
1014	314.67001
1015	314.85999
1016	315.04999
1017	314.82001
1018	314.82001
1019	314.48001
1020	314.39999
1021	314.23001
1022	313.98001
1023	313.94
1024	313.92001
1025	313.92001
1026	314.07001
1027	314.13
1028	314.19
1029	314.34
1030	314.53
1031	314.60999
1032	314.60999
1033	314.84
1034	314.94
1035	314.94
1036	314.88
1037	314.82001
1038	314.79999
1039	314.76001
1040	314.76001
1041	314.69
1042	314.70999
1043	314.79999
1044	314.85999
1045	314.85999
1046	314.73999
1047	314.97
1048	315.20001
1049	315.35999
1050	315.35999
1051	315.47
1052	315.53
1053	315.42999
1054	315.26001
1055	315.14999
1056	315.23999
1057	315.23999
1058	315.35999
1059	315.35999
1060	315.42999
1061	315.59
1062	315.57001
1063	315.45001
1064	315.39999
1065	315.03
1066	315.03
1067	314.89999
1068	315.03
1069	315.22
1070	315.23999
1071	315.22
1072	315.29999
1073	315.26001
1074	315.51001
1075	315.45001
1076	315.45001
1077	315.45001
1078	315.47
1079	315.38
1080	315.34
1081	315.32001
1082	315.32001
1083	315.23999
1084	315.04999
1085	314.97
1086	314.89999
1087	315.07001
1088	315.20001
1089	315.20001
1090	315.13
1091	315.09
1092	315.10999
1093	315.07001
1094	315.13
1095	314.88
1096	314.88
1097	314.85999
1098	314.73999
1099	314.76001
1100	314.88
1101	315.07001
1102	315.10999
1103	315.10999
1104	315.09
1105	315.10999
1106	315.26001
1107	315.34
1108	315.29999
1109	315.09
1110	314.98999
1111	315.04999
1112	315.07001
1113	315.14999
1114	315.32001
1115	315.29999
1116	315.32001
1117	315.29999
1118	315.23999
1119	315.09
1120	315.10999
1121	315.10999
1122	315.29999
1123	315.42999
1124	315.39999
1125	315.42999
1126	315.34
1127	315.34
1128	315.34
1129	315.66
1130	315.54999
1131	315.42999
1132	315.34
1133	315.38
1134	315.45001
1135	315.45001
1136	315.51001
1137	315.48999
1138	315.39999
1139	315.42999
1140	315.47
1141	315.42999
1142	315.35999
1143	315.04999
1144	314.98999
1145	315.07001
1146	315.07001
1147	315.10999
1148	315.09
1149	315.13
1150	315.14999
1151	314.92001
1152	314.73999
1153	314.97
1154	315.04999
1155	315.07001
1156	315.13
1157	315.14999
1158	315.01001
1159	314.85999
1160	314.85999
1161	314.89999
1162	315.09
1163	315.07001
1164	315.34
1165	315.48999
1166	315.54999
1167	315.54999
1168	315.42999
1169	315.32001
1170	315.34
1171	315.35999
1172	315.28
1173	315.28
1174	315.34
1175	315.14999
1176	315.14999
1177	315.07001
1178	315.17001
1179	315.22
1180	315.17001
1181	315.23999
1182	315.42999
1183	315.45001
1184	315.59
1185	315.47
1186	315.38
1187	315.28
1188	315.38
1189	315.35999
1190	315.57001
1191	315.26001
1192	315.26001
1193	315.10999
1194	315.29999
1195	315.34
1196	315.29999
1197	315.38
1198	315.48999
1199	315.48999
1200	315.51001
1201	315.59
1202	315.39999
1203	315.42999
1204	315.35999
1205	315.42999
1206	315.42999
1207	315.22
1208	315.03
1209	314.85999
1210	314.32001
1211	313.56
1212	313.23001
1213	312.92001
1214	311.75
1215	311.42999
1216	310.79999
1217	310.28
1218	310.09
1219	309.64999
1220	309.51001
1221	309.20999
1222	309.01001
1223	309.01001
1224	309.07001
1225	309.23999
1226	309.34
1227	309.47
1228	309.60999
1229	309.88
1230	310.20001
1231	310.20001
1232	310.57001
1233	310.72
1234	310.72
1235	310.91
1236	311.07999
1237	311.26001
1238	311.26001
1239	311.32999
1240	311.41
1241	311.47
1242	311.47
1243	311.60001
1244	311.67999
1245	311.56
1246	311.79001
1247	311.89001
1248	311.98001
1249	312.14001
1250	312.17999
1251	312.14001
1252	312.20999
1253	312.23001
1254	312.23001
1255	312.26999
1256	312.35001
1257	312.29001
1258	312.23001
1259	312.25
1260	312.35001
1261	312.56
1262	312.75
1263	312.75
1264	312.85001
1265	312.85001
1266	312.82999
1267	312.85001
1268	312.87
1269	312.76999
1270	312.76999
1271	312.70999
1272	312.73001
1273	312.73001
1274	312.81
1275	313
1276	313.01999
1277	313.01999
1278	313.01999
1279	312.95999
1280	312.98001
1281	312.89999
1282	312.94
1283	312.94
1284	312.98001
1285	313.04001
1286	313.06
1287	313.01999
1288	313.10001
1289	313.06
1290	313.14999
1291	313.20999
1292	313.19
1293	313.20999
1294	313.17001
1295	313.04001
1296	313.10001
1297	313.06
1298	313.07999
1299	313.19
1300	313.26999
1301	313.20999
1302	313.20999
1303	313.25
1304	313.17001
1305	313.19
1306	313.13
1307	313.14999
1308	313.07999
1309	313.07999
1310	313.13
1311	313.23001
1312	313.19
1313	313.14999
1314	313.17001
1315	313.19
1316	313.13
1317	313.23001
1318	313.26999
1319	313.23001
1320	313.25
1321	313.19
1322	313.19
1323	313.23001
1324	313.19
1325	313.23001
1326	313.25
1327	313.25
1328	313.29001
1329	313.26999
1330	313.32999
1331	313.25
1332	313.25
1333	313.17001
1334	313.17001
1335	313.06
1336	313.10001
1337	313.06
1338	313.07999
1339	313.14999
1340	313.25
1341	313.25
1342	313.35999
1343	313.35999
1344	313.35999
1345	313.32999
1346	313.23001
1347	313.20999
1348	313.20999
1349	313.17001
1350	313.13
1351	313.19
1352	313.25
1353	313.20999
1354	313.20999
1355	313.20999
1356	313.29001
1357	313.35999
1358	313.48001
1359	313.45999
1360	313.44
1361	313.38
1362	313.38
1363	313.26999
1364	313.29001
1365	313.20999
1366	313.31
1367	313.29001
1368	313.31
1369	313.23001
1370	313.17001
1371	313.23001
1372	313.25
1373	313.25
1374	313.38
1375	313.26999
1376	313.26999
1377	313.31
1378	313.44
1379	313.56
1380	313.56
1381	313.5
1382	313.48001
1383	313.31
1384	313.25
1385	313.25
1386	313.14999
1387	313.19
1388	313.10001
1389	313.10001
1390	313.14999
1391	313.19
1392	313.04001
1393	313.07999
1394	313.17001
1395	313.29001
1396	313.26999
1397	313.32999
1398	313.38
1399	313.32999
1400	313.26999
1401	313.26999
1402	313.31
1403	313.44
1404	313.48001
1405	313.48001
1406	313.48001
1407	313.44
1408	313.38
1409	313.31
1410	313.29001
1411	313.14999
1412	313.14999
1413	313.10001
1414	313.07999
1415	313.04001
1416	313.04001
1417	313.04001
1418	313.19
1419	313.19
1420	313.10001
1421	313.14999
1422	313.19
1423	313.19
1424	313.07999
1425	313.10001
1426	313
1427	312.92001
1428	313
1429	313.07999
1430	313.07999
1431	313.13
1432	313.07999
1433	313.14999
1434	313.10001
1435	313.10001
1436	313.07999
1437	313.17001
1438	313.23001
1439	313.23001
1440	313.25
1441	313.31
1442	313.25
1443	313.35999
1444	313.35999
1445	313.20999
1446	313.23001
1447	313.14999
1448	313.04001
1449	313.14999
1450	313.17001
1451	313.17001
1452	313.04001
1453	312.94
1454	312.92001
1455	312.92001
1456	312.95999
1457	313
1458	313
1459	313.10001
1460	313.01999
1461	313.06
1462	313.06
1463	313.14999
1464	313.14999
1465	313.10001
1466	313
1467	312.95999
1468	313
1469	312.89999
1470	312.89999
1471	312.85001
1472	312.85001
1473	312.95999
1474	312.94
1475	312.94
1476	312.98001
1477	313.07999
1478	313.10001
1479	313.07999
1480	313.01999
1481	312.98001
1482	313.13
1483	313.13
1484	313.25
1485	313.25
1486	313.20999
1487	313.01999
1488	313.04001
1489	313.20999
1490	313.20999
1491	313.13
1492	312.98001
1493	312.95999
1494	312.87
1495	312.85001
1496	312.75
1497	312.70999
1498	312.5
1499	312.51999
1500	312.60001
1501	312.70999
1502	312.95999
1503	312.95999
1504	313.06
1505	313.32999
1506	313.35999
1507	313.64999
1508	313.79001
1509	313.76999
1510	313.70999
1511	313.89999
1512	314.07001
1513	314.10999
1514	314.01999
1515	314.01999
1516	313.88
1517	313.88
1518	313.89999
1519	314.01999
1520	314.28
1521	314.44
1522	314.44
1523	314.48001
1524	314.35999
1525	314.28
1526	314.29999
1527	314.32001
1528	314.51001
1529	314.51001
1530	314.48001
1531	314.39999
1532	314.42001
1533	314.29999
1534	314.34
1535	314.29999
1536	314.34
1537	314.28
1538	314.35999
1539	314.29999
1540	314.19
1541	314.32001
1542	314.39999
1543	314.45999
1544	314.53
1545	314.53
1546	314.51001
1547	314.53
1548	314.42001
1549	314.19
1550	314.13
1551	314.01999
1552	314.04999
1553	314.01999
1554	314.01999
1555	314
1556	314.13
1557	314.17001
1558	314.13
1559	314.28
1560	314.39999
1561	314.39999
1562	314.38
1563	314.23001
1564	314.10999
1565	313.75
1566	313.82001
1567	313.88
1568	313.98001
1569	314.19
1570	314.19
1571	314.14999
1572	314.19
1573	314.17001
1574	314.17001
1575	314.19
1576	313.95999
1577	313.82001
1578	313.85999
1579	314
1580	314.10999
1581	314.17001
1582	314.28
1583	314.39999
1584	314.45999
1585	314.53
1586	314.53
1587	314.48001
1588	314.63
1589	314.63
1590	314.54999
1591	314.64999
1592	314.53
1593	314.53
1594	314.34
1595	314.25
1596	314.32001
1597	314.23001
1598	314.13
1599	313.94
1600	313.94
1601	314.09
1602	314.32001
1603	314.35999
1604	314.54999
1605	314.63
1606	314.64999
1607	314.57001
1608	314.19
1609	314.07001
1610	314
1611	314.04999
1612	314.09
1613	314.10999
1614	314.09
1615	314.44
1616	314.51001
1617	314.51001
1618	314.29999
1619	314.44
1620	314.57001
1621	314.59
1622	314.67001
1623	314.57001
1624	314.48001
1625	314.48001
1626	314.53
1627	314.64999
1628	314.60999
1629	314.53
1630	314.51001
1631	314.48001
1632	314.48001
1633	314.60999
1634	314.64999
1635	314.63
1636	314.63
1637	314.73999
1638	314.78
1639	314.67001
1640	314.60999
1641	314.67001
1642	314.67001
1643	314.63
1644	314.67001
1645	314.57001
1646	314.45999
1647	314.23001
1648	314.23001
1649	314.20999
1650	314.25
1651	314.23001
1652	314.28
1653	314.32001
1654	314.38
1655	314.34
1656	314.42001
1657	314.42001
1658	314.32001
1659	314.34
1660	314.28
1661	314.39999
1662	314.48001
1663	314.59
1664	314.59
1665	314.20999
1666	314.28
1667	314.42001
1668	314.57001
1669	314.73999
1670	314.79999
1671	314.79999
1672	314.82001
1673	314.76001
1674	314.70999
1675	314.60999
1676	314.59
1677	314.63
1678	314.60999
1679	314.54999
1680	314.48001
1681	314.29999
1682	313.88
1683	313.64999
1684	312.98001
1685	312.56
1686	311.29001
1687	310.98999
1688	310.29999
1689	309.57001
1690	309.23999
1691	308.75
1692	308.57001
1693	308.26999
1694	308.14999
1695	308.13
1696	308.13
1697	308.23001
1698	308.38
1699	308.39999
1700	308.54999
1701	308.94
1702	309.19
1703	309.19
1704	309.44
1705	309.73999
1706	309.89999
1707	310.07001
1708	310.20001
1709	310.28
1710	310.41
1711	310.64001
1712	310.85001
1713	310.97
1714	311.07999
1715	311.07999
1716	311.07999
1717	311.07999
1718	311.20001
1719	311.17999
1720	311.29001
1721	311.32999
1722	311.32999
1723	311.45001
1724	311.45001
1725	311.56
1726	311.70001
1727	311.70001
1728	311.87
1729	311.92999
1730	311.98001
1731	311.98001
1732	311.92999
1733	311.92999
1734	311.98001
1735	311.98001
1736	312.04001
1737	312.12
1738	312.10001
1739	312.14001
1740	312.14001
1741	312.17999
1742	312.17999
1743	312.16
1744	312.16
1745	312.26999
1746	312.31
1747	312.32999
1748	312.37
1749	312.37
1750	312.26999
1751	312.32999
1752	312.29001
1753	312.32999
1754	312.5
1755	312.57999
1756	312.69
1757	312.56
1758	312.54001
1759	312.45999
1760	312.56
1761	312.62
1762	312.67001
1763	312.62
1764	312.5
1765	312.32999
1766	312.35001
1767	312.35001
1768	312.41
1769	312.35001
1770	312.39001
1771	312.35001
1772	312.32999
1773	312.35001
1774	312.35001
1775	312.41
1776	312.39001
1777	312.41
1778	312.45999
1779	312.45999
1780	312.44
1781	312.44
1782	312.48001
1783	312.45999
1784	312.54001
1785	312.57999
1786	312.5
1787	312.51999
1788	312.56
1789	312.51999
1790	312.54001
1791	312.60001
1792	312.56
1793	312.62
1794	312.56
1795	312.56
1796	312.54001
1797	312.48001
1798	312.44
1799	312.45999
1800	312.45999
1801	312.60001
1802	312.64001
1803	312.79001
1804	312.85001
1805	312.82999
1806	312.82999
1807	312.92001
1808	312.89999
1809	312.89999
1810	312.76999
1811	312.75
1812	312.62
1813	312.62
1814	312.62
1815	312.54001
1816	312.54001
1817	312.54001
1818	312.67001
1819	312.76999
1820	312.70999
1821	312.75
1822	312.67001
1823	312.57999
1824	312.57999
1825	312.62
1826	312.70999
1827	312.70999
1828	312.69
1829	312.64001
1830	312.73001
1831	312.85001
1832	312.81
1833	312.94
1834	312.94
1835	312.81
1836	312.76999
1837	312.69
1838	312.69
1839	312.57999
1840	312.64001
1841	312.76999
1842	312.85001
1843	312.82999
1844	312.87
1845	312.87
1846	312.73001
1847	312.67001
1848	312.67001
1849	312.64001
1850	312.62
1851	312.56
1852	312.56
1853	312.44
1854	312.5
1855	312.51999
1856	312.56
1857	312.57999
1858	312.60001
1859	312.54001
1860	312.60001
1861	312.54001
1862	312.70999
1863	312.87
1864	312.85001
1865	312.75
1866	312.62
1867	312.56
1868	312.70999
1869	312.75
1870	312.82999
1871	312.81
1872	312.70999
1873	312.64001
1874	312.54001
1875	312.64001
1876	312.70999
1877	312.70999
1878	312.75
1879	312.76999
1880	312.75
1881	312.64001
1882	312.62
1883	312.57999
1884	312.57999
1885	312.57999
1886	312.62
1887	312.60001
1888	312.62
1889	312.70999
1890	312.69
1891	312.75
1892	312.73001
1893	312.62
1894	312.60001
1895	312.64001
1896	312.62
1897	312.64001
1898	312.62
1899	312.64001
1900	312.64001
1901	312.76999
1902	312.73001
1903	312.75
1904	312.69
1905	312.64001
1906	312.64001
1907	312.64001
1908	312.81
1909	312.81
1910	312.79001
1911	312.73001
1912	312.69
1913	312.56
1914	312.54001
1915	312.51999
1916	312.51999
1917	312.51999
1918	312.54001
1919	312.37
1920	312.48001
1921	312.45999
1922	312.57999
1923	312.57999
1924	312.60001
1925	312.56
1926	312.51999
1927	312.45999
1928	312.39001
1929	312.51999
1930	312.51999
1931	312.64001
1932	312.60001
1933	312.60001
1934	312.62
1935	312.56
1936	312.62
1937	312.62
1938	312.54001
1939	312.48001
1940	312.41
1941	312.54001
1942	312.51999
1943	312.56
1944	312.51999
1945	312.64001
1946	312.60001
1947	312.67001
1948	312.67001
1949	312.69
1950	312.60001
1951	312.60001
1952	312.60001
1953	312.56
1954	312.48001
1955	312.48001
1956	312.44
1957	312.44
1958	312.41
1959	312.35001
1960	312.37
1961	312.29001
1962	312.45999
1963	312.81
1964	312.85001
1965	312.76999
1966	312.45999
1967	312.44
1968	312.20999
1969	312.07999
1970	311.82999
1971	311.89001
1972	312.14001
1973	312.20999
1974	312.29001
1975	312.32999
1976	312.25
1977	312.35001
1978	312.62
1979	313.07999
1980	313.45999
1981	313.44
1982	313.39999
1983	313.26999
1984	313.31
1985	313.48001
1986	313.59
1987	313.59
1988	313.59
1989	313.54001
1990	313.54001
1991	313.75
1992	313.88
1993	313.73001
1994	313.73001
1995	313.64999
1996	313.64999
1997	313.70999
1998	313.76999
1999	313.92001
2000	314
2001	314
2002	314.01999
2003	313.88
2004	313.85999
2005	313.84
2006	313.70999
2007	313.70999
2008	313.67001
2009	313.70999
2010	313.70999
2011	313.73001
2012	313.92001
2013	313.95999
2014	314.28
2015	314.38
2016	314.32001
2017	314.23001
2018	314.29999
2019	314.29999
2020	314.28
2021	314.10999
2022	314.04999
2023	314.17001
2024	314.09
2025	314.07001
2026	314.07001
2027	313.88
2028	313.82001
2029	313.84
2030	313.73001
2031	313.70999
2032	313.70999
2033	313.70999
2034	313.73001
2035	313.60999
2036	313.5
2037	313.39999
2038	313.42001
2039	313.38
2040	313.5
2041	313.54001
2042	313.45999
2043	313.29001
2044	313.38
2045	313.48001
2046	313.59
2047	313.56
2048	313.56
2049	313.69
2050	313.73001
2051	313.82001
2052	313.76999
2053	313.88
2054	313.79001
2055	313.79001
2056	313.82001
2057	313.70999
2058	313.70999
2059	313.59
2060	313.5
2061	313.54001
2062	313.84
2063	313.82001
2064	313.67001
2065	313.67001
2066	313.84
2067	313.95999
2068	313.82001
2069	313.73001
2070	313.70999
2071	313.67001
2072	313.73001
2073	313.75
2074	313.63
2075	313.5
2076	313.76999
2077	313.94
2078	314.04999
2079	313.94
2080	313.94
2081	313.88
2082	313.63
2083	313.51999
2084	313.56
2085	313.59
2086	313.54001
2087	313.59
2088	313.51999
2089	313.45999
2090	313.45999
2091	313.17001
2092	313.19
2093	313.19
2094	313.48001
2095	313.70999
2096	313.85999
2097	313.85999
2098	313.64999
2099	313.59
2100	313.54001
2101	313.60999
2102	313.56
2103	313.56
2104	313.56
2105	313.44
2106	313.31
2107	313.25
2108	313.14999
2109	313.07999
2110	313.20999
2111	313.17001
2112	313.19
2113	313.17001
2114	313.04001
2115	313.01999
2116	312.98001
2117	313.06
2118	313.07999
2119	313.51999
2120	313.64999
2121	313.76999
2122	313.75
2123	313.75
2124	313.82001
2125	313.92001
2126	313.88
2127	313.76999
2128	313.60999
2129	313.60999
2130	313.51999
2131	313.45999
2132	313.39999
2133	313.42001
2134	313.38
2135	313.29001
2136	313.29001
2137	313.31
2138	313.10001
2139	313.07999
2140	313.39999
2141	313.63
2142	313.69
2143	313.76999
2144	313.84
2145	313.85999
2146	313.88
2147	313.79001
2148	313.88
2149	313.79001
2150	313.79001
2151	313.85999
2152	313.82001
2153	313.73001
2154	313.51999
2155	313.38
2156	312.87
2157	312.60001
2158	311.85001
2159	311.07999
2160	310.26001
2161	309.29999
2162	308.89999
2163	308.29001
2164	307.95999
2165	307.56
2166	307.42001
2167	307.29001
2168	307.29001
2169	307.25
2170	307.35001
2171	307.48001
2172	307.79001
2173	307.98001
2174	308.14999
2175	308.14999
2176	308.69
2177	309.01001
2178	309.14999
2179	309.35999
2180	309.47
2181	309.53
2182	309.57001
2183	309.63
2184	309.76001
2185	309.72
2186	309.78
2187	309.88
2188	309.95001
2189	309.92999
2190	310.03
2191	310.13
2192	310.13
2193	310.17999
2194	310.17999
2195	310.28
2196	310.32001
2197	310.39001
2198	310.48999
2199	310.47
2200	310.47
2201	310.45001
2202	310.48999
2203	310.45001
2204	310.48999
2205	310.53
2206	310.53
2207	310.53
2208	310.70001
2209	310.87
2210	310.91
2211	310.95001
2212	310.91
2213	310.92999
2214	310.91
2215	310.82001
2216	310.79999
2217	310.85001
2218	310.85001
2219	310.82001
2220	310.79999
2221	310.78
2222	310.78
2223	310.79999
2224	310.73999
2225	310.82001
2226	310.87
2227	310.91
2228	310.92999
2229	311.04999
2230	310.92999
2231	310.92999
2232	310.95001
2233	311.04999
2234	311.07999
2235	311.17999
2236	311.20001
2237	311.14001
2238	311.07999
2239	311.07999
2240	310.98999
2241	310.82001
2242	310.91
2243	310.91
2244	310.97
2245	311.01001
2246	311.01001
2247	311.07999
2248	311.20001
2249	311.12
2250	311.12
2251	311.03
2252	311.04999
2253	311.10001
2254	311.10001
2255	311.14001
2256	311.20001
2257	311.04999
2258	311.10001
2259	311.16
2260	311.17999
2261	311.20001
2262	311.29001
2263	311.31
2264	311.26001
2265	311.20001
2266	311.20001
2267	311.22
2268	311.37
2269	311.42999
2270	311.39001
2271	311.39001
2272	311.29001
2273	311.23999
2274	311.26001
2275	311.29001
2276	311.23999
2277	311.23999
2278	311.23999
2279	311.23999
2280	311.23999
2281	311.32999
2282	311.35001
2283	311.26001
2284	311.26001
2285	311.26001
2286	311.32999
2287	311.29001
2288	311.26001
2289	311.31
2290	311.31
2291	311.31
2292	311.20001
2293	311.17999
2294	311.20001
2295	311.35001
2296	311.32999
2297	311.20001
2298	311.26001
2299	311.22
2300	311.26001
2301	311.22
2302	311.29001
2303	311.32999
2304	311.26001
2305	311.29001
2306	311.31
2307	311.20001
2308	311.35001
2309	311.32999
2310	311.32999
2311	311.22
2312	311.12
2313	311.17999
2314	311.10001
2315	311.07999
2316	311.04999
2317	311.04999
2318	311.20001
2319	311.12
2320	311.12
2321	311.29001
2322	311.31
2323	311.31
2324	311.32999
2325	311.17999
2326	311.17999
2327	311.22
2328	311.17999
2329	311.31
2330	311.22
2331	311.26001
2332	311.29001
2333	311.31
2334	311.42999
2335	311.51999
2336	311.41
2337	311.39001
2338	311.26001
2339	311.35001
2340	311.29001
2341	311.35001
2342	311.35001
2343	311.35001
2344	311.35001
2345	311.29001
2346	311.29001
2347	311.31
2348	311.29001
2349	311.29001
2350	311.31
2351	311.32999
2352	311.51999
2353	311.41
2354	311.35001
2355	311.32999
2356	311.32999
2357	311.31
2358	311.32999
2359	311.37
2360	311.39001
2361	311.41
2362	311.42999
2363	311.47
2364	311.42999
2365	311.37
2366	311.23999
2367	311.26001
2368	311.26001
2369	311.23999
2370	311.32999
2371	311.23999
2372	311.31
2373	311.35001
2374	311.37
2375	311.37
2376	311.37
2377	311.37
2378	311.41
2379	311.35001
2380	311.29001
2381	311.29001
2382	311.29001
2383	311.22
2384	311.26001
2385	311.26001
2386	311.23999
2387	311.16
2388	311.16
2389	311.20001
2390	311.14001
2391	311.16
2392	311.29001
2393	311.26001
2394	311.41
2395	311.35001
2396	311.54001
2397	311.51999
2398	311.48999
2399	311.60001
2400	311.72
2401	311.67999
2402	311.67999
2403	311.42999
2404	311.35001
2405	311.23999
2406	311.23999
2407	311.22
2408	311.20001
2409	311.26001
2410	311.29001
2411	311.35001
2412	311.41
2413	311.41
2414	311.48999
2415	311.51999
2416	311.56
2417	311.54001
2418	311.60001
2419	311.48999
2420	311.48999
2421	311.39001
2422	311.37
2423	311.23999
2424	311.29001
2425	311.26001
2426	311.22
2427	311.22
2428	311.20001
2429	311.31
2430	311.35001
2431	311.37
2432	311.35001
2433	311.32999
2434	311.26001
2435	311.41
2436	311.54001
2437	311.62
2438	311.67999
2439	311.72
2440	311.66
2441	311.64001
2442	311.72
2443	311.91
2444	311.91
2445	311.87
2446	311.89001
2447	311.81
2448	311.66
2449	311.42999
2450	311.48999
2451	311.79001
2452	311.79001
2453	312.10001
2454	312.17999
2455	312.23001
2456	312.62
2457	312.89999
2458	312.95999
2459	312.95999
2460	313
2461	312.76999
2462	312.70999
2463	312.69
2464	312.87
2465	312.94
2466	312.94
2467	313.17001
2468	313.14999
2469	313.10001
2470	313.06
2471	313.10001
2472	313.13
2473	313.14999
2474	313.01999
2475	313.04001
2476	312.82999
2477	312.70999
2478	312.75
2479	312.95999
2480	313
2481	313.25
2482	313.38
2483	313.44
2484	313.42001
2485	313.32999
2486	313.19
2487	313.10001
2488	313.10001
2489	313.23001
2490	313.44
2491	313.44
2492	313.44
2493	313.45999
2494	313.42001
2495	313.38
2496	313.38
2497	313.48001
2498	313.48001
2499	313.59
2500	313.60999
2501	313.59
2502	313.51999
2503	313.39999
2504	313.44
2505	313.42001
2506	313.17001
2507	313.19
2508	313
2509	312.98001
2510	313.14999
2511	313.19
2512	313.14999
2513	313
2514	313.04001
2515	313.10001
2516	313.17001
2517	313.17001
2518	313.10001
2519	313.10001
2520	313.20999
2521	313.39999
2522	313.44
2523	313.44
2524	313.42001
2525	313.25
2526	313.17001
2527	313.26999
2528	313.23001
2529	313.29001
2530	313.29001
2531	313.48001
2532	313.48001
2533	313.44
2534	313.17001
2535	313.07999
2536	312.92001
2537	312.92001
2538	312.89999
2539	313.10001
2540	313.14999
2541	313.17001
2542	313.14999
2543	313.13
2544	312.94
2545	312.79001
2546	312.82999
2547	313.01999
2548	313
2549	313.13
2550	313.17001
2551	313.23001
2552	313.48001
2553	313.60999
2554	313.54001
2555	313.44
2556	313.5
2557	313.45999
2558	313.44
2559	313.35999
2560	313.29001
2561	313.20999
2562	313.20999
2563	313.45999
2564	313.35999
2565	313.26999
2566	313.23001
2567	313.10001
2568	312.98001
2569	312.98001
2570	313.04001
2571	313.10001
2572	313.06
2573	313.04001
2574	312.81
2575	312.69
2576	312.60001
2577	312.45999
2578	312.51999
2579	312.48001
2580	312.56
2581	312.73001
2582	312.89999
2583	312.95999
2584	313.10001
2585	313.01999
2586	312.94
2587	312.94
2588	312.95999
2589	313.14999
2590	313.19
2591	313.26999
2592	313.35999
2593	313.39999
2594	313.39999
2595	313.13
2596	313.04001
2597	313
2598	312.92001
2599	312.85001
2600	312.69
2601	312.69
2602	313.17001
2603	313.06
2604	312.94
2605	312.82999
2606	312.89999
2607	312.87
2608	312.87
2609	313.07999
2610	313.26999
2611	313.17001
2612	312.94
2613	312.94
2614	312.95999
2615	313.01999
2616	313.17001
2617	313.25
2618	313.23001
2619	313.20999
2620	313.25
2621	313.23001
2622	313.20999
2623	313.17001
2624	313.07999
2625	313.17001
2626	313.10001
2627	313.07999
2628	312.70999
2629	312.37
2630	311.79001
2631	311.01001
2632	310.17999
2633	310.17999
2634	308.84
2635	308.06
2636	307.73001
2637	307.20999
2638	306.87
2639	306.57999
2640	306.57999
2641	306.32999
2642	306.42999
2643	306.45001
2644	306.54001
2645	306.70999
2646	306.89001
2647	306.98001
2648	307.45999
2649	307.73001
2650	307.89999
2651	308.23001
2652	308.54999
2653	308.73001
2654	308.64999
2655	309.01001
2656	309.04999
2657	309.26001
2658	309.42001
2659	309.57001
2660	309.57001
2661	309.59
2662	309.72
2663	309.82001
2664	309.84
2665	309.84
2666	309.72
2667	309.95001
2668	309.97
2669	310.20001
2670	310.20001
2671	310.22
2672	310.22
2673	310.26001
2674	310.34
2675	310.39001
2676	310.42999
2677	310.64001
2678	310.59
2679	310.59
2680	310.62
2681	310.62
2682	310.57001
2683	310.53
2684	310.57001
2685	310.59
2686	310.64001
2687	310.64001
2688	310.66
2689	310.66
2690	310.76001
2691	310.91
2692	310.92999
2693	310.92999
2694	310.79999
2695	310.87
2696	310.78
2697	310.76001
2698	310.82001
2699	310.85001
2700	310.78
2701	310.73999
2702	310.82001
2703	310.82001
2704	310.82001
2705	310.76001
2706	310.78
2707	310.85001
2708	310.78
2709	310.76001
2710	310.66
2711	310.66
2712	310.78
2713	310.87
2714	310.78
2715	310.79999
2716	310.91
2717	310.97
2718	310.97
2719	311.17999
2720	311.31
2721	311.26001
2722	311.20001
2723	311.10001
2724	311.10001
2725	311.04999
2726	311.14001
2727	311.17999
2728	311.16
2729	311.16
2730	311.16
2731	311.16
2732	311.04999
2733	311.16
2734	311.12
2735	311.10001
2736	311.03
2737	311.12
2738	311.07999
2739	311.10001
2740	311.20001
2741	311.17999
2742	311.07999
2743	311.07999
2744	311.01001
2745	311.04999
2746	311.04999
2747	311.20001
2748	311.23999
2749	311.22
2750	311.22
2751	311.04999
2752	311.07999
2753	311.12
2754	311.14001
2755	311.17999
2756	311.14001
2757	311.16
2758	310.98999
2759	310.91
2760	310.91
2761	310.82001
2762	310.67999
2763	310.54999
2764	310.54999
2765	310.57001
2766	310.47
2767	310.51001
2768	310.28
2769	310.16
2770	309.88
2771	309.70001
2772	309.70001
2773	309.78
2774	309.82001
2775	309.82001
2776	309.88
2777	309.76001
2778	309.67001
2779	309.19
2780	308.75
2781	308.75
2782	308.75
2783	309.28
2784	309.78
2785	309.88
2786	310.23999
2787	310.39001
2788	310.47
2789	310.47
2790	310.45001
2791	310.42999
2792	310.47
2793	310.45001
2794	310.39001
2795	310.35999
2796	310.29999
2797	310.35999
2798	310.42999
2799	310.54999
2800	310.51001
2801	310.53
2802	310.51001
2803	310.48999
2804	310.51001
2805	310.45001
2806	310.51001
2807	310.64001
2808	310.70001
2809	310.76001
2810	310.72
2811	310.67999
2812	310.62
2813	310.59
2814	310.59
2815	310.57001
2816	310.72
2817	310.70001
2818	310.85001
2819	310.97
2820	310.95001
2821	310.95001
2822	311.01001
2823	310.98999
2824	310.95001
2825	310.97
2826	310.98999
2827	310.98999
2828	311.12
2829	311.14001
2830	311.04999
2831	311.01001
2832	310.98999
2833	310.95001
2834	310.92999
2835	310.85001
2836	310.47
2837	310.41
2838	310.26001
2839	310.23999
2840	310.23999
2841	310.41
2842	310.45001
2843	310.73999
2844	310.91
2845	310.95001
2846	310.95001
2847	310.97
2848	311.04999
2849	311.07999
2850	311.01001
2851	310.98999
2852	310.70001
2853	310.70001
2854	310.51001
2855	310.57001
2856	310.62
2857	310.73999
2858	310.87
2859	310.98999
2860	310.98999
2861	311.12
2862	311.14001
2863	311.10001
2864	310.57001
2865	310.28
2866	310.29999
2867	310.29999
2868	310.47
2869	310.62
2870	310.64001
2871	310.70001
2872	310.66
2873	310.62
2874	310.66
2875	310.82001
2876	310.79999
2877	310.76001
2878	310.72
2879	310.67999
2880	310.72
2881	310.72
2882	310.67999
2883	310.76001
2884	310.91
2885	310.91
2886	310.92999
2887	310.97
2888	310.91
2889	310.79999
2890	310.79999
2891	310.78
2892	310.78
2893	310.85001
2894	310.95001
2895	311.03
2896	311.16
2897	311.14001
2898	311.07999
2899	310.95001
2900	310.79999
2901	310.82001
2902	310.87
2903	310.73999
2904	310.39001
2905	310.23999
2906	310.10999
2907	309.84
2908	309.88
2909	310.34
2910	310.51001
2911	310.54999
2912	310.45001
2913	310.32001
2914	310.29999
2915	310.29999
2916	310.41
2917	310.41
2918	310.54999
2919	310.67999
2920	310.76001
2921	310.89001
2922	310.97
2923	311.04999
2924	311.04999
2925	311.07999
2926	311.23999
2927	311.29001
2928	311.51999
2929	311.70001
2930	311.85001
2931	311.85001
2932	311.75
2933	311.98001
2934	312.04001
2935	312.17999
2936	312.10001
2937	312.14001
2938	312.12
2939	312.01999
2940	311.98001
2941	312.06
2942	312.29001
2943	312.37
2944	312.5
2945	312.51999
2946	312.60001
2947	312.54001
2948	312.60001
2949	312.54001
2950	312.45999
2951	312.44
2952	312.51999
2953	312.60001
2954	312.62
2955	312.60001
2956	312.60001
2957	312.45999
2958	312.29001
2959	312.17999
2960	312.10001
2961	312.12
2962	312.17999
2963	312.17999
2964	312.07999
2965	312.06
2966	312.07999
2967	311.92999
2968	311.87
2969	311.87
2970	311.87
2971	312.17999
2972	312.26999
2973	312.26999
2974	312.31
2975	312.31
2976	312.17999
2977	312.12
2978	312.17999
2979	312.17999
2980	312.29001
2981	312.31
2982	312.26999
2983	312.12
2984	312.20999
2985	312.25
2986	312.20999
2987	312.16
2988	312
2989	311.98001
2990	312.01999
2991	312.10001
2992	311.89001
2993	311.81
2994	311.82999
2995	311.82999
2996	311.60001
2997	311.60001
2998	311.62
2999	311.82999
3000	311.92999
3001	311.98001
3002	311.98001
3003	312.32999
3004	312.32999
3005	312.31
3006	312.44
3007	312.56
3008	312.5
3009	312.41
3010	312.17999
3011	312.14001
3012	312.06
3013	311.92999
3014	311.98001
3015	311.92999
3016	312
3017	312.12
3018	312.23001
3019	312.29001
3020	312.31
3021	312.23001
3022	312.29001
3023	312.32999
3024	312.32999
3025	312.29001
3026	312.14001
3027	312.14001
3028	311.98001
3029	311.76999
3030	311.66
3031	311.72
3032	311.87
3033	312.06
3034	312.06
3035	312.12
3036	312.29001
3037	312.23001
3038	312.17999
3039	312.01999
3040	312.07999
3041	312.07999
3042	312.35001
3043	312.44
3044	312.41
3045	312.41
3046	312.26999
3047	312.31
3048	312.29001
3049	312.48001
3050	312.57999
3051	312.70999
3052	312.67001
3053	312.69
3054	312.69
3055	312.81
3056	312.82999
3057	312.82999
3058	312.5
3059	312.29001
3060	312.23001
3061	312.31
3062	312.39001
3063	312.14001
3064	312.10001
3065	312.04001
3066	312.04001
3067	312.16
3068	312.32999
3069	312.39001
3070	312.48001
3071	312.23001
3072	311.85001
3073	311.85001
3074	312.01999
3075	312.10001
3076	312.12
3077	312.48001
3078	312.64001
3079	312.57999
3080	312.60001
3081	312.56
3082	312.69
3083	312.94
3084	312.89999
3085	312.73001
3086	312.82999
3087	312.79001
3088	313.07999
3089	313.10001
3090	313.01999
3091	313.04001
3092	313
3093	312.95999
3094	312.94
3095	313.04001
3096	312.82999
3097	312.76999
3098	312.76999
3099	312.37
3100	311.82999
3101	311.51999
3102	310.51001
3103	309.38
3104	308.44
3105	308.44
3106	307.26999
3107	306.66
3108	306.45001
3109	306.23999
3110	306.31
3111	306.57999
3112	306.57999
3113	307.04001
3114	307.25
3115	307.32999
3116	307.42001
3117	307.63
3118	307.75
3119	307.92001
3120	308.20999
3121	308.35999
3122	308.69
3123	309.09
3124	309.14999
3125	309.20999
3126	309.35999
3127	309.59
3128	309.70001
3129	309.73999
3130	309.78
3131	309.89999
3132	310.01001
3133	309.98999
3134	310.13
3135	310.34
3136	310.39001
3137	310.39001
3138	310.45001
3139	310.48999
3140	310.53
3141	310.57001
3142	310.85001
3143	310.98999
3144	310.98999
3145	310.95001
3146	310.87
3147	310.73999
3148	310.70001
3149	310.72
3150	310.72
3151	310.72
3152	310.78
3153	310.82001
3154	310.85001
3155	310.95001
3156	310.97
3157	310.91
3158	310.89001
3159	310.97
3160	311.03
3161	311.07999
3162	311.12
3163	311.14001
3164	311.12
3165	311.07999
3166	310.97
3167	310.92999
3168	310.89001
3169	310.97
3170	310.98999
3171	311.14001
3172	311.16
3173	311.29001
3174	311.35001
3175	311.31
3176	311.31
3177	311.17999
3178	311.22
3179	311.29001
3180	311.26001
3181	311.23999
3182	311.22
3183	311.22
3184	311.26001
3185	311.35001
3186	311.37
3187	311.42999
3188	311.42999
3189	311.42999
3190	311.47
3191	311.57999
3192	311.56
3193	311.51999
3194	311.51999
3195	311.48999
3196	311.47
3197	311.42999
3198	311.42999
3199	311.39001
3200	311.32999
3201	311.29001
3202	311.37
3203	311.45001
3204	311.54001
3205	311.56
3206	311.56
3207	311.60001
3208	311.60001
3209	311.64001
3210	311.60001
3211	311.66
3212	311.70001
3213	311.67999
3214	311.64001
3215	311.64001
3216	311.62
3217	311.81
3218	311.64001
3219	311.75
3220	311.72
3221	311.67999
3222	311.72
3223	311.54001
3224	311.45001
3225	311.48999
3226	311.54001
3227	311.51999
3228	311.54001
3229	311.48999
3230	311.47
3231	311.45001
3232	311.47
3233	311.42999
3234	311.56
3235	311.57999
3236	311.51999
3237	311.51999
3238	311.67999
3239	311.66
3240	311.66
3241	311.66
3242	311.64001
3243	311.64001
3244	311.60001
3245	311.51999
3246	311.37
3247	311.37
3248	311.31
3249	311.31
3250	311.29001
3251	311.45001
3252	311.41
3253	311.48999
3254	311.48999
3255	311.62
3256	311.62
3257	311.57999
3258	311.45001
3259	311.37
3260	311.31
3261	311.32999
3262	311.29001
3263	311.29001
3264	311.35001
3265	311.35001
3266	311.23999
3267	311.29001
3268	311.32999
3269	311.56
3270	311.72
3271	311.79001
3272	311.72
3273	311.62
3274	311.48999
3275	311.41
3276	311.32999
3277	311.37
3278	311.35001
3279	311.35001
3280	311.31
3281	311.31
3282	311.35001
3283	311.29001
3284	311.14001
3285	311.16
3286	311.16
3287	311.31
3288	311.31
3289	311.22
3290	311.20001
3291	311.17999
3292	311.29001
3293	311.29001
3294	311.37
3295	311.42999
3296	311.42999
3297	311.41
3298	311.26001
3299	311.22
3300	311.16
3301	311.22
3302	311.29001
3303	311.26001
3304	311.37
3305	311.32999
3306	311.35001
3307	311.41
3308	311.31
3309	311.22
3310	311.14001
3311	310.98999
3312	311.03
3313	311.07999
3314	311.16
3315	311.26001
3316	311.31
3317	311.29001
3318	311.29001
3319	311.22
3320	311.17999
3321	311.17999
3322	311.14001
3323	310.98999
3324	310.98999
3325	310.98999
3326	311.03
3327	311.07999
3328	310.97
3329	310.97
3330	310.97
3331	311.01001
3332	311.01001
3333	311.07999
3334	311.07999
3335	311.14001
3336	311.20001
3337	311.14001
3338	311.12
3339	311.04999
3340	311.17999
3341	311.16
3342	311.16
3343	311.22
3344	311.23999
3345	311.26001
3346	311.22
3347	311.23999
3348	311.17999
3349	311.17999
3350	311.17999
3351	311.17999
3352	311.12
3353	311.07999
3354	311.16
3355	311.10001
3356	311.20001
3357	311.20001
3358	311.16
3359	311.17999
3360	311.26001
3361	311.31
3362	311.31
3363	311.29001
3364	311.29001
3365	311.20001
3366	311.26001
3367	311.17999
3368	311.23999
3369	311.26001
3370	311.22
3371	311.22
3372	311.17999
3373	311.17999
3374	311.29001
3375	311.32999
3376	311.29001
3377	311.35001
3378	311.32999
3379	311.42999
3380	311.51999
3381	311.41
3382	311.60001
3383	311.64001
3384	311.42999
3385	311.37
3386	311.22
3387	311.16
3388	311.03
3389	311.03
3390	311.10001
3391	311.20001
3392	311.22
3393	311.41
3394	311.48999
3395	311.32999
3396	311.32999
3397	311.26001
3398	311.45001
3399	311.54001
3400	311.87
3401	312.04001
3402	312.06
3403	312
3404	312.06
3405	312.12
3406	312.25
3407	312.25
3408	312.31
3409	312.31
3410	312.35001
3411	312.37
3412	312.41
3413	312.35001
3414	312.31
3415	312.35001
3416	312.39001
3417	312.37
3418	312.44
3419	312.44
3420	312.37
3421	312.37
3422	312.25
3423	312.23001
3424	312.29001
3425	312.35001
3426	312.26999
3427	312.39001
3428	312.39001
3429	312.48001
3430	312.41
3431	312.39001
3432	312.23001
3433	312.10001
3434	312.17999
3435	312.17999
3436	312.23001
3437	312.23001
3438	312.16
3439	312.23001
3440	312.39001
3441	312.39001
3442	312.41
3443	312.54001
3444	312.48001
3445	312.31
3446	312.32999
3447	312.29001
3448	312.14001
3449	312.17999
3450	312.39001
3451	312.5
3452	312.5
3453	312.5
3454	312.54001
3455	312.39001
3456	312.41
3457	312.25
3458	312.23001
3459	312.35001
3460	312.35001
3461	312.35001
3462	312.32999
3463	312.23001
3464	312.06
3465	312.04001
3466	312.01999
3467	312.01999
3468	311.91
3469	311.72
3470	311.79001
3471	312.01999
3472	311.89001
3473	311.82999
3474	311.81
3475	312
3476	312.06
3477	312.06
3478	311.91
3479	311.70001
3480	311.81
3481	311.87
3482	312.07999
3483	312.14001
3484	312.12
3485	312.20999
3486	312.25
3487	312.26999
3488	312.25
3489	312.29001
3490	312.29001
3491	312.26999
3492	312.14001
3493	312.14001
3494	312.16
3495	312.07999
3496	312.16
3497	312.12
3498	312.31
3499	312.31
3500	312.54001
3501	312.45999
3502	312.25
3503	312.06
3504	312.06
3505	312.16
3506	312.16
3507	312.23001
3508	312.23001
3509	312.16
3510	312.16
3511	312.01999
3512	312.01999
3513	312.01999
3514	312.25
3515	312.29001
3516	312.37
3517	312.32999
3518	312.31
3519	312.25
3520	312.26999
3521	312.17999
3522	312.14001
3523	312.10001
3524	312.32999
3525	312.39001
3526	312.39001
3527	312.31
3528	312.29001
3529	312.23001
3530	312.26999
3531	312.26999
3532	312.23001
3533	312.06
3534	312.06
3535	312.06
3536	312.17999
3537	312.32999
3538	312.32999
3539	312.20999
3540	312.16
3541	312
3542	311.98001
3543	312.07999
3544	312.10001
3545	312.10001
3546	312.01999
3547	311.87
3548	311.76999
3549	311.91
3550	312.04001
3551	312.14001
3552	312.16
3553	312.12
3554	311.95001
3555	311.87
3556	311.70001
3557	311.67999
3558	311.67999
3559	311.62
3560	312
3561	312.23001
3562	312.25
3563	312.16
3564	312.12
3565	312.06
3566	312.07999
3567	311.98001
3568	312.04001
3569	312.01999
3570	312.01999
3571	311.92999
3572	311.67999
3573	311.48999
3574	310.73999
3575	309.84
3576	308.85999
3577	308.85999
3578	307.35001
3579	306.56
3580	306.31
3581	305.85001
3582	305.57999
3583	305.48999
3584	305.48999
3585	305.70001
3586	305.76001
3587	305.98999
3588	306.32999
3589	306.67999
3590	306.94
3591	307.12
3592	307.32999
3593	307.32999
3594	307.48001
3595	307.63
3596	307.81
3597	308.04001
3598	308.17001
3599	308.48001
3600	308.54999
3601	308.54999
3602	308.54999
3603	308.64999
3604	308.79999
3605	308.82001
3606	308.95999
3607	309.01001
3608	309.13
3609	309.13
3610	309.20999
3611	309.19
3612	309.19
3613	309.23999
3614	309.29999
3615	309.34
3616	309.34
3617	309.42001
3618	309.48999
3619	309.51001
3620	309.72
3621	309.82001
3622	309.84
3623	309.89999
3624	309.85999
3625	309.82001
3626	309.79999
3627	309.76001
3628	309.84
3629	309.98999
3630	310.10999
3631	310.09
3632	310.07001
3633	310.03
3634	310.03
3635	310.13
3636	310.22
3637	310.22
3638	310.32001
3639	310.22
3640	310.13
3641	310.13
3642	310.10999
3643	310.04999
3644	310.04999
3645	310.04999
3646	310.13
3647	310.09
3648	310.09
3649	309.98999
3650	309.92999
3651	309.92999
3652	309.85999
3653	309.89999
3654	309.88
3655	309.95001
3656	310.04999
3657	310.09
3658	310.23999
3659	310.39001
3660	310.34
3661	310.32001
3662	310.29999
3663	310.22
3664	310.22
3665	310.26001
3666	310.28
3667	310.32001
3668	310.35999
3669	310.34
3670	310.34
3671	310.29999
3672	310.26001
3673	310.26001
3674	310.20001
3675	310.20001
3676	310.23999
3677	310.34
3678	310.39001
3679	310.35999
3680	310.35999
3681	310.10999
3682	310.13
3683	310.16
3684	310.17999
3685	310.20001
3686	310.07001
3687	310.07001
3688	310.07001
3689	310.20001
3690	310.13
3691	310.23999
3692	310.16
3693	310.20001
3694	310.22
3695	310.26001
3696	310.26001
3697	310.22
3698	310.22
3699	310.10999
3700	310.16
3701	310.16
3702	310.20001
3703	310.26001
3704	310.34
3705	310.34
3706	310.35999
3707	310.42999
3708	310.41
3709	310.29999
3710	310.28
3711	310.23999
3712	310.23999
3713	310.09
3714	310.07001
3715	310.09
3716	310.10999
3717	310.07001
3718	310.01001
3719	310.01001
3720	309.98999
3721	310.04999
3722	310.13
3723	310.17999
3724	310.23999
3725	310.20001
3726	310.10999
3727	310.04999
3728	310.04999
3729	310.01001
3730	310.07001
3731	310.10999
3732	310.07001
3733	310.16
3734	310.28
3735	310.23999
3736	310.22
3737	310.34
3738	310.35999
3739	310.41
3740	310.28
3741	310.28
3742	310.26001
3743	310.17999
3744	310.17999
3745	310.09
3746	309.98999
3747	309.92999
3748	309.98999
3749	310.17999
3750	310.22
3751	310.22
3752	310.17999
3753	310.13
3754	310.07001
3755	310.10999
3756	310.09
3757	310.09
3758	310.09
3759	310.10999
3760	310.04999
3761	310.03
3762	309.97
3763	309.98999
3764	309.85999
3765	309.85999
3766	309.84
3767	309.88
3768	310.03
3769	310.17999
3770	310.20001
3771	310.23999
3772	310.17999
3773	310.28
3774	310.32001
3775	310.32001
3776	310.34
3777	310.32001
3778	310.35999
3779	310.35999
3780	310.28
3781	310.13
3782	310.16
3783	310.16
3784	310.17999
3785	310.10999
3786	310.17999
3787	310.16
3788	310.07001
3789	310.09
3790	310.09
3791	310.10999
3792	310.17999
3793	310.17999
3794	310.26001
3795	310.13
3796	310.16
3797	310.22
3798	310.16
3799	310.26001
3800	310.22
3801	310.28
3802	310.22
3803	310.23999
3804	310.20001
3805	310.04999
3806	310.03
3807	310.13
3808	310.16
3809	310.09
3810	310.03
3811	310.04999
3812	310.10999
3813	310.17999
3814	310.07001
3815	310.01001
3816	310.07001
3817	310.01001
3818	309.98999
3819	310.01001
3820	310.10999
3821	310.20001
3822	310.20001
3823	310.07001
3824	309.98999
3825	309.98999
3826	310.10999
3827	310.34
3828	310.53
3829	310.53
3830	310.48999
3831	310.35999
3832	310.32001
3833	310.13
3834	310.13
3835	310.07001
3836	310.03
3837	309.89999
3838	309.82001
3839	309.78
3840	309.79999
3841	309.88
3842	309.95001
3843	310.01001
3844	309.92999
3845	309.89999
3846	309.97
3847	310.03
3848	309.98999
3849	310.10999
3850	310.09
3851	310.09
3852	310.07001
3853	310.01001
3854	310.01001
3855	310.01001
3856	310.20001
3857	310.16
3858	310.13
3859	309.95001
3860	309.73999
3861	309.73999
3862	309.63
3863	309.59
3864	309.59
3865	309.70001
3866	309.59
3867	309.59
3868	309.59
3869	309.60999
3870	309.76001
3871	309.79999
3872	309.98999
3873	310.48999
3874	310.66
3875	310.72
3876	310.54999
3877	310.57001
3878	310.57001
3879	310.67999
3880	310.73999
3881	310.87
3882	310.87
3883	310.92999
3884	310.98999
3885	310.82001
3886	310.89001
3887	310.92999
3888	310.79999
3889	310.79999
3890	310.70001
3891	310.72
3892	310.67999
3893	310.67999
3894	310.79999
3895	311.01001
3896	311.12
3897	311.14001
3898	311.26001
3899	311.32999
3900	311.32999
3901	311.37
3902	311.32999
3903	311.26001
3904	311.22
3905	311.10001
3906	310.98999
3907	310.82001
3908	310.66
3909	310.64001
3910	310.79999
3911	310.95001
3912	310.98999
3913	310.98999
3914	310.92999
3915	310.87
3916	310.87
3917	310.53
3918	310.39001
3919	310.41
3920	310.59
3921	310.64001
3922	310.78
3923	310.91
3924	311.26001
3925	311.26001
3926	311.39001
3927	311.29001
3928	311.12
3929	310.91
3930	310.76001
3931	310.92999
3932	310.92999
3933	310.95001
3934	310.98999
3935	311.03
3936	311.16
3937	310.92999
3938	310.64001
3939	310.64001
3940	310.76001
3941	310.87
3942	310.92999
3943	310.92999
3944	310.98999
3945	310.97
3946	310.91
3947	310.73999
3948	310.67999
3949	310.79999
3950	310.79999
3951	310.79999
3952	310.85001
3953	310.87
3954	310.95001
3955	310.98999
3956	310.89001
3957	310.91
3958	310.95001
3959	310.91
3960	310.92999
3961	310.72
3962	310.66
3963	310.54999
3964	310.54999
3965	310.47
3966	310.39001
3967	310.29999
3968	310.34
3969	310.45001
3970	310.48999
3971	310.48999
3972	310.45001
3973	310.57001
3974	310.64001
3975	310.73999
3976	310.67999
3977	310.67999
3978	310.76001
3979	310.87
3980	310.85001
3981	310.79999
3982	310.85001
3983	310.85001
3984	310.79999
3985	310.76001
3986	310.53
3987	310.59
3988	310.62
3989	310.72
3990	310.70001
3991	310.79999
3992	310.82001
3993	310.79999
3994	310.76001
3995	310.78
3996	310.78
3997	310.62
3998	310.47
3999	310.41
4000	310.41
4001	310.23999
4002	310.13
4003	310.13
4004	310.16
4005	310.32001
4006	310.34
4007	310.23999
4008	310.03
4009	310.04999
4010	310.04999
4011	310.32001
4012	310.59
4013	310.64001
4014	310.59
4015	310.51001
4016	310.47
4017	310.53
4018	310.32001
4019	310.34
4020	310.29999
4021	310.51001
4022	310.66
4023	310.95001
4024	311.03
4025	311.04999
4026	311.04999
4027	310.79999
4028	310.54999
4029	310.39001
4030	310.23999
4031	310.10999
4032	310.01001
4033	310.16
4034	310.47
4035	310.47
4036	310.78
4037	310.95001
4038	310.95001
4039	310.92999
4040	310.82001
4041	310.85001
4042	310.85001
4043	310.95001
4044	311.03
4045	311.03
4046	310.66
4047	309.82001
4048	309.28
4049	308.85999
4050	307.5
4051	306.70999
4052	306.37
4053	305.67999
4054	305.20001
4055	305.03
4056	304.89001
4057	304.59
4058	304.60999
4059	304.60999
4060	304.76001
4061	304.79999
4062	305.04999
4063	305.17999
4064	305.48999
4065	305.72
4066	306.06
4067	306.26999
4068	306.5
4069	306.73001
4070	306.81
4071	306.95999
4072	307.06
4073	307.14001
4074	307.14001
4075	307.32999
4076	307.45999
4077	307.44
4078	307.48001
4079	307.67001
4080	307.73001
4081	307.73001
4082	307.81
4083	307.98001
4084	308.01999
4085	308.19
4086	308.34
4087	308.32001
4088	308.35999
4089	308.34
4090	308.26999
4091	308.19
4092	308.34
4093	308.44
4094	308.44
4095	308.39999
4096	308.39999
4097	308.42001
4098	308.5
4099	308.48001
4100	308.48001
4101	308.57001
4102	308.60999
4103	308.70999
4104	308.64999
4105	308.57001
4106	308.57001
4107	308.67001
4108	308.59
4109	308.63
4110	308.57001
4111	308.54999
4112	308.59
4113	308.59
4114	308.69
4115	308.73001
4116	308.69
4117	308.67001
4118	308.60999
4119	308.60999
4120	308.60999
4121	308.64999
4122	308.67001
4123	308.67001
4124	308.69
4125	308.75
4126	308.84
4127	308.79999
4128	308.84
4129	308.82001
4130	308.85999
4131	308.84
4132	308.82001
4133	308.85999
4134	308.88
4135	308.84
4136	308.88
4137	308.79999
4138	308.75
4139	308.67001
4140	308.64999
4141	308.63
4142	308.60999
4143	308.73001
4144	308.78
4145	308.78
4146	308.82001
4147	308.84
4148	308.94
4149	309.09
4150	309.09
4151	309.03
4152	309.03
4153	308.95999
4154	308.98001
4155	309.04999
4156	309.07001
4157	309.03
4158	309.04999
4159	309.01001
4160	308.88
4161	308.84
4162	308.82001
4163	308.82001
4164	308.79999
4165	308.79999
4166	308.84
4167	308.78
4168	308.78
4169	308.94
4170	309.04999
4171	309.01001
4172	308.98001
4173	308.92001
4174	308.89999
4175	308.84
4176	308.88
4177	308.88
4178	308.88
4179	308.79999
4180	308.78
4181	308.79999
4182	308.79999
4183	308.82001
4184	308.82001
4185	308.67001
4186	308.60999
4187	308.59
4188	308.67001
4189	308.70999
4190	308.69
4191	308.69
4192	308.75
4193	308.79999
4194	308.78
4195	308.75
4196	308.69
4197	308.75
4198	308.75
4199	308.70999
4200	308.70999
4201	308.75
4202	308.64999
4203	308.60999
4204	308.54999
4205	308.57001
4206	308.42001
4207	308.44
4208	308.35999
4209	308.38
4210	308.39999
4211	308.5
4212	308.48001
4213	308.51999
4214	308.51999
4215	308.5
4216	308.5
4217	308.35999
4218	308.25
4219	308.14999
4220	308.17001
4221	308.09
4222	307.98001
4223	307.98001
4224	307.88
4225	307.89999
4226	307.92001
4227	308.75
4228	308.64999
4229	308.60999
4230	308.54999
4231	308.57001
4232	308.42001
4233	308.44
4234	308.75
4235	308.64999
4236	308.60999
4237	308.54999
4238	308.57001
4239	308.42001
4240	308.44
4241	308.35999
4242	308.38
4243	308.39999
4244	308.5
4245	308.48001
4246	308.51999
4247	308.51999
4248	308.5
4249	308.5
4250	308.35999
4251	308.25
4252	308.14999
4253	308.17001
4254	308.09
4255	307.76999
4256	307.67001
4257	307.88
4258	307.98001
4259	308.13
4260	308.20999
4261	308.20999
4262	308.20999
4263	308.29001
4264	308.38
4265	308.39999
4266	308.44
4267	308.48001
4268	308.54999
4269	308.60999
4270	308.60999
4271	308.60999
4272	308.51999
4273	308.39999
4274	308.34
4275	308.35999
4276	308.34
4277	308.32001
4278	308.38
4279	308.48001
4280	308.42001
4281	308.39999
4282	308.38
4283	308.32001
4284	308.19
4285	308.23001
4286	308.35999
4287	308.35999
4288	308.57001
4289	308.73001
4290	308.69
4291	308.78
4292	308.78
4293	308.84
4294	308.84
4295	308.84
4296	308.85999
4297	308.88
4298	308.92001
4299	308.85999
4300	309.03
4301	309.03
4302	309.10999
4303	309.14999
4304	309.17001
4305	309.19
4306	309.07001
4307	309.10999
4308	309.01001
4309	308.94
4310	308.85999
4311	308.92001
4312	308.92001
4313	308.89999
4314	308.78
4315	308.78
4316	308.85999
4317	308.94
4318	308.95999
4319	308.92001
4320	308.88
4321	309.01001
4322	309.07001
4323	309.17001
4324	309.14999
4325	308.95999
4326	308.95999
4327	309.03
4328	309.01001
4329	309.09
4330	309.23999
4331	309.19
4332	309.01001
4333	309.01001
4334	309.04999
4335	309.07001
4336	309.09
4337	308.84
4338	308.70999
4339	308.73001
4340	308.78
4341	308.88
4342	308.92001
4343	309.17001
4344	309.51001
4345	309.84
4346	309.95001
4347	309.97
4348	310.10999
4349	310.16
4350	310.23999
4351	310.29999
4352	310.32001
4353	310.39001
4354	310.42999
4355	310.47
4356	310.35999
4357	310.17999
4358	310.17999
4359	310.23999
4360	310.32001
4361	310.29999
4362	310.39001
4363	310.45001
4364	310.42999
4365	310.42999
4366	310.42999
4367	310.32001
4368	310.29999
4369	310.22
4370	310.28
4371	310.20001
4372	310.20001
4373	310.03
4374	310.03
4375	310.01001
4376	310.09
4377	310.16
4378	310.20001
4379	310.29999
4380	310.35999
4381	310.39001
4382	310.39001
4383	310.29999
4384	310.23999
4385	310.07001
4386	309.95001
4387	309.92999
4388	309.89999
4389	309.84
4390	309.76001
4391	309.78
4392	309.84
4393	309.79999
4394	309.79999
4395	309.79999
4396	309.89999
4397	309.89999
4398	309.79999
4399	309.59
4400	309.63
4401	309.64999
4402	309.70001
4403	309.79999
4404	309.79999
4405	309.97
4406	309.84
4407	309.82001
4408	309.89999
4409	309.97
4410	309.97
4411	309.98999
4412	310.07001
4413	310.04999
4414	309.89999
4415	309.67001
4416	309.48999
4417	309.54999
4418	309.78
4419	309.98999
4420	310.01001
4421	309.88
4422	309.85999
4423	309.89999
4424	309.88
4425	309.95001
4426	310.04999
4427	310.09
4428	310.07001
4429	310.07001
4430	309.70001
4431	309.70001
4432	309.70001
4433	309.79999
4434	309.79999
4435	309.64999
4436	309.64999
4437	309.51001
4438	309.63
4439	309.63
4440	309.60999
4441	309.51001
4442	309.39999
4443	309.39999
4444	309.38
4445	309.35999
4446	309.39999
4447	309.51001
4448	309.44
4449	309.48999
4450	309.59
4451	309.73999
4452	309.70001
4453	309.85999
4454	309.82001
4455	309.85999
4456	309.76001
4457	309.78
4458	309.72
4459	309.64999
4460	309.78
4461	309.88
4462	309.84
4463	309.78
4464	309.76001
4465	309.84
4466	309.82001
4467	309.82001
4468	309.82001
4469	309.92999
4470	309.98999
4471	310.01001
4472	309.79999
4473	309.67001
4474	309.48999
4475	309.48999
4476	309.32001
4477	309.51001
4478	309.57001
4479	309.54999
4480	309.59
4481	309.57001
4482	309.51001
4483	309.54999
4484	309.63
4485	309.60999
4486	309.60999
4487	309.63
4488	309.59
4489	309.51001
4490	309.53
4491	309.63
4492	309.64999
4493	309.63
4494	309.64999
4495	309.51001
4496	309.38
4497	309.35999
4498	309.47
4499	309.51001
4500	309.60999
4501	309.51001
4502	309.54999
4503	309.60999
4504	309.73999
4505	309.70001
4506	309.88
4507	309.88
4508	310.04999
4509	310.01001
4510	309.92999
4511	309.92999
4512	309.82001
4513	309.97
4514	309.97
4515	309.97
4516	310.03
4517	309.97
4518	309.97
4519	309.85999
4520	309.64999
4521	309.51001
4522	308.70999
4523	308.39999
4524	307.64999
4525	306.75
4526	306.87
4527	306.45001
4528	305.98999
4529	304.70999
4530	304.54999
4531	304.14999
4532	304
4533	303.94
4534	303.76999
4535	303.84
4536	303.89999
4537	303.94
4538	304.13
4539	304.13
4540	304.42001
4541	304.54999
4542	304.60999
4543	304.78
4544	304.94
4545	305.20001
4546	305.20001
4547	305.63
4548	305.85999
4549	305.98999
4550	306.20001
4551	306.37
4552	306.37
4553	306.47
4554	306.70001
4555	306.81
4556	308.61
4557	308.67
4558	308.71001
4559	308.71001
4560	308.76
4561	308.68999
4562	308.68999
4563	308.68999
4564	308.77999
4565	308.80001
4566	308.99001
4567	308.93999
4568	308.99001
4569	309.02999
4570	309.09001
4571	309.11
4572	309.15001
4573	309.18001
4574	309.26
4575	309.2
4576	309.09001
4577	308.93999
4578	308.93999
4579	308.82
4580	308.59001
4581	308.57
4582	308.46001
4583	308.42
4584	308.43999
4585	308.43999
4586	308.74001
4587	308.86
4588	308.86
4589	308.87999
4590	308.90001
4591	308.87999
4592	308.87999
4593	309.11
4594	309.12999
4595	309.11
4596	309.09001
4597	309.11
4598	309.12999
4599	309.2
4600	309.15001
4601	309.11
4602	308.96999
4603	308.90001
4604	308.87999
4605	308.86
4606	308.87999
4607	309.02999
4608	309.21999
4609	309.27999
4610	309.27999
4611	309.24001
4612	309.32
4613	309.34001
4614	309.43001
4615	309.36
4616	309.24001
4617	309.24001
4618	309.21999
4619	309.27999
4620	309.30001
4621	309.30001
4622	309.21999
4623	309.21999
4624	309.21999
4625	309.21999
4626	309.26
4627	309.27999
4628	309.24001
4629	309.11
4630	309.07
4631	309.01
4632	308.71001
4633	308.68999
4634	308.68999
4635	308.86
4636	308.99001
4637	309.09001
4638	309.15001
4639	309.32
4640	309.43001
4641	309.34001
4642	309.30001
4643	309.21999
4644	309.21999
4645	309.21999
4646	308.24999
4647	308.36
4648	308.42
4649	308.42
4650	308.30001
4651	308.34001
4652	308.32
4653	308.42
4654	308.36
4655	308.40001
4656	308.40001
4657	308.46001
4658	308.37999
4659	308.40001
4660	308.40001
4661	308.48
4662	308.48
4663	308.52999
4664	308.17
4665	308.12999
4666	308.12999
4667	308.09001
4668	308.11
4669	308.11
4670	308.12999
4671	308.30001
4672	308.21001
4673	308.27999
4674	308.48
4675	308.57
4676	308.65001
4677	308.61
4678	308.57
4679	308.43999
4680	308.34001
4681	308.34001
4682	308.71001
4683	308.80001
4684	308.68999
4685	308.57
4686	308.52999
4687	308.43999
4688	308.43999
4689	308.07
4690	308.11
4691	308.12999
4692	308.32
4693	308.48
4694	308.51
4695	308.51
4696	308.57
4697	308.71001
4698	308.82
4699	308.80001
4700	308.90001
4701	309.01
4702	309.07
4703	308.99001
4704	308.90001
4705	308.65001
4706	308.30001
4707	308.09001
4708	307.79
4709	307.71001
4710	308.07
4711	308.24999
4712	308.34001
4713	308.21001
4714	308.09001
4715	307.86
4716	307.90001
4717	308.12999
4718	308.15001
4719	308.11
4720	308.11
4721	308.18999
4722	308.21001
4723	308.17
4724	308.24999
4725	308.40001
4726	308.32
4727	308.32
4728	308.42
4729	308.61
4730	308.71001
4731	308.84001
4732	308.90001
4733	308.87999
4734	308.82
4735	308.84001
4736	308.77999
4737	308.77999
4738	308.42
4739	307.98
4740	307.90001
4741	307.92
4742	307.59001
4743	307.49999
4744	307.40001
4745	307.46001
4746	307.55999
4747	307.71001
4748	307.74999
4749	307.73
4750	307.82
4751	308.12999
4752	308.12999
4753	308.46001
4754	308.40001
4755	308.46001
4756	308.30001
4757	308.30001
4758	308.37999
4759	308.37999
4760	308.43999
4761	308.52999
4762	308.55001
4763	308.82
4764	308.86
4765	308.99001
4766	308.99001
4767	308.87999
4768	308.77999
4769	308.74001
4770	308.74001
4771	308.80001
4772	308.90001
4773	308.96999
4774	309.09001
4775	309.02999
4776	309.07
4777	308.99001
4778	309.02999
4779	308.80001
4780	308.71001
4781	308.90001
4782	308.51
4783	308.71999
4784	308.67999
4785	308.57
4786	308.42999
4787	308.35998
4788	308.46999
4789	308.54998
4790	308.57
4791	308.63
4792	308.71999
4793	308.69998
4794	308.76
4795	308.73998
4796	308.69998
4797	308.76
4798	308.77999
4799	308.83999
4800	308.83999
4801	308.85998
4802	308.85998
4803	308.96999
4804	308.96999
4805	309.07
4806	309.07
4807	309.02999
4808	308.88998
4809	308.92999
4810	308.96999
4811	308.96999
4812	308.98998
4813	308.98998
4814	309.02999
4815	309.19998
4816	309.26
4817	309.26
4818	309.26
4819	309.35
4820	309.26
4821	309.23998
4822	309.08999
4823	309.13998
4824	309.19998
4825	309.21999
4826	309.21999
4827	309.16
4828	309.21999
4829	309.35
4830	309.35
4831	309.23998
4832	309.27999
4833	309.21999
4834	309.21999
4835	309.16
4836	309.16
4837	309.26
4838	309.38998
4839	309.32
4840	309.27999
4841	309.26
4842	309.26
4843	309.26
4844	309.19998
4845	309.07
4846	308.94998
4847	308.85998
4848	308.94998
4849	308.94998
4850	308.94998
4851	309.02999
4852	309.04998
4853	309.08999
4854	309.02999
4855	308.92999
4856	308.94998
4857	308.88998
4858	308.82
4859	308.83999
4860	308.83999
4861	308.88998
4862	308.94998
4863	308.92999
4864	308.83999
4865	308.58999
4866	308.60998
4867	308.67999
4868	308.82
4869	308.96999
4870	308.94998
4871	308.98998
4872	309.11999
4873	309.11999
4874	309.07
4875	309.07
4876	309.04998
4877	309.11999
4878	309.17999
4879	309.13998
4880	309.21999
4881	309.08999
4882	309.08999
4883	309.04998
4884	309.11999
4885	309.13998
4886	309.07
4887	309.02999
4888	308.98998
4889	309.01
4890	309.04998
4891	309.08999
4892	309.08999
4893	309.02999
4894	308.94998
4895	309.02999
4896	309.01
4897	309.01
4898	309.04998
4899	309.02999
4900	308.88998
4901	308.83999
4902	308.58999
4903	308.60998
4904	308.60998
4905	308.77999
4906	308.76
4907	308.76
4908	308.73998
4909	308.79998
4910	308.88998
4911	308.83999
4912	308.77999
4913	308.73998
4914	308.73998
4915	308.77999
4916	308.71999
4917	308.83999
4918	308.94998
4919	308.94998
4920	308.82
4921	308.82
4922	308.73998
4923	308.69998
4924	308.77999
4925	308.77999
4926	308.73998
4927	308.66
4928	308.63
4929	308.67999
4930	308.73998
4931	308.82
4932	308.91
4933	308.96999
4934	308.96999
4935	308.98998
4936	308.85998
4937	308.82
4938	308.73998
4939	308.76
4940	308.71999
4941	308.83999
4942	308.92999
4943	308.94998
4944	308.94998
4945	308.94998
4946	308.94998
4947	308.88998
4948	308.85998
4949	308.88998
4950	308.85998
4951	308.77999
4952	308.82
4953	308.82
4954	308.88998
4955	308.79998
4956	308.82
4957	308.79998
4958	308.63
4959	308.60998
4960	308.67999
4961	308.73998
4962	308.85998
4963	308.88998
4964	308.96999
4965	308.88998
4966	308.85998
4967	308.85998
4968	308.76
4969	308.73998
4970	308.66
4971	308.54998
4972	308.54998
4973	308.48998
4974	308.46999
4975	308.57
4976	307.55999
4977	306.96001
4978	306.48
4979	306.48
4980	305.55999
4981	304.84999
4982	304.57
4983	304.15999
4984	303.77999
4985	303.7
4986	303.7
4987	303.93001
4988	303.95
4989	304.30001
4990	304.65999
4991	304.96999
4992	305.14
4993	305.12001
4994	305.18001
4995	305.26
4996	305.46999
4997	305.65999
4998	305.74999
4999	305.65999
5000	305.7
5001	305.79
5002	305.98
5003	306.02001
5004	306.02001
5005	306.18001
5006	306.30999
5007	306.33
5008	306.27001
5009	306.37001
5010	306.62001
5011	306.62001
5012	306.73
5013	306.80999
5014	306.87001
5015	306.96001
5016	307.02001
5017	307.17
5018	307.17
5019	307.73
5020	307.79
5021	307.84001
5022	307.65001
5023	307.55999
5024	307.68999
5025	307.77001
5026	307.79
5027	307.73
5028	307.90001
5029	308.09001
5030	308.02001
5031	307.86
5032	307.86
5033	307.71001
5034	307.74999
5035	307.74999
5036	307.87999
5037	307.82
5038	307.82
5039	307.87999
5040	308.05001
5041	308.15001
5042	307.99999
5043	307.99999
5044	308.11
5045	308.24999
5046	308.21001
5047	307.79
5048	307.29
5049	307.15001
5050	307.15001
5051	307.49999
5052	307.77001
5053	307.93999
5054	308.07
5055	308.15001
5056	308.12999
5057	308.09001
5058	308.34001
5059	308.37999
5060	308.46001
5061	308.51
5062	308.51
5063	308.55001
5064	308.59001
5065	308.61
5066	308.71001
5067	308.76
5068	308.90001
5069	308.80001
5070	308.57
5071	308.59001
5072	308.76
5073	308.99001
5074	308.96999
5075	308.96999
5076	309.12999
5077	309.11
5078	309.01
5079	308.80001
5080	308.67
5081	308.51
5082	308.51
5083	308.62999
5084	308.67
5085	308.74001
5086	308.90001
5087	308.93999
5088	308.93999
5089	308.93999
5090	308.68999
5091	308.61
5092	308.59001
5093	308.71001
5094	308.76
5095	308.84001
5096	308.80001
5097	308.90001
5098	308.92
5099	308.86
5100	308.80001
5101	308.93999
5102	309.02999
5103	309.07
5104	308.96999
5105	308.99001
5106	308.82
5107	308.76
5108	308.87999
5109	308.93999
5110	308.92
5111	309.02999
5112	308.99001
5113	308.86
5114	308.86
5115	308.92
5116	309.12999
5117	309.18001
5118	309.01
5119	309.02999
5120	309.05001
5121	309.05001
5122	309.18001
5123	309.05001
5124	308.92
5125	308.82
5126	308.92
5127	308.92
5128	308.87999
5129	308.65001
5130	308.67
5131	308.65001
5132	308.52999
5133	308.42
5134	308.43999
5135	308.43999
5136	308.11
5137	308.07
5138	308.02001
5139	308.24999
5140	308.51
5141	308.82
5142	309.01
5143	309.15001
5144	309.01
5145	308.76
5146	308.67
5147	308.71001
5148	308.90001
5149	309.02999
5150	309.11
5151	309.11
5152	309.27999
5153	309.27999
5154	309.24001
5155	309.34001
5156	309.37999
5157	309.24001
5158	309.09001
5159	308.80001
5160	308.80001
5161	308.93999
5162	309.01
5163	308.99001
5164	308.96999
5165	308.82
5166	308.77999
5167	308.80001
5168	309.02999
5169	309.12999
5170	309.24001
5171	309.37999
5172	309.40999
5173	309.37999
5174	309.37999
5175	309.07
5176	308.93999
5177	308.74001
5178	308.61
5179	308.51
5180	308.34001
5181	308.32
5182	308.51
5183	308.68999
5184	308.68999
5185	308.68999
5186	308.87999
5187	309.18001
5188	309.26
5189	309.34001
5190	309.27999
5191	309.2
5192	309.2
5193	308.82
5194	308.65001
5195	308.55001
5196	308.57
5197	308.51
5198	308.55001
5199	308.46001
5200	308.40001
5201	308.27999
5202	308.17
5203	308.23
5204	308.48
5205	308.52999
5206	308.55001
5207	308.11
5208	308.09001
5209	308.27999
5210	308.46001
5211	308.59001
5212	308.82
5213	308.86
5214	308.92
5215	309.01
5216	309.01
5217	309.12999
5218	309.12999
5219	309.12999
5220	309.09001
5221	309.05001
5222	309.01
5223	309.11
5224	309.11
5225	308.99001
5226	308.90001
5227	308.87999
5228	309.01
5229	309.30001
5230	309.55001
5231	309.55001
5232	309.45
5233	309.34001
5234	309.2
5235	308.76
5236	308.74001
5237	308.84001
5238	308.99001
5239	309.32
5240	309.34001
5241	309.32
5242	309.09001
5243	309.15001
5244	309.21999
5245	309.36
5246	309.51
5247	309.52999
5248	309.36
5249	309.21999
5250	309.21999
5251	309.36
5252	309.30001
5253	309.01
5254	308.92
5255	309.21999
5256	309.21999
5257	309.45
5258	309.24001
5259	309.26
5260	309.36
5261	309.45
5262	309.59001
5263	309.59001
5264	309.55001
5265	309.51
5266	309.52999
5267	309.55001
5268	309.74001
5269	309.93001
5270	309.93001
5271	310.2
5272	310.34999
5273	310.34999
5274	310.09999
5275	309.71999
5276	309.55001
5277	309.21999
5278	308.93999
5279	309.18001
5280	309.51
5281	310.24001
5282	310.49001
5283	310.68001
5284	310.7
5285	310.58
5286	310.37001
5287	309.96999
5288	309.7
5289	309.68001
5290	309.61
5291	309.51
5292	309.40999
5293	309.27999
5294	309.24001
5295	309.24001
5296	308.71001
5297	308.74001
5298	308.84001
5299	309.07
5300	309.18001
5301	309.43001
5302	309.43001
5303	309.7
5304	309.40999
5305	309.21999
5306	309.2
5307	309.09001
5308	309.01
5309	308.96999
5310	309.12999
5311	309.12999
5312	309.24001
5313	309.27999
5314	309.36
5315	309.36
5316	309.2
5317	308.80001
5318	308.67
5319	308.62999
5320	308.59001
5321	308.62999
5322	308.68999
5323	308.76
5324	308.77999
5325	308.99001
5326	309.2
5327	309.2
5328	309.71999
5329	309.80001
5330	309.84001
5331	310.01
5332	309.7
5333	309.05001
5334	309.05001
5335	308.59001
5336	308.76
5337	308.84001
5338	309.2
5339	309.12999
5340	308.87999
5341	308.87999
5342	309.21999
5343	309.32
5344	309.37999
5345	309.46999
5346	309.64
5347	309.76
5348	309.96999
5349	310.46999
5350	310.71999
5351	310.90999
5352	310.64
5353	310.49001
5354	310.27999
5355	310.15999
5356	309.80001
5357	309.76
5358	309.57
5359	309.2
5360	309.01
5361	308.71001
5362	308.52999
5363	308.23
5364	308.40001
5365	308.40001
5366	308.40001
5367	308.15001
5368	307.92
5369	308.09001
5370	308.40001
5371	308.76
5372	309.02999
5373	309.02999
5374	309.55001
5375	309.74001
5376	309.61
5377	309.36
5378	309.15001
5379	308.90001
5380	308.61
5381	308.57
5382	308.82
5383	308.96999
5384	308.92
5385	309.01
5386	309.09001
5387	309.18001
5388	308.93999
5389	308.92
5390	309.01
5391	309.24001
5392	309.2
5393	309.15001
5394	309.12999
5395	309.12999
5396	308.74001
5397	308.51
5398	308.51
5399	308.21001
5400	308.30001
5401	308.32
5402	308.46001
5403	308.77999
5404	309.07
5405	309.07
5406	309.18001
5407	309.30001
5408	309.30001
5409	309.2
5410	309.32
5411	309.18001
5412	309.18001
5413	308.86
5414	308.86
5415	309.01
5416	309.21999
5417	309.2
5418	309.18001
5419	309.02999
5420	308.92
5421	309.01
5422	308.84001
5423	308.84001
5424	308.62999
5425	308.68999
5426	308.74001
5427	308.36
5428	308.30001
5429	308.37999
5430	308.93999
5431	308.99001
5432	309.2
5433	309.37999
5434	309.59001
5435	309.90999
5436	310.14
5437	310.14
5438	310.33
5439	310.37001
5440	310.07
5441	309.7
5442	309.65999
5443	309.74001
5444	309.74001
5445	309.68001
5446	309.82
5447	309.80001
5448	309.21999
5449	308.07
5450	307.68999
5451	307.23
5452	306.23
5453	305.58
5454	305.21999
5455	304.64
5456	304.2
5457	304.09001
5458	303.99001
5459	303.90001
5460	303.99001
5461	303.90001
5462	304.24001
5463	304.26
5464	304.68001
5465	304.87001
5466	305.2
5467	305.54
5468	305.79
5469	306.04
5470	306.23
5471	306.30999
5472	306.37001
5473	306.62001
5474	306.55999
5475	306.74999
5476	306.55999
5477	306.68999
5478	306.68999
5479	306.86
5480	306.86
5481	307.15001
5482	307.17
5483	307.32
5484	307.27999
5485	307.15001
5486	307.12999
5487	307.21001
5488	307.24999
5489	307.30001
5490	307.34001
5491	307.30001
5492	307.42
5493	307.57
5494	307.82
5495	307.87999
5496	307.87999
5497	307.71001
5498	307.30001
5499	307.02001
5500	306.84001
5501	306.84001
5502	306.82
5503	306.82
5504	306.55999
5505	306.48
5506	306.48
5507	306.43999
5508	306.67
5509	306.90001
5510	306.90001
5511	307.09001
5512	307.18999
5513	307.24999
5514	307.30001
5515	307.48
5516	307.42
5517	307.43999
5518	307.21001
5519	307.24999
5520	307.23
5521	307.27999
5522	307.11
5523	307.05001
5524	306.93999
5525	307.15001
5526	307.18999
5527	307.17
5528	307.36
5529	307.36
5530	307.42
5531	307.40001
5532	307.27999
5533	307.32
5534	307.57
5535	307.57
5536	307.68999
5537	307.92
5538	307.86
5539	307.76
5540	307.71001
5541	307.65001
5542	307.65001
5543	306.98
5544	306.92
5545	306.98
5546	307.12999
5547	307.23
5548	307.27999
5549	307.32
5550	307.59001
5551	307.62999
5552	307.65001
5553	307.61
5554	307.59001
5555	307.52999
5556	307.61
5557	307.59001
5558	307.68999
5559	307.71001
5560	307.57
5561	307.46001
5562	307.51
5563	307.48
5564	307.51
5565	307.61
5566	307.51
5567	307.51
5568	307.59001
5569	307.51
5570	307.46001
5571	307.52999
5572	307.77999
5573	307.84001
5574	307.84001
5575	307.46001
5576	307.61
5577	307.65001
5578	307.90001
5579	307.92
5580	307.96999
5581	307.96999
5582	307.67
5583	307.46001
5584	307.48
5585	307.43999
5586	307.62999
5587	307.62999
5588	307.61
5589	307.74001
5590	307.76
5591	307.71001
5592	307.62999
5593	307.65001
5594	307.55001
5595	307.57
5596	307.67
5597	307.59001
5598	307.62999
5599	307.51
5600	307.48
5601	307.36
5602	307.42
5603	307.61
5604	307.71001
5605	307.76
5606	307.76
5607	307.52999
5608	307.32
5609	307.30001
5610	307.34001
5611	307.23
5612	307.24999
5613	307.24999
5614	307.15001
5615	307.27999
5616	307.30001
5617	307.40001
5618	307.65001
5619	307.74001
5620	307.77999
5621	307.59001
5622	307.61
5623	307.61
5624	307.76
5625	307.62999
5626	307.67
5627	307.68999
5628	307.76
5629	307.76
5630	307.65001
5631	307.52999
5632	307.51
5633	307.43999
5634	307.57
5635	307.51
5636	307.59001
5637	307.42
5638	307.51
5639	307.59001
5640	307.71001
5641	307.76
5642	307.62999
5643	307.40001
5644	307.27999
5645	307.27999
5646	307.23
5647	307.30001
5648	307.23
5649	307.23
5650	307.32
5651	307.42
5652	307.42
5653	307.52999
5654	307.57
5655	307.55001
5656	307.61
5657	307.76
5658	307.77999
5659	307.76
5660	307.67
5661	307.67
5662	307.62999
5663	307.68999
5664	307.71001
5665	307.68999
5666	307.76
5667	307.68999
5668	307.67
5669	307.82
5670	307.82
5671	307.76
5672	307.77999
5673	307.82
5674	307.86
5675	307.86
5676	307.77999
5677	307.77999
5678	307.71001
5679	307.71001
5680	307.67
5681	307.74001
5682	307.82
5683	307.96999
5684	307.96999
5685	307.82
5686	307.76
5687	307.65001
5688	307.36
5689	307.18999
5690	307.42
5691	307.42
5692	307.40001
5693	307.09001
5694	306.98
5695	307.11
5696	307.11
5697	307.11
5698	307.27999
5699	307.36
5700	307.37999
5701	307.51
5702	307.59001
5703	307.65001
5704	307.77999
5705	307.77999
5706	307.68999
5707	307.57
5708	307.55001
5709	307.52999
5710	307.51
5711	307.43999
5712	307.32
5713	307.12999
5714	306.93999
5715	306.92
5716	306.92
5717	307.11
5718	307.15001
5719	307.09001
5720	306.90001
5721	307.07
5722	307.48
5723	307.48
5724	307.87999
5725	308.18001
5726	308.2
5727	308.15001
5728	308.30001
5729	308.30001
5730	308.49001
5731	309.30001
5732	309.46999
5733	309.58
5734	309.68001
5735	309.68001
5736	309.52999
5737	309.37001
5738	308.90999
5739	308.7
5740	308.7
5741	308.89
5742	309.01
5743	308.80001
5744	308.65999
5745	308.24001
5746	307.90001
5747	307.80001
5748	307.80001
5749	307.76
5750	307.99001
5751	308.12999
5752	308.43001
5753	308.45
5754	308.43001
5755	308.43001
5756	308.09001
5757	308.30001
5758	308.55001
5759	309.09999
5760	309.51
5761	309.79
5762	309.79
5763	309.30001
5764	309.12001
5765	308.96999
5766	308.7
5767	308.51
5768	308.43001
5769	308.37999
5770	308.74001
5771	308.80001
5772	308.84001
5773	308.84001
5774	308.89
5775	309.09999
5776	309.2
5777	309.33
5778	309.59999
5779	309.79
5780	310.09999
5781	310.04
5782	309.84999
5783	309.79
5784	309.39
5785	308.96999
5786	308.7
5787	308.7
5788	308.96999
5789	309.05001
5790	308.95
5791	308.76
5792	308.43001
5793	308.27999
5794	308.27999
5795	308.21999
5796	308.01
5797	307.96999
5798	308.02999
5799	308.05001
5800	307.92
5801	307.87999
5802	307.61
5803	307.37999
5804	307.21001
5805	307.55001
5806	308.05001
5807	308.37999
5808	308.61
5809	308.99001
5810	309.01
5811	309.14
5812	309.26
5813	309.12001
5814	308.7
5815	308.7
5816	308.93001
5817	308.99001
5818	309.12001
5819	309.12001
5820	309.2
5821	309.14
5822	308.96999
5823	308.87001
5824	308.7
5825	308.7
5826	308.7
5827	309.01
5828	308.90999
5829	308.84001
5830	308.65999
5831	308.32
5832	308.43001
5833	308.43001
5834	308.27999
5835	308.34001
5836	308.32
5837	308.15001
5838	308.02999
5839	307.84001
5840	307.68999
5841	307.80001
5842	307.76
5843	307.67
5844	307.74001
5845	307.90001
5846	307.80001
5847	307.84001
5848	308.26
5849	308.32
5850	308.2
5851	308.34001
5852	308.26
5853	307.87999
5854	307.71001
5855	307.96999
5856	308.12999
5857	308.30001
5858	308.30001
5859	308.43001
5860	307.93999
5861	307.71001
5862	307.46001
5863	307.76
5864	308.51
5865	308.51
5866	308.90999
5867	308.90999
5868	308.93001
5869	308.49001
5870	308.05001
5871	307.87999
5872	307.80001
5873	307.67
5874	307.76
5875	307.93999
5876	308.11
5877	308.2
5878	308.18001
5879	308.18001
5880	308.34001
5881	308.43001
5882	308.45
5883	308.55001
5884	308.80001
5885	308.67
5886	308.76
5887	308.93999
5888	309.11
5889	309.2
5890	309.18001
5891	309.18001
5892	309.34001
5893	309.43001
5894	309.45
5895	309.55001
5896	309.59001
5897	309.57
5898	309.55001
5899	309.51
5900	309.65999
5901	309.36
5902	309.36
5903	308.62999
5904	307.98
5905	307.82
5906	307.65001
5907	307.67
5908	307.68999
5909	307.68999
5910	307.82
5911	307.84001
5912	307.93999
5913	308.18999
5914	308.37999
5915	308.57
5916	308.57
5917	308.76
5918	308.67
5919	308.57
5920	308.61
5921	308.76
5922	308.77999
5923	308.68999
5924	307.84001
5925	307.40001
5926	306.40999
5927	305.34999
5928	304.74001
5929	304.64
5930	304.51
5931	303.93001
5932	303.76
5933	303.59001
5934	303.61
5935	303.52999
5936	303.55001
5937	303.57
5938	303.76
5939	303.90001
5940	304.18001
5941	304.18001
5942	304.7
5943	304.96999
5944	305.01
5945	305.24001
5946	305.30999
5947	305.34999
5948	305.34999
5949	305.71999
5950	305.99999
5951	306.04
5952	306.14
5953	305.98
5954	305.95
5955	305.95
5956	306.15999
5957	306.37001
5958	306.34999
5959	306.48
5960	306.59999
5961	306.68999
5962	306.73
5963	306.71001
5964	306.67
5965	306.68999
5966	306.64
5967	306.59999
5968	306.54
5969	306.59999
5970	306.71001
5971	307.02001
5972	307.24999
5973	307.27001
5974	307.29
5975	307.33
5976	307.36
5977	307.40001
5978	307.40001
5979	307.48
5980	307.48
5981	307.67
5982	307.68999
5983	307.61
5984	307.37999
5985	307.40001
5986	307.42
5987	307.42
5988	307.46001
5989	307.46001
5990	307.42
5991	307.43999
5992	307.49999
5993	307.54
5994	307.67
5995	307.98
5996	307.98
5997	308.02001
5998	307.84001
5999	307.79
6000	307.68999
6001	307.73
6002	307.49999
6003	307.46001
6004	307.43999
6005	307.67
6006	307.74999
6007	308.15001
6008	308.21001
6009	308.23
6010	308.09001
6011	307.92
6012	307.92
6013	307.52001
6014	307.68999
6015	307.67
6016	307.74999
6017	307.74999
6018	307.84001
6019	307.84001
6020	307.74999
6021	307.84001
6022	307.87999
6023	307.71001
6024	307.77001
6025	307.84001
6026	307.84001
6027	308.02001
6028	308.12999
6029	308.17
6030	308.15001
6031	307.92
6032	307.92
6033	307.86
6034	307.86
6035	307.86
6036	307.87999
6037	307.98
6038	307.92
6039	307.86
6040	307.82
6041	307.92
6042	308.02001
6043	308.12999
6044	308.24999
6045	308.21001
6046	308.23
6047	308.09001
6048	308.07
6049	308.17
6050	308.17
6051	308.17
6052	308.17
6053	308.24999
6054	308.24999
6055	308.36
6056	308.32
6057	308.23
6058	308.23
6059	308.23
6060	308.21001
6061	307.93999
6062	307.59001
6063	307.30999
6064	307.36
6065	307.46001
6066	307.98
6067	308.07
6068	308.37999
6069	308.40001
6070	308.40001
6071	308.42
6072	308.52999
6073	308.43999
6074	308.36
6075	308.27999
6076	308.40001
6077	308.27999
6078	308.09001
6079	307.99999
6080	308.12999
6081	308.09001
6082	308.05001
6083	308.05001
6084	307.99999
6085	308.17
6086	308.21001
6087	308.07
6088	308.12999
6089	308.07
6090	308.07
6091	308.17
6092	308.15001
6093	308.02001
6094	307.98
6095	308.07
6096	308.15001
6097	308.15001
6098	308.21001
6099	307.93999
6100	307.92
6101	307.87999
6102	308.07
6103	308.17
6104	308.17
6105	308.23
6106	308.18999
6107	308.34001
6108	308.43999
6109	308.40001
6110	308.15001
6111	308.11
6112	307.52001
6113	307.67
6114	307.68999
6115	307.62999
6116	307.65001
6117	307.77001
6118	307.93999
6119	307.98
6120	308.07
6121	307.96001