1	269.0400085
2	269.1000061
3	269.25
4	269.269989
5	269.25
6	269.1700134
7	269.25
8	269.269989
9	269.25
10	269.1900024
11	269.1700134
12	269.1199951
13	269.1900024
14	269.230011
15	269.3299866
16	269.2900085
17	269.3299866
18	269.230011
19	269.230011
20	269.230011
21	269.25
22	269.230011
23	269.2900085
24	269.230011
25	269.230011
26	269.2099915
27	269.2099915
28	269.25
29	269.1700134
30	269.1900024
31	269.1900024
32	269.2900085
33	269.1199951
34	269.1199951
35	269.1199951
36	269.230011
37	269.1700134
38	269.2099915
39	269.1199951
40	269.1499939
41	269.1199951
42	269.25
43	269.269989
44	269.25
45	269.3299866
46	269.3099976
47	269.3500061
48	269.2900085
49	269.2099915
50	269.1700134
51	269.3299866
52	269.2900085
53	269.3500061
54	269.269989
55	269.3099976
56	269.269989
57	269.3099976
58	269.269989
59	269.269989
60	269.25
61	269.2900085
62	269.269989
63	269.3500061
64	269.4200134
65	269.3800049
66	269.3800049
67	269.3099976
68	269.3099976
69	269.3299866
70	269.3099976
71	269.3500061
72	269.3099976
73	269.3099976
74	269.4400024
75	269.4200134
76	269.3800049
77	269.3800049
78	269.2900085
79	269.3500061
80	269.269989
81	269.3299866
82	269.3099976
83	269.269989
84	269.230011
85	269.230011
86	269.2099915
87	269.269989
88	269.25
89	269.230011
90	269.1900024
91	269.1900024
92	269.1900024
93	269.0799866
94	269.1199951
95	269.0599976
96	269.0400085
97	269
98	269
99	269.4400024
100	269.8599854
101	269.9599915
102	270.4200134
103	270.730011
104	271.0299988
105	271.0299988
106	271.3200073
107	271.6499939
108	271.9700012
109	272.5100098
110	272.9899902
111	273.2399902
112	273.4299927
113	273.8500061
114	274.0400085
115	274.1400146
116	274.4400024
117	274.5400085
118	274.6000061
119	274.6700134
120	274.9200134
121	274.980011
122	275.1499939
123	275.3999939
124	275.3999939
125	275.4400024
126	275.5400085
127	275.519989
128	275.6300049
129	275.769989
130	275.769989
131	275.8200073
132	275.8399963
133	275.8599854
134	275.8999939
135	275.9599915
136	276.0899963
137	276.0899963
138	276.2099915
139	276.2099915
140	276.2799988
141	276.3399963
142	276.3800049
143	276.2600098
144	276.2600098
145	276.2799988
146	276.3800049
147	276.4200134
148	276.4599915
149	276.4599915
150	276.4400024
151	276.4400024
152	276.4400024
153	276.4599915
154	276.4899902
155	276.5700073
156	276.6099854
157	276.6300049
158	276.6499939
159	276.6499939
160	276.6300049
161	276.6300049
162	276.6700134
163	276.7200012
164	276.7399902
165	276.8599854
166	276.7799988
167	276.7999878
168	276.8999939
169	276.8999939
170	276.7999878
171	276.7399902
172	276.8200073
173	276.7799988
174	276.7200012
175	276.6499939
176	276.6499939
177	276.6300049
178	276.6499939
179	276.7200012
180	276.8599854
181	276.8599854
182	276.7999878
183	276.8800049
184	276.8599854
185	276.7999878
186	276.7600098
187	276.6900024
188	276.6900024
189	276.7200012
190	276.7200012
191	276.7999878
192	276.8399963
193	276.7999878
194	276.9200134
195	276.8999939
196	276.9200134
197	276.9899902
198	276.9700012
199	276.8800049
200	276.8200073
201	276.8200073
202	276.8200073
203	276.8800049
204	276.9500122
205	276.8999939
206	276.8999939
207	276.9500122
208	276.9500122
209	276.9700012
210	276.8999939
211	276.8200073
212	276.7600098
213	276.8200073
214	276.8200073
215	276.8200073
216	276.9200134
217	276.9200134
218	276.9899902
219	276.9200134
220	276.8200073
221	276.8399963
222	276.8200073
223	276.8200073
224	276.7999878
225	276.8399963
226	276.8999939
227	276.8999939
228	276.8800049
229	276.8599854
230	276.9200134
231	276.8599854
232	276.8599854
233	276.8399963
234	276.8399963
235	276.9200134
236	276.9200134
237	276.8999939
238	277.0299988
239	276.9899902
240	276.9899902
241	276.9500122
242	276.8999939
243	276.9500122
244	276.8999939
245	276.8800049
246	276.9200134
247	276.9200134
248	277.1099854
249	277.0700073
250	277.0499878
251	276.9899902
252	276.8599854
253	276.8599854
254	276.8599854
255	276.8800049
256	276.8399963
257	276.9500122
258	276.8599854
259	276.8599854
260	276.8200073
261	276.8999939
262	276.8399963
263	276.8800049
264	276.8599854
265	276.8200073
266	276.8399963
267	276.8800049
268	276.9700012
269	276.9200134
270	276.9700012
271	277.0299988
272	277.0299988
273	276.8800049
274	276.8999939
275	276.8599854
276	276.5499878
277	276
278	275.6099854
279	275.6099854
280	275.1099854
281	274.9599915
282	274.8800049
283	274.6700134
284	274.5799866
285	274.519989
286	274.519989
287	274.4200134
288	274.519989
289	274.5599976
290	274.1199951
291	273.2200012
292	272.6400146
293	271.8800049
294	269.3099976
295	268.519989
296	267.1400146
297	265.9500122
298	265.5100098
299	264.8599854
300	264.5400085
301	264.0400085
302	264.019989
303	264.0599976
304	264.1499939
305	264.1099854
306	264.3099976
307	264.3999939
308	264.6099854
309	264.8200073
310	264.9599915
311	264.9599915
312	265.2799988
313	265.4200134
314	265.4899902
315	265.7200012
316	266.0499878
317	266.1799927
318	266.1799927
319	266.4299927
320	266.6400146
321	266.7200012
322	266.9899902
323	267.0299988
324	267.1799927
325	267.1799927
326	267.4299927
327	267.5599976
328	267.5400085
329	267.6600037
330	267.5400085
331	267.6199951
332	267.5799866
333	267.6799927
334	267.7000122
335	267.7900085
336	267.8699951
337	267.8500061
338	267.8900146
339	267.9100037
340	267.8699951
341	267.9299927
342	268.0599976
343	268.0599976
344	268.1400146
345	268.25
346	268.25
347	268.269989
348	268.25
349	268.3699951
350	268.3699951
351	268.3500061
352	268.3699951
353	268.4299927
354	268.4299927
355	268.480011
356	268.5599976
357	268.5599976
358	268.5400085
359	268.5
360	268.5599976
361	268.5799866
362	268.6400146
363	268.6400146
364	268.6400146
365	268.6199951
366	268.6600037
367	268.5799866
368	268.5400085
369	268.5599976
370	268.6199951
371	268.6000061
372	268.6199951
373	268.5799866
374	268.5799866
375	268.6400146
376	268.6400146
377	268.6199951
378	268.6600037
379	268.6199951
380	268.5400085
381	268.5799866
382	268.5799866
383	268.6000061
384	268.6900024
385	268.75
386	268.7099915
387	268.7099915
388	268.75
389	268.75
390	268.8500061
391	268.769989
392	268.75
393	268.769989
394	268.75
395	268.769989
396	268.730011
397	268.6600037
398	268.7099915
399	268.730011
400	268.6600037
401	268.6900024
402	268.75
403	268.730011
404	268.8699951
405	268.8500061
406	268.9200134
407	268.8699951
408	268.9400024
409	268.8099976
410	268.769989
411	268.75
412	268.8099976
413	268.8699951
414	268.9400024
415	268.8900146
416	268.8900146
417	268.8099976
418	268.8299866
419	268.8699951
420	268.8500061
421	268.8500061
422	268.9200134
423	268.9400024
424	268.9200134
425	268.980011
426	268.9200134
427	268.8900146
428	268.8900146
429	268.980011
430	268.8299866
431	268.8299866
432	268.75
433	268.8099976
434	268.8299866
435	268.769989
436	268.8900146
437	268.8699951
438	268.9400024
439	268.8699951
440	268.7900085
441	268.8099976
442	268.769989
443	268.8299866
444	268.7900085
445	268.7900085
446	268.7900085
447	268.8299866
448	268.8500061
449	268.8699951
450	268.8099976
451	268.8900146
452	268.7900085
453	268.7900085
454	268.8099976
455	268.8500061
456	268.8099976
457	268.8500061
458	268.9400024
459	269.019989
460	269.019989
461	268.980011
462	268.9599915
463	268.9200134
464	268.8699951
465	268.8699951
466	268.8500061
467	268.8500061
468	268.8699951
469	268.7900085
470	268.8299866
471	268.7099915
472	268.769989
473	268.8099976
474	268.8500061
475	268.8299866
476	268.8500061
477	268.8099976
478	268.8299866
479	268.8299866
480	268.9200134
481	268.8299866
482	268.9200134
483	268.8699951
484	268.9400024
485	268.8699951
486	268.8900146
487	268.8900146
488	268.9400024
489	268.9400024
490	268.9599915
491	268.8500061
492	268.8500061
493	268.8299866
494	268.730011
495	268.6900024
496	268.7099915
497	268.6900024
498	268.769989
499	268.769989
500	268.9599915
501	268.980011
502	269.0599976
503	269.0400085
504	269.1000061
505	269.0599976
506	269.1000061
507	269.1499939
508	269.1700134
509	269.1000061
510	269.0400085
511	268.9200134
512	268.8699951
513	268.8299866
514	268.8699951
515	268.8299866
516	268.9599915
517	268.9200134
518	268.9400024
519	268.9400024
520	268.9400024
521	268.9200134
522	268.9400024
523	268.8900146
524	268.8900146
525	268.8500061
526	268.8699951
527	268.8500061
528	268.8900146
529	268.8500061
530	268.8900146
531	268.8900146
532	268.9200134
533	268.9200134
534	268.980011
535	268.9200134
536	268.8500061
537	268.8900146
538	268.8900146
539	268.8699951
540	268.8699951
541	268.9200134
542	268.9400024
543	268.8699951
544	268.9400024
545	268.8299866
546	268.8699951
547	268.7900085
548	268.9400024
549	268.980011
550	269.0400085
551	269.0599976
552	268.980011
553	268.980011
554	269
555	269.0400085
556	269
557	269.019989
558	269.0799866
559	269
560	269.0400085
561	269.0599976
562	269.1000061
563	269.1000061
564	268.9400024
565	268.9200134
566	268.8900146
567	268.8900146
568	268.8900146
569	268.9400024
570	268.9400024
571	268.9599915
572	269.269989
573	269.3999939
574	269.730011
575	270.1499939
576	270.3599854
577	270.4599915
578	270.730011
579	270.8399963
580	271.0499878
581	271.5899963
582	272.0299988
583	272.2799988
584	272.4700012
585	273.2000122
586	273.3500061
587	273.7000122
588	273.9599915
589	274.0599976
590	274.2099915
591	274.4200134
592	274.6499939
593	274.8999939
594	275.0599976
595	275.0599976
596	275.0799866
597	275.1900024
598	275.1700134
599	275.3599854
600	275.4599915
601	275.6099854
602	275.6099854
603	275.769989
604	275.8800049
605	275.9200134
606	275.9599915
607	276.0299988
608	276
609	276
610	276.0700073
611	276.1099854
612	276.1499939
613	276.0700073
614	276.1900024
615	276.230011
616	276.2799988
617	276.3800049
618	276.3999939
619	276.4200134
620	276.3599854
621	276.3599854
622	276.3999939
623	276.4400024
624	276.4599915
625	276.5499878
626	276.5299988
627	276.6099854
628	276.6300049
629	276.6499939
630	276.6700134
631	276.6900024
632	276.7200012
633	276.7200012
634	276.7200012
635	276.6700134
636	276.6900024
637	276.7600098
638	276.6900024
639	276.7200012
640	276.8399963
641	276.8399963
642	276.7799988
643	276.6900024
644	276.7200012
645	276.7999878
646	276.7999878
647	276.7999878
648	276.7999878
649	276.7399902
650	276.7600098
651	276.7200012
652	276.7600098
653	276.7799988
654	276.7200012
655	276.6900024
656	276.8399963
657	276.8399963
658	276.9500122
659	276.8800049
660	276.9200134
661	276.8200073
662	276.7799988
663	276.7600098
664	276.7799988
665	276.7999878
666	276.8999939
667	277.0100098
668	276.9200134
669	276.9899902
670	276.9700012
671	276.9200134
672	276.9700012
673	276.9700012
674	276.7999878
675	276.8200073
676	276.9500122
677	276.9899902
678	277.0299988
679	276.9200134
680	276.9200134
681	276.9500122
682	276.9500122
683	276.8999939
684	276.8999939
685	276.8200073
686	276.7799988
687	276.7999878
688	276.8399963
689	276.9200134
690	276.8800049
691	276.8800049
692	276.9899902
693	276.9899902
694	276.9200134
695	276.8800049
696	276.9200134
697	276.8999939
698	277.0100098
699	276.8999939
700	276.9500122
701	276.9200134
702	276.9700012
703	276.9200134
704	277.0499878
705	277.0499878
706	277.0299988
707	277.0499878
708	277.1499939
709	277.0499878
710	277.0499878
711	277.0899963
712	277.0899963
713	277.0100098
714	277.1099854
715	277.0899963
716	277.0299988
717	276.9500122
718	277.0499878
719	277.0499878
720	277.1300049
721	276.9899902
722	277.0100098
723	277.0499878
724	276.9899902
725	276.9899902
726	277.0100098
727	277.0100098
728	276.9700012
729	276.9500122
730	276.9899902
731	277.0299988
732	277.0100098
733	277.0499878
734	277.0499878
735	277.2200012
736	277.0700073
737	277.0299988
738	277.0100098
739	277.0499878
740	277.0299988
741	277.0499878
742	277.0299988
743	277.0100098
744	277.0100098
745	277.0499878
746	276.9700012
747	276.9700012
748	276.9700012
749	276.7999878
750	276.3999939
751	276.3999939
752	275.8599854
753	275.519989
754	275.480011
755	275.230011
756	275.1099854
757	275.019989
758	274.980011
759	274.980011
760	274.9200134
761	274.8800049
762	274.5599976
763	274.0599976
764	273.6799927
765	273.3699951
766	271.7000122
767	271.1499939
768	270
769	268.730011
770	268.1799927
771	266.9700012
772	266.4899902
773	265.5899963
774	265.0299988
775	264.6099854
776	264.6099854
777	264.25
778	264.1300049
779	264.1900024
780	264.2099915
781	264.4400024
782	264.6499939
783	264.6499939
784	264.9400024
785	265.1700134
786	265.2799988
787	265.4899902
788	265.7200012
789	265.9500122
790	265.9500122
791	266.3399963
792	266.6099854
793	266.7600098
794	266.9299927
795	267.0700073
796	267.1799927
797	267.2200012
798	267.2999878
799	267.3500061
800	267.4100037
801	267.4299927
802	267.4299927
803	267.4899902
804	267.5400085
805	267.6799927
806	267.7200012
807	267.8099976
808	267.9700012
809	268.019989
810	268.1400146
811	268.1199951
812	268.2000122
813	268.230011
814	268.2900085
815	268.2900085
816	268.4299927
817	268.480011
818	268.4100037
819	268.3900146
820	268.4299927
821	268.4599915
822	268.4599915
823	268.5
824	268.519989
825	268.6000061
826	268.6400146
827	268.6000061
828	268.6600037
829	268.6199951
830	268.730011
831	268.8099976
832	268.8099976
833	268.8299866
834	268.8699951
835	268.7900085
836	268.769989
837	268.8699951
838	268.8900146
839	269.0400085
840	268.9599915
841	268.980011
842	268.8900146
843	268.9599915
844	268.9599915
845	268.980011
846	268.9200134
847	268.9200134
848	268.980011
849	269.019989
850	268.980011
851	269.019989
852	269.0400085
853	268.980011
854	268.980011
855	268.8699951
856	268.9400024
857	268.980011
858	268.9599915
859	269.0400085
860	268.9599915
861	268.9599915
862	268.980011
863	268.9200134
864	268.980011
865	268.9400024
866	268.980011
867	268.9599915
868	269.0400085
869	269.0799866
870	269.0799866
871	269.1199951
872	269.0599976
873	269.0599976
874	269.0799866
875	269.0599976
876	269.1499939
877	269.1700134
878	269.1700134
879	269.230011
880	269.1900024
881	269.1700134
882	269.1499939
883	269.0799866
884	269.0599976
885	269.019989
886	269.019989
887	269
888	269
889	269.019989
890	269
891	269.0599976
892	269.230011
893	269.230011
894	269.2099915
895	269.1900024
896	269.2099915
897	269.230011
898	269.2099915
899	269.25
900	269.2900085
901	269.3099976
902	269.3999939
903	269.3800049
904	269.3299866
905	269.25
906	269.269989
907	269.3299866
908	269.2900085
909	269.2900085
910	269.25
911	269.25
912	269.2099915
913	269.25
914	269.230011
915	269.269989
916	269.25
917	269.3299866
918	269.3299866
919	269.4200134
920	269.519989
921	269.4599915
922	269.3800049
923	269.3999939
924	269.269989
925	269.269989
926	269.3099976
927	269.25
928	269.3500061
929	269.3299866
930	269.3099976
931	269.2900085
932	269.2900085
933	269.3099976
934	269.4599915
935	269.4400024
936	269.4200134
937	269.3299866
938	269.2900085
939	269.2099915
940	269.269989
941	269.269989
942	269.25
943	269.230011
944	269.25
945	269.1499939
946	269.1900024
947	269.1199951
948	269.1499939
949	269.1900024
950	269.1900024
951	269.230011
952	269.2099915
953	269.2099915
954	269.1900024
955	269.1900024
956	269.2900085
957	269.2900085
958	269.2900085
959	269.3800049
960	269.2900085
961	269.3099976
962	269.2099915
963	269.3099976
964	269.3099976
965	269.25
966	269.25
967	269.230011
968	269.2099915
969	269.25
970	269.230011
971	269.1900024
972	269.1499939
973	269.1900024
974	269.230011
975	269.25
976	269.3099976
977	269.2900085
978	269.2900085
979	269.2900085
980	269.3099976
981	269.3299866
982	269.2900085
983	269.25
984	269.2900085
985	269.230011
986	269.1700134
987	269.1700134
988	269.1900024
989	269.3099976
990	269.2900085
991	269.1900024
992	269.1900024
993	269.1499939
994	269.1700134
995	269.1900024
996	269.1900024
997	269.2900085
998	269.269989
999	269.25
1000	269.230011
1001	269.2099915
1002	269.1700134
1003	269.1700134
1004	269.1499939
1005	269.1000061
1006	269.0400085
1007	269.0400085
1008	268.8900146
1009	268.8699951
1010	268.9400024
1011	269
1012	269.019989
1013	269.019989
1014	268.9599915
1015	268.980011
1016	269.019989
1017	269.019989
1018	269.1700134
1019	269.1199951
1020	269.1499939
1021	269.1000061
1022	269.1499939
1023	269.0799866
1024	269.1499939
1025	269.0599976
1026	269.0400085
1027	269.0400085
1028	269.0400085
1029	269.1499939
1030	269.1900024
1031	269.1900024
1032	269.1700134
1033	269.1900024
1034	269.1700134
1035	269.1700134
1036	269.1900024
1037	269.2099915
1038	269.2099915
1039	269.230011
1040	269.1700134
1041	269.1000061
1042	269.1000061
1043	269.1000061
1044	269.1000061
1045	269.3099976
1046	269.6099854
1047	269.769989
1048	269.8999939
1049	270.1499939
1050	270.730011
1051	270.7999878
1052	271.0899963
1053	271.3399963
1054	271.5100098
1055	272.0899963
1056	272.2600098
1057	272.7600098
1058	273.2200012
1059	273.6000061
1060	273.9599915
1061	274.0599976
1062	274.3099976
1063	274.480011
1064	274.769989
1065	274.8299866
1066	275
1067	275
1068	275.3399963
1069	275.3999939
1070	275.5400085
1071	275.6499939
1072	275.6900024
1073	275.730011
1074	275.730011
1075	275.7999878
1076	275.8200073
1077	275.8999939
1078	275.8399963
1079	275.8399963
1080	275.9599915
1081	276.1300049
1082	276.1499939
1083	276.1300049
1084	276.1900024
1085	276.2999878
1086	276.2999878
1087	276.3399963
1088	276.2999878
1089	276.3399963
1090	276.3999939
1091	276.3599854
1092	276.3200073
1093	276.3999939
1094	276.3200073
1095	276.3399963
1096	276.4200134
1097	276.3800049
1098	276.4200134
1099	276.4200134
1100	276.6700134
1101	276.6700134
1102	276.6700134
1103	276.6499939
1104	276.7200012
1105	276.6499939
1106	276.6499939
1107	276.5499878
1108	276.6300049
1109	276.6300049
1110	276.6499939
1111	276.6499939
1112	276.6499939
1113	276.6499939
1114	276.6700134
1115	276.7600098
1116	276.7799988
1117	276.7799988
1118	276.8599854
1119	276.8599854
1120	276.9200134
1121	276.8599854
1122	276.7999878
1123	276.7999878
1124	276.7600098
1125	276.7799988
1126	276.7600098
1127	276.8200073
1128	276.8599854
1129	276.8200073
1130	276.9200134
1131	276.8399963
1132	276.7799988
1133	276.7600098
1134	276.6700134
1135	276.7399902
1136	276.8399963
1137	276.8999939
1138	276.8999939
1139	276.8599854
1140	276.8800049
1141	276.9200134
1142	276.9500122
1143	276.8999939
1144	276.9200134
1145	276.9200134
1146	276.8200073
1147	276.8200073
1148	276.7999878
1149	276.7799988
1150	276.6499939
1151	276.7200012
1152	276.7399902
1153	276.6900024
1154	276.5899963
1155	276.5299988
1156	276.6499939
1157	276.6700134
1158	276.7200012
1159	276.6900024
1160	276.9700012
1161	276.9200134
1162	276.8800049
1163	276.9200134
1164	276.8599854
1165	276.8800049
1166	276.8200073
1167	276.8999939
1168	276.7600098
1169	276.7200012
1170	276.7200012
1171	276.8200073
1172	276.8800049
1173	276.8599854
1174	276.9200134
1175	276.9700012
1176	276.9500122
1177	276.9500122
1178	277.0100098
1179	276.9700012
1180	276.9899902
1181	276.9899902
1182	276.8599854
1183	276.8999939
1184	276.8999939
1185	276.9500122
1186	277.0100098
1187	277.0700073
1188	276.9700012
1189	276.9500122
1190	276.9500122
1191	276.7999878
1192	276.7200012
1193	276.8200073
1194	276.8599854
1195	276.8599854
1196	276.8599854
1197	276.9700012
1198	276.8999939
1199	276.8999939
1200	277.0100098
1201	277.0499878
1202	277.0899963
1203	277.0499878
1204	276.9500122
1205	276.9899902
1206	276.9700012
1207	276.8999939
1208	276.9200134
1209	276.9200134
1210	276.7999878
1211	276.8200073
1212	276.9200134
1213	276.9700012
1214	277.0100098
1215	276.9200134
1216	276.9200134
1217	276.8599854
1218	277.0100098
1219	276.9500122
1220	276.9200134
1221	276.9200134
1222	276.6900024
1223	276.6900024
1224	275.980011
1225	275.6700134
1226	275.480011
1227	275.1900024
1228	275.0599976
1229	275.0400085
1230	275
1231	274.7900085
1232	274.75
1233	274.6000061
1234	274.5599976
1235	274.5400085
1236	274.3900146
1237	274.2900085
1238	273.730011
1239	272.9100037
1240	271.8599854
1241	270.5700073
1242	269.9200134
1243	268.5799866
1244	267.8699951
1245	266.5700073
1246	265.5899963
1247	264.9400024
1248	264.9400024
1249	264.1300049
1250	263.8500061
1251	263.7900085
1252	263.7900085
1253	263.7900085
1254	263.8999939
1255	263.8999939
1256	263.9200134
1257	264.019989
1258	264.1499939
1259	264.3599854
1260	264.5700073
1261	264.7099915
1262	264.8399963
1263	265.1700134
1264	265.230011
1265	265.4899902
1266	265.5700073
1267	265.6900024
1268	265.8200073
1269	265.8999939
1270	266.2200012
1271	266.3399963
1272	266.5499878
1273	266.6799927
1274	266.7399902
1275	266.9100037
1276	267.0499878
1277	267.0100098
1278	267.0499878
1279	267.1600037
1280	267.1600037
1281	267.3500061
1282	267.3900146
1283	267.4899902
1284	267.5599976
1285	267.6199951
1286	267.6799927
1287	267.6799927
1288	267.7399902
1289	267.8299866
1290	267.8699951
1291	267.9100037
1292	268
1293	268.0799866
1294	268.0799866
1295	268.1199951
1296	268.1199951
1297	268.1400146
1298	268.1799927
1299	268.230011
1300	268.269989
1301	268.2000122
1302	268.269989
1303	268.3299866
1304	268.3900146
1305	268.3299866
1306	268.3900146
1307	268.3299866
1308	268.3699951
1309	268.5599976
1310	268.519989
1311	268.5799866
1312	268.6199951
1313	268.6000061
1314	268.6000061
1315	268.5
1316	268.5599976
1317	268.6600037
1318	268.7099915
1319	268.7099915
1320	268.75
1321	268.8500061
1322	268.730011
1323	268.75
1324	268.8699951
1325	268.8299866
1326	268.8299866
1327	268.8500061
1328	268.8500061
1329	268.9200134
1330	269
1331	268.9200134
1332	268.8299866
1333	268.8299866
1334	268.7900085
1335	268.7099915
1336	268.75
1337	268.6600037
1338	268.6900024
1339	268.8099976
1340	268.7900085
1341	268.9400024
1342	269
1343	268.9400024
1344	268.9200134
1345	268.9599915
1346	268.9200134
1347	268.9599915
1348	268.8699951
1349	268.8900146
1350	268.9400024
1351	268.9400024
1352	268.980011
1353	269.0400085
1354	269.0599976
1355	269.0599976
1356	269.1700134
1357	269.0799866
1358	269.0799866
1359	269
1360	268.980011
1361	269
1362	268.9400024
1363	268.9200134
1364	268.8900146
1365	268.8900146
1366	268.7900085
1367	268.75
1368	268.730011
1369	268.769989
1370	268.75
1371	268.769989
1372	268.8099976
1373	268.8099976
1374	268.8699951
1375	268.8900146
1376	268.8699951
1377	268.9200134
1378	268.9599915
1379	268.980011
1380	269
1381	268.9200134
1382	269.019989
1383	269.0400085
1384	269.019989
1385	268.980011
1386	268.980011
1387	268.9599915
1388	268.980011
1389	268.8699951
1390	268.8699951
1391	269
1392	269.019989
1393	268.980011
1394	269.0799866
1395	269.0799866
1396	269.1199951
1397	269.1199951
1398	269.0799866
1399	268.9599915
1400	269.019989
1401	269.019989
1402	269.0599976
1403	269.0799866
1404	269.0400085
1405	269.0400085
1406	269.019989
1407	268.9400024
1408	268.8500061
1409	269
1410	268.9200134
1411	268.9400024
1412	269.019989
1413	269.0599976
1414	269.0799866
1415	269.0799866
1416	269.0599976
1417	269.1000061
1418	269
1419	269.0799866
1420	269.1700134
1421	269.1499939
1422	269.1499939
1423	269.1900024
1424	269.2099915
1425	269.1199951
1426	269.1199951
1427	269.1000061
1428	269.0599976
1429	269.0599976
1430	269
1431	268.980011
1432	268.9599915
1433	268.9599915
1434	269
1435	269.0400085
1436	269.0400085
1437	269.1700134
1438	269.1000061
1439	269.0400085
1440	269.0599976
1441	269.1499939
1442	269.1000061
1443	269.1499939
1444	269.1499939
1445	269.1499939
1446	269.1199951
1447	269.1499939
1448	269.1900024
1449	269.1700134
1450	269.1499939
1451	269.0599976
1452	269
1453	269
1454	269.0599976
1455	269.1499939
1456	269.1700134
1457	269.2099915
1458	269.2099915
1459	269.3299866
1460	269.2900085
1461	269.2900085
1462	269.25
1463	269.230011
1464	269.25
1465	269.1900024
1466	269.1199951
1467	269.2099915
1468	269.2099915
1469	269.2099915
1470	269.1900024
1471	269.2099915
1472	269.269989
1473	269.2099915
1474	269.1700134
1475	269.2099915
1476	269.1700134
1477	269.0599976
1478	269.0799866
1479	269.1199951
1480	269.0799866
1481	269.1900024
1482	269.1900024
1483	269.2099915
1484	269.1700134
1485	269.1499939
1486	269.269989
1487	269.25
1488	269.3099976
1489	269.2900085
1490	269.2099915
1491	269.2099915
1492	269.1900024
1493	269.25
1494	269.3099976
1495	269.25
1496	269.230011
1497	269.230011
1498	269.230011
1499	269.1499939
1500	269.1499939
1501	269.1499939
1502	269.230011
1503	269.3099976
1504	269.2900085
1505	269.269989
1506	269.3099976
1507	269.3099976
1508	269.269989
1509	269.2099915
1510	269.1900024
1511	269.1700134
1512	269.1900024
1513	269.2099915
1514	269.230011
1515	269.2099915
1516	269.1700134
1517	269.2099915
1518	269.3500061
1519	269.6700134
1520	269.769989
1521	269.8999939
1522	270.3999939
1523	270.5299988
1524	270.8200073
1525	271.0299988
1526	270.9899902
1527	271.2999878
1528	271.4700012
1529	272.0100098
1530	272.4899902
1531	272.8699951
1532	272.8699951
1533	273.4100037
1534	273.6799927
1535	273.8699951
1536	274.1600037
1537	274.3699951
1538	274.6199951
1539	274.6199951
1540	274.9200134
1541	275.0400085
1542	275.1499939
1543	275.25
1544	275.3800049
1545	275.3599854
1546	275.3599854
1547	275.5899963
1548	275.6300049
1549	275.6900024
1550	275.8200073
1551	275.8999939
1552	275.8599854
1553	275.8599854
1554	275.9400024
1555	275.9400024
1556	276.1499939
1557	276.0700073
1558	276.1900024
1559	276.2799988
1560	276.1700134
1561	276.1700134
1562	276.2799988
1563	276.3399963
1564	276.230011
1565	276.3200073
1566	276.3200073
1567	276.3200073
1568	276.2799988
1569	276.3999939
1570	276.4200134
1571	276.4200134
1572	276.4599915
1573	276.5100098
1574	276.5100098
1575	276.6499939
1576	276.6700134
1577	276.7799988
1578	276.7799988
1579	276.6499939
1580	276.6499939
1581	276.6700134
1582	276.6700134
1583	276.7200012
1584	276.7399902
1585	276.7799988
1586	276.7200012
1587	276.7200012
1588	276.7600098
1589	276.8599854
1590	276.9500122
1591	276.8800049
1592	276.8800049
1593	276.8800049
1594	276.7600098
1595	276.7600098
1596	276.8599854
1597	276.8200073
1598	276.8399963
1599	276.9500122
1600	276.9500122
1601	276.9200134
1602	276.9899902
1603	276.9899902
1604	276.9500122
1605	276.9200134
1606	276.8999939
1607	276.8200073
1608	276.8399963
1609	276.8200073
1610	276.8200073
1611	276.7600098
1612	276.9200134
1613	276.8999939
1614	276.9200134
1615	276.9700012
1616	276.8999939
1617	276.8999939
1618	276.8999939
1619	276.9200134
1620	276.8399963
1621	276.8999939
1622	276.8399963
1623	276.8800049
1624	276.8399963
1625	276.8999939
1626	276.7999878
1627	276.8800049
1628	276.9200134
1629	276.9700012
1630	277.0100098
1631	276.9899902
1632	276.7799988
1633	276.8599854
1634	276.8200073
1635	276.7999878
1636	276.8599854
1637	276.8599854
1638	276.9200134
1639	277.0100098
1640	276.9899902
1641	276.9500122
1642	276.9500122
1643	277.0100098
1644	277.0100098
1645	276.9700012
1646	276.9200134
1647	277.0499878
1648	277.1099854
1649	277.1099854
1650	277.1099854
1651	277.0700073
1652	277.0700073
1653	277.0499878
1654	276.9899902
1655	277.0100098
1656	276.9500122
1657	277.0499878
1658	276.9500122
1659	277.0100098
1660	276.9500122
1661	276.9500122
1662	277.0100098
1663	276.8999939
1664	276.8999939
1665	276.9700012
1666	276.8800049
1667	276.9500122
1668	276.9700012
1669	276.9200134
1670	277.0100098
1671	277.1300049
1672	277.0499878
1673	276.9899902
1674	276.8999939
1675	276.9700012
1676	276.9500122
1677	276.9700012
1678	276.9500122
1679	276.9899902
1680	277.0299988
1681	277.0299988
1682	277.0499878
1683	277.0100098
1684	277.0299988
1685	277.0100098
1686	276.8800049
1687	276.9899902
1688	276.9899902
1689	276.9700012
1690	277.0499878
1691	277.0299988
1692	277.0299988
1693	277.0299988
1694	277.1099854
1695	277.0700073
1696	276.6300049
1697	276.4400024
1698	275.9400024
1699	275.5400085
1700	275.1700134
1701	275.0799866
1702	274.980011
1703	274.8999939
1704	274.8800049
1705	274.769989
1706	274.730011
1707	274.7099915
1708	274.769989
1709	274.8099976
1710	274.7900085
1711	274.269989
1712	273.1400146
1713	273.1400146
1714	271.1700134
1715	269.6900024
1716	268.8299866
1717	267.2799988
1718	266.0899963
1719	265.0700073
1720	265.0700073
1721	264.0599976
1722	263.7099915
1723	263.5799866
1724	263.4400024
1725	263.3500061
1726	263.4400024
1727	263.4400024
1728	263.6700134
1729	263.8500061
1730	264.0599976
1731	264.3399963
1732	264.6499939
1733	264.8200073
1734	264.8800049
1735	265.2799988
1736	265.3800049
1737	265.6099854
1738	265.9500122
1739	266.0499878
1740	266.2600098
1741	266.4299927
1742	266.6799927
1743	266.7000122
1744	266.9100037
1745	267.0499878
1746	267.1400146
1747	267.2200012
1748	267.2799988
1749	267.2600098
1750	267.3699951
1751	267.4899902
1752	267.4899902
1753	267.6400146
1754	267.6799927
1755	267.7000122
1756	267.8500061
1757	267.9299927
1758	267.9299927
1759	267.9299927
1760	267.9700012
1761	268.0400085
1762	268.019989
1763	268.019989
1764	267.9700012
1765	267.9700012
1766	268.0599976
1767	268.0599976
1768	268.1400146
1769	268.1600037
1770	268.1799927
1771	268.230011
1772	268.230011
1773	268.2000122
1774	268.1400146
1775	268.1600037
1776	268.1799927
1777	268.1000061
1778	268.0599976
1779	268.1199951
1780	268.1199951
1781	268.230011
1782	268.2900085
1783	268.2900085
1784	268.2900085
1785	268.3900146
1786	268.3699951
1787	268.480011
1788	268.5599976
1789	268.5
1790	268.4299927
1791	268.4299927
1792	268.5
1793	268.519989
1794	268.5799866
1795	268.5799866
1796	268.6400146
1797	268.6600037
1798	268.6600037
1799	268.5799866
1800	268.5799866
1801	268.6400146
1802	268.6400146
1803	268.6400146
1804	268.5799866
1805	268.6199951
1806	268.6900024
1807	268.6900024
1808	268.769989
1809	268.6900024
1810	268.6400146
1811	268.6400146
1812	268.7900085
1813	268.730011
1814	268.8099976
1815	268.8099976
1816	268.8900146
1817	268.8500061
1818	268.8299866
1819	268.8900146
1820	268.8699951
1821	269
1822	268.9599915
1823	268.9599915
1824	268.9200134
1825	268.9599915
1826	268.9599915
1827	268.9599915
1828	268.980011
1829	268.8900146
1830	268.8900146
1831	268.8699951
1832	268.9200134
1833	268.9200134
1834	268.8900146
1835	268.8299866
1836	268.7900085
1837	268.9400024
1838	268.769989
1839	268.769989
1840	268.75
1841	268.769989
1842	268.7900085
1843	268.75
1844	268.7900085
1845	268.730011
1846	268.6000061
1847	268.7099915
1848	268.75
1849	268.8099976
1850	268.8699951
1851	268.8099976
1852	268.75
1853	268.8099976
1854	268.8900146
1855	268.8900146
1856	268.9400024
1857	268.9599915
1858	269
1859	269
1860	268.9599915
1861	268.9400024
1862	268.9400024
1863	268.8099976
1864	268.8900146
1865	268.8099976
1866	268.8900146
1867	268.9400024
1868	268.9400024
1869	268.9400024
1870	269.019989
1871	269.019989
1872	269.0799866
1873	269.1900024
1874	269.1199951
1875	269.1199951
1876	269.0799866
1877	269.1700134
1878	269.1499939
1879	269.1000061
1880	269.1199951
1881	269.1499939
1882	269.0799866
1883	269.0799866
1884	269.0400085
1885	269.019989
1886	269.0400085
1887	269.1199951
1888	269.0799866
1889	269.1199951
1890	269.0799866
1891	269.0400085
1892	269.019989
1893	269
1894	269
1895	269
1896	269
1897	269.019989
1898	269.0799866
1899	269.0400085
1900	269.1199951
1901	269.1199951
1902	269.1499939
1903	269.1000061
1904	269.1199951
1905	269.1000061
1906	269.1000061
1907	269.1000061
1908	269.0599976
1909	269.1000061
1910	269.1499939
1911	269.0599976
1912	269.0599976
1913	269.0799866
1914	269
1915	269.019989
1916	269.019989
1917	269.0599976
1918	269.1000061
1919	269.0799866
1920	269.1000061
1921	269.0599976
1922	269.1700134
1923	269.1499939
1924	269.1499939
1925	269.1700134
1926	269.0400085
1927	269.0599976
1928	269.1000061
1929	269.0599976
1930	269.1700134
1931	269.1700134
1932	269.1199951
1933	269.1199951
1934	269.1900024
1935	269.1000061
1936	269.1499939
1937	269.1000061
1938	269.1700134
1939	269.0799866
1940	269.0799866
1941	269.0599976
1942	269
1943	269
1944	269.0799866
1945	269.0400085
1946	269.0799866
1947	269.1199951
1948	269.2099915
1949	269.1499939
1950	269.230011
1951	269.3299866
1952	269.3500061
1953	269.3099976
1954	269.3099976
1955	269.2099915
1956	269.269989
1957	269.1499939
1958	269.1700134
1959	269.1199951
1960	269.1700134
1961	269.1499939
1962	269.1700134
1963	269.1900024
1964	269.1700134
1965	269.1700134
1966	269.1700134
1967	269.1700134
1968	269.1000061
1969	269.0599976
1970	269.1700134
1971	269.1199951
1972	269.1199951
1973	269.0799866
1974	269.0799866
1975	269.0599976
1976	269.0599976
1977	269.1700134
1978	269.2099915
1979	269.2099915
1980	269.1499939
1981	269.0599976
1982	269.1000061
1983	269.0799866
1984	269.1700134
1985	269.1000061
1986	269.1900024
1987	269.0799866
1988	269.0799866
1989	269.0799866
1990	269.0599976
1991	269.0599976
1992	269.3299866
1993	269.3800049
1994	269.7900085
1995	270.230011
1996	270.5299988
1997	270.6900024
1998	270.7799988
1999	270.8800049
2000	270.9899902
2001	271.2200012
2002	271.7200012
2003	272.2000122
2004	272.2000122
2005	272.8500061
2006	273.2000122
2007	273.4100037
2008	273.75
2009	274.019989
2010	274.25
2011	274.25
2012	274.6199951
2013	274.8299866
2014	274.9400024
2015	275.1700134
2016	275.269989
2017	275.2900085
2018	275.2900085
2019	275.4200134
2020	275.4200134
2021	275.6099854
2022	275.6300049
2023	275.6700134
2024	275.6700134
2025	275.6300049
2026	275.75
2027	275.7999878
2028	275.8800049
2029	275.9200134
2030	275.9400024
2031	275.980011
2032	276.0899963
2033	276.1700134
2034	276.1700134
2035	276.230011
2036	276.230011
2037	276.1700134
2038	276.3599854
2039	276.3999939
2040	276.3999939
2041	276.3399963
2042	276.3800049
2043	276.3800049
2044	276.4899902
2045	276.4599915
2046	276.3800049
2047	276.3999939
2048	276.4599915
2049	276.5700073
2050	276.5700073
2051	276.5700073
2052	276.6700134
2053	276.6900024
2054	276.7399902
2055	276.7200012
2056	276.7399902
2057	276.6700134
2058	276.6300049
2059	276.6499939
2060	276.6499939
2061	276.6700134
2062	276.7999878
2063	276.7600098
2064	276.8800049
2065	276.7799988
2066	276.7999878
2067	276.8999939
2068	277.0100098
2069	276.9500122
2070	276.8599854
2071	276.8399963
2072	276.8200073
2073	276.8800049
2074	276.8800049
2075	276.8800049
2076	277.0299988
2077	276.9700012
2078	277.0100098
2079	277.0100098
2080	276.9500122
2081	276.8599854
2082	276.8599854
2083	276.9200134
2084	276.8800049
2085	276.8999939
2086	276.8800049
2087	276.8599854
2088	276.9700012
2089	277.0499878
2090	276.9899902
2091	276.9500122
2092	277.0100098
2093	277.0100098
2094	277.0100098
2095	276.9899902
2096	276.9700012
2097	277.0299988
2098	277.0499878
2099	277.0499878
2100	277.0700073
2101	277.0100098
2102	277.0100098
2103	277.0499878
2104	277.0700073
2105	277.2000122
2106	277.0700073
2107	277.0700073
2108	277.1300049
2109	277.1300049
2110	277.1499939
2111	277.1300049
2112	277.0499878
2113	277.0299988
2114	277.0299988
2115	277.0299988
2116	277.0499878
2117	277.0499878
2118	277.0299988
2119	277.0100098
2120	277.1499939
2121	277.1499939
2122	277.0299988
2123	277.0899963
2124	277.0499878
2125	276.9700012
2126	276.8599854
2127	276.8599854
2128	276.8599854
2129	277.0499878
2130	276.9899902
2131	277.0899963
2132	277.1099854
2133	277.0700073
2134	277.1300049
2135	277.0499878
2136	277.0700073
2137	277.1099854
2138	277.0100098
2139	277.0299988
2140	277.0899963
2141	277.0299988
2142	277.0499878
2143	277.0100098
2144	276.9700012
2145	276.9200134
2146	276.9200134
2147	276.9700012
2148	276.9700012
2149	277.0499878
2150	277.1099854
2151	277.0499878
2152	277.0299988
2153	277.0299988
2154	277.0299988
2155	277.0299988
2156	277.0299988
2157	277.0899963
2158	277.0299988
2159	277.0899963
2160	277.0700073
2161	277.0499878
2162	277.0499878
2163	277.1099854
2164	277.0299988
2165	276.8999939
2166	276.9500122
2167	276.8999939
2168	276.9200134
2169	276.8399963
2170	276.3999939
2171	275.9400024
2172	275.8200073
2173	275.3999939
2174	275.3099976
2175	275.1700134
2176	275
2177	274.8500061
2178	274.8500061
2179	274.75
2180	274.75
2181	274.7900085
2182	274.6199951
2183	274.4599915
2184	274.1199951
2185	274.1199951
2186	273.269989
2187	272.2600098
2188	271.7000122
2189	270.3599854
2190	269.1199951
2191	268.1000061
2192	268.1000061
2193	266.4299927
2194	265.5299988
2195	265.1700134
2196	264.4400024
2197	263.9400024
2198	263.730011
2199	263.6000061
2200	263.5
2201	263.5599976
2202	263.6199951
2203	263.75
2204	263.7900085
2205	263.9599915
2206	264
2207	264.3399963
2208	264.4200134
2209	264.6300049
2210	264.8800049
2211	264.9599915
2212	265.3200073
2213	265.4200134
2214	265.6700134
2215	265.8599854
2216	265.9899902
2217	265.9899902
2218	266.2000122
2219	266.2999878
2220	266.3399963
2221	266.5899963
2222	266.7600098
2223	266.9500122
2224	266.9500122
2225	267.2000122
2226	267.2799988
2227	267.2600098
2228	267.3299866
2229	267.3900146
2230	267.3299866
2231	267.3500061
2232	267.6000061
2233	267.6199951
2234	267.6199951
2235	267.7200012
2236	267.8099976
2237	267.7900085
2238	267.7900085
2239	267.8900146
2240	267.9299927
2241	267.9500122
2242	268.0400085
2243	268.1000061
2244	268.1400146
2245	268.1600037
2246	268.1799927
2247	268.1400146
2248	268.1400146
2249	268.1400146
2250	268.1199951
2251	268.1199951
2252	268.1400146
2253	268.2000122
2254	268.3099976
2255	268.3500061
2256	268.3500061
2257	268.480011
2258	268.4299927
2259	268.519989
2260	268.5400085
2261	268.4599915
2262	268.4299927
2263	268.4299927
2264	268.480011
2265	268.5
2266	268.5599976
2267	268.6400146
2268	268.6400146
2269	268.6000061
2270	268.6400146
2271	268.6900024
2272	268.730011
2273	268.75
2274	268.730011
2275	268.75
2276	268.8299866
2277	268.7900085
2278	268.6900024
2279	268.6900024
2280	268.6199951
2281	268.6000061
2282	268.6600037
2283	268.730011
2284	268.8699951
2285	268.8500061
2286	268.7900085
2287	268.8299866
2288	268.8299866
2289	268.8099976
2290	268.8099976
2291	268.8299866
2292	268.8699951
2293	268.8699951
2294	268.9200134
2295	268.9200134
2296	268.9599915
2297	268.8900146
2298	268.980011
2299	268.8900146
2300	268.9400024
2301	268.8900146
2302	268.8900146
2303	268.9400024
2304	268.9400024
2305	268.980011
2306	268.980011
2307	268.9200134
2308	268.9400024
2309	268.980011
2310	269.1000061
2311	269.1199951
2312	269.0400085
2313	268.980011
2314	268.9599915
2315	268.980011
2316	269
2317	268.9599915
2318	268.9200134
2319	269.1000061
2320	269.0799866
2321	269.0599976
2322	269.0400085
2323	268.980011
2324	268.9599915
2325	268.9400024
2326	268.9200134
2327	268.9200134
2328	268.8900146
2329	269
2330	269.019989
2331	269.019989
2332	269
2333	268.9400024
2334	268.9400024
2335	268.9200134
2336	268.9599915
2337	269
2338	269.0799866
2339	269.0799866
2340	269.0599976
2341	269.0599976
2342	269.0599976
2343	269.0599976
2344	269.1199951
2345	269.0799866
2346	269.0599976
2347	269.1499939
2348	269.0400085
2349	269
2350	269.0799866
2351	268.9599915
2352	268.9599915
2353	269.0400085
2354	269.019989
2355	269
2356	268.9400024
2357	268.9200134
2358	268.9200134
2359	268.9200134
2360	269.0400085
2361	269.019989
2362	268.9400024
2363	268.980011
2364	269
2365	268.9400024
2366	268.9400024
2367	268.980011
2368	268.9400024
2369	268.980011
2370	268.9400024
2371	268.9400024
2372	269.1000061
2373	269.1000061
2374	269.0400085
2375	269.019989
2376	268.9599915
2377	268.9400024
2378	268.8900146
2379	268.9400024
2380	268.9599915
2381	269
2382	268.980011
2383	269
2384	268.9599915
2385	268.9599915
2386	268.9599915
2387	269
2388	268.980011
2389	268.980011
2390	269.0799866
2391	269.0599976
2392	269.019989
2393	269.0599976
2394	269.0400085
2395	268.980011
2396	269
2397	269
2398	269
2399	268.980011
2400	269
2401	269
2402	269
2403	268.980011
2404	269
2405	269
2406	268.9200134
2407	269.019989
2408	269.0599976
2409	269.1199951
2410	269.2099915
2411	269.1499939
2412	269.1000061
2413	269.019989
2414	269
2415	268.8900146
2416	268.9200134
2417	268.9400024
2418	268.9200134
2419	268.9599915
2420	269.0400085
2421	269.019989
2422	269.0799866
2423	269.1700134
2424	269.1199951
2425	269.1199951
2426	269.1499939
2427	269.0799866
2428	269.0400085
2429	269.0799866
2430	269.0799866
2431	269.0599976
2432	269.019989
2433	268.980011
2434	269
2435	269
2436	268.8500061
2437	268.8500061
2438	268.8500061
2439	268.8500061
2440	268.8699951
2441	268.8699951
2442	268.8299866
2443	268.8500061
2444	268.8500061
2445	268.9599915
2446	268.9599915
2447	269.0400085
2448	269.019989
2449	269.1000061
2450	269.0599976
2451	269.0799866
2452	269
2453	269.0400085
2454	268.980011
2455	268.9200134
2456	268.980011
2457	268.980011
2458	269
2459	268.9200134
2460	268.9599915
2461	268.9400024
2462	268.9400024
2463	268.8900146
2464	269.019989
2465	269
2466	269.3800049
2467	269.730011
2468	269.9599915
2469	269.9599915
2470	270.4599915
2471	270.6900024
2472	270.730011
2473	270.9899902
2474	271.1499939
2475	271.5700073
2476	271.5700073
2477	272.2200012
2478	272.7200012
2479	272.8099976
2480	273.269989
2481	273.6400146
2482	274.019989
2483	274.019989
2484	274.3699951
2485	274.7099915
2486	274.75
2487	275
2488	275.1499939
2489	275.1900024
2490	275.3099976
2491	275.4200134
2492	275.5400085
2493	275.5700073
2494	275.6700134
2495	275.6900024
2496	275.7999878
2497	275.9200134
2498	275.9599915
2499	275.9599915
2500	276.0499878
2501	276.0700073
2502	276
2503	276.0899963
2504	276
2505	276.0499878
2506	276.1700134
2507	276.3599854
2508	276.3599854
2509	276.3200073
2510	276.3200073
2511	276.3200073
2512	276.4400024
2513	276.5299988
2514	276.4599915
2515	276.4599915
2516	276.4899902
2517	276.5299988
2518	276.5100098
2519	276.5299988
2520	276.5100098
2521	276.4400024
2522	276.5100098
2523	276.5499878
2524	276.6300049
2525	276.6099854
2526	276.6900024
2527	276.6900024
2528	276.6499939
2529	276.6900024
2530	276.6700134
2531	276.7399902
2532	276.7200012
2533	276.7600098
2534	276.7600098
2535	276.6700134
2536	276.6700134
2537	276.7399902
2538	276.7600098
2539	276.7600098
2540	276.7600098
2541	276.8399963
2542	276.8999939
2543	276.8999939
2544	276.8200073
2545	276.8599854
2546	276.8200073
2547	276.8200073
2548	276.8399963
2549	276.8200073
2550	276.8800049
2551	276.8200073
2552	276.8599854
2553	276.8599854
2554	276.8599854
2555	277.0100098
2556	276.9500122
2557	276.9500122
2558	276.9200134
2559	276.8999939
2560	276.8599854
2561	276.7999878
2562	276.8200073
2563	276.8999939
2564	276.7999878
2565	276.8599854
2566	276.8200073
2567	276.9500122
2568	277.0100098
2569	277.0100098
2570	276.9700012
2571	276.9899902
2572	276.9899902
2573	277.0299988
2574	277.0299988
2575	277.0299988
2576	277.0299988
2577	276.8999939
2578	276.8599854
2579	276.8599854
2580	276.8999939
2581	276.8399963
2582	276.8200073
2583	276.7999878
2584	276.8399963
2585	276.9500122
2586	276.9500122
2587	276.9700012
2588	276.8999939
2589	276.9700012
2590	276.9899902
2591	276.9200134
2592	277.0100098
2593	276.9700012
2594	276.9899902
2595	277.0499878
2596	277.0700073
2597	276.9700012
2598	276.9700012
2599	276.9500122
2600	276.9500122
2601	276.9899902
2602	276.9899902
2603	276.9700012
2604	277.0299988
2605	277.0899963
2606	277.0299988
2607	276.9899902
2608	276.9200134
2609	276.8599854
2610	276.8200073
2611	276.8200073
2612	276.7999878
2613	276.8200073
2614	276.8800049
2615	276.8399963
2616	276.8599854
2617	276.8399963
2618	276.8399963
2619	276.9200134
2620	276.8800049
2621	276.9700012
2622	276.9899902
2623	276.9500122
2624	276.8800049
2625	276.8800049
2626	276.9700012
2627	276.9700012
2628	277.0299988
2629	276.9700012
2630	276.9200134
2631	276.9500122
2632	276.9500122
2633	277.0499878
2634	277.0499878
2635	277.0100098
2636	276.9899902
2637	276.9500122
2638	276.9899902
2639	276.9700012
2640	277.0499878
2641	277.0100098
2642	276.7799988
2643	276.4200134
2644	276.1700134
2645	275.769989
2646	275.6900024
2647	275.3800049
2648	275.1900024
2649	275.019989
2650	275.019989
2651	274.9599915
2652	274.8099976
2653	274.7900085
2654	274.6900024
2655	274.6499939
2656	274.3699951
2657	274.3699951
2658	274
2659	273.2399902
2660	272.9700012
2661	271.7600098
2662	270.4200134
2663	269.9200134
2664	269.3500061
2665	267.6199951
2666	267.0700073
2667	266.1300049
2668	265.3200073
2669	264.7999878
2670	264.5
2671	264.3099976
2672	263.8299866
2673	263.8099976
2674	263.8099976
2675	263.8800049
2676	263.8999939
2677	264
2678	264.019989
2679	264.2099915
2680	264.480011
2681	264.6499939
2682	264.6499939
2683	264.9599915
2684	265.1099854
2685	265.2099915
2686	265.3999939
2687	265.5100098
2688	265.7200012
2689	265.7200012
2690	265.9899902
2691	266.2200012
2692	266.2600098
2693	266.4500122
2694	266.6400146
2695	266.6799927
2696	266.6799927
2697	266.8699951
2698	267.0499878
2699	267.1799927
2700	267.3299866
2701	267.2999878
2702	267.4100037
2703	267.4100037
2704	267.5400085
2705	267.5100098
2706	267.5799866
2707	267.6400146
2708	267.6600037
2709	267.6799927
2710	267.769989
2711	267.8900146
2712	267.9100037
2713	267.9299927
2714	268.019989
2715	268
2716	268.0400085
2717	268.0599976
2718	268.0799866
2719	268.0799866
2720	268.1799927
2721	268.1799927
2722	268.269989
2723	268.230011
2724	268.2900085
2725	268.25
2726	268.25
2727	268.25
2728	268.25
2729	268.3099976
2730	268.4299927
2731	268.4599915
2732	268.480011
2733	268.5
2734	268.519989
2735	268.519989
2736	268.480011
2737	268.480011
2738	268.4599915
2739	268.4299927
2740	268.4599915
2741	268.4599915
2742	268.3500061
2743	268.5
2744	268.4299927
2745	268.519989
2746	268.5599976
2747	268.5599976
2748	268.6199951
2749	268.5400085
2750	268.6199951
2751	268.6900024
2752	268.7099915
2753	268.730011
2754	268.6900024
2755	268.6600037
2756	268.6600037
2757	268.6600037
2758	268.6000061
2759	268.6600037
2760	268.6600037
2761	268.6000061
2762	268.6199951
2763	268.5799866
2764	268.6400146
2765	268.6400146
2766	268.6900024
2767	268.6900024
2768	268.75
2769	268.7099915
2770	268.769989
2771	268.7900085
2772	268.8900146
2773	268.8900146
2774	268.9400024
2775	268.8699951
2776	268.769989
2777	268.769989
2778	268.8699951
2779	268.8900146
2780	268.8699951
2781	268.8699951
2782	268.8500061
2783	268.8099976
2784	268.8299866
2785	268.8299866
2786	268.8099976
2787	268.8699951
2788	268.7900085
2789	268.75
2790	268.6900024
2791	268.6400146
2792	268.6400146
2793	268.6900024
2794	268.6199951
2795	268.6900024
2796	268.6600037
2797	268.6600037
2798	268.769989
2799	268.769989
2800	268.8299866
2801	268.8099976
2802	268.7900085
2803	268.7900085
2804	268.8299866
2805	268.8699951
2806	268.8699951
2807	269.019989
2808	269.019989
2809	269
2810	269
2811	268.8900146
2812	268.9200134
2813	268.769989
2814	268.6400146
2815	268.6199951
2816	268.6900024
2817	268.6600037
2818	268.6900024
2819	268.6600037
2820	268.6600037
2821	268.6199951
2822	268.6400146
2823	268.769989
2824	268.75
2825	268.769989
2826	268.8099976
2827	268.7900085
2828	268.8299866
2829	268.8500061
2830	268.8900146
2831	268.8900146
2832	268.8299866
2833	268.8500061
2834	268.9200134
2835	268.8299866
2836	268.8099976
2837	268.8099976
2838	268.8099976
2839	268.75
2840	268.7900085
2841	268.8500061
2842	268.9200134
2843	268.9200134
2844	268.9200134
2845	268.8699951
2846	268.730011
2847	268.6199951
2848	268.730011
2849	268.8099976
2850	268.8099976
2851	268.7099915
2852	268.75
2853	268.8900146
2854	269.0599976
2855	269.1900024
2856	269.1900024
2857	269.25
2858	269.230011
2859	269.2900085
2860	269.2900085
2861	269.269989
2862	269.2900085
2863	269.2900085
2864	269.25
2865	269.3099976
2866	269.269989
2867	269.25
2868	269.3099976
2869	269.3999939
2870	269.3999939
2871	269.5400085
2872	269.5799866
2873	269.6099854
2874	269.6099854
2875	269.5
2876	269.5400085
2877	269.5400085
2878	269.6099854
2879	269.6099854
2880	269.5799866
2881	269.7099915
2882	269.6700134
2883	269.6700134
2884	269.6900024
2885	269.6300049
2886	269.6300049
2887	269.6499939
2888	269.75
2889	269.6700134
2890	269.6700134
2891	269.6300049
2892	269.6499939
2893	269.5799866
2894	269.5599976
2895	269.5400085
2896	269.5400085
2897	269.5400085
2898	269.6099854
2899	269.6300049
2900	269.6099854
2901	269.6900024
2902	269.6900024
2903	269.6099854
2904	269.5799866
2905	269.6099854
2906	269.6700134
2907	269.769989
2908	269.730011
2909	269.730011
2910	269.7900085
2911	269.730011
2912	269.7900085
2913	269.7099915
2914	269.6499939
2915	269.6700134
2916	269.6700134
2917	269.7099915
2918	269.7099915
2919	269.730011
2920	269.8800049
2921	270.0700073
2922	270.0700073
2923	270.1099854
2924	270.2999878
2925	270.269989
2926	270.3200073
2927	270.3599854
2928	270.4599915
2929	270.5
2930	270.4200134
2931	270.6099854
2932	270.4200134
2933	270.4599915
2934	270.4599915
2935	270.4200134
2936	270.3399963
2937	270.3999939
2938	270.3599854
2939	270.6300049
2940	270.7999878
2941	270.7999878
2942	271.2399902
2943	271.6499939
2944	271.7600098
2945	271.9500122
2946	272.0700073
2947	272.2799988
2948	272.2799988
2949	272.9299927
2950	273.3699951
2951	273.5799866
2952	273.9599915
2953	274.3099976
2954	274.480011
2955	274.5
2956	274.8500061
2957	274.8800049
2958	275.0599976
2959	275.3599854
2960	275.5
2961	275.6099854
2962	275.6099854
2963	275.730011
2964	275.8399963
2965	276
2966	276.0899963
2967	276.1499939
2968	276.1300049
2969	276.1499939
2970	276.1700134
2971	276.3200073
2972	276.4899902
2973	276.4899902
2974	276.6700134
2975	276.6300049
2976	276.6900024
2977	276.6700134
2978	276.7200012
2979	276.7600098
2980	276.7600098
2981	276.8399963
2982	276.9700012
2983	276.9500122
2984	276.9700012
2985	277.0899963
2986	277.0700073
2987	277.0899963
2988	277.1099854
2989	277.1499939
2990	277.1300049
2991	277.2200012
2992	277.2200012
2993	277.2200012
2994	277.2399902
2995	277.2600098
2996	277.2999878
2997	277.3200073
2998	277.3399963
2999	277.3399963
3000	277.2000122
3001	277.1799927
3002	277.2600098
3003	277.3200073
3004	277.4100037
3005	277.4100037
3006	277.4100037
3007	277.3399963
3008	277.4299927
3009	277.4299927
3010	277.4500122
3011	277.4100037
3012	277.4100037
3013	277.2600098
3014	277.2200012
3015	277.2399902
3016	277.2000122
3017	277.2999878
3018	277.2999878
3019	277.2999878
3020	277.3900146
3021	277.4100037
3022	277.4100037
3023	277.3399963
3024	277.4299927
3025	277.3900146
3026	277.4500122
3027	277.4700012
3028	277.4299927
3029	277.4299927
3030	277.4100037
3031	277.3200073
3032	277.3399963
3033	277.4100037
3034	277.5100098
3035	277.5100098
3036	277.4700012
3037	277.4899902
3038	277.5499878
3039	277.5100098
3040	277.4500122
3041	277.4500122
3042	277.4299927
3043	277.4100037
3044	277.4100037
3045	277.4299927
3046	277.4100037
3047	277.4500122
3048	277.4899902
3049	277.5100098
3050	277.5100098
3051	277.5100098
3052	277.4899902
3053	277.4500122
3054	277.4500122
3055	277.4299927
3056	277.4500122
3057	277.4899902
3058	277.3599854
3059	277.4899902
3060	277.4500122
3061	277.5499878
3062	277.5499878
3063	277.5299988
3064	277.5100098
3065	277.5299988
3066	277.5700073
3067	277.5499878
3068	277.5700073
3069	277.5499878
3070	277.6400146
3071	277.5899963
3072	277.5700073
3073	277.5499878
3074	277.6400146
3075	277.5499878
3076	277.5499878
3077	277.5299988
3078	277.5100098
3079	277.5299988
3080	277.6600037
3081	277.6199951
3082	277.5700073
3083	277.5700073
3084	277.4299927
3085	277.3599854
3086	277.4299927
3087	277.4100037
3088	277.3599854
3089	277.4899902
3090	277.4899902
3091	277.5499878
3092	277.4500122
3093	277.4299927
3094	277.4100037
3095	277.4299927
3096	277.3399963
3097	277.4100037
3098	277.3399963
3099	277.4100037
3100	277.4899902
3101	277.4899902
3102	277.5499878
3103	277.5499878
3104	277.5299988
3105	277.5499878
3106	277.5700073
3107	277.5299988
3108	277.6199951
3109	277.6799927
3110	277.6199951
3111	277.5299988
3112	277.5100098
3113	277.4700012
3114	277.4899902
3115	277.4899902
3116	277.3599854
3117	276.8800049
3118	276.5899963
3119	276.230011
3120	275.8200073
3121	275.6499939
3122	275.6499939
3123	275.480011
3124	275.3800049
3125	275.3999939
3126	275.3099976
3127	275.0799866
3128	275.019989
3129	275.019989
3130	274.75
3131	274.3500061
3132	274.1000061
3133	273.2399902
3134	271.8599854
3135	271.1900024
3136	270.5499878
3137	268.8699951
3138	268.3299866
3139	267.4299927
3140	266.7000122
3141	266.5700073
3142	266.2000122
3143	266.0899963
3144	266.0100098
3145	266.0899963
3146	266.1099854
3147	266.1799927
3148	266.2000122
3149	266.4299927
3150	266.5700073
3151	266.7600098
3152	266.9700012
3153	267.1799927
3154	267.1799927
3155	267.4100037
3156	267.6400146
3157	267.7399902
3158	267.8099976
3159	267.9100037
3160	268.019989
3161	268.019989
3162	268.25
3163	268.269989
3164	268.3500061
3165	268.4299927
3166	268.480011
3167	268.5400085
3168	268.5799866
3169	268.769989
3170	268.730011
3171	268.7900085
3172	268.769989
3173	268.769989
3174	268.8900146
3175	268.8699951
3176	269
3177	268.980011
3178	269.019989
3179	269.019989
3180	269.1000061
3181	269.1000061
3182	269.1499939
3183	269.230011
3184	269.2900085
3185	269.4200134
3186	269.4200134
3187	269.3999939
3188	269.4400024
3189	269.4200134
3190	269.4599915
3191	269.480011
3192	269.5400085
3193	269.5400085
3194	269.519989
3195	269.5799866
3196	269.5799866
3197	269.730011
3198	269.730011
3199	269.769989
3200	269.769989
3201	269.8099976
3202	269.730011
3203	269.75
3204	269.6900024
3205	269.7900085
3206	269.8399963
3207	269.8099976
3208	269.8599854
3209	269.8800049
3210	269.9200134
3211	269.8399963
3212	269.8599854
3213	269.8599854
3214	269.9200134
3215	269.8599854
3216	269.8599854
3217	269.730011
3218	269.8099976
3219	269.8099976
3220	269.8800049
3221	269.7900085
3222	269.8800049
3223	270
3224	269.9200134
3225	269.9200134
3226	269.9200134
3227	269.8099976
3228	269.8099976
3229	269.8999939
3230	269.9200134
3231	269.9400024
3232	269.9400024
3233	269.980011
3234	269.9400024
3235	269.9599915
3236	270
3237	269.9599915
3238	269.9599915
3239	270
3240	269.980011
3241	270.0400085
3242	269.9400024
3243	269.9599915
3244	270.019989
3245	270.0400085
3246	270.0899963
3247	270.0400085
3248	270.0700073
3249	270.0400085
3250	270.0899963
3251	270.1499939
3252	270.1700134
3253	270.1499939
3254	270.1499939
3255	270.1099854
3256	270.1300049
3257	270.1300049
3258	270.1499939
3259	270.1499939
3260	270
3261	270.1099854
3262	270.25
3263	270.3399963
3264	270.3399963
3265	270.7799988
3266	270.8999939
3267	271.0299988
3268	271.1099854
3269	271.1099854
3270	271.0499878
3271	271.0499878
3272	270.9599915
3273	271.0100098
3274	270.9899902
3275	271.0100098
3276	270.9400024
3277	271.0100098
3278	270.9599915
3279	271.0700073
3280	270.9400024
3281	270.8999939
3282	270.9200134
3283	270.8999939
3284	271.0100098
3285	271.0100098
3286	270.9899902
3287	270.9899902
3288	270.9400024
3289	270.9899902
3290	270.9200134
3291	270.9599915
3292	270.9599915
3293	270.8599854
3294	270.9899902
3295	271.0899963
3296	271.0899963
3297	271.1900024
3298	271.3399963
3299	271.3599854
3300	271.4200134
3301	271.3399963
3302	271.3399963
3303	271.3399963
3304	271.1900024
3305	271.2399902
3306	271.2600098
3307	271.1700134
3308	271.1700134
3309	271.1700134
3310	271.1300049
3311	271.1499939
3312	271.0700073
3313	271.1099854
3314	271.0700073
3315	271.0499878
3316	271.0100098
3317	271.0499878
3318	270.9899902
3319	270.9599915
3320	270.8800049
3321	270.8200073
3322	270.7799988
3323	270.6900024
3324	270.7099915
3325	270.7600098
3326	270.730011
3327	270.7799988
3328	270.7799988
3329	270.7999878
3330	270.8399963
3331	270.7099915
3332	270.7099915
3333	270.7099915
3334	270.7600098
3335	270.7600098
3336	270.6099854
3337	270.6099854
3338	270.6099854
3339	270.6499939
3340	270.5700073
3341	270.6099854
3342	270.6099854
3343	270.6099854
3344	270.5700073
3345	270.6099854
3346	270.6700134
3347	270.6700134
3348	270.6300049
3349	270.6700134
3350	270.6900024
3351	270.6300049
3352	270.6099854
3353	270.5700073
3354	270.5899963
3355	270.5899963
3356	270.5899963
3357	270.6099854
3358	270.5299988
3359	270.5899963
3360	270.5700073
3361	270.5499878
3362	270.5499878
3363	270.5499878
3364	270.5700073
3365	270.5299988
3366	270.480011
3367	270.480011
3368	270.5
3369	270.480011
3370	270.4599915
3371	270.5299988
3372	270.5499878
3373	270.5299988
3374	270.5299988
3375	270.3999939
3376	270.4400024
3377	270.4599915
3378	270.5499878
3379	270.6099854
3380	270.6499939
3381	270.6499939
3382	270.5
3383	270.480011
3384	270.4400024
3385	270.5
3386	270.5299988
3387	270.6099854
3388	270.5499878
3389	270.6099854
3390	270.5700073
3391	270.5299988
3392	270.5700073
3393	270.5499878
3394	270.5700073
3395	270.5499878
3396	270.5700073
3397	270.6099854
3398	270.5899963
3399	270.5700073
3400	270.5299988
3401	270.5
3402	270.5299988
3403	270.5899963
3404	270.5499878
3405	270.6099854
3406	270.6099854
3407	270.480011
3408	270.5899963
3409	270.5899963
3410	270.6499939
3411	270.5899963
3412	270.8200073
3413	270.8200073
3414	271.2399902
3415	271.5100098
3416	271.7799988
3417	272.0499878
3418	272.2399902
3419	272.3200073
3420	272.6199951
3421	272.9100037
3422	273.3099976
3423	273.5599976
3424	273.8500061
3425	274.1600037
3426	274.2900085
3427	274.3699951
3428	274.7900085
3429	274.9200134
3430	275.1099854
3431	275.25
3432	275.3800049
3433	275.5400085
3434	275.5400085
3435	275.6300049
3436	275.75
3437	275.8200073
3438	275.8200073
3439	276.0299988
3440	276.0499878
3441	276.0700073
3442	276.1300049
3443	276.1499939
3444	276.1900024
3445	276.1900024
3446	276.3399963
3447	276.2999878
3448	276.3200073
3449	276.3399963
3450	276.5100098
3451	276.5499878
3452	276.5499878
3453	276.6700134
3454	276.7200012
3455	276.7399902
3456	276.7999878
3457	276.8599854
3458	276.8200073
3459	276.8200073
3460	276.7399902
3461	276.7399902
3462	276.7399902
3463	276.7600098
3464	276.8599854
3465	276.9500122
3466	276.9200134
3467	276.9200134
3468	276.8200073
3469	276.7999878
3470	276.8800049
3471	276.8800049
3472	276.9899902
3473	277.0299988
3474	277.1099854
3475	277.1300049
3476	277.1300049
3477	277.1300049
3478	277.2200012
3479	277.2399902
3480	277.1799927
3481	277.1099854
3482	277.2000122
3483	277.2000122
3484	277.2000122
3485	277.2799988
3486	277.2000122
3487	277.2200012
3488	277.1499939
3489	277.0700073
3490	277.1300049
3491	277.1499939
3492	277.3599854
3493	277.2799988
3494	277.2399902
3495	277.1099854
3496	277.1300049
3497	277.1099854
3498	277.1499939
3499	277.2399902
3500	277.2000122
3501	277.2200012
3502	277.2200012
3503	277.2000122
3504	277.2399902
3505	277.1300049
3506	277.1499939
3507	277.1499939
3508	277.1799927
3509	277.1799927
3510	277.2399902
3511	277.1300049
3512	277.1300049
3513	277.1499939
3514	277.1799927
3515	277.2600098
3516	277.2600098
3517	277.2999878
3518	277.3200073
3519	277.2999878
3520	277.2999878
3521	277.3399963
3522	277.2799988
3523	277.2799988
3524	277.2399902
3525	277.2399902
3526	277.2000122
3527	277.2600098
3528	277.2399902
3529	277.2999878
3530	277.3200073
3531	277.2799988
3532	277.2600098
3533	277.2600098
3534	277.2799988
3535	277.2000122
3536	277.2200012
3537	277.2600098
3538	277.2200012
3539	277.1499939
3540	277.2799988
3541	277.2399902
3542	277.3200073
3543	277.2000122
3544	277.1499939
3545	277.2200012
3546	277.2999878
3547	277.2999878
3548	277.2999878
3549	277.4100037
3550	277.3599854
3551	277.4100037
3552	277.4100037
3553	277.4100037
3554	277.3599854
3555	277.3599854
3556	277.3599854
3557	277.3900146
3558	277.2799988
3559	277.2399902
3560	277.2999878
3561	277.3200073
3562	277.3200073
3563	277.2600098
3564	277.2999878
3565	277.2999878
3566	277.2799988
3567	277.2999878
3568	277.2999878
3569	277.2799988
3570	277.2999878
3571	277.2999878
3572	277.2399902
3573	277.2399902
3574	277.2200012
3575	277.2999878
3576	277.2200012
3577	277.1799927
3578	277.1300049
3579	277.2000122
3580	277.2399902
3581	277.2999878
3582	277.3200073
3583	277.3200073
3584	277.3599854
3585	277.3200073
3586	277.2799988
3587	277.2799988
3588	277.4500122
3589	277.2399902
3590	276.9500122
3591	276.5100098
3592	276.1499939
3593	275.9400024
3594	275.9400024
3595	275.6700134
3596	275.5400085
3597	275.519989
3598	275.480011
3599	275.4400024
3600	275.269989
3601	275.25
3602	274.8999939
3603	274.7900085
3604	274.3099976
3605	273.519989
3606	272.2999878
3607	271.6499939
3608	271.0899963
3609	269.3099976
3610	268.7900085
3611	267.9500122
3612	267.2399902
3613	267.0299988
3614	266.8200073
3615	266.7399902
3616	266.8399963
3617	266.9100037
3618	267.1000061
3619	267.1000061
3620	267.5100098
3621	267.6199951
3622	267.7000122
3623	267.8900146
3624	268.0799866
3625	268.2000122
3626	268.2000122
3627	268.5
3628	268.6600037
3629	268.6600037
3630	268.7900085
3631	268.769989
3632	268.9200134
3633	268.9200134
3634	269.1700134
3635	269.25
3636	269.3099976
3637	269.5
3638	269.5599976
3639	269.6700134
3640	269.6099854
3641	269.769989
3642	269.7900085
3643	269.8399963
3644	269.8399963
3645	269.7900085
3646	269.769989
3647	269.8099976
3648	269.9200134
3649	269.9200134
3650	269.9200134
3651	269.980011
3652	270.019989
3653	270.019989
3654	270.0700073
3655	270
3656	270.0899963
3657	270.1300049
3658	270.1300049
3659	270.1099854
3660	270.1900024
3661	270.269989
3662	270.4200134
3663	270.3800049
3664	270.3399963
3665	270.3399963
3666	270.3399963
3667	270.3800049
3668	270.3999939
3669	270.480011
3670	270.4200134
3671	270.3800049
3672	270.3999939
3673	270.3999939
3674	270.480011
3675	270.5499878
3676	270.5899963
3677	270.6300049
3678	270.5899963
3679	270.5700073
3680	270.6099854
3681	270.5499878
3682	270.5700073
3683	270.5499878
3684	270.5700073
3685	270.5499878
3686	270.4599915
3687	270.5700073
3688	270.6499939
3689	270.7600098
3690	270.7600098
3691	270.6499939
3692	270.6700134
3693	270.730011
3694	270.6900024
3695	270.7099915
3696	270.7999878
3697	270.7999878
3698	270.7799988
3699	270.7099915
3700	270.730011
3701	270.6700134
3702	270.7099915
3703	270.6300049
3704	270.6300049
3705	270.6900024
3706	270.6700134
3707	270.6900024
3708	270.6900024
3709	270.6900024
3710	270.6300049
3711	270.6499939
3712	270.6700134
3713	270.6900024
3714	270.730011
3715	270.7999878
3716	270.8200073
3717	270.8399963
3718	270.8599854
3719	270.8999939
3720	270.9599915
3721	270.9599915
3722	270.8399963
3723	270.7799988
3724	270.7999878
3725	270.7600098
3726	270.7999878
3727	270.8399963
3728	270.7799988
3729	270.7799988
3730	270.7799988
3731	270.8200073
3732	270.8999939
3733	270.8999939
3734	270.8999939
3735	270.8999939
3736	270.8999939
3737	270.8399963
3738	270.8800049
3739	270.8999939
3740	270.9200134
3741	270.8599854
3742	270.8599854
3743	270.8200073
3744	270.9899902
3745	270.9200134
3746	270.9200134
3747	270.9200134
3748	270.8800049
3749	270.8599854
3750	270.8999939
3751	270.8399963
3752	270.9400024
3753	270.9400024
3754	270.8999939
3755	270.8800049
3756	270.7799988
3757	270.8399963
3758	270.8200073
3759	270.8800049
3760	270.9400024
3761	271.0299988
3762	270.8800049
3763	270.8599854
3764	270.8800049
3765	270.9899902
3766	270.9400024
3767	270.9400024
3768	270.9400024
3769	270.8999939
3770	270.9400024
3771	270.9899902
3772	271.0299988
3773	271.0299988
3774	270.9899902
3775	270.9899902
3776	270.8999939
3777	270.9599915
3778	270.9400024
3779	270.9400024
3780	270.9400024
3781	270.9599915
3782	270.9400024
3783	270.8800049
3784	270.9200134
3785	270.9400024
3786	270.9599915
3787	271.0499878
3788	271.0899963
3789	271.0700073
3790	270.8999939
3791	270.9899902
3792	271.0299988
3793	271.0100098
3794	271.0700073
3795	270.9899902
3796	270.9400024
3797	270.8999939
3798	270.8999939
3799	270.9200134
3800	270.9200134
3801	270.9899902
3802	271.0499878
3803	270.9899902
3804	271.0499878
3805	271.0899963
3806	271.0700073
3807	271.0700073
3808	271.1099854
3809	271.0899963
3810	271.1099854
3811	271.1300049
3812	271.0899963
3813	271.0899963
3814	271.0899963
3815	271.0700073
3816	271.1099854
3817	271.1300049
3818	271.1099854
3819	271.1900024
3820	271.1499939
3821	271.1900024
3822	271.1300049
3823	271.1300049
3824	271.1499939
3825	271.1700134
3826	271.1300049
3827	271.1099854
3828	271.0899963
3829	271.1300049
3830	271.1099854
3831	271.2200012
3832	271.2600098
3833	271.1900024
3834	271.2399902
3835	271.2200012
3836	271.1900024
3837	271.1499939
3838	271.1099854
3839	271.1099854
3840	271.0700073
3841	271.1300049
3842	271.1099854
3843	271.1900024
3844	271.1499939
3845	271.1099854
3846	271.1099854
3847	271.1099854
3848	271.1099854
3849	271.1300049
3850	271.1099854
3851	271.1300049
3852	271.2200012
3853	271.1900024
3854	271.1900024
3855	271.1700134
3856	271.0899963
3857	271.0299988
3858	271.0499878
3859	271.1300049
3860	271.0499878
3861	271.1099854
3862	271.0899963
3863	271.0700073
3864	271.0899963
3865	271.0499878
3866	271.0299988
3867	270.9899902
3868	271.0299988
3869	271.0499878
3870	271.0499878
3871	271.0499878
3872	271.1499939
3873	271.1900024
3874	271.1499939
3875	271.1700134
3876	271.0899963
3877	271.0899963
3878	271.0899963
3879	271.0499878
3880	270.9899902
3881	271.0700073
3882	271.0899963
3883	271.0100098
3884	271.1499939
3885	271.1499939
3886	271.5899963
3887	271.9500122
3888	272.1600037
3889	272.5799866
3890	272.7799988
3891	272.8099976
3892	272.9700012
3893	273.4500122
3894	273.6199951
3895	274
3896	274.3699951
3897	274.519989
3898	274.8800049
3899	275.019989
3900	275.2900085
3901	275.4599915
3902	275.6300049
3903	275.730011
3904	275.7999878
3905	275.9400024
3906	275.9599915
3907	276.1099854
3908	276.1499939
3909	276.230011
3910	276.230011
3911	276.3599854
3912	276.3999939
3913	276.4599915
3914	276.5700073
3915	276.5899963
3916	276.6900024
3917	276.6900024
3918	276.7200012
3919	276.8200073
3920	276.7799988
3921	276.7799988
3922	276.8200073
3923	276.8599854
3924	276.8999939
3925	276.8999939
3926	276.8599854
3927	276.9200134
3928	276.8599854
3929	276.8999939
3930	276.9200134
3931	277.0100098
3932	276.9899902
3933	277.0299988
3934	277.0100098
3935	276.9700012
3936	276.8599854
3937	277.0100098
3938	277.0299988
3939	277.0499878
3940	277.0899963
3941	277.1099854
3942	277.1099854
3943	277.1099854
3944	277.2000122
3945	277.1499939
3946	277.1099854
3947	277.1300049
3948	277.1499939
3949	277.1499939
3950	277.1300049
3951	277.0899963
3952	277.1300049
3953	277.2399902
3954	277.2999878
3955	277.3399963
3956	277.3399963
3957	277.3399963
3958	277.3900146
3959	277.3599854
3960	277.3599854
3961	277.4500122
3962	277.4100037
3963	277.3599854
3964	277.3900146
3965	277.4299927
3966	277.4299927
3967	277.4899902
3968	277.4700012
3969	277.4299927
3970	277.4500122
3971	277.3900146
3972	277.4100037
3973	277.3599854
3974	277.4100037
3975	277.3900146
3976	277.5100098
3977	277.4700012
3978	277.3900146
3979	277.3599854
3980	277.3900146
3981	277.3900146
3982	277.4899902
3983	277.4899902
3984	277.5299988
3985	277.5100098
3986	277.5100098
3987	277.5700073
3988	277.5700073
3989	277.5100098
3990	277.4299927
3991	277.4899902
3992	277.5100098
3993	277.5499878
3994	277.5299988
3995	277.5700073
3996	277.4899902
3997	277.4500122
3998	277.5899963
3999	277.5299988
4000	277.5299988
4001	277.5700073
4002	277.5700073
4003	277.4899902
4004	277.3599854
4005	277.4899902
4006	277.5499878
4007	277.5299988
4008	277.5499878
4009	277.5700073
4010	277.5100098
4011	277.4299927
4012	277.4899902
4013	277.5499878
4014	277.5700073
4015	277.6400146
4016	277.6400146
4017	277.4500122
4018	277.5299988
4019	277.5899963
4020	277.5899963
4021	277.7000122
4022	277.6799927
4023	277.7000122
4024	277.6799927
4025	277.5899963
4026	277.5100098
4027	277.5100098
4028	277.5700073
4029	277.6199951
4030	277.6199951
4031	277.6600037
4032	277.6199951
4033	277.6400146
4034	277.6199951
4035	277.7200012
4036	277.7200012
4037	277.6400146
4038	277.6799927
4039	277.7000122
4040	277.7200012
4041	277.7000122
4042	277.8200073
4043	277.7600098
4044	277.7000122
4045	277.6199951
4046	277.6799927
4047	277.7399902
4048	277.7399902
4049	277.7200012
4050	277.6799927
4051	277.6199951
4052	277.6199951
4053	277.6799927
4054	277.6799927
4055	277.6600037
4056	277.6400146
4057	277.5899963
4058	277.5899963
4059	277.5899963
4060	277.8699951
4061	277.8699951
4062	277.7799988
4063	277.4100037
4064	276.9500122
4065	276.5499878
4066	276.5499878
4067	276.0899963
4068	275.9400024
4069	275.8599854
4070	275.6900024
4071	275.6700134
4072	275.6300049
4073	275.6300049
4074	275.5700073
4075	275.3800049
4076	275.019989
4077	274.480011
4078	274.1900024
4079	273.4500122
4080	273.2399902
4081	272.7200012
4082	271.7200012
4083	270.4400024
4084	269.2900085
4085	268.8299866
4086	268.0599976
4087	267.8900146
4088	267.6400146
4089	267.6199951
4090	267.7000122
4091	267.7000122
4092	267.8299866
4093	268.019989
4094	268.0799866
4095	268.3099976
4096	268.4299927
4097	268.6600037
4098	268.6600037
4099	268.8299866
4100	269.019989
4101	269.019989
4102	269.0799866
4103	269.2900085
4104	269.3999939
4105	269.3999939
4106	269.6099854
4107	269.6099854
4108	269.6300049
4109	269.6700134
4110	269.6900024
4111	269.769989
4112	269.75
4113	269.980011
4114	269.9599915
4115	270.0400085
4116	270.1099854
4117	270.269989
4118	270.269989
4119	270.230011
4120	270.2099915
4121	270.230011
4122	270.1700134
4123	270.1700134
4124	270.230011
4125	270.2999878
4126	270.2999878
4127	270.3200073
4128	270.3200073
4129	270.269989
4130	270.269989
4131	270.4400024
4132	270.3800049
4133	270.5299988
4134	270.5299988
4135	270.5499878
4136	270.5
4137	270.5
4138	270.5899963
4139	270.5499878
4140	270.5700073
4141	270.5899963
4142	270.6099854
4143	270.7099915
4144	270.5899963
4145	270.6099854
4146	270.5299988
4147	270.5899963
4148	270.6300049
4149	270.6900024
4150	270.730011
4151	270.8200073
4152	270.8599854
4153	270.8200073
4154	270.8200073
4155	270.8800049
4156	270.8599854
4157	270.8200073
4158	270.8399963
4159	270.7999878
4160	270.7999878
4161	270.7799988
4162	270.7799988
4163	270.8200073
4164	270.8399963
4165	270.7799988
4166	270.8200073
4167	270.8200073
4168	270.8800049
4169	270.8800049
4170	270.9200134
4171	270.8200073
4172	270.8200073
4173	270.7600098
4174	270.7999878
4175	270.7999878
4176	270.8200073
4177	270.8800049
4178	270.8399963
4179	270.8200073
4180	270.8599854
4181	270.8999939
4182	270.8800049
4183	270.8599854
4184	270.8800049
4185	270.7999878
4186	270.7799988
4187	270.7999878
4188	270.8200073
4189	270.8800049
4190	270.8599854
4191	270.8399963
4192	270.7600098
4193	270.7999878
4194	270.7999878
4195	270.8800049
4196	270.8999939
4197	270.8999939
4198	270.9400024
4199	270.8800049
4200	270.8800049
4201	270.8800049
4202	271.0299988
4203	271.1099854
4204	271.1099854
4205	271.1700134
4206	271.2399902
4207	271.2200012
4208	271.2200012
4209	271.1700134
4210	271.1499939
4211	271.1900024
4212	271.0700073
4213	271.1099854
4214	271.1099854
4215	271.1099854
4216	271.1700134
4217	271.0899963
4218	271.0899963
4219	271.0700073
4220	271.1300049
4221	271.1700134
4222	271.1900024
4223	271.2999878
4224	271.2600098
4225	271.2600098
4226	271.1099854
4227	271.1700134
4228	271.1300049
4229	271.1499939
4230	271.1700134
4231	271.1700134
4232	271.2200012
4233	271.2200012
4234	271.2200012
4235	271.2399902
4236	271.2600098
4237	271.2799988
4238	271.2600098
4239	271.1900024
4240	271.1900024
4241	271.1499939
4242	271.2399902
4243	271.2600098
4244	271.2600098
4245	271.2999878
4246	271.3399963
4247	271.2999878
4248	271.2600098
4249	271.1700134
4250	271.2200012
4251	271.2399902
4252	271.2600098
4253	271.2799988
4254	271.3200073
4255	271.2600098
4256	271.2600098
4257	271.2799988
4258	271.3599854
4259	271.3999939
4260	271.3800049
4261	271.3599854
4262	271.2799988
4263	271.3399963
4264	271.2600098
4265	271.1900024
4266	271.2399902
4267	271.2399902
4268	271.2399902
4269	271.1700134
4270	271.1300049
4271	271.0499878
4272	271.0499878
4273	271.1499939
4274	271.1300049
4275	271.1499939
4276	271.1300049
4277	271.0899963
4278	271.1300049
4279	271.1300049
4280	271.2399902
4281	271.2600098
4282	271.1900024
4283	271.1900024
4284	271.2200012
4285	271.2799988
4286	271.1700134
4287	271.1700134
4288	271.1700134
4289	271.1700134
4290	271.1499939
4291	271.2200012
4292	271.1499939
4293	271.0899963
4294	271.2399902
4295	271.1700134
4296	271.1700134
4297	271.0899963
4298	271.2200012
4299	271.2200012
4300	271.1499939
4301	271.1900024
4302	271.1700134
4303	271.1900024
4304	271.1900024
4305	271.1900024
4306	271.1900024
4307	271.2399902
4308	271.1900024
4309	271.2200012
4310	271.2399902
4311	271.2399902
4312	271.2600098
4313	271.1900024
4314	271.1700134
4315	271.2200012
4316	271.2399902
4317	271.2799988
4318	271.3200073
4319	271.3999939
4320	271.3800049
4321	271.2799988
4322	271.3200073
4323	271.3200073
4324	271.3800049
4325	271.2999878
4326	271.3599854
4327	271.2999878
4328	271.2799988
4329	271.2799988
4330	271.2399902
4331	271.3399963
4332	271.3399963
4333	271.2799988
4334	271.1900024
4335	271.1499939
4336	271.1900024
4337	271.3200073
4338	271.3999939
4339	271.3200073
4340	271.3200073
4341	271.3399963
4342	271.3800049
4343	271.3800049
4344	271.3200073
4345	271.2799988
4346	271.2600098
4347	271.2999878
4348	271.2999878
4349	271.2999878
4350	271.2999878
4351	271.2399902
4352	271.2999878
4353	271.2799988
4354	271.3200073
4355	271.2799988
4356	271.2600098
4357	271.2200012
4358	271.3599854
4359	271.5299988
4360	271.9700012
4361	272.3900146
4362	272.6799927
4363	272.7799988
4364	272.8900146
4365	273.1199951
4366	273.1400146
4367	273.4299927
4368	273.7900085
4369	273.8699951
4370	274.230011
4371	274.3099976
4372	274.730011
4373	275.019989
4374	275.1300049
4375	275.1300049
4376	275.5
4377	275.6700134
4378	275.7099915
4379	275.75
4380	275.9200134
4381	276.0299988
4382	276.0299988
4383	276.2600098
4384	276.2999878
4385	276.3399963
4386	276.4599915
4387	276.5299988
4388	276.5700073
4389	276.5700073
4390	276.4899902
4391	276.5499878
4392	276.6300049
4393	276.7600098
4394	276.8599854
4395	276.8999939
4396	276.8599854
4397	276.8999939
4398	276.9500122
4399	277.1099854
4400	277.0899963
4401	277.0499878
4402	277.1300049
4403	277.0899963
4404	277.2200012
4405	277.2200012
4406	277.2399902
4407	277.1799927
4408	277.2399902
4409	277.2000122
4410	277.2600098
4411	277.2799988
4412	277.2799988
4413	277.2999878
4414	277.2999878
4415	277.3399963
4416	277.3900146
4417	277.3200073
4418	277.2399902
4419	277.2799988
4420	277.2600098
4421	277.2600098
4422	277.4100037
4423	277.5299988
4424	277.4899902
4425	277.4100037
4426	277.3200073
4427	277.4100037
4428	277.3900146
4429	277.3399963
4430	277.4100037
4431	277.4100037
4432	277.4899902
4433	277.4299927
4434	277.4100037
4435	277.4100037
4436	277.4500122
4437	277.5100098
4438	277.4899902
4439	277.4899902
4440	277.3900146
4441	277.4500122
4442	277.4299927
4443	277.5899963
4444	277.5899963
4445	277.5700073
4446	277.5700073
4447	277.5899963
4448	277.5499878
4449	277.5700073
4450	277.5700073
4451	277.6199951
4452	277.5299988
4453	277.5299988
4454	277.4299927
4455	277.4700012
4456	277.4299927
4457	277.5100098
4458	277.6199951
4459	277.6400146
4460	277.6400146
4461	277.5299988
4462	277.4100037
4463	277.5100098
4464	277.5299988
4465	277.5499878
4466	277.4500122
4467	277.4700012
4468	277.4700012
4469	277.4500122
4470	277.4100037
4471	277.4899902
4472	277.3900146
4473	277.5499878
4474	277.5499878
4475	277.4700012
4476	277.5499878
4477	277.4899902
4478	277.4299927
4479	277.4700012
4480	277.5100098
4481	277.4500122
4482	277.4700012
4483	277.4100037
4484	277.3599854
4485	277.3599854
4486	277.4500122
4487	277.4700012
4488	277.5100098
4489	277.5100098
4490	277.4700012
4491	277.5499878
4492	277.5499878
4493	277.4700012
4494	277.4700012
4495	277.5499878
4496	277.5299988
4497	277.5499878
4498	277.5499878
4499	277.5100098
4500	277.5299988
4501	277.4700012
4502	277.4899902
4503	277.5700073
4504	277.5899963
4505	277.5899963
4506	277.5499878
4507	277.4299927
4508	277.3599854
4509	277.3900146
4510	277.4100037
4511	277.4100037
4512	277.3900146
4513	277.4899902
4514	277.5299988
4515	277.5299988
4516	277.4899902
4517	277.4899902
4518	277.4700012
4519	277.5100098
4520	277.4500122
4521	277.4899902
4522	277.4500122
4523	277.4299927
4524	277.4299927
4525	277.5100098
4526	277.4700012
4527	277.4299927
4528	277.4299927
4529	277.4899902
4530	277.5499878
4531	277.5499878
4532	277.5100098
4533	277.4100037
4534	277.4700012
4535	277.3599854
4536	277.1300049
4537	276.9899902
4538	276.7600098
4539	276.2999878
4540	276.1499939
4541	275.8999939
4542	275.6700134
4543	275.6099854
4544	275.4200134
4545	275.3399963
4546	275.3599854
4547	275.3999939
4548	275.2099915
4549	275.0400085
4550	274.8299866
4551	274.4200134
4552	273.980011
4553	272.9899902
4554	271.9700012
4555	270.9899902
4556	270.9899902
4557	269.4400024
4558	268.6600037
4559	268.3099976
4560	267.7900085
4561	267.4500122
4562	267.3500061
4563	267.3500061
4564	267.3500061
4565	267.3699951
4566	267.4100037
4567	267.5100098
4568	267.6000061
4569	267.5599976
4570	267.7200012
4571	267.9100037
4572	268.0599976
4573	268.1799927
4574	268.4299927
4575	268.5
4576	268.6000061
4577	268.6400146
4578	268.769989
4579	268.9400024
4580	269.0400085
4581	269.230011
4582	269.2099915
4583	269.3299866
4584	269.4200134
4585	269.5
4586	269.5799866
4587	269.7099915
4588	269.75
4589	269.8399963
4590	269.8099976
4591	269.7900085
4592	269.8800049
4593	269.9400024
4594	270
4595	270
4596	270.0700073
4597	270.1700134
4598	270.1499939
4599	270.1700134
4600	270.1900024
4601	270.230011
4602	270.230011
4603	270.3200073
4604	270.3800049
4605	270.4400024
4606	270.5499878
4607	270.5299988
4608	270.5
4609	270.5499878
4610	270.5700073
4611	270.6900024
4612	270.6300049
4613	270.730011
4614	270.7600098
4615	270.7600098
4616	270.7799988
4617	270.7600098
4618	270.7099915
4619	270.6900024
4620	270.7099915
4621	270.6900024
4622	270.8599854
4623	270.8200073
4624	270.8399963
4625	270.8800049
4626	270.9200134
4627	270.9200134
4628	270.8800049
4629	270.7999878
4630	270.8599854
4631	270.8999939
4632	270.9400024
4633	270.8999939
4634	270.8999939
4635	270.9200134
4636	270.9400024
4637	271.0299988
4638	270.9599915
4639	270.9899902
4640	270.9400024
4641	270.9400024
4642	270.9200134
4643	270.8999939
4644	270.8800049
4645	270.9400024
4646	270.9400024
4647	270.9400024
4648	270.9899902
4649	271.0899963
4650	271.1499939
4651	271.1300049
4652	271.1499939
4653	271.2200012
4654	271.2200012
4655	271.2399902
4656	271.2200012
4657	271.2999878
4658	271.2600098
4659	271.1700134
4660	271.2600098
4661	271.2999878
4662	271.1700134
4663	271.1499939
4664	271.1499939
4665	271.2200012
4666	271.2200012
4667	271.2200012
4668	271.2200012
4669	271.1900024
4670	271.0899963
4671	271.1300049
4672	271.1499939
4673	271.1499939
4674	271.1099854
4675	271.1300049
4676	271.1499939
4677	271.1499939
4678	271.1700134
4679	271.1099854
4680	271.0700073
4681	271.1300049
4682	271.1499939
4683	271.2200012
4684	271.2600098
4685	271.2600098
4686	271.2200012
4687	271.2399902
4688	271.1300049
4689	271.1300049
4690	271.1700134
4691	271.1499939
4692	271.2200012
4693	271.1900024
4694	271.2399902
4695	271.2200012
4696	271.1700134
4697	271.1900024
4698	271.1900024
4699	271.2600098
4700	271.1700134
4701	271.1700134
4702	271.2200012
4703	271.2200012
4704	271.2200012
4705	271.2200012
4706	271.2600098
4707	271.2399902
4708	271.2399902
4709	271.2600098
4710	271.2600098
4711	271.2999878
4712	271.2999878
4713	271.3399963
4714	271.2799988
4715	271.2399902
4716	271.1700134
4717	271.1099854
4718	271.1099854
4719	271.0499878
4720	271.0899963
4721	271.1099854
4722	271.1300049
4723	271.2399902
4724	271.3200073
4725	271.4200134
4726	271.3399963
4727	271.2999878
4728	271.3399963
4729	271.2799988
4730	271.3200073
4731	271.2799988
4732	271.2399902
4733	271.1900024
4734	271.2200012
4735	271.2600098
4736	271.2999878
4737	271.2999878
4738	271.3200073
4739	271.3399963
4740	271.2799988
4741	271.2399902
4742	271.2600098
4743	271.2999878
4744	271.2999878
4745	271.2399902
4746	271.2399902
4747	271.2600098
4748	271.2799988
4749	271.2999878
4750	271.2999878
4751	271.2999878
4752	271.3399963
4753	271.3599854
4754	271.3399963
4755	271.3200073
4756	271.2999878
4757	271.3599854
4758	271.2799988
4759	271.2999878
4760	271.1900024
4761	271.1499939
4762	271.0899963
4763	271.0499878
4764	271.1300049
4765	271.2200012
4766	271.3200073
4767	271.2200012
4768	271.2999878
4769	271.2999878
4770	271.2799988
4771	271.2799988
4772	271.2999878
4773	271.3399963
4774	271.3800049
4775	271.3999939
4776	271.3999939
4777	271.3599854
4778	271.3399963
4779	271.3599854
4780	271.3599854
4781	271.3200073
4782	271.3200073
4783	271.3200073
4784	271.3200073
4785	271.3200073
4786	271.2999878
4787	271.2799988
4788	271.2799988
4789	271.2200012
4790	271.2799988
4791	271.2999878
4792	271.2999878
4793	271.3200073
4794	271.4200134
4795	271.4500122
4796	271.4500122
4797	271.4700012
4798	271.4500122
4799	271.3399963
4800	271.3999939
4801	271.5100098
4802	271.4700012
4803	271.4899902
4804	271.4700012
4805	271.4700012
4806	271.4500122
4807	271.3800049
4808	271.3800049
4809	271.4500122
4810	271.3800049
4811	271.4500122
4812	271.3800049
4813	271.3800049
4814	271.3399963
4815	271.3399963
4816	271.3599854
4817	271.4500122
4818	271.3800049
4819	271.3999939
4820	271.3999939
4821	271.3800049
4822	271.3599854
4823	271.4200134
4824	271.3599854
4825	271.3800049
4826	271.4200134
4827	271.3999939
4828	271.4899902
4829	271.4500122
4830	271.4700012
4831	271.4700012
4832	271.6099854
4833	272.0499878
4834	272.1400146
4835	272.4700012
4836	272.6199951
4837	272.9500122
4838	273.2000122
4839	273.3699951
4840	273.6799927
4841	273.8900146
4842	274.2099915
4843	274.3299866
4844	274.7099915
4845	275.0599976
4846	275.3599854
4847	275.3599854
4848	275.519989
4849	275.6099854
4850	275.730011
4851	275.8800049
4852	276
4853	276.1499939
4854	276.1499939
4855	276.1900024
4856	276.2999878
4857	276.4200134
4858	276.4899902
4859	276.5100098
4860	276.6099854
4861	276.5700073
4862	276.7200012
4863	276.7200012
4864	276.7600098
4865	276.8800049
4866	276.8599854
4867	276.8800049
4868	276.8800049
4869	276.9700012
4870	276.8800049
4871	277.0100098
4872	277.0499878
4873	277.0299988
4874	277.0700073
4875	277.0700073
4876	276.9200134
4877	276.9500122
4878	277.0100098
4879	277.0100098
4880	277.1499939
4881	277.1300049
4882	277.1799927
4883	277.1499939
4884	277.1799927
4885	277.2000122
4886	277.2000122
4887	277.3200073
4888	277.3399963
4889	277.3900146
4890	277.3399963
4891	277.3900146
4892	277.3900146
4893	277.3900146
4894	277.4100037
4895	277.3900146
4896	277.3900146
4897	277.4700012
4898	277.3599854
4899	277.3200073
4900	277.3200073
4901	277.4100037
4902	277.4299927
4903	277.4299927
4904	277.4299927
4905	277.3900146
4906	277.4100037
4907	277.4299927
4908	277.4100037
4909	277.4500122
4910	277.3900146
4911	277.4299927
4912	277.4500122
4913	277.5299988
4914	277.4899902
4915	277.4500122
4916	277.4500122
4917	277.4700012
4918	277.4700012
4919	277.4299927
4920	277.4899902
4921	277.4700012
4922	277.4500122
4923	277.4500122
4924	277.4500122
4925	277.4500122
4926	277.5700073
4927	277.6199951
4928	277.5299988
4929	277.5100098
4930	277.5499878
4931	277.5499878
4932	277.5299988
4933	277.5700073
4934	277.4700012
4935	277.4899902
4936	277.3900146
4937	277.5100098
4938	277.4500122
4939	277.4299927
4940	277.3599854
4941	277.3599854
4942	277.5700073
4943	277.6400146
4944	277.5700073
4945	277.6400146
4946	277.6199951
4947	277.5100098
4948	277.5100098
4949	277.4100037
4950	277.4100037
4951	277.4899902
4952	277.4500122
4953	277.4500122
4954	277.4700012
4955	277.5299988
4956	277.5700073
4957	277.5700073
4958	277.6600037
4959	277.7399902
4960	277.7600098
4961	277.7799988
4962	277.8200073
4963	277.8500061
4964	277.8500061
4965	277.9100037
4966	277.8200073
4967	277.7999878
4968	277.8200073
4969	277.8699951
4970	277.8500061
4971	277.8200073
4972	278.0100098
4973	277.9100037
4974	277.8699951
4975	277.8200073
4976	277.8500061
4977	277.8200073
4978	277.9299927
4979	277.9899902
4980	277.9100037
4981	277.9899902
4982	278.1000061
4983	278.0100098
4984	278.0100098
4985	277.9500122
4986	278.0499878
4987	278.0100098
4988	277.9700012
4989	277.9700012
4990	278.0100098
4991	277.9500122
4992	277.9899902
4993	277.8699951
4994	277.9500122
4995	277.9299927
4996	277.9299927
4997	277.9899902
4998	277.9299927
4999	277.9500122
5000	277.9299927
5001	277.9500122
5002	278.0499878
5003	278.0100098
5004	278.0299988
5005	278.0100098
5006	277.9899902
5007	277.9500122
5008	277.9500122
5009	277.8699951
5010	277.6799927
5011	277.0100098
5012	276.8599854
5013	276.5899963
5014	276.3200073
5015	276.230011
5016	276.0700073
5017	275.9200134
5018	275.8800049
5019	275.730011
5020	275.730011
5021	275.730011
5022	275.5400085
5023	275.3099976
5024	275.1700134
5025	274.6499939
5026	274.1199951
5027	273.3500061
5028	273.3500061
5029	271.5100098
5030	270.2999878
5031	269.769989
5032	268.8099976
5033	268.25
5034	267.8699951
5035	267.8699951
5036	267.5100098
5037	267.4100037
5038	267.4100037
5039	267.4299927
5040	267.5599976
5041	267.6600037
5042	267.7900085
5043	268.0599976
5044	268.1000061
5045	268.3099976
5046	268.5400085
5047	268.6900024
5048	268.9400024
5049	269.0599976
5050	269.3099976
5051	269.3500061
5052	269.519989
5053	269.6499939
5054	269.6700134
5055	269.6900024
5056	269.7099915
5057	269.8099976
5058	269.9599915
5059	270.0400085
5060	270.0400085
5061	270.1900024
5062	270.1499939
5063	270.2099915
5064	270.25
5065	270.269989
5066	270.25
5067	270.25
5068	270.3399963
5069	270.4400024
5070	270.480011
5071	270.5499878
5072	270.6300049
5073	270.5700073
5074	270.7099915
5075	270.7600098
5076	270.7600098
5077	270.7999878
5078	270.8599854
5079	270.9599915
5080	270.8999939
5081	270.9599915
5082	270.9200134
5083	270.8999939
5084	271.0100098
5085	271.0100098
5086	271.0100098
5087	271.0899963
5088	271.1099854
5089	271.1099854
5090	271.1099854
5091	271.1099854
5092	271.1099854
5093	271.1900024
5094	271.1900024
5095	271.2200012
5096	271.2399902
5097	271.1499939
5098	271.1099854
5099	271.1099854
5100	271.1300049
5101	271.1300049
5102	271.1300049
5103	271.1700134
5104	271.2799988
5105	271.2399902
5106	271.2399902
5107	271.2399902
5108	271.3200073
5109	271.2399902
5110	271.3800049
5111	271.3800049
5112	271.3399963
5113	271.4200134
5114	271.3399963
5115	271.3800049
5116	271.3800049
5117	271.2999878
5118	271.2999878
5119	271.3399963
5120	271.3200073
5121	271.3999939
5122	271.3800049
5123	271.3399963
5124	271.3399963
5125	271.3399963
5126	271.3399963
5127	271.3800049
5128	271.3999939
5129	271.5299988
5130	271.5499878
5131	271.5499878
5132	271.5100098
5133	271.4899902
5134	271.4899902
5135	271.5299988
5136	271.6099854
5137	271.6499939
5138	271.6499939
5139	271.6499939
5140	271.6499939
5141	271.6099854
5142	271.4899902
5143	271.4700012
5144	271.5299988
5145	271.5299988
5146	271.5499878
5147	271.5899963
5148	271.5299988
5149	271.6099854
5150	271.6499939
5151	271.6099854
5152	271.5499878
5153	271.5899963
5154	271.5899963
5155	271.6300049
5156	271.6300049
5157	271.6099854
5158	271.6799927
5159	271.5899963
5160	271.7200012
5161	271.7200012
5162	271.7200012
5163	271.6099854
5164	271.5899963
5165	271.6300049
5166	271.7000122
5167	271.7000122
5168	271.7000122
5169	271.6799927
5170	271.6799927
5171	271.5499878
5172	271.5899963
5173	271.6099854
5174	271.6499939
5175	271.6300049
5176	271.6300049
5177	271.6300049
5178	271.6799927
5179	271.7200012
5180	271.6099854
5181	271.6799927
5182	271.6099854
5183	271.6499939
5184	271.6300049
5185	271.7200012
5186	271.5700073
5187	271.5899963
5188	271.6499939
5189	271.7399902
5190	271.7200012
5191	271.6799927
5192	271.6099854
5193	271.6099854
5194	271.6099854
5195	271.5299988
5196	271.4899902
5197	271.5299988
5198	271.5299988
5199	271.4899902
5200	271.5299988
5201	271.5899963
5202	271.5899963
5203	271.6499939
5204	271.5899963
5205	271.7000122
5206	271.5899963
5207	271.6099854
5208	271.6799927
5209	271.6799927
5210	271.5499878
5211	271.5499878
5212	271.5899963
5213	271.5899963
5214	271.5499878
5215	271.6099854
5216	271.6099854
5217	271.5700073
5218	271.5499878
5219	271.5100098
5220	271.6300049
5221	271.6300049
5222	271.6799927
5223	271.6499939
5224	271.7600098
5225	271.7600098
5226	271.8399963
5227	271.7799988
5228	271.7200012
5229	271.6499939
5230	271.6499939
5231	271.6499939
5232	271.5499878
5233	271.5299988
5234	271.5100098
5235	271.5299988
5236	271.5499878