1	272.0299988
2	271.9899902
3	271.9899902
4	272.0100098
5	272.0100098
6	271.9899902
7	272.0100098
8	271.9700012
9	272.0100098
10	272.1099854
11	272.1799927
12	272.2000122
13	272.0899963
14	272.0499878
15	272.0100098
16	272.0100098
17	272.0299988
18	271.9899902
19	271.9700012
20	271.9500122
21	271.9700012
22	271.9500122
23	271.9700012
24	272.0499878
25	271.9899902
26	272.0299988
27	272.0499878
28	272.0100098
29	271.8599854
30	271.9299927
31	272.0299988
32	271.9899902
33	271.9899902
34	271.9299927
35	271.7399902
36	271.7000122
37	271.7000122
38	271.8800049
39	271.9299927
40	271.9100037
41	271.9100037
42	271.9899902
43	271.9500122
44	271.9500122
45	271.9500122
46	271.9899902
47	272.0499878
48	271.9500122
49	271.8399963
50	271.8399963
51	271.8200073
52	271.7999878
53	271.7799988
54	271.8800049
55	272.0299988
56	272.0299988
57	272.0100098
58	271.9899902
59	272.1799927
60	272.1600037
61	272.1600037
62	272.1400146
63	272.0700073
64	272.0700073
65	272.1099854
66	272.1400146
67	272.2600098
68	272.2200012
69	272.2200012
70	272.2200012
71	272.1799927
72	272.1400146
73	272.0700073
74	271.9899902
75	271.9899902
76	271.9899902
77	271.9299927
78	271.8800049
79	271.9500122
80	271.9700012
81	271.9500122
82	271.9700012
83	271.9700012
84	272.0100098
85	271.9299927
86	271.8800049
87	271.8599854
88	271.8200073
89	271.8599854
90	271.7999878
91	271.7600098
92	271.8599854
93	271.9299927
94	272.0499878
95	272.0499878
96	272.0100098
97	272.0899963
98	272.3900146
99	272.8099976
100	273.269989
101	273.7000122
102	273.9100037
103	274.1199951
104	274.1000061
105	274.3500061
106	274.6499939
107	275.1300049
108	275.1300049
109	275.5700073
110	276.0700073
111	276.2600098
112	276.8200073
113	277.2999878
114	277.6799927
115	277.6799927
116	278.1000061
117	278.2000122
118	278.2799988
119	278.3099976
120	278.4500122
121	278.4700012
122	278.5599976
123	278.6199951
124	278.6799927
125	278.8299866
126	279.019989
127	279.1199951
128	279.1799927
129	279.25
130	279.3500061
131	279.4100037
132	279.480011
133	279.5799866
134	279.6900024
135	279.7099915
136	279.730011
137	279.6900024
138	279.6600037
139	279.8500061
140	279.8500061
141	279.9599915
142	279.9599915
143	279.9599915
144	280.0799866
145	280.019989
146	279.9599915
147	279.9599915
148	279.9200134
149	280.019989
150	280.0400085
151	279.9599915
152	280.019989
153	280.0400085
154	280.0400085
155	280.0599976
156	280.1199951
157	280.1499939
158	280.1499939
159	280.2099915
160	280.269989
161	280.269989
162	280.269989
163	280.3299866
164	280.2900085
165	280.3500061
166	280.3299866
167	280.3099976
168	280.3099976
169	280.3299866
170	280.3099976
171	280.4200134
172	280.4200134
173	280.3500061
174	280.25
175	280.2900085
176	280.2900085
177	280.25
178	280.2099915
179	280.2099915
180	280.3999939
181	280.3500061
182	280.3299866
183	280.269989
184	280.230011
185	280.230011
186	280.230011
187	280.25
188	280.3099976
189	280.269989
190	280.1900024
191	280.25
192	280.230011
193	280.2099915
194	280.2900085
195	280.3500061
196	280.3500061
197	280.3800049
198	280.269989
199	280.3800049
200	280.3099976
201	280.2900085
202	280.3500061
203	280.3500061
204	280.3099976
205	280.25
206	280.2900085
207	280.3299866
208	280.269989
209	280.1900024
210	280.230011
211	280.230011
212	280.2900085
213	280.3099976
214	280.269989
215	280.3299866
216	280.269989
217	280.2900085
218	280.2900085
219	280.3299866
220	280.3299866
221	280.3099976
222	280.2900085
223	280.25
224	280.230011
225	280.230011
226	280.3099976
227	280.3500061
228	280.3800049
229	280.4400024
230	280.480011
231	280.4400024
232	280.4400024
233	280.269989
234	280.3299866
235	280.3299866
236	280.3500061
237	280.3500061
238	280.480011
239	280.4400024
240	280.269989
241	280.2099915
242	280.230011
243	280.3099976
244	280.2900085
245	280.1700134
246	280.230011
247	280.230011
248	280.269989
249	280.230011
250	280.230011
251	280.2900085
252	280.3999939
253	280.3500061
254	280.3999939
255	280.480011
256	280.3999939
257	280.3999939
258	280.2900085
259	280.2099915
260	280.269989
261	280.3299866
262	280.3299866
263	280.25
264	280.3099976
265	280.3099976
266	280.3800049
267	280.3500061
268	280.3299866
269	280.2900085
270	280.269989
271	280.3099976
272	280.230011
273	280.2099915
274	280.0799866
275	279.6400146
276	279.3099976
277	278.769989
278	278.6199951
279	278.3299866
280	278.0799866
281	277.8900146
282	277.8900146
283	277.5299988
284	277.4500122
285	277.4500122
286	277.6799927
287	277.6199951
288	277.3900146
289	277.3900146
290	276.7399902
291	276.0499878
292	275.5400085
293	274.3299866
294	272.9899902
295	271.6499939
296	271.6499939
297	269.6700134
298	268.3500061
299	267.7399902
300	266.7000122
301	265.8999939
302	265.7799988
303	265.4899902
304	265.4599915
305	265.3800049
306	265.5299988
307	265.6900024
308	265.9700012
309	266.0299988
310	266.1799927
311	266.6799927
312	266.7600098
313	266.9899902
314	267.2200012
315	267.3500061
316	267.6400146
317	267.769989
318	268.0799866
319	268.3299866
320	268.6000061
321	268.6000061
322	269.0400085
323	269.25
324	269.3299866
325	269.4599915
326	269.6300049
327	269.6700134
328	269.6700134
329	269.9400024
330	270.0400085
331	270.0899963
332	270.1499939
333	270.230011
334	270.1900024
335	270.25
336	270.5
337	270.5700073
338	270.5700073
339	270.6900024
340	270.6900024
341	270.7600098
342	270.8200073
343	270.7999878
344	270.7099915
345	270.7099915
346	270.8800049
347	270.8999939
348	270.9400024
349	270.9899902
350	270.9400024
351	270.9599915
352	270.9400024
353	270.9599915
354	270.8800049
355	270.8800049
356	270.8999939
357	270.9400024
358	271.0100098
359	271.0700073
360	271.0700073
361	271.0499878
362	271.1099854
363	271.1700134
364	271.1700134
365	271.1700134
366	271.1499939
367	271.1499939
368	271.2600098
369	271.2999878
370	271.2600098
371	271.4500122
372	271.4200134
373	271.4500122
374	271.4700012
375	271.5100098
376	271.5100098
377	271.5499878
378	271.3599854
379	271.3399963
380	271.2600098
381	271.2999878
382	271.3200073
383	271.3800049
384	271.3800049
385	271.3399963
386	271.3800049
387	271.4500122
388	271.5700073
389	271.4500122
390	271.5299988
391	271.4700012
392	271.4700012
393	271.4700012
394	271.6499939
395	271.7799988
396	271.7600098
397	271.7399902
398	271.7600098
399	271.7600098
400	271.7000122
401	271.7399902
402	271.7600098
403	271.8399963
404	271.7399902
405	271.7399902
406	271.7399902
407	271.7399902
408	271.7600098
409	271.7399902
410	271.7399902
411	271.7399902
412	271.7999878
413	271.8200073
414	271.8599854
415	271.7799988
416	271.7399902
417	271.7999878
418	271.7999878
419	271.9299927
420	271.8599854
421	271.9100037
422	271.8599854
423	271.9299927
424	271.9100037
425	271.8800049
426	271.8800049
427	271.9899902
428	272.0100098
429	271.9100037
430	271.9100037
431	271.9100037
432	271.7999878
433	271.8399963
434	271.8200073
435	271.8599854
436	271.8599854
437	271.7799988
438	271.7799988
439	271.8399963
440	271.8200073
441	271.8200073
442	271.8599854
443	271.7799988
444	271.7799988
445	271.7799988
446	271.8800049
447	271.9299927
448	271.7999878
449	271.7799988
450	271.7399902
451	271.7999878
452	271.8599854
453	272.0499878
454	272.0100098
455	271.9700012
456	271.8800049
457	271.9100037
458	272.0100098
459	271.9899902
460	272.0499878
461	272.0700073
462	271.9299927
463	271.9299927
464	271.8800049
465	271.9500122
466	272.0299988
467	272.0499878
468	271.9899902
469	271.8399963
470	271.8399963
471	271.6300049
472	271.5100098
473	271.6099854
474	271.7600098
475	271.7600098
476	271.8399963
477	271.8399963
478	272.0299988
479	272.0499878
480	272.1799927
481	272.0700073
482	272.0499878
483	272.0499878
484	272.0299988
485	272.0100098
486	272.0700073
487	272.0499878
488	272.0299988
489	272.0100098
490	271.9899902
491	272.0100098
492	271.8599854
493	271.8399963
494	271.8599854
495	271.9899902
496	271.9700012
497	272.0299988
498	271.9899902
499	272.0100098
500	272.0100098
501	272.0499878
502	272.0499878
503	271.9899902
504	271.9500122
505	271.9899902
506	271.9700012
507	271.9100037
508	271.9299927
509	271.9299927
510	271.9299927
511	271.9700012
512	272.0299988
513	272.1400146
514	272.1099854
515	272.1099854
516	271.9899902
517	271.9500122
518	271.9299927
519	271.9100037
520	271.7799988
521	271.7600098
522	271.7600098
523	271.7999878
524	271.7200012
525	271.7000122
526	271.8399963
527	271.8399963
528	271.7799988
529	271.9899902
530	271.9700012
531	272.0700073
532	272.1799927
533	272.1799927
534	272.1799927
535	272.0700073
536	272.2399902
537	272.2000122
538	272.2600098
539	272.2799988
540	272.2600098
541	272.2600098
542	272.1400146
543	272.2399902
544	272.2600098
545	272.2000122
546	272.1799927
547	272.0100098
548	272.0100098
549	271.9500122
550	271.9100037
551	271.9700012
552	271.8599854
553	271.9100037
554	271.9700012
555	271.9700012
556	271.9299927
557	271.9700012
558	271.9500122
559	272.0700073
560	271.9899902
561	272.0299988
562	271.9899902
563	272.0700073
564	271.9899902
565	272.0299988
566	272.0499878
567	272.0899963
568	271.9700012
569	272.0499878
570	272.1799927
571	272.4500122
572	272.7399902
573	272.7399902
574	273.3099976
575	273.6600037
576	273.8099976
577	273.980011
578	274.3699951
579	274.75
580	274.75
581	275.3599854
582	275.8399963
583	276.0299988
584	276.6099854
585	277.0100098
586	277.1799927
587	277.3399963
588	277.7399902
589	277.9299927
590	278.1600037
591	278.5100098
592	278.5799866
593	278.6199951
594	278.5599976
595	278.8500061
596	278.8699951
597	278.9700012
598	279.0599976
599	279.0400085
600	279.1000061
601	279.1199951
602	279.2900085
603	279.3900146
604	279.519989
605	279.5
606	279.5
607	279.6199951
608	279.5799866
609	279.730011
610	279.7900085
611	279.769989
612	279.769989
613	279.7099915
614	279.7900085
615	279.8099976
616	279.7900085
617	279.7900085
618	279.7900085
619	279.7900085
620	279.7900085
621	279.75
622	279.8099976
623	279.8900146
624	279.8900146
625	279.8699951
626	279.9200134
627	280.019989
628	280
629	280.0599976
630	280.1000061
631	280.1000061
632	280.0599976
633	279.9599915
634	280.0599976
635	280.019989
636	280.1000061
637	280.1199951
638	280.1000061
639	280.1000061
640	280.1000061
641	280.1199951
642	280.0799866
643	280.2099915
644	280.2099915
645	280.1900024
646	280.1499939
647	280.1000061
648	280.0400085
649	280.1700134
650	280.2099915
651	280.2099915
652	280.3299866
653	280.1700134
654	280.1499939
655	280.2099915
656	280.0799866
657	280.1700134
658	280.1700134
659	280.1499939
660	280.0599976
661	280.1499939
662	280.1900024
663	280.3800049
664	280.230011
665	280.3099976
666	280.2900085
667	280.269989
668	280.3099976
669	280.3800049
670	280.3500061
671	280.3099976
672	280.269989
673	280.230011
674	280.2099915
675	280.2099915
676	280.2099915
677	280.1700134
678	280.1000061
679	280.1199951
680	280.2900085
681	280.3299866
682	280.3099976
683	280.3099976
684	280.269989
685	280.3500061
686	280.3500061
687	280.3800049
688	280.5
689	280.4599915
690	280.4599915
691	280.480011
692	280.3099976
693	280.269989
694	280.25
695	280.269989
696	280.3099976
697	280.3299866
698	280.3800049
699	280.4200134
700	280.4200134
701	280.4200134
702	280.4400024
703	280.4400024
704	280.4200134
705	280.230011
706	280.269989
707	280.25
708	280.3299866
709	280.3800049
710	280.269989
711	280.2099915
712	280.3099976
713	280.25
714	280.230011
715	280.230011
716	280.269989
717	280.3299866
718	280.269989
719	280.2099915
720	280.25
721	280.230011
722	280.230011
723	280.3800049
724	280.480011
725	280.3800049
726	280.3500061
727	280.3500061
728	280.3800049
729	280.3800049
730	280.269989
731	280.230011
732	280.230011
733	280.1900024
734	280.1199951
735	280.1700134
736	280.2099915
737	280.269989
738	280.269989
739	280.25
740	280.2099915
741	280.3099976
742	280.3999939
743	280.3999939
744	280.3800049
745	280.3800049
746	280.3500061
747	280.1000061
748	280.0400085
749	279.5
750	279.25
751	278.6600037
752	278.2799988
753	277.9700012
754	277.9700012
755	277.6600037
756	277.5299988
757	277.5299988
758	277.5299988
759	277.4100037
760	277.4100037
761	277.4100037
762	277.0899963
763	276.8800049
764	276.6499939
765	275.8200073
766	274.6700134
767	274.0799866
768	273.4299927
769	271.3800049
770	270.6099854
771	269.25
772	267.8900146
773	266.8699951
774	266.4299927
775	266.1300049
776	265.2999878
777	265.2099915
778	265.0700073
779	265.1300049
780	265.1900024
781	265.3800049
782	265.4899902
783	265.6099854
784	265.9700012
785	266.2600098
786	266.2600098
787	266.7200012
788	267.1600037
789	267.3500061
790	267.6600037
791	268.0400085
792	268.1799927
793	268.1799927
794	268.4100037
795	268.5799866
796	268.6199951
797	268.6400146
798	268.730011
799	268.8699951
800	268.8699951
801	269.1700134
802	269.3500061
803	269.4400024
804	269.6700134
805	269.8399963
806	269.8999939
807	269.9200134
808	270.0700073
809	270.0899963
810	270.1499939
811	270.1900024
812	270.1700134
813	270.230011
814	270.269989
815	270.5499878
816	270.6099854
817	270.6099854
818	270.5299988
819	270.5299988
820	270.4599915
821	270.5
822	270.6900024
823	270.7099915
824	270.8200073
825	270.8200073
826	270.8399963
827	270.9200134
828	270.9200134
829	270.8999939
830	270.8800049
831	270.8599854
832	270.8599854
833	270.8399963
834	270.7600098
835	270.730011
836	270.7999878
837	270.9200134
838	270.9400024
839	271.0100098
840	271.0499878
841	271.1700134
842	271.1300049
843	271.0700073
844	271.0299988
845	270.9899902
846	270.9200134
847	270.9200134
848	270.8999939
849	270.9200134
850	271.1099854
851	271.1099854
852	271.1300049
853	271.1700134
854	271.1099854
855	271.1900024
856	271.1700134
857	271.1700134
858	271.2399902
859	271.2399902
860	271.2399902
861	271.2799988
862	271.2799988
863	271.2799988
864	271.2799988
865	271.3399963
866	271.3399963
867	271.3599854
868	271.2200012
869	271.3200073
870	271.2799988
871	271.2799988
872	271.2399902
873	271.1700134
874	271.1499939
875	271.0899963
876	271.1499939
877	271.1900024
878	271.0700073
879	271.0700073
880	270.9899902
881	270.9400024
882	271.0700073
883	271.2399902
884	271.3200073
885	271.3599854
886	271.3599854
887	271.2799988
888	271.1900024
889	271.1900024
890	271.0299988
891	271.0700073
892	271.0899963
893	271.1300049
894	271.0700073
895	271.1900024
896	271.1900024
897	271.2399902
898	271.3200073
899	271.2600098
900	271.2600098
901	271.1499939
902	271.1099854
903	271.1099854
904	271.0700073
905	271.2399902
906	271.2999878
907	271.3200073
908	271.3999939
909	271.4500122
910	271.3800049
911	271.5100098
912	271.5100098
913	271.5100098
914	271.5299988
915	271.5100098
916	271.4500122
917	271.4700012
918	271.5100098
919	271.5299988
920	271.6099854
921	271.5100098
922	271.5100098
923	271.3999939
924	271.3800049
925	271.2799988
926	271.2799988
927	271.2999878
928	271.2999878
929	271.2999878
930	271.2999878
931	271.2200012
932	271.2799988
933	271.3399963
934	271.3200073
935	271.3200073
936	271.3999939
937	271.4500122
938	271.4500122
939	271.4200134
940	271.5299988
941	271.6499939
942	271.6499939
943	271.6799927
944	271.6099854
945	271.5899963
946	271.5499878
947	271.5499878
948	271.5299988
949	271.5299988
950	271.5899963
951	271.6300049
952	271.5700073
953	271.4899902
954	271.4700012
955	271.4500122
956	271.5899963
957	271.5499878
958	271.5100098
959	271.4500122
960	271.4700012
961	271.4899902
962	271.5100098
963	271.3999939
964	271.3200073
965	271.3399963
966	271.2999878
967	271.2999878
968	271.3399963
969	271.2999878
970	271.2999878
971	271.2399902
972	271.2799988
973	271.2200012
974	271.2200012
975	271.2399902
976	271.2399902
977	271.2399902
978	271.2999878
979	271.3200073
980	271.2799988
981	271.2799988
982	271.1499939
983	271.1700134
984	271.1300049
985	271.1099854
986	271.0899963
987	271.1300049
988	271.1099854
989	271.1099854
990	271.0299988
991	271.0700073
992	271.0299988
993	271.0499878
994	271.1099854
995	271.0100098
996	270.8599854
997	270.8200073
998	270.8200073
999	270.8399963
1000	270.7999878
1001	271.0299988
1002	271.1499939
1003	271.2799988
1004	271.2399902
1005	271.1700134
1006	271.1700134
1007	271.2799988
1008	271.3399963
1009	271.2999878
1010	271.2799988
1011	271.2799988
1012	271.2399902
1013	271.2399902
1014	271.2399902
1015	271.1499939
1016	271.0899963
1017	271.1499939
1018	271.1900024
1019	271.1300049
1020	271.1300049
1021	271.0899963
1022	271.1099854
1023	271.0100098
1024	271.0100098
1025	271.0899963
1026	271.0299988
1027	271.0499878
1028	271.0700073
1029	271.0899963
1030	271.1700134
1031	271.3200073
1032	271.3200073
1033	271.2799988
1034	271.2999878
1035	271.2799988
1036	271.2399902
1037	271.1700134
1038	271.1700134
1039	271.1300049
1040	271.0700073
1041	270.9599915
1042	271.0100098
1043	270.9899902
1044	271.1300049
1045	271.1300049
1046	271.5499878
1047	271.9299927
1048	272.1600037
1049	272.7000122
1050	272.9500122
1051	273.3099976
1052	273.3099976
1053	273.75
1054	274.2900085
1055	274.6499939
1056	275.1499939
1057	275.5700073
1058	275.7999878
1059	275.9400024
1060	276.6499939
1061	276.7799988
1062	277.0700073
1063	277.2600098
1064	277.4100037
1065	277.6600037
1066	277.7000122
1067	277.9299927
1068	277.9299927
1069	278.0799866
1070	278.1400146
1071	278.1400146
1072	278.2600098
1073	278.3500061
1074	278.5100098
1075	278.6199951
1076	278.7000122
1077	278.7000122
1078	278.8900146
1079	279.019989
1080	278.9500122
1081	279.019989
1082	278.9700012
1083	279.1000061
1084	279.1000061
1085	279.230011
1086	279.230011
1087	279.2000122
1088	279.2000122
1089	279.25
1090	279.25
1091	279.3099976
1092	279.4599915
1093	279.5
1094	279.519989
1095	279.6000061
1096	279.519989
1097	279.5
1098	279.5599976
1099	279.5599976
1100	279.6199951
1101	279.6400146
1102	279.5599976
1103	279.519989
1104	279.6600037
1105	279.6900024
1106	279.730011
1107	279.75
1108	279.769989
1109	279.769989
1110	279.7099915
1111	279.7099915
1112	279.769989
1113	279.6400146
1114	279.6600037
1115	279.730011
1116	279.730011
1117	279.75
1118	279.730011
1119	279.769989
1120	279.8299866
1121	279.8099976
1122	279.8299866
1123	279.8299866
1124	279.9400024
1125	279.9400024
1126	279.9400024
1127	279.8699951
1128	279.769989
1129	279.7900085
1130	279.8900146
1131	279.8699951
1132	279.8699951
1133	279.8699951
1134	279.9400024
1135	279.8299866
1136	279.7900085
1137	279.8099976
1138	279.769989
1139	279.9200134
1140	279.9200134
1141	279.9400024
1142	279.9200134
1143	279.9200134
1144	279.9200134
1145	279.8699951
1146	279.9200134
1147	279.8500061
1148	279.8500061
1149	279.9200134
1150	279.8699951
1151	279.9200134
1152	279.9400024
1153	279.8699951
1154	279.8099976
1155	279.8099976
1156	279.8900146
1157	280
1158	280
1159	280
1160	280.1199951
1161	280.1000061
1162	280.1000061
1163	280.0599976
1164	280.1199951
1165	280.1199951
1166	280
1167	279.980011
1168	280.0400085
1169	280.0599976
1170	280.0599976
1171	280.019989
1172	280.1000061
1173	280.1499939
1174	280
1175	279.8699951
1176	279.8299866
1177	279.769989
1178	279.8099976
1179	279.8900146
1180	279.9400024
1181	279.9599915
1182	279.9599915
1183	279.9400024
1184	280
1185	280.1000061
1186	280.0400085
1187	280.0400085
1188	280.0799866
1189	280.0799866
1190	280.1499939
1191	280.0799866
1192	280.0400085
1193	280.2099915
1194	280.2099915
1195	280.230011
1196	280.230011
1197	280.1199951
1198	280.1700134
1199	280
1200	280.0400085
1201	279.980011
1202	279.9400024
1203	279.9200134
1204	279.980011
1205	280.0400085
1206	280.1000061
1207	280.1000061
1208	280.0599976
1209	280.1700134
1210	280.1700134
1211	280.230011
1212	280.25
1213	280.230011
1214	280.269989
1215	280.1900024
1216	280.2099915
1217	280.1700134
1218	280.1900024
1219	280.1900024
1220	280.0400085
1221	279.8299866
1222	279.5799866
1223	279.0799866
1224	278.6600037
1225	278.2799988
1226	278.2799988
1227	278.0100098
1228	277.8699951
1229	277.7799988
1230	277.7000122
1231	277.5899963
1232	277.6799927
1233	277.6799927
1234	277.4500122
1235	277.0299988
1236	276.8200073
1237	276.2999878
1238	275.6300049
1239	275.019989
1240	274.3699951
1241	271.4500122
1242	270.5700073
1243	268.9400024
1244	267.4899902
1245	266.8900146
1246	265.8599854
1247	265.4400024
1248	264.769989
1249	264.3099976
1250	264.019989
1251	264.019989
1252	264
1253	264.1900024
1254	264.269989
1255	264.4200134
1256	264.6099854
1257	265.0499878
1258	265.0499878
1259	265.6499939
1260	266.0700073
1261	266.2000122
1262	266.5499878
1263	266.7999878
1264	267.1000061
1265	267.1000061
1266	267.3900146
1267	267.6400146
1268	267.769989
1269	268.1600037
1270	268.519989
1271	268.6400146
1272	268.6900024
1273	268.730011
1274	268.769989
1275	268.8900146
1276	269.0599976
1277	269.1199951
1278	269.1900024
1279	269.2900085
1280	269.519989
1281	269.5799866
1282	269.6900024
1283	269.8099976
1284	269.8599854
1285	270.0400085
1286	270.0899963
1287	270.230011
1288	270.3200073
1289	270.3200073
1290	270.3200073
1291	270.1099854
1292	270.0700073
1293	270.1300049
1294	270.1499939
1295	270.4200134
1296	270.6300049
1297	270.6300049
1298	270.480011
1299	270.4400024
1300	270.5
1301	270.480011
1302	270.6700134
1303	270.6499939
1304	270.6499939
1305	270.7600098
1306	270.730011
1307	270.7099915
1308	270.730011
1309	270.7600098
1310	270.7799988
1311	270.7600098
1312	270.730011
1313	270.7999878
1314	270.8200073
1315	270.9200134
1316	270.8999939
1317	271.0100098
1318	271.0700073
1319	271.0499878
1320	271.0499878
1321	270.9899902
1322	271.0299988
1323	270.9899902
1324	271.0100098
1325	271.0100098
1326	271.0299988
1327	271.1700134
1328	271.2600098
1329	271.2600098
1330	271.3200073
1331	271.2999878
1332	271.2200012
1333	271.3200073
1334	271.3599854
1335	271.3800049
1336	271.3800049
1337	271.3399963
1338	271.3800049
1339	271.3999939
1340	271.4700012
1341	271.5299988
1342	271.5100098
1343	271.4899902
1344	271.4700012
1345	271.5899963
1346	271.5899963
1347	271.5700073
1348	271.5899963
1349	271.6499939
1350	271.7200012
1351	271.6499939
1352	271.6499939
1353	271.4500122
1354	271.4200134
1355	271.3800049
1356	271.4200134
1357	271.4200134
1358	271.3999939
1359	271.4500122
1360	271.3599854
1361	271.3599854
1362	271.4700012
1363	271.4500122
1364	271.4899902
1365	271.5100098
1366	271.6099854
1367	271.5100098
1368	271.5100098
1369	271.1900024
1370	271.1300049
1371	271.1499939
1372	271.1700134
1373	271.2600098
1374	271.4700012
1375	271.4700012
1376	271.4700012
1377	271.4200134
1378	271.3800049
1379	271.3200073
1380	271.2799988
1381	271.2799988
1382	271.2999878
1383	271.4700012
1384	271.3599854
1385	271.3200073
1386	271.2799988
1387	271.2799988
1388	271.2999878
1389	271.2799988
1390	271.2999878
1391	271.3200073
1392	271.4500122
1393	271.3399963
1394	271.4200134
1395	271.4200134
1396	271.4200134
1397	271.3999939
1398	271.3599854
1399	271.3399963
1400	271.3399963
1401	271.2600098
1402	271.2799988
1403	271.3200073
1404	271.3599854
1405	271.2200012
1406	271.2200012
1407	271.2200012
1408	271.2200012
1409	271.3399963
1410	271.3599854
1411	271.4899902
1412	271.4500122
1413	271.4500122
1414	271.4700012
1415	271.5700073
1416	271.5899963
1417	271.5100098
1418	271.5299988
1419	271.5499878
1420	271.5299988
1421	271.5700073
1422	271.5899963
1423	271.4899902
1424	271.5299988
1425	271.4700012
1426	271.4899902
1427	271.5100098
1428	271.5100098
1429	271.5299988
1430	271.6099854
1431	271.6499939
1432	271.6099854
1433	271.6300049
1434	271.6099854
1435	271.5899963
1436	271.5499878
1437	271.6499939
1438	271.6099854
1439	271.6099854
1440	271.5100098
1441	271.5499878
1442	271.5899963
1443	271.5700073
1444	271.5899963
1445	271.4200134
1446	271.4200134
1447	271.3200073
1448	271.3200073
1449	271.3800049
1450	271.4700012
1451	271.5299988
1452	271.5100098
1453	271.6300049
1454	271.5700073
1455	271.5100098
1456	271.4500122
1457	271.4200134
1458	271.4200134
1459	271.4500122
1460	271.3599854
1461	271.1700134
1462	271.1700134
1463	271.0899963
1464	271.1499939
1465	271.1700134
1466	271.3800049
1467	271.4899902
1468	271.5299988
1469	271.4200134
1470	271.4500122
1471	271.4500122
1472	271.5899963
1473	271.7399902
1474	271.6099854
1475	271.6099854
1476	271.7999878
1477	271.6799927
1478	271.6799927
1479	271.6099854
1480	271.6300049
1481	271.6799927
1482	271.6799927
1483	271.6300049
1484	271.7200012
1485	271.7200012
1486	271.5700073
1487	271.7000122
1488	271.6499939
1489	271.8399963
1490	271.9100037
1491	271.8200073
1492	271.7999878
1493	271.7200012
1494	271.7000122
1495	271.6300049
1496	271.7000122
1497	271.6300049
1498	271.5899963
1499	271.4700012
1500	271.4500122
1501	271.3800049
1502	271.3999939
1503	271.3999939
1504	271.5100098
1505	271.5100098
1506	271.5899963
1507	271.5299988
1508	271.5100098
1509	271.5299988
1510	271.5299988
1511	271.6499939
1512	271.6300049
1513	271.6499939
1514	271.7000122
1515	271.5499878
1516	271.4899902
1517	271.4899902
1518	271.8399963
1519	272.2799988
1520	272.5299988
1521	273.0799866
1522	273.3099976
1523	273.3500061
1524	273.4299927
1525	273.7900085
1526	273.8900146
1527	274.2900085
1528	274.75
1529	275.1499939
1530	275.3599854
1531	275.6499939
1532	276.4400024
1533	276.5700073
1534	276.9700012
1535	277.3200073
1536	277.3399963
1537	277.5499878
1538	277.7399902
1539	277.9299927
1540	277.9700012
1541	278.0100098
1542	278.0100098
1543	278.2000122
1544	278.3699951
1545	278.4700012
1546	278.4700012
1547	278.5100098
1548	278.6600037
1549	278.6600037
1550	278.769989
1551	278.769989
1552	278.8099976
1553	278.9100037
1554	279.1000061
1555	279.1199951
1556	279.1199951
1557	279.1600037
1558	279.2000122
1559	279.2000122
1560	279.25
1561	279.269989
1562	279.3900146
1563	279.3900146
1564	279.3299866
1565	279.25
1566	279.25
1567	279.3299866
1568	279.3500061
1569	279.3699951
1570	279.4299927
1571	279.5400085
1572	279.480011
1573	279.6000061
1574	279.6600037
1575	279.7099915
1576	279.730011
1577	279.769989
1578	279.769989
1579	279.730011
1580	279.75
1581	279.75
1582	279.7900085
1583	279.8299866
1584	279.8099976
1585	279.8500061
1586	279.8099976
1587	279.8699951
1588	279.8699951
1589	279.8099976
1590	279.8500061
1591	279.9200134
1592	280
1593	279.9599915
1594	280
1595	279.9200134
1596	279.8900146
1597	279.7900085
1598	279.8299866
1599	279.75
1600	279.8299866
1601	279.75
1602	279.769989
1603	279.75
1604	279.75
1605	279.75
1606	279.769989
1607	279.7900085
1608	279.7099915
1609	279.8099976
1610	279.8099976
1611	279.730011
1612	279.769989
1613	279.8699951
1614	279.9400024
1615	279.9400024
1616	279.9400024
1617	279.980011
1618	279.9400024
1619	280.019989
1620	280.019989
1621	279.9400024
1622	279.8699951
1623	279.8699951
1624	279.8299866
1625	279.8500061
1626	279.8900146
1627	279.8900146
1628	279.75
1629	279.8699951
1630	279.980011
1631	279.8500061
1632	279.8099976
1633	279.8900146
1634	279.8900146
1635	279.8500061
1636	279.9400024
1637	279.9400024
1638	279.9400024
1639	280.019989
1640	280.019989
1641	280.0400085
1642	279.8900146
1643	279.8699951
1644	279.9400024
1645	280.0799866
1646	280.019989
1647	279.9599915
1648	279.9599915
1649	279.9400024
1650	279.9400024
1651	279.9599915
1652	279.9599915
1653	279.9400024
1654	279.9599915
1655	279.980011
1656	279.9599915
1657	279.9200134
1658	279.8099976
1659	279.8099976
1660	279.9200134
1661	279.980011
1662	280.0400085
1663	280.1000061
1664	280.1199951
1665	280.0599976
1666	280.0599976
1667	280.1000061
1668	279.980011
1669	280.019989
1670	279.9400024
1671	280
1672	280
1673	280.0400085
1674	279.9400024
1675	279.9200134
1676	279.9200134
1677	280
1678	280.0400085
1679	280.0599976
1680	280
1681	280.0400085
1682	280.0400085
1683	280.1199951
1684	280.1199951
1685	280.1900024
1686	280.0799866
1687	280.0599976
1688	280.019989
1689	280
1690	280
1691	280
1692	280.0400085
1693	279.980011
1694	279.8699951
1695	279.6000061
1696	279.1000061
1697	278.6600037
1698	278.6600037
1699	278.1199951
1700	277.9299927
1701	277.8900146
1702	277.7600098
1703	277.7399902
1704	277.7000122
1705	277.5899963
1706	277.4500122
1707	277.4100037
1708	277.2600098
1709	276.8399963
1710	276.4400024
1711	276.2799988
1712	275.9400024
1713	274.3699951
1714	273.769989
1715	272.2799988
1716	270.480011
1717	269.6300049
1718	268.019989
1719	267.3900146
1720	266.2399902
1721	265.5100098
1722	264.980011
1723	264.980011
1724	264.5400085
1725	264.5
1726	264.5899963
1727	264.5700073
1728	264.5700073
1729	264.75
1730	264.75
1731	265.2600098
1732	265.4599915
1733	265.6499939
1734	265.9899902
1735	266.3599854
1736	266.6799927
1737	266.6799927
1738	267.1000061
1739	267.4500122
1740	267.6400146
1741	267.8500061
1742	268.1199951
1743	268.25
1744	268.3500061
1745	268.6000061
1746	268.6900024
1747	268.8500061
1748	269.019989
1749	269.0599976
1750	269.1700134
1751	269.25
1752	269.3800049
1753	269.4200134
1754	269.5599976
1755	269.5400085
1756	269.5799866
1757	269.8099976
1758	269.9599915
1759	270.1499939
1760	270.1300049
1761	270.0400085
1762	270.0400085
1763	270.019989
1764	270.1499939
1765	270.1900024
1766	270.269989
1767	270.3200073
1768	270.3200073
1769	270.3200073
1770	270.3800049
1771	270.3200073
1772	270.3999939
1773	270.3999939
1774	270.5
1775	270.5
1776	270.5299988
1777	270.6700134
1778	270.5700073
1779	270.5299988
1780	270.4200134
1781	270.3399963
1782	270.3599854
1783	270.4200134
1784	270.6900024
1785	270.8399963
1786	270.8200073
1787	270.9599915
1788	271.0299988
1789	271.0899963
1790	271.0700073
1791	270.9599915
1792	270.8399963
1793	270.8399963
1794	270.8399963
1795	270.8399963
1796	270.8999939
1797	270.9200134
1798	270.8399963
1799	270.9200134
1800	270.9599915
1801	270.9599915
1802	271.0100098
1803	270.9599915
1804	270.8999939
1805	270.8800049
1806	270.9200134
1807	270.9899902
1808	270.9899902
1809	270.9599915
1810	270.8800049
1811	270.8399963
1812	270.7799988
1813	270.8399963
1814	270.8200073
1815	270.7600098
1816	270.6499939
1817	270.6499939
1818	270.7600098
1819	270.9599915
1820	271.0100098
1821	271.1700134
1822	271.0899963
1823	271.1300049
1824	271.1700134
1825	271.0899963
1826	271.1900024
1827	271.0899963
1828	271.1099854
1829	271.0100098
1830	270.9899902
1831	270.8999939
1832	270.8599854
1833	270.8599854
1834	270.9599915
1835	271.0100098
1836	271.0700073
1837	271.0499878
1838	271.0700073
1839	271.0700073
1840	271.0700073
1841	271.1300049
1842	271.1700134
1843	271.2200012
1844	271.1700134
1845	271.1099854
1846	271.1499939
1847	271.1499939
1848	271.3200073
1849	271.2200012
1850	271.2600098
1851	271.1900024
1852	271.1499939
1853	271.2399902
1854	271.1099854
1855	271.1300049
1856	271.1300049
1857	271.2600098
1858	271.3399963
1859	271.3999939
1860	271.4899902
1861	271.4500122
1862	271.3999939
1863	271.2999878
1864	271.1700134
1865	270.9200134
1866	270.7999878
1867	270.6099854
1868	270.4599915
1869	270.3800049
1870	270.4400024
1871	270.7099915
1872	270.7099915
1873	270.8599854
1874	270.8999939
1875	270.9599915
1876	270.8800049
1877	271.0499878
1878	271.1900024
1879	271.1900024
1880	271.2399902
1881	271.3800049
1882	271.3999939
1883	271.3800049
1884	271.3200073
1885	271.2399902
1886	271.2200012
1887	271.3200073
1888	271.2600098
1889	271.3599854
1890	271.3800049
1891	271.3399963
1892	271.3200073
1893	271.2999878
1894	271.3999939
1895	271.3999939
1896	271.4700012
1897	271.5299988
1898	271.5100098
1899	271.4200134
1900	271.3599854
1901	271.3800049
1902	271.5100098
1903	271.4899902
1904	271.4899902
1905	271.3399963
1906	271.3599854
1907	271.2799988
1908	271.2200012
1909	271.2200012
1910	271.2999878
1911	271.2999878
1912	271.4200134
1913	271.4500122
1914	271.5499878
1915	271.5499878
1916	271.5700073
1917	271.5899963
1918	271.5899963
1919	271.5299988
1920	271.4500122
1921	271.4899902
1922	271.5100098
1923	271.3800049
1924	271.3800049
1925	271.2600098
1926	271.3200073
1927	271.2600098
1928	271.2200012
1929	270.9200134
1930	270.7999878
1931	270.730011
1932	270.7799988
1933	270.6300049
1934	270.7099915
1935	270.6700134
1936	270.6700134
1937	270.6900024
1938	270.8200073
1939	270.7799988
1940	271.0100098
1941	271.1499939
1942	271.2799988
1943	271.2799988
1944	271.3200073
1945	271.3200073
1946	271.3200073
1947	271.3200073
1948	271.3399963
1949	271.3399963
1950	271.3399963
1951	271.3999939
1952	271.3599854
1953	271.2999878
1954	271.2200012
1955	271.1700134
1956	271.1700134
1957	271.0899963
1958	271.2200012
1959	271.1900024
1960	271.1499939
1961	271.2600098
1962	271.2600098
1963	271.2600098
1964	271.2799988
1965	271.2999878
1966	271.3399963
1967	271.3399963
1968	271.3200073
1969	271.2799988
1970	271.2999878
1971	271.2999878
1972	271.3200073
1973	271.1700134
1974	271.0700073
1975	271.0700073
1976	271.1099854
1977	271.2399902
1978	271.3200073
1979	271.3999939
1980	271.2799988
1981	271.1099854
1982	271.1099854
1983	271.1900024
1984	271.1499939
1985	271.1900024
1986	271.1300049
1987	271.1300049
1988	271.2799988
1989	271.2799988
1990	271.3200073
1991	271.5299988
1992	271.6499939
1993	272.0100098
1994	272.4700012
1995	272.6799927
1996	272.9100037
1997	273.269989
1998	273.4100037
1999	273.6199951
2000	274
2001	274.2099915
2002	274.6199951
2003	274.980011
2004	275.75
2005	276
2006	276.2999878
2007	276.5899963
2008	276.7600098
2009	276.9899902
2010	277.1300049
2011	277.3200073
2012	277.4500122
2013	277.5700073
2014	277.5700073
2015	277.7799988
2016	277.9100037
2017	278.0299988
2018	278.1400146
2019	278.3099976
2020	278.3500061
2021	278.3500061
2022	278.5599976
2023	278.7000122
2024	278.8099976
2025	278.7000122
2026	278.7200012
2027	278.6799927
2028	278.7399902
2029	278.769989
2030	278.769989
2031	278.8299866
2032	278.8900146
2033	278.9500122
2034	278.9700012
2035	279
2036	279.1000061
2037	279.0799866
2038	279.1600037
2039	279.019989
2040	279.0599976
2041	279.0799866
2042	279.1400146
2043	279.1799927
2044	279.1799927
2045	279.3099976
2046	279.3099976
2047	279.2900085
2048	279.2900085
2049	279.230011
2050	279.3099976
2051	279.3699951
2052	279.269989
2053	279.269989
2054	279.3099976
2055	279.3299866
2056	279.3500061
2057	279.3099976
2058	279.25
2059	279.2900085
2060	279.2900085
2061	279.3500061
2062	279.2900085
2063	279.3900146
2064	279.4299927
2065	279.5
2066	279.4299927
2067	279.4599915
2068	279.5
2069	279.5
2070	279.4100037
2071	279.3099976
2072	279.3900146
2073	279.5400085
2074	279.480011
2075	279.6000061
2076	279.5400085
2077	279.5
2078	279.5400085
2079	279.6000061
2080	279.5599976
2081	279.519989
2082	279.5400085
2083	279.519989
2084	279.5799866
2085	279.5799866
2086	279.5599976
2087	279.3900146
2088	279.4599915
2089	279.480011
2090	279.3699951
2091	279.4299927
2092	279.4299927
2093	279.5400085
2094	279.5799866
2095	279.5799866
2096	279.5599976
2097	279.5400085
2098	279.6199951
2099	279.6199951
2100	279.7099915
2101	279.6400146
2102	279.6000061
2103	279.5
2104	279.5599976
2105	279.480011
2106	279.5400085
2107	279.5400085
2108	279.5400085
2109	279.6199951
2110	279.5799866
2111	279.5
2112	279.5
2113	279.519989
2114	279.3900146
2115	279.3699951
2116	279.3900146
2117	279.480011
2118	279.519989
2119	279.6600037
2120	279.6900024
2121	279.5599976
2122	279.519989
2123	279.519989
2124	279.519989
2125	279.4100037
2126	279.4599915
2127	279.4599915
2128	279.480011
2129	279.519989
2130	279.6000061
2131	279.6000061
2132	279.6400146
2133	279.6199951
2134	279.6199951
2135	279.6199951
2136	279.6400146
2137	279.7099915
2138	279.6400146
2139	279.6600037
2140	279.6000061
2141	279.6600037
2142	279.5400085
2143	279.5
2144	279.519989
2145	279.5400085
2146	279.6000061
2147	279.6000061
2148	279.5599976
2149	279.5400085
2150	279.6400146
2151	279.5
2152	279.5400085
2153	279.5400085
2154	279.5799866
2155	279.6000061
2156	279.6000061
2157	279.6000061
2158	279.5799866
2159	279.5599976
2160	279.480011
2161	279.5599976
2162	279.5400085
2163	279.5400085
2164	279.5
2165	279.480011
2166	279.480011
2167	279.3099976
2168	279.1000061
2169	278.9100037
2170	278.6400146
2171	277.7999878
2172	277.4899902
2173	277.4299927
2174	277.2399902
2175	277.2200012
2176	277.2200012
2177	277.1300049
2178	277.1300049
2179	277.1499939
2180	277.0700073
2181	276.8599854
2182	276.7200012
2183	276.2999878
2184	276.0899963
2185	275.6099854
2186	275.1499939
2187	274.3900146
2188	272.6400146
2189	271.8200073
2190	270.269989
2191	269.5400085
2192	268
2193	266.8900146
2194	265.8599854
2195	265.8599854
2196	264.75
2197	264.2900085
2198	264.1499939
2199	264.0799866
2200	264.1700134
2201	264.3599854
2202	264.3599854
2203	264.6900024
2204	265
2205	265.2099915
2206	265.5700073
2207	266.0700073
2208	266.2200012
2209	266.4100037
2210	266.7399902
2211	266.8200073
2212	267.0100098
2213	267.3699951
2214	267.5799866
2215	267.6600037
2216	267.7000122
2217	268.0799866
2218	268.3299866
2219	268.5
2220	268.6600037
2221	268.8099976
2222	269.019989
2223	269.1000061
2224	269.230011
2225	269.25
2226	269.3999939
2227	269.3999939
2228	269.519989
2229	269.5799866
2230	269.6300049
2231	269.7099915
2232	269.7900085
2233	269.8099976
2234	269.8099976
2235	270.019989
2236	270.1300049
2237	270.0899963
2238	270.1700134
2239	270.25
2240	270.3200073
2241	270.3200073
2242	270.2099915
2243	270.1499939
2244	270.2099915
2245	270.2999878
2246	270.230011
2247	270.230011
2248	270.1900024
2249	270.2099915
2250	270.269989
2251	270.2999878
2252	270.3999939
2253	270.3599854
2254	270.4400024
2255	270.3999939
2256	270.3599854
2257	270.3399963
2258	270.4599915
2259	270.5
2260	270.5499878
2261	270.5499878
2262	270.5700073
2263	270.6300049
2264	270.6900024
2265	270.6300049
2266	270.6300049
2267	270.6300049
2268	270.6700134
2269	270.6099854
2270	270.6499939
2271	270.5299988
2272	270.5499878
2273	270.5499878
2274	270.4400024
2275	270.3999939
2276	270.4400024
2277	270.5700073
2278	270.6900024
2279	270.7099915
2280	270.6700134
2281	270.3999939
2282	270.480011
2283	270.5700073
2284	270.6700134
2285	270.6499939
2286	270.6900024
2287	270.6900024
2288	270.6499939
2289	270.6499939
2290	270.6900024
2291	270.7600098
2292	270.7999878
2293	270.8999939
2294	270.9400024
2295	270.9599915
2296	270.9899902
2297	270.8999939
2298	270.8999939
2299	270.8999939
2300	271.0700073
2301	271.1099854
2302	271.1300049
2303	271.1099854
2304	271.0499878
2305	271.0499878
2306	271.1700134
2307	271.1300049
2308	271.1700134
2309	271.2200012
2310	271.2399902
2311	271.1499939
2312	271.1499939
2313	271.1099854
2314	271.1499939
2315	271.0899963
2316	271.1099854
2317	271.1499939
2318	271.2200012
2319	271.1900024
2320	271.2200012
2321	271.2799988
2322	271.1900024
2323	271.1099854
2324	271.0499878
2325	271.1300049
2326	271.1700134
2327	271.1700134
2328	271.1300049
2329	271.1499939
2330	271.1700134
2331	271.2399902
2332	271.0499878
2333	270.9599915
2334	270.7999878
2335	270.7600098
2336	270.7999878
2337	270.7999878
2338	270.9599915
2339	270.9899902
2340	270.9599915
2341	270.9200134
2342	270.9599915
2343	270.9899902
2344	270.9899902
2345	271.0499878
2346	271.0100098
2347	270.9400024
2348	270.8800049
2349	270.8399963
2350	270.8200073
2351	270.8800049
2352	271.0700073
2353	271.1300049
2354	271.1300049
2355	271.1300049
2356	271.1300049
2357	271.1300049
2358	271.1700134
2359	271.1300049
2360	271.0700073
2361	271.1099854
2362	271.1099854
2363	271.1300049
2364	271.2200012
2365	271.2399902
2366	271.1900024
2367	271.1300049
2368	271.1700134
2369	271.1700134
2370	271.2600098
2371	271.4200134
2372	271.4200134
2373	271.3200073
2374	271.2999878
2375	271.3200073
2376	271.3200073
2377	271.3599854
2378	271.3200073
2379	271.2799988
2380	271.2799988
2381	271.3399963
2382	271.3599854
2383	271.3599854
2384	271.2200012
2385	271.0899963
2386	271.0700073
2387	271.1099854
2388	271.0899963
2389	271.0299988
2390	271.1300049
2391	271.2200012
2392	271.2399902
2393	271.2200012
2394	271.1300049
2395	271.1700134
2396	271.1700134
2397	271.1499939
2398	271.1900024
2399	271.1700134
2400	271.1900024
2401	271.1300049
2402	271.1099854
2403	271.1700134
2404	271.1700134
2405	271.1499939
2406	271.1900024
2407	271.2399902
2408	271.2399902
2409	271.3200073
2410	271.2399902
2411	271.2399902
2412	271.1300049
2413	271.0499878
2414	271.1099854
2415	271.1099854
2416	271.3200073
2417	271.3999939
2418	271.4500122
2419	271.3399963
2420	271.2799988
2421	271.2799988
2422	271.2999878
2423	271.2799988
2424	271.3200073
2425	271.3200073
2426	271.2600098
2427	271.1099854
2428	271.1099854
2429	271.1099854
2430	271.2200012
2431	271.1900024
2432	271.1700134
2433	271.2399902
2434	271.3200073
2435	271.1700134
2436	271.1099854
2437	271.0700073
2438	271.0899963
2439	271.0499878
2440	271.0499878
2441	271.0499878
2442	271.0499878
2443	271.0899963
2444	271.0100098
2445	271.1300049
2446	271.1499939
2447	271.1499939
2448	271.1900024
2449	271.2399902
2450	271.2600098
2451	271.2399902
2452	271.2799988
2453	271.1900024
2454	271.1900024
2455	271.2999878
2456	271.3399963
2457	271.2999878
2458	271.2600098
2459	271.2600098
2460	271.2399902
2461	271.1900024
2462	271.2799988
2463	271.2799988
2464	271.2999878
2465	271.6099854
2466	271.9500122
2467	272.2000122
2468	272.4700012
2469	273.1000061
2470	273.1799927
2471	273.269989
2472	273.5599976
2473	273.6799927
2474	274.0599976
2475	274.25
2476	274.730011
2477	275.269989
2478	275.8200073
2479	275.8200073
2480	276.3399963
2481	276.7999878
2482	276.9500122
2483	277.2799988
2484	277.4299927
2485	277.5299988
2486	277.5299988
2487	277.7799988
2488	277.8900146
2489	277.9700012
2490	278.1199951
2491	278.2399902
2492	278.3099976
2493	278.3099976
2494	278.3099976
2495	278.4299927
2496	278.4100037
2497	278.5400085
2498	278.6799927
2499	278.7000122
2500	278.769989
2501	278.8299866
2502	278.8699951
2503	278.9100037
2504	278.9700012
2505	279
2506	279.1000061
2507	279.1600037
2508	279.1000061
2509	279.1400146
2510	279.1600037
2511	279.1199951
2512	279.1799927
2513	279.2000122
2514	279.2000122
2515	279.2000122
2516	279.3900146
2517	279.4299927
2518	279.4299927
2519	279.5
2520	279.4299927
2521	279.5
2522	279.5
2523	279.480011
2524	279.5400085
2525	279.5400085
2526	279.5
2527	279.519989
2528	279.3699951
2529	279.480011
2530	279.5
2531	279.6000061
2532	279.519989
2533	279.5400085
2534	279.480011
2535	279.4599915
2536	279.5
2537	279.480011
2538	279.5400085
2539	279.519989
2540	279.3699951
2541	279.3900146
2542	279.4599915
2543	279.480011
2544	279.6000061
2545	279.6000061
2546	279.5400085
2547	279.5799866
2548	279.519989
2549	279.4299927
2550	279.4299927
2551	279.480011
2552	279.5400085
2553	279.5599976
2554	279.5
2555	279.5400085
2556	279.730011
2557	279.730011
2558	279.7099915
2559	279.6900024
2560	279.6600037
2561	279.6199951
2562	279.6900024
2563	279.6400146
2564	279.6400146
2565	279.6199951
2566	279.6199951
2567	279.730011
2568	279.6600037
2569	279.5799866
2570	279.519989
2571	279.6400146
2572	279.6000061
2573	279.6400146
2574	279.6000061
2575	279.6600037
2576	279.6199951
2577	279.5799866
2578	279.5
2579	279.5599976
2580	279.5
2581	279.5599976
2582	279.6900024
2583	279.6900024
2584	279.6600037
2585	279.5799866
2586	279.519989
2587	279.519989
2588	279.5799866
2589	279.5799866
2590	279.519989
2591	279.6400146
2592	279.5799866
2593	279.6600037
2594	279.730011
2595	279.730011
2596	279.730011
2597	279.6000061
2598	279.5799866
2599	279.6000061
2600	279.5799866
2601	279.6199951
2602	279.6400146
2603	279.6400146
2604	279.6600037
2605	279.7099915
2606	279.7099915
2607	279.7900085
2608	279.7900085
2609	279.8099976
2610	279.6600037
2611	279.75
2612	279.7099915
2613	279.730011
2614	279.769989
2615	279.769989
2616	279.8299866
2617	279.8299866
2618	279.8699951
2619	279.8900146
2620	279.769989
2621	279.769989
2622	279.7099915
2623	279.6600037
2624	279.7099915
2625	279.730011
2626	279.75
2627	279.8299866
2628	279.8299866
2629	279.7900085
2630	279.769989
2631	279.8699951
2632	279.8099976
2633	279.8299866
2634	279.7900085
2635	279.7900085
2636	279.730011
2637	279.7099915
2638	279.7099915
2639	279.6900024
2640	279.519989
2641	279.4100037
2642	279.3500061
2643	278.6400146
2644	278.4500122
2645	278.1600037
2646	277.9700012
2647	277.7999878
2648	277.6799927
2649	277.6400146
2650	277.4500122
2651	277.3900146
2652	277.1799927
2653	277.0299988
2654	276.9899902
2655	276.9200134
2656	276.7600098
2657	276.2099915
2658	275.75
2659	275.269989
2660	275.269989
2661	273.4500122
2662	272.1099854
2663	271.3800049
2664	269.7900085
2665	268.3699951
2666	267.1600037
2667	267.1600037
2668	265.7399902
2669	265.1900024
2670	265.0499878
2671	264.7999878
2672	264.519989
2673	264.4599915
2674	264.480011
2675	264.6300049
2676	264.7999878
2677	264.8599854
2678	265.1900024
2679	265.5299988
2680	265.7999878
2681	265.9500122
2682	266.4500122
2683	266.5700073
2684	266.8200073
2685	267.0499878
2686	267.0700073
2687	267.2399902
2688	267.1799927
2689	267.2999878
2690	267.2999878
2691	267.3699951
2692	267.5799866
2693	267.7000122
2694	267.8900146
2695	268.0599976
2696	268.269989
2697	268.4299927
2698	268.6199951
2699	268.6199951
2700	268.7900085
2701	268.8500061
2702	268.8900146
2703	269.1000061
2704	269.1499939
2705	269.269989
2706	269.269989
2707	269.3500061
2708	269.5
2709	269.5799866
2710	269.7099915
2711	269.9599915
2712	270
2713	270.019989
2714	270.1499939
2715	270.1900024
2716	270.1300049
2717	270.1300049
2718	270.0400085
2719	270.019989
2720	270.0400085
2721	270.2099915
2722	270.230011
2723	270.3800049
2724	270.4599915
2725	270.480011
2726	270.5299988
2727	270.5
2728	270.5499878
2729	270.5499878
2730	270.6300049
2731	270.6300049
2732	270.730011
2733	270.6700134
2734	270.730011
2735	270.8200073
2736	270.8999939
2737	270.9400024
2738	270.9400024
2739	270.9400024
2740	270.8200073
2741	270.7600098
2742	270.6499939
2743	270.7099915
2744	270.5700073
2745	270.5700073
2746	270.5899963
2747	270.6700134
2748	270.7999878
2749	270.7600098
2750	270.7799988
2751	270.8599854
2752	270.8800049
2753	270.8599854
2754	270.7999878
2755	270.6700134
2756	270.6900024
2757	270.7999878
2758	270.8999939
2759	270.9400024
2760	271.0700073
2761	271.1099854
2762	271.2600098
2763	271.2600098
2764	271.2399902
2765	271.1099854
2766	271.0899963
2767	271.0899963
2768	271.0700073
2769	271.0299988
2770	271.0299988
2771	271.2399902
2772	271.0499878
2773	270.9599915
2774	270.6300049
2775	270.4599915
2776	270.4400024
2777	270.4400024
2778	270.480011
2779	270.5499878
2780	270.5299988
2781	270.5499878
2782	270.7600098
2783	270.7799988
2784	270.8200073
2785	270.8999939
2786	271.0100098
2787	271.0499878
2788	270.9899902
2789	271.0499878
2790	271.0299988
2791	271.0899963
2792	271.0299988
2793	271.0299988
2794	270.8999939
2795	270.8399963
2796	270.7799988
2797	270.8599854
2798	270.8800049
2799	270.9599915
2800	270.9400024
2801	270.9200134
2802	270.9200134
2803	270.9400024
2804	271.0299988
2805	270.9400024
2806	270.9599915
2807	270.9400024
2808	270.9200134
2809	270.9200134
2810	270.9400024
2811	271.0700073
2812	271.1099854
2813	271.2399902
2814	271.2999878
2815	271.2200012
2816	271.2200012
2817	270.9200134
2818	270.8200073
2819	270.7799988
2820	270.730011
2821	270.9400024
2822	271.0499878
2823	271.1099854
2824	271.2799988
2825	271.2200012
2826	271.2799988
2827	271.2399902
2828	271.2200012
2829	271.2999878
2830	271.3399963
2831	271.3399963
2832	271.3599854
2833	271.3599854
2834	271.3999939
2835	271.3599854
2836	271.3200073
2837	271.2999878
2838	271.1300049
2839	271.0499878
2840	271.0899963
2841	271.0899963
2842	271.2399902
2843	271.2600098
2844	271.2399902
2845	271.2799988
2846	271.1900024
2847	271.2200012
2848	271.2200012
2849	271.2399902
2850	271.2399902
2851	271.2399902
2852	271.2200012
2853	271.2399902
2854	271.2799988
2855	271.2399902
2856	271.1099854
2857	271.0700073
2858	271.0299988
2859	271.1499939
2860	271.2399902
2861	271.2600098
2862	271.2799988
2863	271.3399963
2864	271.4200134
2865	271.4899902
2866	271.4899902
2867	271.5299988
2868	271.5299988
2869	271.6099854
2870	271.5700073
2871	271.5499878
2872	271.7200012
2873	271.7200012
2874	271.7200012
2875	271.7399902
2876	271.7600098
2877	271.7799988
2878	271.7999878
2879	271.7999878
2880	271.7999878
2881	271.7200012
2882	271.8399963
2883	271.8800049
2884	271.9700012
2885	271.9500122
2886	271.9500122
2887	271.9500122
2888	271.9100037
2889	271.8599854
2890	271.8800049
2891	271.8800049
2892	271.8800049
2893	271.9299927
2894	271.9500122
2895	272.0299988
2896	272.1099854
2897	272.2200012
2898	272.2600098
2899	272.2999878
2900	272.2600098
2901	272.2000122
2902	272.2399902
2903	272.2600098
2904	272.2600098
2905	272.2600098
2906	272.3200073
2907	272.3399963
2908	272.3900146
2909	272.4700012
2910	272.4899902
2911	272.4700012
2912	272.4700012
2913	272.4100037
2914	272.3900146
2915	272.3900146
2916	272.3900146
2917	272.3399963
2918	272.3200073
2919	272.3200073
2920	272.4299927
2921	272.5299988
2922	272.5499878
2923	272.6000061
2924	272.6000061
2925	272.5799866
2926	272.6199951
2927	272.4899902
2928	272.5100098
2929	272.4700012
2930	272.5299988
2931	272.5299988
2932	272.6400146
2933	272.6600037
2934	272.8099976
2935	272.8500061
2936	272.8900146
2937	273.0599976
2938	273.269989
2939	273.5
2940	273.7000122
2941	273.980011
2942	274.2900085
2943	274.5400085
2944	274.730011
2945	274.8299866
2946	275.0599976
2947	275.230011
2948	275.6099854
2949	275.9599915
2950	276.3599854
2951	276.3599854
2952	276.8200073
2953	277.2200012
2954	277.2799988
2955	277.5899963
2956	277.7600098
2957	277.8699951
2958	277.8699951
2959	278.0799866
2960	278.0799866
2961	278.1000061
2962	278.2000122
2963	278.2799988
2964	278.2799988
2965	278.2799988
2966	278.4299927
2967	278.4299927
2968	278.5400085
2969	278.6199951
2970	278.6600037
2971	278.6400146
2972	278.7000122
2973	278.8099976
2974	278.8699951
2975	278.9299927
2976	279.019989
2977	278.9500122
2978	278.9700012
2979	279.019989
2980	279.0400085
2981	279.0799866
2982	279.0599976
2983	279.0599976
2984	279.1799927
2985	279.1799927
2986	279.1600037
2987	279.2000122
2988	279.2900085
2989	279.1799927
2990	279.1799927
2991	279.25
2992	279.269989
2993	279.2000122
2994	279.2000122
2995	279.269989
2996	279.3500061
2997	279.3500061
2998	279.3299866
2999	279.269989
3000	279.3099976
3001	279.230011
3002	279.230011
3003	279.25
3004	279.269989
3005	279.2900085
3006	279.3500061
3007	279.3299866
3008	279.3099976
3009	279.3299866
3010	279.3500061
3011	279.4100037
3012	279.3299866
3013	279.2900085
3014	279.2900085
3015	279.3699951
3016	279.2900085
3017	279.3699951
3018	279.3500061
3019	279.3900146
3020	279.4299927
3021	279.3699951
3022	279.3699951
3023	279.4299927
3024	279.5
3025	279.519989
3026	279.5
3027	279.4299927
3028	279.3500061
3029	279.3500061
3030	279.3699951
3031	279.4599915
3032	279.5
3033	279.5
3034	279.3699951
3035	279.3900146
3036	279.3900146
3037	279.4100037
3038	279.4599915
3039	279.4299927
3040	279.4599915
3041	279.5
3042	279.5
3043	279.519989
3044	279.4299927
3045	279.519989
3046	279.480011
3047	279.5400085
3048	279.6199951
3049	279.5799866
3050	279.5
3051	279.3900146
3052	279.4299927
3053	279.4599915
3054	279.4599915
3055	279.5
3056	279.5799866
3057	279.5799866
3058	279.5400085
3059	279.5599976
3060	279.519989
3061	279.519989
3062	279.4599915
3063	279.519989
3064	279.519989
3065	279.5599976
3066	279.5599976
3067	279.5
3068	279.5
3069	279.4599915
3070	279.3500061
3071	279.3500061
3072	279.3299866
3073	279.3500061
3074	279.4299927
3075	279.5
3076	279.4599915
3077	279.4100037
3078	279.519989
3079	279.480011
3080	279.4100037
3081	279.4299927
3082	279.4599915
3083	279.519989
3084	279.519989
3085	279.4599915
3086	279.3699951
3087	279.4100037
3088	279.4100037
3089	279.4299927
3090	279.5799866
3091	279.5
3092	279.480011
3093	279.480011
3094	279.3500061
3095	279.3900146
3096	279.4299927
3097	279.4299927
3098	279.4100037
3099	279.4299927
3100	279.4299927
3101	279.480011
3102	279.3900146
3103	279.4599915
3104	279.4599915
3105	279.5400085
3106	279.519989
3107	279.4100037
3108	279.3900146
3109	279.4299927
3110	279.4599915
3111	279.4100037
3112	279.5400085
3113	279.5799866
3114	279.4299927
3115	278.9299927
3116	278.7200012
3117	278.2000122
3118	277.8500061
3119	277.7000122
3120	277.5499878
3121	277.4700012
3122	277.3399963
3123	277.2799988
3124	277.2999878
3125	277.2999878
3126	277.1300049
3127	276.9899902
3128	276.9500122
3129	276.6499939
3130	276.2799988
3131	275.5
3132	275.5
3133	273.8500061
3134	272.7200012
3135	272.1600037
3136	270.7799988
3137	269.8099976
3138	268.8099976
3139	268.8099976
3140	267.6199951
3141	267.2399902
3142	267.1000061
3143	266.9500122
3144	267.0499878
3145	267.1199951
3146	267.2200012
3147	267.3299866
3148	267.3900146
3149	267.5599976
3150	267.6799927
3151	267.8099976
3152	267.769989
3153	267.8299866
3154	268.1000061
3155	268.230011
3156	268.5
3157	268.7900085
3158	268.9599915
3159	269.2900085
3160	269.4400024
3161	269.730011
3162	270
3163	270.1900024
3164	270.1900024
3165	270.3399963
3166	270.3999939
3167	270.4400024
3168	270.5299988
3169	270.7099915
3170	270.8599854
3171	270.8599854
3172	271.1300049
3173	271.1900024
3174	271.1900024
3175	271.3200073
3176	271.3599854
3177	271.4500122
3178	271.5499878
3179	271.5700073
3180	271.5499878
3181	271.5899963
3182	271.5899963
3183	271.6799927
3184	271.6300049
3185	271.6799927
3186	271.9299927
3187	271.9500122
3188	271.9700012
3189	271.9100037
3190	271.9299927
3191	271.9500122
3192	272.0299988
3193	272.0100098
3194	272.0100098
3195	272.0700073
3196	272.0899963
3197	272.1099854
3198	272.1600037
3199	272.2600098
3200	272.1400146
3201	272.2000122
3202	272.1799927
3203	272.1799927
3204	272.2200012
3205	272.2799988
3206	272.2600098
3207	272.3699951
3208	272.3900146
3209	272.4500122
3210	272.4500122
3211	272.3900146
3212	272.4100037
3213	272.4100037
3214	272.4700012
3215	272.4100037
3216	272.5100098
3217	272.4700012
3218	272.4700012
3219	272.4299927
3220	272.4899902
3221	272.3699951
3222	272.3900146
3223	272.3200073
3224	272.3399963
3225	272.5299988
3226	272.5499878
3227	272.5799866
3228	272.6199951
3229	272.6000061
3230	272.6400146
3231	272.6000061
3232	272.6199951
3233	272.5499878
3234	272.6400146
3235	272.6400146
3236	272.7000122
3237	272.6400146
3238	272.6600037
3239	272.6600037
3240	272.6400146
3241	272.5799866
3242	272.5799866
3243	272.6400146
3244	272.7000122
3245	272.6799927
3246	272.7399902
3247	272.7000122
3248	272.7799988
3249	272.7799988
3250	272.7000122
3251	272.7799988
3252	272.7200012
3253	272.8099976
3254	272.8099976
3255	272.8299866
3256	272.8099976
3257	272.9100037
3258	272.8900146
3259	272.8699951
3260	272.9299927
3261	272.9899902
3262	272.9299927
3263	272.9100037
3264	272.8900146
3265	272.8900146
3266	272.9100037
3267	273.0400085
3268	273.0100098
3269	272.9899902
3270	273.0400085
3271	273.0100098
3272	272.9700012
3273	272.9899902
3274	272.9899902
3275	272.8699951
3276	272.9500122
3277	273.0799866
3278	273.1199951
3279	273.0400085
3280	272.9899902
3281	272.9899902
3282	272.9899902
3283	272.9700012
3284	272.9500122
3285	272.8699951
3286	272.8699951
3287	272.8299866
3288	272.8500061
3289	272.8699951
3290	272.8699951
3291	272.8500061
3292	272.8699951
3293	272.9299927
3294	272.9500122
3295	272.9299927
3296	272.8699951
3297	272.8900146
3298	272.9500122
3299	272.9500122
3300	272.8900146
3301	272.8900146
3302	272.8500061
3303	272.9299927
3304	272.9100037
3305	272.8099976
3306	272.8099976
3307	272.7000122
3308	272.7799988
3309	272.8299866
3310	272.7799988
3311	272.8699951
3312	272.9100037
3313	272.9100037
3314	272.9100037
3315	273.0400085
3316	273.1199951
3317	273.0599976
3318	272.9899902
3319	272.9299927
3320	272.9299927
3321	272.9299927
3322	272.8699951
3323	272.8299866
3324	272.7600098
3325	272.8299866
3326	272.8900146
3327	272.9299927
3328	272.9700012
3329	272.9899902
3330	272.9299927
3331	272.9899902
3332	272.9100037
3333	272.9500122
3334	272.9899902
3335	272.9899902
3336	272.9700012
3337	273.0400085
3338	272.9500122
3339	272.9899902
3340	272.8900146
3341	272.8699951
3342	272.8099976
3343	272.9299927
3344	272.9899902
3345	272.9899902
3346	272.9700012
3347	272.9700012
3348	272.9899902
3349	273.0100098
3350	273.0100098
3351	273.0599976
3352	273.0599976
3353	273.1199951
3354	273.1799927
3355	273.1400146
3356	273.1400146
3357	273.1799927
3358	273.1600037
3359	273.1000061
3360	273.1799927
3361	273.1400146
3362	273.1600037
3363	273.1799927
3364	273.1199951
3365	273.1000061
3366	273.1000061
3367	273.1600037
3368	273.1799927
3369	273.1600037
3370	273.2000122
3371	273.2200012
3372	273.1600037
3373	273.1400146
3374	273.2200012
3375	273.2200012
3376	273.2900085
3377	273.2900085
3378	273.2399902
3379	273.2200012
3380	273.1199951
3381	273.2399902
3382	273.3099976
3383	273.2399902
3384	273.2399902
3385	273.2399902
3386	273.1799927
3387	273.2000122
3388	273.2200012
3389	273.3099976
3390	273.2200012
3391	273.2200012
3392	273.2399902
3393	273.2399902
3394	273.2900085
3395	273.3099976
3396	273.3900146
3397	273.3699951
3398	273.4100037
3399	273.3500061
3400	273.3900146
3401	273.3699951
3402	273.3699951
3403	273.4100037
3404	273.3500061
3405	273.3500061
3406	273.2200012
3407	273.2200012
3408	273.1000061
3409	272.9899902
3410	273.0599976
3411	273.3500061
3412	273.5400085
3413	273.8500061
3414	274.269989
3415	274.5
3416	274.5
3417	274.7900085
3418	274.9200134
3419	274.980011
3420	275.3099976
3421	275.6300049
3422	276
3423	276
3424	276.7200012
3425	276.9899902
3426	277.1099854
3427	277.2999878
3428	277.4299927
3429	277.6600037
3430	277.7600098
3431	277.9100037
3432	277.9899902
3433	278.0100098
3434	278.2000122
3435	278.3099976
3436	278.3500061
3437	278.3699951
3438	278.4299927
3439	278.4899902
3440	278.6000061
3441	278.6600037
3442	278.7000122
3443	278.8299866
3444	278.7900085
3445	278.8900146
3446	278.9500122
3447	278.9500122
3448	278.9700012
3449	279
3450	279
3451	279.0599976
3452	279.0400085
3453	279.1199951
3454	279.0400085
3455	279.0400085
3456	279.1000061
3457	279.1600037
3458	279.2000122
3459	279.1600037
3460	279.1600037
3461	279.1199951
3462	279.1199951
3463	279.2000122
3464	279.1600037
3465	279.2000122
3466	279.25
3467	279.230011
3468	279.2900085
3469	279.25
3470	279.2900085
3471	279.269989
3472	279.269989
3473	279.25
3474	279.230011
3475	279.269989
3476	279.3299866
3477	279.3699951
3478	279.4100037
3479	279.3299866
3480	279.3699951
3481	279.3500061
3482	279.2900085
3483	279.3099976
3484	279.3699951
3485	279.519989
3486	279.519989
3487	279.519989
3488	279.2900085
3489	279.2900085
3490	279.2900085
3491	279.3699951
3492	279.4100037
3493	279.480011
3494	279.480011
3495	279.4599915
3496	279.5
3497	279.4599915
3498	279.3299866
3499	279.3099976
3500	279.3099976
3501	279.2900085
3502	279.2900085
3503	279.3500061
3504	279.3299866
3505	279.3299866
3506	279.4100037
3507	279.480011
3508	279.4299927
3509	279.3299866
3510	279.2900085
3511	279.3500061
3512	279.3699951
3513	279.4299927
3514	279.4100037
3515	279.3900146
3516	279.230011
3517	279.3500061
3518	279.3299866
3519	279.3900146
3520	279.3900146
3521	279.4100037
3522	279.5
3523	279.4599915
3524	279.480011
3525	279.519989
3526	279.519989
3527	279.5599976
3528	279.5
3529	279.4299927
3530	279.3699951
3531	279.4299927
3532	279.4299927
3533	279.4299927
3534	279.3699951
3535	279.4599915
3536	279.3699951
3537	279.3500061
3538	279.480011
3539	279.3900146
3540	279.4299927
3541	279.4299927
3542	279.4100037
3543	279.3299866
3544	279.2900085
3545	279.269989
3546	279.2900085
3547	279.269989
3548	279.25
3549	279.2000122
3550	279.25
3551	279.3500061
3552	279.3099976
3553	279.3099976
3554	279.3099976
3555	279.4299927
3556	279.3500061
3557	279.3500061
3558	279.3500061
3559	279.4299927
3560	279.3500061
3561	279.2900085
3562	279.3299866
3563	279.4100037
3564	279.4599915
3565	279.4599915
3566	279.519989
3567	279.480011
3568	279.519989
3569	279.4100037
3570	279.3900146
3571	279.2900085
3572	279.2900085
3573	279.3500061
3574	279.269989
3575	279.2900085
3576	279.2900085
3577	279.1799927
3578	279.1600037
3579	279.1199951
3580	279.2900085
3581	279.25
3582	279.3500061
3583	279.4100037
3584	279.4100037
3585	279.4100037
3586	279.4100037
3587	279.4599915
3588	279.1600037
3589	278.7200012
3590	278.3299866
3591	278.0799866
3592	277.7600098
3593	277.6600037
3594	277.5299988
3595	277.4299927
3596	277.2999878
3597	277.2999878
3598	277.0899963
3599	277.0499878
3600	276.9700012
3601	276.7999878
3602	276.6499939
3603	276.4599915
3604	276.4599915
3605	275.269989
3606	274.2099915
3607	273.6199951
3608	272.4299927
3609	271.2999878
3610	270.7099915
3611	270.2099915
3612	268.7900085
3613	268.5400085
3614	267.9299927
3615	267.6400146
3616	267.3500061
3617	267.2799988
3618	267.2600098
3619	267.4100037
3620	267.4700012
3621	267.6400146
3622	267.8900146
3623	267.9500122
3624	268.1799927
3625	268.269989
3626	268.5599976
3627	268.8299866
3628	269.1199951
3629	269.1199951
3630	269.5400085
3631	269.8399963
3632	270
3633	270.3200073
3634	270.3800049
3635	270.5299988
3636	270.5299988
3637	270.6300049
3638	270.7799988
3639	270.8399963
3640	270.9599915
3641	271.1099854
3642	271.1499939
3643	271.1499939
3644	271.2799988
3645	271.2999878
3646	271.3599854
3647	271.4700012
3648	271.4700012
3649	271.6099854
3650	271.5899963
3651	271.6799927
3652	271.7600098
3653	271.8200073
3654	271.7999878
3655	271.9100037
3656	271.9500122
3657	271.9299927
3658	272.0100098
3659	272.0499878
3660	272.0700073
3661	272.1600037
3662	272.1799927
3663	272.2799988
3664	272.3399963
3665	272.4700012
3666	272.4299927
3667	272.4299927
3668	272.4299927
3669	272.3699951
3670	272.3200073
3671	272.4100037
3672	272.3200073
3673	272.2799988
3674	272.3699951
3675	272.3699951
3676	272.5499878
3677	272.6000061
3678	272.6400146
3679	272.5499878
3680	272.5299988
3681	272.4700012
3682	272.5299988
3683	272.6400146
3684	272.6799927
3685	272.6199951
3686	272.6799927
3687	272.6799927
3688	272.7200012
3689	272.7200012
3690	272.8299866
3691	272.8099976
3692	272.8500061
3693	272.9899902
3694	272.9299927
3695	272.9500122
3696	272.9899902
3697	272.9500122
3698	272.9500122
3699	272.8299866
3700	272.8299866
3701	272.8299866
3702	272.7399902
3703	272.8299866
3704	272.8900146
3705	272.8500061
3706	272.8299866
3707	272.8299866
3708	272.9100037
3709	272.8699951
3710	272.8699951
3711	272.8299866
3712	272.9500122
3713	272.8900146
3714	272.8900146
3715	273.0100098
3716	272.9500122
3717	272.9899902
3718	272.9700012
3719	272.9500122
3720	272.9500122
3721	272.9700012
3722	272.9899902
3723	273.0799866
3724	273.0100098
3725	272.9700012
3726	272.9700012
3727	273.0100098
3728	272.9899902
3729	273.0599976
3730	273.0400085
3731	273.0599976
3732	273.0400085
3733	273.1000061
3734	273.0799866
3735	273.1000061
3736	273.0599976
3737	273.0400085
3738	273.0100098
3739	273.0100098
3740	273.0799866
3741	273.0599976
3742	273.0100098
3743	273.0599976
3744	273.0400085
3745	273.0599976
3746	273.0599976
3747	272.9299927
3748	273.0100098
3749	273.0400085
3750	273.0799866
3751	273.1600037
3752	273.1600037
3753	273.2000122
3754	273.1000061
3755	273.1400146
3756	273.1400146
3757	273.1799927
3758	273.2900085
3759	273.3500061
3760	273.3299866
3761	273.3900146
3762	273.3299866
3763	273.3900146
3764	273.3900146
3765	273.3500061
3766	273.3299866
3767	273.2900085
3768	273.2900085
3769	273.3099976
3770	273.269989
3771	273.3500061
3772	273.3500061
3773	273.3900146
3774	273.3500061
3775	273.269989
3776	273.1799927
3777	273.1799927
3778	273.1799927
3779	273.2200012
3780	273.2900085
3781	273.269989
3782	273.1799927
3783	273.0799866
3784	273.1000061
3785	273.1000061
3786	273.1199951
3787	273.2000122
3788	273.2000122
3789	273.2900085
3790	273.3500061
3791	273.3299866
3792	273.3699951
3793	273.4100037
3794	273.3500061
3795	273.4100037
3796	273.3900146
3797	273.3699951
3798	273.4100037
3799	273.4100037
3800	273.3099976
3801	273.3699951
3802	273.3699951
3803	273.4500122
3804	273.4100037
3805	273.5
3806	273.4700012
3807	273.4299927
3808	273.5
3809	273.4100037
3810	273.4100037
3811	273.3099976
3812	273.3299866
3813	273.3299866
3814	273.3299866
3815	273.4100037
3816	273.4100037
3817	273.4100037
3818	273.4299927
3819	273.3699951
3820	273.3299866
3821	273.3299866
3822	273.2200012
3823	273.2200012
3824	273.2200012
3825	273.1600037
3826	273.1600037
3827	273.1199951
3828	273.1400146
3829	273.1799927
3830	273.2399902
3831	273.2200012
3832	273.2900085
3833	273.3099976
3834	273.3099976
3835	273.3900146
3836	273.2900085
3837	273.2399902
3838	273.269989
3839	273.269989
3840	273.2900085
3841	273.3099976
3842	273.3699951
3843	273.3500061
3844	273.3699951
3845	273.2900085
3846	273.3099976
3847	273.2200012
3848	273.2000122
3849	273.2000122
3850	273.1400146
3851	273.2200012
3852	273.1799927
3853	273.1600037
3854	273.1400146
3855	273.1000061
3856	273.1000061
3857	273.1400146
3858	273.269989
3859	273.3500061
3860	273.3900146
3861	273.3500061
3862	273.3900146
3863	273.3299866
3864	273.3099976
3865	273.3299866
3866	273.2399902
3867	273.2200012
3868	273.1600037
3869	273.2000122
3870	273.1400146
3871	273.1600037
3872	273.1600037
3873	273.1199951
3874	273.1000061
3875	273.1199951
3876	273.2000122
3877	273.1600037
3878	273.2000122
3879	273.2200012
3880	273.1799927
3881	273.1799927
3882	273.1799927
3883	273.1600037
3884	273.2000122
3885	273.519989
3886	273.8299866
3887	274.3699951
3888	274.3699951
3889	274.8800049
3890	275.0799866
3891	275.1900024
3892	275.3999939
3893	275.519989
3894	275.769989
3895	275.769989
3896	276.3599854
3897	276.7200012
3898	276.8999939
3899	277.2200012
3900	277.4100037
3901	277.4700012
3902	277.6199951
3903	277.6600037
3904	277.8200073
3905	277.9100037
3906	278.0100098
3907	278.0799866
3908	278.1199951
3909	278.2399902
3910	278.3900146
3911	278.3900146
3912	278.4100037
3913	278.4899902
3914	278.5400085
3915	278.5599976
3916	278.5799866
3917	278.5599976
3918	278.5400085
3919	278.6400146
3920	278.6400146
3921	278.6400146
3922	278.7399902
3923	278.7900085
3924	278.8099976
3925	278.8500061
3926	278.7200012
3927	278.7200012
3928	278.769989
3929	278.8099976
3930	278.8500061
3931	278.8299866
3932	278.9500122
3933	278.9100037
3934	279.0599976
3935	278.9500122
3936	278.9500122
3937	278.9700012
3938	278.9700012
3939	278.9700012
3940	279.019989
3941	279
3942	279.1000061
3943	279.0599976
3944	279.0400085
3945	279.2000122
3946	279.1799927
3947	279.1000061
3948	279.1600037
3949	279.0599976
3950	279.019989
3951	279.0400085
3952	278.9299927
3953	278.9100037
3954	278.9700012
3955	279.0799866
3956	279.1799927
3957	279.230011
3958	279.1600037
3959	279.1600037
3960	279.1400146
3961	279.1199951
3962	279.230011
3963	279.1799927
3964	279.1199951
3965	279.1000061
3966	279.1000061
3967	279.1600037
3968	279.230011
3969	279.1400146
3970	279.230011
3971	279.1799927
3972	279.1000061
3973	279.1799927
3974	279.230011
3975	279.1799927
3976	279.230011
3977	279.230011
3978	279.2900085
3979	279.2900085
3980	279.3500061
3981	279.25
3982	279.25
3983	279.25
3984	279.2000122
3985	279.1400146
3986	279.1799927
3987	279.1400146
3988	279.1799927
3989	279.2000122
3990	279.230011
3991	279.230011
3992	279.1400146
3993	279.1799927
3994	279.1400146
3995	279.0599976
3996	279.1199951
3997	279.1199951
3998	279.1199951
3999	279.1799927
4000	279.1400146
4001	279.1600037
4002	279.1799927
4003	279.1799927
4004	279.3099976
4005	279.25
4006	279.25
4007	279.230011
4008	279.269989
4009	279.1400146
4010	279.1799927
4011	279.1199951
4012	279.1199951
4013	279.1000061
4014	279.1199951
4015	279.1000061
4016	279.1400146
4017	279.1000061
4018	279.1799927
4019	279.25
4020	279.230011
4021	279.1799927
4022	279.2900085
4023	279.25
4024	279.1400146
4025	279.1199951
4026	279.0799866
4027	279.0599976
4028	279.1000061
4029	279.2000122
4030	279.2000122
4031	279.1400146
4032	279.1600037
4033	279.0799866
4034	279.1199951
4035	279.1600037
4036	279.1199951
4037	279.1199951
4038	279.2000122
4039	279.3099976
4040	279.3299866
4041	279.3299866
4042	279.3099976
4043	279.3299866
4044	279.25
4045	279.1799927
4046	279.1400146
4047	279.2000122
4048	279.1799927
4049	279.230011
4050	279.25
4051	279.2000122
4052	279.230011
4053	279.3099976
4054	279.2900085
4055	279.230011
4056	279.1600037
4057	279.25
4058	279.230011
4059	279.2000122
4060	279.269989
4061	279.0599976
4062	279.0599976
4063	278.3699951
4064	277.9100037
4065	277.7399902
4066	277.4700012
4067	277.4299927
4068	277.2399902
4069	277.2399902
4070	276.9500122
4071	276.8800049
4072	276.7799988
4073	276.8599854
4074	276.7600098
4075	276.6099854
4076	276.6099854
4077	275.8599854
4078	275.019989
4079	274.5400085
4080	273.4100037
4081	272.3399963
4082	271.8399963
4083	271.2600098
4084	269.6099854
4085	269.25
4086	268.6000061
4087	268.019989
4088	267.8900146
4089	267.7200012
4090	267.6199951
4091	267.6400146
4092	267.769989
4093	267.8299866
4094	267.9299927
4095	268.1000061
4096	268.480011
4097	268.6199951
4098	269.019989
4099	269.25
4100	269.3299866
4101	269.3299866
4102	269.519989
4103	269.6099854
4104	269.6700134
4105	270.0700073
4106	270.2999878
4107	270.5
4108	270.5
4109	270.8200073
4110	270.8999939
4111	270.9599915
4112	271.1700134
4113	271.2399902
4114	271.2999878
4115	271.3999939
4116	271.6300049
4117	271.6499939
4118	271.6300049
4119	271.6300049
4120	271.6799927
4121	271.6499939
4122	271.7200012
4123	271.7600098
4124	271.7600098
4125	271.8599854
4126	272.0499878
4127	272.0700073
4128	272.0499878
4129	272.0700073
4130	272.1600037
4131	272.2799988
4132	272.2799988
4133	272.2799988
4134	272.3200073
4135	272.3699951
4136	272.4299927
4137	272.3900146
4138	272.4299927
4139	272.4899902
4140	272.4899902
4141	272.5299988
4142	272.5799866
4143	272.6000061
4144	272.5799866
4145	272.5799866
4146	272.5299988
4147	272.5299988
4148	272.5499878
4149	272.5100098
4150	272.6199951
4151	272.6600037
4152	272.6199951
4153	272.6199951
4154	272.6199951
4155	272.7399902
4156	272.6799927
4157	272.7399902
4158	272.7000122
4159	272.7200012
4160	272.6400146
4161	272.6799927
4162	272.6600037
4163	272.6199951
4164	272.7399902
4165	272.8900146
4166	272.8699951
4167	272.8099976
4168	272.8500061
4169	272.8900146
4170	272.8500061
4171	272.8299866
4172	272.8299866
4173	272.7799988
4174	272.6799927
4175	272.8099976
4176	272.8500061
4177	272.8099976
4178	272.8099976
4179	272.8099976
4180	272.7799988
4181	272.7799988
4182	272.7000122
4183	272.7799988
4184	272.8099976
4185	272.8299866
4186	272.7600098
4187	272.7600098
4188	272.7200012
4189	272.7200012
4190	272.7399902
4191	272.7000122
4192	272.6600037
4193	272.7600098
4194	272.8500061
4195	272.8900146
4196	272.9299927
4197	272.9299927
4198	272.8900146
4199	272.8699951
4200	272.9100037
4201	272.9299927
4202	273.0400085
4203	273.0100098
4204	273.0100098
4205	273.0100098
4206	273.0400085
4207	273.0799866
4208	273.0599976
4209	272.9700012
4210	272.9100037
4211	272.9100037
4212	272.8299866
4213	272.8299866
4214	272.7600098
4215	272.8900146
4216	272.8500061
4217	272.9299927
4218	272.9299927
4219	273.1000061
4220	273.0100098
4221	273.0799866
4222	273.0599976
4223	273.0100098
4224	272.9899902
4225	272.9899902
4226	272.9299927
4227	272.9299927
4228	272.9500122
4229	272.9700012
4230	272.9899902
4231	272.9500122
4232	272.9700012
4233	273.1799927
4234	273.1600037
4235	273.1000061
4236	273.1199951
4237	273.0799866
4238	273.1400146
4239	273.0799866
4240	273.1199951
4241	273.1000061
4242	273.1600037
4243	273.1600037
4244	272.9899902
4245	272.9899902
4246	272.9500122
4247	272.9700012
4248	272.9700012
4249	273.0400085
4250	273.0400085
4251	273.0599976
4252	273.0100098
4253	273.0400085
4254	272.9899902
4255	272.9299927
4256	272.8699951
4257	272.8299866
4258	272.8099976
4259	272.8099976
4260	272.8500061
4261	272.8500061
4262	272.7600098
4263	272.8299866
4264	272.8099976
4265	272.9299927
4266	272.9100037
4267	272.9299927
4268	272.9500122
4269	272.9500122
4270	272.9899902
4271	273.0100098
4272	272.9500122
4273	273.0400085
4274	273.1400146
4275	273.0799866
4276	272.9899902
4277	273.0100098
4278	273.0599976
4279	272.9899902
4280	273.0599976
4281	273.1000061
4282	273.1000061
4283	273.0599976
4284	273.0100098
4285	273.0599976
4286	272.9899902
4287	272.9899902
4288	272.9500122
4289	272.9500122
4290	272.8699951
4291	272.9100037
4292	272.9700012
4293	272.9700012
4294	272.9500122
4295	273.0100098
4296	272.9700012
4297	273.0599976
4298	273.0100098
4299	273.0599976
4300	272.9700012
4301	272.9500122
4302	273.0100098
4303	273.0100098
4304	273.0400085
4305	273.0799866
4306	272.9700012
4307	272.9899902
4308	272.9299927
4309	273.0100098
4310	273.0599976
4311	273.0799866
4312	273.0599976
4313	272.9899902
4314	272.9899902
4315	272.9500122
4316	272.9899902
4317	273.0599976
4318	273.1000061
4319	273.1199951
4320	273.0799866
4321	273.0799866
4322	272.9700012
4323	273.0599976
4324	273.0100098
4325	272.9700012
4326	272.9899902
4327	273.0599976
4328	273.0599976
4329	272.9700012
4330	272.9700012
4331	272.9299927
4332	272.9500122
4333	272.9100037
4334	272.9899902
4335	272.9100037
4336	272.8699951
4337	272.8699951
4338	272.8299866
4339	272.9700012
4340	273.0599976
4341	273.0100098
4342	272.9899902
4343	272.9899902
4344	272.8900146
4345	272.9299927
4346	272.9700012
4347	273.0100098
4348	272.9899902
4349	273.0100098
4350	273.1000061
4351	273.1000061
4352	273.0799866
4353	273.0799866
4354	273.0400085
4355	273.0400085
4356	273.0799866
4357	273.2000122
4358	273.4299927
4359	273.769989
4360	273.769989
4361	274.3699951
4362	274.769989
4363	274.8800049
4364	275.019989
4365	275.1499939
4366	275.25
4367	275.3399963
4368	275.6900024
4369	276.0299988
4370	276.2600098
4371	276.6700134
4372	276.8200073
4373	276.8999939
4374	276.9899902
4375	277.4700012
4376	277.5100098
4377	277.6600037
4378	277.6400146
4379	277.7000122
4380	277.7799988
4381	277.8200073
4382	277.9500122
4383	277.9700012
4384	277.9299927
4385	277.9299927
4386	278.0100098
4387	278.1400146
4388	278.2200012
4389	278.3900146
4390	278.3900146
4391	278.4700012
4392	278.4700012
4393	278.5599976
4394	278.4299927
4395	278.6199951
4396	278.5799866
4397	278.5400085
4398	278.6199951
4399	278.6199951
4400	278.7000122
4401	278.8099976
4402	278.7200012
4403	278.7200012
4404	278.8500061
4405	278.769989
4406	278.7200012
4407	278.6799927
4408	278.7200012
4409	278.7200012
4410	278.7399902
4411	278.6400146
4412	278.7200012
4413	278.6400146
4414	278.8699951
4415	278.9100037
4416	278.8900146
4417	278.8500061
4418	278.7900085
4419	278.8500061
4420	278.8500061
4421	278.8500061
4422	278.8699951
4423	278.8699951
4424	278.8699951
4425	278.8099976
4426	278.8500061
4427	278.8500061
4428	278.8500061
4429	278.8500061
4430	278.9100037
4431	278.9100037
4432	278.9299927
4433	278.9700012
4434	279
4435	279.0400085
4436	278.9700012
4437	279.1199951
4438	279.0599976
4439	279.0799866
4440	279.0799866
4441	279.0799866
4442	279.1000061
4443	279.1400146
4444	279.1400146
4445	279.0799866
4446	279
4447	279.0799866
4448	279.1000061
4449	279.1000061
4450	279.0599976
4451	279.0400085
4452	279.0599976
4453	279
4454	278.8500061
4455	278.9100037
4456	278.9500122
4457	278.9299927
4458	279
4459	278.9299927
4460	278.9700012
4461	279.0400085
4462	279.0400085
4463	279.0400085
4464	279.1000061
4465	279.0400085
4466	279.1199951
4467	279.0400085
4468	279.0799866
4469	279.0400085
4470	279.0400085
4471	279.0799866
4472	279.0599976
4473	279.0599976
4474	279.1000061
4475	279.1400146
4476	279.1799927
4477	279.230011
4478	279.230011
4479	279.1600037
4480	279.230011
4481	279.1400146
4482	279.1400146
4483	279.1199951
4484	279.1400146
4485	279.1199951
4486	279.1799927
4487	279.1799927
4488	279.1600037
4489	279.1000061
4490	279.1400146
4491	279.230011
4492	279.1400146
4493	279.1000061
4494	279.0799866
4495	279.0799866
4496	279.0799866
4497	279.1199951
4498	279.3099976
4499	279.3099976
4500	279.2900085
4501	279.230011
4502	279.230011
4503	279.230011
4504	279.1799927
4505	279.1799927
4506	279.230011
4507	279.1199951
4508	279.1199951
4509	279.1400146
4510	279.1400146
4511	279.1799927
4512	279.1799927
4513	279.1799927
4514	279.230011
4515	279.230011
4516	279.3099976
4517	279.3099976
4518	279.3099976
4519	279.269989
4520	279.230011
4521	279.2000122
4522	279.1400146
4523	279.230011
4524	279.1600037
4525	279.1199951
4526	279.1199951
4527	279.1400146
4528	279.2000122
4529	279.2000122
4530	279.230011
4531	279.269989
4532	279.25
4533	279.2000122
4534	279.2000122
4535	278.8699951
4536	278.4500122
4537	278.1600037
4538	277.8500061
4539	277.4899902
4540	277.2799988
4541	277.2799988
4542	277.0299988
4543	276.9200134
4544	276.9500122
4545	276.8200073
4546	276.7200012
4547	276.7200012
4548	276.6300049
4549	276.3999939
4550	276.2799988
4551	275.9200134
4552	275.1900024
4553	274.0599976
4554	273.4500122
4555	272.8699951
4556	271.2799988
4557	270.730011
4558	269.8800049
4559	269.019989
4560	268.7099915
4561	268.25
4562	268.1600037
4563	267.7900085
4564	267.6400146
4565	267.6400146
4566	267.6400146
4567	267.8299866
4568	268.0599976
4569	268.25
4570	268.5400085
4571	268.8099976
4572	268.980011
4573	268.980011
4574	269.4200134
4575	269.5799866
4576	269.7900085
4577	270.019989
4578	270.1099854
4579	270.230011
4580	270.230011
4581	270.3800049
4582	270.3999939
4583	270.5499878
4584	270.5700073
4585	270.6499939
4586	270.730011
4587	270.8200073
4588	271.0700073
4589	271.0499878
4590	271.0299988
4591	271.1700134
4592	271.1499939
4593	271.2600098
4594	271.2799988
4595	271.4899902
4596	271.5100098
4597	271.5700073
4598	271.7200012
4599	271.7200012
4600	271.7000122
4601	271.7000122
4602	271.7000122
4603	271.7000122
4604	271.7999878
4605	271.7999878
4606	271.9899902
4607	272.0499878
4608	272.0899963
4609	272.0700073
4610	272.1400146
4611	272.1400146
4612	272.1400146
4613	272.2399902
4614	272.3699951
4615	272.4100037
4616	272.3900146
4617	272.4500122
4618	272.4899902
4619	272.4500122
4620	272.4500122
4621	272.3699951
4622	272.3900146
4623	272.4500122
4624	272.4500122
4625	272.4299927
4626	272.3699951
4627	272.3399963
4628	272.3399963
4629	272.3699951
4630	272.4700012
4631	272.4899902
4632	272.4700012
4633	272.5799866
4634	272.6600037
4635	272.6400146
4636	272.5799866
4637	272.5799866
4638	272.5799866
4639	272.5499878
4640	272.6000061
4641	272.6600037
4642	272.7200012
4643	272.7600098
4644	272.7600098
4645	272.6400146
4646	272.5299988
4647	272.6000061
4648	272.6000061
4649	272.6199951
4650	272.6400146
4651	272.6400146
4652	272.5799866
4653	272.6000061
4654	272.6199951
4655	272.6400146
4656	272.6199951
4657	272.6799927
4658	272.6199951
4659	272.6400146
4660	272.6600037
4661	272.7600098
4662	272.7799988
4663	272.7399902
4664	272.7200012
4665	272.7399902
4666	272.9299927
4667	272.8900146
4668	272.9500122
4669	273.0100098
4670	273.0100098
4671	273.0100098
4672	273.0100098
4673	273.0100098
4674	272.9500122
4675	272.9500122
4676	272.9500122
4677	272.9500122
4678	272.9100037
4679	272.9100037
4680	272.9299927
4681	272.9299927
4682	273.0799866
4683	273.0799866
4684	273.1199951
4685	273.2000122
4686	273.1199951
4687	273.1199951
4688	273.1600037
4689	273.1400146
4690	273.0400085
4691	272.9899902
4692	273.0100098
4693	273.0799866
4694	273.1199951
4695	273.0100098
4696	273.0100098
4697	272.9899902
4698	272.9899902
4699	273.0100098
4700	272.9700012
4701	272.9700012
4702	272.9700012
4703	272.9700012
4704	272.9700012
4705	272.9500122
4706	273.0100098
4707	272.9500122
4708	272.9500122
4709	273.0400085
4710	273.0100098
4711	273.0400085
4712	273.0100098
4713	272.9700012
4714	273.0400085
4715	273.0400085
4716	273.0799866
4717	273.0599976
4718	273.0599976
4719	273.0799866
4720	273.0100098
4721	272.9100037
4722	272.9100037
4723	272.9500122
4724	273.0599976
4725	273.1199951
4726	273.1199951
4727	273.1600037
4728	273.1199951
4729	273.0799866
4730	273.0100098
4731	272.9899902
4732	273.0400085
4733	272.9500122
4734	272.9899902
4735	272.9899902
4736	273.0599976
4737	273.0799866
4738	273.0400085
4739	272.9700012
4740	272.9899902
4741	272.8699951
4742	272.9299927
4743	272.9899902
4744	272.9299927
4745	272.9700012
4746	272.9500122
4747	272.9500122
4748	272.9899902
4749	273.0100098
4750	273.0100098
4751	273.0400085
4752	273.0599976
4753	273.0599976
4754	273.0599976
4755	272.9700012
4756	272.9700012
4757	272.9700012
4758	272.9100037
4759	272.9700012
4760	273.0100098
4761	273.1000061
4762	272.9700012
4763	273.0100098
4764	273.0799866
4765	273.0400085
4766	272.9500122
4767	272.9700012
4768	272.9500122
4769	272.9700012
4770	272.9100037
4771	272.9100037
4772	272.8699951
4773	272.9500122
4774	272.9299927
4775	272.9899902
4776	273.0799866
4777	273.0599976
4778	272.9899902
4779	272.9500122
4780	272.9299927
4781	272.9299927
4782	272.9100037
4783	272.9100037
4784	272.9299927
4785	272.8900146
4786	272.8900146
4787	272.8299866
4788	272.9299927
4789	272.9500122
4790	272.9700012
4791	272.9100037
4792	272.7799988
4793	272.7799988
4794	272.8299866
4795	272.9299927
4796	272.8699951
4797	272.9299927
4798	272.9100037
4799	272.9100037
4800	272.8900146
4801	272.8299866
4802	272.9299927
4803	272.8299866
4804	272.8900146
4805	272.9500122
4806	272.9700012
4807	272.9500122
4808	272.8699951
4809	272.8900146
4810	272.9100037
4811	272.9299927
4812	272.9700012
4813	272.8900146
4814	272.9700012
4815	272.9899902
4816	272.9899902
4817	272.9500122
4818	272.9500122
4819	272.9899902
4820	273.0100098
4821	272.9899902
4822	273.0799866
4823	273.0100098
4824	273.0100098
4825	273.0100098
4826	272.9500122
4827	273.0599976
4828	272.9299927
4829	273.0100098
4830	273.0400085
4831	273.1600037
4832	273.1000061
4833	273.6199951
4834	274.0400085
4835	274.230011
4836	274.5599976
4837	274.6199951
4838	274.8099976
4839	274.8299866
4840	275.2900085
4841	275.4400024
4842	275.769989
4843	276.2600098
4844	276.3999939
4845	276.5499878
4846	276.6900024
4847	276.9500122
4848	277.1300049
4849	277.3200073
4850	277.4500122
4851	277.5299988
4852	277.6400146
4853	277.5899963
4854	277.6600037
4855	277.8200073
4856	277.8900146
4857	277.8900146
4858	278.0799866
4859	278.1799927
4860	278.1400146
4861	278.1199951
4862	278.2200012
4863	278.2000122
4864	278.2000122
4865	278.3699951
4866	278.4299927
4867	278.4100037
4868	278.4700012
4869	278.4700012
4870	278.5599976
4871	278.6000061
4872	278.6400146
4873	278.6199951
4874	278.769989
4875	278.7200012
4876	278.6600037
4877	278.7000122
4878	278.7200012
4879	278.769989
4880	278.8299866
4881	278.8099976
4882	278.8699951
4883	278.8900146
4884	278.9500122
4885	278.9100037
4886	278.769989
4887	278.8099976
4888	278.8299866
4889	278.8299866
4890	278.769989
4891	278.7900085
4892	278.7900085
4893	278.8099976
4894	278.8500061
4895	278.7399902
4896	278.7399902
4897	278.7900085
4898	278.8699951
4899	278.8500061
4900	278.8900146
4901	278.9100037
4902	278.9500122
4903	278.9500122
4904	278.9700012
4905	278.9500122
4906	279.0400085
4907	279
4908	278.9500122
4909	278.9700012
4910	278.9299927
4911	279
4912	278.9700012
4913	279.0400085
4914	278.9500122
4915	278.9500122
4916	278.9700012
4917	278.9100037
4918	278.9500122
4919	278.9299927
4920	279.0400085
4921	279
4922	279.0599976
4923	279.0400085
4924	279.0599976
4925	279
4926	279
4927	278.9500122
4928	278.9500122
4929	278.9299927
4930	279
4931	279.0400085
4932	279.0799866
4933	279.1400146
4934	279.1400146
4935	279.1400146
4936	279.019989
4937	279.0400085
4938	278.9700012
4939	278.9100037
4940	279.0400085
4941	279
4942	279.0400085
4943	279.0599976
4944	279.1000061
4945	279.0799866
4946	279.019989
4947	278.9700012
4948	279.019989
4949	279.0599976
4950	279.0799866
4951	279.1199951
4952	279.0599976
4953	278.9700012
4954	278.9500122
4955	279.019989
4956	278.9299927
4957	278.9700012
4958	279.0400085
4959	279.1000061
4960	279.019989
4961	279
4962	279.0599976
4963	279.0799866
4964	279.0799866
4965	279.0599976
4966	279.0799866
4967	279.0799866
4968	279.019989
4969	279.0799866
4970	279.019989
4971	279.019989
4972	279
4973	278.9700012
4974	278.9700012
4975	279.0400085
4976	278.9500122
4977	278.9700012
4978	278.9299927
4979	278.9700012
4980	278.9700012
4981	278.9299927
4982	279.1600037
4983	279.1199951
4984	279.1199951
4985	279.0599976
4986	279.0400085
4987	279.019989
4988	279
4989	279.0799866
4990	279.1400146
4991	279.1600037
4992	279.0400085
4993	279.0599976
4994	279.0599976
4995	279.0599976
4996	279.1799927
4997	279.269989
4998	279.2000122
4999	279.2000122
5000	279.1000061
5001	279.1000061
5002	279.0599976
5003	279.0799866
5004	279.0400085
5005	279.019989
5006	279.019989
5007	278.9299927
5008	278.7200012
5009	278.4700012
5010	278.0100098
5011	277.5899963
5012	277.4500122
5013	277.2600098
5014	277.1499939
5015	277.0299988
5016	276.9899902
5017	276.7999878
5018	276.7799988
5019	276.5899963
5020	276.5299988
5021	276.4400024
5022	276.4599915
5023	276.3399963
5024	275.9599915
5025	275.7999878
5026	275.0799866
5027	274.5799866
5028	273.0599976
5029	271.7600098
5030	270.6900024
5031	269.730011
5032	269.2900085
5033	268.6400146
5034	268.3900146
5035	267.9299927
5036	267.7000122
5037	267.6000061
5038	267.6000061
5039	267.6000061
5040	267.7900085
5041	267.9100037
5042	268.0599976
5043	268.25
5044	268.5
5045	268.5
5046	268.6900024
5047	268.9599915
5048	269.0599976
5049	269.3299866
5050	269.5799866
5051	269.730011
5052	269.8099976
5053	270
5054	270.0899963
5055	270.1700134
5056	270.2999878
5057	270.5299988
5058	270.6099854
5059	270.5899963
5060	270.6300049
5061	270.6700134
5062	270.8399963
5063	270.9899902
5064	271.1099854
5065	271.2799988
5066	271.3399963
5067	271.4700012
5068	271.6499939
5069	271.7399902
5070	271.7399902
5071	271.7200012
5072	271.7799988
5073	271.9100037
5074	271.9500122
5075	271.9500122
5076	271.9299927
5077	271.9299927
5078	271.9899902
5079	271.9700012
5080	271.9100037
5081	271.9700012
5082	272.0499878
5083	272.0100098
5084	272.0100098
5085	272.0299988
5086	272.0499878
5087	272.0899963
5088	272.1400146
5089	272.2000122
5090	272.2600098
5091	272.3399963
5092	272.1799927
5093	272.2000122
5094	272.2200012
5095	272.1799927
5096	272.2200012
5097	272.1799927
5098	272.2999878
5099	272.2799988
5100	272.3200073
5101	272.2799988
5102	272.3699951
5103	272.4500122
5104	272.4700012
5105	272.4899902
5106	272.5299988
5107	272.5799866
5108	272.7200012
5109	272.7200012
5110	272.6799927
5111	272.7000122
5112	272.6199951
5113	272.6799927
5114	272.6799927
5115	272.6199951
5116	272.6199951
5117	272.5799866
5118	272.4899902
5119	272.5499878
5120	272.6600037
5121	272.6400146
5122	272.6600037
5123	272.6600037
5124	272.6400146
5125	272.5799866
5126	272.6600037
5127	272.6199951
5128	272.6799927
5129	272.6799927
5130	272.7399902
5131	272.8500061
5132	272.8099976
5133	272.8299866
5134	272.8699951
5135	272.9500122
5136	272.9700012
5137	272.9700012
5138	272.9100037
5139	272.8099976
5140	272.8900146
5141	272.8900146
5142	272.8699951
5143	272.9100037
5144	272.8900146
5145	272.9299927
5146	272.8500061
5147	272.9299927
5148	272.9299927
5149	272.9299927
5150	272.9100037
5151	272.9100037
5152	272.8699951
5153	272.9100037
5154	272.9100037
5155	272.9100037
5156	272.9100037
5157	272.9500122
5158	272.9899902
5159	272.9500122
5160	272.9100037
5161	272.9100037
5162	272.8900146
5163	272.8299866
5164	272.8900146
5165	272.8699951
5166	272.8500061
5167	272.9299927
5168	273.0400085
5169	273.0799866
5170	273.0400085
5171	273.0599976
5172	272.9700012
5173	272.9299927
5174	272.9500122
5175	272.8900146
5176	272.8900146
5177	272.9500122
5178	273.0100098
5179	272.9299927
5180	272.9299927
5181	272.9700012
5182	272.8500061
5183	272.9100037
5184	272.9500122
5185	272.9899902
5186	272.9500122
5187	272.9500122
5188	273.0799866
5189	273.0400085
5190	273.0400085
5191	272.9700012
5192	272.9899902
5193	273.0400085
5194	272.9700012
5195	273.2399902
5196	273.3500061
5197	273.3299866
5198	273.1199951
5199	273.0400085
5200	273.0599976
5201	273.1000061
5202	273.1000061
5203	273.1199951
5204	273.1199951
5205	273.0799866
5206	273.1199951
5207	273.1400146
5208	273.1799927
5209	273.1000061
5210	273.0799866
5211	273.0100098
5212	273.0100098
5213	273.0599976
5214	273.0799866
5215	273.0599976
5216	272.9899902
5217	272.9500122
5218	273.0599976
5219	273.0599976
5220	273.0599976
5221	273.1400146
5222	273.0100098
5223	273.0400085
5224	273.0799866
5225	273.0599976
5226	273.0599976
5227	273.1600037
5228	273.2200012
5229	273.2200012
5230	273.1600037
5231	273.1400146
5232	273.0799866
5233	273.0799866
5234	273.0400085
5235	272.9899902
5236	272.9100037
5237	272.9299927
5238	272.8900146
5239	272.8500061
5240	272.8699951
5241	273.1000061
5242	273.1199951
5243	273.1400146
5244	273.0100098
5245	273.0100098
5246	272.9899902
5247	272.9700012
5248	272.9500122
5249	273.0599976
5250	272.9700012
5251	272.9700012
5252	272.9899902
5253	273.0100098
5254	273.0100098
5255	273.0799866
5256	273.0599976
5257	273.0400085
5258	273.0400085
5259	273.0799866
5260	273.0799866
5261	273.1000061
5262	273.1199951
5263	273.1400146
5264	273.0100098
5265	273.0100098
5266	272.9500122
5267	273.1199951
5268	273.1600037
5269	273.2399902
5270	273.1799927
5271	273.2200012
5272	273.2399902
5273	273.2000122
5274	273.1799927
5275	273.2000122
5276	273.2000122
5277	273.1400146
5278	273.1400146
5279	273.0400085
5280	273.0799866
5281	273.0100098
5282	272.9899902
5283	272.9899902
5284	272.9700012
5285	273.0400085
5286	273.0599976
5287	273.1000061
5288	273.1600037
5289	273.1400146
5290	273.1400146
5291	273.1000061
5292	273.1000061
5293	273.1199951
5294	273.1400146
5295	273.1799927
5296	273.0799866
5297	273.0799866
5298	272.9899902
5299	272.9899902
5300	273.0100098
5301	273.0400085
5302	273.1600037
5303	273.0100098
5304	273.1000061
5305	273.3900146
5306	273.4500122
5307	273.8299866
5308	274.3299866
5309	274.6499939
5310	274.730011
5311	274.8299866
5312	275.25
5313	275.3800049
5314	275.6099854
5315	275.8800049
5316	276.0499878
5317	276.2600098
5318	276.3200073
5319	276.5700073
5320	276.7799988
5321	277.0700073
5322	277.0700073
5323	277.2799988
5324	277.4899902
5325	277.5299988
5326	277.6400146
5327	277.7200012
5328	277.8699951
5329	277.8699951
5330	278.1199951
5331	278.1000061
5332	278.2000122
5333	278.2799988
5334	278.3699951
5335	278.3900146
5336	278.3900146
5337	278.4299927
5338	278.3900146
5339	278.4899902
5340	278.4700012
5341	278.5799866
5342	278.6000061
5343	278.4899902
5344	278.4500122
5345	278.4500122
5346	278.5799866
5347	278.6799927
5348	278.7000122
5349	278.6600037
5350	278.6400146
5351	278.6799927
5352	278.7000122
5353	278.7200012
5354	278.7000122
5355	278.6799927
5356	278.7000122
5357	278.5799866
5358	278.8099976
5359	278.8900146
5360	278.7900085
5361	278.7900085
5362	278.7000122
5363	278.7399902
5364	278.7000122
5365	278.6799927
5366	278.7399902
5367	278.769989
5368	278.769989
5369	278.7399902
5370	278.7399902
5371	278.6799927
5372	278.7399902
5373	278.7399902
5374	278.7399902
5375	278.7399902
5376	278.6199951
5377	278.5799866
5378	278.6799927
5379	278.6600037
5380	278.7200012
5381	278.769989
5382	278.8099976
5383	278.8099976
5384	278.7900085
5385	278.8099976
5386	278.7000122
5387	278.7399902
5388	278.7399902
5389	278.769989
5390	278.7399902
5391	278.8500061
5392	278.8699951
5393	278.8699951
5394	278.9100037
5395	278.8099976
5396	278.8500061
5397	278.7900085
5398	278.8299866
5399	278.9700012
5400	278.9700012
5401	278.9299927
5402	278.8900146
5403	278.8099976
5404	278.8900146
5405	278.8500061
5406	278.8900146
5407	278.8900146
5408	278.8699951
5409	278.8299866
5410	278.8299866
5411	278.7900085
5412	278.8699951
5413	278.8699951
5414	278.8900146
5415	278.8099976
5416	278.8299866
5417	278.8900146
5418	278.9299927
5419	278.8900146
5420	278.9100037
5421	278.9700012
5422	278.8900146
5423	278.8900146
5424	278.8299866
5425	278.769989
5426	278.7200012
5427	278.7900085
5428	278.7399902
5429	278.7200012
5430	278.6600037
5431	278.7399902
5432	278.7399902
5433	278.8900146
5434	278.8699951
5435	278.8099976
5436	278.8299866
5437	278.8500061
5438	278.8299866
5439	278.8299866
5440	278.8299866
5441	278.8699951
5442	278.8699951
5443	278.8099976
5444	278.8299866
5445	278.8500061
5446	278.7900085
5447	278.8500061
5448	278.8699951
5449	278.9100037
5450	278.8500061
5451	278.9299927
5452	278.9500122
5453	278.8900146
5454	278.8699951
5455	278.8699951
5456	278.8500061
5457	278.8900146
5458	278.8699951
5459	278.8900146
5460	278.9500122
5461	279
5462	279
5463	279.019989
5464	279.019989
5465	279.019989
5466	278.9299927
5467	278.9100037
5468	278.9299927
5469	278.8699951
5470	278.9500122
5471	278.9500122
5472	278.9700012
5473	278.9700012
5474	279
5475	278.8900146
5476	278.8900146
5477	278.8900146
5478	278.8900146
5479	278.8500061
5480	278.8500061
5481	278.7900085
5482	278.4899902
5483	278.0100098
5484	277.8900146
5485	277.6600037
5486	277.0899963
5487	277.0700073
5488	276.8800049
5489	276.8399963
5490	276.8200073
5491	276.7399902
5492	276.6900024
5493	276.6099854
5494	276.5700073
5495	276.4400024
5496	276.1099854
5497	275.8800049
5498	275.2900085
5499	274.8999939
5500	274.019989
5501	272.9299927
5502	271.7399902
5503	271.7399902
5504	269.980011
5505	269.1199951
5506	268.730011
5507	268.0799866
5508	267.7000122
5509	267.5100098
5510	267.5100098
5511	267.3900146
5512	267.4899902
5513	267.5799866
5514	267.8299866
5515	268.0400085
5516	268.1000061
5517	268.1199951
5518	268.3699951
5519	268.6900024
5520	268.8099976
5521	269.1199951
5522	269.1900024
5523	269.269989
5524	269.3299866
5525	269.730011
5526	269.8999939
5527	270.0400085
5528	270.1900024
5529	270.3200073
5530	270.3800049
5531	270.5
5532	270.5700073
5533	270.6499939
5534	270.7099915
5535	270.8999939
5536	270.8800049
5537	271.0499878
5538	271.0899963
5539	271.1900024
5540	271.1900024
5541	271.1900024
5542	271.1900024
5543	271.4200134
5544	271.6300049
5545	271.6799927
5546	271.7200012
5547	271.7999878
5548	271.8800049
5549	271.8800049
5550	271.8599854
5551	271.9100037
5552	271.9899902
5553	272.0899963
5554	272.0899963
5555	272.1400146
5556	272.0299988
5557	271.9899902
5558	272.0299988
5559	272.0100098
5560	272.0700073
5561	272.2399902
5562	272.2399902
5563	272.2399902
5564	272.2799988
5565	272.2600098
5566	272.2600098
5567	272.2999878
5568	272.3699951
5569	272.4299927
5570	272.4899902
5571	272.5100098
5572	272.6000061
5573	272.4700012
5574	272.4700012
5575	272.4100037
5576	272.2799988
5577	272.2600098
5578	272.3200073
5579	272.3699951
5580	272.5100098
5581	272.5100098
5582	272.5799866
5583	272.5799866
5584	272.5799866
5585	272.4500122
5586	272.5499878
5587	272.5299988
5588	272.5299988
5589	272.5799866
5590	272.6400146
5591	272.6799927
5592	272.6799927
5593	272.6600037
5594	272.6000061
5595	272.5499878
5596	272.5799866
5597	272.5799866
5598	272.5499878
5599	272.6600037
5600	272.7000122
5601	272.6600037
5602	272.7200012
5603	272.6799927
5604	272.7799988
5605	272.8099976
5606	272.7399902
5607	272.7000122
5608	272.7200012
5609	272.7600098
5610	272.7799988
5611	272.7600098
5612	272.7399902
5613	272.7399902
5614	272.7799988
5615	272.7399902
5616	272.7200012
5617	272.7000122
5618	272.7000122
5619	272.8299866
5620	272.8299866
5621	272.7600098
5622	272.7399902
5623	272.7600098
5624	272.6799927
5625	272.7000122
5626	272.7600098
5627	272.7399902
5628	272.6799927
5629	272.7799988
5630	272.8099976
5631	272.8699951
5632	272.9299927
5633	272.9700012
5634	272.9500122
5635	272.9299927
5636	272.9100037
5637	272.8099976
5638	272.8099976
5639	272.8299866
5640	272.8699951
5641	272.8500061
5642	272.8299866
5643	272.8900146
5644	272.9299927
5645	272.9299927
5646	272.8500061
5647	272.9299927
5648	272.8900146
5649	272.9100037
5650	273.0400085
5651	273.0100098
5652	273.0100098
5653	273.0400085
5654	272.9899902
5655	273.0100098
5656	273.0400085
5657	272.9500122
5658	272.9500122
5659	272.9500122
5660	272.9899902
5661	272.8900146
5662	272.9700012
5663	272.9700012
5664	272.9500122
5665	272.8699951
5666	272.9700012
5667	272.9299927
5668	272.9100037
5669	272.9500122
5670	272.8900146
5671	272.9299927
5672	272.8500061
5673	272.8299866
5674	272.8299866
5675	272.8900146
5676	272.9500122
5677	272.8900146
5678	272.9700012
5679	272.9899902
5680	273.0599976
5681	272.9700012
5682	273.0100098
5683	273.1199951
5684	273.1199951
5685	273.0599976
5686	272.9899902
5687	272.9299927
5688	272.9899902
5689	272.9299927
5690	272.9700012
5691	272.9700012
5692	272.8900146
5693	272.8299866
5694	272.8500061
5695	272.8900146
5696	272.9500122
5697	272.9500122
5698	272.9500122
5699	272.8500061
5700	272.8500061
5701	272.8099976
5702	272.8500061
5703	272.8299866
5704	272.8900146
5705	272.8299866
5706	272.8500061
5707	272.8699951
5708	272.8500061
5709	272.9299927