1	285.16
2	285.16
3	285.19
4	285.23001
5	285.16
6	285.20999
7	285.20999
8	285.20999
9	285.20999
10	285.20999
11	285.25
12	285.25
13	285.23001
14	285.23001
15	285.23001
16	285.19
17	285.23001
18	285.19
19	285.20999
20	285.29001
21	285.29001
22	285.19
23	285.20999
24	285.12
25	285.07999
26	285.04001
27	285.04001
28	285.07999
29	285.16
30	285.19
31	285.16
32	285.20999
33	285.12
34	285.14001
35	285.14001
36	285.23001
37	285.25
38	285.29001
39	285.26999
40	285.29001
41	285.25
42	285.26999
43	285.26999
44	285.19
45	285.19
46	285.19
47	285.23001
48	285.19
49	285.31
50	285.16
51	285.20999
52	285.20999
53	285.20999
54	285.25
55	285.32999
56	285.32999
57	285.32999
58	285.35001
59	285.37
60	285.37
61	285.29001
62	285.35001
63	285.26999
64	285.19
65	285.20999
66	285.26999
67	285.26999
68	285.19
69	285.14001
70	285.16
71	285.16
72	285.19
73	285.26999
74	285.26999
75	285.32999
76	285.25
77	285.29001
78	285.29001
79	285.29001
80	285.42001
81	285.37
82	285.37
83	285.44
84	285.35001
85	285.35001
86	285.25
87	285.20999
88	285.20999
89	285.19
90	285.14001
91	285.19
92	285.19
93	285.20999
94	285.20999
95	285.19
96	285.35001
97	285.26999
98	285.29001
99	285.26999
100	285.29001
101	285.26999
102	285.14001
103	285.07999
104	285.07999
105	285.07999
106	285.06
107	285.07999
108	285.16
109	285.10001
110	285.20999
111	285.29001
112	285.35001
113	285.37
114	285.48001
115	285.56
116	285.70999
117	285.70999
118	285.85001
119	285.82999
120	285.82999
121	285.94
122	285.88
123	285.88
124	285.88
125	286
126	286
127	286.01999
128	285.94
129	285.85001
130	285.81
131	285.85001
132	285.88
133	285.89999
134	285.92001
135	285.92001
136	285.95999
137	285.85001
138	286
139	286.13
140	286.07999
141	286.19
142	286.23001
143	286.31
144	286.38
145	286.38
146	286.35999
147	286.38
148	286.34
149	286.34
150	286.39999
151	286.45999
152	286.44
153	286.44
154	286.5
155	286.45999
156	286.45999
157	286.39999
158	286.44
159	286.45999
160	286.39999
161	286.31
162	286.29001
163	286.29001
164	286.34
165	286.23001
166	286.26999
167	286.35999
168	286.34
169	286.31
170	286.26999
171	286.23001
172	286.25
173	286.13
174	286.07999
175	286.10999
176	286.17001
177	286.23001
178	286.19
179	286.26999
180	286.26999
181	286.34
182	286.34
183	286.38
184	286.35999
185	286.35999
186	286.29001
187	286.34
188	286.34
189	286.31
190	286.25
191	286.29001
192	286.29001
193	286.20999
194	286.25
195	286.25
196	286.23001
197	286.19
198	286.10999
199	286.13
200	286.14999
201	286.19
202	286.13
203	286.19
204	286.26999
205	286.25
206	286.23001
207	286.29001
208	286.34
209	286.31
210	286.31
211	286.39999
212	286.38
213	286.34
214	286.42001
215	286.31
216	286.38
217	286.39999
218	286.45999
219	286.59
220	286.64999
221	286.64999
222	286.54001
223	286.38
224	286.48001
225	286.44
226	286.42001
227	286.42001
228	286.35999
229	286.31
230	286.31
231	286.35999
232	286.45999
233	286.5
234	286.5
235	286.44
236	286.42001
237	286.45999
238	286.51999
239	286.42001
240	286.39999
241	286.35999
242	286.35999
243	286.34
244	286.25
245	286.38
246	286.34
247	286.34
248	286.38
249	286.39999
250	286.34
251	286.20999
252	286.17001
253	286.20999
254	286.20999
255	286.17001
256	286.25
257	286.29001
258	286.31
259	286.31
260	286.45999
261	286.51999
262	286.51999
263	286.5
264	286.5
265	286.45999
266	286.45999
267	286.29001
268	286.20999
269	286.20999
270	286.23001
271	286.26999
272	286.26999
273	286.25
274	286.29001
275	286.26999
276	286.23001
277	286.26999
278	286.31
279	286.45999
280	286.38
281	286.44
282	286.39999
283	286.44
284	286.5
285	286.45999
286	286.57001
287	286.5
288	286.06
289	285.5
290	284.81
291	284.04001
292	283.67999
293	282.97
294	282.57001
295	281.92001
296	281.53
297	281.25
298	281.25
299	281.17001
300	281.13
301	281.23001
302	281.35999
303	281.5
304	281.69
305	281.69
306	281.84
307	281.85999
308	281.95999
309	282.07001
310	282.17001
311	282.20001
312	282.38
313	282.66
314	282.76001
315	282.84
316	282.89001
317	283.07001
318	283.09
319	283.17999
320	283.17999
321	283.17999
322	283.37
323	283.41
324	283.22
325	283.45001
326	283.53
327	283.70001
328	283.85001
329	283.78
330	283.78
331	283.85001
332	283.89001
333	283.92999
334	283.97
335	283.98999
336	284.06
337	284.06
338	284.16
339	284.10001
340	284.26999
341	284.26999
342	284.37
343	284.47
344	284.47
345	284.41
346	284.47
347	284.5
348	284.54001
349	284.51999
350	284.47
351	284.56
352	284.64001
353	284.64001
354	284.60001
355	284.66
356	284.66
357	284.60001
358	284.66
359	284.62
360	284.70001
361	284.73001
362	284.67999
363	284.73001
364	284.70001
365	284.66
366	284.67999
367	284.56
368	284.57999
369	284.57999
370	284.56
371	284.62
372	284.66
373	284.67999
374	284.64001
375	284.70001
376	284.70001
377	284.75
378	284.75
379	284.75
380	284.76999
381	284.76999
382	284.85001
383	284.82999
384	284.81
385	284.82999
386	284.87
387	284.82999
388	284.76999
389	284.73001
390	284.79001
391	284.75
392	284.79001
393	284.67999
394	284.66
395	284.73001
396	284.79001
397	284.76999
398	284.75
399	284.89001
400	284.89001
401	284.89001
402	284.87
403	284.81
404	284.87
405	284.87
406	284.73001
407	284.82999
408	284.82999
409	284.89001
410	284.81
411	284.76999
412	284.75
413	284.76999
414	284.81
415	284.81
416	284.87
417	284.87
418	284.85001
419	284.70001
420	284.70001
421	284.70001
422	284.67999
423	284.66
424	284.67999
425	284.70001
426	284.67999
427	284.66
428	284.66
429	284.66
430	284.76999
431	284.76999
432	284.85001
433	284.92999
434	285.01999
435	285
436	284.91
437	285
438	285.01999
439	284.95999
440	284.95999
441	284.95999
442	284.82999
443	284.89001
444	284.92999
445	284.87
446	284.87
447	284.87
448	284.91
449	284.98001
450	284.98001
451	284.82999
452	284.92999
453	284.92999
454	284.95999
455	285.04001
456	284.98001
457	285.01999
458	285.07999
459	285.06
460	284.92999
461	284.98001
462	284.98001
463	285.04001
464	284.92999
465	285.06
466	284.95999
467	285.04001
468	285.04001
469	285.10001
470	285.07999
471	285.19
472	285.19
473	285.12
474	285.07999
475	285.12
476	285.16
477	284.98001
478	285
479	285
480	285.06
481	285
482	285.06
483	285.12
484	285.16
485	285.14001
486	285.14001
487	285.25
488	285.16
489	285.12
490	285.16
491	285.20999
492	285.16
493	285.19
494	285.12
495	285.10001
496	285.14001
497	285.19
498	285.12
499	285.23001
500	285.16
501	285.12
502	285.16
503	285.19
504	285.19
505	285.25
506	285.29001
507	285.26999
508	285.32999
509	285.37
510	285.23001
511	285.23001
512	285.19
513	285.16
514	284.98001
515	285.07999
516	285.01999
517	285.04001
518	285.04001
519	285.04001
520	285.01999
521	285.01999
522	284.95999
523	284.95999
524	285.01999
525	285.06
526	285.01999
527	285.04001
528	284.98001
529	285.06
530	285.14001
531	285.07999
532	285.06
533	285.12
534	285.20999
535	285.20999
536	285.16
537	285.14001
538	285.20999
539	285.23001
540	285.19
541	285.16
542	285.25
543	285.16
544	285.10001
545	285.16
546	285.12
547	284.95999
548	284.95999
549	285.01999
550	285.01999
551	284.92999
552	284.98001
553	285
554	285
555	285.04001
556	285.01999
557	285.01999
558	285.07999
559	285.19
560	285.20999
561	285.25
562	285.25
563	285.25
564	285.31
565	285.29001
566	285.26999
567	285.29001
568	285.23001
569	285.29001
570	285.35001
571	285.42001
572	285.35001
573	285.35001
574	285.26999
575	285.19
576	285.12
577	285.10001
578	285.12
579	285.16
580	285.16
581	285.25
582	285.25
583	285.26999
584	285.31
585	285.32999
586	285.51999
587	285.51999
588	285.69
589	285.69
590	285.89999
591	286.04001
592	286
593	285.95999
594	286
595	286.04001
596	286.04001
597	286.17001
598	286.34
599	286.26999
600	286.25
601	286.38
602	286.34
603	286.39999
604	286.39999
605	286.34
606	286.23001
607	286.31
608	286.34
609	286.19
610	286.26999
611	286.31
612	286.20999
613	286.34
614	286.25
615	286.23001
616	286.25
617	286.17001
618	286.17001
619	286.07999
620	286.17001
621	286.17001
622	286.17001
623	286.20999
624	286.23001
625	286.13
626	286.19
627	286.17001
628	286.17001
629	286.17001
630	286.04001
631	286.17001
632	286.14999
633	286.13
634	286.07999
635	286.06
636	286.13
637	286.06
638	286.14999
639	286.23001
640	286.10999
641	286.13
642	286.19
643	286.14999
644	286.10999
645	286.10999
646	285.92001
647	285.98001
648	285.98001
649	285.95999
650	285.85001
651	285.82999
652	285.92001
653	285.92001
654	286.04001
655	286.04001
656	286.06
657	286.07999
658	285.98001
659	285.98001
660	285.98001
661	286.04001
662	285.95999
663	286.01999
664	286.14999
665	286.10999
666	286.13
667	286.13
668	285.98001
669	285.94
670	285.94
671	285.98001
672	286.01999
673	286.01999
674	285.98001
675	286.06
676	286.01999
677	285.92001
678	285.94
679	285.89999
680	285.98001
681	286
682	286.04001
683	286.07999
684	286.10999
685	286.07999
686	286.10999
687	286.14999
688	286.06
689	286.13
690	286.07999
691	285.85001
692	285.85001
693	286
694	285.94
695	286.06
696	286.07999
697	286
698	286
699	286
700	286
701	286.10999
702	286.13
703	286.07999
704	286.10999
705	286.14999
706	286.07999
707	286.13
708	286.10999
709	286.13
710	286.10999
711	286.10999
712	286.13
713	286.17001
714	286.19
715	286.14999
716	286.14999
717	286.19
718	286.07999
719	286.14999
720	286.01999
721	286.17001
722	286.26999
723	286.25
724	286.25
725	286.26999
726	286.34
727	286.38
728	286.34
729	286.35999
730	286.38
731	286.38
732	286.35999
733	286.29001
734	286.20999
735	286.26999
736	286.10999
737	286.20999
738	286.20999
739	286.26999
740	286.5
741	286.44
742	286.34
743	286.29001
744	286.29001
745	286.26999
746	286.14999
747	286.10999
748	286.14999
749	286.14999
750	286.13
751	286.20999
752	286.20999
753	286.35999
754	286.44
755	286.38
756	286.48001
757	286.5
758	286.39999
759	286.5
760	286.35999
761	285.82999
762	285.26999
763	285.26999
764	283.95001
765	283.22
766	282.89001
767	282.23999
768	281.79999
769	281.44
770	281.44
771	281.20999
772	281.19
773	281.25
774	281.34
775	281.48001
776	281.48001
777	281.64999
778	281.85999
779	282.03
780	282.13
781	282.29999
782	282.45001
783	282.51001
784	282.57001
785	282.89001
786	282.97
787	283.14001
788	283.28
789	283.28
790	283.32001
791	283.45001
792	283.48999
793	283.51001
794	283.64001
795	283.82999
796	283.82999
797	283.89001
798	283.78
799	283.85001
800	283.98999
801	283.95001
802	283.95001
803	284.07999
804	284.16
805	284.12
806	284.26999
807	284.22
808	284.32999
809	284.32999
810	284.35001
811	284.42999
812	284.41
813	284.47
814	284.5
815	284.47
816	284.51999
817	284.57999
818	284.54001
819	284.60001
820	284.57999
821	284.57999
822	284.66
823	284.64001
824	284.60001
825	284.66
826	284.64001
827	284.66
828	284.70001
829	284.66
830	284.70001
831	284.70001
832	284.64001
833	284.70001
834	284.70001
835	284.64001
836	284.60001
837	284.57999
838	284.70001
839	284.67999
840	284.66
841	284.66
842	284.54001
843	284.57999
844	284.56
845	284.51999
846	284.64001
847	284.73001
848	284.73001
849	284.67999
850	284.62
851	284.62
852	284.64001
853	284.70001
854	284.70001
855	284.67999
856	284.73001
857	284.76999
858	284.70001
859	284.67999
860	284.73001
861	284.64001
862	284.66
863	284.64001
864	284.66
865	284.64001
866	284.60001
867	284.66
868	284.70001
869	284.66
870	284.67999
871	284.66
872	284.57999
873	284.57999
874	284.64001
875	284.67999
876	284.75
877	284.81
878	284.75
879	284.76999
880	284.76999
881	284.66
882	284.64001
883	284.60001
884	284.60001
885	284.67999
886	284.60001
887	284.67999
888	284.64001
889	284.66
890	284.67999
891	284.64001
892	284.64001
893	284.62
894	284.64001
895	284.67999
896	284.67999
897	284.64001
898	284.67999
899	284.67999
900	284.73001
901	284.79001
902	284.81
903	284.79001
904	284.87
905	284.87
906	284.79001
907	284.81
908	284.85001
909	284.79001
910	284.79001
911	284.76999
912	284.76999
913	284.87
914	284.76999
915	284.85001
916	284.87
917	284.91
918	284.89001
919	284.89001
920	284.87
921	284.82999
922	284.81
923	284.79001
924	284.79001
925	284.82999
926	284.85001
927	284.73001
928	284.70001
929	284.75
930	284.76999
931	284.85001
932	284.81
933	284.81
934	284.85001
935	284.82999
936	284.91
937	284.87
938	284.89001
939	284.89001
940	284.87
941	284.98001
942	284.92999
943	284.85001
944	284.85001
945	284.89001
946	284.95999
947	284.91
948	284.82999
949	284.89001
950	284.91
951	284.91
952	284.81
953	284.92999
954	284.92999
955	284.92999
956	284.98001
957	284.91
958	284.92999
959	284.85001
960	284.79001
961	284.82999
962	284.75
963	284.85001
964	284.89001
965	284.91
966	284.98001
967	284.92999
968	284.79001
969	284.89001
970	284.76999
971	284.89001
972	284.87
973	284.95999
974	285.01999
975	284.92999
976	284.92999
977	284.98001
978	284.91
979	284.95999
980	284.92999
981	284.95999
982	284.95999
983	284.95999
984	284.95999
985	284.98001
986	284.89001
987	284.89001
988	284.89001
989	284.89001
990	284.89001
991	284.91
992	284.81
993	284.89001
994	284.92999
995	284.87
996	284.89001
997	284.82999
998	284.87
999	284.87
1000	284.87
1001	284.92999
1002	284.85001
1003	284.82999
1004	284.87
1005	284.91
1006	284.87
1007	284.82999
1008	284.89001
1009	284.89001
1010	284.89001
1011	284.95999
1012	284.91
1013	284.91
1014	284.92999
1015	284.92999
1016	284.92999
1017	284.89001
1018	284.89001
1019	284.91
1020	284.98001
1021	285
1022	285
1023	284.92999
1024	285.01999
1025	284.91
1026	285.01999
1027	284.92999
1028	285
1029	285
1030	285
1031	285.01999
1032	284.98001
1033	285.04001
1034	285.04001
1035	285
1036	285.07999
1037	285.01999
1038	285.14001
1039	285.12
1040	285.10001
1041	285.04001
1042	285.06
1043	284.92999
1044	285.06
1045	284.92999
1046	284.98001
1047	284.91
1048	284.87
1049	284.92999
1050	284.89001
1051	284.87
1052	284.85001
1053	284.89001
1054	284.89001
1055	284.89001
1056	285.01999
1057	285.01999
1058	285.04001
1059	285.16
1060	285.10001
1061	285.10001
1062	285.10001
1063	285.20999
1064	285.14001
1065	285.32999
1066	285.32999
1067	285.37
1068	285.45999
1069	285.57999
1070	285.64999
1071	285.70999
1072	285.85001
1073	285.88
1074	285.89999
1075	285.92001
1076	286.04001
1077	286.04001
1078	286.01999
1079	286.06
1080	286.04001
1081	286.06
1082	286.07999
1083	286
1084	285.98001
1085	286.04001
1086	286.04001
1087	286.07999
1088	286
1089	285.89999
1090	286.04001
1091	286
1092	286.06
1093	286.06
1094	286.06
1095	286.17001
1096	286.10999
1097	286.13
1098	286.06
1099	286.10999
1100	286.10999
1101	286.01999
1102	286
1103	286.01999
1104	285.95999
1105	285.98001
1106	286.06
1107	285.98001
1108	286.14999
1109	286.19
1110	286.20999
1111	286.07999
1112	286.13
1113	286.07999
1114	286
1115	286.01999
1116	285.92001
1117	285.98001
1118	285.89999
1119	286
1120	285.98001
1121	285.98001
1122	285.89999
1123	285.98001
1124	285.92001
1125	285.92001
1126	286.07999
1127	286.07999
1128	286.13
1129	286.10999
1130	286.25
1131	286.34
1132	286.34
1133	286.29001
1134	286.38
1135	286.29001
1136	286.26999
1137	286.19
1138	286.23001
1139	286.14999
1140	285.94
1141	285.94
1142	286.01999
1143	286.07999
1144	286.10999
1145	286.19
1146	286.17001
1147	286.26999
1148	286.19
1149	286.17001
1150	286.04001
1151	286.07999
1152	286.07999
1153	286.07999
1154	286.14999
1155	286.13
1156	286.07999
1157	286.14999
1158	286.10999
1159	286.07999
1160	286.10999
1161	286.04001
1162	286
1163	286
1164	286
1165	286.07999
1166	286.04001
1167	286.10999
1168	286.04001
1169	286.01999
1170	285.94
1171	285.94
1172	285.85001
1173	285.92001
1174	285.76999
1175	285.81
1176	285.79001
1177	285.88
1178	285.94
1179	285.92001
1180	285.98001
1181	286.04001
1182	286.07999
1183	286.04001
1184	286.17001
1185	286
1186	286.14999
1187	286.04001
1188	286.06
1189	286.13
1190	286.04001
1191	285.98001
1192	286.01999
1193	285.98001
1194	286.04001
1195	286
1196	286
1197	285.95999
1198	285.98001
1199	286.06
1200	286.01999
1201	286.14999
1202	286.07999
1203	286.07999
1204	286.10999
1205	286.17001
1206	286.19
1207	286.17001
1208	286.20999
1209	286.17001
1210	286.17001
1211	286.10999
1212	286.19
1213	286.14999
1214	286.06
1215	286
1216	285.95999
1217	286
1218	285.95999
1219	285.92001
1220	285.89999
1221	285.82999
1222	285.82999
1223	286
1224	285.98001
1225	286.04001
1226	286.14999
1227	286.20999
1228	286.29001
1229	286.42001
1230	286.39999
1231	286.48001
1232	286.34
1233	286.29001
1234	285.89999
1235	285.89999
1236	284.75
1237	283.87
1238	283.37
1239	282.60999
1240	282.03
1241	281.60999
1242	281.60999
1243	281.19
1244	281.09
1245	281.17001
1246	281.20999
1247	281.34
1248	281.34
1249	281.38
1250	281.59
1251	281.67001
1252	281.95999
1253	282.14999
1254	282.28
1255	282.39999
1256	282.51001
1257	282.70001
1258	282.82001
1259	282.89001
1260	282.92999
1261	282.97
1262	283.12
1263	283.12
1264	283.32001
1265	283.42999
1266	283.66
1267	283.66
1268	283.72
1269	283.70001
1270	283.70001
1271	283.73999
1272	283.76001
1273	283.89001
1274	283.89001
1275	283.98999
1276	283.97
1277	283.98999
1278	283.98999
1279	284.07999
1280	284.07999
1281	284.07999
1282	284.07999
1283	284.10001
1284	283.92999
1285	284.10001
1286	284.17999
1287	284.17999
1288	284.22
1289	284.23999
1290	284.20001
1291	284.26999
1292	284.32999
1293	284.32999
1294	284.31
1295	284.37
1296	284.29001
1297	284.42999
1298	284.39001
1299	284.32999
1300	284.47
1301	284.42999
1302	284.51999
1303	284.47
1304	284.45001
1305	284.45001
1306	284.45001
1307	284.54001
1308	284.62
1309	284.56
1310	284.56
1311	284.56
1312	284.54001
1313	284.54001
1314	284.60001
1315	284.54001
1316	284.5
1317	284.5
1318	284.62
1319	284.56
1320	284.51999
1321	284.54001
1322	284.5
1323	284.56
1324	284.60001
1325	284.60001
1326	284.54001
1327	284.57999
1328	284.56
1329	284.62
1330	284.62
1331	284.66
1332	284.60001
1333	284.60001
1334	284.56
1335	284.66
1336	284.62
1337	284.56
1338	284.56
1339	284.67999
1340	284.75
1341	284.75
1342	284.75
1343	284.75
1344	284.85001
1345	284.85001
1346	284.76999
1347	284.76999
1348	284.75
1349	284.81
1350	284.79001
1351	284.79001
1352	284.79001
1353	284.75
1354	284.64001
1355	284.75
1356	284.67999
1357	284.70001
1358	284.73001
1359	284.60001
1360	284.62
1361	284.70001
1362	284.67999
1363	284.73001
1364	284.70001
1365	284.75
1366	284.87
1367	284.73001
1368	284.73001
1369	284.75
1370	284.76999
1371	284.79001
1372	284.75
1373	284.73001
1374	284.73001
1375	284.89001
1376	284.82999
1377	284.82999
1378	284.76999
1379	284.70001
1380	284.73001
1381	284.67999
1382	284.75
1383	284.82999
1384	284.82999
1385	284.92999
1386	284.95999
1387	285
1388	285
1389	284.95999
1390	285
1391	284.85001
1392	284.89001
1393	284.87
1394	284.87
1395	284.87
1396	284.79001
1397	284.79001
1398	284.75
1399	284.76999
1400	284.60001
1401	284.70001
1402	284.73001
1403	284.76999
1404	284.81
1405	284.87
1406	284.89001
1407	284.79001
1408	284.92999
1409	284.87
1410	284.85001
1411	284.76999
1412	284.81
1413	284.85001
1414	284.85001
1415	284.76999
1416	284.76999
1417	284.76999
1418	284.79001
1419	284.82999
1420	284.89001
1421	284.92999
1422	284.92999
1423	284.92999
1424	284.87
1425	284.95999
1426	284.95999
1427	284.92999
1428	284.91
1429	284.89001
1430	284.92999
1431	284.92999
1432	284.98001
1433	284.95999
1434	285
1435	285
1436	285.01999
1437	285.01999
1438	284.92999
1439	284.91
1440	284.82999
1441	284.85001
1442	284.76999
1443	284.87
1444	284.81
1445	284.89001
1446	284.92999
1447	284.92999
1448	284.92999
1449	284.95999
1450	284.89001
1451	284.98001
1452	284.91
1453	284.76999
1454	284.79001
1455	284.79001
1456	284.79001
1457	284.75
1458	284.81
1459	284.82999
1460	284.79001
1461	284.92999
1462	284.85001
1463	284.91
1464	284.87
1465	284.89001
1466	284.87
1467	284.89001
1468	284.82999
1469	284.89001
1470	285.01999
1471	284.98001
1472	285.04001
1473	284.95999
1474	285.10001
1475	284.98001
1476	285.01999
1477	284.98001
1478	284.98001
1479	284.92999
1480	284.92999
1481	284.95999
1482	284.92999
1483	284.95999
1484	284.95999
1485	285
1486	284.95999
1487	284.95999
1488	284.92999
1489	285
1490	284.89001
1491	284.95999
1492	284.91
1493	285
1494	285
1495	285.01999
1496	285.06
1497	285.01999
1498	285.14001
1499	285
1500	284.95999
1501	284.92999
1502	284.95999
1503	285.01999
1504	284.95999
1505	284.95999
1506	285.04001
1507	285
1508	285.10001
1509	285.07999
1510	285.12
1511	285.10001
1512	285.10001
1513	285.16
1514	285.16
1515	285.10001
1516	285.19
1517	285.29001
1518	285.19
1519	285.19
1520	285.07999
1521	285
1522	285
1523	284.92999
1524	284.85001
1525	284.87
1526	284.87
1527	284.91
1528	284.91
1529	284.92999
1530	284.91
1531	285.04001
1532	285.10001
1533	285.10001
1534	285.26999
1535	285.35001
1536	285.44
1537	285.44
1538	285.48001
1539	285.48001
1540	285.42001
1541	285.62
1542	285.69
1543	285.75
1544	285.81
1545	285.79001
1546	285.79001
1547	285.62
1548	285.75
1549	285.76999
1550	285.70999
1551	285.60001
1552	285.64999
1553	285.67001
1554	285.81
1555	285.75
1556	285.79001
1557	285.79001
1558	285.79001
1559	285.69
1560	285.76999
1561	285.75
1562	285.73001
1563	285.70999
1564	285.82999
1565	285.82999
1566	285.85001
1567	285.88
1568	285.89999
1569	285.95999
1570	285.98001
1571	285.98001
1572	286.04001
1573	285.94
1574	285.98001
1575	286
1576	285.92001
1577	286
1578	286.01999
1579	286.07999
1580	286.07999
1581	286.06
1582	286.07999
1583	286.13
1584	286.07999
1585	286.07999
1586	286.04001
1587	286
1588	286.13
1589	286.06
1590	286.06
1591	286.04001
1592	286.10999
1593	286.13
1594	286.13
1595	286.06
1596	286.04001
1597	286.04001
1598	286.04001
1599	286.07999
1600	286.04001
1601	286
1602	286.06
1603	285.95999
1604	285.95999
1605	286
1606	286.01999
1607	286.04001
1608	286
1609	286.07999
1610	286.06
1611	286.06
1612	286.01999
1613	286.06
1614	285.98001
1615	286.06
1616	286.01999
1617	286.07999
1618	286
1619	286.04001
1620	286.07999
1621	285.98001
1622	286.01999
1623	286.01999
1624	285.98001
1625	286.01999
1626	285.98001
1627	285.95999
1628	286.01999
1629	286.01999
1630	286.06
1631	286.06
1632	286.10999
1633	286.14999
1634	286.19
1635	286.25
1636	286.25
1637	286.31
1638	286.20999
1639	286.20999
1640	286.17001
1641	286.20999
1642	286.13
1643	286.10999
1644	286.07999
1645	286.01999
1646	286.04001
1647	286
1648	286.01999
1649	286.01999
1650	286.06
1651	286.04001
1652	286.04001
1653	285.92001
1654	285.89999
1655	285.92001
1656	285.95999
1657	285.98001
1658	286
1659	285.95999
1660	286
1661	286
1662	286.04001
1663	286.06
1664	286.19
1665	286.07999
1666	286.10999
1667	286.14999
1668	286.14999
1669	286.07999
1670	286.17001
1671	286.07999
1672	286.06
1673	286.04001
1674	285.95999
1675	285.95999
1676	286
1677	286.06
1678	285.94
1679	286.13
1680	286.10999
1681	286.13
1682	286.07999
1683	285.95999
1684	286
1685	285.98001
1686	286.01999
1687	286.04001
1688	286.01999
1689	285.95999
1690	285.98001
1691	286.10999
1692	285.98001
1693	285.89999
1694	285.88
1695	285.92001
1696	285.94
1697	286
1698	286.10999
1699	286.17001
1700	286.17001
1701	286.31
1702	286.38
1703	286.44
1704	286.39999
1705	286.34
1706	286.26999
1707	286.26999
1708	285.51999
1709	284.76999
1710	284.29001
1711	283.47
1712	282.63
1713	282.29999
1714	281.94
1715	281.10999
1716	280.88
1717	280.75
1718	280.63
1719	280.57999
1720	280.63
1721	280.64999
1722	280.88
1723	281.04001
1724	281.14999
1725	281.32001
1726	281.48001
1727	281.60999
1728	281.60999
1729	281.82001
1730	281.94
1731	282.10999
1732	282.17001
1733	282.29999
1734	282.32001
1735	282.45001
1736	282.54999
1737	282.66
1738	282.78
1739	282.78
1740	282.92999
1741	283.09
1742	283.03
1743	283.26001
1744	283.23999
1745	283.29999
1746	283.29999
1747	283.48999
1748	283.57999
1749	283.60001
1750	283.66
1751	283.67999
1752	283.72
1753	283.73999
1754	283.78
1755	283.81
1756	283.78
1757	283.81
1758	283.82999
1759	283.92999
1760	283.87
1761	283.91
1762	283.97
1763	283.89001
1764	283.85001
1765	283.92999
1766	283.92999
1767	283.97
1768	283.95001
1769	283.89001
1770	283.91
1771	283.91
1772	283.91
1773	283.92999
1774	284.01001
1775	284.01001
1776	283.98999
1777	283.97
1778	283.97
1779	284.10001
1780	284.16
1781	284.16
1782	284.16
1783	284.17999
1784	284.22
1785	284.20001
1786	284.29001
1787	284.23999
1788	284.26999
1789	284.20001
1790	284.23999
1791	284.26999
1792	284.26999
1793	284.26999
1794	284.37
1795	284.29001
1796	284.37
1797	284.31
1798	284.17999
1799	284.26999
1800	284.22
1801	284.26999
1802	284.22
1803	284.23999
1804	284.31
1805	284.32999
1806	284.35001
1807	284.37
1808	284.41
1809	284.37
1810	284.37
1811	284.45001
1812	284.5
1813	284.51999
1814	284.54001
1815	284.47
1816	284.5
1817	284.5
1818	284.45001
1819	284.5
1820	284.42999
1821	284.45001
1822	284.41
1823	284.32999
1824	284.35001
1825	284.35001
1826	284.35001
1827	284.39001
1828	284.41
1829	284.37
1830	284.47
1831	284.42999
1832	284.51999
1833	284.45001
1834	284.51999
1835	284.54001
1836	284.54001
1837	284.54001
1838	284.47
1839	284.42999
1840	284.60001
1841	284.54001
1842	284.54001
1843	284.62
1844	284.64001
1845	284.54001
1846	284.47
1847	284.5
1848	284.5
1849	284.5
1850	284.47
1851	284.37
1852	284.39001
1853	284.39001
1854	284.35001
1855	284.39001
1856	284.39001
1857	284.41
1858	284.37
1859	284.37
1860	284.39001
1861	284.32999
1862	284.41
1863	284.37
1864	284.45001
1865	284.42999
1866	284.45001
1867	284.56
1868	284.5
1869	284.56
1870	284.54001
1871	284.5
1872	284.56
1873	284.56
1874	284.5
1875	284.57999
1876	284.57999
1877	284.56
1878	284.57999
1879	284.56
1880	284.51999
1881	284.51999
1882	284.54001
1883	284.51999
1884	284.51999
1885	284.51999
1886	284.47
1887	284.47
1888	284.47
1889	284.51999
1890	284.47
1891	284.51999
1892	284.45001
1893	284.51999
1894	284.47
1895	284.5
1896	284.47
1897	284.47
1898	284.39001
1899	284.32999
1900	284.35001
1901	284.23999
1902	284.23999
1903	284.32999
1904	284.31
1905	284.41
1906	284.41
1907	284.29001
1908	284.37
1909	284.35001
1910	284.35001
1911	284.39001
1912	284.37
1913	284.37
1914	284.45001
1915	284.51999
1916	284.51999
1917	284.54001
1918	284.54001
1919	284.51999
1920	284.51999
1921	284.54001
1922	284.5
1923	284.54001
1924	284.54001
1925	284.45001
1926	284.57999
1927	284.57999
1928	284.41
1929	284.42999
1930	284.47
1931	284.45001
1932	284.5
1933	284.47
1934	284.54001
1935	284.41
1936	284.45001
1937	284.39001
1938	284.45001
1939	284.47
1940	284.54001
1941	284.51999
1942	284.5
1943	284.41
1944	284.5
1945	284.51999
1946	284.45001
1947	284.56
1948	284.54001
1949	284.56
1950	284.57999
1951	284.57999
1952	284.57999
1953	284.54001
1954	284.54001
1955	284.47
1956	284.57999
1957	284.5
1958	284.5
1959	284.5
1960	284.47
1961	284.5
1962	284.5
1963	284.47
1964	284.51999
1965	284.54001
1966	284.5
1967	284.47
1968	284.57999
1969	284.54001
1970	284.54001
1971	284.5
1972	284.54001
1973	284.5
1974	284.39001
1975	284.51999
1976	284.42999
1977	284.5
1978	284.45001
1979	284.51999
1980	284.57999
1981	284.60001
1982	284.56
1983	284.57999
1984	284.57999
1985	284.62
1986	284.5
1987	284.54001
1988	284.5
1989	284.5
1990	284.64001
1991	284.64001
1992	284.64001
1993	284.57999
1994	284.57999
1995	284.47
1996	284.37
1997	284.42999
1998	284.42999
1999	284.42999
2000	284.41
2001	284.42999
2002	284.45001
2003	284.5
2004	284.56
2005	284.54001
2006	284.70001
2007	284.76999
2008	284.91
2009	285.01999
2010	285.10001
2011	285.29001
2012	285.26999
2013	285.57999
2014	285.60001
2015	285.54001
2016	285.56
2017	285.57999
2018	285.56
2019	285.45999
2020	285.48001
2021	285.54001
2022	285.5
2023	285.5
2024	285.62
2025	285.56
2026	285.54001
2027	285.51999
2028	285.56
2029	285.57999
2030	285.57999
2031	285.57999
2032	285.64999
2033	285.69
2034	285.64999
2035	285.81
2036	285.81
2037	285.81
2038	285.81
2039	285.85001
2040	285.73001
2041	285.85001
2042	285.82999
2043	285.76999
2044	285.81
2045	285.88
2046	285.89999
2047	285.89999
2048	285.88
2049	285.95999
2050	285.94
2051	285.94
2052	285.98001
2053	285.94
2054	285.98001
2055	285.95999
2056	286.01999
2057	285.95999
2058	286.04001
2059	285.92001
2060	285.88
2061	285.82999
2062	285.82999
2063	285.88
2064	285.88
2065	285.92001
2066	285.89999
2067	285.88
2068	285.88
2069	285.88
2070	285.82999
2071	285.81
2072	285.85001
2073	285.81
2074	285.79001
2075	285.79001
2076	285.79001
2077	285.82999
2078	285.88
2079	285.88
2080	285.75
2081	285.67001
2082	285.76999
2083	285.73001
2084	285.81
2085	285.76999
2086	285.73001
2087	285.79001
2088	285.70999
2089	285.73001
2090	285.79001
2091	285.81
2092	285.85001
2093	285.88
2094	285.88
2095	285.79001
2096	285.76999
2097	285.73001
2098	285.69
2099	285.60001
2100	285.67001
2101	285.67001
2102	285.69
2103	285.62
2104	285.75
2105	285.69
2106	285.73001
2107	285.73001
2108	285.73001
2109	285.73001
2110	285.73001
2111	285.75
2112	285.70999
2113	285.67001
2114	285.75
2115	285.73001
2116	285.73001
2117	285.73001
2118	285.75
2119	285.73001
2120	285.79001
2121	285.79001
2122	285.73001
2123	285.82999
2124	285.76999
2125	285.76999
2126	285.76999
2127	285.73001
2128	285.69
2129	285.70999
2130	285.75
2131	285.79001
2132	285.75
2133	285.75
2134	285.85001
2135	285.88
2136	285.89999
2137	285.89999
2138	285.85001
2139	285.81
2140	285.81
2141	285.88
2142	285.81
2143	285.76999
2144	285.75
2145	285.75
2146	285.82999
2147	285.76999
2148	285.76999
2149	285.76999
2150	285.88
2151	285.92001
2152	285.89999
2153	285.89999
2154	285.88
2155	285.92001
2156	285.79001
2157	285.85001
2158	285.82999
2159	285.88
2160	285.89999
2161	285.92001
2162	285.94
2163	285.94
2164	285.98001
2165	285.98001
2166	285.82999
2167	285.75
2168	285.75
2169	285.73001
2170	285.85001
2171	285.82999
2172	285.82999
2173	285.73001
2174	285.92001
2175	285.82999
2176	285.89999
2177	285.95999
2178	286
2179	286
2180	285.79001
2181	285.5
2182	285.23001
2183	284.51999
2184	283.67999
2185	283.35001
2186	282.85999
2187	281.69
2188	281.34
2189	280.84
2190	280.5
2191	280.38
2192	280.23001
2193	280.23001
2194	280.29001
2195	280.39999
2196	280.54001
2197	280.79001
2198	280.85999
2199	281.01999
2200	281.19
2201	281.35999
2202	281.59
2203	281.70999
2204	281.70999
2205	281.92001
2206	282.01001
2207	282.07001
2208	282.23999
2209	282.39999
2210	282.51001
2211	282.51001
2212	282.73999
2213	282.82001
2214	282.85999
2215	283.01001
2216	283.09
2217	283.14001
2218	283.09
2219	283.22
2220	283.22
2221	283.32001
2222	283.32001
2223	283.42999
2224	283.35001
2225	283.42999
2226	283.48999
2227	283.54999
2228	283.53
2229	283.57999
2230	283.57999
2231	283.54999
2232	283.54999
2233	283.64001
2234	283.72
2235	283.81
2236	283.81
2237	283.87
2238	283.85001
2239	283.87
2240	283.92999
2241	283.98999
2242	284.04001
2243	284.04001
2244	284.04001
2245	284.01001
2246	283.98999
2247	284.01001
2248	284.01001
2249	284.07999
2250	284.07999
2251	284.16
2252	284.14001
2253	284.17999
2254	284.22
2255	284.17999
2256	284.14001
2257	284.22
2258	284.12
2259	284.12
2260	284.12
2261	284.16
2262	284.17999
2263	284.23999
2264	284.20001
2265	284.22
2266	284.32999
2267	284.23999
2268	284.22
2269	284.23999
2270	284.26999
2271	284.22
2272	284.26999
2273	284.26999
2274	284.35001
2275	284.35001
2276	284.37
2277	284.32999
2278	284.39001
2279	284.45001
2280	284.35001
2281	284.45001
2282	284.45001
2283	284.39001
2284	284.45001
2285	284.47
2286	284.56
2287	284.56
2288	284.57999
2289	284.56
2290	284.47
2291	284.5
2292	284.39001
2293	284.35001
2294	284.35001
2295	284.41
2296	284.39001
2297	284.42999
2298	284.37
2299	284.41
2300	284.47
2301	284.5
2302	284.57999
2303	284.54001
2304	284.51999
2305	284.42999
2306	284.35001
2307	284.41
2308	284.47
2309	284.41
2310	284.39001
2311	284.42999
2312	284.51999
2313	284.56
2314	284.56
2315	284.64001
2316	284.62
2317	284.79001
2318	284.75
2319	284.67999
2320	284.75
2321	284.75
2322	284.75
2323	284.67999
2324	284.57999
2325	284.51999
2326	284.47
2327	284.62
2328	284.56
2329	284.5
2330	284.54001
2331	284.62
2332	284.70001
2333	284.67999
2334	284.66
2335	284.60001
2336	284.60001
2337	284.64001
2338	284.64001
2339	284.70001
2340	284.64001
2341	284.67999
2342	284.70001
2343	284.70001
2344	284.64001
2345	284.62
2346	284.62
2347	284.62
2348	284.62
2349	284.60001
2350	284.57999
2351	284.66
2352	284.66
2353	284.66
2354	284.70001
2355	284.75
2356	284.76999
2357	284.79001
2358	284.76999
2359	284.73001
2360	284.73001
2361	284.81
2362	284.85001
2363	284.87
2364	284.82999
2365	284.82999
2366	284.81
2367	284.81
2368	284.75
2369	284.79001
2370	284.73001
2371	284.64001
2372	284.62
2373	284.64001
2374	284.54001
2375	284.51999
2376	284.64001
2377	284.67999
2378	284.73001
2379	284.70001
2380	284.73001
2381	284.75
2382	284.75
2383	284.79001
2384	284.67999
2385	284.67999
2386	284.81
2387	284.81
2388	284.75
2389	284.76999
2390	284.73001
2391	284.82999
2392	284.82999
2393	284.75
2394	284.76999
2395	284.82999
2396	284.70001
2397	284.73001
2398	284.73001
2399	284.79001
2400	284.75
2401	284.73001
2402	284.79001
2403	284.82999
2404	284.76999
2405	284.75
2406	284.76999
2407	284.75
2408	284.75
2409	284.73001
2410	284.75
2411	284.76999
2412	284.79001
2413	284.81
2414	284.79001
2415	284.75
2416	284.76999
2417	284.76999
2418	284.81
2419	284.85001
2420	284.85001
2421	284.82999
2422	284.79001
2423	284.75
2424	284.75
2425	284.79001
2426	284.70001
2427	284.73001
2428	284.81
2429	284.81
2430	284.81
2431	284.81
2432	284.73001
2433	284.82999
2434	284.87
2435	284.85001
2436	284.85001
2437	284.79001
2438	284.87
2439	284.81
2440	284.85001
2441	284.82999
2442	284.81
2443	284.87
2444	284.87
2445	284.79001
2446	284.73001
2447	284.67999
2448	284.79001
2449	284.75
2450	284.75
2451	284.79001
2452	284.75
2453	284.75
2454	284.76999
2455	284.82999
2456	284.82999
2457	284.91
2458	284.89001
2459	284.87
2460	284.82999
2461	284.85001
2462	284.87
2463	284.87
2464	285.06
2465	285.07999
2466	285.07999
2467	284.95999
2468	284.87
2469	284.81
2470	284.79001
2471	284.57999
2472	284.57999
2473	284.5
2474	284.60001
2475	284.70001
2476	284.73001
2477	284.76999
2478	284.98001
2479	285.04001
2480	285.01999
2481	285.20999
2482	285.23001
2483	285.37
2484	285.39001
2485	285.5
2486	285.51999
2487	285.60001
2488	285.60001
2489	285.60001
2490	285.57999
2491	285.64999
2492	285.57999
2493	285.67001
2494	285.76999
2495	285.76999
2496	285.92001
2497	285.89999
2498	285.94
2499	285.89999
2500	285.94
2501	285.94
2502	285.94
2503	285.85001
2504	285.81
2505	285.82999
2506	285.85001
2507	285.85001
2508	285.79001
2509	285.88
2510	285.92001
2511	286
2512	285.95999
2513	285.92001
2514	285.85001
2515	285.82999
2516	285.75
2517	285.85001
2518	285.85001
2519	285.89999
2520	285.79001
2521	285.79001
2522	285.75
2523	285.69
2524	285.62
2525	285.56
2526	285.60001
2527	285.60001
2528	285.76999
2529	285.89999
2530	286
2531	285.92001
2532	285.92001
2533	285.79001
2534	285.79001
2535	285.70999
2536	285.73001
2537	285.67001
2538	285.69
2539	285.56
2540	285.56
2541	285.5
2542	285.54001
2543	285.56
2544	285.54001
2545	285.67001
2546	285.70999
2547	285.70999
2548	285.69
2549	285.67001
2550	285.62
2551	285.57999
2552	285.60001
2553	285.67001
2554	285.67001
2555	285.64999
2556	285.64999
2557	285.67001
2558	285.67001
2559	285.57999
2560	285.60001
2561	285.62
2562	285.76999
2563	285.76999
2564	285.73001
2565	285.62
2566	285.62
2567	285.64999
2568	285.73001
2569	285.81
2570	285.75
2571	285.81
2572	285.79001
2573	285.79001
2574	285.64999
2575	285.64999
2576	285.60001
2577	285.54001
2578	285.54001
2579	285.57999
2580	285.5
2581	285.67001
2582	285.64999
2583	285.73001
2584	285.75
2585	285.79001
2586	285.88
2587	285.75
2588	285.64999
2589	285.57999
2590	285.48001
2591	285.56
2592	285.64999
2593	285.73001
2594	285.79001
2595	285.89999
2596	285.94
2597	285.89999
2598	285.89999
2599	285.89999
2600	285.89999
2601	285.92001
2602	285.92001
2603	286.01999
2604	286.06
2605	286.06
2606	286.10999
2607	286.06
2608	286.07999
2609	286.01999
2610	286
2611	286.01999
2612	286.01999
2613	286.04001
2614	286.04001
2615	286
2616	286.10999
2617	286.04001
2618	286.07999
2619	286.01999
2620	286.04001
2621	285.98001
2622	286.01999
2623	286.04001
2624	286.06
2625	286.01999
2626	286.01999
2627	286.04001
2628	286.04001
2629	286.01999
2630	286.06
2631	286.01999
2632	285.92001
2633	285.89999
2634	285.76999
2635	285.76999
2636	285.79001
2637	285.79001
2638	285.95999
2639	285.92001
2640	285.92001
2641	285.94
2642	285.95999
2643	286.01999
2644	286.01999
2645	286.19
2646	286.17001
2647	286.17001
2648	286.23001
2649	286.26999
2650	286.17001
2651	286.29001
2652	286.13
2653	285.98001
2654	285.62
2655	284.81
2656	283.82999
2657	283.47
2658	282.84
2659	281.69
2660	281.39999
2661	281.01999
2662	280.67001
2663	280.54001
2664	280.39999
2665	280.35001
2666	280.39999
2667	280.56
2668	280.73001
2669	280.73001
2670	280.95999
2671	281.20999
2672	281.42001
2673	281.69
2674	281.88
2675	282.04999
2676	282.04999
2677	282.22
2678	282.38
2679	282.42999
2680	282.66
2681	282.76001
2682	282.89001
2683	282.89001
2684	283.09
2685	283.14001
2686	283.12
2687	283.23999
2688	283.29999
2689	283.37
2690	283.32001
2691	283.45001
2692	283.45001
2693	283.53
2694	283.62
2695	283.60001
2696	283.67999
2697	283.72
2698	283.73999
2699	283.85001
2700	283.87
2701	283.85001
2702	283.82999
2703	283.91
2704	283.91
2705	283.91
2706	283.97
2707	284.04001
2708	284.04001
2709	284.07999
2710	284.10001
2711	284.12
2712	284.07999
2713	284.12
2714	284.14001
2715	284.14001
2716	284.14001
2717	284.16
2718	284.17999
2719	284.20001
2720	284.16
2721	284.26999
2722	284.22
2723	284.16
2724	284.16
2725	284.29001
2726	284.32999
2727	284.32999
2728	284.20001
2729	284.29001
2730	284.31
2731	284.31
2732	284.31
2733	284.31
2734	284.32999
2735	284.39001
2736	284.35001
2737	284.39001
2738	284.42999
2739	284.47
2740	284.47
2741	284.45001
2742	284.42999
2743	284.45001
2744	284.35001
2745	284.35001
2746	284.29001
2747	284.29001
2748	284.35001
2749	284.35001
2750	284.35001
2751	284.35001
2752	284.39001
2753	284.41
2754	284.41
2755	284.35001
2756	284.35001
2757	284.47
2758	284.41
2759	284.45001
2760	284.42999
2761	284.45001
2762	284.45001
2763	284.41
2764	284.29001
2765	284.29001
2766	284.35001
2767	284.37
2768	284.37
2769	284.42999
2770	284.45001
2771	284.41
2772	284.41
2773	284.39001
2774	284.39001
2775	284.41
2776	284.45001
2777	284.45001
2778	284.35001
2779	284.35001
2780	284.35001
2781	284.39001
2782	284.41
2783	284.47
2784	284.5
2785	284.45001
2786	284.45001
2787	284.37
2788	284.42999
2789	284.45001
2790	284.39001
2791	284.39001
2792	284.42999
2793	284.41
2794	284.32999
2795	284.41
2796	284.32999
2797	284.31
2798	284.23999
2799	284.22
2800	284.26999
2801	284.22
2802	284.32999
2803	284.37
2804	284.31
2805	284.37
2806	284.35001
2807	284.29001
2808	284.39001
2809	284.35001
2810	284.35001
2811	284.39001
2812	284.39001
2813	284.37
2814	284.42999
2815	284.45001
2816	284.42999
2817	284.41
2818	284.41
2819	284.37
2820	284.39001
2821	284.35001
2822	284.32999
2823	284.39001
2824	284.45001
2825	284.45001
2826	284.5
2827	284.47
2828	284.54001
2829	284.5
2830	284.41
2831	284.56
2832	284.42999
2833	284.5
2834	284.45001
2835	284.41
2836	284.45001
2837	284.42999
2838	284.37
2839	284.45001
2840	284.45001
2841	284.56
2842	284.54001
2843	284.39001
2844	284.42999
2845	284.37
2846	284.35001
2847	284.37
2848	284.42999
2849	284.45001
2850	284.45001
2851	284.5
2852	284.47
2853	284.56
2854	284.64001
2855	284.60001
2856	284.56
2857	284.56
2858	284.54001
2859	284.54001
2860	284.51999
2861	284.54001
2862	284.56
2863	284.54001
2864	284.62
2865	284.54001
2866	284.56
2867	284.57999
2868	284.56
2869	284.60001
2870	284.57999
2871	284.62
2872	284.51999
2873	284.51999
2874	284.45001
2875	284.42999
2876	284.47
2877	284.47
2878	284.5
2879	284.5
2880	284.60001
2881	284.57999
2882	284.54001
2883	284.54001
2884	284.57999
2885	284.56
2886	284.56
2887	284.57999
2888	284.62
2889	284.62
2890	284.57999
2891	284.57999
2892	284.64001
2893	284.76999
2894	284.62
2895	284.60001
2896	284.60001
2897	284.62
2898	284.66
2899	284.62
2900	284.60001
2901	284.64001
2902	284.60001
2903	284.51999
2904	284.60001
2905	284.62
2906	284.60001
2907	284.60001
2908	284.57999
2909	284.56
2910	284.54001
2911	284.60001
2912	284.57999
2913	284.60001
2914	284.60001
2915	284.56
2916	284.60001
2917	284.60001
2918	284.51999
2919	284.42999
2920	284.51999
2921	284.51999
2922	284.60001
2923	284.60001
2924	284.60001
2925	284.5
2926	284.47
2927	284.45001
2928	284.45001
2929	284.54001
2930	284.45001
2931	284.51999
2932	284.5
2933	284.51999
2934	284.47
2935	284.47
2936	284.57999
2937	284.70001
2938	284.70001
2939	284.62
2940	284.57999
2941	284.37
2942	284.41
2943	284.20001
2944	284.16
2945	284.17999
2946	284.12
2947	284.20001
2948	284.22
2949	284.31
2950	284.47
2951	284.5
2952	284.57999
2953	284.67999
2954	284.73001
2955	284.73001
2956	284.73001
2957	284.89001
2958	284.89001
2959	285.01999
2960	285.01999
2961	285.29001
2962	285.25
2963	285.23001
2964	285.26999
2965	285.26999
2966	285.39001
2967	285.39001
2968	285.44
2969	285.54001
2970	285.54001
2971	285.62
2972	285.76999
2973	285.88
2974	285.95999
2975	286.20999
2976	286.25
2977	286.06
2978	285.73001
2979	285.75
2980	285.81
2981	285.88
2982	285.85001
2983	285.95999
2984	285.94
2985	285.89999
2986	285.92001
2987	286
2988	285.94
2989	285.92001
2990	285.98001
2991	285.89999
2992	285.89999
2993	286
2994	286.04001
2995	286.01999
2996	286.10999
2997	286.14999
2998	286.01999
2999	286.01999
3000	286.10999
3001	286.04001
3002	285.98001
3003	285.98001
3004	286
3005	286.06
3006	286.06
3007	286.10999
3008	286.17001
3009	286.06
3010	286.04001
3011	285.95999
3012	285.94
3013	285.92001
3014	285.98001
3015	285.92001
3016	285.94
3017	285.94
3018	285.95999
3019	285.82999
3020	285.85001
3021	285.94
3022	285.92001
3023	285.95999
3024	285.98001
3025	286.01999
3026	286
3027	286
3028	286
3029	285.94
3030	285.88
3031	285.88
3032	285.89999
3033	285.82999
3034	285.76999
3035	285.85001
3036	285.89999
3037	285.81
3038	285.81
3039	285.88
3040	285.89999
3041	285.89999
3042	285.85001
3043	285.81
3044	285.76999
3045	285.75
3046	285.67001
3047	285.60001
3048	285.69
3049	285.70999
3050	285.57999
3051	285.76999
3052	285.69
3053	285.81
3054	285.75
3055	285.81
3056	285.76999
3057	285.73001
3058	285.82999
3059	285.73001
3060	285.75
3061	285.70999
3062	285.64999
3063	285.56
3064	285.67001
3065	285.75
3066	285.73001
3067	285.75
3068	285.76999
3069	285.81
3070	285.81
3071	285.69
3072	285.64999
3073	285.67001
3074	285.62
3075	285.69
3076	285.81
3077	285.81
3078	285.89999
3079	285.85001
3080	285.89999
3081	285.88
3082	285.88
3083	285.88
3084	285.82999
3085	285.88
3086	285.88
3087	285.79001
3088	285.67001
3089	285.64999
3090	285.62
3091	285.62
3092	285.73001
3093	285.75
3094	285.79001
3095	285.79001
3096	285.81
3097	285.73001
3098	285.79001
3099	285.81
3100	285.88
3101	285.69
3102	285.69
3103	285.75
3104	285.69
3105	285.67001
3106	285.70999
3107	285.67001
3108	285.56
3109	285.56
3110	285.75
3111	285.70999
3112	285.64999
3113	285.57999
3114	285.57999
3115	285.64999
3116	285.64999
3117	285.76999
3118	285.69
3119	285.76999
3120	285.75
3121	285.75
3122	285.76999
3123	285.76999
3124	285.88
3125	285.85001
3126	285.75
3127	285.42001
3128	285.14001
3129	284.54001
3130	284.20001
3131	283.35001
3132	282.48999
3133	281.64999
3134	280.88
3135	280.54001
3136	280.17001
3137	280.10001
3138	279.85001
3139	279.81
3140	279.92001
3141	279.92001
3142	280.12
3143	280.25
3144	280.32999
3145	280.44
3146	280.63
3147	280.89999
3148	280.89999
3149	281.14999
3150	281.42001
3151	281.5
3152	281.67001
3153	281.85999
3154	281.88
3155	281.98999
3156	282.14999
3157	282.26001
3158	282.39999
3159	282.51001
3160	282.60999
3161	282.63
3162	282.70001
3163	282.89001
3164	282.85999
3165	282.92999
3166	282.97
3167	282.97
3168	283.04999
3169	283.07001
3170	283.14001
3171	283.28
3172	283.29999
3173	283.29999
3174	283.41
3175	283.47
3176	283.42999
3177	283.42999
3178	283.42999
3179	283.42999
3180	283.42999
3181	283.53
3182	283.47
3183	283.47
3184	283.54999
3185	283.54999
3186	283.64001
3187	283.64001
3188	283.73999
3189	283.78
3190	283.78
3191	283.81
3192	283.82999
3193	283.87
3194	283.81
3195	283.89001
3196	283.91
3197	283.87
3198	283.85001
3199	283.87
3200	283.87
3201	283.91
3202	283.95001
3203	284.01001
3204	284.06
3205	284.06
3206	284.04001
3207	284.10001
3208	284.07999
3209	284.06
3210	284.12
3211	284.14001
3212	284.14001
3213	284.22
3214	284.20001
3215	284.10001
3216	284.14001
3217	284.20001
3218	284.22
3219	284.22
3220	284.26999
3221	284.23999
3222	284.23999
3223	284.23999
3224	284.26999
3225	284.26999
3226	284.26999
3227	284.32999
3228	284.31
3229	284.31
3230	284.32999
3231	284.39001
3232	284.35001
3233	284.39001
3234	284.35001
3235	284.42999
3236	284.39001
3237	284.39001
3238	284.37
3239	284.41
3240	284.39001
3241	284.45001
3242	284.54001
3243	284.54001
3244	284.54001
3245	284.51999
3246	284.56
3247	284.5
3248	284.54001
3249	284.54001
3250	284.5
3251	284.5
3252	284.47
3253	284.45001
3254	284.41
3255	284.51999
3256	284.56
3257	284.57999
3258	284.57999
3259	284.54001
3260	284.54001
3261	284.56
3262	284.56
3263	284.60001
3264	284.64001
3265	284.57999
3266	284.56
3267	284.57999
3268	284.47
3269	284.56
3270	284.54001
3271	284.47
3272	284.60001
3273	284.62
3274	284.57999
3275	284.56
3276	284.56
3277	284.51999
3278	284.47
3279	284.51999
3280	284.57999
3281	284.64001
3282	284.64001
3283	284.64001
3284	284.64001
3285	284.64001
3286	284.57999
3287	284.57999
3288	284.60001
3289	284.54001
3290	284.54001
3291	284.66
3292	284.70001
3293	284.66
3294	284.67999
3295	284.70001
3296	284.70001
3297	284.66
3298	284.62
3299	284.57999
3300	284.64001
3301	284.60001
3302	284.62
3303	284.62
3304	284.66
3305	284.66
3306	284.64001
3307	284.57999
3308	284.60001
3309	284.57999
3310	284.60001
3311	284.57999
3312	284.56
3313	284.60001
3314	284.70001
3315	284.66
3316	284.64001
3317	284.60001
3318	284.62
3319	284.62
3320	284.64001
3321	284.67999
3322	284.67999
3323	284.70001
3324	284.70001
3325	284.62
3326	284.73001
3327	284.60001
3328	284.62
3329	284.62
3330	284.62
3331	284.64001
3332	284.70001
3333	284.70001
3334	284.67999
3335	284.62
3336	284.67999
3337	284.66
3338	284.66
3339	284.70001
3340	284.66
3341	284.62
3342	284.57999
3343	284.64001
3344	284.56
3345	284.47
3346	284.5
3347	284.47
3348	284.42999
3349	284.45001
3350	284.47
3351	284.51999
3352	284.57999
3353	284.54001
3354	284.54001
3355	284.56
3356	284.57999
3357	284.66
3358	284.51999
3359	284.51999
3360	284.51999
3361	284.51999
3362	284.54001
3363	284.56
3364	284.54001
3365	284.56
3366	284.56
3367	284.51999
3368	284.51999
3369	284.51999
3370	284.56
3371	284.62
3372	284.54001
3373	284.62
3374	284.60001
3375	284.54001
3376	284.51999
3377	284.56
3378	284.60001
3379	284.60001
3380	284.64001
3381	284.64001
3382	284.67999
3383	284.70001
3384	284.79001
3385	284.87
3386	284.76999
3387	284.73001
3388	284.73001
3389	284.70001
3390	284.64001
3391	284.66
3392	284.60001
3393	284.60001
3394	284.56
3395	284.62
3396	284.64001
3397	284.56
3398	284.64001
3399	284.64001
3400	284.64001
3401	284.60001
3402	284.62
3403	284.62
3404	284.60001
3405	284.62
3406	284.56
3407	284.64001
3408	284.62
3409	284.60001
3410	284.76999
3411	284.73001
3412	284.73001
3413	284.70001
3414	284.67999
3415	284.57999
3416	284.54001
3417	284.56
3418	284.51999
3419	284.45001
3420	284.5
3421	284.5
3422	284.42999
3423	284.42999
3424	284.42999
3425	284.42999
3426	284.51999
3427	284.70001
3428	284.75
3429	284.89001
3430	285.06
3431	285.25
3432	285.25
3433	285.31
3434	285.31
3435	285.37
3436	285.35001
3437	285.32999
3438	285.31
3439	285.31
3440	285.31
3441	285.42001
3442	285.29001
3443	285.45999
3444	285.56
3445	285.60001
3446	285.62
3447	285.62
3448	285.64999
3449	285.67001
3450	285.54001
3451	285.54001
3452	285.51999
3453	285.56
3454	285.62
3455	285.62
3456	285.69
3457	285.67001
3458	285.56
3459	285.67001
3460	285.62
3461	285.62
3462	285.60001
3463	285.67001
3464	285.67001
3465	285.62
3466	285.70999
3467	285.75
3468	285.73001
3469	285.70999
3470	285.76999
3471	285.76999
3472	285.81
3473	285.81
3474	285.79001
3475	285.79001
3476	285.75
3477	285.67001
3478	285.69
3479	285.75
3480	285.79001
3481	285.85001
3482	285.85001
3483	285.85001
3484	285.81
3485	285.82999
3486	285.70999
3487	285.76999
3488	285.79001
3489	285.88
3490	285.82999
3491	285.92001
3492	285.81
3493	285.79001
3494	285.69
3495	285.75
3496	285.75
3497	285.67001
3498	285.69
3499	285.67001
3500	285.70999
3501	285.70999
3502	285.69
3503	285.69
3504	285.67001
3505	285.70999
3506	285.76999
3507	285.75
3508	285.79001
3509	285.79001
3510	285.79001
3511	285.70999
3512	285.70999
3513	285.81
3514	285.73001
3515	285.75
3516	285.79001
3517	285.70999
3518	285.62
3519	285.64999
3520	285.56
3521	285.62
3522	285.60001
3523	285.60001
3524	285.60001
3525	285.67001
3526	285.67001
3527	285.67001
3528	285.70999
3529	285.64999
3530	285.60001
3531	285.67001
3532	285.64999
3533	285.64999
3534	285.57999
3535	285.57999
3536	285.64999
3537	285.57999
3538	285.56
3539	285.60001
3540	285.54001
3541	285.54001
3542	285.54001
3543	285.54001
3544	285.42001
3545	285.56
3546	285.45999
3547	285.5
3548	285.48001
3549	285.56
3550	285.56
3551	285.57999
3552	285.54001
3553	285.51999
3554	285.56
3555	285.48001
3556	285.56
3557	285.48001
3558	285.5
3559	285.45999
3560	285.42001
3561	285.42001
3562	285.39001
3563	285.42001
3564	285.35001
3565	285.26999
3566	285.32999
3567	285.32999
3568	285.56
3569	285.56
3570	285.57999
3571	285.64999
3572	285.70999
3573	285.67001
3574	285.67001
3575	285.57999
3576	285.60001
3577	285.54001
3578	285.48001
3579	285.37
3580	285.39001
3581	285.39001
3582	285.56
3583	285.48001
3584	285.57999
3585	285.54001
3586	285.32999
3587	285.31
3588	285.42001
3589	285.56
3590	285.70999
3591	285.75
3592	285.79001
3593	285.76999
3594	285.82999
3595	285.76999
3596	285.88
3597	285.98001
3598	285.89999
3599	285.81
3600	285.76999
3601	285.5
3602	285.29001
3603	284.79001
3604	284.37
3605	283.76001
3606	283.76001
3607	282.82001
3608	282.34
3609	282.07001
3610	281.70999
3611	281.42001
3612	281.32001
3613	281.32001
3614	281.26999
3615	281.38
3616	281.34
3617	281.5
3618	281.57001
3619	281.73001
3620	281.73001
3621	281.98999
3622	282.03
3623	282.17001
3624	282.32001
3625	282.35999
3626	282.51001
3627	282.59
3628	282.78
3629	282.84
3630	282.92999
3631	282.98999
3632	283.07001
3633	283.14001
3634	283.20001
3635	283.22
3636	283.26001
3637	283.35001
3638	283.35001
3639	283.32001
3640	283.48999
3641	283.42999
3642	283.60001
3643	283.64001
3644	283.72
3645	283.72
3646	283.81
3647	283.87
3648	283.85001
3649	283.85001
3650	283.89001
3651	283.89001
3652	283.89001
3653	283.89001
3654	283.91
3655	283.92999
3656	283.97
3657	283.95001
3658	283.98999
3659	283.97
3660	283.98999
3661	284.04001
3662	284.07999
3663	284.14001
3664	284.10001
3665	284.16
3666	284.14001
3667	284.17999
3668	284.10001
3669	284.14001
3670	284.17999
3671	284.16
3672	284.16
3673	284.14001
3674	284.12
3675	284.16
3676	284.23999
3677	284.23999
3678	284.26999
3679	284.26999
3680	284.32999
3681	284.26999
3682	284.20001
3683	284.26999
3684	284.26999
3685	284.23999
3686	284.29001
3687	284.32999
3688	284.20001
3689	284.35001
3690	284.31
3691	284.31
3692	284.31
3693	284.29001
3694	284.32999
3695	284.17999
3696	284.26999
3697	284.23999
3698	284.31
3699	284.23999
3700	284.26999
3701	284.35001
3702	284.32999
3703	284.35001
3704	284.39001
3705	284.39001
3706	284.39001
3707	284.42999
3708	284.41
3709	284.41
3710	284.45001
3711	284.45001
3712	284.41
3713	284.32999
3714	284.31
3715	284.26999
3716	284.26999
3717	284.37
3718	284.37
3719	284.35001
3720	284.31
3721	284.29001
3722	284.39001
3723	284.39001
3724	284.45001
3725	284.54001
3726	284.5
3727	284.51999
3728	284.51999
3729	284.54001
3730	284.51999
3731	284.5
3732	284.47
3733	284.51999
3734	284.56
3735	284.60001
3736	284.54001
3737	284.47
3738	284.45001
3739	284.5
3740	284.42999
3741	284.39001
3742	284.45001
3743	284.45001
3744	284.47
3745	284.42999
3746	284.42999
3747	284.32999
3748	284.32999
3749	284.41
3750	284.41
3751	284.35001
3752	284.39001
3753	284.39001
3754	284.37
3755	284.37
3756	284.39001
3757	284.35001
3758	284.35001
3759	284.42999
3760	284.35001
3761	284.39001
3762	284.39001
3763	284.41
3764	284.37
3765	284.39001
3766	284.41
3767	284.47
3768	284.47
3769	284.51999
3770	284.57999
3771	284.47
3772	284.45001
3773	284.5
3774	284.47
3775	284.51999
3776	284.5
3777	284.57999
3778	284.57999
3779	284.62
3780	284.62
3781	284.64001
3782	284.62
3783	284.57999
3784	284.64001
3785	284.62
3786	284.57999
3787	284.57999
3788	284.51999
3789	284.51999
3790	284.5
3791	284.47
3792	284.47
3793	284.56
3794	284.56
3795	284.5
3796	284.5
3797	284.5
3798	284.45001
3799	284.47
3800	284.5
3801	284.5
3802	284.54001
3803	284.5
3804	284.56
3805	284.47
3806	284.51999
3807	284.54001
3808	284.47
3809	284.45001
3810	284.45001
3811	284.45001
3812	284.5
3813	284.5
3814	284.51999
3815	284.51999
3816	284.54001
3817	284.56
3818	284.54001
3819	284.62
3820	284.57999
3821	284.66
3822	284.62
3823	284.57999
3824	284.57999
3825	284.60001
3826	284.60001
3827	284.60001
3828	284.60001
3829	284.56
3830	284.56
3831	284.60001
3832	284.56
3833	284.56
3834	284.56
3835	284.66
3836	284.60001
3837	284.70001
3838	284.66
3839	284.60001
3840	284.64001
3841	284.64001
3842	284.66
3843	284.66
3844	284.70001
3845	284.62
3846	284.62
3847	284.56
3848	284.60001
3849	284.57999
3850	284.62
3851	284.62
3852	284.62
3853	284.67999
3854	284.81
3855	284.73001
3856	284.73001
3857	284.66
3858	284.66
3859	284.64001
3860	284.54001
3861	284.57999
3862	284.54001
3863	284.54001
3864	284.56
3865	284.56
3866	284.56
3867	284.47
3868	284.54001
3869	284.60001
3870	284.64001
3871	284.60001
3872	284.60001
3873	284.57999
3874	284.60001
3875	284.57999
3876	284.57999
3877	284.56
3878	284.60001
3879	284.60001
3880	284.75
3881	284.64001
3882	284.64001
3883	284.70001
3884	284.76999
3885	284.70001
3886	284.60001
3887	284.51999
3888	284.45001
3889	284.37
3890	284.35001
3891	284.35001
3892	284.32999
3893	284.35001
3894	284.31
3895	284.39001
3896	284.42999
3897	284.42999
3898	284.56
3899	284.62
3900	284.62
3901	284.70001
3902	284.82999
3903	284.82999
3904	284.82999
3905	285
3906	285
3907	285.04001
3908	285.10001
3909	285.12
3910	285.19
3911	285.26999
3912	285.39001
3913	285.37
3914	285.26999
3915	285.35001
3916	285.45999
3917	285.39001
3918	285.39001
3919	285.51999
3920	285.48001
3921	285.69
3922	285.60001
3923	285.64999
3924	285.62
3925	285.51999
3926	285.37
3927	285.25
3928	285.16
3929	285.16
3930	285.14001
3931	285.23001
3932	285.26999
3933	285.37
3934	285.39001
3935	285.35001
3936	285.35001
3937	285.42001
3938	285.51999
3939	285.5
3940	285.57999
3941	285.57999
3942	285.69
3943	285.69
3944	285.56
3945	285.60001
3946	285.56
3947	285.54001
3948	285.48001
3949	285.54001
3950	285.5
3951	285.54001
3952	285.51999
3953	285.48001
3954	285.45999
3955	285.44
3956	285.5
3957	285.54001
3958	285.62
3959	285.54001
3960	285.5
3961	285.51999
3962	285.48001
3963	285.56
3964	285.56
3965	285.62
3966	285.64999
3967	285.54001
3968	285.54001
3969	285.42001
3970	285.54001
3971	285.44
3972	285.26999
3973	285.04001
3974	284.82999
3975	284.82999
3976	284.62
3977	284.75
3978	284.82999
3979	284.98001
3980	285.06
3981	285.10001
3982	285.16
3983	285.39001
3984	285.42001
3985	285.44
3986	285.45999
3987	285.44
3988	285.56
3989	285.56
3990	285.70999
3991	285.73001
3992	285.69
3993	285.64999
3994	285.64999
3995	285.64999
3996	285.62
3997	285.67001
3998	285.57999
3999	285.62
4000	285.62
4001	285.70999
4002	285.73001
4003	285.73001
4004	285.75
4005	285.79001
4006	285.75
4007	285.75
4008	285.75
4009	285.79001
4010	285.82999
4011	285.67001
4012	285.64999
4013	285.5
4014	285.5
4015	285.37
4016	285.32999
4017	285.35001
4018	285.31
4019	285.42001
4020	285.56
4021	285.54001
4022	285.57999
4023	285.60001
4024	285.60001
4025	285.5
4026	285.39001
4027	285.51999
4028	285.48001
4029	285.56
4030	285.62
4031	285.54001
4032	285.56
4033	285.57999
4034	285.64999
4035	285.56
4036	285.48001
4037	285.51999
4038	285.45999
4039	285.45999
4040	285.51999
4041	285.51999
4042	285.44
4043	285.54001
4044	285.54001
4045	285.45999
4046	285.45999
4047	285.44
4048	285.42001
4049	285.51999
4050	285.5
4051	285.62
4052	285.57999
4053	285.56
4054	285.67001
4055	285.69
4056	285.79001
4057	285.82999
4058	285.85001
4059	285.76999
4060	285.64999
4061	285.60001
4062	285.67001
4063	285.82999
4064	285.85001
4065	285.82999
4066	285.85001
4067	285.79001
4068	285.82999
4069	285.88
4070	285.89999
4071	285.82999
4072	285.82999
4073	285.88
4074	285.76999
4075	285.5
4076	285.01999
4077	284.39001
4078	284.39001
4079	283.29999
4080	282.76001
4081	282.48999
4082	282.04999
4083	281.76001
4084	281.70999
4085	281.70999
4086	281.63
4087	281.70999
4088	281.73001
4089	281.79999
4090	281.95999
4091	282.04999
4092	282.09
4093	282.34
4094	282.38
4095	282.60999
4096	282.72
4097	282.84
4098	282.91
4099	283.01001
4100	283.22
4101	283.22
4102	283.37
4103	283.39001
4104	283.41
4105	283.45001
4106	283.41
4107	283.60001
4108	283.66
4109	283.81
4110	283.81
4111	283.82999
4112	283.98999
4113	283.91
4114	283.91
4115	284.06
4116	284.04001
4117	284.04001
4118	284.04001
4119	284.17999
4120	284.20001
4121	284.22
4122	284.32999
4123	284.37
4124	284.37
4125	284.42999
4126	284.42999
4127	284.41
4128	284.35001
4129	284.39001
4130	284.31
4131	284.26999
4132	284.37
4133	284.35001
4134	284.39001
4135	284.35001
4136	284.35001
4137	284.39001
4138	284.31
4139	284.35001
4140	284.45001
4141	284.51999
4142	284.5
4143	284.60001
4144	284.60001
4145	284.60001
4146	284.64001
4147	284.73001
4148	284.66
4149	284.66
4150	284.67999
4151	284.73001
4152	284.70001
4153	284.75
4154	284.85001
4155	284.89001
4156	284.89001
4157	284.81
4158	284.76999
4159	284.79001
4160	284.73001
4161	284.81
4162	284.79001
4163	284.81
4164	284.75
4165	284.85001
4166	284.87
4167	284.95999
4168	284.87
4169	284.92999
4170	284.95999
4171	284.91
4172	284.95999
4173	284.89001
4174	284.82999
4175	284.91
4176	284.81
4177	284.85001
4178	284.87
4179	284.87
4180	284.89001
4181	284.89001
4182	284.95999
4183	284.91
4184	284.87
4185	284.89001
4186	284.89001
4187	284.95999
4188	284.95999
4189	284.87
4190	284.87
4191	284.91
4192	284.89001
4193	284.95999
4194	285
4195	285
4196	284.92999
4197	285
4198	285.06
4199	285.07999
4200	285.01999
4201	285.06
4202	285.01999
4203	284.95999
4204	284.98001
4205	284.95999
4206	284.89001
4207	284.87
4208	284.87
4209	284.79001
4210	284.81
4211	284.85001
4212	284.81
4213	284.79001
4214	284.81
4215	284.85001
4216	284.89001
4217	284.85001
4218	284.85001
4219	284.79001
4220	284.79001
4221	284.82999
4222	284.81
4223	284.70001
4224	284.79001
4225	284.76999
4226	284.85001
4227	284.85001
4228	284.81
4229	284.81
4230	284.79001
4231	284.87
4232	284.79001
4233	284.81
4234	284.85001
4235	284.81
4236	284.70001
4237	284.76999
4238	284.75
4239	284.75
4240	284.73001
4241	284.70001
4242	284.57999
4243	284.60001
4244	284.60001
4245	284.67999
4246	284.73001
4247	284.73001
4248	284.75
4249	284.81
4250	284.76999
4251	284.79001
4252	284.79001
4253	284.75
4254	284.76999
4255	284.76999
4256	284.73001
4257	284.76999
4258	284.70001
4259	284.70001
4260	284.70001
4261	284.75
4262	284.76999
4263	284.67999
4264	284.75
4265	284.79001
4266	284.79001
4267	284.91
4268	284.85001
4269	284.85001
4270	284.92999
4271	284.89001
4272	284.87
4273	284.87
4274	284.82999
4275	284.82999
4276	284.81
4277	284.75
4278	284.82999
4279	284.89001
4280	284.87
4281	284.89001
4282	284.87
4283	284.87
4284	284.89001
4285	284.82999
4286	284.75
4287	284.76999
4288	284.75
4289	284.73001
4290	284.75
4291	284.75
4292	284.75
4293	284.79001
4294	284.76999
4295	284.87
4296	284.82999
4297	284.75
4298	284.75
4299	284.75
4300	284.70001
4301	284.76999
4302	284.73001
4303	284.75
4304	284.76999
4305	284.73001
4306	284.62
4307	284.70001
4308	284.76999
4309	284.73001
4310	284.79001
4311	284.79001
4312	284.76999
4313	284.82999
4314	284.79001
4315	284.79001
4316	284.70001
4317	284.67999
4318	284.64001
4319	284.76999
4320	284.79001
4321	284.73001
4322	284.66
4323	284.73001
4324	284.81
4325	284.81
4326	284.79001
4327	284.79001
4328	284.75
4329	284.85001
4330	284.85001
4331	284.82999
4332	284.85001
4333	284.81
4334	284.87
4335	284.82999
4336	284.85001
4337	284.85001
4338	284.81
4339	284.81
4340	284.81
4341	284.75
4342	284.75
4343	284.81
4344	284.79001
4345	284.67999
4346	284.64001
4347	284.73001
4348	284.70001
4349	284.70001
4350	284.79001
4351	284.76999
4352	284.81
4353	284.75
4354	284.81
4355	284.70001
4356	284.82999
4357	285
4358	284.95999
4359	285
4360	284.92999
4361	284.85001
4362	284.85001
4363	284.79001
4364	284.76999
4365	284.76999
4366	284.82999
4367	284.92999
4368	285.07999
4369	285.07999
4370	284.92999
4371	285
4372	285
4373	285.19
4374	285.31
4375	285.39001
4376	285.39001
4377	285.54001
4378	285.62
4379	285.62
4380	285.67001
4381	285.75
4382	285.70999
4383	285.67001
4384	285.67001
4385	285.69
4386	285.57999
4387	285.64999
4388	285.62
4389	285.54001
4390	285.62
4391	285.60001
4392	285.64999
4393	285.64999
4394	285.57999
4395	285.56
4396	285.56
4397	285.62
4398	285.69
4399	285.60001
4400	285.69
4401	285.69
4402	285.69
4403	285.69
4404	285.67001
4405	285.57999
4406	285.54001
4407	285.57999
4408	285.57999
4409	285.54001
4410	285.57999
4411	285.57999
4412	285.57999
4413	285.60001
4414	285.5
4415	285.44
4416	285.5
4417	285.60001
4418	285.62
4419	285.62
4420	285.54001
4421	285.5
4422	285.5
4423	285.48001
4424	285.44
4425	285.45999
4426	285.32999
4427	285.26999
4428	285.26999
4429	285.25
4430	285.26999
4431	285.39001
4432	285.35001
4433	285.35001
4434	285.42001
4435	285.51999
4436	285.54001
4437	285.57999
4438	285.62
4439	285.60001
4440	285.60001
4441	285.57999
4442	285.57999
4443	285.54001
4444	285.54001
4445	285.56
4446	285.64999
4447	285.64999
4448	285.73001
4449	285.81
4450	285.81
4451	285.82999
4452	285.92001
4453	285.82999
4454	285.88
4455	285.98001
4456	285.89999
4457	285.88
4458	285.88
4459	285.82999
4460	285.75
4461	285.76999
4462	285.73001
4463	285.76999
4464	285.69
4465	285.60001
4466	285.57999
4467	285.56
4468	285.64999
4469	285.64999
4470	285.70999
4471	285.60001
4472	285.60001
4473	285.5
4474	285.48001
4475	285.5
4476	285.51999
4477	285.62
4478	285.69
4479	285.69
4480	285.64999
4481	285.64999
4482	285.69
4483	285.54001
4484	285.5
4485	285.54001
4486	285.56
4487	285.54001
4488	285.67001
4489	285.62
4490	285.60001
4491	285.62
4492	285.62
4493	285.62
4494	285.70999
4495	285.67001
4496	285.69
4497	285.62
4498	285.54001
4499	285.51999
4500	285.60001
4501	285.42001
4502	285.32999
4503	285.37
4504	285.37
4505	285.44
4506	285.54001
4507	285.56
4508	285.60001
4509	285.60001
4510	285.64999
4511	285.64999
4512	285.57999
4513	285.60001
4514	285.56
4515	285.57999
4516	285.5
4517	285.51999
4518	285.51999
4519	285.45999
4520	285.5
4521	285.48001
4522	285.44
4523	285.51999
4524	285.54001
4525	285.54001
4526	285.45999
4527	285.42001
4528	285.48001
4529	285.51999
4530	285.45999
4531	285.42001
4532	285.44
4533	285.48001
4534	285.54001
4535	285.5
4536	285.57999
4537	285.67001
4538	285.79001
4539	285.76999
4540	285.81
4541	285.82999
4542	285.85001
4543	285.85001
4544	286
4545	285.94
4546	285.92001
4547	285.70999
4548	285.31
4549	284.79001
4550	284.79001
4551	283.95001
4552	283.48999
4553	283.23999
4554	282.79999
4555	282.38
4556	282.28
4557	282.17001
4558	281.92001
4559	282.03
4560	281.95999
4561	282.01001
4562	282.09
4563	282.20001
4564	282.17001
4565	282.42999
4566	282.57001
4567	282.66
4568	282.79999
4569	282.76001
4570	282.97
4571	283.01001
4572	283.12
4573	283.22
4574	283.28
4575	283.37
4576	283.45001
4577	283.53
4578	283.60001
4579	283.66
4580	283.70001
4581	283.73999
4582	283.73999
4583	283.82999
4584	283.97
4585	283.92999
4586	283.98999
4587	284.07999
4588	284.14001
4589	284.14001
4590	284.10001
4591	284.20001
4592	284.22
4593	284.26999
4594	284.31
4595	284.29001
4596	284.29001
4597	284.35001
4598	284.32999
4599	284.32999
4600	284.35001
4601	284.41
4602	284.35001
4603	284.32999
4604	284.41
4605	284.45001
4606	284.47
4607	284.5
4608	284.47
4609	284.56
4610	284.56
4611	284.60001
4612	284.62
4613	284.54001
4614	284.54001
4615	284.62
4616	284.64001
4617	284.51999
4618	284.57999
4619	284.70001
4620	284.67999
4621	284.67999
4622	284.64001
4623	284.67999
4624	284.73001
4625	284.76999
4626	284.75
4627	284.66
4628	284.66
4629	284.67999
4630	284.79001
4631	284.81
4632	284.79001
4633	284.76999
4634	284.79001
4635	284.85001
4636	284.76999
4637	284.76999
4638	284.79001
4639	284.81
4640	284.66
4641	284.66
4642	284.75
4643	284.73001
4644	284.73001
4645	284.73001
4646	284.75
4647	284.76999
4648	284.91
4649	284.82999
4650	284.89001
4651	284.92999
4652	284.91
4653	284.91
4654	284.89001
4655	284.95999
4656	284.91
4657	284.95999
4658	284.91
4659	285
4660	285
4661	284.95999
4662	285
4663	284.92999
4664	284.91
4665	284.95999
4666	284.95999
4667	284.95999
4668	284.89001
4669	285
4670	284.92999
4671	285
4672	285.01999
4673	284.95999
4674	284.98001
4675	284.98001
4676	285.01999
4677	284.91
4678	284.95999
4679	284.98001
4680	284.98001
4681	284.98001
4682	285
4683	285.01999
4684	284.95999
4685	284.95999
4686	284.98001
4687	284.92999
4688	284.92999
4689	284.87
4690	284.91
4691	284.91
4692	284.91
4693	285.01999
4694	285.01999
4695	285.01999
4696	285.01999
4697	285.06
4698	285.04001
4699	285.04001
4700	284.92999
4701	285
4702	285.01999
4703	285.04001
4704	284.95999
4705	284.95999
4706	285
4707	284.98001
4708	284.98001
4709	285
4710	285.07999
4711	285.12
4712	285.16
4713	285.07999
4714	285.04001
4715	285.06
4716	285
4717	285.04001
4718	285
4719	285
4720	285.01999
4721	285.04001
4722	285.01999
4723	285.04001
4724	285.04001
4725	284.95999
4726	284.98001
4727	284.92999
4728	285.01999
4729	285
4730	285.01999
4731	285.01999
4732	285.06
4733	285.04001
4734	285
4735	284.98001
4736	284.95999
4737	284.95999
4738	284.89001
4739	285.01999
4740	285
4741	285
4742	285.07999
4743	285.12
4744	285.04001
4745	285.10001
4746	285.12
4747	285.16
4748	285.14001
4749	285.07999
4750	285.07999
4751	285.06
4752	285.04001
4753	284.95999
4754	284.98001
4755	285
4756	285
4757	284.92999
4758	284.95999
4759	284.92999
4760	285.07999
4761	285.01999
4762	285
4763	285
4764	284.98001
4765	284.98001
4766	284.89001
4767	284.82999
4768	284.85001
4769	284.91
4770	284.91
4771	284.92999
4772	284.89001
4773	284.82999
4774	284.92999
4775	284.92999
4776	284.95999
4777	284.91
4778	284.91
4779	284.98001
4780	284.92999
4781	284.95999
4782	285.06
4783	285.04001
4784	285.06
4785	285.01999
4786	285.14001
4787	285.07999
4788	285.14001
4789	285.12
4790	285.07999
4791	285.12
4792	285.06
4793	285.04001
4794	284.92999
4795	284.92999
4796	284.87
4797	284.81
4798	284.81
4799	284.87
4800	284.89001
4801	284.92999
4802	284.92999
4803	284.87
4804	284.89001
4805	284.85001
4806	284.89001
4807	284.87
4808	284.82999
4809	284.82999
4810	284.91
4811	284.87
4812	284.82999
4813	284.89001
4814	284.89001
4815	284.87
4816	284.91
4817	284.95999
4818	284.92999
4819	284.98001
4820	284.95999
4821	284.91
4822	284.92999
4823	284.95999
4824	284.92999
4825	284.95999
4826	284.85001
4827	284.85001
4828	284.85001
4829	284.81
4830	284.82999
4831	285
4832	284.95999
4833	285
4834	285
4835	284.91
4836	284.82999
4837	284.87
4838	284.85001
4839	284.76999
4840	284.75
4841	284.75
4842	284.70001
4843	284.79001
4844	284.81
4845	284.85001
4846	284.98001
4847	285.01999
4848	285
4849	285
4850	284.98001
4851	285.01999
4852	285.10001
4853	285.14001
4854	285.19
4855	285.19
4856	285.26999
4857	285.37
4858	285.45999
4859	285.51999
4860	285.51999
4861	285.56
4862	285.54001
4863	285.48001
4864	285.54001
4865	285.57999
4866	285.57999
4867	285.60001
4868	285.64999
4869	285.57999
4870	285.56
4871	285.57999
4872	285.64999
4873	285.64999
4874	285.60001
4875	285.73001
4876	285.67001
4877	285.69
4878	285.64999
4879	285.64999
4880	285.62
4881	285.67001
4882	285.64999
4883	285.73001
4884	285.73001
4885	285.73001
4886	285.75
4887	285.75
4888	285.79001
4889	285.75
4890	285.73001
4891	285.75
4892	285.67001
4893	285.62
4894	285.54001
4895	285.56
4896	285.5
4897	285.5
4898	285.39001
4899	285.44
4900	285.44
4901	285.42001
4902	285.44
4903	285.45999
4904	285.45999
4905	285.45999
4906	285.56
4907	285.67001
4908	285.62
4909	285.60001
4910	285.62
4911	285.67001
4912	285.67001
4913	285.64999
4914	285.56
4915	285.51999
4916	285.56
4917	285.5
4918	285.5
4919	285.51999
4920	285.60001
4921	285.56
4922	285.57999
4923	285.51999
4924	285.5
4925	285.57999
4926	285.54001
4927	285.56
4928	285.54001
4929	285.60001
4930	285.51999
4931	285.57999
4932	285.45999
4933	285.48001
4934	285.60001
4935	285.57999
4936	285.67001
4937	285.67001
4938	285.73001
4939	285.69
4940	285.75
4941	285.79001
4942	285.73001
4943	285.73001
4944	285.73001
4945	285.76999
4946	285.70999
4947	285.75
4948	285.73001
4949	285.62
4950	285.64999
4951	285.64999
4952	285.73001
4953	285.76999
4954	285.85001
4955	285.89999
4956	285.88
4957	285.85001
4958	285.85001
4959	285.88
4960	285.92001
4961	285.88
4962	285.88
4963	285.89999
4964	285.81
4965	285.79001
4966	285.73001
4967	285.76999
4968	285.81
4969	285.79001
4970	285.73001
4971	285.76999
4972	285.76999
4973	285.76999
4974	285.73001
4975	285.70999
4976	285.70999
4977	285.73001
4978	285.70999
4979	285.75
4980	285.62
4981	285.57999
4982	285.57999
4983	285.57999
4984	285.56
4985	285.5
4986	285.45999
4987	285.5
4988	285.60001
4989	285.62
4990	285.60001
4991	285.56
4992	285.54001
4993	285.54001
4994	285.51999
4995	285.60001
4996	285.64999
4997	285.69
4998	285.64999
4999	285.57999
5000	285.62
5001	285.75
5002	285.69
5003	285.73001
5004	285.76999
5005	285.82999
5006	285.75
5007	285.56
5008	285.56
5009	285.67001
5010	285.70999
5011	285.67001
5012	285.69
5013	285.73001
5014	285.81
5015	285.81
5016	285.79001
5017	285.81
5018	285.79001
5019	285.76999
5020	285.76999
5021	285.56
5022	285.56
5023	285
5024	284.5
5025	284.22
5026	283.53
5027	282.98999
5028	282.78
5029	282.57001
5030	281.98999
5031	281.88
5032	281.70999
5033	281.70999
5034	281.67001
5035	281.73001
5036	281.79999
5037	281.92001
5038	281.98999
5039	282.23999
5040	282.39999
5041	282.42999
5042	282.54999
5043	282.57001
5044	282.67999
5045	282.78
5046	282.85999
5047	282.85999
5048	283.09
5049	283.20001
5050	283.26001
5051	283.41
5052	283.47
5053	283.53
5054	283.53
5055	283.64001
5056	283.62
5057	283.67999
5058	283.72
5059	283.72
5060	283.76001
5061	283.81
5062	283.92999
5063	283.97
5064	283.98999
5065	284.04001
5066	283.98999
5067	284.07999
5068	284.12
5069	284.26999
5070	284.22
5071	284.31
5072	284.29001
5073	284.31
5074	284.29001
5075	284.29001
5076	284.29001
5077	284.26999
5078	284.32999
5079	284.32999
5080	284.31
5081	284.32999
5082	284.23999
5083	284.32999
5084	284.26999
5085	284.29001
5086	284.29001
5087	284.23999
5088	284.22
5089	284.20001
5090	284.20001
5091	284.26999
5092	284.23999
5093	284.23999
5094	284.23999
5095	284.17999
5096	284.31
5097	284.22
5098	284.26999
5099	284.26999
5100	284.37
5101	284.45001
5102	284.35001
5103	284.35001
5104	284.32999
5105	284.29001
5106	284.31
5107	284.29001
5108	284.32999
5109	284.29001
5110	284.37
5111	284.32999
5112	284.31
5113	284.26999
5114	284.22
5115	284.26999
5116	284.32999
5117	284.35001
5118	284.35001
5119	284.26999
5120	284.23999
5121	284.31
5122	284.29001
5123	284.32999
5124	284.35001
5125	284.35001
5126	284.29001
5127	284.35001
5128	284.37
5129	284.42999
5130	284.5
5131	284.41
5132	284.41
5133	284.47
5134	284.47
5135	284.39001
5136	284.29001
5137	284.32999
5138	284.29001
5139	284.26999
5140	284.35001
5141	284.39001
5142	284.32999
5143	284.32999
5144	284.23999
5145	284.32999
5146	284.42999
5147	284.39001
5148	284.45001
5149	284.41
5150	284.45001
5151	284.41
5152	284.5
5153	284.47
5154	284.45001
5155	284.37
5156	284.37
5157	284.37
5158	284.41
5159	284.41
5160	284.42999
5161	284.41
5162	284.41
5163	284.37
5164	284.37
5165	284.42999
5166	284.56
5167	284.56
5168	284.54001
5169	284.56
5170	284.54001
5171	284.56
5172	284.51999
5173	284.56
5174	284.5
5175	284.54001
5176	284.51999
5177	284.54001
5178	284.47
5179	284.42999
5180	284.42999
5181	284.37
5182	284.47
5183	284.39001
5184	284.47
5185	284.42999
5186	284.39001
5187	284.45001
5188	284.56
5189	284.56
5190	284.47
5191	284.5
5192	284.5
5193	284.56
5194	284.51999
5195	284.5
5196	284.5
5197	284.5
5198	284.57999
5199	284.54001
5200	284.54001
5201	284.5
5202	284.57999
5203	284.57999
5204	284.64001
5205	284.60001
5206	284.51999
5207	284.42999
5208	284.57999
5209	284.60001
5210	284.66
5211	284.62
5212	284.60001
5213	284.57999
5214	284.62
5215	284.60001
5216	284.57999
5217	284.5
5218	284.51999
5219	284.56
5220	284.51999
5221	284.56
5222	284.51999
5223	284.51999
5224	284.45001
5225	284.51999
5226	284.60001
5227	284.62
5228	284.62
5229	284.64001
5230	284.60001
5231	284.66
5232	284.62
5233	284.57999
5234	284.60001
5235	284.60001
5236	284.64001
5237	284.62
5238	284.60001
5239	284.60001
5240	284.57999
5241	284.54001
5242	284.56
5243	284.57999
5244	284.60001
5245	284.56
5246	284.60001
5247	284.64001
5248	284.56
5249	284.45001
5250	284.41
5251	284.45001
5252	284.5
5253	284.51999
5254	284.54001
5255	284.51999
5256	284.51999
5257	284.51999
5258	284.56
5259	284.54001
5260	284.54001
5261	284.57999
5262	284.60001
5263	284.60001
5264	284.67999
5265	284.73001
5266	284.66
5267	284.66
5268	284.70001
5269	284.64001
5270	284.66
5271	284.62
5272	284.62
5273	284.54001
5274	284.54001
5275	284.5
5276	284.41
5277	284.42999
5278	284.5
5279	284.45001
5280	284.42999
5281	284.51999
5282	284.47
5283	284.47
5284	284.5
5285	284.5
5286	284.45001
5287	284.5
5288	284.45001
5289	284.5
5290	284.47
5291	284.45001
5292	284.51999
5293	284.56
5294	284.66
5295	284.73001
5296	284.70001
5297	284.70001
5298	284.62
5299	284.62
5300	284.64001
5301	284.62
5302	284.62
5303	284.66
5304	284.81
5305	284.85001
5306	284.85001
5307	284.81
5308	284.73001
5309	284.66
5310	284.67999
5311	284.66
5312	284.66
5313	284.73001
5314	284.67999
5315	284.82999
5316	284.81
5317	284.92999
5318	284.92999
5319	285.01999
5320	285.07999
5321	285.04001
5322	285.16
5323	285.23001
5324	285.37
5325	285.37
5326	285.42001
5327	285.45999
5328	285.48001
5329	285.51999
5330	285.54001
5331	285.54001
5332	285.48001
5333	285.29001
5334	285.26999
5335	285.29001
5336	285.25
5337	285.29001
5338	285.29001
5339	285.23001
5340	285.29001
5341	285.26999
5342	285.23001
5343	285.31
5344	285.29001
5345	285.29001
5346	285.26999
5347	285.16
5348	285.19
5349	285.20999
5350	285.12
5351	285.19
5352	285.25
5353	285.14001
5354	285.14001
5355	285.23001
5356	285.19
5357	285.32999
5358	285.37
5359	285.32999
5360	285.31
5361	285.25
5362	285.29001
5363	285.35001
5364	285.32999
5365	285.29001
5366	285.31
5367	285.25
5368	285.26999
5369	285.26999
5370	285.26999
5371	285.31
5372	285.32999
5373	285.29001
5374	285.32999
5375	285.31
5376	285.35001
5377	285.35001
5378	285.35001
5379	285.44
5380	285.44
5381	285.45999
5382	285.57999
5383	285.56
5384	285.57999
5385	285.51999
5386	285.42001
5387	285.44
5388	285.42001
5389	285.31
5390	285.32999
5391	285.35001
5392	285.29001
5393	285.32999
5394	285.29001
5395	285.32999
5396	285.31
5397	285.32999
5398	285.31
5399	285.35001
5400	285.32999
5401	285.42001
5402	285.48001
5403	285.42001
5404	285.48001
5405	285.51999
5406	285.51999
5407	285.51999
5408	285.5
5409	285.5
5410	285.57999
5411	285.48001
5412	285.5
5413	285.48001
5414	285.51999
5415	285.56
5416	285.56
5417	285.45999
5418	285.44
5419	285.42001
5420	285.48001
5421	285.5
5422	285.45999
5423	285.44
5424	285.45999
5425	285.48001
5426	285.44
5427	285.48001
5428	285.54001
5429	285.57999
5430	285.48001
5431	285.60001
5432	285.51999
5433	285.51999
5434	285.48001
5435	285.48001
5436	285.44
5437	285.45999
5438	285.42001
5439	285.35001
5440	285.32999
5441	285.32999
5442	285.5
5443	285.51999
5444	285.48001
5445	285.44
5446	285.39001
5447	285.44
5448	285.44
5449	285.37
5450	285.35001
5451	285.31
5452	285.29001
5453	285.44
5454	285.45999
5455	285.45999
5456	285.42001
5457	285.42001
5458	285.37
5459	285.45999
5460	285.48001
5461	285.45999
5462	285.45999
5463	285.48001
5464	285.5
5465	285.5
5466	285.51999
5467	285.51999
5468	285.5
5469	285.44
5470	285.45999
5471	285.45999
5472	285.45999
5473	285.42001
5474	285.48001
5475	285.39001
5476	285.42001
5477	285.37
5478	285.45999
5479	285.25
5480	285.25
5481	285.20999
5482	285.25
5483	285.32999
5484	285.39001
5485	285.48001
5486	285.54001
5487	285.54001
5488	285.60001
5489	285.60001
5490	285.51999
5491	285.5
5492	285.54001
5493	285.5
5494	285.48001
5495	285.25
5496	285.12
5497	284.75
5498	284.17999
5499	283.60001
5500	283.32001
5501	283.09
5502	282.39999
5503	282.26001
5504	281.89999
5505	281.78
5506	281.73001
5507	281.64999
5508	281.60999
5509	281.69
5510	281.79999
5511	281.92001
5512	281.92001
5513	282.09
5514	282.22
5515	282.34
5516	282.47
5517	282.57001
5518	282.76001
5519	282.76001
5520	282.89001
5521	282.95001
5522	282.91
5523	282.98999
5524	283.04999
5525	283.16
5526	283.16
5527	283.28
5528	283.42999
5529	283.42999
5530	283.48999
5531	283.51001
5532	283.51001
5533	283.60001
5534	283.70001
5535	283.67999
5536	283.66
5537	283.72
5538	283.67999
5539	283.81
5540	283.81
5541	283.73999
5542	283.72
5543	283.81
5544	283.73999
5545	283.73999
5546	283.81
5547	283.82999
5548	283.87
5549	283.81
5550	283.97
5551	283.97
5552	283.95001
5553	283.98999
5554	283.98999
5555	283.95001
5556	283.98999
5557	284.04001
5558	284.04001
5559	284.06
5560	284.07999
5561	283.98999
5562	283.97
5563	284.06
5564	284.07999
5565	284.06
5566	284.10001
5567	284.10001
5568	284.07999
5569	284.07999
5570	284.01001
5571	284.06
5572	284.01001
5573	284.07999
5574	284.07999
5575	284.14001
5576	284.20001
5577	284.26999
5578	284.26999
5579	284.26999
5580	284.31
5581	284.23999
5582	284.31
5583	284.31
5584	284.31
5585	284.22
5586	284.17999
5587	284.12
5588	284.12
5589	284.10001
5590	284.10001
5591	284.12
5592	284.17999
5593	284.12
5594	284.17999
5595	284.17999
5596	284.17999
5597	284.17999
5598	284.22
5599	284.17999
5600	284.14001
5601	284.17999
5602	284.20001
5603	284.23999
5604	284.16
5605	284.17999
5606	284.22
5607	284.26999
5608	284.26999
5609	284.26999
5610	284.37
5611	284.35001
5612	284.31
5613	284.37
5614	284.35001
5615	284.45001
5616	284.39001
5617	284.37
5618	284.41
5619	284.41
5620	284.42999
5621	284.45001
5622	284.45001
5623	284.45001
5624	284.5
5625	284.56
5626	284.51999
5627	284.56
5628	284.64001
5629	284.64001
5630	284.70001
5631	284.75
5632	284.76999
5633	284.67999
5634	284.73001
5635	284.73001
5636	284.76999
5637	284.76999
5638	284.76999
5639	284.76999
5640	284.76999
5641	284.73001
5642	284.75
5643	284.75
5644	284.76999
5645	284.73001
5646	284.66
5647	284.67999
5648	284.67999
5649	284.67999
5650	284.70001
5651	284.66
5652	284.70001
5653	284.70001