1	313.3000135
2	313.3000135
3	313.3000135
4	313.1999969
5	313.6000037
6	313.4999871
7	313.4999871
8	313.8000071
9	313.4999871
10	313.8000071
11	313.8000071
12	313.6000037
13	313.6999905
14	313.6999905
15	313.8000071
16	313.6000037
17	313.6000037
18	313.4999871
19	313.4999871
20	313.4999871
21	313.4999871
22	313.3000135
23	313.4999871
24	313.4999871
25	313.6000037
26	313.6999905
27	313.8000071
28	313.6999905
29	313.6999905
30	313.8000071
31	313.6999905
32	313.8000071
33	313.6999905
34	313.8000071
35	314.0000105
36	313.8000071
37	313.8999939
38	314.0000105
39	314.0000105
40	355.5000126
41	331.4999938
42	327.3000121
43	325.5000114
44	324.9000013
45	323.7999976
46	323.1000006
47	322.4999905
48	322.4000037
49	321.9999969
50	321.7999935
51	321.3
52	321.3
53	321.2000132
54	321.0000098
55	321.2000132
56	321.0999966
57	320.8999932
58	320.6999898
59	320.4999864
60	320.4999864
61	320.600003
62	320.1999962
63	320.3000128
64	320.1999962
65	320.1999962
66	320.1999962
67	320.4999864
68	320.1999962
69	320.1000094
70	321.3999867
71	320.8999932
72	320.6999898
73	320.4999864
74	320.4999864
75	320.4999864
76	320.3999996
77	320.1999962
78	320.3999996
79	320.3999996
80	320.1999962
81	319.9999928
82	320.3000128
83	319.9999928
84	320.3999996
85	320.1999962
86	320.3000128
87	320.3000128
88	320.3999996
89	320.4999864
90	320.4999864
91	320.4999864
92	320.8000064
93	320.600003
94	320.4999864
95	320.600003
96	320.4999864
97	320.1999962
98	320.4999864
99	320.4999864
100	320.1999962
101	320.1999962
102	319.7999895
103	319.7999895
104	319.2999959
105	319.2000091
106	319.2000091
107	319.9000061
108	320.4999864
109	320.600003
110	321.5999901
111	322.4999905
112	323.1999874
113	323.300004
114	324.2000043
115	324.8000145
116	325.5000114
117	326.000005
118	326.5999854
119	327.1000087
120	327.6000023
121	327.8999925
122	327.8999925
123	328.0999959
124	328.2999992
125	328.5000026
126	328.700006
127	328.9000094
128	328.5999894
129	328.9000094
130	329.1000128
131	329.1999996
132	329.400003
133	329.1999996
134	329.1999996
135	329.4999897
136	329.6000063
137	329.6000063
138	329.6999931
139	329.8999965
140	330.1999867
141	330.1999867
142	330.7000101
143	330.7000101
144	330.5000067
145	330.5999935
146	330.5999935
147	330.5000067
148	330.5000067
149	330.5999935
150	333.9999914
151	333.2999945
152	332.7000141
153	332.3999941
154	332.5999975
155	332.3000073
156	332.100004
157	331.9999874
158	331.9999874
159	332.100004
160	331.8000138
161	331.6000104
162	331.8000138
163	331.8000138
164	332.100004
165	331.6000104
166	331.4999938
167	331.6999972
168	331.4999938
169	331.4999938
170	331.6999972
171	331.6000104
172	331.4999938
173	331.6000104
174	331.6999972
175	331.8000138
176	331.8000138
177	332.100004
178	331.6999972
179	331.8000138
180	331.400007
181	331.4999938
182	331.6999972
183	331.2999904
184	331.4999938
185	331.400007
186	331.4999938
187	331.0000002
188	331.2000036
189	331.4999938
190	331.4999938
191	331.2999904
192	331.2999904
193	331.4999938
194	331.8000138
195	331.6999972
196	331.8000138
197	331.8000138
198	331.9999874
199	331.9999874
200	331.8000138
201	332.5000107
202	331.8000138
203	331.8000138
204	331.8000138
205	331.8000138
206	331.4999938
207	331.400007
208	331.4999938
209	331.400007
210	331.4999938
211	331.8000138
212	332.100004
213	332.100004
214	331.9999874
215	331.9000006
216	331.6000104
217	331.4999938
218	331.400007
219	331.2000036
220	331.2000036
221	330.7000101
222	331.0000002
223	331.0000002
224	331.2000036
225	331.2000036
226	331.2999904
227	331.4999938
228	331.4999938
229	331.9000006
230	331.8000138
231	331.6000104
232	331.8000138
233	331.8000138
234	331.8000138
235	331.6999972
236	331.400007
237	331.400007
238	331.4999938
239	331.4999938
240	331.2000036
241	331.2000036
242	331.2000036
243	331.2999904
244	331.2000036
245	331.2999904
246	331.2000036
247	331.2000036
248	331.0000002
249	331.0000002
250	330.7999969
251	330.7999969
252	330.7999969
253	330.7999969
254	330.7999969
255	330.7000101
256	330.7999969
257	331.099987
258	331.4999938
259	331.400007
260	331.4999938
261	331.4999938
262	331.4999938
263	331.400007
264	331.2000036
265	331.6999972
266	331.6000104
267	331.4999938
268	331.4999938
269	331.0000002
270	331.2000036
271	331.0000002
272	331.2000036
273	330.9000134
274	331.0000002
275	330.7999969
276	331.0000002
277	331.0000002
278	331.2000036
279	331.4999938
280	332.1999907
281	332.1999907
282	332.100004
283	332.3000073
284	332.8000009
285	332.8000009
286	332.5000107
287	332.3000073
288	331.2000036
289	330.5000067
290	327.8000057
291	324.000001
292	318.599999
293	315.4999912
294	310.2000058
295	305.7000041
296	301.8999994
297	300.3999889
298	298.0000079
299	296.600014
300	296.0000038
301	295.8000004
302	296.2000072
303	297.1000075
304	298.5999882
305	299.1000116
306	300.7000089
307	302.5000095
308	303.2000065
309	304.8000038
310	306.400001
311	307.7999949
312	308.4000051
313	309.7000122
314	310.6000125
315	311.1999929
316	311.8000031
317	312.5
318	313.4999871
319	314.0999973
320	314.3999875
321	315.1000142
322	315.6000078
323	315.8999979
324	316.1000013
325	317.0000017
326	317.0000017
327	317.4000084
328	317.4999952
329	317.6999986
330	317.9999888
331	318.1000054
332	318.6999857
333	318.3999956
334	318.599999
335	318.8000023
336	318.8999891
337	318.8999891
338	318.8999891
339	319.0999925
340	319.0999925
341	319.0999925
342	319.4999993
343	319.2999959
344	319.7000027
345	319.9000061
346	319.9000061
347	319.9000061
348	319.9000061
349	319.9000061
350	320.1999962
351	319.9000061
352	320.3000128
353	320.3999996
354	320.600003
355	320.4999864
356	320.4999864
357	320.3999996
358	320.4999864
359	320.4999864
360	320.3999996
361	320.4999864
362	320.4999864
363	320.4999864
364	320.600003
365	320.6999898
366	320.600003
367	320.8000064
368	320.4999864
369	320.6999898
370	320.6999898
371	320.6999898
372	320.6999898
373	320.8000064
374	320.6999898
375	320.6999898
376	320.4999864
377	320.600003
378	320.600003
379	320.600003
380	320.8000064
381	320.6999898
382	320.6999898
383	320.6999898
384	320.8000064
385	320.4999864
386	320.600003
387	320.6999898
388	320.6999898
389	320.4999864
390	320.8000064
391	320.6999898
392	320.8000064
393	320.6999898
394	321.0999966
395	320.8999932
396	320.8999932
397	321.2000132
398	321.0999966
399	320.8000064
400	321.0000098
401	320.8000064
402	321.0999966
403	320.8999932
404	321.2000132
405	321.0000098
406	320.8999932
407	321.0000098
408	321.0999966
409	320.8000064
410	321.2000132
411	320.8999932
412	320.8999932
413	320.8999932
414	320.8999932
415	321.0000098
416	320.8999932
417	320.8999932
418	321.2000132
419	321.2000132
420	321.2000132
421	321.0000098
422	320.6999898
423	321.0000098
424	321.0000098
425	320.8999932
426	320.8999932
427	320.8999932
428	321.0000098
429	321.2000132
430	321.2000132
431	321.2000132
432	321.5000033
433	321.3999867
434	321.2000132
435	321.0999966
436	321.5000033
437	321.3999867
438	321.2000132
439	321.3
440	321.0000098
441	320.8999932
442	321.2000132
443	321.2000132
444	321.2000132
445	321.2000132
446	321.2000132
447	321.3999867
448	321.2000132
449	321.5000033
450	321.3
451	321.5000033
452	321.3999867
453	321.3999867
454	321.3999867
455	321.2000132
456	321.0000098
457	321.2000132
458	321.2000132
459	321.0000098
460	321.3
461	321.3999867
462	321.5999901
463	321.5000033
464	321.3999867
465	321.0999966
466	321.5000033
467	321.3
468	321.0999966
469	321.0000098
470	321.2000132
471	321.0000098
472	321.0000098
473	320.8999932
474	320.8999932
475	321.0999966
476	320.8999932
477	321.2000132
478	321.0000098
479	321.0999966
480	321.0999966
481	321.0000098
482	321.0999966
483	321.2000132
484	321.3
485	321.2000132
486	321.0000098
487	321.0999966
488	320.8999932
489	320.8999932
490	321.0000098
491	321.0000098
492	320.8999932
493	320.8999932
494	320.8999932
495	321.2000132
496	321.0000098
497	320.8999932
498	321.0000098
499	320.600003
500	320.6999898
501	321.0999966
502	320.4999864
503	320.6999898
504	320.8000064
505	320.8999932
506	320.600003
507	320.8000064
508	320.8999932
509	320.3999996
510	320.4999864
511	320.3999996
512	320.3999996
513	320.3000128
514	320.600003
515	320.600003
516	320.3000128
517	320.1000094
518	319.9999928
519	319.9999928
520	320.1999962
521	320.3000128
522	320.1999962
523	320.1999962
524	320.1000094
525	320.3999996
526	320.3000128
527	320.1999962
528	320.4999864
529	320.3999996
530	320.3000128
531	320.1999962
532	320.3999996
533	320.3999996
534	320.4999864
535	320.3999996
536	320.4999864
537	320.6999898
538	320.6999898
539	321.0000098
540	320.3999996
541	320.6999898
542	320.6999898
543	320.8999932
544	320.8000064
545	320.4999864
546	320.6999898
547	320.8999932
548	320.8999932
549	321.7000067
550	320.8999932
551	321.0000098
552	320.6999898
553	321.0000098
554	320.8999932
555	320.6999898
556	320.8999932
557	320.8000064
558	320.6999898
559	320.6999898
560	320.3000128
561	320.4999864
562	320.600003
563	320.600003
564	320.3999996
565	320.3999996
566	320.8000064
567	320.1999962
568	320.3999996
569	320.1999962
570	320.3999996
571	320.6999898
572	320.8000064
573	320.600003
574	320.3000128
575	320.4999864
576	320.3999996
577	320.3999996
578	320.1999962
579	319.9000061
580	320.1000094
581	320.1000094
582	320.4999864
583	321.5999901
584	321.7999935
585	322.8000104
586	323.5000074
587	324.0999877
588	324.0999877
589	324.6999979
590	324.9999881
591	325.5999982
592	326.000005
593	326.4999986
594	326.700002
595	327.1999955
596	327.3000121
597	327.4999857
598	327.6000023
599	327.6000023
600	327.6000023
601	327.6000023
602	328.0000091
603	328.2999992
604	328.5000026
605	328.5999894
606	328.700006
607	328.9000094
608	329.1999996
609	329.1000128
610	329.2999864
611	329.1999996
612	328.9999962
613	328.5999894
614	328.5999894
615	328.9000094
616	328.9000094
617	328.9999962
618	329.1000128
619	328.9000094
620	329.1000128
621	329.1000128
622	328.9999962
623	329.1999996
624	328.7999928
625	328.700006
626	328.5999894
627	328.5000026
628	328.5999894
629	328.700006
630	328.700006
631	328.5999894
632	328.399986
633	328.5000026
634	328.5999894
635	328.5999894
636	329.1999996
637	329.400003
638	329.4999897
639	329.4999897
640	329.4999897
641	328.9999962
642	328.9000094
643	328.7999928
644	328.9999962
645	328.9000094
646	329.1000128
647	329.1999996
648	329.1999996
649	329.4999897
650	329.4999897
651	329.400003
652	329.1999996
653	328.9999962
654	328.9000094
655	329.1000128
656	328.9000094
657	328.9000094
658	328.9999962
659	329.1999996
660	329.1999996
661	329.1999996
662	329.2999864
663	329.1000128
664	329.2999864
665	329.1999996
666	328.9999962
667	329.2999864
668	329.1999996
669	329.2999864
670	329.4999897
671	329.4999897
672	329.400003
673	329.1999996
674	329.1999996
675	329.2999864
676	329.1999996
677	329.2999864
678	329.1000128
679	329.1999996
680	329.1000128
681	329.1000128
682	328.9000094
683	328.9000094
684	328.9999962
685	329.1000128
686	329.1999996
687	329.1999996
688	329.1999996
689	329.4999897
690	329.6000063
691	329.6999931
692	329.6000063
693	329.6999931
694	329.6000063
695	329.400003
696	329.2999864
697	328.9999962
698	328.9999962
699	328.9000094
700	328.5999894
701	328.9000094
702	329.1000128
703	328.9999962
704	329.1999996
705	329.1000128
706	329.1000128
707	329.2999864
708	329.1000128
709	328.700006
710	328.9000094
711	328.9000094
712	328.5999894
713	328.9999962
714	328.9000094
715	328.9000094
716	328.9000094
717	328.700006
718	328.5999894
719	328.2999992
720	328.2999992
721	328.399986
722	328.2999992
723	328.5000026
724	328.9000094
725	328.5999894
726	328.5999894
727	328.399986
728	328.5000026
729	328.5000026
730	328.5999894
731	328.5999894
732	328.7999928
733	328.9000094
734	328.9000094
735	328.9999962
736	329.1999996
737	328.9999962
738	328.9000094
739	328.9999962
740	329.2999864
741	329.1000128
742	328.9999962
743	328.9000094
744	329.1999996
745	329.2999864
746	328.9000094
747	329.1999996
748	329.2999864
749	329.1999996
750	329.1999996
751	329.2999864
752	329.4999897
753	329.400003
754	329.8000097
755	329.6999931
756	330.0000131
757	329.8000097
758	330.0999999
759	330.0000131
760	329.2999864
761	328.9000094
762	327.1000087
763	324.2000043
764	319.5999861
765	317.0000017
766	311.3999963
767	306.6000044
768	304.3000102
769	300.3999889
770	296.9000041
771	294.8000133
772	294.0999866
773	293.599993
774	293.900013
775	294.6000099
776	295.599997
777	297.3999977
778	299.4999886
779	301.4000058
780	302.1999896
781	304.3000102
782	306.1000109
783	307.7999949
784	308.2000017
785	309.3000054
786	310.4999959
787	311.1999929
788	311.8000031
789	312.7999902
790	313.4999871
791	313.4999871
792	314.0999973
793	314.3999875
794	314.5000041
795	314.7000074
796	314.9000108
797	314.9999976
798	315.6999946
799	315.8999979
800	315.8999979
801	316.3999915
802	316.3999915
803	316.1000013
804	316.1999881
805	316.9000149
806	316.9000149
807	317.0999885
808	316.7999983
809	316.9000149
810	317.0000017
811	317.0000017
812	317.2000051
813	317.4000084
814	317.4999952
815	317.4000084
816	317.6999986
817	317.6999986
818	317.4999952
819	317.6999986
820	317.9999888
821	317.900002
822	318.1000054
823	318.3000088
824	317.9999888
825	318.3000088
826	318.599999
827	318.3000088
828	318.3999956
829	318.599999
830	318.5000122
831	318.6999857
832	318.8999891
833	318.6999857
834	318.6999857
835	318.8999891
836	318.599999
837	318.8000023
838	318.599999
839	318.599999
840	318.599999
841	318.5000122
842	318.599999
843	318.5000122
844	318.3000088
845	318.3000088
846	318.3999956
847	318.3999956
848	318.599999
849	318.8999891
850	318.599999
851	318.599999
852	318.6999857
853	318.6999857
854	318.6999857
855	318.6999857
856	318.599999
857	318.8999891
858	318.5000122
859	319.0000057
860	319.0999925
861	319.0999925
862	319.0000057
863	319.0999925
864	318.8999891
865	319.0000057
866	319.0999925
867	318.8999891
868	319.0999925
869	319.2000091
870	318.8000023
871	318.599999
872	318.8999891
873	318.8000023
874	319.0000057
875	318.6999857
876	318.8999891
877	318.8000023
878	318.6999857
879	318.8999891
880	318.8999891
881	318.599999
882	318.6999857
883	318.5000122
884	318.599999
885	318.8999891
886	318.6999857
887	318.8000023
888	319.0999925
889	318.8000023
890	319.0000057
891	319.0999925
892	319.2000091
893	318.8999891
894	318.599999
895	318.8999891
896	318.8999891
897	319.0000057
898	319.0000057
899	318.8999891
900	318.8999891
901	319.2000091
902	318.6999857
903	318.8999891
904	318.5000122
905	318.6999857
906	318.8999891
907	318.5000122
908	318.8000023
909	318.6999857
910	318.599999
911	318.3000088
912	318.5000122
913	318.5000122
914	318.5000122
915	318.5000122
916	318.3999956
917	318.3000088
918	318.1000054
919	318.3000088
920	318.599999
921	318.3000088
922	318.5000122
923	318.3999956
924	318.3000088
925	318.5000122
926	318.3000088
927	318.3999956
928	318.3000088
929	318.3000088
930	318.3999956
931	318.5000122
932	318.3000088
933	318.3999956
934	318.5000122
935	318.3999956
936	318.599999
937	318.599999
938	318.599999
939	318.599999
940	318.599999
941	318.599999
942	318.599999
943	318.599999
944	318.6999857
945	318.599999
946	318.8999891
947	318.8000023
948	319.2000091
949	318.8000023
950	319.0999925
951	319.2000091
952	319.0000057
953	319.0999925
954	318.8999891
955	318.599999
956	318.6999857
957	318.6999857
958	318.8999891
959	318.6999857
960	319.0000057
961	318.6999857
962	318.599999
963	318.599999
964	318.599999
965	318.599999
966	318.5000122
967	318.3999956
968	318.5000122
969	318.3999956
970	318.8999891
971	318.599999
972	318.3000088
973	318.5000122
974	318.6999857
975	318.6999857
976	318.8000023
977	318.8999891
978	318.8999891
979	318.599999
980	319.0999925
981	318.8999891
982	318.6999857
983	318.6999857
984	318.8999891
985	318.6999857
986	319.0000057
987	318.8000023
988	318.8999891
989	319.0000057
990	318.6999857
991	318.6999857
992	318.5000122
993	318.599999
994	318.3999956
995	318.5000122
996	318.3999956
997	318.3999956
998	318.3000088
999	318.3000088
1000	318.3999956
1001	318.1999922
1002	318.3000088
1003	318.3999956
1004	318.1999922
1005	318.1999922
1006	318.3000088
1007	318.3000088
1008	318.5000122
1009	318.599999
1010	318.5000122
1011	318.599999
1012	318.8000023
1013	318.5000122
1014	318.599999
1015	318.3000088
1016	318.599999
1017	318.599999
1018	318.6999857
1019	318.599999
1020	318.6999857
1021	318.5000122
1022	318.3000088
1023	318.3000088
1024	318.599999
1025	318.3000088
1026	318.3999956
1027	318.599999
1028	318.3999956
1029	318.599999
1030	318.599999
1031	318.3999956
1032	318.599999
1033	318.599999
1034	318.599999
1035	318.3999956
1036	318.5000122
1037	318.5000122
1038	318.3999956
1039	318.599999
1040	318.1999922
1041	318.3000088
1042	317.9999888
1043	318.1000054
1044	318.3000088
1045	317.9999888
1046	318.1999922
1047	318.1999922
1048	317.7999854
1049	317.6999986
1050	317.7999854
1051	317.7999854
1052	317.7999854
1053	317.7999854
1054	318.1000054
1055	318.3000088
1056	318.599999
1057	319.2999959
1058	320.3000128
1059	320.8999932
1060	321.7999935
1061	322.6999938
1062	323.9000142
1063	324.9999881
1064	325.5000114
1065	326.000005
1066	326.9000053
1067	326.9999921
1068	327.1000087
1069	327.6999891
1070	327.8999925
1071	328.2000124
1072	328.2999992
1073	328.5000026
1074	328.5999894
1075	328.7999928
1076	329.1000128
1077	329.1999996
1078	329.4999897
1079	329.4999897
1080	329.4999897
1081	329.4999897
1082	329.400003
1083	329.6999931
1084	329.6999931
1085	329.6999931
1086	329.8999965
1087	330.0000131
1088	330.1999867
1089	330.5999935
1090	330.5000067
1091	330.5000067
1092	330.7999969
1093	330.1999867
1094	330.3000033
1095	330.5000067
1096	330.0999999
1097	330.1999867
1098	330.3999901
1099	330.0000131
1100	330.5000067
1101	330.1999867
1102	330.3999901
1103	330.0000131
1104	330.5000067
1105	330.1999867
1106	330.3000033
1107	330.3000033
1108	330.0999999
1109	330.0000131
1110	329.8000097
1111	329.8999965
1112	330.1999867
1113	330.0000131
1114	329.8999965
1115	330.0999999
1116	330.1999867
1117	329.4999897
1118	329.8000097
1119	330.3999901
1120	330.1999867
1121	330.1999867
1122	330.1999867
1123	330.3000033
1124	329.8999965
1125	330.1999867
1126	330.5999935
1127	330.5000067
1128	330.5000067
1129	330.1999867
1130	330.3999901
1131	330.3999901
1132	330.3999901
1133	330.3999901
1134	330.1999867
1135	330.1999867
1136	330.3999901
1137	330.5999935
1138	330.5000067
1139	330.3000033
1140	330.1999867
1141	330.0999999
1142	330.1999867
1143	330.0000131
1144	329.8999965
1145	330.0999999
1146	329.8000097
1147	329.8999965
1148	329.8000097
1149	329.8000097
1150	330.0999999
1151	330.0000131
1152	329.6000063
1153	329.8999965
1154	329.8999965
1155	330.0999999
1156	329.8999965
1157	329.8999965
1158	330.1999867
1159	329.8999965
1160	330.3000033
1161	330.0999999
1162	330.0999999
1163	330.1999867
1164	330.0999999
1165	330.0000131
1166	330.0000131
1167	329.400003
1168	329.4999897
1169	329.2999864
1170	329.400003
1171	329.1000128
1172	329.1999996
1173	329.2999864
1174	329.1999996
1175	329.2999864
1176	329.1999996
1177	329.1999996
1178	329.4999897
1179	329.4999897
1180	329.6000063
1181	329.8999965
1182	329.400003
1183	329.8999965
1184	329.8999965
1185	329.8999965
1186	329.8999965
1187	329.4999897
1188	329.8000097
1189	329.4999897
1190	329.4999897
1191	329.1999996
1192	329.2999864
1193	329.400003
1194	329.1000128
1195	329.1000128
1196	328.9000094
1197	328.5999894
1198	328.5000026
1199	328.700006
1200	328.5999894
1201	328.9000094
1202	328.5000026
1203	328.5999894
1204	328.7999928
1205	328.7999928
1206	328.700006
1207	328.9000094
1208	328.7999928
1209	328.700006
1210	328.9000094
1211	329.1999996
1212	329.1999996
1213	329.1999996
1214	329.400003
1215	329.2999864
1216	329.4999897
1217	329.1999996
1218	328.9999962
1219	329.2999864
1220	329.1999996
1221	329.4999897
1222	329.6000063
1223	329.4999897
1224	329.400003
1225	329.400003
1226	329.400003
1227	329.6999931
1228	329.2999864
1229	329.6000063
1230	329.4999897
1231	329.4999897
1232	329.4999897
1233	328.9000094
1234	328.399986
1235	326.7999887
1236	324.8000145
1237	321.2000132
1238	316.5000081
1239	311.8000031
1240	309.5999956
1241	304.1000068
1242	300.0999987
1243	296.9999909
1244	295.599997
1245	293.7999964
1246	293.3999896
1247	293.3999896
1248	293.7000096
1249	294.4999933
1250	295.8000004
1251	296.4000106
1252	297.6000011
1253	299.2999852
1254	301.2000024
1255	301.8000126
1256	303.4999967
1257	304.5000136
1258	305.7999909
1259	306.6000044
1260	307.5000048
1261	308.2000017
1262	308.6999953
1263	309.3000054
1264	309.799999
1265	310.7999861
1266	311.1999929
1267	311.3000095
1268	312.0999932
1269	312.2000098
1270	312.7000034
1271	312.7999902
1272	313.4000003
1273	313.4999871
1274	313.4999871
1275	313.8000071
1276	313.8000071
1277	314.5000041
1278	314.3000007
1279	314.9000108
1280	314.7999942
1281	315.200001
1282	315.4000044
1283	315.200001
1284	315.4000044
1285	315.4000044
1286	315.4999912
1287	315.4999912
1288	316.0000145
1289	315.6999946
1290	316.3000047
1291	316.1000013
1292	316.1999881
1293	316.1000013
1294	316.1000013
1295	315.8000112
1296	316.1000013
1297	316.0000145
1298	316.3000047
1299	316.3999915
1300	316.7000115
1301	316.1999881
1302	316.7000115
1303	316.7999983
1304	317.2000051
1305	316.7999983
1306	316.7000115
1307	317.0000017
1308	316.7999983
1309	317.2999918
1310	317.0000017
1311	317.0999885
1312	317.2999918
1313	317.2999918
1314	317.6000118
1315	317.2999918
1316	317.0000017
1317	317.0000017
1318	317.0000017
1319	317.2000051
1320	317.2999918
1321	317.2000051
1322	317.2999918
1323	317.4000084
1324	317.6000118
1325	317.4999952
1326	317.2999918
1327	316.9000149
1328	316.9000149
1329	317.0000017
1330	316.9000149
1331	316.5000081
1332	316.5000081
1333	316.7999983
1334	316.7000115
1335	317.0000017
1336	317.0000017
1337	317.2999918
1338	317.0000017
1339	317.0000017
1340	316.9000149
1341	317.2000051
1342	317.0000017
1343	317.2000051
1344	317.4000084
1345	317.0000017
1346	317.2000051
1347	317.2000051
1348	317.0000017
1349	317.2000051
1350	317.2999918
1351	317.0999885
1352	317.2999918
1353	317.4999952
1354	317.2999918
1355	317.2000051
1356	317.0999885
1357	317.2999918
1358	317.0000017
1359	316.9000149
1360	317.2000051
1361	317.2999918
1362	317.2999918
1363	317.4000084
1364	317.4999952
1365	317.4999952
1366	317.2999918
1367	317.0999885
1368	317.4000084
1369	317.4999952
1370	317.4000084
1371	317.6999986
1372	317.6000118
1373	316.7999983
1374	316.7999983
1375	317.0000017
1376	317.0999885
1377	317.2999918
1378	317.2999918
1379	317.0999885
1380	317.0000017
1381	317.0999885
1382	316.7999983
1383	317.0000017
1384	317.0999885
1385	316.9000149
1386	317.2000051
1387	317.2000051
1388	317.6000118
1389	317.6000118
1390	317.0000017
1391	317.2000051
1392	317.4999952
1393	317.6000118
1394	317.4000084
1395	317.2999918
1396	317.4000084
1397	317.900002
1398	317.6000118
1399	317.6000118
1400	317.6999986
1401	317.0999885
1402	317.2000051
1403	317.6999986
1404	317.2999918
1405	317.4000084
1406	317.2999918
1407	317.2999918
1408	317.6000118
1409	317.6000118
1410	317.6000118
1411	317.6000118
1412	317.4999952
1413	317.6000118
1414	317.2999918
1415	317.2999918
1416	317.4000084
1417	317.2999918
1418	317.4999952
1419	317.2000051
1420	317.2999918
1421	317.6000118
1422	317.4999952
1423	317.0999885
1424	317.2999918
1425	317.0999885
1426	317.2999918
1427	316.7999983
1428	317.0000017
1429	317.0999885
1430	317.2999918
1431	317.0000017
1432	316.7999983
1433	317.2000051
1434	317.0000017
1435	316.9000149
1436	317.0000017
1437	316.7000115
1438	316.5000081
1439	316.7000115
1440	316.9000149
1441	316.9000149
1442	316.7999983
1443	317.0999885
1444	317.0000017
1445	316.9000149
1446	317.0999885
1447	317.2999918
1448	316.7999983
1449	317.0000017
1450	316.7000115
1451	317.0000017
1452	316.7999983
1453	317.0000017
1454	317.0000017
1455	316.7000115
1456	316.7999983
1457	316.5999949
1458	316.5999949
1459	316.9000149
1460	317.0000017
1461	316.9000149
1462	316.7000115
1463	316.3999915
1464	316.7999983
1465	316.7999983
1466	316.9000149
1467	317.0999885
1468	317.0999885
1469	317.0000017
1470	317.0999885
1471	316.7000115
1472	316.9000149
1473	316.7000115
1474	317.0000017
1475	317.0000017
1476	317.0999885
1477	316.7000115
1478	316.7000115
1479	316.9000149
1480	317.2999918
1481	317.0999885
1482	317.0000017
1483	317.0000017
1484	316.9000149
1485	317.2000051
1486	317.2000051
1487	317.0999885
1488	317.0000017
1489	317.0999885
1490	317.0000017
1491	317.2999918
1492	317.0999885
1493	317.0000017
1494	317.0000017
1495	316.5999949
1496	316.7000115
1497	316.7000115
1498	316.7000115
1499	316.7000115
1500	316.7999983
1501	316.7999983
1502	316.9000149
1503	317.0000017
1504	316.7999983
1505	317.0000017
1506	316.7999983
1507	316.7000115
1508	317.0000017
1509	317.0000017
1510	316.7000115
1511	316.9000149
1512	317.0999885
1513	317.2999918
1514	317.0999885
1515	316.9000149
1516	317.0000017
1517	317.2999918
1518	317.2999918
1519	317.2999918
1520	317.2000051
1521	317.4000084
1522	317.6999986
1523	317.4999952
1524	317.6999986
1525	317.2999918
1526	317.4000084
1527	317.4999952
1528	317.4000084
1529	318.1999922
1530	318.599999
1531	319.2000091
1532	320.4999864
1533	321.2000132
1534	322.4000037
1535	322.6999938
1536	323.3999908
1537	324.000001
1538	324.2000043
1539	324.6999979
1540	325.3000081
1541	325.7000148
1542	326.000005
1543	325.8999884
1544	326.0999918
1545	326.9000053
1546	326.9999921
1547	326.9999921
1548	327.1999955
1549	327.3000121
1550	327.3999989
1551	327.6000023
1552	327.6999891
1553	327.6000023
1554	327.6000023
1555	327.3999989
1556	327.4999857
1557	327.3000121
1558	326.9000053
1559	327.3999989
1560	327.1999955
1561	327.1000087
1562	326.9000053
1563	326.9000053
1564	326.7999887
1565	326.700002
1566	326.700002
1567	326.2999952
1568	326.700002
1569	326.5999854
1570	326.2000084
1571	326.2999952
1572	326.2999952
1573	326.2000084
1574	326.4000118
1575	326.4000118
1576	326.4000118
1577	326.4000118
1578	326.2000084
1579	326.2000084
1580	326.000005
1581	326.2000084
1582	326.000005
1583	325.7000148
1584	325.7000148
1585	325.5000114
1586	326.000005
1587	325.8000016
1588	325.8999884
1589	325.7000148
1590	325.5999982
1591	325.7000148
1592	325.5999982
1593	325.5999982
1594	325.7000148
1595	324.9999881
1596	325.1999915
1597	324.9999881
1598	324.9999881
1599	324.9999881
1600	325.1000047
1601	325.1000047
1602	325.5999982
1603	326.000005
1604	325.8000016
1605	326.0999918
1606	326.2000084
1607	326.000005
1608	325.8000016
1609	325.8000016
1610	325.8999884
1611	325.7000148
1612	326.0999918
1613	325.3999949
1614	325.5999982
1615	325.5000114
1616	325.1999915
1617	325.3000081
1618	325.5000114
1619	325.7000148
1620	325.3999949
1621	325.8000016
1622	325.7000148
1623	325.5999982
1624	326.000005
1625	325.7000148
1626	325.5000114
1627	325.8999884
1628	325.3999949
1629	325.1999915
1630	324.8000145
1631	324.6999979
1632	324.9999881
1633	324.8000145
1634	324.2000043
1635	324.8000145
1636	324.9000013
1637	325.3999949
1638	325.1999915
1639	325.5000114
1640	325.5000114
1641	325.3999949
1642	325.3999949
1643	325.5999982
1644	325.5999982
1645	325.7000148
1646	325.7000148
1647	325.3999949
1648	325.8000016
1649	325.5999982
1650	325.7000148
1651	326.000005
1652	326.2000084
1653	326.2000084
1654	326.2999952
1655	326.2999952
1656	326.7999887
1657	326.2999952
1658	326.2999952
1659	326.2000084
1660	325.7000148
1661	325.8000016
1662	326.2999952
1663	325.7000148
1664	325.8000016
1665	325.8000016
1666	325.7000148
1667	325.7000148
1668	326.000005
1669	326.000005
1670	326.0999918
1671	325.8000016
1672	326.000005
1673	326.4000118
1674	325.8000016
1675	326.4000118
1676	326.2999952
1677	326.2999952
1678	326.2999952
1679	326.5999854
1680	326.700002
1681	326.7999887
1682	326.9999921
1683	327.4999857
1684	327.4999857
1685	327.6000023
1686	327.6000023
1687	327.8000057
1688	327.6000023
1689	327.8999925
1690	327.3000121
1691	327.8999925
1692	327.6000023
1693	327.8999925
1694	328.0000091
1695	327.8000057
1696	327.6000023
1697	327.3000121
1698	327.8000057
1699	327.3000121
1700	327.8000057
1701	327.1999955
1702	327.6999891
1703	327.8999925
1704	327.8000057
1705	327.8000057
1706	327.6999891
1707	326.4999986
1708	326.000005
1709	323.1000006
1710	318.8999891
1711	316.7999983
1712	311.8000031
1713	306.400001
1714	301.2000024
1715	298.7999916
1716	295.3999937
1717	293.0000126
1718	291.9000089
1719	291.2999988
1720	291.5000021
1721	292.1000123
1722	293.1999862
1723	293.900013
1724	295.599997
1725	296.9000041
1726	298.5000014
1727	299.2999852
1728	301.0999858
1729	302.3000062
1730	303.7
1731	304.6999872
1732	305.5000007
1733	306.400001
1734	307.0000112
1735	307.9999983
1736	308.9999855
1737	309.7000122
1738	309.5999956
1739	310.4000092
1740	310.9000027
1741	311.1999929
1742	311.5999997
1743	311.8999898
1744	312.5
1745	312.2000098
1746	312.5
1747	313.1000102
1748	313.4000003
1749	313.1000102
1750	312.9000068
1751	313.4999871
1752	314.0000105
1753	314.3000007
1754	314.0999973
1755	314.0999973
1756	314.0999973
1757	314.0999973
1758	314.2000139
1759	314.3999875
1760	314.2000139
1761	314.3999875
1762	315.1000142
1763	314.9999976
1764	314.9000108
1765	314.9000108
1766	314.5000041
1767	314.7000074
1768	314.5000041
1769	314.5999908
1770	314.7000074
1771	314.7999942
1772	314.7000074
1773	314.7000074
1774	315.1000142
1775	315.1000142
1776	315.1000142
1777	315.200001
1778	315.2999878
1779	315.2999878
1780	314.9999976
1781	314.9999976
1782	315.2999878
1783	315.1000142
1784	315.1000142
1785	315.2999878
1786	315.1000142
1787	314.9000108
1788	315.1000142
1789	315.200001
1790	315.200001
1791	315.1000142
1792	315.4000044
1793	315.4000044
1794	315.4000044
1795	315.200001
1796	315.200001
1797	315.200001
1798	315.6000078
1799	315.6999946
1800	315.2999878
1801	315.4000044
1802	315.4000044
1803	315.4000044
1804	315.6000078
1805	315.4999912
1806	315.6000078
1807	315.4000044
1808	315.1000142
1809	315.4000044
1810	315.2999878
1811	315.4000044
1812	315.4999912
1813	315.2999878
1814	315.4000044
1815	315.6000078
1816	315.4999912
1817	315.6000078
1818	315.4999912
1819	315.4999912
1820	315.4000044
1821	315.4999912
1822	315.6000078
1823	315.6999946
1824	315.4999912
1825	315.6000078
1826	315.6999946
1827	315.2999878
1828	315.4000044
1829	315.4999912
1830	315.6999946
1831	315.6999946
1832	315.8999979
1833	315.4000044
1834	315.4999912
1835	315.1000142
1836	315.200001
1837	314.7000074
1838	314.7999942
1839	314.5000041
1840	314.5000041
1841	314.3000007
1842	314.7000074
1843	314.5000041
1844	314.3000007
1845	314.3999875
1846	314.0999973
1847	314.2000139
1848	314.0999973
1849	314.0999973
1850	314.0999973
1851	313.8999939
1852	314.0999973
1853	314.2000139
1854	314.0999973
1855	314.2000139
1856	313.6999905
1857	313.8999939
1858	314.0000105
1859	313.8999939
1860	314.0000105
1861	314.0999973
1862	314.0999973
1863	314.0000105
1864	313.8000071
1865	313.6000037
1866	313.8000071
1867	313.8000071
1868	313.6999905
1869	313.6000037
1870	313.8000071
1871	313.8000071
1872	313.8000071
1873	313.6999905
1874	313.8000071
1875	313.6999905
1876	313.6000037
1877	313.6999905
1878	313.8000071
1879	313.4999871
1880	313.6000037
1881	313.8000071
1882	313.8000071
1883	313.6999905
1884	313.4000003
1885	313.4999871
1886	313.4999871
1887	313.6999905
1888	313.3000135
1889	313.4999871
1890	313.4999871
1891	313.8000071
1892	313.4999871
1893	313.4999871
1894	313.4999871
1895	313.4999871
1896	313.6000037
1897	313.4000003
1898	313.6999905
1899	313.4999871
1900	313.6000037
1901	313.4999871
1902	313.4999871
1903	313.6999905
1904	313.8000071
1905	313.4999871
1906	313.4999871
1907	313.8000071
1908	313.6999905
1909	314.0000105
1910	313.4999871
1911	313.4999871
1912	313.4999871
1913	313.6000037
1914	313.4999871
1915	313.1999969
1916	313.1999969
1917	313.8000071
1918	313.6000037
1919	313.4000003
1920	313.1000102
1921	313.6000037
1922	313.4000003
1923	313.8000071
1924	313.4000003
1925	313.6999905
1926	313.8000071
1927	313.4999871
1928	313.8000071
1929	313.8999939
1930	313.8000071
1931	313.4999871
1932	313.6999905
1933	313.6999905
1934	313.6999905
1935	313.8999939
1936	313.8000071
1937	313.4999871
1938	313.4999871
1939	313.6000037
1940	313.6000037
1941	313.4999871
1942	313.4999871
1943	313.4999871
1944	313.6000037
1945	313.6999905
1946	313.4999871
1947	313.6999905
1948	313.6999905
1949	313.6999905
1950	314.0999973
1951	313.8999939
1952	313.6999905
1953	313.6999905
1954	313.8999939
1955	313.4999871
1956	313.8000071
1957	313.6000037
1958	313.8000071
1959	313.4999871
1960	313.4999871
1961	313.4999871
1962	313.1000102
1963	313.3000135
1964	313.1999969
1965	313.1000102
1966	313.3000135
1967	313.3000135
1968	313.6999905
1969	313.4000003
1970	313.4999871
1971	313.4000003
1972	313.6000037
1973	313.4999871
1974	313.4999871
1975	313.4999871
1976	313.8000071
1977	313.6000037
1978	313.8000071
1979	313.6000037
1980	313.8999939
1981	313.8000071
1982	313.8000071
1983	313.6999905
1984	313.6000037
1985	313.6000037
1986	314.0000105
1987	314.0000105
1988	313.8000071
1989	313.8000071
1990	313.4999871
1991	313.6000037
1992	313.6000037
1993	313.6999905
1994	313.4999871
1995	313.1999969
1996	313.4999871
1997	313.1999969
1998	313.8000071
1999	313.8000071
2000	314.0000105
2001	313.6999905
2002	314.0999973
2003	314.0999973
2004	314.3000007
2005	314.3999875
2006	314.7000074
2007	314.9999976
2008	315.6999946
2009	316.0000145
2010	316.3999915
2011	317.0000017
2012	317.4999952
2013	318.3000088
2014	318.599999
2015	318.8999891
2016	319.4000125
2017	319.9999928
2018	320.1999962
2019	320.8999932
2020	321.0999966
2021	321.5999901
2022	321.3999867
2023	321.9000101
2024	321.9999969
2025	322.4000037
2026	322.1000135
2027	322.4999905
2028	322.4999905
2029	322.4999905
2030	322.6999938
2031	322.8999972
2032	323.1000006
2033	323.1999874
2034	323.5000074
2035	323.1999874
2036	323.0000138
2037	323.1000006
2038	323.3999908
2039	323.1999874
2040	323.3999908
2041	323.5999942
2042	323.5000074
2043	323.3999908
2044	323.5999942
2045	323.7000108
2046	323.7999976
2047	324.000001
2048	324.0999877
2049	323.7999976
2050	323.5000074
2051	322.6999938
2052	322.8000104
2053	322.8999972
2054	322.6999938
2055	322.8999972
2056	323.1000006
2057	323.5999942
2058	323.7999976
2059	323.300004
2060	323.7999976
2061	323.7999976
2062	323.7000108
2063	323.5000074
2064	323.5999942
2065	323.7999976
2066	324.000001
2067	324.000001
2068	323.9000142
2069	324.0999877
2070	324.4000077
2071	324.0999877
2072	324.2999911
2073	324.6999979
2074	324.6999979
2075	324.6999979
2076	324.4999945
2077	324.6999979
2078	324.6999979
2079	324.4000077
2080	324.6999979
2081	324.6999979
2082	324.9999881
2083	324.9999881
2084	324.6999979
2085	324.8000145
2086	324.6000111
2087	324.4000077
2088	324.4000077
2089	324.4000077
2090	324.6999979
2091	324.9000013
2092	325.3000081
2093	325.1000047
2094	325.1999915
2095	325.3999949
2096	325.3999949
2097	325.5000114
2098	325.7000148
2099	325.7000148
2100	325.7000148
2101	325.8999884
2102	325.8999884
2103	326.0999918
2104	325.7000148
2105	326.000005
2106	326.0999918
2107	326.0999918
2108	326.000005
2109	326.0999918
2110	326.000005
2111	326.2999952
2112	326.000005
2113	326.000005
2114	326.4999986
2115	326.2000084
2116	326.0999918
2117	326.0999918
2118	325.7000148
2119	326.000005
2120	325.8000016
2121	326.000005
2122	326.2000084
2123	326.0999918
2124	326.000005
2125	325.7000148
2126	326.000005
2127	325.8999884
2128	325.8999884
2129	326.000005
2130	326.2999952
2131	326.2999952
2132	326.000005
2133	326.000005
2134	326.000005
2135	326.000005
2136	326.000005
2137	326.2999952
2138	326.2000084
2139	326.0999918
2140	325.7000148
2141	325.7000148
2142	325.3999949
2143	325.5999982
2144	325.5000114
2145	325.3999949
2146	325.3999949
2147	325.1000047
2148	325.3000081
2149	325.1000047
2150	325.3000081
2151	325.1000047
2152	324.9000013
2153	324.8000145
2154	324.4000077
2155	324.2999911
2156	324.4000077
2157	324.4000077
2158	324.0999877
2159	324.2000043
2160	324.0999877
2161	324.2999911
2162	324.4999945
2163	324.6999979
2164	324.6000111
2165	324.4000077
2166	324.2999911
2167	324.000001
2168	324.4999945
2169	324.2999911
2170	324.4000077
2171	324.6999979
2172	324.8000145
2173	324.9000013
2174	324.2999911
2175	324.0999877
2176	324.0999877
2177	324.000001
2178	323.7000108
2179	323.9000142
2180	324.000001
2181	324.0999877
2182	323.7999976
2183	324.000001
2184	324.4000077
2185	323.7999976
2186	323.3999908
2187	321.9000101
2188	319.5999861
2189	315.8000112
2190	313.8000071
2191	309.1000021
2192	304.5000136
2193	300.1999855
2194	298.0000079
2195	294.9999869
2196	292.8000093
2197	291.9000089
2198	291.5000021
2199	291.7000055
2200	292.4999893
2201	293.599993
2202	294.2000031
2203	295.7000136
2204	297.3999977
2205	298.9000082
2206	299.4000018
2207	300.7999957
2208	302.1999896
2209	302.7000129
2210	303.7999868
2211	304.8000038
2212	305.7000041
2213	306.400001
2214	307.0000112
2215	307.3999882
2216	308.0999851
2217	308.4999919
2218	308.6999953
2219	308.8999987
2220	309.5999956
2221	309.799999
2222	310.0000024
2223	310.0000024
2224	310.6000125
2225	310.4999959
2226	310.9999895
2227	311.1999929
2228	311.1999929
2229	311.1999929
2230	311.5000129
2231	311.3999963
2232	311.5000129
2233	311.6999865
2234	311.5999997
2235	311.3999963
2236	311.8000031
2237	312.0999932
2238	312.0999932
2239	311.8999898
2240	312.0999932
2241	312.2000098
2242	312.2999966
2243	312.5
2244	312.2000098
2245	312.5999868
2246	312.7999902
2247	312.4000132
2248	312.7000034
2249	312.5999868
2250	312.7999902
2251	312.7000034
2252	312.7999902
2253	312.7999902
2254	312.9000068
2255	312.9000068
2256	312.5
2257	312.7999902
2258	312.7999902
2259	312.9999936
2260	312.9000068
2261	313.1000102
2262	313.1000102
2263	312.9999936
2264	312.9999936
2265	313.1000102
2266	313.1999969
2267	312.9999936
2268	313.1000102
2269	313.1000102
2270	313.1000102
2271	312.9999936
2272	313.1999969
2273	313.3000135
2274	313.6000037
2275	313.4999871
2276	313.1999969
2277	313.1999969
2278	312.9000068
2279	313.1999969
2280	313.1000102
2281	313.4999871
2282	313.4999871
2283	313.1000102
2284	313.4000003
2285	313.4999871
2286	313.1000102
2287	313.4999871
2288	313.1999969
2289	313.4999871
2290	313.4999871
2291	313.1000102
2292	313.4999871
2293	313.4999871
2294	313.4999871
2295	313.6000037
2296	313.4999871
2297	313.4000003
2298	313.1000102
2299	313.4000003
2300	313.1000102
2301	313.1999969
2302	313.4999871
2303	313.4999871
2304	313.6999905
2305	313.6999905
2306	313.6000037
2307	313.4000003
2308	313.3000135
2309	313.4000003
2310	313.1999969
2311	313.3000135
2312	312.9000068
2313	313.4000003
2314	313.1999969
2315	313.1999969
2316	312.9000068
2317	313.1000102
2318	313.1000102
2319	313.3000135
2320	312.9999936
2321	312.7999902
2322	313.1999969
2323	313.1999969
2324	312.9999936
2325	313.1999969
2326	313.3000135
2327	313.1999969
2328	313.1000102
2329	313.1000102
2330	313.1999969
2331	313.1000102
2332	312.9999936
2333	313.3000135
2334	313.4999871
2335	313.4000003
2336	313.4000003
2337	313.4000003
2338	313.1999969
2339	313.3000135
2340	313.4000003
2341	313.4999871
2342	313.4999871
2343	313.4000003
2344	313.3000135
2345	313.4999871
2346	312.7999902
2347	313.1999969
2348	313.1999969
2349	312.9000068
2350	312.9999936
2351	313.1000102
2352	313.4999871
2353	314.0000105
2354	312.9999936
2355	313.1000102
2356	313.3000135
2357	313.1000102
2358	313.1000102
2359	313.1999969
2360	313.4000003
2361	313.1999969
2362	313.1000102
2363	313.1000102
2364	313.6999905
2365	313.1000102
2366	313.4999871
2367	313.1000102
2368	313.1000102
2369	313.4000003
2370	313.4999871
2371	313.6000037
2372	313.4999871
2373	313.4999871
2374	313.1999969
2375	313.4999871
2376	313.4999871
2377	313.6000037
2378	313.6000037
2379	313.4999871
2380	313.1999969
2381	313.8000071
2382	313.4000003
2383	313.4999871
2384	313.4999871
2385	313.1000102
2386	313.3000135
2387	313.1000102
2388	313.4999871
2389	313.3000135
2390	313.4999871
2391	313.6000037
2392	313.6000037
2393	313.4999871
2394	313.6000037
2395	313.8000071
2396	313.6000037
2397	313.6999905
2398	313.6000037
2399	313.6999905
2400	313.8000071
2401	313.8999939
2402	313.8000071
2403	313.8000071
2404	313.4999871
2405	313.6999905
2406	313.6999905
2407	313.4000003
2408	313.6999905
2409	313.4999871
2410	313.4000003
2411	313.4999871
2412	313.4000003
2413	313.3000135
2414	313.1000102
2415	313.8000071
2416	313.1000102
2417	313.1999969
2418	313.1999969
2419	313.4999871
2420	313.4999871
2421	313.1999969
2422	313.1999969
2423	313.4999871
2424	313.4999871
2425	313.1000102
2426	312.9999936
2427	313.1999969
2428	313.3000135
2429	313.4000003
2430	313.6000037
2431	313.4999871
2432	313.4999871
2433	313.4999871
2434	313.4999871
2435	313.4999871
2436	313.4000003
2437	313.3000135
2438	313.3000135
2439	313.1000102
2440	313.4999871
2441	313.3000135
2442	313.1999969
2443	313.4999871
2444	313.4999871
2445	313.4000003
2446	313.3000135
2447	313.4000003
2448	313.1000102
2449	313.4000003
2450	313.4000003
2451	313.1000102
2452	313.1000102
2453	313.1999969
2454	313.6000037
2455	313.6000037
2456	313.4000003
2457	313.4000003
2458	313.1999969
2459	313.4999871
2460	313.4000003
2461	313.3000135
2462	313.4999871
2463	313.4999871
2464	313.1000102
2465	313.3000135
2466	312.7999902
2467	313.6999905
2468	312.9999936
2469	312.9999936
2470	312.9000068
2471	313.1000102
2472	313.6000037
2473	313.6999905
2474	313.4999871
2475	314.0999973
2476	314.3000007
2477	314.2000139
2478	314.2000139
2479	314.3999875
2480	314.9999976
2481	315.4000044
2482	315.8999979
2483	316.7000115
2484	317.6000118
2485	317.900002
2486	318.599999
2487	319.5999861
2488	320.4999864
2489	320.6999898
2490	321.2000132
2491	321.7000067
2492	322.1000135
2493	322.4000037
2494	323.1999874
2495	323.3999908
2496	323.7000108
2497	323.5999942
2498	323.7000108
2499	324.0999877
2500	324.4000077
2501	324.4999945
2502	324.6000111
2503	324.6999979
2504	324.6999979
2505	325.1999915
2506	324.9999881
2507	324.6999979
2508	324.9999881
2509	324.9000013
2510	324.9000013
2511	324.6999979
2512	324.6999979
2513	324.9999881
2514	325.1000047
2515	325.3999949
2516	325.3000081
2517	325.1999915
2518	324.9999881
2519	325.3000081
2520	325.3999949
2521	325.1000047
2522	325.3000081
2523	325.3999949
2524	325.3000081
2525	324.9999881
2526	324.9999881
2527	324.9999881
2528	325.1999915
2529	325.3999949
2530	325.3999949
2531	325.3999949
2532	325.5999982
2533	325.8000016
2534	325.8999884
2535	326.0999918
2536	326.2000084
2537	326.000005
2538	326.000005
2539	325.8999884
2540	326.000005
2541	325.7000148
2542	325.7000148
2543	326.000005
2544	325.8000016
2545	325.8999884
2546	326.000005
2547	326.000005
2548	325.7000148
2549	326.2999952
2550	325.8999884
2551	325.8000016
2552	325.7000148
2553	326.000005
2554	325.8999884
2555	326.0999918
2556	326.000005
2557	326.2000084
2558	325.8999884
2559	326.000005
2560	325.8999884
2561	326.000005
2562	325.8000016
2563	325.5999982
2564	325.1000047
2565	324.9999881
2566	324.6999979
2567	324.9000013
2568	324.4000077
2569	324.2999911
2570	324.4000077
2571	324.000001
2572	324.4000077
2573	324.2999911
2574	323.3999908
2575	323.5000074
2576	323.3999908
2577	323.7999976
2578	324.0999877
2579	324.4999945
2580	324.9999881
2581	324.9000013
2582	324.6000111
2583	324.6999979
2584	324.9999881
2585	325.1000047
2586	325.1000047
2587	324.8000145
2588	325.1999915
2589	324.8000145
2590	324.6000111
2591	324.9000013
2592	324.9999881
2593	324.6999979
2594	324.2999911
2595	324.0999877
2596	324.000001
2597	324.000001
2598	324.0999877
2599	324.0999877
2600	324.2000043
2601	324.4000077
2602	324.6999979
2603	324.6000111
2604	324.9000013
2605	324.9000013
2606	325.1999915
2607	325.7000148
2608	325.5999982
2609	325.3999949
2610	325.3999949
2611	325.3000081
2612	325.1000047
2613	325.5000114
2614	325.3999949
2615	325.5000114
2616	325.7000148
2617	325.8999884
2618	325.7000148
2619	325.3999949
2620	325.7000148
2621	325.8000016
2622	326.000005
2623	325.8999884
2624	326.000005
2625	326.2000084
2626	326.2999952
2627	326.000005
2628	325.8999884
2629	326.000005
2630	326.2000084
2631	326.0999918
2632	326.0999918
2633	326.0999918
2634	325.8999884
2635	326.000005
2636	325.7000148
2637	325.8000016
2638	325.7000148
2639	326.000005
2640	326.2000084
2641	326.000005
2642	325.8000016
2643	326.000005
2644	325.8999884
2645	325.7000148
2646	325.3999949
2647	325.3999949
2648	325.1999915
2649	325.1000047
2650	324.9999881
2651	324.8000145
2652	324.4000077
2653	324.4000077
2654	324.6999979
2655	324.2999911
2656	324.4999945
2657	324.4999945
2658	324.2000043
2659	323.7999976
2660	322.4999905
2661	319.9999928
2662	318.3000088
2663	314.3999875
2664	309.7000122
2665	304.8999906
2666	302.7999997
2667	299.1999984
2668	295.7000136
2669	294.4999933
2670	292.899996
2671	291.7999923
2672	291.9999957
2673	292.1999991
2674	293.0999994
2675	294.8000133
2676	295.8999872
2677	296.4999974
2678	297.8000045
2679	299.2999852
2680	300.7000089
2681	301.2000024
2682	302.5999963
2683	303.4999967
2684	304.6000004
2685	305.2999973
2686	305.9000075
2687	306.6999912
2688	307.0000112
2689	307.3000014
2690	308.2000017
2691	308.8999987
2692	308.8000119
2693	308.9999855
2694	309.3000054
2695	309.799999
2696	309.7000122
2697	309.7000122
2698	309.8999858
2699	310.2999926
2700	310.4000092
2701	310.6000125
2702	311.1999929
2703	311.1000061
2704	311.3999963
2705	311.3999963
2706	311.5000129
2707	311.5000129
2708	311.3999963
2709	311.8999898
2710	311.8999898
2711	312.0999932
2712	311.8999898
2713	312.0999932
2714	312.4000132
2715	312.4000132
2716	312.5
2717	312.0000064
2718	312.5999868
2719	312.0999932
2720	312.5
2721	312.4000132
2722	312.5
2723	312.2999966
2724	312.2000098
2725	312.7000034
2726	312.5
2727	312.2000098
2728	312.2999966
2729	312.4000132
2730	312.9000068
2731	312.2999966
2732	312.7999902
2733	312.4000132
2734	312.7999902
2735	312.2999966
2736	312.2999966
2737	312.2999966
2738	312.2000098
2739	312.7999902
2740	312.5999868
2741	313.1999969
2742	313.4000003
2743	312.9999936
2744	312.7999902
2745	313.4000003
2746	312.5
2747	313.1000102
2748	312.9000068
2749	312.7999902
2750	313.3000135
2751	313.4999871
2752	313.6000037
2753	312.9000068
2754	313.1999969
2755	312.9999936
2756	313.1000102
2757	312.7999902
2758	312.9999936
2759	313.1999969
2760	313.1999969
2761	313.1000102
2762	313.6999905
2763	313.6999905
2764	313.4999871
2765	313.8000071
2766	313.4000003
2767	313.4000003
2768	313.4999871
2769	313.4999871
2770	313.4999871
2771	313.6999905
2772	313.8000071
2773	313.8999939
2774	313.6999905
2775	313.4999871
2776	313.6999905
2777	313.4999871
2778	313.4999871
2779	313.4999871
2780	313.4999871
2781	313.4999871
2782	313.6000037
2783	313.1000102
2784	313.1000102
2785	313.4000003
2786	313.4999871
2787	313.6999905
2788	313.4999871
2789	313.1000102
2790	313.8000071
2791	313.1999969
2792	313.6000037
2793	313.4000003
2794	313.8000071
2795	313.4999871
2796	313.4000003
2797	313.1000102
2798	313.4000003
2799	313.1000102
2800	313.4999871
2801	313.4000003
2802	313.1000102
2803	313.3000135
2804	312.9999936
2805	313.1999969
2806	313.1999969
2807	313.4000003
2808	313.1000102
2809	313.4000003
2810	313.1999969
2811	313.1000102
2812	313.1999969
2813	313.1000102
2814	313.1000102
2815	313.1999969
2816	313.4000003
2817	313.1000102
2818	313.3000135
2819	313.1000102
2820	313.1999969
2821	313.1999969
2822	312.9999936
2823	313.4000003
2824	313.1000102
2825	313.3000135
2826	313.1999969
2827	313.3000135
2828	313.1000102
2829	313.4999871
2830	313.1999969
2831	313.4999871
2832	312.9999936
2833	313.1000102
2834	312.9000068
2835	313.4999871
2836	313.1000102
2837	313.1999969
2838	313.4000003
2839	313.3000135
2840	313.6000037
2841	310.9000027
2842	310.9000027
2843	310.7999861
2844	310.9000027
2845	310.9000027
2846	310.6000125
2847	310.9000027
2848	311.5999997
2849	310.9000027
2850	310.6999993
2851	310.6999993
2852	310.9000027
2853	310.9000027
2854	310.9000027
2855	311.3999963
2856	310.9999895
2857	310.9999895
2858	311.3000095
2859	310.9000027
2860	310.9000027
2861	310.9999895
2862	310.7999861
2863	310.9000027
2864	310.6000125
2865	310.7999861
2866	310.9000027
2867	310.6999993
2868	310.4999959
2869	310.4000092
2870	310.6000125
2871	310.9000027
2872	310.7999861
2873	310.4999959
2874	310.6999993
2875	310.6000125
2876	310.6999993
2877	310.9000027
2878	310.9999895
2879	311.1000061
2880	311.1000061
2881	311.1999929
2882	311.3000095
2883	310.9999895
2884	310.9999895
2885	310.9999895
2886	311.1999929
2887	311.1000061
2888	311.3000095
2889	311.1000061
2890	311.1999929
2891	310.9000027
2892	311.1000061
2893	311.1000061
2894	311.1999929
2895	311.1000061
2896	310.9999895
2897	310.9000027
2898	310.9000027
2899	311.1000061
2900	310.9000027
2901	310.9000027
2902	310.9000027
2903	310.9999895
2904	310.9000027
2905	311.1000061
2906	310.9999895
2907	311.1000061
2908	310.9999895
2909	310.9000027
2910	311.1999929
2911	310.7999861
2912	310.9999895
2913	310.9000027
2914	311.3000095
2915	311.1999929
2916	311.1000061
2917	311.3000095
2918	311.3999963
2919	311.1999929
2920	311.1999929
2921	311.1999929
2922	311.5999997
2923	311.1999929
2924	311.1999929
2925	311.1999929
2926	311.3000095
2927	311.5000129
2928	311.3000095
2929	311.3999963
2930	311.3999963
2931	311.3999963
2932	311.3999963
2933	310.9999895
2934	311.5000129
2935	311.3000095
2936	311.5000129
2937	311.3000095
2938	311.5000129
2939	311.5000129
2940	311.5999997
2941	311.3999963
2942	311.3000095
2943	311.5000129
2944	311.3000095
2945	311.3000095
2946	311.1999929
2947	311.1999929
2948	311.1999929
2949	311.5999997
2950	311.5999997
2951	311.8000031
2952	311.8000031
2953	311.8999898
2954	311.8999898
2955	312.2000098
2956	311.6999865
2957	311.8000031
2958	311.5999997
2959	311.3999963
2960	311.6999865
2961	312.4000132
2962	312.5
2963	313.1999969
2964	313.6999905
2965	314.5999908
2966	314.9999976
2967	315.2999878
2968	315.6999946
2969	316.1000013
2970	316.7000115
2971	316.5999949
2972	316.7000115
2973	317.0000017
2974	316.7000115
2975	317.2000051
2976	317.6000118
2977	317.900002
2978	318.1999922
2979	318.599999
2980	318.8000023
2981	318.599999
2982	318.599999
2983	318.599999
2984	318.599999
2985	318.8000023
2986	318.8000023
2987	318.8999891
2988	319.2000091
2989	318.8999891
2990	318.8000023
2991	318.8000023
2992	318.8999891
2993	318.599999
2994	318.6999857
2995	319.2000091
2996	319.0000057
2997	319.0999925
2998	319.0000057
2999	319.0000057
3000	318.8999891
3001	319.0000057
3002	319.2000091
3003	318.8999891
3004	318.8000023
3005	318.8999891
3006	319.0999925
3007	319.4000125
3008	319.2000091
3009	319.2000091
3010	319.2999959
3011	318.8999891
3012	318.6999857
3013	318.599999
3014	318.8000023
3015	318.6999857
3016	318.6999857
3017	318.8000023
3018	318.8999891
3019	318.599999
3020	318.8000023
3021	318.8999891
3022	318.6999857
3023	318.3999956
3024	318.1999922
3025	317.900002
3026	317.9999888
3027	318.1999922
3028	317.9999888
3029	318.5000122
3030	318.8999891
3031	318.8999891
3032	319.2999959
3033	319.0999925
3034	319.0000057
3035	318.8999891
3036	318.8999891
3037	318.8999891
3038	319.0000057
3039	318.6999857
3040	318.8000023
3041	318.8999891
3042	319.2000091
3043	319.2999959
3044	319.4000125
3045	319.2999959
3046	319.4999993
3047	319.5999861
3048	319.4000125
3049	319.7999895
3050	319.7000027
3051	319.5999861
3052	319.5999861
3053	319.7000027
3054	319.5999861
3055	319.9000061
3056	319.7999895
3057	319.7000027
3058	319.5999861
3059	319.4999993
3060	319.4999993
3061	319.5999861
3062	319.7000027
3063	319.5999861
3064	319.4999993
3065	319.4999993
3066	319.5999861
3067	319.2000091
3068	319.2000091
3069	319.2000091
3070	319.2999959
3071	319.2000091
3072	319.2999959
3073	319.2000091
3074	319.2999959
3075	319.2000091
3076	319.4000125
3077	319.7999895
3078	319.9999928
3079	319.9999928
3080	319.9999928
3081	319.9000061
3082	319.7999895
3083	319.9000061
3084	319.5999861
3085	319.5999861
3086	319.2000091
3087	319.4000125
3088	319.4000125
3089	319.4999993
3090	319.4000125
3091	319.4999993
3092	319.5999861
3093	319.4000125
3094	319.0999925
3095	319.2999959
3096	319.2000091
3097	319.2999959
3098	319.2000091
3099	319.2000091
3100	319.2000091
3101	319.2000091
3102	319.4000125
3103	319.2999959
3104	319.2999959
3105	319.2000091
3106	319.2000091
3107	319.0000057
3108	318.8999891
3109	318.599999
3110	318.3000088
3111	318.3999956
3112	318.3000088
3113	318.3000088
3114	318.3000088
3115	318.3999956
3116	318.6999857
3117	318.8000023
3118	318.8999891
3119	318.599999
3120	318.599999
3121	318.599999
3122	318.8000023
3123	318.8000023
3124	318.8999891
3125	319.2000091
3126	319.2999959
3127	319.4000125
3128	319.5999861
3129	319.7000027
3130	319.5999861
3131	319.7000027
3132	319.9000061
3133	319.9000061
3134	319.9999928
3135	319.9000061
3136	319.9000061
3137	319.7000027
3138	319.4999993
3139	318.5000122
3140	316.3999915
3141	313.3000135
3142	311.3999963
3143	307.7000082
3144	303.7999868
3145	300.3999889
3146	298.999995
3147	296.600014
3148	294.8000133
3149	293.9999998
3150	293.7999964
3151	293.9999998
3152	294.4000065
3153	294.8000133
3154	295.7000136
3155	296.600014
3156	297.8999913
3157	298.0999947
3158	299.6000051
3159	300.3000021
3160	301.4999926
3161	301.9999862
3162	302.7999997
3163	303.4999967
3164	304.6000004
3165	304.8000038
3166	305.4000139
3167	306.3000143
3168	306.6999912
3169	306.6999912
3170	307.3000014
3171	307.9999983
3172	307.9000115
3173	308.2000017
3174	308.4000051
3175	308.8999987
3176	309.1000021
3177	308.8000119
3178	308.9999855
3179	309.1000021
3180	309.3000054
3181	309.5999956
3182	309.8999858
3183	310.0000024
3184	309.8999858
3185	310.4000092
3186	310.2000058
3187	310.4999959
3188	310.6000125
3189	310.6000125
3190	310.2999926
3191	310.4000092
3192	310.4999959
3193	310.6000125
3194	310.6999993
3195	310.9000027
3196	310.9999895
3197	310.9000027
3198	310.7999861
3199	310.9000027
3200	311.1000061
3201	311.1000061
3202	311.1000061
3203	311.1999929
3204	311.1000061
3205	311.1999929
3206	311.1999929
3207	311.1999929
3208	311.1999929
3209	311.1999929
3210	311.5000129
3211	311.3999963
3212	311.5000129
3213	311.5000129
3214	311.6999865
3215	311.5000129
3216	311.5999997
3217	311.5999997
3218	311.5999997
3219	311.5999997
3220	311.5000129
3221	311.6999865
3222	311.5999997
3223	311.5000129
3224	311.8000031
3225	311.5000129
3226	311.5999997
3227	311.5000129
3228	311.5000129
3229	311.5000129
3230	311.5999997
3231	311.5000129
3232	311.5000129
3233	311.3999963
3234	311.3000095
3235	311.3999963
3236	311.1999929
3237	311.1000061
3238	311.1999929
3239	311.3000095
3240	311.5000129
3241	311.5999997
3242	311.3999963
3243	311.5000129
3244	311.5999997
3245	311.5999997
3246	311.5000129
3247	311.5000129
3248	311.5000129
3249	311.5999997
3250	311.5000129
3251	311.5000129
3252	311.5000129
3253	311.8000031
3254	311.6999865
3255	311.5999997
3256	311.6999865
3257	311.1999929
3258	311.5000129
3259	311.3999963
3260	311.3999963
3261	311.5999997
3262	311.5999997
3263	311.6999865
3264	312.0000064
3265	311.8000031
3266	311.8000031
3267	311.8000031
3268	311.8000031
3269	311.5999997
3270	311.5000129
3271	311.6999865
3272	311.8999898
3273	311.8999898
3274	311.8999898
3275	311.8000031
3276	311.8000031
3277	311.8000031
3278	311.5000129
3279	311.5000129
3280	311.5999997
3281	311.5999997
3282	311.8000031
3283	311.8000031
3284	311.8000031
3285	311.8000031
3286	311.8000031
3287	311.6999865
3288	311.6999865
3289	311.6999865
3290	311.8000031
3291	311.5999997
3292	311.6999865
3293	311.3000095
3294	311.3000095
3295	311.3999963
3296	311.5000129
3297	311.5000129
3298	311.6999865
3299	311.5000129
3300	311.6999865
3301	311.6999865
3302	311.8000031
3303	311.8999898
3304	311.8999898
3305	311.8000031
3306	311.8000031
3307	311.8000031
3308	311.8000031
3309	311.8000031
3310	311.8000031
3311	311.8999898
3312	311.8000031
3313	311.8999898
3314	312.0999932
3315	311.8000031
3316	311.5999997
3317	311.5999997
3318	311.8999898
3319	311.8000031
3320	311.5999997
3321	311.8999898
3322	311.8000031
3323	311.8000031
3324	311.5999997
3325	311.8000031
3326	311.8000031
3327	312.2000098
3328	311.8000031
3329	311.8000031
3330	311.8999898
3331	311.8000031
3332	311.8000031
3333	311.8000031
3334	311.8999898
3335	311.8000031
3336	311.6999865
3337	311.8999898
3338	311.8000031
3339	311.6999865
3340	311.5999997
3341	311.8000031
3342	311.8999898
3343	311.8000031
3344	311.8999898
3345	311.8999898
3346	311.6999865
3347	311.6999865
3348	311.8000031
3349	311.5999997
3350	311.3999963
3351	311.8000031
3352	311.5000129
3353	311.8000031
3354	311.8000031
3355	311.8000031
3356	311.8000031
3357	311.8000031
3358	311.5000129
3359	311.5999997
3360	311.5000129
3361	311.6999865
3362	311.3999963
3363	311.5000129
3364	311.5999997
3365	311.8999898
3366	311.6999865
3367	311.6999865
3368	311.6999865
3369	311.8999898
3370	311.8999898
3371	311.8000031
3372	311.8999898
3373	311.8999898
3374	312.0000064
3375	311.8000031
3376	312.0999932
3377	312.0999932
3378	312.0999932
3379	312.0999932
3380	312.2000098
3381	312.0000064
3382	312.0000064
3383	311.8999898
3384	311.8999898
3385	311.8000031
3386	311.8000031
3387	311.8999898
3388	312.0000064
3389	311.8000031
3390	311.8999898
3391	312.2000098
3392	312.0999932
3393	311.8000031
3394	311.8999898
3395	311.8000031
3396	312.0999932
3397	312.2000098
3398	312.0000064
3399	311.8000031
3400	311.8000031
3401	311.8000031
3402	311.8999898
3403	311.8000031
3404	311.8000031
3405	311.8999898
3406	311.8000031
3407	312.0000064
3408	311.8000031
3409	312.2000098
3410	312.0999932
3411	311.8000031
3412	311.8000031
3413	311.6999865
3414	311.5000129
3415	311.6999865
3416	311.5999997
3417	311.6999865
3418	311.5000129
3419	311.8000031
3420	311.8000031
3421	311.6999865
3422	311.8000031
3423	312.0000064
3424	312.2000098
3425	312.2000098
3426	312.4000132
3427	312.2999966
3428	312.2999966
3429	312.2999966
3430	312.2999966
3431	312.7000034
3432	313.1000102
3433	313.1000102
3434	313.4999871
3435	313.4999871
3436	314.0000105
3437	314.0999973
3438	314.3999875
3439	314.5000041
3440	314.9999976
3441	315.4999912
3442	315.6999946
3443	315.8999979
3444	316.3000047
3445	316.7000115
3446	317.2999918
3447	317.2999918
3448	317.6999986
3449	317.900002
3450	317.9999888
3451	317.9999888
3452	317.9999888
3453	318.5000122
3454	318.3999956
3455	318.599999
3456	318.3000088
3457	318.3999956
3458	318.3000088
3459	318.599999
3460	318.8000023
3461	318.8999891
3462	319.0000057
3463	318.8999891
3464	319.0000057
3465	318.8999891
3466	319.0000057
3467	318.8999891
3468	318.8999891
3469	318.8000023
3470	319.0999925
3471	319.0000057
3472	318.8999891
3473	318.8999891
3474	319.0000057
3475	319.0999925
3476	319.0000057
3477	319.0000057
3478	319.2999959
3479	318.8999891
3480	319.0000057
3481	318.599999
3482	318.599999
3483	318.599999
3484	318.8999891
3485	318.8000023
3486	318.8999891
3487	318.8000023
3488	319.0000057
3489	319.0999925
3490	318.8999891
3491	318.8999891
3492	318.8999891
3493	318.599999
3494	318.5000122
3495	318.599999
3496	318.599999
3497	318.8999891
3498	318.599999
3499	318.599999
3500	318.8999891
3501	319.0999925
3502	319.0000057
3503	319.2000091
3504	319.5999861
3505	319.2999959
3506	319.2000091
3507	319.0999925
3508	319.5999861
3509	319.7000027
3510	319.7999895
3511	320.1000094
3512	319.9000061
3513	319.2999959
3514	319.2999959
3515	318.8000023
3516	318.8999891
3517	318.8999891
3518	318.8000023
3519	318.8999891
3520	319.2000091
3521	318.8999891
3522	319.0000057
3523	319.2000091
3524	319.0999925
3525	319.0000057
3526	319.2000091
3527	319.0000057
3528	319.2000091
3529	318.8999891
3530	319.2999959
3531	319.2999959
3532	319.7000027
3533	319.9000061
3534	319.7000027
3535	319.7000027
3536	319.4000125
3537	319.5999861
3538	319.7999895
3539	319.9999928
3540	320.1999962
3541	320.1999962
3542	320.1999962
3543	320.3000128
3544	320.1000094
3545	319.9000061
3546	319.4999993
3547	319.5999861
3548	319.2999959
3549	319.5999861
3550	319.5999861
3551	320.1000094
3552	319.9000061
3553	319.9999928
3554	319.9000061
3555	319.7000027
3556	319.5999861
3557	319.5999861
3558	319.5999861
3559	319.9000061
3560	319.7999895
3561	319.9000061
3562	319.9000061
3563	319.9999928
3564	319.9000061
3565	319.9000061
3566	319.7000027
3567	319.7999895
3568	319.7000027
3569	319.9999928
3570	319.9000061
3571	319.9000061
3572	319.7000027
3573	319.5999861
3574	319.4999993
3575	319.4999993
3576	319.4999993
3577	319.5999861
3578	319.7000027
3579	319.7000027
3580	319.7999895
3581	319.9000061
3582	319.7999895
3583	319.7999895
3584	319.5999861
3585	319.4999993
3586	319.2999959
3587	319.4000125
3588	319.0999925
3589	319.0999925
3590	319.0000057
3591	319.0000057
3592	318.8000023
3593	319.0999925
3594	318.8999891
3595	319.0000057
3596	318.8999891
3597	319.0000057
3598	318.8999891
3599	319.0999925
3600	319.0999925
3601	319.2000091
3602	319.2000091
3603	319.2999959
3604	319.5999861
3605	319.5999861
3606	319.5999861
3607	319.7999895
3608	319.9000061
3609	319.7999895
3610	319.7999895
3611	319.2000091
3612	318.3999956
3613	317.2000051
3614	315.1000142
3615	312.0999932
3616	308.2999885
3617	306.400001
3618	302.7999997
3619	299.6999919
3620	297.3999977
3621	296.299994
3622	294.9000001
3623	294.4999933
3624	294.4999933
3625	294.8000133
3626	295.3999937
3627	296.0999906
3628	296.9999909
3629	297.6999879
3630	298.5000014
3631	299.6000051
3632	300.7000089
3633	301.0999858
3634	302.1999896
3635	303.0999899
3636	303.6000133
3637	304.399997
3638	305.0000072
3639	306.1000109
3640	306.3000143
3641	306.8000078
3642	307.099998
3643	307.7000082
3644	308.0999851
3645	308.2999885
3646	308.6000085
3647	308.9999855
3648	308.9999855
3649	309.3000054
3650	309.5000088
3651	309.5999956
3652	310.0000024
3653	310.0000024
3654	309.8999858
3655	310.2000058
3656	309.8999858
3657	310.0999892
3658	310.2000058
3659	310.2999926
3660	310.4000092
3661	310.2000058
3662	310.4999959
3663	310.4999959
3664	310.2000058
3665	310.6000125
3666	310.7999861
3667	310.7999861
3668	310.9000027
3669	310.7999861
3670	310.9999895
3671	311.1000061
3672	311.1999929
3673	311.1000061
3674	311.1999929
3675	311.1999929
3676	311.1000061
3677	311.3999963
3678	311.1999929
3679	311.1999929
3680	311.3999963
3681	311.3000095
3682	311.5000129
3683	311.5000129
3684	311.5000129
3685	311.5000129
3686	311.5999997
3687	311.5000129
3688	311.5000129
3689	311.5999997
3690	311.3999963
3691	311.6999865
3692	311.5000129
3693	311.6999865
3694	311.8000031
3695	311.5999997
3696	311.8000031
3697	311.8000031
3698	311.8000031
3699	311.5000129
3700	311.8000031
3701	311.6999865
3702	311.5999997
3703	311.3999963
3704	311.5000129
3705	311.6999865
3706	311.6999865
3707	311.8000031
3708	311.8000031
3709	311.8000031
3710	311.8000031
3711	311.5000129
3712	311.8000031
3713	311.6999865
3714	311.5999997
3715	311.6999865
3716	311.5000129
3717	311.3999963
3718	311.5000129
3719	311.5000129
3720	311.5000129
3721	311.5000129
3722	311.5000129
3723	311.5000129
3724	311.5000129
3725	311.6999865
3726	311.5999997
3727	311.5999997
3728	311.8000031
3729	311.8000031
3730	311.5999997
3731	311.6999865
3732	311.5000129
3733	311.5999997
3734	311.5999997
3735	312.0000064
3736	311.8000031
3737	311.8000031
3738	311.8000031
3739	311.5999997
3740	311.8000031
3741	311.6999865
3742	311.5999997
3743	311.6999865
3744	311.3999963
3745	311.5999997
3746	311.8000031
3747	311.8000031
3748	311.8000031
3749	311.6999865
3750	311.8999898
3751	311.8000031
3752	311.8000031
3753	311.6999865
3754	311.8000031
3755	312.0000064
3756	311.5999997
3757	311.8000031
3758	311.6999865
3759	311.8000031
3760	311.6999865
3761	311.8000031
3762	311.6999865
3763	311.8000031
3764	311.5999997
3765	311.8000031
3766	311.8999898
3767	311.8000031
3768	311.8000031
3769	311.8000031
3770	311.8999898
3771	312.0999932
3772	311.8000031
3773	311.8999898
3774	312.0999932
3775	311.6999865
3776	311.6999865
3777	311.5000129
3778	311.3999963
3779	311.5000129
3780	311.5999997
3781	311.8999898
3782	311.8999898
3783	311.8999898
3784	311.8000031
3785	311.8999898
3786	311.8000031
3787	311.8000031
3788	312.2000098
3789	311.8000031
3790	311.8999898
3791	311.8000031
3792	311.8999898
3793	311.8000031
3794	311.6999865
3795	311.8000031
3796	311.6999865
3797	311.8999898
3798	312.0000064
3799	311.8000031
3800	312.0999932
3801	312.0999932
3802	311.8999898
3803	311.8000031
3804	311.8000031
3805	311.8000031
3806	311.5999997
3807	311.8000031
3808	311.8000031
3809	311.5000129
3810	311.6999865
3811	311.5000129
3812	311.5999997
3813	311.5000129
3814	311.8000031
3815	311.5000129
3816	311.5999997
3817	311.5999997
3818	311.3999963
3819	311.5999997
3820	311.1999929
3821	311.3999963
3822	311.3999963
3823	311.5999997
3824	311.5000129
3825	311.6999865
3826	311.5000129
3827	311.5999997
3828	311.5000129
3829	311.5000129
3830	311.3000095
3831	311.5000129
3832	311.5000129
3833	311.5000129
3834	311.3999963
3835	311.5999997
3836	311.5000129
3837	311.6999865
3838	311.5000129
3839	311.8000031
3840	311.6999865
3841	311.8000031
3842	312.0000064
3843	311.5999997
3844	311.5999997
3845	311.5000129
3846	311.3999963
3847	311.5000129
3848	311.5000129
3849	311.5999997
3850	311.6999865
3851	311.5000129
3852	311.8000031
3853	311.8000031
3854	311.8000031
3855	311.5999997
3856	311.5999997
3857	311.5999997
3858	311.8000031
3859	311.8999898
3860	311.5999997
3861	311.5000129
3862	311.3999963
3863	311.5999997
3864	311.6999865
3865	311.8000031
3866	311.8000031
3867	311.8999898
3868	311.8000031
3869	311.5999997
3870	311.5000129
3871	311.6999865
3872	311.5000129
3873	311.6999865
3874	311.6999865
3875	311.8000031
3876	311.6999865
3877	311.6999865
3878	311.8000031
3879	311.8999898
3880	311.6999865
3881	311.8000031
3882	311.8000031
3883	312.0000064
3884	311.5999997
3885	311.8000031
3886	311.5999997
3887	311.6999865
3888	311.6999865
3889	311.6999865
3890	311.8000031
3891	311.5000129
3892	311.8999898
3893	311.8000031
3894	311.8000031
3895	311.8999898
3896	312.0000064
3897	311.8999898
3898	311.8000031
3899	311.8000031
3900	311.8000031
3901	311.8000031
3902	312.2000098
3903	312.2000098
3904	312.4000132
3905	312.2000098
3906	312.9999936
3907	313.1999969
3908	314.3999875
3909	314.7000074
3910	315.4999912
3911	316.3999915
3912	316.5999949
3913	317.0000017
3914	317.6000118
3915	317.4999952
3916	317.9999888
3917	318.3999956
3918	318.6999857
3919	318.8000023
3920	318.6999857
3921	319.0999925
3922	319.2000091
3923	319.2000091
3924	318.8999891
3925	319.2000091
3926	319.2000091
3927	319.4000125
3928	319.5999861
3929	319.7000027
3930	319.2999959
3931	319.5999861
3932	319.5999861
3933	319.5999861
3934	319.4999993
3935	319.0999925
3936	319.5999861
3937	319.4999993
3938	319.9000061
3939	319.7000027
3940	319.7999895
3941	319.9999928
3942	319.9000061
3943	319.7000027
3944	319.5999861
3945	319.7999895
3946	320.1999962
3947	319.9000061
3948	319.9000061
3949	320.1000094
3950	320.1999962
3951	320.4999864
3952	320.4999864
3953	320.8999932
3954	320.3000128
3955	320.1999962
3956	319.9000061
3957	319.9000061
3958	319.7999895
3959	319.4000125
3960	319.7999895
3961	319.4999993
3962	319.5999861
3963	319.5999861
3964	319.4999993
3965	319.4000125
3966	319.4000125
3967	319.2000091
3968	319.2999959
3969	319.2999959
3970	319.2000091
3971	319.2000091
3972	319.2000091
3973	318.8000023
3974	318.8999891
3975	318.599999
3976	318.599999
3977	318.599999
3978	318.599999
3979	318.8999891
3980	319.0999925
3981	319.2000091
3982	319.2000091
3983	319.0999925
3984	319.0999925
3985	319.0000057
3986	318.599999
3987	318.5000122
3988	318.599999
3989	318.599999
3990	318.599999
3991	319.0000057
3992	319.0000057
3993	319.0000057
3994	319.0999925
3995	319.0999925
3996	319.2000091
3997	319.2999959
3998	319.2999959
3999	319.2999959
4000	319.5999861
4001	319.4000125
4002	319.5999861
4003	319.9000061
4004	319.9000061
4005	319.9000061
4006	319.5999861
4007	319.4999993
4008	319.5999861
4009	319.2000091
4010	319.0999925
4011	318.8999891
4012	319.0999925
4013	318.8999891
4014	319.2000091
4015	319.2999959
4016	319.2000091
4017	319.2000091
4018	319.2000091
4019	319.4000125
4020	319.4000125
4021	319.4000125
4022	319.2999959
4023	319.0999925
4024	319.0000057
4025	318.599999
4026	318.599999
4027	318.5000122
4028	318.6999857
4029	318.599999
4030	318.6999857
4031	318.6999857
4032	318.599999
4033	318.5000122
4034	318.599999
4035	318.599999
4036	318.599999
4037	318.3000088
4038	318.3999956
4039	318.1999922
4040	318.3000088
4041	318.3000088
4042	318.3000088
4043	318.599999
4044	318.5000122
4045	318.599999
4046	318.599999
4047	318.599999
4048	318.8000023
4049	319.0000057
4050	318.8999891
4051	318.8999891
4052	318.8999891
4053	319.0999925
4054	319.2999959
4055	319.2999959
4056	319.5999861
4057	319.2999959
4058	319.2000091
4059	319.2000091
4060	319.2000091
4061	319.2000091
4062	319.0000057
4063	319.0000057
4064	318.8999891
4065	318.599999
4066	318.5000122
4067	318.599999
4068	318.599999
4069	318.1000054
4070	318.1999922
4071	318.3000088
4072	318.3000088
4073	318.1000054
4074	317.9999888
4075	317.9999888
4076	318.599999
4077	318.599999
4078	318.6999857
4079	318.8000023
4080	319.0999925
4081	319.2999959
4082	318.8999891
4083	318.8000023
4084	318.3999956
4085	317.9999888
4086	316.1000013
4087	313.4999871
4088	310.2000058
4089	308.4999919
4090	304.399997
4091	300.9000123
4092	298.0000079
4093	296.9999909
4094	295.1000035
4095	294.2000031
4096	293.7999964
4097	293.599993
4098	294.0999866
4099	294.8000133
4100	294.9999869
4101	296.299994
4102	297.3999977
4103	298.5999882
4104	299.1000116
4105	300.3999889
4106	301.0999858
4107	302.1999896
4108	302.5000095
4109	303.2000065
4110	304.1000068
4111	304.8000038
4112	305.0000072
4113	305.7000041
4114	306.1999977
4115	306.8999946
4116	306.6999912
4117	307.3000014
4118	307.7000082
4119	307.9999983
4120	308.0999851
4121	308.4000051
4122	308.6999953
4123	308.6999953
4124	308.6999953
4125	308.9999855
4126	309.1999888
4127	309.1999888
4128	309.5000088
4129	309.3000054
4130	309.7000122
4131	309.799999
4132	309.799999
4133	310.0999892
4134	310.0000024
4135	309.8999858
4136	310.2000058
4137	310.0999892
4138	310.0000024
4139	310.2000058
4140	310.2000058
4141	310.4000092
4142	310.4000092
4143	310.2999926
4144	310.4000092
4145	310.4000092
4146	310.4000092
4147	310.6000125
4148	310.6000125
4149	310.2999926
4150	310.6000125
4151	310.6000125
4152	310.4000092
4153	310.4999959
4154	310.6999993
4155	310.6000125
4156	310.7999861
4157	310.9000027
4158	310.9000027
4159	311.1999929
4160	311.1999929
4161	310.9999895
4162	311.1000061
4163	311.1000061
4164	311.1999929
4165	311.1000061
4166	311.1000061
4167	311.1000061
4168	310.9999895
4169	311.1999929
4170	310.9999895
4171	310.7999861
4172	310.9000027
4173	311.1000061
4174	310.9000027
4175	311.1999929
4176	311.1999929
4177	311.1000061
4178	310.9999895
4179	311.3000095
4180	311.3000095
4181	311.3000095
4182	311.3000095
4183	310.9000027
4184	311.1999929
4185	311.1999929
4186	311.1999929
4187	311.1999929
4188	311.3000095
4189	311.3999963
4190	311.3000095
4191	311.5999997
4192	311.3000095
4193	311.5999997
4194	311.6999865
4195	311.5000129
4196	311.5000129
4197	311.5000129
4198	311.3000095
4199	311.5000129
4200	311.5000129
4201	311.5999997
4202	311.3000095
4203	311.5000129
4204	311.1999929
4205	311.3000095
4206	311.3000095
4207	311.1999929
4208	311.3000095
4209	311.1999929
4210	311.1999929
4211	310.9999895
4212	311.1000061
4213	311.3000095
4214	311.1999929
4215	311.1000061
4216	310.9999895
4217	311.5000129
4218	311.1999929
4219	311.1999929
4220	311.3999963
4221	311.1000061
4222	310.9000027
4223	311.1000061
4224	311.3000095
4225	311.1999929
4226	311.1999929
4227	311.1000061
4228	310.9999895
4229	311.3000095
4230	311.3000095
4231	310.7999861
4232	311.1000061
4233	310.9000027
4234	310.9000027
4235	311.1000061
4236	311.1999929
4237	310.9000027
4238	311.1999929
4239	310.7999861
4240	310.9000027
4241	310.7999861
4242	310.6999993
4243	310.9000027
4244	310.6999993
4245	310.6000125
4246	310.7999861
4247	310.9000027
4248	310.6000125
4249	310.4000092
4250	310.6000125
4251	310.6000125
4252	310.6000125
4253	310.4999959
4254	310.6000125
4255	310.7999861
4256	310.7999861
4257	310.6999993
4258	310.6000125
4259	310.7999861
4260	310.6000125
4261	310.4999959
4262	310.6000125
4263	310.7999861
4264	310.4000092
4265	310.4999959
4266	310.7999861
4267	310.9000027
4268	310.6000125
4269	310.6000125
4270	310.7999861
4271	310.6000125
4272	310.4999959
4273	310.6000125
4274	310.4999959
4275	310.2999926
4276	310.4000092
4277	310.6000125
4278	310.4999959
4279	310.4000092
4280	310.4999959
4281	310.4999959
4282	310.6000125
4283	310.4999959
4284	310.2000058
4285	310.2000058
4286	310.2000058
4287	310.0999892
4288	310.2000058
4289	310.4999959
4290	310.6000125
4291	310.2999926
4292	310.6000125
4293	310.4000092
4294	310.6000125
4295	310.6000125
4296	310.2999926
4297	310.4000092
4298	310.6999993
4299	310.2000058
4300	310.4000092
4301	310.4999959
4302	310.4000092
4303	310.2999926
4304	310.6000125
4305	310.9000027
4306	310.4999959
4307	310.7999861
4308	310.6000125
4309	310.6000125
4310	310.6000125
4311	310.6999993
4312	310.4000092
4313	310.2000058
4314	310.4999959
4315	310.2999926
4316	310.2999926
4317	310.6000125
4318	310.2999926
4319	310.2999926
4320	310.6000125
4321	310.4999959
4322	310.6000125
4323	310.4000092
4324	310.9000027
4325	310.7999861
4326	310.6000125
4327	310.9000027
4328	310.9999895
4329	310.6999993
4330	310.6000125
4331	310.6000125
4332	310.6000125
4333	310.7999861
4334	310.7999861
4335	310.6000125
4336	310.4999959
4337	310.6000125
4338	310.4000092
4339	310.2000058
4340	310.4999959
4341	310.4000092
4342	310.2999926
4343	310.6000125
4344	310.6000125
4345	310.9000027
4346	310.7999861
4347	310.6999993
4348	310.4999959
4349	310.4999959
4350	310.6000125
4351	310.4999959
4352	310.6000125
4353	310.6000125
4354	310.4999959
4355	310.6000125
4356	310.6000125
4357	310.6000125
4358	310.4000092
4359	310.4999959
4360	310.6000125
4361	310.6999993
4362	310.6000125
4363	310.6000125
4364	310.6000125
4365	310.6000125
4366	310.6000125
4367	310.6000125
4368	310.6000125
4369	310.6000125
4370	310.7999861
4371	310.9999895
4372	311.5000129
4373	311.3999963
4374	311.3999963
4375	311.5000129
4376	311.6999865
4377	311.8000031
4378	312.2000098
4379	312.4000132
4380	312.7000034
4381	313.1999969
4382	313.8000071
4383	314.0999973
4384	314.3999875
4385	314.9000108
4386	315.200001
4387	315.8999979
4388	316.3000047
4389	316.7000115
4390	316.7999983
4391	317.2999918
4392	317.6000118
4393	317.6000118
4394	317.900002
4395	317.6999986
4396	317.900002
4397	317.7999854
4398	317.4000084
4399	317.4999952
4400	317.6000118
4401	317.4999952
4402	317.900002
4403	317.9999888
4404	318.1000054
4405	318.3000088
4406	318.3999956
4407	318.5000122
4408	318.6999857
4409	318.599999
4410	318.1999922
4411	318.1000054
4412	318.1999922
4413	318.3000088
4414	318.1000054
4415	318.3000088
4416	318.599999
4417	318.599999
4418	318.3000088
4419	318.3999956
4420	318.5000122
4421	318.599999
4422	318.599999
4423	318.6999857
4424	319.0999925
4425	318.8999891
4426	318.8999891
4427	318.8999891
4428	318.599999
4429	318.3999956
4430	318.5000122
4431	318.599999
4432	318.599999
4433	318.5000122
4434	318.5000122
4435	318.5000122
4436	318.1999922
4437	318.3000088
4438	318.5000122
4439	318.5000122
4440	318.599999
4441	318.599999
4442	318.599999
4443	318.5000122
4444	318.3999956
4445	318.5000122
4446	318.599999
4447	318.3999956
4448	318.1000054
4449	318.3000088
4450	318.3999956
4451	318.1999922
4452	318.3000088
4453	318.599999
4454	318.5000122
4455	318.8000023
4456	318.8999891
4457	318.8999891
4458	318.6999857
4459	318.3999956
4460	318.5000122
4461	318.3999956
4462	318.5000122
4463	318.3000088
4464	318.3999956
4465	318.6999857
4466	319.2000091
4467	319.2000091
4468	319.2999959
4469	319.0999925
4470	318.8999891
4471	318.8000023
4472	318.8999891
4473	318.5000122
4474	318.8000023
4475	318.599999
4476	318.8000023
4477	318.6999857
4478	318.6999857
4479	318.8999891
4480	319.0999925
4481	318.8999891
4482	318.8999891
4483	318.6999857
4484	318.599999
4485	318.3999956
4486	318.599999
4487	318.3000088
4488	318.599999
4489	318.1999922
4490	317.900002
4491	318.1999922
4492	318.1000054
4493	318.3000088
4494	318.3000088
4495	318.3000088
4496	318.599999
4497	318.1999922
4498	318.3000088
4499	318.3000088
4500	318.599999
4501	318.6999857
4502	318.8000023
4503	318.6999857
4504	318.8999891
4505	319.0999925
4506	319.0999925
4507	318.8999891
4508	319.2000091
4509	319.0999925
4510	319.4000125
4511	319.2999959
4512	319.4999993
4513	319.4999993
4514	319.4000125
4515	319.4000125
4516	319.4999993
4517	319.2000091
4518	319.5999861
4519	319.2999959
4520	319.2999959
4521	319.4000125
4522	319.2000091
4523	319.2000091
4524	319.0999925
4525	319.0999925
4526	319.0000057
4527	319.0000057
4528	319.0000057
4529	318.8999891
4530	318.8999891
4531	319.0000057
4532	318.8000023
4533	318.8999891
4534	318.599999
4535	318.3999956
4536	317.9999888
4537	318.3000088
4538	318.5000122
4539	318.8999891
4540	318.599999
4541	318.8999891
4542	318.6999857
4543	318.8999891
4544	319.2000091
4545	318.8999891
4546	318.8999891
4547	319.0999925
4548	319.0999925
4549	319.0000057
4550	319.5999861
4551	319.2000091
4552	319.5999861
4553	319.2999959
4554	319.0999925
4555	319.0000057
4556	319.0999925
4557	318.8000023
4558	318.5000122
4559	317.0999885
4560	316.1999881
4561	312.9000068
4562	309.3000054
4563	305.7000041
4564	303.7999868
4565	300.7000089
4566	298.5999882
4567	296.7999876
4568	296.2000072
4569	295.599997
4570	295.5000103
4571	295.8000004
4572	296.0000038
4573	296.7000008
4574	297.5000143
4575	298.5000014
4576	299.1000116
4577	300.3000021
4578	301.2999892
4579	301.8000126
4580	302.8999865
4581	303.9000034
4582	304.6999872
4583	304.8000038
4584	305.5999875
4585	305.9999943
4586	306.400001
4587	306.8000078
4588	307.2000146
4589	307.3000014
4590	307.9999983
4591	307.9999983
4592	308.4999919
4593	308.6000085
4594	308.8000119
4595	308.8999987
4596	309.3000054
4597	309.3000054
4598	309.3999922
4599	309.3000054
4600	309.7000122
4601	309.8999858
4602	310.2000058
4603	310.0999892
4604	310.2000058
4605	310.4000092
4606	310.2000058
4607	310.4000092
4608	310.7999861
4609	310.6000125
4610	310.9000027
4611	310.9000027
4612	311.3999963
4613	310.9999895
4614	310.9000027
4615	310.6999993
4616	310.7999861
4617	310.9999895
4618	311.6999865
4619	311.1999929
4620	310.9999895
4621	310.9999895
4622	311.1000061
4623	310.9999895
4624	311.1999929
4625	311.1999929
4626	311.1000061
4627	311.1999929
4628	311.3999963
4629	311.1999929
4630	311.6999865
4631	311.3999963
4632	311.5000129
4633	311.6999865
4634	311.5000129
4635	311.5000129
4636	311.3000095
4637	311.3000095
4638	311.3000095
4639	311.3000095
4640	311.1999929
4641	311.1999929
4642	311.1999929
4643	311.3000095
4644	310.9000027
4645	311.1000061
4646	311.1999929
4647	311.1999929
4648	311.1000061
4649	310.9000027
4650	311.1999929
4651	310.6000125
4652	310.7999861
4653	310.9000027
4654	310.9000027
4655	310.9000027
4656	311.1000061
4657	311.1000061
4658	310.9000027
4659	310.7999861
4660	310.6000125
4661	310.6999993
4662	310.6999993
4663	310.7999861
4664	310.9999895
4665	311.3000095
4666	311.1000061
4667	310.9999895
4668	311.1999929
4669	311.3999963
4670	311.3000095
4671	311.6999865
4672	311.5999997
4673	311.1000061
4674	311.1999929
4675	311.1000061
4676	310.9999895
4677	310.9000027
4678	310.9000027
4679	310.9999895
4680	310.9000027
4681	310.9000027
4682	310.9999895
4683	310.9999895
4684	311.1000061
4685	311.1999929
4686	311.1999929
4687	310.9999895
4688	311.1000061
4689	311.1999929
4690	311.5000129
4691	311.1999929
4692	311.5000129
4693	311.5000129
4694	311.5000129
4695	311.5000129
4696	311.3999963
4697	311.5000129
4698	311.3999963
4699	311.8000031
4700	311.1999929
4701	311.5000129
4702	311.3000095
4703	311.5000129
4704	311.3999963
4705	311.1999929
4706	311.3999963
4707	311.5000129
4708	311.3999963
4709	311.3000095
4710	311.3999963
4711	311.5999997
4712	311.5999997
4713	311.3999963
4714	311.5000129
4715	311.5000129
4716	311.5000129
4717	311.5000129
4718	311.5000129
4719	311.3999963
4720	311.1999929
4721	311.3000095
4722	311.1999929
4723	311.5000129
4724	311.3000095
4725	311.5000129
4726	311.5000129
4727	311.5999997
4728	311.5000129
4729	311.5000129
4730	311.6999865
4731	311.5000129
4732	311.3999963
4733	311.5999997
4734	311.5000129
4735	311.5000129
4736	311.5999997
4737	311.5000129
4738	311.8999898
4739	311.5999997
4740	312.2000098
4741	311.8000031
4742	311.5000129
4743	311.8000031
4744	311.5000129
4745	311.5000129
4746	311.5000129
4747	311.3999963
4748	311.5000129
4749	311.5000129
4750	311.5000129
4751	311.3999963
4752	311.3000095
4753	311.5000129
4754	311.3999963
4755	311.3000095
4756	311.3999963
4757	311.5000129
4758	311.3000095
4759	311.1000061
4760	311.1999929
4761	311.1999929
4762	311.1999929
4763	311.5000129
4764	311.3999963
4765	311.3000095
4766	311.3000095
4767	311.3000095
4768	311.1999929
4769	311.3000095
4770	311.1000061
4771	311.1999929
4772	310.9999895
4773	311.1999929
4774	310.9000027
4775	311.1000061
4776	310.9999895
4777	311.1000061
4778	311.1000061
4779	311.1999929
4780	311.3999963
4781	311.3000095
4782	311.1999929
4783	311.3000095
4784	311.3999963
4785	311.5000129
4786	311.3000095
4787	311.1999929
4788	311.1000061
4789	311.1999929
4790	311.1000061
4791	310.9000027
4792	310.9999895
4793	310.9000027
4794	310.7999861
4795	310.7999861
4796	310.6000125
4797	310.7999861
4798	310.9000027
4799	311.1000061
4800	311.1999929
4801	311.1999929
4802	311.1999929
4803	310.9999895
4804	311.1999929
4805	310.9999895
4806	311.1999929
4807	311.1999929
4808	311.1000061
4809	311.1999929
4810	311.1000061
4811	310.7999861
4812	310.9000027
4813	310.6999993
4814	310.9999895
4815	310.9999895
4816	311.1000061
4817	311.1000061
4818	311.1999929
4819	310.9999895
4820	310.7999861
4821	310.7999861
4822	310.9999895
4823	311.1000061
4824	310.7999861
4825	311.1999929
4826	310.7999861
4827	310.9000027
4828	311.1000061
4829	310.9999895
4830	310.9000027
4831	311.1999929
4832	311.1999929
4833	311.3000095
4834	310.9000027
4835	311.1999929
4836	310.9000027
4837	310.9000027
4838	310.9000027
4839	309.1999888
4840	311.1000061
4841	310.9999895
4842	310.9999895
4843	311.3999963
4844	311.1999929
4845	311.3999963
4846	311.6999865
4847	311.8000031
4848	311.8000031
4849	311.8000031
4850	311.6999865
4851	311.5999997
4852	311.6999865
4853	312.4000132
4854	313.1000102
4855	313.3000135
4856	314.3999875
4857	314.9999976
4858	316.0000145
4859	316.1000013
4860	316.1999881
4861	316.3999915
4862	316.9000149
4863	317.0000017
4864	317.2000051
4865	317.4999952
4866	317.6000118
4867	317.4999952
4868	317.900002
4869	317.900002
4870	317.900002
4871	317.7999854
4872	317.900002
4873	317.6999986
4874	317.900002
4875	317.9999888
4876	317.9999888
4877	317.9999888
4878	318.3000088
4879	318.3000088
4880	319.0000057
4881	318.8999891
4882	318.8999891
4883	319.0000057
4884	318.8999891
4885	319.2999959
4886	319.4000125
4887	319.0000057
4888	318.8999891
4889	318.8000023
4890	318.6999857
4891	318.8000023
4892	318.599999
4893	318.599999
4894	318.599999
4895	318.6999857
4896	318.5000122
4897	318.5000122
4898	318.5000122
4899	318.3000088
4900	318.6999857
4901	318.599999
4902	318.6999857
4903	318.6999857
4904	318.6999857
4905	318.599999
4906	318.8000023
4907	319.0000057
4908	319.0999925
4909	319.2000091
4910	318.8999891
4911	318.8000023
4912	318.8999891
4913	318.8999891
4914	318.8000023
4915	318.8999891
4916	318.3999956
4917	318.3000088
4918	318.3999956
4919	318.3000088
4920	318.3000088
4921	318.3999956
4922	318.3000088
4923	318.3000088
4924	318.3000088
4925	318.599999
4926	318.3000088
4927	318.3000088
4928	318.3000088
4929	318.5000122
4930	318.599999
4931	318.3999956
4932	318.5000122
4933	318.3000088
4934	318.1999922
4935	318.1999922
4936	317.9999888
4937	317.9999888
4938	317.6999986
4939	317.900002
4940	317.6999986
4941	317.4999952
4942	316.9000149
4943	316.9000149
4944	317.0000017
4945	317.0000017
4946	317.0000017
4947	317.2999918
4948	317.2999918
4949	317.2000051
4950	317.0000017
4951	317.0000017
4952	317.0000017
4953	316.7000115
4954	316.7000115
4955	316.7000115
4956	316.7999983
4957	316.9000149
4958	317.0000017
4959	317.0000017
4960	317.4999952
4961	317.4999952
4962	317.4999952
4963	317.2999918
4964	317.4999952
4965	317.6000118
4966	317.7999854
4967	317.9999888
4968	317.7999854
4969	317.7999854
4970	317.9999888
4971	317.900002
4972	317.7999854
4973	317.6000118
4974	317.2999918
4975	317.900002
4976	317.6000118
4977	317.2999918
4978	317.6000118
4979	317.4000084
4980	317.2999918
4981	317.4000084
4982	317.4999952
4983	317.6000118
4984	317.6000118
4985	317.4000084
4986	317.4000084
4987	317.6000118
4988	317.2999918
4989	317.6000118
4990	317.6999986
4991	317.4999952
4992	317.2999918
4993	317.2999918
4994	317.2999918
4995	317.4999952
4996	317.6999986
4997	317.900002
4998	317.900002
4999	318.3000088
5000	318.3000088
5001	318.3000088
5002	318.5000122
5003	318.1000054
5004	318.3000088
5005	318.1999922
5006	317.6999986
5007	317.6999986
5008	317.7999854
5009	317.6000118
5010	317.4999952
5011	317.4000084
5012	317.2000051
5013	317.2999918
5014	317.4000084
5015	317.2999918
5016	317.4999952
5017	317.4000084
5018	317.4999952
5019	317.9999888
5020	317.4999952
5021	317.7999854
5022	317.9999888
5023	317.7999854
5024	317.9999888
5025	317.7999854
5026	317.6999986
5027	317.7999854
5028	317.900002
5029	317.9999888
5030	317.6000118
5031	317.4000084
5032	316.7000115
5033	314.7999942
5034	312.2999966
5035	309.5999956
5036	307.7999949
5037	304.399997
5038	301.2000024
5039	299.8000085
5040	297.3999977
5041	296.0000038
5042	295.1000035
5043	294.6000099
5044	294.2999899
5045	294.8000133
5046	295.3999937
5047	295.7000136
5048	296.600014
5049	297.6999879
5050	298.5999882
5051	298.9000082
5052	299.8999953
5053	300.7999957
5054	301.9999862
5055	302.1999896
5056	303.0000031
5057	303.6000133
5058	304.1999936
5059	304.399997
5060	305.0000072
5061	305.4000139
5062	305.7000041
5063	306.1000109
5064	306.400001
5065	306.6999912
5066	306.8999946
5067	307.099998
5068	307.2000146
5069	307.7000082
5070	307.7999949
5071	307.7999949
5072	308.0999851
5073	307.9999983
5074	307.9999983
5075	308.2999885
5076	308.4999919
5077	308.8000119
5078	308.8999987
5079	308.8000119
5080	308.6999953
5081	308.8999987
5082	308.9999855
5083	308.8999987
5084	309.3000054
5085	309.1999888
5086	309.3999922
5087	309.5000088
5088	309.7000122
5089	309.5999956
5090	309.7000122
5091	309.5999956
5092	309.5999956
5093	309.5000088
5094	309.3000054
5095	309.5000088
5096	309.7000122
5097	309.5999956
5098	309.3999922
5099	309.5999956
5100	309.799999
5101	309.5999956
5102	309.799999
5103	309.799999
5104	309.799999
5105	309.799999
5106	309.8999858
5107	309.8999858
5108	309.5999956
5109	310.0999892
5110	310.0000024
5111	310.2000058
5112	310.2000058
5113	310.2000058
5114	310.4999959
5115	310.0999892
5116	310.2000058
5117	310.2999926
5118	310.2000058
5119	310.4000092
5120	310.2000058
5121	310.6000125
5122	310.2000058
5123	310.4999959
5124	310.4999959
5125	310.2000058
5126	310.2000058
5127	310.2000058
5128	310.2999926
5129	310.2000058
5130	310.0999892
5131	310.2000058
5132	309.8999858
5133	310.2000058
5134	310.0999892
5135	309.799999
5136	310.0999892
5137	309.8999858
5138	310.2000058
5139	310.0000024
5140	310.2000058
5141	309.8999858
5142	310.2000058
5143	310.0999892
5144	310.0999892
5145	310.2000058
5146	310.0999892
5147	310.2999926
5148	310.0999892
5149	310.0999892
5150	310.0999892
5151	310.0000024
5152	309.8999858
5153	310.0999892
5154	310.0000024
5155	310.0000024
5156	310.0000024
5157	309.8999858
5158	310.2000058
5159	310.0999892
5160	309.8999858
5161	309.8999858
5162	310.2000058
5163	310.0999892
5164	310.0000024
5165	310.2999926
5166	310.2000058
5167	310.2000058
5168	309.8999858
5169	310.0999892
5170	309.8999858
5171	309.8999858
5172	309.8999858
5173	309.8999858
5174	310.0000024
5175	310.0999892
5176	309.7000122
5177	310.0000024
5178	310.0999892
5179	309.8999858
5180	309.8999858
5181	309.8999858
5182	309.8999858
5183	309.8999858
5184	309.8999858
5185	310.0000024
5186	309.8999858
5187	309.8999858
5188	309.8999858
5189	310.0999892
5190	310.0999892
5191	310.2000058
5192	310.2999926
5193	310.2000058
5194	310.2999926
5195	310.2999926
5196	310.0999892
5197	310.0999892
5198	310.2000058
5199	310.2000058
5200	310.2000058
5201	310.4999959
5202	310.4999959
5203	310.2000058
5204	310.4000092
5205	310.0999892
5206	310.2000058
5207	310.2000058
5208	310.4000092
5209	310.4999959
5210	310.2999926
5211	310.4000092
5212	310.6000125
5213	310.4000092
5214	310.6000125
5215	310.6999993
5216	310.6000125
5217	310.6999993
5218	310.6000125
5219	310.6000125
5220	310.6999993
5221	310.4999959
5222	310.4999959
5223	310.4999959
5224	310.2999926
5225	310.2000058
5226	310.2000058
5227	309.8999858
5228	310.0999892
5229	310.2000058
5230	310.2000058
5231	310.0999892
5232	310.0999892
5233	310.0999892
5234	310.4000092
5235	310.6000125
5236	310.4000092
5237	310.2000058
5238	310.6999993
5239	310.9000027
5240	310.9000027
5241	310.9999895
5242	310.6999993
5243	310.6999993
5244	310.6000125