1	277.32001
2	277.26001
3	277.13
4	277.04999
5	277.13
6	277.22
7	277.20001
8	277.14999
9	277.26001
10	277.35999
11	277.23999
12	277.23999
13	277.35999
14	277.45001
15	277.39001
16	277.35999
17	277.41
18	277.51001
19	277.51001
20	277.41
21	277.42999
22	277.42999
23	277.45001
24	277.51001
25	277.45001
26	277.39001
27	277.48999
28	277.45001
29	277.48999
30	277.45001
31	277.59
32	277.51001
33	277.57001
34	277.53
35	277.54999
36	277.53
37	277.48999
38	277.34
39	277.32001
40	277.32001
41	277.22
42	277.29999
43	277.29999
44	277.29999
45	277.32001
46	277.42999
47	277.41
48	277.48999
49	277.45001
50	277.45001
51	277.45001
52	277.39001
53	277.28
54	277.34
55	277.34
56	277.47
57	277.45001
58	277.45001
59	277.47
60	277.45001
61	277.51001
62	277.48999
63	277.54999
64	277.64001
65	277.62
66	277.35999
67	277.29999
68	277.28
69	277.32001
70	277.26001
71	277.29999
72	277.22
73	277.01001
74	276.92001
75	277.04999
76	277.20001
77	277.22
78	277.26001
79	277.23999
80	277.23999
81	277.28
82	277.41
83	277.41
84	277.47
85	277.42999
86	277.47
87	277.42999
88	277.53
89	277.62
90	277.62
91	277.42999
92	277.39001
93	277.34
94	277.48999
95	277.32001
96	277.22
97	277.22
98	277.76001
99	278.12
100	278.23999
101	278.04999
102	277.89001
103	277.97
104	277.98999
105	278.14001
106	278.14001
107	278.28
108	278.67999
109	278.89001
110	279.35001
111	279.45999
112	279.82999
113	280.01999
114	280.19
115	280.44
116	280.70999
117	281.04001
118	281.26999
119	281.53
120	281.79999
121	281.88
122	281.88
123	282.14999
124	282.23999
125	282.32001
126	282.59
127	282.78
128	282.70001
129	282.70001
130	282.14999
131	282.07001
132	281.94
133	281.84
134	281.98999
135	282.04999
136	282.17001
137	282.39999
138	282.53
139	282.60999
140	282.51001
141	282.26001
142	282.22
143	282.32001
144	282.29999
145	282.26001
146	282.34
147	282.42999
148	282.59
149	282.82001
150	282.70001
151	282.82001
152	283.04999
153	283.12
154	283.12
155	283.12
156	283.22
157	283.16
158	282.91
159	282.79999
160	282.72
161	282.72
162	282.63
163	282.48999
164	282.47
165	282.32001
166	282.20001
167	282.09
168	282.09
169	282.26001
170	282.26001
171	282.32001
172	282.54999
173	282.60999
174	282.73999
175	282.70001
176	282.91
177	282.95001
178	282.91
179	283.09
180	283.03
181	282.85999
182	282.73999
183	282.47
184	282.28
185	282.17001
186	282.20001
187	282.10999
188	282.01001
189	281.92001
190	281.85999
191	282.23999
192	282.47
193	282.47
194	282.79999
195	283.09
196	283.17999
197	283.01001
198	282.92999
199	282.89001
200	282.89001
201	282.84
202	282.84
203	282.79999
204	282.89001
205	282.92999
206	282.82001
207	282.85999
208	282.91
209	282.92999
210	282.85999
211	282.60999
212	282.47
213	282.38
214	282.48999
215	282.84
216	282.89001
217	282.66
218	282.60999
219	282.73999
220	282.59
221	282.51001
222	282.35999
223	282.59
224	282.70001
225	282.70001
226	282.67999
227	282.66
228	282.59
229	282.63
230	282.89001
231	283.01001
232	283.01001
233	283.03
234	283.09
235	283.04999
236	282.98999
237	282.91
238	282.67999
239	282.67999
240	282.51001
241	282.47
242	282.63
243	282.67999
244	282.54999
245	282.47
246	282.45001
247	282.42999
248	282.42999
249	282.35999
250	282.26001
251	282.26001
252	282.17001
253	282.20001
254	282.14999
255	282.09
256	282.14999
257	282.09
258	281.98999
259	282.04999
260	282.17001
261	282.29999
262	282.34
263	282.26001
264	282.26001
265	282.26001
266	282.45001
267	282.42999
268	282.39999
269	282.57001
270	282.35999
271	282.35999
272	282.14999
273	282.26001
274	282.29999
275	282.34
276	282.35999
277	282.28
278	282.20001
279	281.88
280	281.73001
281	281.67001
282	281.54999
283	281.63
284	281.73001
285	281.67001
286	281.45999
287	281.17001
288	280.67001
289	280.10001
290	279.81
291	278.14001
292	276.92001
293	273.82999
294	270.88
295	267.89001
296	265.29999
297	264.35999
298	262.73001
299	262.14001
300	261.17999
301	260.85999
302	260.92999
303	260.92999
304	261.64001
305	262.20001
306	262.62
307	263.42001
308	264.13
309	264.76999
310	264.76999
311	265.92001
312	266.92999
313	267.22
314	268.10001
315	268.64001
316	268.89001
317	269.12
318	269.89999
319	270.20999
320	270.39999
321	270.73001
322	271.10999
323	271.26001
324	271.29999
325	271.91
326	272.09
327	272.48999
328	272.62
329	272.73999
330	272.89001
331	273.07999
332	273.32999
333	273.56
334	273.76999
335	273.76999
336	274.20999
337	274.32999
338	274.42001
339	274.5
340	274.54001
341	274.60001
342	274.60001
343	274.79001
344	274.89999
345	275.06
346	275.19
347	275.34
348	275.26999
349	275.26999
350	275.29001
351	275.34
352	275.38
353	275.26999
354	275.44
355	275.48001
356	275.59
357	275.63
358	275.59
359	275.45999
360	275.42001
361	275.5
362	275.64999
363	275.64999
364	275.79999
365	275.84
366	276
367	275.95999
368	275.89999
369	275.94
370	275.92001
371	276
372	275.88
373	275.89999
374	275.89999
375	276.04999
376	276.07001
377	276.09
378	276.13
379	276.09
380	276.10999
381	276.10999
382	276.17001
383	276.23001
384	276.23001
385	276.23001
386	276.14999
387	276.14999
388	276.20999
389	276.26001
390	276.19
391	276.35999
392	276.34
393	276.51001
394	276.44
395	276.45999
396	276.48999
397	276.44
398	276.42001
399	276.45999
400	276.44
401	276.38
402	276.39999
403	276.42001
404	276.45999
405	276.53
406	276.53
407	276.60999
408	276.63
409	276.57001
410	276.48999
411	276.39999
412	276.45999
413	276.45999
414	276.45999
415	276.64999
416	276.64999
417	276.64999
418	276.73999
419	276.64999
420	276.64999
421	276.54999
422	276.63
423	276.64999
424	276.60999
425	276.60999
426	276.64999
427	276.76001
428	276.82001
429	276.78
430	276.59
431	276.57001
432	276.64999
433	276.54999
434	276.60999
435	276.67001
436	276.79999
437	276.72
438	276.67001
439	276.59
440	276.63
441	276.67001
442	276.72
443	276.69
444	276.69
445	276.69
446	276.76001
447	276.82001
448	276.85999
449	276.78
450	276.88
451	276.92001
452	276.92001
453	276.88
454	276.78
455	276.78
456	276.73999
457	276.73999
458	276.79999
459	276.76001
460	276.88
461	276.95001
462	277.01001
463	276.97
464	276.89999
465	276.88
466	276.84
467	276.84
468	276.84
469	276.82001
470	276.73999
471	276.79999
472	276.64999
473	276.63
474	276.67001
475	276.63
476	276.59
477	276.59
478	276.67001
479	276.79999
480	276.79999
481	276.73999
482	276.82001
483	276.79999
484	276.79999
485	276.78
486	276.82001
487	276.84
488	277.01001
489	277.01001
490	277.14999
491	277.14999
492	276.85999
493	276.89999
494	276.92001
495	276.85999
496	276.88
497	276.84
498	276.85999
499	276.92001
500	276.89999
501	276.64999
502	276.57001
503	276.57001
504	276.57001
505	276.60999
506	276.64999
507	276.69
508	276.82001
509	276.84
510	276.84
511	276.76001
512	276.79999
513	276.73999
514	276.88
515	276.85999
516	276.85999
517	276.82001
518	277.01001
519	276.97
520	276.89999
521	276.97
522	277.01001
523	277.01001
524	277.03
525	276.82001
526	276.88
527	276.73999
528	276.69
529	276.72
530	276.82001
531	277.03
532	276.98999
533	276.88
534	276.72
535	276.82001
536	276.88
537	276.82001
538	277.03
539	276.98999
540	276.92001
541	276.95001
542	276.95001
543	276.92001
544	276.92001
545	276.95001
546	276.97
547	276.88
548	276.89999
549	276.92001
550	276.85999
551	276.78
552	276.69
553	276.63
554	276.64999
555	276.64999
556	276.69
557	276.73999
558	276.78
559	276.85999
560	276.95001
561	276.79999
562	276.79999
563	276.64999
564	276.69
565	276.76001
566	276.73999
567	276.72
568	276.53
569	276.53
570	276.63
571	276.79999
572	277.26001
573	277.42999
574	277.48999
575	277.76001
576	277.85001
577	278.42999
578	278.70001
579	279.17999
580	279.62
581	279.82999
582	280.14999
583	280.25
584	280.64999
585	281.01999
586	281.38
587	281.38
588	281.85999
589	282.20001
590	282.23999
591	282.38
592	282.29999
593	282.14999
594	282.14999
595	282.28
596	282.26001
597	282.23999
598	282.22
599	282.10999
600	282.20001
601	282.13
602	282.28
603	282.09
604	282.01001
605	281.98999
606	282.23999
607	282.28
608	282.35999
609	282.47
610	282.45001
611	282.39999
612	282.39999
613	282.29999
614	282.34
615	282.42999
616	282.70001
617	282.95001
618	282.92999
619	282.67999
620	282.60999
621	282.35999
622	282.29999
623	282.28
624	282.47
625	282.60999
626	282.60999
627	282.82001
628	282.79999
629	282.72
630	282.51001
631	282.26001
632	282.20001
633	282.20001
634	281.88
635	281.85999
636	281.89999
637	281.88
638	281.85999
639	281.89999
640	281.95999
641	282.29999
642	282.45001
643	282.59
644	282.60999
645	282.73999
646	282.76001
647	282.76001
648	283.03
649	283.09
650	283.09
651	282.95001
652	282.95001
653	283.01001
654	283.04999
655	282.73999
656	282.57001
657	282.54999
658	282.54999
659	282.42999
660	282.73999
661	282.82001
662	282.84
663	282.84
664	282.97
665	282.97
666	282.76001
667	282.57001
668	282.48999
669	282.45001
670	282.45001
671	282.57001
672	282.57001
673	282.73999
674	282.66
675	282.63
676	282.79999
677	282.79999
678	282.70001
679	282.63
680	282.54999
681	282.42999
682	282.26001
683	282.20001
684	282.20001
685	282.23999
686	282.35999
687	282.51001
688	282.66
689	282.78
690	282.84
691	282.89001
692	282.91
693	282.82001
694	283.03
695	283.23999
696	283.17999
697	283.17999
698	282.97
699	282.85999
700	282.73999
701	282.89001
702	282.78
703	282.63
704	282.63
705	282.85999
706	282.82001
707	282.59
708	282.51001
709	282.32001
710	282.47
711	282.66
712	282.73999
713	282.67999
714	282.79999
715	283.09
716	283.17999
717	283.14001
718	283.17999
719	282.97
720	282.97
721	282.92999
722	282.82001
723	282.78
724	282.79999
725	282.70001
726	282.82001
727	282.84
728	282.98999
729	282.98999
730	282.92999
731	282.91
732	282.97
733	282.95001
734	282.78
735	282.95001
736	282.95001
737	283.29999
738	283.32001
739	283.26001
740	283.01001
741	283.01001
742	283.26001
743	283.26001
744	282.97
745	282.67999
746	282.51001
747	282.39999
748	282.42999
749	282.35999
750	282.32001
751	281.94
752	281.89999
753	281.70999
754	281.76001
755	281.88
756	281.85999
757	281.84
758	281.69
759	281.48001
760	281.39999
761	281.25
762	280.98001
763	280.12
764	279.26999
765	276.98999
766	274.69
767	272.28
768	272.28
769	267.41
770	264.79999
771	263.82999
772	262.07999
773	261.09
774	260.53
775	260.53
776	260.45001
777	260.92999
778	261.29999
779	262.17999
780	263.06
781	263.5
782	263.82999
783	264.76999
784	265.51001
785	265.88
786	266.51001
787	267.14001
788	267.45001
789	267.70001
790	268.75
791	269.01999
792	269.5
793	270
794	270.32001
795	270.88
796	271.17001
797	271.51001
798	271.76001
799	272.14001
800	272.14001
801	272.57999
802	272.87
803	273.10001
804	273.32999
805	273.41
806	273.62
807	273.62
808	273.85001
809	273.95999
810	273.98001
811	274.12
812	274.31
813	274.51999
814	274.51999
815	274.69
816	274.79001
817	274.88
818	274.79001
819	274.88
820	274.95999
821	275
822	275.06
823	275.19
824	275.13
825	275.19
826	275.13
827	275.26999
828	275.26999
829	275.54001
830	275.59
831	275.54001
832	275.51999
833	275.51999
834	275.51999
835	275.57001
836	275.73001
837	275.69
838	275.67001
839	275.67001
840	275.73001
841	275.79999
842	275.79999
843	275.85999
844	275.98001
845	276
846	276
847	276
848	275.92001
849	275.95999
850	276.19
851	276.26001
852	276.23001
853	276.19
854	276.14999
855	276.04999
856	276
857	276.07001
858	276
859	276.03
860	276.04999
861	276.10999
862	276.19
863	276.23001
864	276.42001
865	276.45999
866	276.42001
867	276.38
868	276.32001
869	276.34
870	276.34
871	276.39999
872	276.45999
873	276.42001
874	276.42001
875	276.39999
876	276.39999
877	276.45999
878	276.45999
879	276.57001
880	276.48999
881	276.59
882	276.57001
883	276.59
884	276.53
885	276.53
886	276.51001
887	276.42001
888	276.42001
889	276.45999
890	276.48999
891	276.54999
892	276.60999
893	276.67001
894	276.57001
895	276.64999
896	276.64999
897	276.64999
898	276.63
899	276.69
900	276.67001
901	276.64999
902	276.76001
903	276.64999
904	276.69
905	276.67001
906	276.54999
907	276.59
908	276.53
909	276.53
910	276.53
911	276.51001
912	276.51001
913	276.59
914	276.63
915	276.69
916	276.79999
917	276.79999
918	276.85999
919	276.78
920	276.89999
921	276.79999
922	276.82001
923	276.84
924	276.84
925	276.84
926	276.85999
927	276.79999
928	276.82001
929	276.78
930	276.76001
931	276.64999
932	276.64999
933	276.72
934	276.69
935	276.64999
936	276.64999
937	276.67001
938	276.76001
939	276.84
940	276.78
941	276.76001
942	276.88
943	276.92001
944	277.01001
945	277.03
946	276.97
947	276.85999
948	276.82001
949	276.82001
950	276.78
951	276.84
952	276.82001
953	276.85999
954	276.72
955	276.54999
956	276.54999
957	276.32001
958	276.28
959	276.38
960	276.35999
961	276.42001
962	276.51001
963	276.57001
964	276.67001
965	276.60999
966	276.60999
967	276.73999
968	276.84
969	276.92001
970	276.97
971	276.76001
972	276.73999
973	276.73999
974	276.63
975	276.64999
976	276.59
977	276.57001
978	276.53
979	276.57001
980	276.59
981	276.59
982	276.63
983	276.51001
984	276.54999
985	276.60999
986	276.57001
987	276.72
988	276.72
989	276.84
990	276.88
991	276.84
992	276.59
993	276.67001
994	276.67001
995	276.67001
996	276.53
997	276.53
998	276.60999
999	276.54999
1000	276.53
1001	276.59
1002	276.64999
1003	276.42001
1004	276.39999
1005	276.39999
1006	276.59
1007	276.67001
1008	276.67001
1009	276.69
1010	276.69
1011	276.60999
1012	276.64999
1013	276.67001
1014	276.73999
1015	276.69
1016	276.76001
1017	277.01001
1018	277.01001
1019	277.01001
1020	277.01001
1021	276.98999
1022	276.73999
1023	276.69
1024	276.79999
1025	276.76001
1026	276.73999
1027	276.73999
1028	276.73999
1029	276.84
1030	276.78
1031	276.79999
1032	276.78
1033	276.64999
1034	276.64999
1035	276.76001
1036	276.88
1037	276.85999
1038	277.07001
1039	277.04999
1040	277.03
1041	276.97
1042	276.39999
1043	276.34
1044	276.45999
1045	276.97
1046	277.13
1047	277.23999
1048	277.23999
1049	277.35999
1050	277.54999
1051	277.95001
1052	278.41
1053	278.66
1054	279.12
1055	279.20001
1056	279.62
1057	279.94
1058	280.06
1059	280.06
1060	280.95999
1061	281.44
1062	281.69
1063	282.14999
1064	282.28
1065	282.22
1066	282.22
1067	282.28
1068	281.95999
1069	281.82001
1070	281.79999
1071	281.88
1072	281.85999
1073	281.95999
1074	281.92001
1075	281.95999
1076	281.85999
1077	281.78
1078	281.73001
1079	281.69
1080	281.70999
1081	281.95999
1082	281.98999
1083	282.20001
1084	282.53
1085	282.63
1086	282.84
1087	283.01001
1088	282.89001
1089	282.59
1090	282.47
1091	282.47
1092	282.32001
1093	282.23999
1094	282.20001
1095	282.28
1096	282.38
1097	282.32001
1098	282.32001
1099	282.54999
1100	282.63
1101	282.59
1102	282.84
1103	283.12
1104	283.14001
1105	283.22
1106	282.97
1107	282.91
1108	282.97
1109	283.01001
1110	282.67999
1111	282.59
1112	282.60999
1113	282.78
1114	282.78
1115	282.63
1116	282.51001
1117	282.48999
1118	282.54999
1119	282.47
1120	282.45001
1121	282.42999
1122	282.57001
1123	282.67999
1124	282.79999
1125	282.95001
1126	283.01001
1127	283.09
1128	282.92999
1129	282.82001
1130	282.82001
1131	282.78
1132	282.63
1133	282.63
1134	282.67999
1135	282.42999
1136	282.17001
1137	282.17001
1138	282.32001
1139	282.38
1140	282.32001
1141	282.32001
1142	282.26001
1143	282.22
1144	282.23999
1145	282.42999
1146	282.48999
1147	282.70001
1148	282.82001
1149	282.79999
1150	282.84
1151	282.91
1152	283.16
1153	283.09
1154	282.82001
1155	282.95001
1156	283.07001
1157	283.01001
1158	282.95001
1159	282.95001
1160	283.04999
1161	283.12
1162	283.12
1163	283.07001
1164	283.01001
1165	282.95001
1166	282.73999
1167	282.57001
1168	282.66
1169	282.66
1170	282.73999
1171	282.79999
1172	282.76001
1173	282.57001
1174	282.51001
1175	282.60999
1176	282.60999
1177	282.57001
1178	282.66
1179	282.67999
1180	282.70001
1181	282.72
1182	282.78
1183	282.84
1184	282.91
1185	282.92999
1186	282.95001
1187	282.95001
1188	282.89001
1189	282.78
1190	282.82001
1191	282.84
1192	282.91
1193	282.85999
1194	282.73999
1195	282.82001
1196	283.16
1197	283.22
1198	283.16
1199	282.98999
1200	282.84
1201	282.84
1202	282.67999
1203	282.70001
1204	282.60999
1205	282.54999
1206	282.39999
1207	282.32001
1208	282.32001
1209	282.53
1210	282.60999
1211	282.67999
1212	282.78
1213	282.78
1214	282.76001
1215	282.73999
1216	282.48999
1217	282.17001
1218	281.84
1219	281.78
1220	281.84
1221	281.88
1222	281.85999
1223	281.79999
1224	281.79999
1225	281.85999
1226	282.01001
1227	282.01001
1228	281.98999
1229	281.89999
1230	281.78
1231	281.82001
1232	281.79999
1233	281.79999
1234	281.23001
1235	280.95999
1236	280.75
1237	279.75
1238	277.95001
1239	275.75
1240	275.75
1241	272.70001
1242	270.59
1243	269.31
1244	266.32001
1245	263.95999
1246	262.22
1247	262.22
1248	260.79999
1249	260.57001
1250	260.59
1251	260.64999
1252	261.17999
1253	261.51001
1254	261.97
1255	263.44
1256	263.82999
1257	264.70999
1258	265.59
1259	265.95001
1260	266.78
1261	267.14001
1262	268.06
1263	268.45999
1264	269.20999
1265	269.85999
1266	270.14999
1267	270.59
1268	270.82001
1269	271.32001
1270	271.91
1271	272.17999
1272	272.17999
1273	272.48999
1274	272.62
1275	272.72
1276	272.92999
1277	273.12
1278	273.22
1279	273.22
1280	273.51999
1281	273.60001
1282	273.64001
1283	273.85001
1284	274
1285	274
1286	274.07999
1287	274.12
1288	274.19
1289	274.12
1290	274.37
1291	274.54001
1292	274.60001
1293	274.62
1294	274.79001
1295	274.82999
1296	275.01999
1297	275
1298	274.95999
1299	275.07999
1300	275.06
1301	275.13
1302	275.26999
1303	275.29001
1304	275.29001
1305	275.38
1306	275.38
1307	275.38
1308	275.45999
1309	275.63
1310	275.79999
1311	275.79999
1312	275.70999
1313	275.67001
1314	275.69
1315	275.70999
1316	275.70999
1317	275.76999
1318	275.76999
1319	275.75
1320	275.69
1321	275.59
1322	275.60999
1323	275.63
1324	275.69
1325	275.75
1326	275.84
1327	275.94
1328	276.09
1329	276.09
1330	276.07001
1331	276
1332	275.94
1333	275.76999
1334	275.84
1335	275.88
1336	275.95999
1337	276.09
1338	276.10999
1339	276.19
1340	276.28
1341	276.09
1342	276.07001
1343	276.07001
1344	276.14999
1345	276.26001
1346	276.32001
1347	276.38
1348	276.28
1349	276.19
1350	276.19
1351	276.20999
1352	276.35999
1353	276.42001
1354	276.51001
1355	276.42001
1356	276.32001
1357	276.32001
1358	276.39999
1359	276.44
1360	276.48999
1361	276.38
1362	276.35999
1363	276.35999
1364	276.34
1365	276.20999
1366	276.20999
1367	276.29999
1368	276.35999
1369	276.42001
1370	276.51001
1371	276.54999
1372	276.42001
1373	276.35999
1374	276.42001
1375	276.48999
1376	276.48999
1377	276.42001
1378	276.45999
1379	276.59
1380	276.63
1381	276.67001
1382	276.67001
1383	276.60999
1384	276.51001
1385	276.54999
1386	276.51001
1387	276.51001
1388	276.57001
1389	276.57001
1390	276.42001
1391	276.42001
1392	276.45999
1393	276.60999
1394	276.63
1395	276.69
1396	276.73999
1397	276.69
1398	276.63
1399	276.54999
1400	276.60999
1401	276.79999
1402	276.82001
1403	276.88
1404	276.89999
1405	276.88
1406	276.76001
1407	276.69
1408	276.76001
1409	276.78
1410	276.69
1411	276.72
1412	276.69
1413	276.69
1414	276.69
1415	277.04999
1416	277.01001
1417	277.01001
1418	276.97
1419	276.84
1420	276.85999
1421	276.85999
1422	276.88
1423	276.98999
1424	276.89999
1425	276.78
1426	276.76001
1427	276.76001
1428	276.76001
1429	276.78
1430	276.84
1431	276.84
1432	276.72
1433	276.72
1434	276.72
1435	276.64999
1436	276.57001
1437	276.60999
1438	276.73999
1439	276.79999
1440	276.82001
1441	276.82001
1442	276.76001
1443	276.79999
1444	276.84
1445	276.92001
1446	276.85999
1447	276.79999
1448	276.67001
1449	276.64999
1450	276.64999
1451	276.72
1452	276.79999
1453	276.79999
1454	276.92001
1455	276.92001
1456	276.88
1457	276.95001
1458	277.07001
1459	277.01001
1460	277.01001
1461	276.84
1462	276.79999
1463	276.76001
1464	276.85999
1465	276.88
1466	276.85999
1467	276.82001
1468	276.84
1469	276.82001
1470	276.92001
1471	276.84
1472	276.85999
1473	276.84
1474	276.88
1475	276.88
1476	276.88
1477	276.98999
1478	276.95001
1479	276.89999
1480	276.89999
1481	276.92001
1482	276.84
1483	276.82001
1484	276.85999
1485	276.85999
1486	276.78
1487	276.82001
1488	276.89999
1489	276.85999
1490	276.79999
1491	276.72
1492	276.72
1493	276.82001
1494	276.98999
1495	277.04999
1496	277.07001
1497	276.98999
1498	277.10999
1499	277.10999
1500	277.03
1501	276.97
1502	276.97
1503	276.97
1504	276.82001
1505	276.73999
1506	276.85999
1507	276.98999
1508	277.01001
1509	277.01001
1510	276.85999
1511	276.85999
1512	277.03
1513	276.97
1514	276.60999
1515	276.48999
1516	276.29999
1517	276.38
1518	276.59
1519	277.07001
1520	277.22
1521	277.39001
1522	277.54999
1523	277.76001
1524	277.76001
1525	278.37
1526	278.57999
1527	278.70001
1528	279.01999
1529	279.35001
1530	279.82999
1531	279.82999
1532	280.29001
1533	280.60999
1534	280.81
1535	281.20999
1536	281.42001
1537	281.54999
1538	281.53
1539	281.70999
1540	281.85999
1541	281.98999
1542	282.29999
1543	282.47
1544	282.39999
1545	282.38
1546	282.23999
1547	282.23999
1548	282.35999
1549	282.39999
1550	282.39999
1551	282.47
1552	282.45001
1553	282.26001
1554	282.42999
1555	282.26001
1556	282.26001
1557	282.10999
1558	282.17001
1559	282.20001
1560	282.09
1561	281.98999
1562	282.09
1563	282.09
1564	282.48999
1565	282.63
1566	282.72
1567	282.72
1568	282.59
1569	282.42999
1570	282.42999
1571	282.39999
1572	282.22
1573	282.07001
1574	282.01001
1575	282.17001
1576	282.35999
1577	282.59
1578	283.16
1579	283.23999
1580	283.32001
1581	283.14001
1582	283.14001
1583	283.20001
1584	283.20001
1585	282.82001
1586	282.63
1587	282.48999
1588	282.63
1589	282.60999
1590	282.51001
1591	282.48999
1592	282.76001
1593	283.01001
1594	282.98999
1595	282.98999
1596	282.97
1597	283.29999
1598	283.47
1599	283.29999
1600	283.14001
1601	282.91
1602	282.91
1603	282.82001
1604	282.95001
1605	282.95001
1606	283.17999
1607	283.07001
1608	282.97
1609	282.97
1610	283.04999
1611	282.91
1612	282.95001
1613	283.16
1614	283.14001
1615	283.07001
1616	282.95001
1617	282.78
1618	282.78
1619	283.01001
1620	283.23999
1621	283.26001
1622	283.32001
1623	283.35001
1624	283.29999
1625	283.14001
1626	282.97
1627	282.91
1628	282.92999
1629	282.95001
1630	282.82001
1631	282.57001
1632	282.59
1633	282.54999
1634	282.54999
1635	282.38
1636	282.45001
1637	282.60999
1638	282.84
1639	282.76001
1640	282.59
1641	282.59
1642	282.60999
1643	282.67999
1644	282.67999
1645	282.66
1646	282.79999
1647	282.85999
1648	282.89001
1649	282.76001
1650	282.73999
1651	282.70001
1652	282.85999
1653	282.91
1654	282.91
1655	282.79999
1656	282.54999
1657	282.35999
1658	282.42999
1659	282.63
1660	282.78
1661	282.78
1662	282.85999
1663	282.84
1664	282.82001
1665	282.67999
1666	282.67999
1667	282.39999
1668	282.17001
1669	282.14999
1670	282.09
1671	282.26001
1672	282.53
1673	282.53
1674	282.54999
1675	282.63
1676	282.72
1677	282.63
1678	282.57001
1679	282.29999
1680	282.29999
1681	282.09
1682	282.29999
1683	282.57001
1684	282.82001
1685	282.85999
1686	282.79999
1687	282.97
1688	283.07001
1689	283.16
1690	283.01001
1691	282.59
1692	282.39999
1693	282.34
1694	282.45001
1695	282.60999
1696	282.48999
1697	282.38
1698	282.14999
1699	282.09
1700	282.03
1701	282.10999
1702	282.09
1703	281.98999
1704	281.94
1705	281.94
1706	281.78
1707	281.59
1708	281.34
1709	279.95999
1710	278.41
1711	276.78
1712	276.78
1713	273.57999
1714	271.10999
1715	269.64999
1716	266.67999
1717	264.34
1718	263.39001
1719	262.54001
1720	260.48999
1721	260.17001
1722	259.78
1723	259.69
1724	260.07001
1725	260.22
1726	260.57001
1727	261.79999
1728	262.16
1729	262.87
1730	263.88
1731	264.38
1732	265.23001
1733	265.57001
1734	266.53
1735	267.32999
1736	267.92999
1737	267.92999
1738	268.95999
1739	269.48001
1740	269.75
1741	270.23001
1742	270.54999
1743	271.03
1744	271.03
1745	271.63
1746	271.97
1747	272.09
1748	272.22
1749	272.54999
1750	272.78
1751	272.78
1752	273.39001
1753	273.47
1754	273.62
1755	273.76999
1756	273.85001
1757	273.76999
1758	273.70001
1759	273.98001
1760	274.01999
1761	274.06
1762	274.14001
1763	274.20999
1764	274.35001
1765	274.45999
1766	274.62
1767	274.64999
1768	274.81
1769	275.04001
1770	275.13
1771	275.19
1772	275.17001
1773	275.10999
1774	275.14999
1775	275.19
1776	275.19
1777	275.34
1778	275.26999
1779	275.26999
1780	275.19
1781	275.14999
1782	275.45999
1783	275.45999
1784	275.70999
1785	275.64999
1786	275.54001
1787	275.51999
1788	275.51999
1789	275.51999
1790	275.51999
1791	275.51999
1792	275.45999
1793	275.45999
1794	275.42001
1795	275.51999
1796	275.60999
1797	275.64999
1798	275.59
1799	275.59
1800	275.51999
1801	275.5
1802	275.5
1803	275.69
1804	275.70999
1805	275.64999
1806	275.60999
1807	275.60999
1808	275.63
1809	275.60999
1810	275.76999
1811	275.82001
1812	275.82001
1813	275.88
1814	275.92001
1815	275.92001
1816	275.98001
1817	275.95999
1818	276.03
1819	276.09
1820	276.19
1821	276.17001
1822	276.17001
1823	276.23001
1824	276.09
1825	276.19
1826	276.19
1827	276.20999
1828	276.23001
1829	276.20999
1830	276.04999
1831	275.95999
1832	275.98001
1833	276.07001
1834	276.03
1835	276.03
1836	276.04999
1837	276.04999
1838	275.98001
1839	275.98001
1840	276.13
1841	276.07001
1842	276.04999
1843	276.04999
1844	275.95999
1845	275.98001
1846	276.04999
1847	276.04999
1848	276.13
1849	276.20999
1850	276.19
1851	276.17001
1852	276.17001
1853	276.19
1854	276.19
1855	276.14999
1856	276.03
1857	276.07001
1858	275.98001
1859	276.09
1860	276.09
1861	276.09
1862	276.09
1863	276.13
1864	276.10999
1865	276.14999
1866	276.26001
1867	276.38
1868	276.34
1869	276.44
1870	276.53
1871	276.44
1872	276.29999
1873	276.34
1874	276.38
1875	276.42001
1876	276.42001
1877	276.35999
1878	276.29999
1879	276.20999
1880	276.14999
1881	276.14999
1882	276.14999
1883	276.32001
1884	276.34
1885	276.28
1886	276.28
1887	276.34
1888	276.13
1889	276.26001
1890	276.20999
1891	276.14999
1892	276.23001
1893	276.23001
1894	276.34
1895	276.17001
1896	276.10999
1897	276.14999
1898	276
1899	276.04999
1900	276.04999
1901	276.03
1902	275.98001
1903	276.07001
1904	276.09
1905	276.17001
1906	276.23001
1907	276.32001
1908	276.48999
1909	276.53
1910	276.57001
1911	276.60999
1912	276.59
1913	276.54999
1914	276.42001
1915	276.44
1916	276.59
1917	276.63
1918	276.63
1919	276.48999
1920	276.45999
1921	276.39999
1922	276.42001
1923	276.48999
1924	276.53
1925	276.53
1926	276.51001
1927	276.54999
1928	276.53
1929	276.26001
1930	276.09
1931	276.28
1932	276.28
1933	276.32001
1934	276.35999
1935	276.44
1936	276.53
1937	276.60999
1938	276.63
1939	276.63
1940	276.45999
1941	276.45999
1942	276.42001
1943	276.45999
1944	276.45999
1945	276.39999
1946	276.35999
1947	276.32001
1948	276.34
1949	276.59
1950	276.69
1951	276.64999
1952	276.44
1953	276.45999
1954	276.45999
1955	276.53
1956	276.57001
1957	276.57001
1958	276.48999
1959	276.44
1960	276.39999
1961	276.44
1962	276.60999
1963	276.60999
1964	276.60999
1965	276.64999
1966	276.69
1967	276.76001
1968	276.69
1969	276.64999
1970	276.59
1971	276.57001
1972	276.45999
1973	276.38
1974	276.23001
1975	276.23001
1976	276.38
1977	276.45999
1978	276.51001
1979	276.57001
1980	276.54999
1981	276.51001
1982	276.54999
1983	276.51001
1984	276.57001
1985	276.48999
1986	276.34
1987	276.19
1988	276.04999
1989	276.04999
1990	276
1991	276.26001
1992	276.38
1993	276.63
1994	276.84
1995	277.07001
1996	277.07001
1997	277.76001
1998	278.56
1999	278.87
2000	279.39001
2001	279.75
2002	280.04001
2003	280.04001
2004	280.38
2005	280.57999
2006	280.70999
2007	280.98001
2008	281.39999
2009	281.60999
2010	281.57001
2011	281.48001
2012	281.45999
2013	281.48001
2014	281.69
2015	281.67001
2016	281.63
2017	281.84
2018	282.14999
2019	282.34
2020	282.39999
2021	282.07001
2022	281.95999
2023	282.09
2024	282.28
2025	282.26001
2026	282.28
2027	282.32001
2028	282.32001
2029	282.48999
2030	282.53
2031	282.66
2032	282.70001
2033	282.47
2034	282.20001
2035	282.20001
2036	282.13
2037	282.10999
2038	282.29999
2039	282.48999
2040	282.45001
2041	282.29999
2042	282.22
2043	282.20001
2044	282.32001
2045	282.38
2046	282.57001
2047	282.38
2048	282.29999
2049	282.17001
2050	281.98999
2051	282.09
2052	282.09
2053	282.14999
2054	282.13
2055	282.17001
2056	282.10999
2057	282.04999
2058	282.14999
2059	282.38
2060	282.45001
2061	282.47
2062	282.45001
2063	282.53
2064	282.79999
2065	282.91
2066	282.98999
2067	282.98999
2068	282.73999
2069	282.60999
2070	282.59
2071	282.72
2072	282.76001
2073	282.72
2074	282.72
2075	282.70001
2076	282.60999
2077	282.53
2078	282.42999
2079	282.34
2080	282.38
2081	282.48999
2082	282.59
2083	282.60999
2084	282.60999
2085	282.42999
2086	282.34
2087	282.38
2088	282.45001
2089	282.70001
2090	282.76001
2091	282.78
2092	283.03
2093	283.07001
2094	283.03
2095	282.91
2096	282.84
2097	282.73999
2098	282.59
2099	282.59
2100	282.63
2101	282.59
2102	282.53
2103	282.39999
2104	282.39999
2105	282.38
2106	282.38
2107	282.29999
2108	282.57001
2109	282.70001
2110	282.60999
2111	282.29999
2112	282.13
2113	281.95999
2114	282.10999
2115	282.32001
2116	282.53
2117	282.66
2118	282.54999
2119	282.63
2120	282.53
2121	282.17001
2122	282.04999
2123	281.94
2124	281.94
2125	281.95999
2126	281.98999
2127	282.07001
2128	282.03
2129	282.03
2130	282.09
2131	282.09
2132	282.03
2133	281.98999
2134	282.01001
2135	282.09
2136	281.98999
2137	281.79999
2138	281.79999
2139	281.64999
2140	281.63
2141	281.78
2142	281.78
2143	281.69
2144	281.60999
2145	281.60999
2146	281.48001
2147	281.45999
2148	281.5
2149	281.57001
2150	281.59
2151	281.60999
2152	281.63
2153	281.45999
2154	281.42001
2155	281.5
2156	281.64999
2157	281.78
2158	281.84
2159	281.82001
2160	281.92001
2161	281.98999
2162	281.92001
2163	281.79999
2164	281.69
2165	281.59
2166	281.63
2167	281.69
2168	281.60999
2169	281.38
2170	281.38
2171	281.10999
2172	281.04001
2173	281.04001
2174	281.17001
2175	281.29999
2176	281.39999
2177	281.39999
2178	281.35999
2179	281.25
2180	281.14999
2181	280.79001
2182	280.23001
2183	279.32999
2184	279.32999
2185	277.17999
2186	275.19
2187	273.92999
2188	271.10999
2189	268.10001
2190	266.82001
2191	265.60999
2192	262.75
2193	261.97
2194	260.76001
2195	260.03
2196	259.92001
2197	259.84
2198	259.95999
2199	260.23999
2200	260.64999
2201	261.20001
2202	261.85001
2203	262.29001
2204	263.23001
2205	263.69
2206	264.67001
2207	265.39999
2208	266.01001
2209	266.01001
2210	266.70001
2211	267.39001
2212	267.67999
2213	268.20001
2214	268.79001
2215	269.44
2216	269.44
2217	270.29999
2218	270.70999
2219	270.84
2220	271.22
2221	271.45001
2222	271.59
2223	271.67999
2224	272.07001
2225	272.17999
2226	272.42999
2227	272.66
2228	272.97
2229	273.14001
2230	273.23999
2231	273.56
2232	273.62
2233	273.56
2234	273.67999
2235	273.66
2236	273.79001
2237	273.82999
2238	273.92999
2239	273.95999
2240	273.98001
2241	273.98001
2242	274.01999
2243	274.16
2244	274.23001
2245	274.32999
2246	274.35001
2247	274.45999
2248	274.45999
2249	274.51999
2250	274.54001
2251	274.54001
2252	274.51999
2253	274.45999
2254	274.56
2255	274.56
2256	274.67001
2257	274.67001
2258	274.64999
2259	274.75
2260	274.88
2261	274.88
2262	274.94
2263	274.94
2264	274.88
2265	274.98001
2266	275.01999
2267	275.04001
2268	275.06
2269	275.14999
2270	275.19
2271	275.19
2272	275.26999
2273	275.31
2274	275.20999
2275	275.26999
2276	275.23001
2277	275.20999
2278	275.31
2279	275.34
2280	275.34
2281	275.23001
2282	275.31
2283	275.20999
2284	275.13
2285	275.10999
2286	275.13
2287	275.13
2288	275.17001
2289	275.25
2290	275.35999
2291	275.45999
2292	275.44
2293	275.54001
2294	275.5
2295	275.35999
2296	275.42001
2297	275.5
2298	275.67001
2299	275.79999
2300	275.79999
2301	275.85999
2302	275.69
2303	275.69
2304	275.73001
2305	275.64999
2306	275.51999
2307	275.5
2308	275.48001
2309	275.51999
2310	275.57001
2311	275.5
2312	275.5
2313	275.45999
2314	275.54001
2315	275.54001
2316	275.64999
2317	275.70999
2318	275.70999
2319	275.70999
2320	275.63
2321	275.73001
2322	275.84
2323	275.76999
2324	275.75
2325	275.75
2326	275.75
2327	275.76999
2328	275.84
2329	275.84
2330	275.76999
2331	275.82001
2332	275.76999
2333	275.75
2334	275.64999
2335	275.67001
2336	275.73001
2337	275.79999
2338	275.82001
2339	275.76999
2340	275.79999
2341	275.84
2342	275.88
2343	275.89999
2344	275.76999
2345	275.85999
2346	275.94
2347	275.95999
2348	275.70999
2349	275.76999
2350	275.76999
2351	275.76999
2352	275.79999
2353	275.89999
2354	275.89999
2355	275.85999
2356	276
2357	276.03
2358	276.03
2359	276.09
2360	276.09
2361	276.07001
2362	275.95999
2363	275.95999
2364	275.95999
2365	275.89999
2366	276
2367	276.04999
2368	276.03
2369	276.03
2370	276.03
2371	276.04999
2372	276.07001
2373	275.98001
2374	275.89999
2375	275.89999
2376	275.82001
2377	275.84
2378	275.94
2379	275.89999
2380	275.94
2381	275.94
2382	275.95999
2383	276
2384	275.98001
2385	275.98001
2386	275.98001
2387	275.94
2388	276.03
2389	276.04999
2390	276.04999
2391	276.10999
2392	276.10999
2393	276.03
2394	276.04999
2395	276.20999
2396	276.23001
2397	276.23001
2398	276.17001
2399	276.14999
2400	276.13
2401	276.09
2402	276
2403	276
2404	276.07001
2405	276.09
2406	276.09
2407	276.10999
2408	276.04999
2409	275.95999
2410	276.03
2411	276
2412	275.75
2413	275.73001
2414	275.60999
2415	275.54001
2416	275.64999
2417	275.75
2418	275.75
2419	275.85999
2420	275.94
2421	276.03
2422	276.03
2423	276.07001
2424	276.14999
2425	276.23001
2426	276.17001
2427	276.14999
2428	276.14999
2429	276.14999
2430	276.19
2431	276.09
2432	275.95999
2433	276
2434	275.98001
2435	275.94
2436	275.94
2437	275.89999
2438	275.88
2439	275.79999
2440	275.76999
2441	276.04999
2442	276.10999
2443	276.14999
2444	276.07001
2445	276
2446	276
2447	276.03
2448	276.03
2449	275.98001
2450	276.09
2451	276.14999
2452	276.10999
2453	276.19
2454	276.23001
2455	276.20999
2456	276.07001
2457	275.92001
2458	275.95999
2459	275.98001
2460	275.92001
2461	275.92001
2462	275.70999
2463	275.69
2464	275.70999
2465	275.94
2466	276.17001
2467	276.51001
2468	276.51001
2469	276.84
2470	277.03
2471	277.28
2472	277.87
2473	278.64001
2474	278.92999
2475	279.25
2476	280.04001
2477	280.04001
2478	280.01999
2479	280.29001
2480	280.64999
2481	280.85999
2482	281.01999
2483	281.35999
2484	281.42001
2485	281.44
2486	281.73001
2487	281.95999
2488	282.10999
2489	281.98999
2490	281.85999
2491	281.89999
2492	282.20001
2493	282.20001
2494	282.32001
2495	282.23999
2496	282.22
2497	282.26001
2498	282.29999
2499	282.42999
2500	282.42999
2501	282.54999
2502	282.78
2503	282.92999
2504	283.22
2505	283.07001
2506	282.76001
2507	282.76001
2508	282.48999
2509	282.35999
2510	282.29999
2511	282.45001
2512	282.54999
2513	282.59
2514	282.66
2515	282.57001
2516	282.51001
2517	282.23999
2518	282.03
2519	282.01001
2520	282.07001
2521	282.13
2522	282.01001
2523	281.92001
2524	281.92001
2525	282.01001
2526	282.01001
2527	282.22
2528	282.38
2529	282.67999
2530	282.59
2531	282.38
2532	282.38
2533	282.22
2534	282.14999
2535	282.13
2536	282.07001
2537	282.10999
2538	282.04999
2539	282.04999
2540	281.78
2541	281.60999
2542	281.53
2543	281.45999
2544	281.67001
2545	281.78
2546	281.73001
2547	281.57001
2548	281.54999
2549	281.54999
2550	281.45999
2551	281.38
2552	281.44
2553	281.5
2554	281.67001
2555	281.60999
2556	281.42001
2557	281.42001
2558	281.45999
2559	281.5
2560	281.48001
2561	281.63
2562	281.64999
2563	281.63
2564	281.63
2565	281.69
2566	281.57001
2567	281.54999
2568	281.54999
2569	281.54999
2570	281.76001
2571	281.76001
2572	282.09
2573	281.88
2574	281.84
2575	281.82001
2576	281.73001
2577	281.70999
2578	281.70999
2579	281.45999
2580	281.20999
2581	281.19
2582	281.25
2583	281.44
2584	281.44
2585	281.44
2586	281.35999
2587	281.45999
2588	281.59
2589	281.76001
2590	281.84
2591	281.82001
2592	281.79999
2593	281.79999
2594	281.78
2595	281.92001
2596	282.13
2597	282.22
2598	282.13
2599	282.07001
2600	282.29999
2601	282.39999
2602	282.47
2603	282.47
2604	282.34
2605	282.17001
2606	282.10999
2607	282.04999
2608	282.22
2609	282.20001
2610	282.20001
2611	282.29999
2612	282.38
2613	282.45001
2614	282.35999
2615	282.35999
2616	282.34
2617	282.32001
2618	282.14999
2619	282.03
2620	282.04999
2621	282.13
2622	282.48999
2623	282.54999
2624	282.51001
2625	282.35999
2626	282.35999
2627	282.14999
2628	282.03
2629	282.10999
2630	282.26001
2631	282.23999
2632	282.07001
2633	282.01001
2634	282.17001
2635	282.22
2636	282.26001
2637	282.09
2638	281.95999
2639	281.73001
2640	281.57001
2641	281.5
2642	281.5
2643	281.19
2644	281
2645	280.92001
2646	280.94
2647	281.04001
2648	281.17001
2649	281.17001
2650	281.26999
2651	281.42001
2652	281.35999
2653	281.25
2654	280.88
2655	280.67001
2656	280.44
2657	279.07999
2658	278.39001
2659	276.60999
2660	274.12
2661	272.73999
2662	270.01999
2663	268.81
2664	265.48999
2665	264.51999
2666	262.82999
2667	261.42999
2668	260.95001
2669	260.23999
2670	260.04999
2671	260.13
2672	260.45001
2673	260.92999
2674	260.92999
2675	261.66
2676	262.32999
2677	262.70001
2678	263.51999
2679	264.29001
2680	265
2681	265
2682	265.97
2683	266.72
2684	267.04999
2685	267.66
2686	268.12
2687	268.26999
2688	268.48001
2689	269.20999
2690	269.57999
2691	269.70999
2692	270.23001
2693	270.79999
2694	271.03
2695	271.26001
2696	271.82001
2697	271.95001
2698	271.95001
2699	272.14001
2700	272.09
2701	272.16
2702	272.28
2703	272.47
2704	272.70001
2705	272.92999
2706	273.06
2707	273.10001
2708	273.26999
2709	273.23999
2710	273.42999
2711	273.37
2712	273.42999
2713	273.42999
2714	273.70001
2715	273.87
2716	273.87
2717	274
2718	274.07999
2719	274.10001
2720	274.10001
2721	274.26999
2722	274.23001
2723	274.31
2724	274.44
2725	274.51999
2726	274.44
2727	274.54001
2728	274.67001
2729	274.73001
2730	274.82999
2731	274.92001
2732	274.88
2733	274.82999
2734	274.79001
2735	274.75
2736	274.79001
2737	274.81
2738	274.94
2739	274.92001
2740	274.98001
2741	274.95999
2742	274.82999
2743	274.98001
2744	275.01999
2745	275.01999
2746	275.17001
2747	275.13
2748	275.10999
2749	275.13
2750	275.01999
2751	275.04001
2752	275.04001
2753	275.07999
2754	275.13
2755	275.13
2756	275.17001
2757	275.19
2758	275.20999
2759	275.20999
2760	275.29001
2761	275.31
2762	275.29001
2763	275.31
2764	275.35999
2765	275.39999
2766	275.39999
2767	275.39999
2768	275.42001
2769	275.45999
2770	275.57001
2771	275.54001
2772	275.59
2773	275.64999
2774	275.73001
2775	275.75
2776	275.75
2777	275.73001
2778	275.70999
2779	275.5
2780	275.54001
2781	275.54001
2782	275.70999
2783	275.79999
2784	275.79999
2785	275.82001
2786	275.70999
2787	275.67001
2788	275.59
2789	275.54001
2790	275.57001
2791	275.57001
2792	275.63
2793	275.64999
2794	275.63
2795	275.69
2796	275.82001
2797	275.85999
2798	275.84
2799	275.88
2800	275.85999
2801	275.79999
2802	275.82001
2803	275.89999
2804	275.92001
2805	275.85999
2806	275.88
2807	275.84
2808	275.79999
2809	275.75
2810	275.73001
2811	275.67001
2812	275.60999
2813	275.34
2814	275.31
2815	275.39999
2816	275.39999
2817	275.54001
2818	275.60999
2819	275.60999
2820	275.60999
2821	275.67001
2822	275.76999
2823	275.76999
2824	276
2825	276.04999
2826	276
2827	275.94
2828	275.82001
2829	275.70999
2830	275.70999
2831	275.67001
2832	275.70999
2833	275.75
2834	275.76999
2835	275.73001
2836	275.75
2837	275.82001
2838	275.79999
2839	275.70999
2840	275.85999
2841	275.94
2842	275.95999
2843	276
2844	276.04999
2845	276.04999
2846	275.98001
2847	275.92001
2848	275.89999
2849	275.95999
2850	276.26001
2851	276.32001
2852	276.14999
2853	276.07001
2854	276.07001
2855	276.07001
2856	276.17001
2857	276.26001
2858	276.26001
2859	276.29999
2860	276.28
2861	276.19
2862	276.19
2863	276.26001
2864	276.38
2865	276.42001
2866	276.44
2867	276.35999
2868	276.28
2869	276.32001
2870	276.35999
2871	276.28
2872	276.23001
2873	276.32001
2874	276.29999
2875	276.28
2876	276.26001
2877	276.14999
2878	276.17001
2879	276.14999
2880	276.28
2881	276.26001
2882	276.35999
2883	276.35999
2884	276.34
2885	276.35999
2886	276.29999
2887	276.29999
2888	276.44
2889	276.51001
2890	276.53
2891	276.64999
2892	276.64999
2893	276.60999
2894	276.60999
2895	276.67001
2896	276.60999
2897	276.72
2898	276.78
2899	276.67001
2900	276.64999
2901	276.64999
2902	276.57001
2903	276.72
2904	276.78
2905	276.84
2906	277.04999
2907	277.04999
2908	277.07001
2909	277.04999
2910	277.09
2911	277.03
2912	276.92001
2913	277.03
2914	277.10999
2915	277.13
2916	277.09
2917	277.13
2918	276.92001
2919	276.82001
2920	276.84
2921	276.78
2922	276.78
2923	276.82001
2924	277.03
2925	277.07001
2926	277.07001
2927	277.01001
2928	276.97
2929	276.92001
2930	276.85999
2931	276.97
2932	277.10999
2933	277.10999
2934	277.01001
2935	276.88
2936	276.88
2937	277.32001
2938	277.95001
2939	278.12
2940	278.14001
2941	278.03
2942	277.89001
2943	277.82001
2944	277.64001
2945	277.67999
2946	277.67999
2947	277.85001
2948	278.22
2949	278.35001
2950	278.56
2951	278.91
2952	279.16
2953	279.35001
2954	279.60001
2955	279.95999
2956	280.32999
2957	280.60999
2958	280.85999
2959	280.94
2960	281
2961	280.95999
2962	281.01999
2963	281.04001
2964	281.01999
2965	281.01999
2966	281.10999
2967	281.25
2968	281.39999
2969	281.63
2970	281.60999
2971	281.54999
2972	281.54999
2973	281.53
2974	281.48001
2975	281.34
2976	281.39999
2977	281.39999
2978	281.39999
2979	281.38
2980	281.54999
2981	281.53
2982	281.53
2983	281.54999
2984	281.5
2985	281.39999
2986	281.29999
2987	281.34
2988	281.34
2989	281.32001
2990	281.42001
2991	281.44
2992	281.5
2993	281.45999
2994	281.42001
2995	281.29999
2996	281.35999
2997	281.35999
2998	281.53
2999	281.63
3000	281.45999
3001	281.38
3002	281.35999
3003	281.45999
3004	281.45999
3005	281.5
3006	281.45999
3007	281.42001
3008	281.53
3009	281.53
3010	281.57001
3011	281.57001
3012	281.39999
3013	281.53
3014	281.5
3015	281.54999
3016	281.48001
3017	281.32001
3018	281.34
3019	281.5
3020	281.63
3021	281.78
3022	281.67001
3023	281.67001
3024	281.64999
3025	281.67001
3026	281.53
3027	281.42001
3028	281.5
3029	281.63
3030	281.59
3031	281.63
3032	281.64999
3033	281.67001
3034	281.69
3035	281.64999
3036	281.64999
3037	281.44
3038	281.45999
3039	281.45999
3040	281.45999
3041	281.44
3042	281.54999
3043	281.54999
3044	281.70999
3045	281.84
3046	281.82001
3047	281.64999
3048	281.69
3049	281.76001
3050	281.78
3051	281.84
3052	281.88
3053	281.76001
3054	281.67001
3055	281.64999
3056	281.59
3057	281.60999
3058	281.70999
3059	281.70999
3060	281.67001
3061	281.63
3062	281.57001
3063	281.57001
3064	281.60999
3065	281.70999
3066	281.73001
3067	281.57001
3068	281.57001
3069	281.63
3070	281.59
3071	281.64999
3072	281.64999
3073	281.92001
3074	282.09
3075	282.09
3076	282.10999
3077	281.94
3078	281.78
3079	281.73001
3080	281.84
3081	281.73001
3082	281.73001
3083	281.60999
3084	281.57001
3085	281.48001
3086	281.45999
3087	281.57001
3088	281.59
3089	281.59
3090	281.63
3091	281.60999
3092	281.63
3093	281.54999
3094	281.5
3095	281.44
3096	281.45999
3097	281.38
3098	281.35999
3099	281.5
3100	281.57001
3101	281.59
3102	281.57001
3103	281.53
3104	281.54999
3105	281.53
3106	281.5
3107	281.5
3108	281.54999
3109	281.67001
3110	281.60999
3111	281.34
3112	281.32001
3113	281.54999
3114	281.54999
3115	281.78
3116	281.70999
3117	281.69
3118	281.70999
3119	281.79999
3120	281.73001
3121	281.63
3122	281.94
3123	282.10999
3124	282.17001
3125	282.22
3126	281.94
3127	281.63
3128	281.25
3129	279.70999
3130	279.17999
3131	278.22
3132	276.28
3133	275.04001
3134	272.64001
3135	271.59
3136	269.63
3137	268.14001
3138	266.45001
3139	266.45001
3140	264.35999
3141	263.62
3142	263.42001
3143	263.25
3144	263.20999
3145	263.48001
3146	263.48001
3147	264.25
3148	264.95999
3149	265.34
3150	265.98999
3151	266.79999
3152	267.60001
3153	267.60001
3154	268.69
3155	269.20999
3156	269.48001
3157	270.01999
3158	270.42001
3159	270.64999
3160	270.85999
3161	271.47
3162	271.67999
3163	272.16
3164	272.53
3165	272.64001
3166	273.04001
3167	273.32999
3168	273.75
3169	273.79001
3170	274.10001
3171	274.20999
3172	274.19
3173	274.42001
3174	274.54001
3175	274.76999
3176	274.95999
3177	275.07999
3178	275.07999
3179	275.20999
3180	275.39999
3181	275.5
3182	275.63
3183	275.60999
3184	275.60999
3185	275.60999
3186	275.63
3187	275.73001
3188	275.75
3189	275.92001
3190	276.03
3191	276.09
3192	276.19
3193	276.64999
3194	276.67001
3195	276.72
3196	276.69
3197	276.72
3198	276.57001
3199	276.60999
3200	276.57001
3201	276.57001
3202	276.57001
3203	276.59
3204	276.57001
3205	276.73999
3206	276.78
3207	276.89999
3208	276.85999
3209	276.79999
3210	276.88
3211	276.88
3212	276.84
3213	276.78
3214	276.88
3215	276.76001
3216	276.72
3217	276.72
3218	276.76001
3219	276.72
3220	276.59
3221	276.84
3222	276.79999
3223	276.88
3224	276.88
3225	277.22
3226	277.22
3227	277.32001
3228	277.22
3229	277.07001
3230	277.10999
3231	277.10999
3232	277.04999
3233	277.01001
3234	277.13
3235	277.13
3236	277.09
3237	277.13
3238	277.20001
3239	277.34
3240	277.35999
3241	277.35999
3242	277.45001
3243	277.41
3244	277.35999
3245	277.39001
3246	277.29999
3247	277.26001
3248	277.34
3249	277.34
3250	277.51001
3251	277.47
3252	277.35999
3253	277.41
3254	277.45001
3255	277.57001
3256	277.57001
3257	277.85001
3258	277.70001
3259	277.67999
3260	277.47
3261	277.34
3262	277.34
3263	277.34
3264	277.64001
3265	277.57001
3266	277.47
3267	277.28
3268	277.28
3269	277.34
3270	277.22
3271	277.09
3272	277.23999
3273	277.32001
3274	277.42999
3275	277.39001
3276	277.23999
3277	277.28
3278	277.34
3279	277.45001
3280	277.54999
3281	277.67999
3282	277.67999
3283	277.53
3284	277.47
3285	277.47
3286	277.59
3287	277.59
3288	277.59
3289	277.72
3290	277.70001
3291	277.64001
3292	277.48999
3293	277.41
3294	277.47
3295	277.47
3296	277.51001
3297	277.72
3298	277.70001
3299	277.66
3300	277.59
3301	277.53
3302	277.45001
3303	277.51001
3304	277.59
3305	277.67999
3306	277.70001
3307	277.76001
3308	277.82001
3309	277.87
3310	277.91
3311	277.76001
3312	277.73999
3313	277.59
3314	277.62
3315	277.62
3316	277.62
3317	277.62
3318	277.62
3319	277.70001
3320	277.70001
3321	277.72
3322	277.82001
3323	277.89001
3324	277.91
3325	277.92999
3326	277.89001
3327	277.89001
3328	277.85001
3329	277.89001
3330	277.98999
3331	278.01001
3332	277.92999
3333	277.91
3334	277.91
3335	277.91
3336	277.98999
3337	278.01001
3338	278.07999
3339	277.91
3340	277.92999
3341	277.95001
3342	278.03
3343	278.04999
3344	277.92999
3345	277.91
3346	277.89001
3347	278.01001
3348	277.97
3349	277.79999
3350	277.79999
3351	277.78
3352	277.95001
3353	277.98999
3354	278.01001
3355	277.89001
3356	277.66
3357	277.67999
3358	277.82001
3359	277.82001
3360	277.82001
3361	277.70001
3362	277.78
3363	277.79999
3364	277.79999
3365	277.70001
3366	277.70001
3367	277.73999
3368	277.79999
3369	277.79999
3370	277.78
3371	277.91
3372	277.89001
3373	277.87
3374	277.91
3375	277.98999
3376	277.95001
3377	277.82001
3378	277.79999
3379	277.79999
3380	277.85001
3381	277.87
3382	277.87
3383	277.76001
3384	277.72
3385	277.64001
3386	277.64001
3387	277.67999
3388	277.67999
3389	277.79999
3390	278.01001
3391	278.01001
3392	277.97
3393	277.78
3394	277.73999
3395	277.66
3396	277.79999
3397	277.79999
3398	277.79999
3399	277.62
3400	277.59
3401	277.64001
3402	277.59
3403	277.45001
3404	277.47
3405	277.47
3406	277.45001
3407	277.35999
3408	277.32001
3409	277.42999
3410	277.48999
3411	277.51001
3412	277.62
3413	278.37
3414	278.51001
3415	278.81
3416	279.12
3417	279.60001
3418	279.81
3419	280.06
3420	281.01999
3421	281.13
3422	281.25
3423	281.17001
3424	281.19
3425	281.25
3426	281.25
3427	281.26999
3428	281.79999
3429	282.10999
3430	282.10999
3431	282.22
3432	282.28
3433	282.34
3434	282.47
3435	282.38
3436	282.29999
3437	282.29999
3438	282.32001
3439	282.70001
3440	282.82001
3441	282.76001
3442	282.59
3443	282.47
3444	282.34
3445	282.32001
3446	282.48999
3447	282.53
3448	282.60999
3449	282.38
3450	282.20001
3451	282.04999
3452	281.76001
3453	281.84
3454	281.78
3455	281.84
3456	281.85999
3457	282.17001
3458	282.47
3459	282.63
3460	282.48999
3461	282.63
3462	282.92999
3463	282.89001
3464	282.72
3465	282.67999
3466	282.59
3467	282.53
3468	282.60999
3469	282.60999
3470	282.73999
3471	282.73999
3472	282.70001
3473	282.67999
3474	282.72
3475	282.67999
3476	282.67999
3477	282.91
3478	282.89001
3479	282.89001
3480	282.79999
3481	282.89001
3482	282.85999
3483	282.79999
3484	282.73999
3485	282.78
3486	282.92999
3487	282.89001
3488	282.79999
3489	282.84
3490	282.76001
3491	282.53
3492	282.48999
3493	282.47
3494	282.51001
3495	282.63
3496	282.78
3497	282.91
3498	282.78
3499	282.54999
3500	282.34
3501	282.34
3502	281.98999
3503	281.95999
3504	281.98999
3505	282.23999
3506	282.42999
3507	282.66
3508	282.66
3509	282.79999
3510	282.84
3511	282.78
3512	282.95001
3513	282.78
3514	282.89001
3515	282.89001
3516	282.89001
3517	282.95001
3518	282.89001
3519	282.63
3520	282.54999
3521	282.54999
3522	282.59
3523	282.28
3524	282.07001
3525	281.85999
3526	282.17001
3527	282.28
3528	282.29999
3529	282.42999
3530	282.66
3531	282.79999
3532	282.84
3533	282.79999
3534	282.85999
3535	283.04999
3536	283.01001
3537	283.01001
3538	282.92999
3539	282.84
3540	282.84
3541	283.01001
3542	282.91
3543	282.82001
3544	282.60999
3545	282.38
3546	282.39999
3547	282.39999
3548	282.73999
3549	283.03
3550	283.09
3551	282.82001
3552	282.53
3553	282.47
3554	282.48999
3555	282.73999
3556	282.82001
3557	282.78
3558	282.54999
3559	282.32001
3560	282.39999
3561	282.53
3562	282.89001
3563	282.98999
3564	282.79999
3565	282.45001
3566	282.26001
3567	282.13
3568	282.13
3569	282.38
3570	282.35999
3571	282.57001
3572	282.57001
3573	282.67999
3574	282.72
3575	282.76001
3576	282.70001
3577	282.47
3578	282.38
3579	282.38
3580	282.54999
3581	282.47
3582	282.35999
3583	282.17001
3584	281.73001
3585	281.60999
3586	281.60999
3587	282.28
3588	282.60999
3589	282.57001
3590	282.39999
3591	282.09
3592	281.89999
3593	281.78
3594	281.70999
3595	281.70999
3596	281.59
3597	281.69
3598	281.70999
3599	281.78
3600	281.78
3601	281.17001
3602	280.85999
3603	280.17001
3604	279.12
3605	278.51001
3606	276.60999
3607	275.5
3608	273.26999
3609	271.82001
3610	270.44
3611	270.44
3612	268.06
3613	266.67999
3614	266.14999
3615	265.44
3616	265.10999
3617	265.13
3618	265.13
3619	265.60999
3620	266.04999
3621	266.35999
3622	267.47
3623	267.87
3624	268.25
3625	268.64001
3626	269.42001
3627	269.67001
3628	269.79001
3629	270.38
3630	270.92001
3631	271.29999
3632	271.64999
3633	272.37
3634	272.60001
3635	272.87
3636	273.14001
3637	273.26999
3638	273.54001
3639	273.64001
3640	273.98001
3641	274.31
3642	274.56
3643	274.64999
3644	274.82999
3645	274.94
3646	275
3647	275.20999
3648	275.23001
3649	275.34
3650	275.34
3651	275.57001
3652	275.64999
3653	275.70999
3654	275.85999
3655	275.94
3656	276.04999
3657	276.04999
3658	276.23001
3659	276.34
3660	276.32001
3661	276.29999
3662	276.29999
3663	276.29999
3664	276.28
3665	276.38
3666	276.45999
3667	276.59
3668	276.67001
3669	276.67001
3670	276.67001
3671	276.69
3672	276.73999
3673	276.73999
3674	276.76001
3675	276.60999
3676	276.64999
3677	276.85999
3678	276.89999
3679	276.84
3680	276.85999
3681	276.79999
3682	276.79999
3683	276.89999
3684	277.03
3685	277.01001
3686	276.92001
3687	276.97
3688	276.95001
3689	276.95001
3690	277.22
3691	277.14999
3692	277.09
3693	277.20001
3694	277.39001
3695	277.39001
3696	277.47
3697	277.28
3698	277.17999
3699	277.09
3700	277.07001
3701	277.10999
3702	277.13
3703	277.13
3704	277.14999
3705	277.10999
3706	277.17999
3707	277.22
3708	277.23999
3709	277.17999
3710	277.22
3711	277.26001
3712	277.23999
3713	277.04999
3714	277.01001
3715	277.07001
3716	277.07001
3717	277.07001
3718	277.04999
3719	277.10999
3720	277.28
3721	277.28
3722	277.34
3723	277.34
3724	277.23999
3725	277.17999
3726	277.09
3727	277.14999
3728	277.14999
3729	277.13
3730	276.95001
3731	277.01001
3732	277.07001
3733	277.28
3734	277.34
3735	277.32001
3736	277.26001
3737	277.22
3738	277.28
3739	277.23999
3740	277.09
3741	277.01001
3742	277.09
3743	277.07001
3744	277.04999
3745	277.20001
3746	277.42999
3747	277.47
3748	277.48999
3749	277.47
3750	277.42999
3751	277.42999
3752	277.51001
3753	277.51001
3754	277.48999
3755	277.51001
3756	277.45001
3757	277.39001
3758	277.41
3759	277.42999
3760	277.42999
3761	277.34
3762	277.29999
3763	277.39001
3764	277.39001
3765	277.32001
3766	277.32001
3767	277.32001
3768	277.32001
3769	277.34
3770	277.29999
3771	277.39001
3772	277.57001
3773	277.59
3774	277.57001
3775	277.45001
3776	277.48999
3777	277.42999
3778	277.47
3779	277.47
3780	277.48999
3781	277.48999
3782	277.62
3783	277.41
3784	277.28
3785	277.28
3786	277.26001
3787	277.14999
3788	277.17999
3789	277.17999
3790	277.23999
3791	277.20001
3792	277.20001
3793	277.22
3794	277.20001
3795	277.14999
3796	277.04999
3797	277.03
3798	276.98999
3799	276.98999
3800	277.03
3801	277.07001
3802	277.20001
3803	277.26001
3804	277.28
3805	277.28
3806	277.34
3807	277.35999
3808	277.41
3809	277.48999
3810	277.54999
3811	277.41
3812	277.35999
3813	277.34
3814	277.34
3815	277.32001
3816	277.39001
3817	277.23999
3818	277.14999
3819	277.10999
3820	277.14999
3821	277.20001
3822	277.39001
3823	277.35999
3824	277.35999
3825	277.26001
3826	277.10999
3827	277.13
3828	277.22
3829	277.29999
3830	277.41
3831	277.41
3832	277.35999
3833	277.32001
3834	277.22
3835	277.22
3836	277.22
3837	277.26001
3838	277.26001
3839	277.14999
3840	277.26001
3841	277.35999
3842	277.47
3843	277.54999
3844	277.62
3845	277.51001
3846	277.62
3847	277.54999
3848	277.47
3849	277.32001
3850	277.26001
3851	277.14999
3852	277.17999
3853	277.14999
3854	277.23999
3855	277.28
3856	277.34
3857	277.41
3858	277.47
3859	277.47
3860	277.45001
3861	277.47
3862	277.42999
3863	277.42999
3864	277.48999
3865	277.51001
3866	277.54999
3867	277.54999
3868	277.53
3869	277.47
3870	277.47
3871	277.53
3872	277.45001
3873	277.51001
3874	277.42999
3875	277.45001
3876	277.47
3877	277.35999
3878	277.47
3879	277.32001
3880	277.20001
3881	277.10999
3882	277.13
3883	277.10999
3884	277.20001
3885	277.79999
3886	277.95001
3887	278.16
3888	278.10001
3889	278.17999
3890	278.35001
3891	278.54001
3892	278.97
3893	279.62
3894	280.17001
3895	280.17001
3896	280.64999
3897	280.76999
3898	280.98001
3899	281.26999
3900	281.60999
3901	281.64999
3902	281.64999
3903	281.63
3904	281.85999
3905	281.94
3906	281.95999
3907	281.89999
3908	281.94
3909	281.94
3910	282.01001
3911	282.04999
3912	282.04999
3913	281.95999
3914	282.26001
3915	282.47
3916	282.45001
3917	282.67999
3918	282.70001
3919	282.48999
3920	282.48999
3921	282.54999
3922	282.78
3923	282.67999
3924	282.22
3925	282.04999
3926	282.23999
3927	282.53
3928	282.63
3929	282.73999
3930	282.73999
3931	282.82001
3932	282.85999
3933	282.84
3934	282.84
3935	282.66
3936	282.84
3937	282.95001
3938	282.91
3939	282.82001
3940	282.84
3941	282.84
3942	282.73999
3943	282.79999
3944	282.91
3945	282.92999
3946	282.82001
3947	282.91
3948	282.79999
3949	282.70001
3950	282.57001
3951	282.42999
3952	282.34
3953	282.26001
3954	282.32001
3955	282.35999
3956	282.51001
3957	282.48999
3958	282.53
3959	282.67999
3960	282.73999
3961	282.84
3962	282.98999
3963	282.98999
3964	283.04999
3965	283.17999
3966	283.29999
3967	283.20001
3968	282.82001
3969	282.54999
3970	282.20001
3971	282.20001
3972	282.20001
3973	282.20001
3974	282.29999
3975	282.38
3976	282.51001
3977	282.72
3978	282.63
3979	282.66
3980	282.66
3981	282.72
3982	282.82001
3983	282.79999
3984	282.92999
3985	282.95001
3986	282.85999
3987	282.79999
3988	282.82001
3989	282.70001
3990	282.60999
3991	282.57001
3992	282.54999
3993	282.57001
3994	282.53
3995	282.48999
3996	282.53
3997	282.47
3998	282.53
3999	282.54999
4000	282.42999
4001	282.34
4002	282.47
4003	282.32001
4004	282.23999
4005	282.23999
4006	282.23999
4007	282.32001
4008	282.38
4009	282.47
4010	282.59
4011	282.78
4012	282.78
4013	282.47
4014	282.13
4015	282.04999
4016	281.92001
4017	281.94
4018	282.17001
4019	282.17001
4020	282.54999
4021	282.47
4022	282.42999
4023	282.17001
4024	281.94
4025	281.88
4026	281.79999
4027	281.84
4028	281.84
4029	281.84
4030	281.85999
4031	281.79999
4032	281.85999
4033	281.94
4034	281.92001
4035	281.82001
4036	281.5
4037	281.26999
4038	281.34
4039	281.32001
4040	281.39999
4041	281.67001
4042	281.89999
4043	281.89999
4044	281.89999
4045	281.89999
4046	281.88
4047	281.85999
4048	281.88
4049	281.94
4050	282.04999
4051	282.04999
4052	282.14999
4053	282.09
4054	281.89999
4055	281.70999
4056	281.54999
4057	281.45999
4058	281.34
4059	281.48001
4060	281.67001
4061	281.92001
4062	281.88
4063	281.73001
4064	281.59
4065	281.59
4066	281.60999
4067	281.60999
4068	281.54999
4069	281.39999
4070	281.35999
4071	281.34
4072	281.44
4073	281.45999
4074	281.25
4075	281.09
4076	281.09
4077	280.14999
4078	278.66
4079	277.79999
4080	275.95999
4081	273.67999
4082	271.28
4083	271.28
4084	268.37
4085	266.98999
4086	266.38
4087	265.34
4088	264.88
4089	264.82001
4090	264.82001
4091	265.13
4092	265.57001
4093	265.78
4094	266.45001
4095	267.14001
4096	267.37
4097	267.60001
4098	268.57999
4099	268.76999
4100	269.29001
4101	269.69
4102	270.01999
4103	270.53
4104	270.84
4105	271.82001
4106	272.10999
4107	272.54999
4108	272.82999
4109	272.92999
4110	273.12
4111	273.06
4112	273.42999
4113	273.57999
4114	273.87
4115	273.87
4116	274.26999
4117	274.57999
4118	274.79001
4119	274.95999
4120	275.17001
4121	275.26999
4122	275.26999
4123	275.44
4124	275.63
4125	275.75
4126	275.73001
4127	275.84
4128	275.85999
4129	275.89999
4130	275.89999
4131	276.14999
4132	276.28
4133	276.23001
4134	276.26001
4135	276.28
4136	276.35999
4137	276.39999
4138	276.45999
4139	276.29999
4140	276.19
4141	276.17001
4142	276.20999
4143	276.28
4144	276.59
4145	276.76001
4146	276.82001
4147	276.82001
4148	276.76001
4149	276.82001
4150	276.79999
4151	276.88
4152	276.84
4153	276.78
4154	276.78
4155	276.89999
4156	276.98999
4157	276.98999
4158	276.95001
4159	276.84
4160	276.85999
4161	276.85999
4162	276.79999
4163	276.88
4164	276.82001
4165	276.82001
4166	276.89999
4167	276.84
4168	276.97
4169	276.85999
4170	276.76001
4171	276.84
4172	276.79999
4173	276.79999
4174	276.78
4175	276.84
4176	276.85999
4177	276.85999
4178	276.88
4179	276.82001
4180	276.78
4181	276.82001
4182	276.89999
4183	276.89999
4184	276.92001
4185	276.98999
4186	276.98999
4187	277.07001
4188	277.04999
4189	276.97
4190	276.97
4191	276.88
4192	276.97
4193	276.97
4194	276.92001
4195	276.92001
4196	276.92001
4197	277.03
4198	277.09
4199	277.10999
4200	277.17999
4201	277.13
4202	276.84
4203	276.69
4204	276.76001
4205	276.85999
4206	276.78
4207	276.84
4208	276.92001
4209	276.95001
4210	277.10999
4211	277.07001
4212	277.03
4213	277.13
4214	277.14999
4215	277.17999
4216	277.07001
4217	277.07001
4218	277.10999
4219	277.17999
4220	277.28
4221	277.28
4222	277.17999
4223	277.07001
4224	277.03
4225	277.03
4226	277.04999
4227	277.04999
4228	277.13
4229	277.13
4230	277.14999
4231	276.97
4232	276.97
4233	276.92001
4234	276.88
4235	276.88
4236	276.85999
4237	276.82001
4238	276.79999
4239	276.79999
4240	276.78
4241	276.85999
4242	276.89999
4243	276.88
4244	276.73999
4245	276.72
4246	276.79999
4247	276.97
4248	277.03
4249	276.98999
4250	277.04999
4251	277.07001
4252	277.01001
4253	277.03
4254	276.88
4255	276.79999
4256	276.78
4257	276.78
4258	276.85999
4259	276.95001
4260	276.88
4261	276.82001
4262	276.72
4263	276.69
4264	276.69
4265	276.63
4266	276.69
4267	276.79999
4268	276.78
4269	276.95001
4270	277.03
4271	277.03
4272	277.01001
4273	276.97
4274	276.95001
4275	276.97
4276	276.92001
4277	276.89999
4278	276.98999
4279	277.14999
4280	277.09
4281	277.20001
4282	277.20001
4283	277.07001
4284	277.09
4285	277.07001
4286	277.17999
4287	277.13
4288	277.07001
4289	277.04999
4290	276.98999
4291	277.03
4292	276.97
4293	276.97
4294	277.13
4295	277.03
4296	277.03
4297	277.10999
4298	276.89999
4299	276.98999
4300	276.89999
4301	277.04999
4302	276.92001
4303	276.92001
4304	276.76001
4305	276.76001
4306	276.85999
4307	276.73999
4308	276.72
4309	276.82001
4310	276.82001
4311	276.85999
4312	276.92001
4313	276.92001
4314	276.92001
4315	276.84
4316	276.82001
4317	276.79999
4318	276.72
4319	276.69
4320	276.82001
4321	276.67001
4322	276.64999
4323	276.69
4324	276.69
4325	276.73999
4326	276.85999
4327	276.95001
4328	276.95001
4329	276.92001
4330	276.95001
4331	276.95001
4332	276.79999
4333	276.72
4334	276.57001
4335	276.57001
4336	276.63
4337	276.63
4338	276.76001
4339	276.82001
4340	276.82001
4341	276.79999
4342	276.79999
4343	276.60999
4344	276.59
4345	276.69
4346	276.69
4347	276.73999
4348	276.88
4349	276.92001
4350	276.84
4351	276.89999
4352	276.82001
4353	276.60999
4354	276.67001
4355	276.63
4356	276.60999
4357	276.84
4358	276.92001
4359	277.10999
4360	277.59
4361	277.67999
4362	277.78
4363	277.98999
4364	278.12
4365	278.26001
4366	278.57999
4367	278.57999
4368	279.10001
4369	279.42999
4370	279.57999
4371	279.57999
4372	279.70999
4373	279.89001
4374	279.89001
4375	280.57999
4376	281
4377	281.14999
4378	281.13
4379	281.10999
4380	281.14999
4381	281.13
4382	281.17001
4383	281.26999
4384	281.19
4385	280.98001
4386	281.19
4387	281.26999
4388	281.35999
4389	281.54999
4390	281.59
4391	281.45999
4392	281.42001
4393	281.32001
4394	281.23001
4395	281.20999
4396	281.26999
4397	281.45999
4398	281.57001
4399	281.57001
4400	281.34
4401	281.20999
4402	281.20999
4403	281.25
4404	281.17001
4405	281.07001
4406	281.07001
4407	281.45999
4408	281.60999
4409	281.67001
4410	281.64999
4411	281.44
4412	281.29999
4413	281.29999
4414	281.23001
4415	281.5
4416	281.57001
4417	281.54999
4418	281.63
4419	281.76001
4420	281.89999
4421	281.98999
4422	282.03
4423	281.85999
4424	281.92001
4425	281.85999
4426	281.76001
4427	281.67001
4428	281.70999
4429	281.84
4430	282.09
4431	282.14999
4432	282.09
4433	281.89999
4434	281.76001
4435	281.54999
4436	281.67001
4437	281.84
4438	281.84
4439	281.78
4440	281.54999
4441	281.54999
4442	281.60999
4443	281.73001
4444	281.67001
4445	281.67001
4446	281.64999
4447	281.54999
4448	281.45999
4449	281.54999
4450	281.5
4451	281.42001
4452	281.42001
4453	281.63
4454	281.69
4455	281.78
4456	281.73001
4457	281.53
4458	281.44
4459	281.34
4460	281.42001
4461	281.5
4462	281.45999
4463	281.45999
4464	281.39999
4465	281.26999
4466	281.20999
4467	280.89999
4468	280.89999
4469	281.09
4470	281.35999
4471	281.57001
4472	281.89999
4473	282.04999
4474	282.07001
4475	282.22
4476	282.01001
4477	282.01001
4478	281.60999
4479	281.67001
4480	281.60999
4481	281.67001
4482	281.73001
4483	281.95999
4484	281.95999
4485	282.13
4486	282.03
4487	281.94
4488	281.78
4489	281.88
4490	281.88
4491	281.85999
4492	281.67001
4493	281.42001
4494	281.39999
4495	281.53
4496	281.63
4497	281.85999
4498	281.89999
4499	281.60999
4500	281.73001
4501	281.76001
4502	281.89999
4503	281.92001
4504	281.73001
4505	281.64999
4506	281.48001
4507	281.78
4508	281.94
4509	281.94
4510	281.60999
4511	281.42001
4512	281.35999
4513	281.35999
4514	281.42001
4515	281.26999
4516	281.26999
4517	281.01999
4518	281.14999
4519	281.13
4520	281.39999
4521	281.54999
4522	281.76001
4523	281.76001
4524	282.04999
4525	281.92001
4526	281.79999
4527	281.64999
4528	281.48001
4529	281.39999
4530	281.48001
4531	281.64999
4532	281.57001
4533	281.69
4534	281.94
4535	282.04999
4536	282.20001
4537	282.22
4538	282.14999
4539	281.94
4540	281.84
4541	281.78
4542	281.73001
4543	281.60999
4544	281.53
4545	281.38
4546	281.19
4547	280.94
4548	280.94
4549	280.38
4550	279.92001
4551	279.45999
4552	278.07999
4553	275.94
4554	273.47
4555	273.47
4556	269.70999
4557	267.67999
4558	266.78
4559	265.32001
4560	264.38
4561	264.06
4562	263.82999
4563	263.51999
4564	263.5
4565	263.69
4566	263.92001
4567	264.17001
4568	264.45999
4569	264.73001
4570	265.72
4571	266.09
4572	266.92999
4573	267.76999
4574	268.07999
4575	268.82999
4576	269.14999
4577	269.70999
4578	270.19
4579	270.57001
4580	270.57001
4581	271.22
4582	271.59
4583	271.67999
4584	272.16
4585	272.54999
4586	272.67999
4587	272.67999
4588	273.07999
4589	273.20001
4590	273.26999
4591	273.62
4592	273.70001
4593	273.81
4594	273.81
4595	274.06
4596	274.32999
4597	274.37
4598	274.57999
4599	274.70999
4600	274.73001
4601	274.75
4602	274.98001
4603	274.92001
4604	275.13
4605	275.20999
4606	275.13
4607	274.88
4608	274.81
4609	274.79001
4610	274.82999
4611	275.06
4612	275.34
4613	275.42001
4614	275.51999
4615	275.57001
4616	275.59
4617	275.59
4618	275.59
4619	275.59
4620	275.75
4621	275.92001
4622	275.98001
4623	276.07001
4624	276.04999
4625	276.03
4626	276.03
4627	276.10999
4628	276.13
4629	276.17001
4630	276.09
4631	276.17001
4632	276.13
4633	276.14999
4634	276.14999
4635	276.20999
4636	276.17001
4637	276.10999
4638	276.14999
4639	276.10999
4640	276.19
4641	276.09
4642	276.04999
4643	276.07001
4644	276.14999
4645	276.20999
4646	276.20999
4647	276.19
4648	276.20999
4649	276.26001
4650	276.13
4651	276.13
4652	276.19
4653	276.32001
4654	276.42001
4655	276.54999
4656	276.51001
4657	276.44
4658	276.44
4659	276.17001
4660	276.14999
4661	276.13
4662	276.04999
4663	276.20999
4664	276.17001
4665	276.17001
4666	276.57001
4667	276.60999
4668	276.63
4669	276.60999
4670	276.57001
4671	276.63
4672	276.64999
4673	276.72
4674	276.72
4675	276.69
4676	276.60999
4677	276.48999
4678	276.51001
4679	276.42001
4680	276.38
4681	276.51001
4682	276.63
4683	276.79999
4684	276.76001
4685	276.63
4686	276.53
4687	276.23001
4688	276.17001
4689	276.19
4690	276.19
4691	276.48999
4692	276.38
4693	276.35999
4694	276.28
4695	276.45999
4696	276.53
4697	276.53
4698	276.45999
4699	276.39999
4700	276.34
4701	276.26001
4702	276.28
4703	276.32001
4704	276.26001
4705	276.32001
4706	276.51001
4707	276.44
4708	276.57001
4709	276.64999
4710	276.69
4711	276.67001
4712	276.63
4713	276.64999
4714	276.64999
4715	276.57001
4716	276.51001
4717	276.45999
4718	276.51001
4719	276.48999
4720	276.45999
4721	276.42001
4722	276.42001
4723	276.29999
4724	276.38
4725	276.38
4726	276.26001
4727	276.23001
4728	276.19
4729	276.19
4730	276.14999
4731	276.20999
4732	276.23001
4733	276.20999
4734	276.32001
4735	276.32001
4736	276.32001
4737	276.23001
4738	276.19
4739	276.14999
4740	276.10999
4741	276.09
4742	276.19
4743	276.23001
4744	276.17001
4745	276.14999
4746	276.10999
4747	276.23001
4748	276.32001
4749	276.29999
4750	276.35999
4751	276.26001
4752	276.19
4753	276.17001
4754	276.04999
4755	275.85999
4756	275.98001
4757	276.03
4758	276.14999
4759	276.28
4760	276.29999
4761	276.29999
4762	276.23001
4763	276.26001
4764	276.32001
4765	276.34
4766	276.38
4767	276.44
4768	276.44
4769	276.35999
4770	276.32001
4771	276.26001
4772	276.26001
4773	276.26001
4774	276.26001
4775	276.26001
4776	276.20999
4777	276.26001
4778	276.28
4779	276.23001
4780	276.35999
4781	276.38
4782	276.39999
4783	276.51001
4784	276.59
4785	276.59
4786	276.63
4787	276.57001
4788	276.57001
4789	276.53
4790	276.53
4791	276.53
4792	276.59
4793	276.64999
4794	276.64999
4795	276.76001
4796	276.72
4797	276.79999
4798	276.82001
4799	276.76001
4800	276.76001
4801	276.54999
4802	276.59
4803	276.73999
4804	276.76001
4805	276.69
4806	276.53
4807	276.53
4808	276.45999
4809	276.45999
4810	276.51001
4811	276.76001
4812	276.82001
4813	276.88
4814	276.78
4815	276.51001
4816	276.32001
4817	276.28
4818	276.42001
4819	276.53
4820	276.51001
4821	276.64999
4822	276.72
4823	276.59
4824	276.45999
4825	276.38
4826	276.35999
4827	276.17001
4828	276.14999
4829	275.85999
4830	275.79999
4831	276.17001
4832	276.17001
4833	276.97
4834	277.35999
4835	277.42999
4836	277.48999
4837	277.57001
4838	277.70001
4839	277.70001
4840	277.92999
4841	278.23999
4842	278.51001
4843	279.32999
4844	279.81
4845	280.31
4846	280.31
4847	280.89999
4848	280.92001
4849	280.84
4850	280.89999
4851	281.10999
4852	281.14999
4853	281.14999
4854	281.13
4855	281.25
4856	281.42001
4857	281.54999
4858	281.53
4859	281.54999
4860	281.42001
4861	281.29999
4862	281.35999
4863	281.44
4864	281.54999
4865	281.63
4866	281.64999
4867	281.48001
4868	281.42001
4869	281.29999
4870	281.48001
4871	281.48001
4872	281.78
4873	281.78
4874	281.67001
4875	281.54999
4876	281.63
4877	281.78
4878	281.78
4879	281.73001
4880	281.69
4881	281.70999
4882	281.73001
4883	281.64999
4884	281.57001
4885	281.59
4886	281.57001
4887	281.39999
4888	281.35999
4889	281.14999
4890	281.04001
4891	280.94
4892	280.88
4893	280.85999
4894	280.85999
4895	280.79001
4896	280.75
4897	280.70999
4898	280.76999
4899	280.76999
4900	280.76999
4901	280.92001
4902	280.95999
4903	280.95999
4904	281.10999
4905	281.09
4906	280.89999
4907	280.92001
4908	280.75
4909	280.94
4910	280.94
4911	281.39999
4912	281.63
4913	281.70999
4914	281.79999
4915	281.94
4916	282.04999
4917	282.04999
4918	282.45001
4919	282.59
4920	282.66
4921	282.47
4922	282.22
4923	282.03
4924	281.82001
4925	281.5
4926	281.59
4927	281.63
4928	281.67001
4929	281.64999
4930	281.70999
4931	281.76001
4932	281.69
4933	281.69
4934	281.82001
4935	281.78
4936	281.78
4937	281.73001
4938	281.64999
4939	281.48001
4940	281.35999
4941	281.32001
4942	281.32001
4943	280.84
4944	280.76999
4945	280.94
4946	281.19
4947	281.26999
4948	281.5
4949	281.5
4950	281.69
4951	281.69
4952	281.76001
4953	281.57001
4954	281.53
4955	281.38
4956	281.38
4957	281.35999
4958	281.59
4959	281.69
4960	281.89999
4961	281.85999
4962	281.84
4963	281.64999
4964	281.44
4965	281.53
4966	281.64999
4967	281.5
4968	281.60999
4969	281.5
4970	281.44
4971	281.39999
4972	281.35999
4973	281.19
4974	281.34
4975	281.42001
4976	281.63
4977	281.64999
4978	281.95999
4979	282.09
4980	281.84
4981	281.84
4982	281.35999
4983	281.45999
4984	281.59
4985	281.89999
4986	282.13
4987	282.09
4988	282.09
4989	281.67001
4990	281.39999
4991	281.35999
4992	281.26999
4993	281.44
4994	281.59
4995	281.57001
4996	281.53
4997	281.60999
4998	281.63
4999	281.67001
5000	281.53
5001	281.39999
5002	281.39999
5003	281.23001
5004	281.26999
5005	281.23001
5006	281.23001
5007	281.20999
5008	281.23001
5009	281.29999
5010	281
5011	280.73001
5012	280.51999
5013	280.51999
5014	280.45999
5015	280.44
5016	280.48001
5017	280.48001
5018	280.60999
5019	280.60999
5020	280.60999
5021	280.42001
5022	279.81
5023	279.32999
5024	277.98999
5025	276.42001
5026	275
5027	275
5028	271.85999
5029	269.79001
5030	268.82999
5031	267.04999
5032	265.78
5033	265.34
5034	264.89999
5035	264.29001
5036	264.13
5037	264.23001
5038	264.5
5039	264.70999
5040	265.20999
5041	265.51001
5042	266.32001
5043	266.89001
5044	267.47
5045	267.87
5046	268.16
5047	268.69
5048	268.89001
5049	269.32999
5050	269.79001
5051	270.13
5052	270.13
5053	270.82001
5054	271.38
5055	271.57001
5056	271.70001
5057	272.01001
5058	272.28
5059	272.28
5060	272.87
5061	272.97
5062	273.17999
5063	273.31
5064	273.37
5065	273.47
5066	273.57999
5067	273.91
5068	273.92999
5069	274.04001
5070	274.01999
5071	274.06
5072	274.14001
5073	274.04001
5074	274.20999
5075	274.26999
5076	274.42001
5077	274.64999
5078	274.73001
5079	274.98001
5080	274.98001
5081	275.10999
5082	275.07999
5083	275.17001
5084	275.17001
5085	275.45999
5086	275.5
5087	275.44
5088	275.39999
5089	275.45999
5090	275.64999
5091	275.64999
5092	275.64999
5093	275.60999
5094	275.69
5095	275.73001
5096	275.69
5097	275.60999
5098	275.60999
5099	275.76999
5100	275.84
5101	275.75
5102	275.70999
5103	275.64999
5104	275.64999
5105	275.67001
5106	275.69
5107	275.75
5108	275.75
5109	275.67001
5110	275.60999
5111	275.63
5112	275.60999
5113	275.5
5114	275.45999
5115	275.45999
5116	275.54001
5117	275.54001
5118	275.60999
5119	275.60999
5120	275.75
5121	275.89999
5122	275.89999
5123	275.89999
5124	276
5125	275.98001
5126	275.89999
5127	275.94
5128	275.88
5129	275.95999
5130	275.95999
5131	275.98001
5132	275.95999
5133	276.14999
5134	276.17001
5135	276.17001
5136	276.13
5137	276.09
5138	276.20999
5139	276.20999
5140	276.14999
5141	276.03
5142	275.98001
5143	276.03
5144	276
5145	275.79999
5146	275.85999
5147	275.84
5148	275.73001
5149	275.69
5150	275.79999
5151	275.76999
5152	275.94
5153	276.13
5154	276.04999
5155	276.04999
5156	275.88
5157	276.03
5158	275.98001
5159	276
5160	276.03
5161	276.09
5162	276.09
5163	275.85999
5164	275.85999
5165	275.88
5166	275.92001
5167	275.84
5168	275.73001
5169	275.73001
5170	275.85999
5171	276.04999
5172	276.03
5173	275.92001
5174	275.82001
5175	275.79999
5176	275.70999
5177	275.75
5178	275.85999
5179	275.67001
5180	275.51999
5181	275.44
5182	275.51999
5183	275.60999
5184	275.69
5185	275.64999
5186	275.59
5187	275.60999
5188	275.57001
5189	275.70999
5190	275.60999
5191	275.67001
5192	275.75
5193	275.76999
5194	275.76999
5195	275.79999
5196	275.85999
5197	275.85999
5198	275.98001
5199	275.95999
5200	275.94
5201	275.94
5202	275.89999
5203	275.89999
5204	275.88
5205	275.85999
5206	275.94
5207	275.88
5208	275.94
5209	276.04999
5210	275.98001
5211	276
5212	275.79999
5213	275.73001
5214	275.73001
5215	275.67001
5216	275.63
5217	275.59
5218	275.64999
5219	275.76999
5220	275.94
5221	275.94
5222	275.98001
5223	276.13
5224	276.09
5225	276.03
5226	276.09
5227	276.10999
5228	276.13
5229	276.10999
5230	276.20999
5231	276.20999
5232	276.19
5233	276.19
5234	276
5235	276.03
5236	276
5237	276.04999
5238	275.92001
5239	275.94
5240	275.94
5241	275.94
5242	275.92001
5243	275.94
5244	275.92001
5245	275.92001
5246	275.88
5247	275.82001
5248	275.85999
5249	275.73001
5250	275.67001
5251	275.64999
5252	275.69
5253	275.64999
5254	275.67001
5255	275.70999
5256	275.63
5257	275.59
5258	275.69
5259	275.69
5260	275.67001
5261	275.64999
5262	275.73001
5263	275.69
5264	275.64999
5265	275.64999
5266	275.5
5267	275.63
5268	275.60999
5269	275.57001
5270	275.73001
5271	275.95999
5272	275.95999
5273	275.89999
5274	275.85999
5275	275.94
5276	275.94
5277	275.88
5278	275.79999
5279	275.79999
5280	275.69
5281	275.73001
5282	275.69
5283	275.57001
5284	275.67001
5285	275.63
5286	275.64999
5287	275.57001
5288	275.54001
5289	275.63
5290	275.76999
5291	275.85999
5292	275.95999
5293	276.09
5294	276
5295	275.94
5296	275.95999
5297	276.04999
5298	276.07001
5299	276.13
5300	276.04999
5301	275.84
5302	275.73001
5303	275.67001
5304	275.67001
5305	276.39999
5306	276.78
5307	276.89999
5308	277.04999
5309	277.13
5310	277.13
5311	277.13
5312	276.98999
5313	277.14999
5314	277.14999
5315	277.39001
5316	277.73999
5317	277.89001
5318	278.03
5319	278.64001
5320	278.85001
5321	279.12
5322	279.60001
5323	279.94
5324	280.06
5325	280.19
5326	280.29001
5327	280.25
5328	280.12
5329	279.95999
5330	279.85001
5331	279.89001
5332	279.98001
5333	280.12
5334	280.42001
5335	280.44
5336	280.44
5337	280.45999
5338	280.44
5339	280.48001
5340	280.45999
5341	280.32999
5342	280.29001
5343	280.29001
5344	280.73001
5345	280.92001
5346	280.98001
5347	281.09
5348	281.10999
5349	281.29999
5350	281.29999
5351	281.14999
5352	281.04001
5353	281.01999
5354	281.13
5355	281.34
5356	281.32001
5357	281.5
5358	281.70999
5359	281.60999
5360	281.5
5361	281.54999
5362	281.44
5363	281.32001
5364	281.44
5365	281.54999
5366	281.64999
5367	281.69
5368	281.67001
5369	281.54999
5370	281.44
5371	281.42001
5372	281.32001
5373	281.39999
5374	281.32001
5375	281.32001
5376	281
5377	280.94
5378	281.04001
5379	281.39999
5380	281.60999
5381	281.82001
5382	281.82001
5383	281.79999
5384	281.70999
5385	281.76001
5386	281.84
5387	281.67001
5388	281.53
5389	281.39999
5390	281.82001
5391	281.92001
5392	281.79999
5393	281.45999
5394	281.39999
5395	281.39999
5396	281.35999
5397	281.44
5398	281.35999
5399	281.17001
5400	281.09
5401	281.04001
5402	280.94
5403	280.94
5404	281.13
5405	281.32001
5406	281.34
5407	281.34
5408	281.25
5409	281.20999
5410	281.10999
5411	281.09
5412	281.25
5413	281.29999
5414	281.29999
5415	281.13
5416	280.89999
5417	280.81
5418	280.64999
5419	280.76999
5420	280.95999
5421	280.95999
5422	281.13
5423	281.17001
5424	281.13
5425	281.35999
5426	281.53
5427	281.53
5428	281.53
5429	281.5
5430	281.48001
5431	281.5
5432	281.29999
5433	281.17001
5434	280.92001
5435	280.85999
5436	280.89999
5437	280.98001
5438	280.94
5439	281.17001
5440	281.25
5441	281.17001
5442	281.04001
5443	280.95999
5444	280.94
5445	280.81
5446	280.81
5447	280.95999
5448	281.07001
5449	281.19
5450	281.39999
5451	281.42001
5452	281.45999
5453	281.45999
5454	280.98001
5455	280.75
5456	280.67001
5457	280.57999
5458	280.63
5459	280.67001
5460	280.85999
5461	281
5462	281
5463	281.07001
5464	281.13
5465	281.25
5466	281.35999
5467	281.42001
5468	281.44
5469	281.44
5470	281.45999
5471	281.34
5472	281.34
5473	281.44
5474	281.53
5475	281.53
5476	281.39999
5477	281.19
5478	280.95999
5479	280.81
5480	280.76999
5481	280.85999
5482	280.76999
5483	280.67001
5484	280.67001
5485	280.67001
5486	280.45999
5487	280.42001
5488	280.38
5489	280.31
5490	280.32999
5491	280.10001
5492	280.10001
5493	280.14999
5494	279.98001
5495	279.82999
5496	279.20001
5497	278.12
5498	277.42999
5499	276.60999
5500	273.29001
5501	272.22
5502	270.23001
5503	268.07999
5504	267.04999
5505	265.34
5506	264.60999
5507	263.10001
5508	262.91
5509	262.56
5510	262.29001
5511	262.35001
5512	262.60001
5513	262.95999
5514	263.76999
5515	264.60999
5516	265.26001
5517	265.26001
5518	266.38
5519	266.92999
5520	267.20001
5521	267.76999
5522	268.23001
5523	268.73001
5524	268.73001
5525	269.44
5526	270.04001
5527	270.26999
5528	270.59
5529	270.82001
5530	271.01001
5531	271.22
5532	271.45001
5533	271.76001
5534	271.88
5535	272.16
5536	272.26001
5537	272.32001
5538	272.45001
5539	272.81
5540	272.91
5541	272.98999
5542	273.17999
5543	273.26999
5544	273.35001
5545	273.35001
5546	273.54001
5547	273.91
5548	274.06
5549	274.16
5550	274.20999
5551	274.29001
5552	274.19
5553	275.01999
5554	275.20999
5555	275.73001
5556	275.73001
5557	274.98001
5558	274.67001
5559	274.62
5560	274.69
5561	274.75
5562	274.64999
5563	274.64999
5564	274.62
5565	274.62
5566	274.62
5567	274.62
5568	274.57999
5569	274.54001
5570	274.51999
5571	274.64999
5572	274.57999
5573	274.67001
5574	274.85001
5575	275.01999
5576	275.10999
5577	275.10999
5578	275.06
5579	275.10999
5580	275.04001
5581	274.82999
5582	274.75
5583	274.81
5584	274.81
5585	274.88
5586	274.98001
5587	274.82999
5588	274.82999
5589	274.81
5590	274.75
5591	274.79001
5592	275
5593	274.95999
5594	274.95999
5595	274.95999
5596	275.01999
5597	275.07999
5598	275.25
5599	275.34
5600	275.23001
5601	275.17001
5602	275.17001
5603	274.98001
5604	274.95999
5605	275.04001
5606	275.04001
5607	275.20999
5608	275.23001
5609	275.23001
5610	275.14999
5611	275.14999
5612	275.10999
5613	275.10999
5614	275.04001
5615	275
5616	274.95999
5617	275.04001
5618	275.04001
5619	275.13
5620	275.04001
5621	275.04001
5622	274.89999
5623	274.88
5624	274.81
5625	274.95999
5626	274.92001
5627	274.92001
5628	275.06
5629	275.23001