1	292.0700073
2	292
3	292
4	292
5	292.0899963
6	292.0899963
7	292.0899963
8	292.1300049
9	292.0700073
10	292
11	291.9200134
12	291.8800049
13	291.8999939
14	291.8399963
15	291.75
16	291.7900085
17	291.730011
18	291.8399963
19	291.8800049
20	291.8999939
21	292.1300049
22	292.1700134
23	292.1700134
24	292.1499939
25	292.0700073
26	292.0499878
27	292.1499939
28	292.2099915
29	292.1700134
30	292.0700073
31	291.9599915
32	291.980011
33	292.0700073
34	291.9599915
35	292.019989
36	292.019989
37	292.0499878
38	292.0499878
39	292.0499878
40	292.0700073
41	292.0700073
42	292.1099854
43	292.1099854
44	292.1499939
45	292.1499939
46	292.1700134
47	292.1099854
48	292.1300049
49	292.0700073
50	292.0700073
51	292
52	292.0700073
53	292.0499878
54	291.980011
55	291.9200134
56	291.9200134
57	291.8999939
58	291.9200134
59	291.8399963
60	291.980011
61	292.019989
62	292.1300049
63	292.2999878
64	292.3200073
65	292.3800049
66	292.3399963
67	292.4200134
68	292.480011
69	292.4200134
70	292.4200134
71	292.3999939
72	292.2999878
73	292.1700134
74	292.0899963
75	292.1300049
76	292.1900024
77	292.1900024
78	292.1099854
79	292.1099854
80	292.0700073
81	292.0899963
82	292.0700073
83	291.980011
84	291.980011
85	291.9400024
86	291.8399963
87	291.8599854
88	291.9400024
89	291.9200134
90	291.9200134
91	291.9200134
92	291.8800049
93	291.8999939
94	291.9200134
95	291.9200134
96	291.980011
97	292.0499878
98	292.1099854
99	292.1900024
100	292.1300049
101	292.0899963
102	292.1099854
103	292.1700134
104	292.2799988
105	292.3399963
106	292.4599915
107	292.5700073
108	292.6700134
109	292.6700134
110	292.7999878
111	292.8999939
112	292.9899902
113	293.0899963
114	293.1700134
115	293.2600098
116	293.2600098
117	293.4700012
118	293.5299988
119	293.5100098
120	293.4899902
121	293.6099854
122	293.6799927
123	293.7000122
124	293.8599854
125	293.9100037
126	293.9500122
127	293.9899902
128	294.0299988
129	294.0100098
130	294.0299988
131	294.1799927
132	294.2799988
133	294.2999878
134	294.2399902
135	294.2600098
136	294.3200073
137	294.3900146
138	294.4100037
139	294.2999878
140	294.2399902
141	294.2399902
142	294.2200012
143	294.3699951
144	294.3699951
145	294.3500061
146	294.3900146
147	294.3699951
148	294.3699951
149	294.3200073
150	294.3699951
151	294.2799988
152	294.3500061
153	294.4100037
154	294.4299927
155	294.4299927
156	294.3900146
157	294.3699951
158	294.4500122
159	294.4299927
160	294.4299927
161	294.4100037
162	294.3200073
163	294.3500061
164	294.4700012
165	294.5799866
166	294.6000061
167	294.6799927
168	294.6799927
169	294.7200012
170	294.6199951
171	294.6199951
172	294.5799866
173	294.4899902
174	294.5499878
175	294.5799866
176	294.5299988
177	294.6199951
178	294.5499878
179	294.4899902
180	294.4899902
181	294.4299927
182	294.5299988
183	294.5799866
184	294.5299988
185	294.5100098
186	294.5499878
187	294.5499878
188	294.6600037
189	294.7000122
190	294.7200012
191	294.6799927
192	294.6199951
193	294.6400146
194	294.6199951
195	294.6199951
196	294.6600037
197	294.7000122
198	294.6600037
199	294.6199951
200	294.6000061
201	294.6000061
202	294.5799866
203	294.5499878
204	294.5100098
205	294.5100098
206	294.5299988
207	294.5499878
208	294.6199951
209	294.6199951
210	294.6000061
211	294.5299988
212	294.5799866
213	294.4899902
214	294.3900146
215	294.4299927
216	294.4899902
217	294.5100098
218	294.5799866
219	294.5799866
220	294.5499878
221	294.6199951
222	294.6199951
223	294.6400146
224	294.6199951
225	294.6400146
226	294.6400146
227	294.5299988
228	294.5799866
229	294.5299988
230	294.5100098
231	294.4700012
232	294.4500122
233	294.4899902
234	294.4700012
235	294.5100098
236	294.4500122
237	294.5100098
238	294.5100098
239	294.4899902
240	294.5299988
241	294.6600037
242	294.7000122
243	294.7200012
244	294.7399902
245	294.7799988
246	294.7000122
247	294.7399902
248	294.7399902
249	294.6799927
250	294.7200012
251	294.7200012
252	294.6799927
253	294.8299866
254	294.8099976
255	294.8299866
256	294.8299866
257	294.8900146
258	294.8900146
259	294.8900146
260	294.9100037
261	294.9700012
262	294.9500122
263	294.9500122
264	294.9299927
265	294.9500122
266	294.9500122
267	295.0400085
268	294.9700012
269	294.9299927
270	294.9100037
271	294.9700012
272	294.9899902
273	294.8900146
274	294.8299866
275	294.7799988
276	294.7399902
277	294.8099976
278	294.8299866
279	294.8099976
280	294.7399902
281	294.7600098
282	294.6600037
283	294.4899902
284	294.4100037
285	294.1600037
286	294.0499878
287	293.6099854
288	293.0499878
289	292.4599915
290	292.4599915
291	290.8699951
292	289.7399902
293	289.2600098
294	288.3599854
295	287.8200073
296	287.2099915
297	287.2099915
298	286.6099854
299	286.230011
300	286.2099915
301	286.0799866
302	286.0599976
303	286.019989
304	286.0599976
305	286.2099915
306	286.25
307	286.3399963
308	286.4599915
309	286.5899963
310	286.6099854
311	286.7099915
312	287.3800049
313	287.5299988
314	287.7799988
315	287.9500122
316	288.0700073
317	288.4899902
318	288.5899963
319	288.7000122
320	288.7799988
321	288.8699951
322	288.8699951
323	288.8699951
324	288.9299927
325	289.0100098
326	289.1000061
327	289.1799927
328	289.2399902
329	289.2399902
330	289.4100037
331	289.6199951
332	289.6199951
333	289.8099976
334	290.1199951
335	290.3099976
336	290.3099976
337	290.3099976
338	290.3299866
339	290.3099976
340	290.5
341	290.6199951
342	290.6199951
343	290.6600037
344	290.75
345	290.769989
346	290.8299866
347	290.8299866
348	290.7900085
349	290.8299866
350	290.8099976
351	290.8900146
352	290.8900146
353	290.8299866
354	290.9599915
355	291.019989
356	291.0400085
357	291.0400085
358	291.0799866
359	291.1900024
360	291.1700134
361	291.1700134
362	291.3099976
363	291.3299866
364	291.3500061
365	291.3500061
366	291.3999939
367	291.5
368	291.5
369	291.5
370	291.4400024
371	291.4200134
372	291.3500061
373	291.3999939
374	291.4200134
375	291.5400085
376	291.5799866
377	291.5599976
378	291.5400085
379	291.5
380	291.480011
381	291.480011
382	291.519989
383	291.5400085
384	291.519989
385	291.5400085
386	291.5400085
387	291.4599915
388	291.519989
389	291.480011
390	291.4599915
391	291.5599976
392	291.519989
393	291.519989
394	291.480011
395	291.5599976
396	291.4400024
397	291.3999939
398	291.3500061
399	291.3299866
400	291.3299866
401	291.2900085
402	291.25
403	291.2900085
404	291.2900085
405	291.3299866
406	291.3800049
407	291.3800049
408	291.5799866
409	291.6099854
410	291.5400085
411	291.5
412	291.5
413	291.4400024
414	291.4400024
415	291.4200134
416	291.4200134
417	291.3800049
418	291.4200134
419	291.480011
420	291.4200134
421	291.4200134
422	291.6099854
423	291.7099915
424	291.5599976
425	291.5
426	291.4599915
427	291.4599915
428	291.4400024
429	291.480011
430	291.519989
431	291.4599915
432	291.4599915
433	291.4200134
434	291.519989
435	291.4400024
436	291.519989
437	291.6300049
438	291.7900085
439	291.7900085
440	291.8200073
441	291.8200073
442	291.8200073
443	291.6700134
444	291.6499939
445	291.730011
446	291.75
447	291.769989
448	291.7900085
449	291.8200073
450	291.769989
451	291.75
452	291.730011
453	291.730011
454	291.730011
455	291.6900024
456	291.6900024
457	291.7099915
458	291.7099915
459	291.75
460	291.8200073
461	291.8399963
462	291.9599915
463	292.0899963
464	292.0899963
465	291.9599915
466	291.769989
467	291.769989
468	291.8599854
469	291.769989
470	291.8999939
471	291.8999939
472	291.8800049
473	291.8999939
474	292.0499878
475	292.1499939
476	292.2799988
477	292.1099854
478	292.1099854
479	291.8999939
480	291.8399963
481	291.8200073
482	291.7099915
483	291.7099915
484	291.730011
485	291.6499939
486	291.7099915
487	291.769989
488	291.8399963
489	291.8599854
490	291.8599854
491	291.8599854
492	291.8999939
493	292.0700073
494	292.1499939
495	292.2999878
496	292.3399963
497	292.2799988
498	292.1499939
499	292.1099854
500	292.1099854
501	292.1900024
502	292.1700134
503	292.1700134
504	292.2999878
505	292.480011
506	292.6099854
507	292.6700134
508	292.6300049
509	292.6300049
510	292.6300049
511	292.7099915
512	292.6900024
513	292.6900024
514	292.5299988
515	292.4599915
516	292.3399963
517	292.3200073
518	292.3399963
519	292.3599854
520	292.3800049
521	292.3200073
522	292.3800049
523	292.3399963
524	292.3399963
525	292.5100098
526	292.5700073
527	292.6499939
528	292.6900024
529	292.7099915
530	292.6300049
531	292.5700073
532	292.4599915
533	292.4400024
534	292.3999939
535	292.5100098
536	292.5499878
537	292.5100098
538	292.4599915
539	292.4400024
540	292.3800049
541	292.3200073
542	292.3200073
543	292.2999878
544	292.230011
545	292.2999878
546	292.3399963
547	292.4200134
548	292.3599854
549	292.3599854
550	292.4200134
551	292.4400024
552	292.5299988
553	292.4200134
554	292.3399963
555	292.3599854
556	292.2799988
557	292.3200073
558	292.3200073
559	292.3999939
560	292.3399963
561	292.2999878
562	292.25
563	292.25
564	292.3200073
565	292.2799988
566	292.3800049
567	292.4599915
568	292.4200134
569	292.3599854
570	292.3399963
571	292.2999878
572	292.2799988
573	292.2799988
574	292.2799988
575	292.3200073
576	292.25
577	292.3399963
578	292.4200134
579	292.4599915
580	292.6099854
581	292.6099854
582	292.8800049
583	293.1300049
584	293.2000122
585	293.3200073
586	293.4899902
587	293.4500122
588	293.5299988
589	293.6799927
590	293.7600098
591	293.7799988
592	293.9100037
593	293.9500122
594	293.9500122
595	294.0299988
596	294.1400146
597	294.1400146
598	294.1799927
599	294.1799927
600	294.2200012
601	294.2600098
602	294.2399902
603	294.2799988
604	294.2999878
605	294.2000122
606	294.3500061
607	294.3900146
608	294.3900146
609	294.3900146
610	294.4299927
611	294.4299927
612	294.4700012
613	294.4700012
614	294.5499878
615	294.5499878
616	294.5499878
617	294.5499878
618	294.5299988
619	294.5299988
620	294.5299988
621	294.5299988
622	294.4899902
623	294.5499878
624	294.5499878
625	294.6199951
626	294.6199951
627	294.5299988
628	294.5299988
629	294.5499878
630	294.5299988
631	294.6199951
632	294.5499878
633	294.5499878
634	294.5499878
635	294.4899902
636	294.5299988
637	294.5799866
638	294.5799866
639	294.5499878
640	294.5499878
641	294.5799866
642	294.5499878
643	294.6400146
644	294.6400146
645	294.6400146
646	294.7600098
647	294.7799988
648	294.7799988
649	294.6199951
650	294.6799927
651	294.7000122
652	294.7000122
653	294.7000122
654	294.6400146
655	294.6400146
656	294.5499878
657	294.5299988
658	294.6000061
659	294.6000061
660	294.5499878
661	294.6199951
662	294.6000061
663	294.6000061
664	294.6199951
665	294.6000061
666	294.6199951
667	294.7200012
668	294.7399902
669	294.6600037
670	294.6600037
671	294.6600037
672	294.6199951
673	294.6600037
674	294.5100098
675	294.5299988
676	294.4500122
677	294.4100037
678	294.3699951
679	294.4899902
680	294.5100098
681	294.5100098
682	294.5299988
683	294.5299988
684	294.5299988
685	294.4299927
686	294.4700012
687	294.4100037
688	294.4299927
689	294.5299988
690	294.6600037
691	294.6600037
692	294.6600037
693	294.7000122
694	294.6000061
695	294.6799927
696	294.6799927
697	294.6799927
698	294.6400146
699	294.6400146
700	294.6400146
701	294.6199951
702	294.6000061
703	294.5799866
704	294.6000061
705	294.5499878
706	294.6199951
707	294.5499878
708	294.6000061
709	294.5499878
710	294.6000061
711	294.6199951
712	294.6600037
713	294.6199951
714	294.6000061
715	294.5299988
716	294.5299988
717	294.4700012
718	294.3900146
719	294.4299927
720	294.4100037
721	294.4299927
722	294.4700012
723	294.4700012
724	294.4500122
725	294.4700012
726	294.4500122
727	294.6000061
728	294.6000061
729	294.6000061
730	294.6000061
731	294.5799866
732	294.4500122
733	294.5499878
734	294.5499878
735	294.5100098
736	294.5499878
737	294.5100098
738	294.3900146
739	294.4100037
740	294.3900146
741	294.3699951
742	294.3699951
743	294.3500061
744	294.2799988
745	294.3900146
746	294.3900146
747	294.5100098
748	294.5499878
749	294.5299988
750	294.5499878
751	294.5299988
752	294.6400146
753	294.7000122
754	294.8500061
755	294.8500061
756	294.6600037
757	294.4899902
758	294.3699951
759	294.0299988
760	293.5700073
761	292.7799988
762	292.7799988
763	291.2099915
764	290.0599976
765	289.5100098
766	288.4500122
767	287.7200012
768	287.3399963
769	287.0899963
770	286.5
771	286.2900085
772	286.25
773	286.2900085
774	286.3599854
775	286.2900085
776	286.480011
777	286.75
778	286.8399963
779	286.9599915
780	287.1499939
781	287.1499939
782	287.3399963
783	287.4400024
784	287.5899963
785	287.7200012
786	287.8599854
787	288.0499878
788	288.1099854
789	288.3399963
790	288.3399963
791	288.5700073
792	288.6799927
793	288.8200073
794	288.8200073
795	289.0499878
796	289.2600098
797	289.3500061
798	289.5599976
799	289.5799866
800	289.6600037
801	289.6600037
802	289.7000122
803	289.7399902
804	289.7200012
805	289.9100037
806	289.9500122
807	289.9700012
808	289.9500122
809	290.1199951
810	290.2000122
811	290.3299866
812	290.5400085
813	290.4100037
814	290.4299927
815	290.4100037
816	290.3900146
817	290.480011
818	290.4599915
819	290.5
820	290.519989
821	290.5599976
822	290.5599976
823	290.6400146
824	290.6199951
825	290.6000061
826	290.6000061
827	290.6000061
828	290.6000061
829	290.6000061
830	290.6000061
831	290.75
832	290.8900146
833	290.8900146
834	291.1900024
835	291.2099915
836	291.230011
837	291.3099976
838	291.3500061
839	291.269989
840	291.269989
841	291.0799866
842	291.0599976
843	291.0799866
844	290.9400024
845	290.9200134
846	290.9200134
847	290.8699951
848	290.8900146
849	290.8699951
850	290.8500061
851	290.8500061
852	290.9400024
853	290.9400024
854	290.9599915
855	290.9400024
856	291
857	291.1000061
858	291.1900024
859	291.2099915
860	291.1700134
861	291.1900024
862	291.2099915
863	291.3999939
864	291.3999939
865	291.3999939
866	291.3800049
867	291.3800049
868	291.4599915
869	291.519989
870	291.4200134
871	291.3500061
872	291.3500061
873	291.3500061
874	291.3099976
875	291.3299866
876	291.269989
877	291.3099976
878	291.269989
879	291.269989
880	291.269989
881	291.269989
882	291.3099976
883	291.3800049
884	291.3800049
885	291.3800049
886	291.3800049
887	291.3999939
888	291.2900085
889	291.3999939
890	291.3800049
891	291.3999939
892	291.4400024
893	291.3999939
894	291.4200134
895	291.269989
896	291.2099915
897	291.2099915
898	291.3299866
899	291.480011
900	291.5
901	291.6099854
902	291.4599915
903	291.3999939
904	291.3999939
905	291.3500061
906	291.3500061
907	291.2900085
908	291.269989
909	291.2099915
910	291.1700134
911	291.1700134
912	291.3500061
913	291.3500061
914	291.3299866
915	291.3999939
916	291.480011
917	291.5400085
918	291.5799866
919	291.6300049
920	291.6300049
921	291.6700134
922	291.8399963
923	291.8399963
924	291.7900085
925	291.730011
926	291.519989
927	291.519989
928	291.5
929	291.3800049
930	291.3999939
931	291.3500061
932	291.3500061
933	291.3299866
934	291.3299866
935	291.3999939
936	291.3999939
937	291.4400024
938	291.5
939	291.5
940	291.5400085
941	290.0400085
942	289.9700012
943	289.9500122
944	289.9700012
945	290.019989
946	289.9500122
947	290.0400085
948	290
949	289.9700012
950	290
951	290
952	290.1000061
953	290.0799866
954	290.0799866
955	290.1199951
956	290.1199951
957	290.0599976
958	290.0599976
959	290.0400085
960	290.019989
961	289.9299927
962	289.9299927
963	289.9500122
964	289.9100037
965	289.8699951
966	289.9299927
967	289.8699951
968	289.9100037
969	289.9100037
970	289.9700012
971	290
972	289.9299927
973	289.8900146
974	289.9299927
975	289.9100037
976	289.9100037
977	289.9700012
978	289.9700012
979	289.9299927
980	289.9299927
981	289.9500122
982	289.9500122
983	289.9500122
984	289.9100037
985	289.9299927
986	289.9100037
987	289.9700012
988	289.9299927
989	290.019989
990	290.0400085
991	289.9700012
992	289.9700012
993	289.9700012
994	289.9700012
995	290
996	290.019989
997	290.0400085
998	290.1199951
999	290.1400146
1000	290.1000061
1001	290.1000061
1002	290.0799866
1003	290.1799927
1004	290.2000122
1005	290.3699951
1006	290.519989
1007	290.5400085
1008	290.5400085
1009	290.480011
1010	290.3900146
1011	290.3299866
1012	290.2000122
1013	290.1799927
1014	290.1400146
1015	290.1199951
1016	290.1799927
1017	290.0599976
1018	290.0799866
1019	290.0599976
1020	290.1400146
1021	290.1199951
1022	290.1199951
1023	290.1799927
1024	290.1199951
1025	290.1400146
1026	290.230011
1027	290.25
1028	290.230011
1029	290.2000122
1030	290.0799866
1031	290.1000061
1032	290.0799866
1033	290.0799866
1034	289.9700012
1035	290.0799866
1036	290.1199951
1037	290.1000061
1038	290.230011
1039	290.25
1040	290.25
1041	290.3099976
1042	290.4299927
1043	290.480011
1044	290.5
1045	290.5599976
1046	290.5400085
1047	290.6199951
1048	290.75
1049	290.9400024
1050	290.9599915
1051	291.1700134
1052	291.3099976
1053	291.4400024
1054	291.5400085
1055	291.6900024
1056	291.7099915
1057	291.9400024
1058	292.0499878
1059	292.1300049
1060	292.230011
1061	292.2799988
1062	292.3999939
1063	292.480011
1064	292.3999939
1065	292.5299988
1066	292.3800049
1067	292.5100098
1068	292.5100098
1069	292.5899963
1070	292.6900024
1071	292.7399902
1072	292.7399902
1073	292.8200073
1074	292.9899902
1075	293.0899963
1076	293.0499878
1077	293.1300049
1078	293.0499878
1079	293.0499878
1080	293.0700073
1081	293.0499878
1082	293.0499878
1083	293.0899963
1084	293.1300049
1085	293.1499939
1086	293.2000122
1087	293.1499939
1088	293.1499939
1089	293.2200012
1090	293.2399902
1091	293.2200012
1092	293.3200073
1093	293.2799988
1094	293.1700134
1095	293.1300049
1096	293.0100098
1097	293.0299988
1098	292.9899902
1099	292.9700012
1100	293.0700073
1101	293.0700073
1102	292.9899902
1103	293.0100098
1104	293.0100098
1105	293.0899963
1106	293.1700134
1107	293.1499939
1108	293.1700134
1109	293.1300049
1110	293.1300049
1111	293.1300049
1112	293.1099854
1113	293.1700134
1114	293.2000122
1115	293.1099854
1116	293.1300049
1117	293.2200012
1118	293.2200012
1119	293.2200012
1120	293.2799988
1121	293.1700134
1122	293.2600098
1123	293.2600098
1124	293.2600098
1125	293.2799988
1126	293.1700134
1127	293.1099854
1128	293.1499939
1129	293.0899963
1130	293.1300049
1131	293.1499939
1132	293.2200012
1133	293.2200012
1134	293.1499939
1135	293.1300049
1136	293.1700134
1137	293.1700134
1138	293.1700134
1139	293.2000122
1140	293.2000122
1141	293.2600098
1142	293.2200012
1143	293.2200012
1144	293.0899963
1145	293.1300049
1146	293.1300049
1147	293.1499939
1148	293.2200012
1149	293.2200012
1150	293.2200012
1151	293.2200012
1152	293.1700134
1153	293.1499939
1154	293.1300049
1155	293.0700073
1156	293.0700073
1157	293.0899963
1158	293.0899963
1159	293.0700073
1160	293.1499939
1161	293.1300049
1162	293.1099854
1163	293.1499939
1164	293.1300049
1165	293.2600098
1166	293.2600098
1167	293.3200073
1168	293.2799988
1169	293.3399963
1170	293.2399902
1171	293.2399902
1172	293.2200012
1173	293.1700134
1174	293.0899963
1175	293.0899963
1176	293.1099854
1177	293.0899963
1178	293.0499878
1179	293.0899963
1180	293.1700134
1181	293.1700134
1182	293.1700134
1183	293.2799988
1184	293.2999878
1185	293.3399963
1186	293.2999878
1187	293.2999878
1188	293.2999878
1189	293.2999878
1190	293.3999939
1191	293.3200073
1192	293.3800049
1193	293.3999939
1194	293.3599854
1195	293.3599854
1196	293.4500122
1197	293.3599854
1198	293.3599854
1199	293.2000122
1200	293.2200012
1201	293.1700134
1202	293.2200012
1203	293.2600098
1204	293.2999878
1205	293.2399902
1206	293.2399902
1207	293.0899963
1208	293.0700073
1209	293.1300049
1210	293.2000122
1211	293.1300049
1212	293.0499878
1213	293.1300049
1214	293.1300049
1215	293.2200012
1216	293.2600098
1217	293.2200012
1218	293.1300049
1219	293.0100098
1220	292.9200134
1221	292.9200134
1222	292.8599854
1223	292.7600098
1224	292.7399902
1225	292.6300049
1226	292.6099854
1227	292.5899963
1228	292.5700073
1229	292.3399963
1230	292.1499939
1231	291.7900085
1232	291.25
1233	290.6900024
1234	290.3299866
1235	289.9299927
1236	288.5499878
1237	288.0299988
1238	287.1099854
1239	286.3399963
1240	286
1241	285.480011
1242	285.269989
1243	285.1400146
1244	285.0400085
1245	285.019989
1246	285.019989
1247	284.75
1248	284.6799927
1249	284.6600037
1250	284.730011
1251	284.8099976
1252	285.0400085
1253	285.0400085
1254	285.3500061
1255	285.519989
1256	285.6700134
1257	285.75
1258	285.8299866
1259	286.0400085
1260	286.0400085
1261	286.3099976
1262	286.5
1263	286.5
1264	286.7099915
1265	286.7999878
1266	286.8200073
1267	286.8800049
1268	287.1900024
1269	287.2399902
1270	287.3999939
1271	287.4899902
1272	287.6099854
1273	287.7200012
1274	287.7399902
1275	287.9899902
1276	287.8999939
1277	288.0100098
1278	288.0299988
1279	288.0100098
1280	288.0100098
1281	288.0899963
1282	288.1799927
1283	288.2600098
1284	288.3599854
1285	288.3599854
1286	288.4700012
1287	288.4500122
1288	288.4500122
1289	288.4899902
1290	288.6400146
1291	288.6799927
1292	288.6799927
1293	288.7600098
1294	288.8900146
1295	288.8500061
1296	288.9299927
1297	288.9700012
1298	288.9500122
1299	288.9700012
1300	289.0299988
1301	289.0499878
1302	289.1000061
1303	289.0499878
1304	289.1199951
1305	289.1000061
1306	289.1199951
1307	289.1600037
1308	289.2000122
1309	289.2200012
1310	289.2600098
1311	289.2600098
1312	289.2799988
1313	289.3099976
1314	289.3299866
1315	289.3299866
1316	289.3699951
1317	289.3699951
1318	289.3500061
1319	289.3900146
1320	289.3500061
1321	289.3299866
1322	289.3900146
1323	289.4700012
1324	289.4700012
1325	289.5100098
1326	289.5400085
1327	289.5400085
1328	289.5100098
1329	289.5599976
1330	289.5799866
1331	289.5799866
1332	289.5799866
1333	289.6600037
1334	289.6799927
1335	289.6400146
1336	289.6600037
1337	289.6199951
1338	289.6400146
1339	289.6799927
1340	289.6600037
1341	289.5799866
1342	289.5599976
1343	289.5400085
1344	289.5799866
1345	289.5599976
1346	289.6000061
1347	289.5400085
1348	289.6199951
1349	289.6600037
1350	289.6799927
1351	289.6799927
1352	289.6799927
1353	289.6799927
1354	289.6799927
1355	289.6600037
1356	289.6600037
1357	289.6400146
1358	289.5799866
1359	289.6400146
1360	289.6600037
1361	289.6799927
1362	289.6600037
1363	289.6600037
1364	289.6000061
1365	289.6199951
1366	289.6000061
1367	289.6199951
1368	289.6199951
1369	289.6600037
1370	289.6799927
1371	289.7000122
1372	289.6799927
1373	289.6600037
1374	289.7200012
1375	289.7399902
1376	289.7900085
1377	289.7399902
1378	289.8099976
1379	289.769989
1380	289.7900085
1381	289.6600037
1382	289.6799927
1383	289.6799927
1384	289.6600037
1385	289.6799927
1386	289.7200012
1387	289.769989
1388	289.7900085
1389	289.7399902
1390	289.7399902
1391	289.7399902
1392	289.7000122
1393	289.7900085
1394	289.8099976
1395	289.8099976
1396	289.7399902
1397	289.8099976
1398	289.7900085
1399	289.7900085
1400	289.7900085
1401	289.7900085
1402	289.7900085
1403	289.769989
1404	289.7900085
1405	289.8099976
1406	289.7900085
1407	289.7399902
1408	289.769989
1409	289.8099976
1410	289.8500061
1411	289.9100037
1412	289.9100037
1413	289.9299927
1414	290.1000061
1415	290.1199951
1416	290.1600037
1417	290.1199951
1418	290.0599976
1419	290
1420	289.9700012
1421	289.9299927
1422	289.9100037
1423	289.9500122
1424	289.9299927
1425	289.9500122
1426	289.9100037
1427	289.9100037
1428	289.9100037
1429	289.9700012
1430	289.9500122
1431	289.9299927
1432	289.9500122
1433	289.8699951
1434	289.8699951
1435	289.8500061
1436	289.9299927
1437	289.9299927
1438	289.9500122
1439	289.9500122
1440	289.9500122
1441	289.9500122
1442	289.8699951
1443	289.8900146
1444	289.9700012
1445	289.9299927
1446	289.9299927
1447	289.9299927
1448	289.9100037
1449	289.8299866
1450	289.8699951
1451	289.8900146
1452	289.8299866
1453	289.9100037
1454	289.9100037
1455	289.8900146
1456	289.9299927
1457	289.9299927
1458	289.9700012
1459	290.0599976
1460	290.0599976
1461	290.019989
1462	289.9500122
1463	289.9500122
1464	289.9100037
1465	289.9100037
1466	289.9100037
1467	289.8500061
1468	289.9100037
1469	290
1470	289.9500122
1471	290
1472	289.9500122
1473	289.9500122
1474	290
1475	289.9299927
1476	289.9299927
1477	290
1478	289.9500122
1479	289.9700012
1480	289.9700012
1481	289.9500122
1482	290.019989
1483	290.0400085
1484	290.0599976
1485	290.0400085
1486	290.0400085
1487	290.019989
1488	289.9500122
1489	289.9299927
1490	289.9100037
1491	289.8299866
1492	289.8299866
1493	289.8500061
1494	289.8299866
1495	289.9299927
1496	290
1497	290.0799866
1498	290.0799866
1499	290.1000061
1500	290.0599976
1501	290
1502	290.019989
1503	290.0799866
1504	290.1400146
1505	290.1400146
1506	290.1199951
1507	290.0400085
1508	290.0599976
1509	290.0799866
1510	290.1600037
1511	290.1600037
1512	290.1600037
1513	290.2000122
1514	290.230011
1515	290.2900085
1516	290.3299866
1517	290.4599915
1518	290.4299927
1519	290.4599915
1520	290.5599976
1521	290.6400146
1522	290.7900085
1523	291.1000061
1524	291.2099915
1525	291.3099976
1526	291.3800049
1527	291.6499939
1528	291.769989
1529	292
1530	292.0899963
1531	292.1499939
1532	292.1499939
1533	292.1499939
1534	292.1499939
1535	292.2799988
1536	292.3399963
1537	292.3399963
1538	292.5899963
1539	292.7099915
1540	292.7399902
1541	292.7099915
1542	292.7399902
1543	292.7399902
1544	292.7399902
1545	292.7799988
1546	292.8800049
1547	292.8399963
1548	292.8999939
1549	292.8999939
1550	292.9200134
1551	292.9200134
1552	292.8800049
1553	293.0100098
1554	293.0100098
1555	293.0899963
1556	293.1700134
1557	293.1499939
1558	293.1499939
1559	293.2200012
1560	293.2200012
1561	293.2799988
1562	293.2600098
1563	293.2399902
1564	293.2799988
1565	293.2600098
1566	293.2999878
1567	293.2799988
1568	293.2000122
1569	293.2999878
1570	293.2600098
1571	293.2999878
1572	293.2799988
1573	293.3599854
1574	293.3399963
1575	293.3399963
1576	293.3399963
1577	293.3599854
1578	293.3999939
1579	293.3800049
1580	293.2999878
1581	293.2600098
1582	293.2399902
1583	293.2399902
1584	293.2799988
1585	293.3800049
1586	293.3599854
1587	293.2999878
1588	293.2399902
1589	293.1700134
1590	293.2799988
1591	293.2999878
1592	293.3200073
1593	293.3800049
1594	293.3200073
1595	293.3800049
1596	293.3599854
1597	293.3399963
1598	293.2000122
1599	293.1499939
1600	293.1099854
1601	293.1499939
1602	293.0899963
1603	293.0700073
1604	293.0499878
1605	293.1499939
1606	293.1300049
1607	293.0899963
1608	293.0899963
1609	293.0100098
1610	292.9899902
1611	292.9400024
1612	292.9400024
1613	292.9899902
1614	293.0100098
1615	293.0100098
1616	293.0499878
1617	293.0899963
1618	293.0100098
1619	293.0700073
1620	293.0899963
1621	293.1499939
1622	293.0700073
1623	293.1300049
1624	293.1099854
1625	293.0700073
1626	293.1300049
1627	293.0700073
1628	293.0499878
1629	293.0299988
1630	293.0700073
1631	293.0299988
1632	293.0100098
1633	292.9700012
1634	293.0100098
1635	293.0299988
1636	292.9700012
1637	292.9899902
1638	292.9700012
1639	293.1499939
1640	293.0899963
1641	293.1700134
1642	293.2200012
1643	293.2799988
1644	293.2399902
1645	293.1499939
1646	293.0499878
1647	293.0499878
1648	293.1300049
1649	293.1099854
1650	293.1099854
1651	293.0899963
1652	293.1700134
1653	293.2200012
1654	293.2200012
1655	293.2200012
1656	293.2000122
1657	293.1700134
1658	293.1099854
1659	293.1499939
1660	293.1499939
1661	293.1300049
1662	293.0700073
1663	293.1499939
1664	293.2000122
1665	293.2600098
1666	293.2399902
1667	293.2000122
1668	293.2200012
1669	293.2200012
1670	293.1700134
1671	293.1499939
1672	293.0299988
1673	293.0100098
1674	293.0299988
1675	293.0899963
1676	293.0899963
1677	293.1499939
1678	293.1499939
1679	293.1499939
1680	293.1300049
1681	293.1700134
1682	293.1099854
1683	293.1700134
1684	293.1099854
1685	293.0299988
1686	293.0299988
1687	293.0499878
1688	293.0899963
1689	293.1099854
1690	293.0899963
1691	293.1099854
1692	293.0299988
1693	293.0299988
1694	292.8200073
1695	292.7399902
1696	292.7099915
1697	292.6499939
1698	292.6300049
1699	292.6300049
1700	292.5899963
1701	292.2799988
1702	292.0700073
1703	291.7099915
1704	291.3800049
1705	291.0599976
1706	290.3500061
1707	290
1708	289.1400146
1709	288.3399963
1710	287.4400024
1711	286.6300049
1712	286.3599854
1713	285.7900085
1714	285.5799866
1715	285.269989
1716	285.0799866
1717	284.9299927
1718	284.9299927
1719	284.8699951
1720	284.7900085
1721	284.8500061
1722	284.9599915
1723	285.019989
1724	285.0400085
1725	285.0400085
1726	285.269989
1727	285.4599915
1728	285.480011
1729	285.6499939
1730	285.8999939
1731	286.0599976
1732	286.1499939
1733	286.6099854
1734	286.7099915
1735	286.980011
1736	287.1700134
1737	287.2399902
1738	287.2799988
1739	287.2999878
1740	287.4200134
1741	287.5299988
1742	287.6300049
1743	287.7999878
1744	287.8999939
1745	288.0499878
1746	288.0899963
1747	288.1600037
1748	288.1300049
1749	288.1600037
1750	288.1600037
1751	288.2000122
1752	288.2399902
1753	288.2600098
1754	288.3599854
1755	288.4100037
1756	288.5700073
1757	288.5700073
1758	288.7600098
1759	288.8900146
1760	288.9299927
1761	288.8699951
1762	288.9299927
1763	289.0299988
1764	289.0299988
1765	288.9700012
1766	289.0100098
1767	289.0799866
1768	289.1400146
1769	289.1799927
1770	289.2200012
1771	289.2799988
1772	289.2200012
1773	289.2200012
1774	289.2399902
1775	289.2799988
1776	289.3099976
1777	289.3500061
1778	289.3099976
1779	289.4299927
1780	289.3900146
1781	289.3900146
1782	289.3299866
1783	289.3900146
1784	289.4500122
1785	289.4700012
1786	289.5400085
1787	289.5400085
1788	289.6000061
1789	289.6000061
1790	289.5799866
1791	289.6199951
1792	289.6199951
1793	289.6400146
1794	289.6400146
1795	289.7000122
1796	289.7000122
1797	289.7200012
1798	289.7399902
1799	289.769989
1800	289.7900085
1801	289.8299866
1802	289.8299866
1803	289.7900085
1804	289.8299866
1805	289.7000122
1806	289.7200012
1807	289.8099976
1808	289.7900085
1809	289.7399902
1810	289.7399902
1811	289.7000122
1812	289.769989
1813	289.769989
1814	289.7200012
1815	289.6799927
1816	289.7000122
1817	289.7900085
1818	289.769989
1819	289.769989
1820	289.8099976
1821	289.8099976
1822	289.8299866
1823	289.8299866
1824	289.8900146
1825	289.9100037
1826	289.9500122
1827	289.9500122
1828	289.9500122
1829	289.9100037
1830	289.8699951
1831	289.9100037
1832	289.8900146
1833	289.8900146
1834	289.9100037
1835	289.9100037
1836	289.8099976
1837	289.7900085
1838	289.7399902
1839	289.7399902
1840	289.8299866
1841	289.8699951
1842	289.8299866
1843	289.8299866
1844	289.8099976
1845	289.8500061
1846	289.9100037
1847	289.9700012
1848	290.0599976
1849	290.1000061
1850	290.1000061
1851	290.0799866
1852	290.1000061
1853	290.1400146
1854	290.1400146
1855	290.2900085
1856	290.3900146
1857	290.269989
1858	290.3299866
1859	290.25
1860	290.25
1861	290.25
1862	290.269989
1863	290.269989
1864	290.269989
1865	290.3099976
1866	290.269989
1867	290.269989
1868	290.269989
1869	290.2900085
1870	290.2900085
1871	290.3500061
1872	290.3500061
1873	290.3299866
1874	290.3299866
1875	290.3500061
1876	290.3500061
1877	290.2900085
1878	290.230011
1879	290.269989
1880	290.2000122
1881	290.2900085
1882	290.3299866
1883	290.3299866
1884	290.2900085
1885	290.3099976
1886	290.4100037
1887	290.3500061
1888	290.3900146
1889	290.3500061
1890	290.3699951
1891	290.3500061
1892	290.3900146
1893	290.3500061
1894	290.3900146
1895	290.3900146
1896	290.4100037
1897	290.4299927
1898	290.4599915
1899	290.4599915
1900	290.5
1901	290.4599915
1902	290.4299927
1903	290.480011
1904	290.480011
1905	290.4599915
1906	290.4599915
1907	290.3500061
1908	290.3699951
1909	290.3900146
1910	290.4299927
1911	290.5
1912	290.5400085
1913	290.480011
1914	290.5400085
1915	290.5
1916	290.4299927
1917	290.4599915
1918	290.4100037
1919	290.4299927
1920	290.4299927
1921	290.4299927
1922	290.4599915
1923	290.4100037
1924	290.3900146
1925	290.3099976
1926	290.2900085
1927	290.3900146
1928	290.4599915
1929	290.3900146
1930	290.3900146
1931	290.3900146
1932	290.3299866
1933	290.3099976
1934	290.3099976
1935	290.1600037
1936	290.1199951
1937	290.1000061
1938	290.1000061
1939	290.019989
1940	290.0400085
1941	290.1199951
1942	290.1199951
1943	290.1400146
1944	290.230011
1945	290.230011
1946	290.2900085
1947	290.2900085
1948	290.3299866
1949	290.269989
1950	290.230011
1951	290.1400146
1952	290.1600037
1953	290.0799866
1954	290.1600037
1955	290.1000061
1956	290.1400146
1957	290.1199951
1958	290.1600037
1959	290.1799927
1960	290.2900085
1961	290.269989
1962	290.3299866
1963	290.25
1964	290.2000122
1965	290.2900085
1966	290.2900085
1967	290.3099976
1968	290.2900085
1969	290.3099976
1970	290.3099976
1971	290.230011
1972	290.25
1973	290.25
1974	290.4299927
1975	290.5599976
1976	290.5
1977	290.5
1978	290.4100037
1979	290.3500061
1980	290.3500061
1981	290.3500061
1982	290.480011
1983	290.519989
1984	290.5400085
1985	290.6400146
1986	290.6000061
1987	290.6400146
1988	290.6900024
1989	290.6900024
1990	290.6900024
1991	290.6600037
1992	290.7099915
1993	290.769989
1994	290.9400024
1995	291.0400085
1996	291.0400085
1997	291.1000061
1998	291.2099915
1999	291.3500061
2000	291.4599915
2001	291.480011
2002	291.480011
2003	291.5799866
2004	291.6300049
2005	291.6900024
2006	291.7900085
2007	291.8999939
2008	292.0700073
2009	292.0700073
2010	292.1900024
2011	292.230011
2012	292.230011
2013	292.25
2014	292.3200073
2015	292.3800049
2016	292.3800049
2017	292.3599854
2018	292.4200134
2019	292.3999939
2020	292.480011
2021	292.5499878
2022	292.5299988
2023	292.480011
2024	292.6300049
2025	292.5499878
2026	292.6900024
2027	292.7799988
2028	292.7600098
2029	292.7399902
2030	292.7799988
2031	292.6900024
2032	292.7399902
2033	292.6300049
2034	292.6099854
2035	292.7399902
2036	292.6499939
2037	292.6099854
2038	292.6499939
2039	292.6700134
2040	292.6700134
2041	292.6700134
2042	292.7999878
2043	292.7999878
2044	292.8399963
2045	292.8599854
2046	292.9200134
2047	292.8800049
2048	292.8800049
2049	293.0299988
2050	293.0299988
2051	293.0899963
2052	293.0899963
2053	293.0499878
2054	292.9899902
2055	292.9200134
2056	292.9400024
2057	292.9899902
2058	292.9899902
2059	292.9200134
2060	292.9899902
2061	292.8599854
2062	292.9700012
2063	292.9400024
2064	292.9400024
2065	292.9899902
2066	292.9400024
2067	293.0299988
2068	293.0299988
2069	293.0899963
2070	293.0499878
2071	293.2200012
2072	293.1099854
2073	293.2600098
2074	293.2399902
2075	293.1499939
2076	293.0700073
2077	293.0700073
2078	293.0700073
2079	293.0700073
2080	293.0700073
2081	293.0899963
2082	293.1499939
2083	293.1700134
2084	293.1499939
2085	293.1300049
2086	293.2200012
2087	293.2200012
2088	293.2200012
2089	293.2399902
2090	293.2600098
2091	293.2600098
2092	293.3599854
2093	293.3200073
2094	293.3800049
2095	293.4299927
2096	293.3599854
2097	293.4299927
2098	293.3999939
2099	293.3599854
2100	293.4500122
2101	293.3200073
2102	293.3200073
2103	293.2600098
2104	293.2399902
2105	293.3200073
2106	293.3399963
2107	293.2000122
2108	293.2399902
2109	293.2600098
2110	293.3599854
2111	293.3999939
2112	293.3999939
2113	293.4700012
2114	293.4700012
2115	293.4500122
2116	293.4700012
2117	293.3200073
2118	293.4299927
2119	293.4299927
2120	293.2799988
2121	293.2799988
2122	293.2600098
2123	293.3399963
2124	293.3999939
2125	293.4299927
2126	293.4700012
2127	293.4899902
2128	293.4500122
2129	293.4700012
2130	293.3999939
2131	293.3399963
2132	293.3200073
2133	293.3200073
2134	293.2200012
2135	293.2600098
2136	293.3399963
2137	293.2799988
2138	293.3200073
2139	293.4299927
2140	293.4299927
2141	293.4899902
2142	293.4299927
2143	293.3599854
2144	293.2799988
2145	293.2799988
2146	293.3800049
2147	293.3599854
2148	293.3399963
2149	293.3200073
2150	293.3999939
2151	293.3999939
2152	293.4500122
2153	293.5100098
2154	293.4899902
2155	293.4500122
2156	293.4899902
2157	293.3599854
2158	293.3599854
2159	293.1099854
2160	293.1700134
2161	293.1099854
2162	293.1300049
2163	293.1099854
2164	293.0700073
2165	293.0499878
2166	292.9700012
2167	292.9700012
2168	292.8599854
2169	292.7399902
2170	292.6700134
2171	292.5899963
2172	292.6300049
2173	292.480011
2174	292.4400024
2175	292.1900024
2176	291.75
2177	291.5
2178	290.980011
2179	290.7099915
2180	290.0400085
2181	289.5400085
2182	288.8699951
2183	288.8699951
2184	287.7000122
2185	286.8599854
2186	286.6300049
2187	285.9599915
2188	285.5599976
2189	285.1600037
2190	285.1600037
2191	284.7900085
2192	284.7900085
2193	284.8099976
2194	284.9100037
2195	285.019989
2196	285.1000061
2197	285.1000061
2198	285.3099976
2199	285.5
2200	285.6199951
2201	285.7900085
2202	285.9200134
2203	286.0400085
2204	286.1300049
2205	286.3399963
2206	286.3999939
2207	286.519989
2208	286.6900024
2209	286.75
2210	286.9200134
2211	286.980011
2212	287.1499939
2213	287.2999878
2214	287.4700012
2215	287.6099854
2216	287.7200012
2217	287.8399963
2218	287.8399963
2219	288.0299988
2220	288.0899963
2221	288.0899963
2222	288.0899963
2223	288.1099854
2224	288.0700073
2225	288.0899963
2226	288.2200012
2227	288.2999878
2228	288.2799988
2229	288.2799988
2230	288.4299927
2231	288.4500122
2232	288.4500122
2233	288.5100098
2234	288.5700073
2235	288.7000122
2236	288.6400146
2237	288.7799988
2238	288.8500061
2239	288.8900146
2240	288.9500122
2241	288.9500122
2242	288.9299927
2243	288.9700012
2244	288.8900146
2245	288.8900146
2246	288.9500122
2247	288.9700012
2248	288.9299927
2249	288.9899902
2250	288.9899902
2251	288.9700012
2252	289.0299988
2253	289.0499878
2254	289.0499878
2255	289.1000061
2256	289.1600037
2257	289.2000122
2258	289.1400146
2259	289.1400146
2260	289.2600098
2261	289.2600098
2262	289.4100037
2263	289.3099976
2264	289.3500061
2265	289.3500061
2266	289.2799988
2267	289.2600098
2268	289.2600098
2269	289.2799988
2270	289.3299866
2271	289.3299866
2272	289.3900146
2273	289.4100037
2274	289.4299927
2275	289.3900146
2276	289.4100037
2277	289.4700012
2278	289.6199951
2279	289.7900085
2280	289.9100037
2281	289.8900146
2282	289.8699951
2283	289.7200012
2284	289.6600037
2285	289.6799927
2286	289.6199951
2287	289.6799927
2288	289.6600037
2289	289.6600037
2290	289.6400146
2291	289.6000061
2292	289.6199951
2293	289.6199951
2294	289.6199951
2295	289.5799866
2296	289.6000061
2297	289.6799927
2298	289.769989
2299	289.6799927
2300	289.6799927
2301	289.6799927
2302	289.6600037
2303	289.6799927
2304	289.6400146
2305	289.6400146
2306	289.7000122
2307	289.7200012
2308	289.6400146
2309	289.6400146
2310	289.6400146
2311	289.6400146
2312	289.5799866
2313	289.5599976
2314	289.5400085
2315	289.5100098
2316	289.4899902
2317	289.5599976
2318	289.6000061
2319	289.6199951
2320	289.6199951
2321	289.5599976
2322	289.6600037
2323	289.6400146
2324	289.6199951
2325	289.6199951
2326	289.6600037
2327	289.7200012
2328	289.6400146
2329	289.7900085
2330	289.7900085
2331	289.7200012
2332	289.7200012
2333	289.6799927
2334	289.6799927
2335	289.6199951
2336	289.7399902
2337	289.7000122
2338	289.769989
2339	289.769989
2340	289.7000122
2341	289.6600037
2342	289.8099976
2343	289.7000122
2344	289.7399902
2345	289.6400146
2346	289.6799927
2347	289.6799927
2348	289.7200012
2349	289.7200012
2350	289.7399902
2351	289.7900085
2352	289.8099976
2353	289.8699951
2354	290
2355	289.9500122
2356	289.9500122
2357	290
2358	289.9700012
2359	289.9100037
2360	289.8299866
2361	289.8299866
2362	289.7900085
2363	289.7900085
2364	289.7900085
2365	289.769989
2366	289.7399902
2367	289.7900085
2368	289.7399902
2369	289.6799927
2370	289.7399902
2371	289.7399902
2372	289.6799927
2373	289.6600037
2374	289.7000122
2375	289.6600037
2376	289.6600037
2377	289.7000122
2378	289.6799927
2379	289.7399902
2380	289.7000122
2381	289.7200012
2382	289.7200012
2383	289.7000122
2384	289.6799927
2385	289.7399902
2386	289.7200012
2387	289.7399902
2388	289.8299866
2389	289.8699951
2390	289.8099976
2391	289.9100037
2392	289.8900146
2393	289.8900146
2394	289.9500122
2395	289.8500061
2396	289.7200012
2397	289.7399902
2398	289.7200012
2399	289.7200012
2400	289.7399902
2401	289.7399902
2402	289.7200012
2403	289.7200012
2404	289.6000061
2405	289.6000061
2406	289.5599976
2407	289.6199951
2408	289.6400146
2409	289.6400146
2410	289.6400146
2411	289.7399902
2412	289.7399902
2413	289.8099976
2414	289.769989
2415	289.6799927
2416	289.7200012
2417	289.7399902
2418	289.7900085
2419	289.769989
2420	289.8099976
2421	289.8099976
2422	289.8699951
2423	289.8299866
2424	289.8699951
2425	289.8099976
2426	289.8299866
2427	289.7900085
2428	289.8299866
2429	289.7399902
2430	289.6400146
2431	289.6600037
2432	289.7000122
2433	289.7900085
2434	289.8299866
2435	289.8299866
2436	289.9100037
2437	289.9700012
2438	290.019989
2439	290.019989
2440	289.9700012
2441	289.9500122
2442	289.9500122
2443	289.8900146
2444	289.8500061
2445	289.8299866
2446	289.7399902
2447	289.7000122
2448	289.7200012
2449	289.7200012
2450	289.7200012
2451	289.8099976
2452	289.8299866
2453	289.8699951
2454	289.8099976
2455	289.8299866
2456	289.8699951
2457	289.8500061
2458	289.8699951
2459	289.8699951
2460	289.9100037
2461	289.9700012
2462	290.0599976
2463	290.0799866
2464	290.1400146
2465	290.25
2466	290.3500061
2467	290.3900146
2468	290.4100037
2469	290.6400146
2470	290.6400146
2471	290.8900146
2472	291.1700134
2473	291.2900085
2474	291.2900085
2475	291.4599915
2476	291.5799866
2477	291.6499939
2478	291.8399963
2479	292.019989
2480	292.1300049
2481	292.1300049
2482	292.1900024
2483	292.2099915
2484	292.230011
2485	292.2799988
2486	292.2999878
2487	292.3599854
2488	292.3999939
2489	292.3599854
2490	292.4599915
2491	292.4200134
2492	292.480011
2493	292.5700073
2494	292.6900024
2495	292.7399902
2496	292.7399902
2497	292.8399963
2498	292.7799988
2499	292.7099915
2500	292.8399963
2501	292.8599854
2502	292.8800049
2503	292.9200134
2504	292.9700012
2505	292.9899902
2506	292.9899902
2507	293.0499878
2508	293.1099854
2509	293.1099854
2510	293.1099854
2511	293.1099854
2512	292.9700012
2513	292.9700012
2514	292.8800049
2515	292.9200134
2516	292.8800049
2517	292.8800049
2518	292.8599854
2519	292.9400024
2520	292.9400024
2521	293.0700073
2522	293.1300049
2523	293.0700073
2524	293.1499939
2525	293.0700073
2526	293.1300049
2527	293.0899963
2528	293.1099854
2529	293.1700134
2530	293.2200012
2531	293.2200012
2532	293.2200012
2533	293.2200012
2534	293.2399902
2535	293.2000122
2536	293.0499878
2537	293.0100098
2538	292.9700012
2539	292.9700012
2540	293.0299988
2541	293.0700073
2542	293.0499878
2543	293.0499878
2544	293.0700073
2545	293.0700073
2546	293.0700073
2547	293.1099854
2548	293.0299988
2549	292.9200134
2550	292.9899902
2551	292.9200134
2552	292.9200134
2553	293.0299988
2554	293.1300049
2555	293.1300049
2556	293.1099854
2557	293.1300049
2558	293.0700073
2559	293.0299988
2560	293.0899963
2561	293.0700073
2562	292.9400024
2563	293.0100098
2564	293.0499878
2565	293.0700073
2566	293.0299988
2567	293.1300049
2568	293.2200012
2569	293.2000122
2570	293.1700134
2571	293.1499939
2572	293.1700134
2573	293.1099854
2574	293.2000122
2575	293.2600098
2576	293.2000122
2577	293.2200012
2578	293.1700134
2579	293.1499939
2580	293.1300049
2581	293.1499939
2582	293.1099854
2583	293.1099854
2584	293.1099854
2585	293.1700134
2586	293.1700134
2587	293.2000122
2588	293.1499939
2589	293.1499939
2590	293.1099854
2591	293.1099854
2592	293.0299988
2593	293.0700073
2594	293.0700073
2595	293.0899963
2596	293.0899963
2597	293.1099854
2598	293.1099854
2599	293.1499939
2600	293.1499939
2601	293.2600098
2602	293.2000122
2603	293.2600098
2604	293.1300049
2605	293.1700134
2606	293.0700073
2607	293.1099854
2608	293.0100098
2609	293.0700073
2610	293.0499878
2611	293.0700073
2612	293.1099854
2613	293.1300049
2614	293.1700134
2615	293.2200012
2616	293.2200012
2617	293.2799988
2618	293.2799988
2619	293.3200073
2620	293.3200073
2621	293.3999939
2622	293.3599854
2623	293.3599854
2624	293.2799988
2625	293.2200012
2626	293.2999878
2627	293.2200012
2628	293.2600098
2629	293.2399902
2630	293.2399902
2631	293.0700073
2632	293.0499878
2633	293.0899963
2634	293.0499878
2635	293.1099854
2636	293.0499878
2637	293.0299988
2638	292.9700012
2639	292.9899902
2640	293.0100098
2641	293.1099854
2642	293.2000122
2643	293.2399902
2644	293.2000122
2645	293.1099854
2646	293.0299988
2647	292.8200073
2648	292.5299988
2649	292.3800049
2650	291.9400024
2651	291.7099915
2652	290.8299866
2653	289.9299927
2654	288.9700012
2655	288.9700012
2656	287.3999939
2657	286.5
2658	286.0799866
2659	285.3699951
2660	284.8500061
2661	284.5400085
2662	284.5400085
2663	284.2900085
2664	284.2000122
2665	284.1799927
2666	284.2200012
2667	284.4500122
2668	284.6199951
2669	284.730011
2670	285.230011
2671	285.3900146
2672	285.6199951
2673	285.8500061
2674	286.0599976
2675	286.1300049
2676	286.1900024
2677	286.480011
2678	286.5400085
2679	286.6499939
2680	286.9400024
2681	286.980011
2682	287.2600098
2683	287.2999878
2684	287.4400024
2685	287.5899963
2686	287.6700134
2687	287.6700134
2688	287.7399902
2689	287.8399963
2690	287.8399963
2691	287.9700012
2692	287.8999939
2693	288.0700073
2694	288.0700073
2695	288.1099854
2696	288.0700073
2697	288.1099854
2698	288.2799988
2699	288.2399902
2700	288.3900146
2701	288.3900146
2702	288.4500122
2703	288.6600037
2704	288.7200012
2705	288.7000122
2706	288.7000122
2707	288.7399902
2708	288.7399902
2709	288.7799988
2710	288.7799988
2711	288.9700012
2712	288.9500122
2713	288.9299927
2714	289.0100098
2715	289.0100098
2716	289.0799866
2717	289.0499878
2718	289.0499878
2719	289.0799866
2720	289.1400146
2721	289.1400146
2722	289.1400146
2723	289.1400146
2724	289.1199951
2725	289.2399902
2726	289.2399902
2727	289.4299927
2728	289.5799866
2729	289.5799866
2730	289.5799866
2731	289.4100037
2732	289.5599976
2733	289.5599976
2734	289.4500122
2735	289.4299927
2736	289.3699951
2737	289.3900146
2738	289.5100098
2739	289.5400085
2740	289.4899902
2741	289.6400146
2742	289.5599976
2743	289.5599976
2744	289.5799866
2745	289.4899902
2746	289.4299927
2747	289.3900146
2748	289.3900146
2749	289.4100037
2750	289.4100037
2751	289.4500122
2752	289.4899902
2753	289.4700012
2754	289.5100098
2755	289.4700012
2756	289.4500122
2757	289.4899902
2758	289.4899902
2759	289.3699951
2760	289.4500122
2761	289.4299927
2762	289.4500122
2763	289.5100098
2764	289.6400146
2765	289.6400146
2766	289.5599976
2767	289.6000061
2768	289.6199951
2769	289.6199951
2770	289.6799927
2771	289.6600037
2772	289.6600037
2773	289.7900085
2774	289.6799927
2775	289.7000122
2776	289.6400146
2777	289.6000061
2778	289.6600037
2779	289.6400146
2780	289.5400085
2781	289.5100098
2782	289.6400146
2783	289.4899902
2784	289.5599976
2785	289.4899902
2786	289.5599976
2787	289.6600037
2788	289.6199951
2789	289.6400146
2790	289.6199951
2791	289.6799927
2792	289.6799927
2793	289.6400146
2794	289.6199951
2795	289.5400085
2796	289.4899902
2797	289.4899902
2798	289.4700012
2799	289.4500122
2800	289.3900146
2801	289.3500061
2802	289.2799988
2803	289.2799988
2804	289.2799988
2805	289.2600098
2806	289.3699951
2807	289.4100037
2808	289.3299866
2809	289.3500061
2810	289.3500061
2811	289.3500061
2812	289.4100037
2813	289.3699951
2814	289.3299866
2815	289.4299927
2816	289.3500061
2817	289.3900146
2818	289.3699951
2819	289.6600037
2820	289.6799927
2821	289.7000122
2822	289.6400146
2823	289.6400146
2824	289.6600037
2825	289.6400146
2826	289.7000122
2827	289.6000061
2828	289.6000061
2829	289.6000061
2830	289.6600037
2831	289.6799927
2832	289.6400146
2833	289.6199951
2834	288.9899902
2835	288.9899902
2836	288.9700012
2837	289.0100098
2838	289.0299988
2839	289.0299988
2840	289.1400146
2841	289.1799927
2842	289.3500061
2843	289.3500061
2844	289.2399902
2845	289.1799927
2846	289.2399902
2847	289.1400146
2848	289.1199951
2849	289.1199951
2850	289.0299988
2851	289.0499878
2852	289.0499878
2853	289.1400146
2854	289.1000061
2855	289.1400146
2856	289.1400146
2857	289.2799988
2858	289.3699951
2859	289.3299866
2860	289.3500061
2861	289.3699951
2862	289.3299866
2863	289.2600098
2864	289.2600098
2865	289.2799988
2866	289.3299866
2867	289.2399902
2868	289.2799988
2869	289.2200012
2870	289.2600098
2871	289.2600098
2872	289.1600037
2873	289.1400146
2874	289.1400146
2875	289.1400146
2876	289.0799866
2877	289.1400146
2878	289.1600037
2879	289.2000122
2880	289.2000122
2881	289.2399902
2882	289.2600098
2883	289.3900146
2884	289.3500061
2885	289.4100037
2886	289.5100098
2887	289.5400085
2888	289.4899902
2889	289.4299927
2890	289.3699951
2891	289.4500122
2892	289.4899902
2893	289.4700012
2894	289.4100037
2895	289.3299866
2896	289.3299866
2897	289.3299866
2898	289.2799988
2899	289.2799988
2900	289.2799988
2901	289.2600098
2902	289.2600098
2903	289.2600098
2904	289.2799988
2905	289.2600098
2906	289.1400146
2907	289.2399902
2908	289.2600098
2909	289.2399902
2910	289.2399902
2911	289.2399902
2912	289.2000122
2913	289.1799927
2914	289.0799866
2915	289.1400146
2916	289.1400146
2917	289.0799866
2918	289.2000122
2919	289.2000122
2920	289.2200012
2921	289.2000122
2922	289.2200012
2923	289.1600037
2924	289.1600037
2925	289.2000122
2926	289.1600037
2927	289.2200012
2928	289.2399902
2929	289.2399902
2930	289.2600098
2931	289.2799988
2932	289.2200012
2933	289.2200012
2934	289.3099976
2935	289.3099976
2936	289.3099976
2937	289.3500061
2938	289.4500122
2939	289.5599976
2940	289.6199951
2941	289.7900085
2942	289.7900085
2943	289.8099976
2944	289.7000122
2945	289.6600037
2946	289.6600037
2947	289.7900085
2948	289.8699951
2949	289.9700012
2950	290.25
2951	290.4599915
2952	290.5
2953	290.6199951
2954	290.8099976
2955	290.9400024
2956	291.019989
2957	291.230011
2958	291.1900024
2959	291.230011
2960	291.25
2961	291.2900085
2962	291.3099976
2963	291.3500061
2964	291.3999939
2965	291.3999939
2966	291.4400024
2967	291.3500061
2968	291.4599915
2969	291.480011
2970	291.3999939
2971	291.3800049
2972	291.3299866
2973	291.4200134
2974	291.4200134
2975	291.5
2976	291.5599976
2977	291.5
2978	291.6099854
2979	291.5400085
2980	291.6099854
2981	291.6099854
2982	291.6300049
2983	291.6300049
2984	291.6099854
2985	291.730011
2986	291.7099915
2987	291.75
2988	291.7099915
2989	291.730011
2990	291.6900024
2991	291.6900024
2992	291.769989
2993	291.75
2994	291.769989
2995	291.769989
2996	291.6900024
2997	291.6700134
2998	291.6900024
2999	291.6099854
3000	291.5599976
3001	291.5400085
3002	291.5599976
3003	291.5799866
3004	291.5599976
3005	291.7099915
3006	291.7099915
3007	291.730011
3008	291.6700134
3009	291.6099854
3010	291.6300049
3011	291.6700134
3012	291.6900024
3013	291.6900024
3014	291.6099854
3015	291.6300049
3016	291.5400085
3017	291.6099854
3018	291.6300049
3019	291.6900024
3020	291.6900024
3021	291.8399963
3022	291.8999939
3023	291.9599915
3024	291.8999939
3025	291.8999939
3026	291.8200073
3027	291.8200073
3028	291.8800049
3029	291.8999939
3030	291.8599854
3031	291.8999939
3032	291.8999939
3033	292
3034	292.019989
3035	292.1099854
3036	292.019989
3037	291.980011
3038	292.019989
3039	292.019989
3040	292.2099915
3041	292.1300049
3042	292.1700134
3043	292.1300049
3044	292.1300049
3045	292.1300049
3046	292.3399963
3047	292.3399963
3048	292.3800049
3049	292.3200073
3050	292.2999878
3051	292.3599854
3052	292.3599854
3053	292.3399963
3054	292.3999939
3055	292.4200134
3056	292.5499878
3057	292.5700073
3058	292.5700073
3059	292.5100098
3060	292.6099854
3061	292.6099854
3062	292.6099854
3063	292.6300049
3064	292.5899963
3065	292.5299988
3066	292.3999939
3067	292.3800049
3068	292.3200073
3069	292.3999939
3070	292.3800049
3071	292.3999939
3072	292.3800049
3073	292.2999878
3074	292.3200073
3075	292.3599854
3076	292.2999878
3077	292.2999878
3078	292.230011
3079	292.230011
3080	292.230011
3081	292.25
3082	292.1499939
3083	292.0499878
3084	292.0499878
3085	291.9400024
3086	291.9599915
3087	291.9200134
3088	291.9200134
3089	291.980011
3090	291.9400024
3091	291.9400024
3092	291.8800049
3093	291.8999939
3094	291.8999939
3095	291.9599915
3096	291.9599915
3097	291.8999939
3098	291.9200134
3099	291.9200134
3100	291.8599854
3101	291.8399963
3102	291.769989
3103	291.7900085
3104	291.7099915
3105	291.769989
3106	291.8800049
3107	291.8599854
3108	291.9400024
3109	291.8999939
3110	291.7900085
3111	291.730011
3112	291.6499939
3113	291.6900024
3114	291.6099854
3115	291.6099854
3116	291.6099854
3117	291.5599976
3118	291.4599915
3119	291.4200134
3120	291.480011
3121	291.4400024
3122	291.519989
3123	291.519989
3124	291.4599915
3125	291.3999939
3126	291.269989
3127	291.2900085
3128	291.0400085
3129	290.9400024
3130	290.8099976
3131	290.1199951
3132	289.8099976
3133	289.0799866
3134	288.3200073
3135	287.7600098
3136	287.5299988
3137	287.2600098
3138	286.519989
3139	286.25
3140	285.9400024
3141	285.5799866
3142	285.480011
3143	285.2900085
3144	285.25
3145	285.3299866
3146	285.3500061
3147	285.5400085
3148	285.5400085
3149	285.75
3150	285.8999939
3151	285.9400024
3152	286.0799866
3153	286.230011
3154	286.269989
3155	286.269989
3156	286.519989
3157	286.6099854
3158	286.6700134
3159	286.730011
3160	286.8599854
3161	286.980011
3162	286.980011
3163	287.1099854
3164	287.1099854
3165	287.1499939
3166	287.2799988
3167	287.3599854
3168	287.4200134
3169	287.3399963
3170	287.4200134
3171	287.5499878
3172	287.6300049
3173	287.7399902
3174	287.7399902
3175	287.7600098
3176	287.7799988
3177	287.9299927
3178	287.9299927
3179	287.9500122
3180	288.0499878
3181	288.0899963
3182	288.0700073
3183	288.1600037
3184	288.3399963
3185	288.3599854
3186	288.3900146
3187	288.3900146
3188	288.4500122
3189	288.4899902
3190	288.4700012
3191	288.4500122
3192	288.5299988
3193	288.6199951
3194	288.6199951
3195	288.7000122
3196	288.7200012
3197	288.6600037
3198	288.6799927
3199	288.6600037
3200	288.6600037
3201	288.6400146
3202	288.7399902
3203	288.7799988
3204	288.7399902
3205	288.7399902
3206	288.7600098
3207	288.6799927
3208	288.6799927
3209	288.6400146
3210	288.7999878
3211	288.7999878
3212	288.8699951
3213	288.7999878
3214	288.8699951
3215	288.7999878
3216	288.8699951
3217	288.9100037
3218	288.9700012
3219	288.9700012
3220	288.8200073
3221	288.7799988
3222	288.7799988
3223	288.8500061
3224	288.9299927
3225	288.8500061
3226	288.8500061
3227	288.7999878
3228	288.9299927
3229	288.9299927
3230	288.9100037
3231	288.9700012
3232	289.0299988
3233	289.0299988
3234	288.9100037
3235	288.8900146
3236	288.8699951
3237	288.8200073
3238	288.8200073
3239	288.7600098
3240	288.7999878
3241	288.7200012
3242	288.7200012
3243	288.8500061
3244	288.9299927
3245	288.9299927
3246	288.9299927
3247	288.9500122
3248	289.0799866
3249	289.0299988
3250	289.0299988
3251	289.1000061
3252	289.0499878
3253	289.0799866
3254	289.0799866
3255	289.0799866
3256	289.1400146
3257	289.0799866
3258	289.0799866
3259	289.0100098
3260	289.0799866
3261	289.0799866
3262	289.0499878
3263	289.0299988
3264	289.1000061
3265	289.1000061
3266	289.1799927
3267	289.1400146
3268	289.1600037
3269	289.1199951
3270	289.1000061
3271	289.1199951
3272	289.1199951
3273	289.0499878
3274	289.0299988
3275	289.1199951
3276	289.0799866
3277	289.1000061
3278	289.1199951
3279	289.1000061
3280	289.1600037
3281	289.1600037
3282	289.1799927
3283	289.1199951
3284	289.1199951
3285	289.1600037
3286	289.2000122
3287	289.2200012
3288	289.2399902
3289	289.2600098
3290	289.3099976
3291	289.2200012
3292	289.2000122
3293	289.1400146
3294	289.0299988
3295	289.0100098
3296	288.9899902
3297	288.9899902
3298	289.0499878
3299	289.0799866
3300	289.1400146
3301	289.0799866
3302	289.0299988
3303	289.0299988
3304	289.0299988
3305	289.1400146
3306	289.2200012
3307	289.1799927
3308	289.1600037
3309	289.2000122
3310	289.2399902
3311	289.2399902
3312	289.3500061
3313	289.3699951
3314	289.3500061
3315	289.3699951
3316	289.3299866
3317	289.3500061
3318	289.2799988
3319	289.2200012
3320	289.2600098
3321	289.2000122
3322	289.2200012
3323	289.2000122
3324	289.2399902
3325	289.1600037
3326	289.1799927
3327	289.1799927
3328	289.2399902
3329	289.2399902
3330	289.2799988
3331	289.2600098
3332	289.3299866
3333	289.3900146
3334	289.4299927
3335	289.3699951
3336	289.3699951
3337	289.2799988
3338	289.2799988
3339	289.3500061
3340	289.3699951
3341	289.3900146
3342	289.3299866
3343	289.3299866
3344	289.2799988
3345	289.1600037
3346	289.1199951
3347	289.2200012
3348	289.2399902
3349	289.2799988
3350	289.2799988
3351	289.3699951
3352	289.3500061
3353	289.3299866
3354	289.2799988
3355	289.2600098
3356	289.3699951
3357	289.3099976
3358	289.3299866
3359	289.2399902
3360	289.3299866
3361	289.3699951
3362	289.3500061
3363	289.3699951
3364	289.4100037
3365	289.3699951
3366	289.3699951
3367	289.3500061
3368	289.3500061
3369	289.2600098
3370	289.2799988
3371	289.2600098
3372	289.3099976
3373	289.3299866
3374	289.3500061
3375	289.3500061
3376	289.3900146
3377	289.2799988
3378	289.3299866
3379	289.3500061
3380	289.3500061
3381	289.3900146
3382	289.3500061
3383	289.3500061
3384	289.5400085
3385	289.4100037
3386	289.5100098
3387	289.5799866
3388	289.4899902
3389	289.5400085
3390	289.4299927
3391	289.4100037
3392	289.4100037
3393	289.3900146
3394	289.3699951
3395	289.3099976
3396	289.2600098
3397	289.2200012
3398	289.2000122
3399	289.2399902
3400	289.2399902
3401	289.3699951
3402	289.3099976
3403	289.3099976
3404	289.2399902
3405	289.2600098
3406	289.2200012
3407	289.2200012
3408	289.3699951
3409	289.3900146
3410	289.4500122
3411	289.7000122
3412	289.7200012
3413	289.8500061
3414	289.8500061
3415	289.8699951
3416	289.9100037
3417	290
3418	290.0599976
3419	290.1600037
3420	290.3500061
3421	290.4100037
3422	290.6199951
3423	290.6400146
3424	290.8699951
3425	291.019989
3426	291.0599976
3427	291.2099915
3428	291.230011
3429	291.269989
3430	291.2900085
3431	291.3999939
3432	291.5799866
3433	291.5400085
3434	291.5599976
3435	291.6499939
3436	291.7900085
3437	291.7900085
3438	291.9200134
3439	291.9200134
3440	291.8999939
3441	291.8800049
3442	291.8999939
3443	291.8999939
3444	291.769989
3445	291.730011
3446	291.730011
3447	291.8200073
3448	291.9200134
3449	291.8999939
3450	291.8800049
3451	291.9599915
3452	291.8399963
3453	291.9599915
3454	292
3455	291.8800049
3456	291.8399963
3457	291.8200073
3458	291.75
3459	291.7900085
3460	291.730011
3461	291.769989
3462	291.730011
3463	291.769989
3464	291.7900085
3465	291.75
3466	291.75
3467	291.730011
3468	291.7099915
3469	291.730011
3470	291.730011
3471	291.6700134
3472	291.5799866
3473	291.6499939
3474	291.6700134
3475	291.730011
3476	291.8399963
3477	291.980011
3478	291.980011
3479	291.8800049
3480	291.8200073
3481	291.9200134
3482	291.769989
3483	291.8999939
3484	292.019989
3485	292.019989
3486	292
3487	291.980011
3488	292
3489	291.9200134
3490	291.8599854
3491	291.8200073
3492	291.8200073
3493	291.769989
3494	291.8599854
3495	291.7900085
3496	291.8399963
3497	291.7900085
3498	291.8200073
3499	291.8200073
3500	291.769989
3501	291.7099915
3502	291.769989
3503	291.9200134
3504	292
3505	291.9599915
3506	291.9400024
3507	291.9599915
3508	291.9200134
3509	291.9200134
3510	291.9200134
3511	291.8399963
3512	291.9200134
3513	291.9200134
3514	291.9200134
3515	291.8999939
3516	291.8399963
3517	291.8399963
3518	291.75
3519	291.6700134
3520	291.730011
3521	291.9200134
3522	292.0499878
3523	292.0700073
3524	292.0700073
3525	291.9200134
3526	291.9400024
3527	292
3528	291.9200134
3529	291.9200134
3530	291.9200134
3531	291.9599915
3532	292.0499878
3533	292
3534	292.019989
3535	292.0700073
3536	292.0700073
3537	292.1099854
3538	292.1099854
3539	292.1499939
3540	292.1099854
3541	292.019989
3542	292.0700073
3543	291.980011
3544	291.980011
3545	291.9400024
3546	292.0499878
3547	292.0499878
3548	292
3549	292
3550	292
3551	292.019989
3552	291.9400024
3553	291.8800049
3554	291.7900085
3555	291.8200073
3556	291.8200073
3557	291.8599854
3558	291.8800049
3559	291.8999939
3560	291.8800049
3561	291.980011
3562	291.980011
3563	291.980011
3564	291.9200134
3565	291.9200134
3566	291.9599915
3567	292.0700073
3568	291.9200134
3569	291.9599915
3570	291.9599915
3571	291.8599854
3572	291.8999939
3573	292
3574	292.0499878
3575	292.0700073
3576	292.0700073
3577	292.0899963
3578	292.019989
3579	291.9400024
3580	291.9400024
3581	291.9400024
3582	291.980011
3583	291.769989
3584	291.6499939
3585	291.6499939
3586	291.6700134
3587	291.730011
3588	291.730011
3589	291.730011
3590	291.730011
3591	291.7099915
3592	291.6700134
3593	291.6099854
3594	291.5799866
3595	291.5799866
3596	291.5599976
3597	291.5599976
3598	291.5400085
3599	291.5400085
3600	291.519989
3601	291.480011
3602	291.3500061
3603	291.0400085
3604	290.8900146
3605	290.4599915
3606	289.6400146
3607	289.1799927
3608	288.0299988
3609	287.5299988
3610	286.7099915
3611	286.1499939
3612	285.6900024
3613	285.3699951
3614	285.1900024
3615	285.019989
3616	284.9299927
3617	284.8099976
3618	284.75
3619	284.8099976
3620	284.8099976
3621	284.7900085
3622	284.8900146
3623	284.8699951
3624	285
3625	285.1000061
3626	285.3099976
3627	285.3099976
3628	285.519989
3629	285.730011
3630	285.8299866
3631	286.0599976
3632	286.1900024
3633	286.230011
3634	286.3399963
3635	286.5400085
3636	286.6300049
3637	286.6499939
3638	286.7999878
3639	286.8800049
3640	286.9200134
3641	286.9200134
3642	287.0899963
3643	287.1099854
3644	287.2600098
3645	287.4700012
3646	287.4400024
3647	287.5700073
3648	287.5299988
3649	287.6700134
3650	287.7000122
3651	287.7600098
3652	287.7600098
3653	287.8800049
3654	287.8800049
3655	287.8800049
3656	287.9500122
3657	287.9700012
3658	287.8999939
3659	287.8999939
3660	288.1099854
3661	288.2000122
3662	288.1799927
3663	288.1799927
3664	288.1300049
3665	288.1600037
3666	288.1600037
3667	288.3399963
3668	288.4100037
3669	288.4100037
3670	288.4899902
3671	288.4700012
3672	288.4500122
3673	288.4500122
3674	288.4500122
3675	288.4899902
3676	288.5299988
3677	288.5299988
3678	288.4899902
3679	288.4700012
3680	288.4700012
3681	288.6600037
3682	288.6600037
3683	288.7000122
3684	288.7200012
3685	288.7999878
3686	288.7799988
3687	288.7399902
3688	288.7200012
3689	288.6600037
3690	288.6199951
3691	288.6199951
3692	288.7600098
3693	288.7600098
3694	288.7999878
3695	288.8200073
3696	288.7999878
3697	288.7799988
3698	288.7799988
3699	288.8200073
3700	288.8200073
3701	288.7399902
3702	288.7999878
3703	288.7399902
3704	288.7999878
3705	288.7200012
3706	288.7000122
3707	288.7600098
3708	288.7600098
3709	288.8200073
3710	288.8900146
3711	288.8900146
3712	288.9100037
3713	288.9899902
3714	288.9500122
3715	288.9100037
3716	288.9899902
3717	288.9700012
3718	289.1400146
3719	289.0499878
3720	289.0299988
3721	289.0499878
3722	289.0299988
3723	288.9700012
3724	289.0299988
3725	289.0100098
3726	288.9899902
3727	289.0299988
3728	289.0299988
3729	289.0100098
3730	289.0100098
3731	289.1000061
3732	289.0299988
3733	289.0100098
3734	289.0100098
3735	289.0299988
3736	289.0299988
3737	289.0299988
3738	288.9899902
3739	288.9500122
3740	289.0799866
3741	289.1400146
3742	289.0499878
3743	289.1199951
3744	289.0299988
3745	289.1400146
3746	289.0499878
3747	289.2000122
3748	289.1400146
3749	289.1199951
3750	289.1000061
3751	289.0799866
3752	289.0299988
3753	288.9899902
3754	289.0100098
3755	289.0799866
3756	289.0100098
3757	289.0299988
3758	289.1400146
3759	289.1199951
3760	289.1199951
3761	289.1199951
3762	289.1199951
3763	289.1600037
3764	289.2200012
3765	289.1199951
3766	289.1199951
3767	289.1000061
3768	289.0799866
3769	289.0799866
3770	289.0299988
3771	289.0499878
3772	289.0499878
3773	289.0299988
3774	289.0100098
3775	289.0499878
3776	289.1199951
3777	289.1199951
3778	289.1400146
3779	289.0799866
3780	289.1000061
3781	289.1400146
3782	289.1400146
3783	289.1199951
3784	289.1199951
3785	289.1400146
3786	289.1600037
3787	288.8200073
3788	288.7999878
3789	288.8699951
3790	288.7999878
3791	288.7999878
3792	288.8699951
3793	288.8900146
3794	288.8900146
3795	288.8900146
3796	288.7999878
3797	288.7999878
3798	288.7999878
3799	288.7999878
3800	288.9100037
3801	288.8900146
3802	288.8500061
3803	288.8900146
3804	288.8699951
3805	288.8200073
3806	288.8200073
3807	288.7999878
3808	288.8900146
3809	288.9500122
3810	288.9500122
3811	288.9299927
3812	288.9299927
3813	288.9500122
3814	288.7799988
3815	288.7799988
3816	288.7399902
3817	288.7200012
3818	288.6600037
3819	288.7200012
3820	288.6400146
3821	288.6400146
3822	288.6600037
3823	288.7000122
3824	288.7000122
3825	288.7200012
3826	288.7799988
3827	288.7999878
3828	288.7799988
3829	288.7999878
3830	288.7600098
3831	288.7000122
3832	288.7799988
3833	288.7600098
3834	288.7999878
3835	288.8500061
3836	288.7999878
3837	288.7600098
3838	288.7600098
3839	288.8200073
3840	288.8500061
3841	288.9299927
3842	288.8699951
3843	288.8900146
3844	288.8900146
3845	288.8900146
3846	288.8200073
3847	288.7999878
3848	288.8699951
3849	288.8500061
3850	288.8500061
3851	288.8900146
3852	288.8699951
3853	288.7799988
3854	288.7200012
3855	288.7200012
3856	288.7000122
3857	288.7399902
3858	288.9100037
3859	288.9299927
3860	288.8900146
3861	288.8699951
3862	288.8699951
3863	288.7999878
3864	288.7999878
3865	288.8200073
3866	288.8900146
3867	288.8500061
3868	288.8500061
3869	288.7999878
3870	288.7999878
3871	288.7200012
3872	288.8500061
3873	288.8200073
3874	288.7799988
3875	288.8500061
3876	288.7999878
3877	288.7999878
3878	288.7399902
3879	288.6799927
3880	288.6799927
3881	288.6799927
3882	288.7200012
3883	288.7200012
3884	288.6799927
3885	288.7399902
3886	288.7399902
3887	288.7999878
3888	289.0100098
3889	289.0100098
3890	289.0499878
3891	289.0299988
3892	289.1799927
3893	289.2200012
3894	289.3099976
3895	289.4500122
3896	289.4100037
3897	289.5100098
3898	289.5799866
3899	289.6400146
3900	289.9100037
3901	290.1199951
3902	290.5599976
3903	290.6000061
3904	290.7900085
3905	290.9200134
3906	291.1700134
3907	291.3099976
3908	291.3500061
3909	291.3500061
3910	291.6900024
3911	291.9599915
3912	292.019989
3913	292.0700073
3914	291.9400024
3915	291.980011
3916	291.980011
3917	292.0700073
3918	292.0899963
3919	292.1900024
3920	292.1099854
3921	291.980011
3922	292
3923	292.1300049
3924	292.2799988
3925	292.230011
3926	292.1900024
3927	292.230011
3928	292.25
3929	292.2799988
3930	292.3200073
3931	292.2099915
3932	292.1900024
3933	292.25
3934	292.2799988
3935	292.2999878
3936	292.25
3937	292.3200073
3938	292.1900024
3939	292.1499939
3940	292.1700134
3941	292.1700134
3942	292.1900024
3943	292.0899963
3944	292.0700073
3945	291.9400024
3946	291.980011
3947	292.1099854
3948	292.1099854
3949	292.1499939
3950	292.019989
3951	291.9599915
3952	291.8599854
3953	291.6900024
3954	291.7099915
3955	291.7099915
3956	291.6700134
3957	291.6700134
3958	291.7099915
3959	291.5799866
3960	291.5599976
3961	291.5400085
3962	291.5
3963	291.6300049
3964	291.6300049
3965	291.6099854
3966	291.6499939
3967	291.6300049
3968	291.5599976
3969	291.519989
3970	291.5799866
3971	291.5400085
3972	291.5799866
3973	291.6099854
3974	291.6099854
3975	291.6099854
3976	291.6700134
3977	291.6099854
3978	291.6300049
3979	291.6300049
3980	291.6300049
3981	291.519989
3982	291.5
3983	291.5400085
3984	291.6499939
3985	291.6499939
3986	291.6099854
3987	291.6099854
3988	291.6499939
3989	291.6700134
3990	291.6300049
3991	291.5799866
3992	291.5400085
3993	291.519989
3994	291.5
3995	291.5
3996	291.5799866
3997	291.5799866
3998	291.6300049
3999	291.5599976
4000	291.5
4001	291.5
4002	291.3999939
4003	291.3999939
4004	291.3299866
4005	291.3500061
4006	291.3800049
4007	291.3500061
4008	291.3800049
4009	291.3800049
4010	291.25
4011	291.3099976
4012	291.3099976
4013	291.5
4014	291.6499939
4015	291.769989
4016	291.8800049
4017	291.8800049
4018	291.980011
4019	291.980011
4020	291.9599915
4021	291.9599915
4022	292.0700073
4023	292.1300049
4024	292.2099915
4025	292.230011
4026	292.230011
4027	291.9599915
4028	291.8399963
4029	291.8399963
4030	291.8999939
4031	291.8999939
4032	291.8800049
4033	291.8599854
4034	291.8800049
4035	291.8999939
4036	291.769989
4037	291.75
4038	291.730011
4039	291.730011
4040	291.6300049
4041	291.6499939
4042	291.730011
4043	291.6900024
4044	291.5599976
4045	291.6300049
4046	291.6300049
4047	291.6300049
4048	291.6099854
4049	291.7099915
4050	291.8200073
4051	291.8200073
4052	291.9400024
4053	291.8999939
4054	291.8599854
4055	291.7900085
4056	291.6900024
4057	291.7099915
4058	291.7099915
4059	291.8800049
4060	291.9599915
4061	291.980011
4062	291.9400024
4063	291.730011
4064	291.6099854
4065	291.5400085
4066	291.4400024
4067	291.4599915
4068	291.4200134
4069	291.4599915
4070	291.4599915
4071	291.4200134
4072	291.4400024
4073	291.3800049
4074	291.269989
4075	291.25
4076	291.2900085
4077	291.25
4078	291.1700134
4079	291.1900024
4080	291.0599976
4081	291
4082	290.730011
4083	290.730011
4084	289.9100037
4085	289.4299927
4086	289.0299988
4087	288.3599854
4088	287.7399902
4089	286.9400024
4090	286.9400024
4091	285.9400024
4092	285.5
4093	285.25
4094	284.8099976
4095	284.519989
4096	284.3500061
4097	284.3500061
4098	284.3099976
4099	284.4100037
4100	284.4100037
4101	284.5799866
4102	284.730011
4103	284.8099976
4104	284.8500061
4105	285.25
4106	285.3099976
4107	285.5
4108	285.6700134
4109	285.8099976
4110	285.9200134
4111	286.019989
4112	286.2099915
4113	286.25
4114	286.3099976
4115	286.4400024
4116	286.480011
4117	286.6099854
4118	286.6900024
4119	286.769989
4120	286.8599854
4121	286.980011
4122	286.980011
4123	287.0899963
4124	287.1700134
4125	287.1499939
4126	287.2399902
4127	287.2999878
4128	287.3999939
4129	287.3999939
4130	287.4700012
4131	287.4899902
4132	287.5100098
4133	287.5299988
4134	287.5499878
4135	287.5499878
4136	287.6700134
4137	287.7200012
4138	287.7999878
4139	287.7999878
4140	287.8599854
4141	287.9299927
4142	287.9299927
4143	288.0100098
4144	288.1099854
4145	288.1099854
4146	288.1099854
4147	288.1799927
4148	288.2000122
4149	288.3200073
4150	288.2799988
4151	288.2999878
4152	288.3200073
4153	288.3399963
4154	288.2799988
4155	288.2799988
4156	288.2399902
4157	288.2399902
4158	288.2999878
4159	288.3399963
4160	288.3599854
4161	288.3599854
4162	288.3900146
4163	288.4700012
4164	288.4500122
4165	288.4299927
4166	288.3599854
4167	288.4299927
4168	288.4299927
4169	288.4899902
4170	288.4700012
4171	288.5299988
4172	288.5700073
4173	288.5499878
4174	288.5299988
4175	288.5100098
4176	288.5299988
4177	288.4899902
4178	288.5499878
4179	288.4500122
4180	288.3900146
4181	288.3399963
4182	288.3599854
4183	288.3599854
4184	288.3599854
4185	288.4299927
4186	288.5100098
4187	288.5299988
4188	288.4700012
4189	288.4700012
4190	288.5299988
4191	288.5100098
4192	288.6199951
4193	288.6199951
4194	288.6799927
4195	288.6799927
4196	288.7600098
4197	288.7600098
4198	288.7000122
4199	288.7399902
4200	288.7399902
4201	288.6199951
4202	288.6199951
4203	288.6400146
4204	288.6600037
4205	288.6799927
4206	288.6799927
4207	288.6799927
4208	288.7200012
4209	288.7200012
4210	288.7200012
4211	288.7399902
4212	288.7399902
4213	288.6199951
4214	288.7000122
4215	288.7000122
4216	288.7799988
4217	288.7399902
4218	288.8900146
4219	288.8900146
4220	288.7399902
4221	288.7600098
4222	288.7399902
4223	288.7600098
4224	288.8200073
4225	288.7999878
4226	288.7799988
4227	288.7999878
4228	288.8699951
4229	288.8500061
4230	288.8900146
4231	288.9100037
4232	288.9100037
4233	288.8500061
4234	288.8500061
4235	288.9100037
4236	288.8699951
4237	288.8900146
4238	288.8900146
4239	288.8900146
4240	288.9100037
4241	288.9100037
4242	288.9700012
4243	288.9100037
4244	288.7999878
4245	288.8500061
4246	288.8200073
4247	288.8200073
4248	288.8500061
4249	288.8500061
4250	288.8200073
4251	288.7799988
4252	288.7799988
4253	288.7399902
4254	288.7399902
4255	288.7999878
4256	288.8500061
4257	288.7799988
4258	288.7399902
4259	288.8200073
4260	288.7399902
4261	288.8200073
4262	288.8699951
4263	288.8900146
4264	288.8900146
4265	288.8900146
4266	288.8500061
4267	288.7799988
4268	288.7799988
4269	288.7000122
4270	288.7399902
4271	288.7399902
4272	288.8699951
4273	288.8500061
4274	288.8200073
4275	288.8200073
4276	288.8500061
4277	288.8500061
4278	288.8500061
4279	288.8900146
4280	288.7799988
4281	288.7799988
4282	288.7399902
4283	288.7600098
4284	288.7399902
4285	288.7399902
4286	288.7399902
4287	288.7000122
4288	288.7200012
4289	288.7200012
4290	288.7399902
4291	288.6799927
4292	288.7200012
4293	288.7399902
4294	288.6400146
4295	288.6600037
4296	288.6400146
4297	288.6799927
4298	288.7399902
4299	288.7799988
4300	288.7200012
4301	288.7799988
4302	288.8200073
4303	288.8200073
4304	288.7600098
4305	288.6799927
4306	288.6799927
4307	288.7799988
4308	288.7600098
4309	288.6799927
4310	288.6799927
4311	288.7200012
4312	288.7200012
4313	288.7200012
4314	288.7000122
4315	288.7399902
4316	288.7000122
4317	288.7000122
4318	288.6799927
4319	288.7200012
4320	288.7399902
4321	288.7200012
4322	288.7000122
4323	288.6799927
4324	288.7399902
4325	288.7200012
4326	288.7399902
4327	288.6799927
4328	288.7000122
4329	288.6199951
4330	288.7000122
4331	288.6199951
4332	288.7799988
4333	288.8200073
4334	288.8200073
4335	288.8200073
4336	288.7999878
4337	288.7000122
4338	288.7600098
4339	288.7000122
4340	288.6799927
4341	288.5899963
4342	288.5899963
4343	288.7399902
4344	288.6600037
4345	288.6400146
4346	288.6199951
4347	288.6400146
4348	288.6799927
4349	288.6799927
4350	288.5700073
4351	288.6600037
4352	288.6600037
4353	288.6400146
4354	288.6400146
4355	288.7399902
4356	288.6799927
4357	288.7399902
4358	288.7799988
4359	288.7200012
4360	288.7799988
4361	288.8200073
4362	288.9299927
4363	288.9899902
4364	289.0499878
4365	289.1199951
4366	289.2399902
4367	289.3299866
4368	289.3099976
4369	289.3299866
4370	289.3500061
4371	289.5400085
4372	289.8099976
4373	289.9700012
4374	289.9700012
4375	290.1799927
4376	290.25
4377	290.3699951
4378	290.480011
4379	290.5599976
4380	290.6900024
4381	290.6900024
4382	290.7900085
4383	290.8900146
4384	291.0400085
4385	291.3299866
4386	291.480011
4387	291.5599976
4388	291.5599976
4389	291.7900085
4390	291.8800049
4391	291.8399963
4392	291.730011
4393	291.7900085
4394	291.769989
4395	291.730011
4396	291.7900085
4397	291.8599854
4398	291.8999939
4399	292.019989
4400	292.0700073
4401	292.1900024
4402	292.1900024
4403	292.25
4404	292.3200073
4405	292.2999878
4406	292.2799988
4407	292.3200073
4408	292.230011
4409	292.230011
4410	292.230011
4411	292.1499939
4412	292.1900024
4413	292.1900024
4414	292.2999878
4415	292.230011
4416	292.230011
4417	292.2799988
4418	292.3599854
4419	292.3200073
4420	292.3200073
4421	292.3999939
4422	292.4400024
4423	292.4400024
4424	292.5499878
4425	292.5499878
4426	292.5700073
4427	292.5499878
4428	292.6499939
4429	292.6900024
4430	292.7399902
4431	292.7600098
4432	292.6900024
4433	292.6900024
4434	292.6499939
4435	292.7099915
4436	292.6900024
4437	292.6900024
4438	292.6900024
4439	292.5899963
4440	292.5499878
4441	292.5899963
4442	292.6099854
4443	292.5100098
4444	292.6700134
4445	292.6700134
4446	292.6300049
4447	292.5899963
4448	292.5299988
4449	292.5299988
4450	292.5100098
4451	292.6499939
4452	292.6499939
4453	292.6499939
4454	292.5299988
4455	292.5499878
4456	292.4599915
4457	292.3599854
4458	292.3599854
4459	292.3599854
4460	292.230011
4461	291.9400024
4462	292
4463	291.8800049
4464	291.8999939
4465	291.8800049
4466	291.75
4467	291.7099915
4468	291.6499939
4469	291.6300049
4470	291.5599976
4471	291.6099854
4472	291.6300049
4473	291.6900024
4474	291.730011
4475	291.8200073
4476	291.9400024
4477	291.980011
4478	291.980011
4479	291.9400024
4480	291.8800049
4481	291.8200073
4482	291.6900024
4483	291.7099915
4484	291.7099915
4485	291.6900024
4486	291.519989
4487	291.4599915
4488	291.4400024
4489	291.3500061
4490	291.3800049
4491	291.3800049
4492	291.3500061
4493	291.4599915
4494	291.519989
4495	291.480011
4496	291.5599976
4497	291.480011
4498	291.5400085
4499	291.5599976
4500	291.6499939
4501	291.6099854
4502	291.5599976
4503	291.6300049
4504	291.6300049
4505	291.6499939
4506	291.6700134
4507	291.6099854
4508	291.519989
4509	291.3999939
4510	291.4200134
4511	291.4200134
4512	291.4200134
4513	291.4200134
4514	291.3999939
4515	291.4200134
4516	291.4200134
4517	291.3800049
4518	291.3099976
4519	291.3099976
4520	291.3099976
4521	291.25
4522	291.230011
4523	291.230011
4524	291.4400024
4525	291.4200134
4526	291.3500061
4527	291.5
4528	291.4599915
4529	291.4400024
4530	291.4400024
4531	291.3999939
4532	291.3299866
4533	291.3800049
4534	291.4400024
4535	291.4400024
4536	291.3999939
4537	291.3500061
4538	291.1499939
4539	291.1700134
4540	291.0599976
4541	290.9599915
4542	291.0599976
4543	291.0799866
4544	291.0599976
4545	291.1000061
4546	291.1000061
4547	291.0400085
4548	291
4549	291.019989
4550	290.980011
4551	290.980011
4552	290.9400024
4553	290.980011
4554	290.8699951
4555	290.8699951
4556	290.6199951
4557	290.269989
4558	290.1000061
4559	289.5400085
4560	288.9500122
4561	288.2399902
4562	288.2399902
4563	286.980011
4564	286.3800049
4565	286.019989
4566	285.4400024
4567	285.0799866
4568	285
4569	284.8299866
4570	284.5599976
4571	284.5599976
4572	284.4700012
4573	284.519989
4574	284.519989
4575	284.4700012
4576	284.519989
4577	284.730011
4578	284.8900146
4579	285
4580	285.2099915
4581	285.230011
4582	285.3299866
4583	285.4400024
4584	285.6499939
4585	285.769989
4586	285.8299866
4587	285.8999939
4588	285.9200134
4589	285.980011
4590	286.1499939
4591	286.2900085
4592	286.480011
4593	286.5899963
4594	286.5899963
4595	286.7099915
4596	286.769989
4597	286.7999878
4598	286.9400024
4599	286.9400024
4600	287.0299988
4601	287.0299988
4602	287.0899963
4603	287.1700134
4604	287.2999878
4605	287.3399963
4606	287.3599854
4607	287.3800049
4608	287.3399963
4609	287.4899902
4610	287.5100098
4611	287.5899963
4612	287.6499939
4613	287.6499939
4614	287.6700134
4615	287.6300049
4616	287.6300049
4617	287.6300049
4618	287.6700134
4619	287.7200012
4620	287.8200073
4621	287.8399963
4622	287.8399963
4623	287.9500122
4624	287.9500122
4625	287.9899902
4626	287.9899902
4627	287.9700012
4628	288.0100098
4629	288.0100098
4630	288.0499878
4631	288.0100098
4632	288.0499878
4633	288.0499878
4634	288.1799927
4635	288.2200012
4636	288.1099854
4637	288.0299988
4638	287.9700012
4639	288.0899963
4640	288.0899963
4641	288.1099854
4642	288.1300049
4643	288.1799927
4644	288.2600098
4645	288.3399963
4646	288.3200073
4647	288.3399963
4648	288.2600098
4649	288.3200073
4650	288.3200073
4651	288.3200073
4652	288.3200073
4653	288.3399963
4654	288.3599854
4655	288.3900146
4656	288.4100037
4657	288.3900146
4658	288.3900146
4659	288.4299927
4660	288.3200073
4661	288.3900146
4662	288.4100037
4663	288.3900146
4664	288.4700012
4665	288.4700012
4666	288.4700012
4667	288.3900146
4668	288.3599854
4669	288.4100037
4670	288.3900146
4671	288.3399963
4672	288.3399963
4673	288.3900146
4674	288.4299927
4675	288.5299988
4676	288.5299988
4677	288.6400146
4678	288.6199951
4679	288.5899963
4680	288.6600037
4681	288.6400146
4682	288.5499878
4683	288.5499878
4684	288.5499878
4685	288.5100098
4686	288.5299988
4687	288.5899963
4688	288.5499878
4689	288.5899963
4690	288.5700073
4691	288.5499878
4692	288.6199951
4693	288.6199951
4694	288.5700073
4695	288.6400146
4696	288.5700073
4697	288.5700073
4698	288.5499878
4699	288.4899902
4700	288.5299988
4701	288.5499878
4702	288.5499878
4703	288.5100098
4704	288.5100098
4705	288.6199951
4706	288.6600037
4707	288.6199951
4708	288.5499878
4709	288.5700073
4710	288.5100098
4711	288.5100098
4712	288.6400146
4713	288.6799927
4714	288.6600037
4715	288.7000122
4716	288.7000122
4717	288.6400146
4718	288.7200012
4719	288.6600037
4720	288.6400146
4721	288.7000122
4722	288.7000122
4723	288.7200012
4724	288.6799927
4725	288.7399902
4726	288.6600037
4727	288.6799927
4728	288.5899963
4729	288.6600037
4730	288.6600037
4731	288.7399902
4732	288.6600037
4733	288.6799927
4734	288.6400146
4735	288.5899963
4736	288.5899963
4737	288.6400146
4738	288.6799927
4739	288.7000122
4740	288.5100098
4741	288.5700073
4742	288.5700073
4743	288.5499878
4744	288.5499878
4745	288.5899963
4746	288.5499878
4747	288.5499878
4748	288.5299988
4749	288.5299988
4750	288.5299988
4751	288.5499878
4752	288.5299988
4753	288.5499878
4754	288.6799927
4755	288.7200012
4756	288.7399902
4757	288.6799927
4758	288.6799927
4759	288.7200012
4760	288.7399902
4761	288.7600098
4762	288.8500061
4763	288.7399902
4764	288.7200012
4765	288.7200012
4766	288.6600037
4767	288.6600037
4768	288.6400146
4769	288.6600037
4770	288.6799927
4771	288.7200012
4772	288.7200012
4773	288.6199951
4774	288.6199951
4775	288.5899963
4776	288.5700073
4777	288.6199951
4778	288.6400146
4779	288.6400146
4780	288.6799927
4781	288.6799927
4782	288.7200012
4783	288.7200012
4784	288.7200012
4785	288.7200012
4786	288.6799927
4787	288.7200012
4788	288.6799927
4789	288.5899963
4790	288.5700073
4791	288.5899963
4792	288.5899963
4793	288.6400146
4794	288.6199951
4795	288.6600037
4796	288.6400146
4797	288.6799927
4798	288.6199951
4799	288.5499878
4800	288.5499878
4801	288.5499878
4802	288.5499878
4803	288.5499878
4804	288.4700012
4805	288.5700073
4806	288.5700073
4807	288.5499878
4808	288.5299988
4809	288.6199951
4810	288.5499878
4811	288.4700012
4812	288.4899902
4813	288.4899902
4814	288.6199951
4815	288.5899963
4816	288.5700073
4817	288.5899963
4818	288.5700073
4819	288.5499878
4820	288.5499878
4821	288.4700012
4822	288.5499878
4823	288.5700073
4824	288.6400146
4825	288.6199951
4826	288.5899963
4827	288.5700073
4828	288.5499878
4829	288.5700073
4830	288.5700073
4831	288.6199951
4832	288.5100098
4833	288.5899963
4834	288.6199951
4835	288.5700073
4836	288.4899902
4837	288.5499878
4838	288.5499878
4839	288.5299988
4840	288.5100098
4841	288.4100037
4842	288.5700073
4843	288.7799988
4844	289.0799866
4845	289.0799866
4846	289.3500061
4847	289.4500122
4848	289.4700012
4849	289.4500122
4850	289.5400085
4851	289.6000061
4852	289.6000061
4853	289.8900146
4854	290.019989
4855	290.0799866
4856	290.2000122
4857	290.2000122
4858	290.2900085
4859	290.4100037
4860	290.6199951
4861	290.8900146
4862	291
4863	291.1000061
4864	291.269989
4865	291.3800049
4866	291.5
4867	291.730011
4868	291.769989
4869	291.8200073
4870	291.8200073
4871	291.8599854
4872	291.8999939
4873	291.9400024
4874	291.9400024
4875	291.8599854
4876	291.8999939
4877	291.8200073
4878	291.7900085
4879	291.730011
4880	291.7099915
4881	291.6700134
4882	291.7099915
4883	291.769989
4884	291.769989
4885	291.769989
4886	291.8800049
4887	291.8200073
4888	291.730011
4889	291.7099915
4890	291.6900024
4891	291.6900024
4892	291.5799866
4893	291.519989
4894	291.519989
4895	291.5799866
4896	291.5599976
4897	291.5400085
4898	291.480011
4899	291.4400024
4900	291.4200134
4901	291.4200134
4902	291.3500061
4903	291.3299866
4904	291.3099976
4905	291.3099976
4906	291.4400024
4907	291.4400024
4908	291.3500061
4909	291.3299866
4910	291.3800049
4911	291.3800049
4912	291.3500061
4913	291.2099915
4914	291.0400085
4915	291.230011
4916	291.230011
4917	291.1499939
4918	291.1700134
4919	291.1900024
4920	291.1700134
4921	291.269989
4922	291.3500061
4923	291.3500061
4924	291.3800049
4925	291.230011
4926	291.2099915
4927	291.230011
4928	291.2099915
4929	291.269989
4930	291.3099976
4931	291.3299866
4932	291.4599915
4933	291.519989
4934	291.6700134
4935	291.6499939
4936	291.6499939
4937	291.6300049
4938	291.480011
4939	291.3999939
4940	291.3299866
4941	291.4400024
4942	291.3800049
4943	291.3800049
4944	291.3800049
4945	291.3299866
4946	291.3800049
4947	291.4400024
4948	291.4200134
4949	291.3999939
4950	291.3999939
4951	291.4200134
4952	291.3299866
4953	291.3299866
4954	291.3999939
4955	291.3999939
4956	291.4400024
4957	291.4400024
4958	291.4200134
4959	291.4200134
4960	291.5
4961	291.4599915
4962	291.4599915
4963	291.4200134
4964	291.5599976
4965	291.6499939
4966	291.7099915
4967	291.7900085
4968	291.8399963
4969	291.7900085
4970	291.730011
4971	291.6099854
4972	291.5400085
4973	291.5799866
4974	291.6900024
4975	291.75
4976	291.7900085
4977	291.9400024
4978	291.8399963
4979	291.8200073
4980	291.8399963
4981	291.769989
4982	291.8999939
4983	291.8800049
4984	291.8399963
4985	291.980011
4986	292.0700073
4987	292.0700073
4988	291.9400024
4989	292.0899963
4990	292.1700134
4991	292
4992	291.980011
4993	292.0700073
4994	292.0700073
4995	292.1099854
4996	292.1300049
4997	292.0899963
4998	292.019989
4999	292.0899963
5000	292.1099854
5001	292.1099854
5002	291.9400024
5003	291.8999939
5004	291.8800049
5005	291.8399963
5006	291.8399963
5007	291.8200073
5008	291.8399963
5009	291.8599854
5010	291.8599854
5011	291.8399963
5012	291.7900085
5013	291.8599854
5014	291.8599854
5015	291.8800049
5016	291.9400024
5017	291.9599915
5018	291.8399963
5019	291.6099854
5020	291.519989
5021	291.4400024
5022	291.3999939
5023	291.3299866
5024	291.1700134
5025	291.0400085
5026	291.0400085
5027	291.019989
5028	291.1199951
5029	291
5030	291.019989
5031	290.8699951
5032	290.8500061
5033	290.8500061
5034	290.730011
5035	290.6000061
5036	290.4299927
5037	290.1799927
5038	289.7200012
5039	289.3500061
5040	289.0299988
5041	287.9299927
5042	287.1900024
5043	286.8399963
5044	286.1300049
5045	285.5400085
5046	285.230011
5047	285.0400085
5048	284.519989
5049	284.4299927
5050	284.4100037
5051	284.4100037
5052	284.4500122
5053	284.4500122
5054	284.4500122
5055	284.519989
5056	284.6199951
5057	284.6799927
5058	284.6799927
5059	284.8500061
5060	285.019989
5061	285.0799866
5062	285.230011
5063	285.4599915
5064	285.5799866
5065	285.5799866
5066	285.769989
5067	285.8800049
5068	285.9200134
5069	286.1099854
5070	286.1900024
5071	286.25
5072	286.25
5073	286.4599915
5074	286.5400085
5075	286.5400085
5076	286.6099854
5077	286.6499939
5078	286.6900024
5079	286.769989
5080	286.769989
5081	286.8399963
5082	286.8399963
5083	286.8999939
5084	286.9200134
5085	286.980011
5086	287.0700073
5087	287.1499939
5088	287.2099915
5089	287.2600098
5090	287.2799988
5091	287.2600098
5092	287.3200073
5093	287.2799988
5094	287.3599854
5095	287.3599854
5096	287.3800049
5097	287.3800049
5098	287.4899902
5099	287.4700012
5100	287.4700012
5101	287.5899963
5102	287.5899963
5103	287.7000122
5104	287.7000122
5105	287.7000122
5106	287.7000122
5107	287.6300049
5108	287.6499939
5109	287.7000122
5110	287.6300049
5111	287.7200012
5112	287.8399963
5113	287.8599854
5114	287.8800049
5115	287.9899902
5116	287.9500122
5117	287.9500122
5118	287.9700012
5119	287.9500122
5120	287.8999939
5121	287.9700012
5122	287.9700012
5123	287.9700012
5124	287.9500122
5125	287.8999939
5126	287.9899902
5127	288.0499878
5128	288.0499878
5129	288.0499878
5130	287.9700012
5131	287.9299927
5132	287.9700012
5133	288.0299988
5134	288.0899963
5135	288.1600037
5136	288.1600037
5137	288.1600037
5138	288.2000122
5139	288.2000122
5140	288.2000122
5141	288.2399902
5142	288.2200012
5143	288.2200012
5144	288.2200012
5145	288.2000122
5146	288.1799927
5147	288.1799927
5148	288.1600037
5149	288.2799988
5150	288.2600098
5151	288.3399963
5152	288.2799988
5153	288.2600098
5154	288.1600037
5155	288.2000122
5156	288.1300049
5157	288.1300049
5158	288.1099854
5159	288.0899963
5160	288.0899963
5161	288.0499878
5162	287.9299927
5163	288.0299988
5164	287.9899902
5165	288.0899963
5166	288.0700073
5167	288.1099854
5168	288.1099854
5169	288.1600037
5170	288.1600037
5171	288.1799927
5172	288.2200012
5173	288.1799927
5174	288.1799927
5175	288.1799927
5176	288.1600037
5177	288.1799927
5178	288.1600037
5179	288.0899963
5180	288.1300049
5181	288.1300049
5182	288.2200012
5183	288.4299927
5184	288.4700012
5185	288.4700012
5186	288.4700012
5187	288.4299927
5188	288.4100037
5189	288.4500122
5190	288.3399963
5191	288.3399963
5192	288.2799988
5193	288.1799927
5194	288.0899963
5195	288.2200012
5196	288.2200012
5197	288.2799988
5198	288.2600098
5199	288.2200012
5200	288.1799927
5201	288.2600098
5202	288.2000122
5203	288.2600098
5204	288.2600098
5205	288.2999878
5206	288.3399963
5207	288.3399963
5208	288.2999878
5209	288.2399902
5210	288.2600098
5211	288.2200012
5212	288.2200012
5213	288.2200012
5214	288.2200012
5215	288.2000122
5216	288.1600037
5217	288.1600037
5218	288.1600037
5219	288.2000122
5220	288.1600037
5221	288.2000122
5222	288.0700073
5223	288.0700073
5224	288.0700073
5225	288.1099854
5226	288.1099854
5227	288.0499878
5228	288.1300049
5229	288.1099854
5230	288.1300049
5231	288.1300049
5232	288.2200012
5233	288.1799927
5234	288.2000122
5235	288.2000122
5236	288.1300049
5237	288.1300049
5238	288.0700073
5239	288.0700073
5240	288.0499878
5241	287.9500122
5242	288.0100098
5243	287.9700012
5244	288.0499878
5245	288.1099854
5246	288.1099854
5247	288.2000122
5248	288.2200012