1	370.29999
2	370.09999
3	370
4	370.40001
5	370
6	369.89999
7	369.89999
8	370.09999
9	370.20001
10	370.09999
11	370.09999
12	370.20001
13	370.09999
14	370.40001
15	370.09999
16	370.09999
17	370.09999
18	370.09999
19	370.20001
20	370.09999
21	370.09999
22	370.09999
23	370
24	370.09999
25	370.20001
26	370.40001
27	370.5
28	370.40001
29	370.5
30	370.7
31	370.59999
32	370.90001
33	371.10001
34	370.99999
35	370.99999
36	370.7
37	370.90001
38	370.99999
39	370.79999
40	371.10001
41	370.90001
42	370.90001
43	370.90001
44	371.10001
45	370.99999
46	371.10001
47	371.10001
48	371.10001
49	370.99999
50	371.30001
51	371.10001
52	371.10001
53	371.10001
54	371.10001
55	371.10001
56	370.99999
57	371.30001
58	371.30001
59	371.10001
60	371.30001
61	371.2
62	371.30001
63	371.2
64	371.2
65	371.2
66	371.2
67	371.4
68	371.2
69	371.10001
70	371.2
71	371.10001
72	371.2
73	371.10001
74	371.30001
75	371.4
76	371.4
77	371.4
78	371.6
79	371.4
80	371.49999
81	371.69999
82	371.69999
83	371.69999
84	371.80001
85	371.6
86	371.49999
87	371.6
88	371.69999
89	371.69999
90	371.49999
91	371.4
92	371.6
93	371.69999
94	371.49999
95	371.4
96	371.49999
97	371.69999
98	371.80001
99	371.69999
100	372.00001
101	371.89999
102	372.20001
103	372.1
104	372.3
105	372.59999
106	372.79999
107	373.10001
108	373.10001
109	373.60001
110	374.1
111	374.19999
112	374.90001
113	375.2
114	375.40001
115	375.9
116	376.19999
117	376.50001
118	376.6
119	376.8
120	377.20001
121	377.09999
122	377.20001
123	377.40001
124	377.5
125	377.5
126	377.60001
127	377.79999
128	377.79999
129	377.9
130	377.99999
131	377.9
132	378.19999
133	378.19999
134	378.19999
135	378.30001
136	378.6
137	378.50001
138	378.50001
139	378.50001
140	378.6
141	378.50001
142	378.50001
143	378.6
144	379.00001
145	378.8
146	378.89999
147	378.8
148	378.89999
149	379.09999
150	379.09999
151	378.69999
152	378.8
153	378.8
154	378.8
155	378.50001
156	378.6
157	378.6
158	378.6
159	378.6
160	378.50001
161	378.69999
162	378.69999
163	378.69999
164	378.69999
165	378.6
166	378.89999
167	378.8
168	378.89999
169	379.00001
170	378.89999
171	378.89999
172	378.8
173	378.89999
174	379.09999
175	378.8
176	378.6
177	378.6
178	378.50001
179	378.6
180	378.50001
181	378.4
182	378.69999
183	378.8
184	378.6
185	378.8
186	378.69999
187	378.8
188	378.8
189	378.6
190	378.8
191	378.8
192	378.69999
193	378.8
194	378.69999
195	378.8
196	378.89999
197	378.8
198	378.50001
199	378.50001
200	378.30001
201	378.50001
202	378.4
203	378.30001
204	378.4
205	378.19999
206	378.50001
207	378.69999
208	378.50001
209	378.69999
210	378.4
211	378.50001
212	378.50001
213	378.30001
214	378.50001
215	378.6
216	378.69999
217	378.6
218	378.69999
219	378.8
220	378.69999
221	378.6
222	378.69999
223	378.8
224	378.8
225	378.8
226	378.8
227	378.6
228	378.10001
229	378.10001
230	378.30001
231	378.50001
232	378.50001
233	378.50001
234	378.30001
235	378.50001
236	378.50001
237	378.4
238	378.30001
239	378.30001
240	378.30001
241	378.19999
242	378.19999
243	378.50001
244	378.4
245	378.6
246	378.50001
247	378.4
248	378.4
249	378.4
250	378.50001
251	378.50001
252	378.19999
253	378.19999
254	378.4
255	378.19999
256	378.4
257	378.4
258	378.50001
259	378.30001
260	378.4
261	378.30001
262	378.50001
263	378.50001
264	378.4
265	378.30001
266	378.50001
267	378.4
268	378.4
269	378.50001
270	378.50001
271	378.6
272	378.6
273	378.69999
274	378.6
275	378.50001
276	378.19999
277	378.19999
278	377.9
279	377.9
280	378.10001
281	377.7
282	377.5
283	377.5
284	377.5
285	377.40001
286	377.20001
287	377.09999
288	376.30001
289	374.90001
290	373
291	371.80001
292	368.7
293	365.79999
294	364.4
295	361.5
296	359.2
297	357.49999
298	356.59999
299	355.19999
300	354.29999
301	354
302	353.89999
303	354.09999
304	354.29999
305	354.7
306	355.10001
307	355.69999
308	356.40001
309	356.90001
310	357.2
311	357.89999
312	358.5
313	359.2
314	359.60001
315	360.3
316	360.70001
317	361
318	361.40001
319	361.9
320	362.50001
321	362.50001
322	363.20001
323	363.5
324	363.99999
325	364.10001
326	364.30001
327	364.89999
328	365.00001
329	365.20001
330	365.3
331	365.5
332	365.59999
333	365.90001
334	366.2
335	366.2
336	366.60001
337	366.60001
338	366.69999
339	366.9
340	367.00001
341	367.1
342	367.1
343	367.19999
344	367.19999
345	367.3
346	367.3
347	367.50001
348	367.59999
349	367.59999
350	367.90001
351	367.90001
352	367.8
353	368
354	368
355	368.2
356	368.2
357	368.2
358	368.49999
359	368.7
360	368.60001
361	368.80001
362	368.9
363	368.9
364	368.80001
365	369.1
366	369.19999
367	369.30001
368	369.1
369	369.39999
370	369.50001
371	369.30001
372	369.50001
373	369.50001
374	369.6
375	369.70001
376	369.70001
377	369.50001
378	369.6
379	369.8
380	369.8
381	369.8
382	369.50001
383	369.8
384	369.8
385	369.70001
386	369.6
387	369.8
388	369.8
389	369.89999
390	369.70001
391	369.6
392	369.70001
393	369.6
394	369.70001
395	369.6
396	369.8
397	369.89999
398	369.8
399	370
400	369.89999
401	369.8
402	369.8
403	369.8
404	369.89999
405	369.8
406	369.70001
407	369.8
408	369.8
409	369.89999
410	369.8
411	370
412	370.09999
413	370
414	370.09999
415	370.09999
416	370.20001
417	370.40001
418	370.29999
419	370.09999
420	370.20001
421	370.09999
422	370.09999
423	370.40001
424	370.20001
425	370.29999
426	370.29999
427	370.29999
428	370.5
429	370.29999
430	370.29999
431	370.20001
432	370.29999
433	370.29999
434	370.20001
435	370.40001
436	370.40001
437	370.29999
438	370.29999
439	370.29999
440	370.40001
441	370.20001
442	370.40001
443	370.40001
444	370.7
445	370.7
446	370.7
447	370.79999
448	370.79999
449	370.79999
450	370.79999
451	370.79999
452	370.90001
453	370.99999
454	370.7
455	370.59999
456	370.5
457	370.7
458	370.5
459	370.59999
460	370.7
461	370.7
462	370.59999
463	370.7
464	370.40001
465	370.40001
466	370.5
467	370.5
468	370.59999
469	370.7
470	370.59999
471	370.59999
472	370.7
473	370.7
474	370.7
475	370.7
476	370.79999
477	370.7
478	370.79999
479	370.79999
480	370.79999
481	370.79999
482	370.7
483	370.79999
484	370.90001
485	370.7
486	370.79999
487	370.79999
488	370.79999
489	370.79999
490	370.90001
491	370.90001
492	370.7
493	370.90001
494	370.7
495	370.90001
496	370.90001
497	370.7
498	370.7
499	370.99999
500	370.90001
501	370.79999
502	370.59999
503	370.79999
504	370.5
505	370.79999
506	370.7
507	370.59999
508	370.40001
509	370.40001
510	370.5
511	370.40001
512	370.40001
513	370.5
514	370.59999
515	370.7
516	370.40001
517	370.5
518	370.40001
519	370.40001
520	370.5
521	370.5
522	370.7
523	370.5
524	370.5
525	370.7
526	370.5
527	370.59999
528	370.59999
529	370.5
530	370.7
531	370.7
532	370.79999
533	370.79999
534	370.7
535	370.79999
536	370.7
537	370.79999
538	370.7
539	370.90001
540	370.7
541	370.7
542	370.7
543	370.59999
544	370.5
545	370.40001
546	370.5
547	370.7
548	370.59999
549	370.59999
550	370.79999
551	370.7
552	370.7
553	370.59999
554	370.7
555	370.5
556	370.59999
557	370.7
558	370.7
559	370.90001
560	370.40001
561	370.7
562	370.7
563	370.7
564	370.7
565	370.7
566	370.7
567	370.5
568	370.79999
569	370.7
570	370.7
571	370.79999
572	371.10001
573	371.4
574	371.4
575	371.4
576	371.49999
577	371.4
578	371.69999
579	371.4
580	371.69999
581	372.00001
582	372.20001
583	372.59999
584	373.10001
585	373.69999
586	374.00001
587	374.39999
588	374.70001
589	375.29999
590	375.49999
591	375.99999
592	376.19999
593	376.30001
594	376.50001
595	376.50001
596	376.6
597	376.89999
598	376.89999
599	377.20001
600	377.20001
601	377.09999
602	377.09999
603	377.20001
604	377.20001
605	377.20001
606	377.29999
607	377.29999
608	377.20001
609	377.29999
610	377.20001
611	377.40001
612	377.5
613	377.20001
614	377.5
615	377.40001
616	377.40001
617	377.40001
618	377.40001
619	377.40001
620	377.20001
621	377.20001
622	377.40001
623	377.20001
624	377.29999
625	377.5
626	377.29999
627	377.29999
628	377.40001
629	377.40001
630	377.20001
631	377.29999
632	377.20001
633	377.20001
634	377.20001
635	377.20001
636	377.09999
637	377.09999
638	377
639	377.09999
640	377.20001
641	377.20001
642	377.20001
643	377.29999
644	377.20001
645	377.29999
646	377.29999
647	377.40001
648	377.5
649	377.20001
650	377.29999
651	377.40001
652	377.29999
653	377.20001
654	377.29999
655	377
656	377.20001
657	377.20001
658	377.29999
659	377.09999
660	377.29999
661	377.5
662	377.40001
663	377.29999
664	377.40001
665	377.40001
666	377.29999
667	377.09999
668	377.20001
669	377.09999
670	377.20001
671	377.20001
672	377.20001
673	377.5
674	377.40001
675	377.5
676	377.5
677	377.5
678	377.7
679	377.5
680	377.60001
681	377.5
682	377.29999
683	377.5
684	377.5
685	377.5
686	377.5
687	377.5
688	377.5
689	377.40001
690	377.60001
691	377.5
692	377.5
693	377.60001
694	377.60001
695	377.7
696	377.5
697	377.60001
698	377.5
699	377.5
700	377.60001
701	377.5
702	377.5
703	377.5
704	377.5
705	377.5
706	377.5
707	377.7
708	377.60001
709	377.5
710	377.5
711	377.5
712	377.5
713	377.5
714	377.79999
715	377.5
716	377.60001
717	377.5
718	377.5
719	377.60001
720	377.7
721	377.60001
722	377.5
723	377.5
724	377.5
725	377.5
726	377.5
727	377.40001
728	377.40001
729	377.40001
730	377.29999
731	377.29999
732	377.20001
733	377.40001
734	377.40001
735	377.5
736	377.5
737	377.5
738	377.5
739	377.60001
740	377.29999
741	377.40001
742	377.60001
743	377.60001
744	377.5
745	377.20001
746	377.20001
747	377.40001
748	376.89999
749	376.89999
750	376.70001
751	376.70001
752	376.50001
753	376.50001
754	376.6
755	376.70001
756	376.6
757	376.8
758	376.6
759	376.30001
760	375.9
761	374.90001
762	374.00001
763	371.89999
764	369.19999
765	366.60001
766	365.1
767	362.30001
768	359.80001
769	357.89999
770	356.90001
771	355.30001
772	354.40001
773	353.50001
774	353.39999
775	353.19999
776	353.39999
777	353.50001
778	354
779	354.5
780	355.30001
781	355.6
782	356.3
783	356.90001
784	357.89999
785	358.39999
786	359.2
787	360.1
788	360.50001
789	360.8
790	361.40001
791	361.7
792	362.19999
793	362.6
794	362.89999
795	363.20001
796	363.7
797	363.79999
798	364.10001
799	364.30001
800	364.49999
801	364.6
802	365.00001
803	365.20001
804	365.3
805	365.3
806	365.59999
807	365.59999
808	365.79999
809	366
810	366.2
811	366.2
812	366.29999
813	366.60001
814	366.60001
815	366.69999
816	366.69999
817	367.00001
818	367.1
819	367.3
820	367.39999
821	367.19999
822	367.50001
823	367.50001
824	367.39999
825	367.50001
826	367.50001
827	367.70001
828	367.59999
829	367.70001
830	367.8
831	367.90001
832	367.90001
833	368.09999
834	368.2
835	368.29999
836	368.29999
837	368.09999
838	368.2
839	368.2
840	368.29999
841	368.40001
842	368.29999
843	368.40001
844	368.49999
845	368.40001
846	368.7
847	368.49999
848	368.49999
849	368.49999
850	368.49999
851	368.49999
852	368.49999
853	368.7
854	368.80001
855	368.80001
856	368.7
857	368.80001
858	368.9
859	368.99999
860	369.1
861	369.19999
862	368.99999
863	369.19999
864	369.30001
865	369.1
866	369.1
867	369.39999
868	369.30001
869	369.19999
870	369.1
871	369.19999
872	369.30001
873	369.19999
874	369.30001
875	369.30001
876	369.30001
877	369.39999
878	369.50001
879	369.39999
880	369.39999
881	369.50001
882	369.50001
883	369.50001
884	369.39999
885	369.39999
886	369.30001
887	369.19999
888	369.30001
889	369.30001
890	369.39999
891	369.50001
892	369.6
893	369.70001
894	369.8
895	369.70001
896	369.70001
897	369.50001
898	369.8
899	369.8
900	369.6
901	369.70001
902	369.8
903	369.70001
904	369.8
905	369.89999
906	369.8
907	369.8
908	369.70001
909	369.70001
910	369.6
911	369.8
912	369.70001
913	369.8
914	369.8
915	369.70001
916	369.70001
917	369.70001
918	369.8
919	369.6
920	369.39999
921	369.50001
922	369.8
923	369.8
924	369.8
925	369.89999
926	370
927	369.89999
928	369.89999
929	369.89999
930	369.8
931	369.8
932	369.8
933	369.70001
934	369.50001
935	369.50001
936	369.6
937	369.8
938	369.89999
939	369.8
940	369.89999
941	370
942	370
943	370.09999
944	369.89999
945	370.09999
946	370
947	370
948	369.89999
949	370.09999
950	370.09999
951	370.09999
952	370.09999
953	370.20001
954	370.29999
955	370.29999
956	370.09999
957	370.20001
958	370.09999
959	370.20001
960	370
961	370
962	370.09999
963	370.09999
964	370.09999
965	370.20001
966	370.29999
967	370.20001
968	370.09999
969	370.20001
970	370.20001
971	370.40001
972	370.09999
973	370.20001
974	370.20001
975	370.09999
976	370.29999
977	370.29999
978	370.20001
979	370.09999
980	370.09999
981	370.09999
982	370
983	370.09999
984	370.20001
985	370.29999
986	370.09999
987	370.40001
988	370.29999
989	370.40001
990	370.29999
991	370.29999
992	370.29999
993	370.40001
994	370.29999
995	370.5
996	370.5
997	370.7
998	370.40001
999	370.40001
1000	370.5
1001	370.40001
1002	370.5
1003	370.5
1004	370.5
1005	370.40001
1006	370.40001
1007	370.59999
1008	370.40001
1009	370.29999
1010	370.5
1011	370.40001
1012	370.5
1013	370.20001
1014	370.09999
1015	370
1016	369.8
1017	369.70001
1018	369.6
1019	369.8
1020	369.50001
1021	369.39999
1022	369.1
1023	369.1
1024	369.1
1025	368.9
1026	368.7
1027	368.60001
1028	368.49999
1029	368.49999
1030	368.29999
1031	368.40001
1032	368.29999
1033	368.60001
1034	368.2
1035	368.2
1036	368.2
1037	368
1038	368.2
1039	368.2
1040	368
1041	367.70001
1042	367.90001
1043	367.90001
1044	368.2
1045	368.2
1046	368.49999
1047	368.09999
1048	368.2
1049	368.09999
1050	368.09999
1051	368.29999
1052	368.49999
1053	368.80001
1054	369.19999
1055	369.8
1056	370.29999
1057	370.40001
1058	371.10001
1059	371.80001
1060	372.3
1061	372.5
1062	372.70001
1063	372.90001
1064	373
1065	373.29999
1066	373.4
1067	373.60001
1068	373.69999
1069	373.60001
1070	373.9
1071	374.00001
1072	374.00001
1073	374.3
1074	374.39999
1075	374.3
1076	374.59999
1077	374.50001
1078	374.39999
1079	374.3
1080	374.39999
1081	374.3
1082	374.70001
1083	374.1
1084	374.3
1085	374.3
1086	374.3
1087	373.80001
1088	373.9
1089	374.00001
1090	374.1
1091	374.3
1092	374.39999
1093	374.59999
1094	374.70001
1095	374.59999
1096	374.8
1097	374.59999
1098	374.8
1099	374.90001
1100	374.8
1101	374.8
1102	375.2
1103	375.2
1104	374.90001
1105	375.40001
1106	374.90001
1107	375.29999
1108	375
1109	374.90001
1110	375
1111	375
1112	374.90001
1113	374.59999
1114	374.59999
1115	374.8
1116	374.59999
1117	373.60001
1118	373.69999
1119	373.69999
1120	373.9
1121	374.3
1122	374.3
1123	374.90001
1124	374.90001
1125	375.2
1126	375
1127	375.2
1128	375.40001
1129	375.09999
1130	375.29999
1131	375.09999
1132	374.90001
1133	374.90001
1134	374.70001
1135	374.70001
1136	374.90001
1137	374.59999
1138	374.59999
1139	374.90001
1140	374.90001
1141	374.90001
1142	375.09999
1143	375.09999
1144	375
1145	375.09999
1146	375
1147	375.09999
1148	375.09999
1149	375.29999
1150	375.2
1151	375.29999
1152	375.60001
1153	375.29999
1154	375.2
1155	375.2
1156	374.8
1157	374.70001
1158	374.39999
1159	374.39999
1160	374.59999
1161	374.50001
1162	374.50001
1163	374.50001
1164	374.90001
1165	374.70001
1166	374.90001
1167	374.90001
1168	374.8
1169	374.59999
1170	374.59999
1171	374.50001
1172	374.50001
1173	374.8
1174	375.09999
1175	374.90001
1176	374.59999
1177	374.90001
1178	374.90001
1179	374.90001
1180	374.8
1181	374.8
1182	374.90001
1183	374.90001
1184	375.2
1185	375.29999
1186	375.40001
1187	375.7
1188	375.60001
1189	375.40001
1190	375.49999
1191	375.29999
1192	375.29999
1193	375.29999
1194	375.2
1195	375
1196	374.90001
1197	375
1198	374.90001
1199	374.90001
1200	374.8
1201	374.90001
1202	374.70001
1203	375
1204	375.09999
1205	375.09999
1206	374.70001
1207	374.8
1208	374.90001
1209	375
1210	375
1211	375
1212	375
1213	375
1214	374.90001
1215	374.90001
1216	374.90001
1217	374.59999
1218	374.70001
1219	374.8
1220	374.90001
1221	374.8
1222	374.59999
1223	374.39999
1224	374.3
1225	374.1
1226	374.00001
1227	374.00001
1228	374.00001
1229	374.19999
1230	374.00001
1231	374.00001
1232	373.9
1233	373.10001
1234	372.5
1235	370.7
1236	368.60001
1237	365.79999
1238	364.49999
1239	361.7
1240	359.2
1241	358.1
1242	355.8
1243	354.09999
1244	352.7
1245	352.10001
1246	351.39999
1247	351.39999
1248	351.39999
1249	351.5
1250	351.90001
1251	352.49999
1252	352.9
1253	353.30001
1254	354
1255	354.5
1256	355.30001
1257	355.6
1258	356.3
1259	356.99999
1260	357.6
1261	357.69999
1262	358.39999
1263	358.79999
1264	359.2
1265	359.60001
1266	360.1
1267	360.59999
1268	360.8
1269	361.5
1270	361.60001
1271	361.5
1272	361.60001
1273	361.5
1274	361.5
1275	361.7
1276	361.7
1277	361.9
1278	362.10001
1279	362.19999
1280	362.6
1281	362.69999
1282	363.00001
1283	363.09999
1284	363.3
1285	363.40001
1286	363.7
1287	363.90001
1288	363.79999
1289	363.79999
1290	363.7
1291	363.79999
1292	363.7
1293	363.99999
1294	364.10001
1295	364.30001
1296	364.30001
1297	364.49999
1298	364.49999
1299	364.6
1300	364.6
1301	364.69999
1302	364.80001
1303	365.00001
1304	365.00001
1305	364.6
1306	364.89999
1307	364.69999
1308	364.6
1309	364.80001
1310	364.69999
1311	364.6
1312	364.80001
1313	364.89999
1314	365.00001
1315	365.1
1316	365.1
1317	365.3
1318	365.20001
1319	365.3
1320	365.3
1321	365.39999
1322	365.3
1323	365.3
1324	365.59999
1325	365.3
1326	365.5
1327	365.59999
1328	365.59999
1329	365.59999
1330	365.5
1331	365.3
1332	365.3
1333	365.3
1334	365.00001
1335	365.1
1336	365.3
1337	365.20001
1338	365.20001
1339	365.5
1340	365.3
1341	365.39999
1342	365.3
1343	365.5
1344	365.70001
1345	365.70001
1346	365.70001
1347	365.59999
1348	365.5
1349	365.59999
1350	365.59999
1351	365.5
1352	365.59999
1353	365.5
1354	365.59999
1355	365.70001
1356	365.90001
1357	365.79999
1358	365.70001
1359	365.70001
1360	365.70001
1361	365.79999
1362	366
1363	365.90001
1364	365.59999
1365	365.90001
1366	366.10001
1367	365.79999
1368	365.90001
1369	365.79999
1370	365.79999
1371	365.79999
1372	365.70001
1373	366
1374	366
1375	366
1376	365.90001
1377	365.90001
1378	365.90001
1379	365.79999
1380	365.79999
1381	365.90001
1382	366.10001
1383	365.90001
1384	365.79999
1385	365.90001
1386	365.90001
1387	366.10001
1388	366
1389	365.90001
1390	366.2
1391	366
1392	366.2
1393	365.90001
1394	366.4
1395	366.2
1396	366.4
1397	366.4
1398	366.29999
1399	366.29999
1400	366.2
1401	366.29999
1402	366.4
1403	366.2
1404	366.29999
1405	366.2
1406	366.4
1407	366.2
1408	366.4
1409	366.4
1410	366.29999
1411	366.49999
1412	366.2
1413	366.2
1414	366.2
1415	366.2
1416	366
1417	366.2
1418	366.2
1419	366
1420	366.2
1421	366.2
1422	366.2
1423	366.2
1424	366.2
1425	366.2
1426	366.4
1427	366.2
1428	366
1429	366.10001
1430	365.90001
1431	366
1432	365.90001
1433	365.79999
1434	365.59999
1435	365.90001
1436	366
1437	365.90001
1438	365.90001
1439	365.90001
1440	365.90001
1441	366.10001
1442	365.90001
1443	366.2
1444	366.29999
1445	366.2
1446	366.2
1447	366.2
1448	366.10001
1449	366
1450	366.2
1451	366.10001
1452	366.2
1453	366.2
1454	366.2
1455	366.29999
1456	366.49999
1457	366.29999
1458	366.60001
1459	366.60001
1460	366.4
1461	366.49999
1462	366.49999
1463	366.4
1464	366.4
1465	366.60001
1466	366.49999
1467	366.4
1468	366.29999
1469	366.4
1470	366.49999
1471	366.49999
1472	366.49999
1473	366.60001
1474	366.69999
1475	366.60001
1476	366.60001
1477	366.4
1478	366.2
1479	366.2
1480	366.2
1481	366.29999
1482	366.2
1483	366.4
1484	366.60001
1485	366.2
1486	366.4
1487	366.4
1488	366.4
1489	366.29999
1490	366.29999
1491	366.49999
1492	366.29999
1493	366.60001
1494	366.60001
1495	366.29999
1496	366.49999
1497	366.49999
1498	366.69999
1499	366.60001
1500	366.60001
1501	366.4
1502	366.60001
1503	366.60001
1504	366.60001
1505	366.69999
1506	366.69999
1507	366.60001
1508	366.60001
1509	366.9
1510	366.69999
1511	366.60001
1512	366.69999
1513	367.19999
1514	367.00001
1515	366.80001
1516	367.00001
1517	366.9
1518	367.1
1519	367.19999
1520	367.19999
1521	367.19999
1522	367.19999
1523	367.39999
1524	367.8
1525	367.8
1526	367.90001
1527	368.29999
1528	368.80001
1529	369.1
1530	369.8
1531	370.29999
1532	370.79999
1533	370.90001
1534	371.2
1535	371.80001
1536	371.69999
1537	372.1
1538	372.5
1539	372.70001
1540	372.70001
1541	373
1542	372.90001
1543	373
1544	372.70001
1545	372.90001
1546	373
1547	372.90001
1548	373
1549	373.29999
1550	373.29999
1551	373
1552	373.29999
1553	373.10001
1554	373.29999
1555	373.2
1556	373.29999
1557	373.29999
1558	373.29999
1559	373.29999
1560	373.60001
1561	373.60001
1562	373.4
1563	373.60001
1564	373.60001
1565	373.29999
1566	373.49999
1567	373.4
1568	373.80001
1569	373.69999
1570	374.00001
1571	374.00001
1572	374.00001
1573	374.00001
1574	373.9
1575	373.9
1576	373.9
1577	374.00001
1578	373.80001
1579	373.69999
1580	374.00001
1581	373.80001
1582	373.9
1583	374.00001
1584	374.1
1585	374.3
1586	374.3
1587	374.19999
1588	374.3
1589	374.39999
1590	374.3
1591	373.9
1592	374.1
1593	374.1
1594	374.00001
1595	373.69999
1596	373.60001
1597	373.80001
1598	373.49999
1599	373.80001
1600	373.4
1601	373.29999
1602	373.29999
1603	373.29999
1604	373.29999
1605	373.29999
1606	373.49999
1607	373.60001
1608	373.49999
1609	373.9
1610	373.69999
1611	373.9
1612	373.9
1613	374.00001
1614	374.00001
1615	374.00001
1616	374.1
1617	374.1
1618	374.00001
1619	374.19999
1620	374.19999
1621	374.3
1622	374.3
1623	374.3
1624	374.59999
1625	374.50001
1626	374.50001
1627	374.50001
1628	374.8
1629	374.59999
1630	374.50001
1631	374.8
1632	374.50001
1633	374.59999
1634	374.59999
1635	374.59999
1636	374.70001
1637	374.8
1638	374.70001
1639	374.50001
1640	374.59999
1641	374.59999
1642	374.39999
1643	374.3
1644	374.1
1645	374.19999
1646	373.80001
1647	374.00001
1648	373.9
1649	373.69999
1650	373.9
1651	373.80001
1652	373.9
1653	373.80001
1654	373.80001
1655	373.69999
1656	374.00001
1657	373.9
1658	374.3
1659	374.1
1660	374.1
1661	374.19999
1662	374.19999
1663	374.00001
1664	374.1
1665	374.1
1666	374.00001
1667	373.80001
1668	373.69999
1669	373.69999
1670	373.29999
1671	373.60001
1672	373.49999
1673	373.29999
1674	373.49999
1675	373.60001
1676	373.60001
1677	373.60001
1678	374.00001
1679	374.00001
1680	374.1
1681	374.00001
1682	373.9
1683	374.00001
1684	374.00001
1685	374.00001
1686	374.00001
1687	373.69999
1688	374.00001
1689	374.00001
1690	374.1
1691	374.1
1692	370.09999
1693	374.19999
1694	374.1
1695	374.00001
1696	373.4
1697	373.60001
1698	373.49999
1699	373.60001
1700	373.49999
1701	373.60001
1702	373.49999
1703	373.29999
1704	373.60001
1705	373.4
1706	373.29999
1707	372.70001
1708	371.30001
1709	370.5
1710	368.49999
1711	365.79999
1712	362.8
1713	361.40001
1714	358.70001
1715	356.09999
1716	354.09999
1717	353.19999
1718	352.10001
1719	351.3
1720	350.89999
1721	350.69999
1722	350.89999
1723	351.39999
1724	351.59999
1725	352
1726	352.7
1727	353.30001
1728	353.6
1729	354.20001
1730	355.10001
1731	356.20001
1732	356.40001
1733	357.2
1734	358.20001
1735	358.5
1736	358.79999
1737	359.2
1738	359.69999
1739	360.3
1740	360.39999
1741	360.8
1742	361.09999
1743	361.40001
1744	361.5
1745	361.79999
1746	361.7
1747	361.99999
1748	362.30001
1749	362.50001
1750	362.4
1751	362.50001
1752	363.00001
1753	363.00001
1754	363.09999
1755	363.3
1756	363.7
1757	363.79999
1758	363.99999
1759	363.99999
1760	364.30001
1761	364.4
1762	364.6
1763	364.6
1764	365.1
1765	365.00001
1766	365.3
1767	365.1
1768	365.1
1769	365.1
1770	365.3
1771	365.39999
1772	365.39999
1773	365.59999
1774	365.39999
1775	365.3
1776	365.5
1777	365.39999
1778	365.3
1779	365.20001
1780	365.5
1781	365.59999
1782	365.59999
1783	365.20001
1784	365.5
1785	365.59999
1786	365.59999
1787	365.90001
1788	365.70001
1789	366
1790	365.90001
1791	366
1792	365.90001
1793	365.90001
1794	366.10001
1795	366.10001
1796	365.90001
1797	366.2
1798	366.2
1799	366.2
1800	366.2
1801	366.49999
1802	366.29999
1803	366.2
1804	366.2
1805	366.29999
1806	366.49999
1807	366.60001
1808	366.60001
1809	366.4
1810	366.49999
1811	366.4
1812	366.29999
1813	366.4
1814	366.29999
1815	366.49999
1816	366.4
1817	366.29999
1818	366.49999
1819	366.29999
1820	366.4
1821	366.29999
1822	366.60001
1823	366.2
1824	366.2
1825	365.90001
1826	366.2
1827	366.2
1828	366.29999
1829	366.4
1830	366.2
1831	366.2
1832	366.2
1833	366.4
1834	366.60001
1835	366.49999
1836	366.4
1837	366.60001
1838	366.60001
1839	366.60001
1840	366.69999
1841	366.69999
1842	366.69999
1843	366.80001
1844	366.69999
1845	366.60001
1846	366.60001
1847	366.60001
1848	366.60001
1849	366.29999
1850	366.4
1851	366.2
1852	366.2
1853	366.2
1854	366.10001
1855	366.49999
1856	366.49999
1857	366.60001
1858	366.80001
1859	366.4
1860	366.60001
1861	366.69999
1862	366.80001
1863	366.69999
1864	366.60001
1865	366.9
1866	366.9
1867	366.60001
1868	366.49999
1869	366.80001
1870	366.80001
1871	366.60001
1872	366.69999
1873	366.60001
1874	366.60001
1875	366.4
1876	366.60001
1877	366.69999
1878	366.60001
1879	366.9
1880	366.60001
1881	366.60001
1882	366.60001
1883	366.60001
1884	366.60001
1885	366.60001
1886	366.69999
1887	366.9
1888	367.19999
1889	367.1
1890	367.1
1891	367.19999
1892	367.3
1893	367.19999
1894	367.1
1895	367.00001
1896	366.9
1897	367.19999
1898	366.9
1899	366.9
1900	366.80001
1901	366.69999
1902	366.80001
1903	366.80001
1904	366.9
1905	367.00001
1906	366.80001
1907	366.69999
1908	366.60001
1909	366.69999
1910	366.80001
1911	366.9
1912	367.00001
1913	367.1
1914	367.00001
1915	367.3
1916	367.1
1917	367.00001
1918	366.9
1919	367.00001
1920	366.80001
1921	366.9
1922	366.9
1923	366.9
1924	366.80001
1925	366.80001
1926	366.80001
1927	366.9
1928	367.1
1929	367.1
1930	367.19999
1931	367.00001
1932	367.19999
1933	367.19999
1934	367.19999
1935	367.19999
1936	367.19999
1937	367.19999
1938	366.9
1939	367.39999
1940	367.3
1941	367.3
1942	367.19999
1943	367.19999
1944	367.1
1945	366.9
1946	366.9
1947	367.00001
1948	366.9
1949	366.9
1950	366.9
1951	366.9
1952	367.00001
1953	367.00001
1954	367.19999
1955	367.1
1956	367.3
1957	367.39999
1958	367.50001
1959	367.3
1960	367.50001
1961	367.39999
1962	367.3
1963	367.39999
1964	367.50001
1965	367.39999
1966	367.39999
1967	367.3
1968	367.50001
1969	367.70001
1970	367.90001
1971	367.70001
1972	367.50001
1973	367.8
1974	367.59999
1975	367.59999
1976	367.50001
1977	367.59999
1978	367.59999
1979	367.59999
1980	367.8
1981	367.90001
1982	367.59999
1983	367.59999
1984	367.90001
1985	367.90001
1986	367.70001
1987	367.70001
1988	367.59999
1989	367.70001
1990	367.70001
1991	368.09999
1992	368.2
1993	368.49999
1994	368.49999
1995	368.80001
1996	368.9
1997	368.9
1998	369.1
1999	369.1
2000	369.1
2001	369.50001
2002	370.09999
2003	370.7
2004	370.7
2005	371.2
2006	371.69999
2007	372.00001
2008	372.1
2009	372.3
2010	372.79999
2011	373
2012	373.29999
2013	373.49999
2014	373.80001
2015	374.00001
2016	374.00001
2017	374.3
2018	374.3
2019	374.3
2020	374.3
2021	374.59999
2022	374.50001
2023	374.59999
2024	374.8
2025	374.59999
2026	374.8
2027	374.70001
2028	374.8
2029	374.70001
2030	374.8
2031	374.70001
2032	374.70001
2033	374.59999
2034	374.59999
2035	374.59999
2036	374.59999
2037	374.70001
2038	374.8
2039	374.90001
2040	374.90001
2041	375.09999
2042	374.90001
2043	374.90001
2044	374.90001
2045	374.70001
2046	374.8
2047	375.09999
2048	374.59999
2049	374.8
2050	375.09999
2051	375
2052	374.90001
2053	375.2
2054	375.2
2055	374.90001
2056	374.90001
2057	375
2058	374.90001
2059	375
2060	375.2
2061	375
2062	375
2063	375
2064	374.90001
2065	374.90001
2066	374.90001
2067	374.90001
2068	375.09999
2069	375.09999
2070	375.29999
2071	375.09999
2072	375.2
2073	374.90001
2074	374.90001
2075	374.8
2076	374.70001
2077	374.90001
2078	374.70001
2079	374.59999
2080	374.59999
2081	374.39999
2082	374.59999
2083	374.50001
2084	374.8
2085	374.70001
2086	374.90001
2087	374.59999
2088	374.8
2089	374.39999
2090	374.50001
2091	374.3
2092	374.59999
2093	374.70001
2094	374.59999
2095	374.90001
2096	374.70001
2097	374.90001
2098	374.70001
2099	374.70001
2100	374.3
2101	374.50001
2102	374.3
2103	374.59999
2104	374.50001
2105	374.3
2106	374.1
2107	374.00001
2108	374.00001
2109	374.19999
2110	374.1
2111	373.9
2112	374.3
2113	374.19999
2114	374.00001
2115	374.1
2116	374.1
2117	373.9
2118	374.3
2119	374.00001
2120	374.00001
2121	374.1
2122	374.39999
2123	374.3
2124	374.3
2125	374.00001
2126	374.1
2127	374.00001
2128	374.1
2129	373.9
2130	373.9
2131	373.9
2132	373.9
2133	373.80001
2134	373.9
2135	374.3
2136	374.3
2137	374.39999
2138	374.59999
2139	374.3
2140	374.39999
2141	374.3
2142	374.59999
2143	374.50001
2144	374.8
2145	374.59999
2146	374.39999
2147	374.3
2148	374.00001
2149	373.80001
2150	373.60001
2151	373.80001
2152	373.60001
2153	373
2154	373.29999
2155	373.10001
2156	373.2
2157	373.29999
2158	373.10001
2159	373.29999
2160	373.29999
2161	373.60001
2162	373.60001
2163	373.60001
2164	373.69999
2165	373.60001
2166	373.69999
2167	373.80001
2168	373.29999
2169	373.2
2170	373
2171	372.79999
2172	372.79999
2173	372.39999
2174	372.5
2175	372.5
2176	372.5
2177	372.39999
2178	372.1
2179	371.80001
2180	371.69999
2181	371.30001
2182	370.20001
2183	369.1
2184	368.29999
2185	366.2
2186	363.7
2187	361
2188	359.9
2189	357.6
2190	355.6
2191	353.6
2192	352.7
2193	351.3
2194	350.49999
2195	349.90001
2196	349.79999
2197	349.79999
2198	349.79999
2199	350.2
2200	350.4
2201	350.89999
2202	351.59999
2203	352.4
2204	352.4
2205	353.1
2206	353.89999
2207	354.29999
2208	354.99999
2209	355.89999
2210	356.3
2211	357.10001
2212	357.6
2213	358.20001
2214	358.59999
2215	359
2216	359.29999
2217	359.4
2218	360.1
2219	360.1
2220	360.70001
2221	361
2222	361.09999
2223	361.5
2224	361.5
2225	361.79999
2226	361.79999
2227	361.99999
2228	362.4
2229	362.50001
2230	362.69999
2231	362.89999
2232	363.09999
2233	363.7
2234	363.40001
2235	363.40001
2236	363.79999
2237	363.99999
2238	363.99999
2239	364.10001
2240	364.10001
2241	364.30001
2242	364.49999
2243	364.6
2244	364.69999
2245	364.6
2246	364.2
2247	364.6
2248	364.6
2249	364.6
2250	364.49999
2251	365.00001
2252	364.6
2253	364.80001
2254	364.49999
2255	364.6
2256	364.69999
2257	364.89999
2258	364.69999
2259	364.6
2260	364.49999
2261	364.49999
2262	364.6
2263	364.6
2264	364.80001
2265	365.00001
2266	365.00001
2267	364.89999
2268	365.00001
2269	365.1
2270	365.3
2271	365.5
2272	365.39999
2273	365.3
2274	365.5
2275	365.3
2276	364.80001
2277	365.5
2278	365.39999
2279	365.3
2280	365.5
2281	365.39999
2282	365.5
2283	365.59999
2284	365.5
2285	365.5
2286	365.39999
2287	365.59999
2288	365.59999
2289	365.39999
2290	365.3
2291	365.5
2292	365.3
2293	365.39999
2294	365.5
2295	365.3
2296	365.5
2297	365.59999
2298	365.59999
2299	365.59999
2300	365.59999
2301	365.59999
2302	365.59999
2303	365.59999
2304	365.39999
2305	365.70001
2306	365.79999
2307	365.90001
2308	365.70001
2309	365.90001
2310	365.59999
2311	366
2312	365.90001
2313	366
2314	365.79999
2315	365.79999
2316	365.90001
2317	365.90001
2318	366
2319	365.79999
2320	366
2321	365.70001
2322	366
2323	365.79999
2324	366.10001
2325	366
2326	365.90001
2327	365.70001
2328	365.90001
2329	365.79999
2330	365.79999
2331	365.70001
2332	365.90001
2333	365.70001
2334	365.59999
2335	365.70001
2336	365.70001
2337	365.5
2338	365.79999
2339	365.59999
2340	365.59999
2341	365.70001
2342	365.59999
2343	365.79999
2344	365.59999
2345	365.79999
2346	365.5
2347	365.79999
2348	365.90001
2349	365.90001
2350	365.70001
2351	365.90001
2352	365.90001
2353	365.90001
2354	365.79999
2355	365.5
2356	365.59999
2357	365.79999
2358	365.90001
2359	365.90001
2360	365.90001
2361	365.59999
2362	365.70001
2363	365.59999
2364	365.79999
2365	365.59999
2366	365.90001
2367	365.90001
2368	365.70001
2369	365.59999
2370	365.90001
2371	365.59999
2372	365.70001
2373	365.59999
2374	366.10001
2375	366.10001
2376	366.10001
2377	365.90001
2378	365.90001
2379	365.90001
2380	366
2381	365.90001
2382	366
2383	366.10001
2384	366.29999
2385	366.10001
2386	366
2387	365.90001
2388	366.10001
2389	366.2
2390	366.2
2391	366
2392	366.2
2393	366.2
2394	366.4
2395	366.2
2396	366.4
2397	366.60001
2398	366.49999
2399	366.29999
2400	366.2
2401	366.2
2402	366.4
2403	366.2
2404	366.4
2405	366.49999
2406	366.60001
2407	366.49999
2408	366.60001
2409	366.49999
2410	366.60001
2411	366.60001
2412	366.60001
2413	366.60001
2414	366.60001
2415	366.29999
2416	366.29999
2417	366.29999
2418	366.4
2419	366.60001
2420	366.4
2421	366.60001
2422	366.60001
2423	366.69999
2424	366.60001
2425	366.69999
2426	366.60001
2427	366.60001
2428	366.49999
2429	366.29999
2430	366.49999
2431	366.29999
2432	366.29999
2433	366.2
2434	366.2
2435	366.10001
2436	366.2
2437	366.2
2438	366
2439	366.29999
2440	366.49999
2441	366.60001
2442	366.49999
2443	366.29999
2444	366.29999
2445	366.9
2446	366.49999
2447	366.49999
2448	366.69999
2449	366.69999
2450	366.60001
2451	366.49999
2452	366.60001
2453	366.80001
2454	366.9
2455	366.60001
2456	366.49999
2457	366.60001
2458	366.60001
2459	366.4
2460	366.60001
2461	366.69999
2462	366.4
2463	366.9
2464	366.9
2465	367.19999
2466	367.19999
2467	367.3
2468	367.3
2469	367.19999
2470	366.9
2471	366.69999
2472	367.00001
2473	367.00001
2474	367.39999
2475	367.59999
2476	368.09999
2477	368.49999
2478	369.1
2479	369.19999
2480	369.8
2481	370.09999
2482	370.7
2483	370.99999
2484	371.4
2485	371.69999
2486	371.69999
2487	371.49999
2488	371.69999
2489	372.1
2490	372.00001
2491	372.39999
2492	372.39999
2493	372.39999
2494	372.70001
2495	372.70001
2496	372.70001
2497	372.70001
2498	372.70001
2499	372.79999
2500	373.10001
2501	373.10001
2502	373
2503	373
2504	373
2505	373
2506	373.10001
2507	373
2508	373.10001
2509	373.4
2510	373.29999
2511	373.29999
2512	373
2513	373
2514	373
2515	372.90001
2516	373
2517	373.10001
2518	373
2519	373.2
2520	373.29999
2521	373.49999
2522	373.29999
2523	373.29999
2524	373.4
2525	373.60001
2526	373.49999
2527	373.9
2528	374.00001
2529	373.9
2530	374.00001
2531	373.9
2532	373.9
2533	373.60001
2534	373.60001
2535	373.69999
2536	373.80001
2537	373.69999
2538	373.60001
2539	373.60001
2540	373.80001
2541	373.80001
2542	374.00001
2543	374.00001
2544	374.00001
2545	374.1
2546	373.9
2547	373.60001
2548	373.49999
2549	373.29999
2550	373.29999
2551	373.29999
2552	373.29999
2553	373.29999
2554	373.49999
2555	373.4
2556	373.9
2557	373.69999
2558	373.60001
2559	373.9
2560	373.80001
2561	374.00001
2562	374.00001
2563	373.9
2564	374.3
2565	374.19999
2566	374.1
2567	373.9
2568	374.00001
2569	374.00001
2570	374.00001
2571	373.80001
2572	374.00001
2573	374.1
2574	374.19999
2575	374.1
2576	374.1
2577	374.00001
2578	373.9
2579	373.60001
2580	373.60001
2581	373.49999
2582	373.4
2583	373.60001
2584	373.49999
2585	373.80001
2586	373.29999
2587	373.49999
2588	373.4
2589	373.60001
2590	373.60001
2591	373.9
2592	373.80001
2593	374.00001
2594	374.19999
2595	374.00001
2596	374.00001
2597	374.3
2598	374.3
2599	374.3
2600	374.3
2601	374.3
2602	374.39999
2603	374.19999
2604	374.19999
2605	374.19999
2606	374.39999
2607	374.39999
2608	374.39999
2609	374.3
2610	374.00001
2611	374.00001
2612	373.9
2613	373.80001
2614	373.80001
2615	373.60001
2616	373.60001
2617	373.60001
2618	373.9
2619	373.9
2620	374.19999
2621	374.19999
2622	374.00001
2623	373.60001
2624	373.60001
2625	373.60001
2626	373.9
2627	374.00001
2628	374.00001
2629	374.19999
2630	374.1
2631	374.00001
2632	373.60001
2633	373.60001
2634	373.9
2635	373.9
2636	374.3
2637	374.39999
2638	374.59999
2639	374.3
2640	374.3
2641	374.00001
2642	373.80001
2643	373.29999
2644	373.29999
2645	372.79999
2646	372.70001
2647	372.59999
2648	372.3
2649	372.39999
2650	372.39999
2651	372.00001
2652	371.69999
2653	371.69999
2654	371.2
2655	370.40001
2656	369.6
2657	367.59999
2658	364.80001
2659	361.99999
2660	360.50001
2661	357.6
2662	355.30001
2663	353.19999
2664	352.4
2665	350.89999
2666	349.99999
2667	349.79999
2668	349.5
2669	349.5
2670	349.7
2671	349.79999
2672	350.49999
2673	351.1
2674	351.70001
2675	352.10001
2676	352.99999
2677	353.8
2678	354.29999
2679	354.79999
2680	355.50001
2681	355.89999
2682	356.59999
2683	356.90001
2684	357.4
2685	358.20001
2686	358.5
2687	358.79999
2688	359.49999
2689	359.9
2690	360.00001
2691	360.39999
2692	360.50001
2693	360.70001
2694	360.90001
2695	360.90001
2696	361.40001
2697	361.7
2698	361.7
2699	361.9
2700	362.10001
2701	362.4
2702	362.10001
2703	362.10001
2704	362.30001
2705	362.6
2706	362.69999
2707	362.6
2708	363.00001
2709	363.00001
2710	363.09999
2711	363.3
2712	363.40001
2713	363.59999
2714	363.7
2715	363.7
2716	363.7
2717	363.90001
2718	363.99999
2719	363.90001
2720	363.99999
2721	363.99999
2722	364.2
2723	364.30001
2724	364.30001
2725	364.30001
2726	364.6
2727	364.4
2728	364.30001
2729	364.4
2730	364.4
2731	364.30001
2732	364.30001
2733	364.4
2734	364.6
2735	364.6
2736	364.49999
2737	364.6
2738	364.69999
2739	364.69999
2740	365.00001
2741	365.1
2742	365.00001
2743	365.00001
2744	365.20001
2745	365.1
2746	365.20001
2747	365.1
2748	365.3
2749	365.20001
2750	365.00001
2751	365.1
2752	365.00001
2753	365.00001
2754	365.00001
2755	365.00001
2756	364.80001
2757	364.89999
2758	365.1
2759	365.00001
2760	365.00001
2761	365.20001
2762	365.20001
2763	365.3
2764	365.39999
2765	365.39999
2766	365.5
2767	365.3
2768	365.3
2769	365.3
2770	365.20001
2771	365.3
2772	365.3
2773	365.20001
2774	365.3
2775	365.1
2776	365.1
2777	365.00001
2778	365.3
2779	365.20001
2780	365.20001
2781	365.3
2782	365.5
2783	365.3
2784	365.5
2785	365.39999
2786	365.5
2787	365.59999
2788	365.5
2789	365.39999
2790	365.59999
2791	365.70001
2792	365.59999
2793	365.3
2794	365.59999
2795	365.59999
2796	365.59999
2797	365.5
2798	365.5
2799	365.70001
2800	365.39999
2801	365.39999
2802	365.5
2803	365.59999
2804	365.59999
2805	365.59999
2806	365.70001
2807	365.59999
2808	365.59999
2809	365.59999
2810	365.59999
2811	365.90001
2812	365.90001
2813	365.79999
2814	365.59999
2815	365.70001
2816	365.79999
2817	365.90001
2818	365.70001
2819	365.59999
2820	365.70001
2821	365.70001
2822	365.79999
2823	365.59999
2824	365.59999
2825	365.59999
2826	365.59999
2827	365.5
2828	365.70001
2829	365.70001
2830	365.79999
2831	365.90001
2832	365.90001
2833	365.90001
2834	366
2835	365.90001
2836	365.90001
2837	366
2838	366
2839	366.2
2840	366
2841	366.10001
2842	366.2
2843	366.10001
2844	366.10001
2845	366
2846	366.10001
2847	365.90001
2848	365.90001
2849	365.79999
2850	365.79999
2851	365.79999
2852	365.59999
2853	365.59999
2854	365.39999
2855	365.5
2856	365.59999
2857	365.5
2858	365.59999
2859	365.59999
2860	365.5
2861	365.39999
2862	365.5
2863	365.59999
2864	365.59999
2865	365.70001
2866	365.59999
2867	365.59999
2868	365.59999
2869	365.5
2870	365.59999
2871	365.5
2872	365.39999
2873	365.59999
2874	365.39999
2875	365.3
2876	365.3
2877	365.39999
2878	365.5
2879	365.59999
2880	365.59999
2881	365.79999
2882	365.79999
2883	365.70001
2884	365.79999
2885	365.70001
2886	365.59999
2887	365.59999
2888	365.39999
2889	365.5
2890	365.39999
2891	365.3
2892	365.3
2893	365.39999
2894	365.3
2895	365.5
2896	365.20001
2897	365.3
2898	365.3
2899	365.3
2900	365.3
2901	365.5
2902	365.3
2903	365.3
2904	365.3
2905	365.3
2906	365.20001
2907	365.00001
2908	365.1
2909	365.20001
2910	365.20001
2911	365.20001
2912	364.89999
2913	365.3
2914	365.1
2915	365.00001
2916	365.3
2917	365.1
2918	365.1
2919	365.39999
2920	365.39999
2921	365.39999
2922	365.39999
2923	365.5
2924	365.59999
2925	365.59999
2926	365.5
2927	365.59999
2928	365.5
2929	365.5
2930	365.39999
2931	365.59999
2932	365.5
2933	365.5
2934	365.39999
2935	365.39999
2936	365.59999
2937	365.5
2938	365.70001
2939	365.90001
2940	366
2941	365.70001
2942	365.59999
2943	365.59999
2944	365.5
2945	365.59999
2946	365.90001
2947	366.2
2948	366.49999
2949	366.9
2950	367.39999
2951	367.59999
2952	368.2
2953	368.29999
2954	368.7
2955	368.9
2956	369.50001
2957	370
2958	370.29999
2959	370.40001
2960	370.7
2961	371.10001
2962	371.10001
2963	371.4
2964	371.30001
2965	371.4
2966	371.4
2967	371.69999
2968	371.89999
2969	371.80001
2970	371.89999
2971	371.89999
2972	371.69999
2973	371.6
2974	371.49999
2975	371.4
2976	371.69999
2977	371.49999
2978	371.4
2979	371.4
2980	371.80001
2981	372.1
2982	372.00001
2983	372.3
2984	372.39999
2985	372.39999
2986	372.5
2987	372.39999
2988	372.39999
2989	372.3
2990	372.3
2991	372.20001
2992	372.20001
2993	372.39999
2994	372.5
2995	372.59999
2996	372.59999
2997	372.70001
2998	372.79999
2999	372.79999
3000	372.70001
3001	372.59999
3002	372.59999
3003	372.59999
3004	372.59999
3005	372.5
3006	372.39999
3007	372.70001
3008	372.70001
3009	372.79999
3010	372.79999
3011	372.70001
3012	372.59999
3013	372.70001
3014	372.5
3015	372.39999
3016	372.39999
3017	372.20001
3018	372.00001
3019	372.20001
3020	372.3
3021	372.3
3022	372.3
3023	372.1
3024	372.39999
3025	372.39999
3026	372.39999
3027	372.39999
3028	372.39999
3029	372.39999
3030	372.3
3031	372.3
3032	372.39999
3033	372.39999
3034	372.20001
3035	372.3
3036	372.3
3037	372.5
3038	372.39999
3039	372.5
3040	372.39999
3041	372.39999
3042	372.3
3043	372.3
3044	372.20001
3045	372.1
3046	372.39999
3047	372.39999
3048	372.39999
3049	372.39999
3050	372.5
3051	372.39999
3052	372.59999
3053	372.5
3054	372.70001
3055	372.70001
3056	372.79999
3057	373
3058	372.90001
3059	373
3060	372.90001
3061	373
3062	373
3063	373
3064	373
3065	372.90001
3066	372.90001
3067	372.79999
3068	372.70001
3069	372.70001
3070	372.5
3071	372.3
3072	372.20001
3073	372.39999
3074	372.39999
3075	372.39999
3076	372.70001
3077	372.59999
3078	372.70001
3079	372.59999
3080	372.70001
3081	372.79999
3082	372.90001
3083	372.90001
3084	373.10001
3085	373.2
3086	373.2
3087	373
3088	372.79999
3089	372.70001
3090	372.70001
3091	372.59999
3092	372.70001
3093	372.70001
3094	373
3095	373
3096	373
3097	373
3098	373
3099	372.79999
3100	373
3101	372.90001
3102	373
3103	373.2
3104	373.2
3105	373.2
3106	373.29999
3107	373.69999
3108	373.60001
3109	373.29999
3110	373.29999
3111	373.29999
3112	373.2
3113	373.29999
3114	373
3115	372.90001
3116	372.79999
3117	372.79999
3118	372.59999
3119	372.5
3120	372.39999
3121	372.39999
3122	372.39999
3123	372.5
3124	372.5
3125	372.39999
3126	372.1
3127	371.80001
3128	371.2
3129	370
3130	367.90001
3131	366.80001
3132	364.2
3133	361.2
3134	358.20001
3135	356.79999
3136	354.5
3137	352.49999
3138	351.00001
3139	350.30001
3140	349.40001
3141	349.20001
3142	349.20001
3143	349.3
3144	349.7
3145	350.30001
3146	350.89999
3147	351.1
3148	352.10001
3149	352.80001
3150	353.39999
3151	354
3152	354.7
3153	355.6
3154	356.3
3155	356.40001
3156	356.90001
3157	357.49999
3158	357.69999
3159	358.20001
3160	358.59999
3161	359.2
3162	359.49999
3163	360.00001
3164	360.19999
3165	360.59999
3166	360.8
3167	361
3168	361.29999
3169	361.40001
3170	361.5
3171	361.79999
3172	362.10001
3173	362.19999
3174	362.4
3175	362.69999
3176	362.69999
3177	362.8
3178	362.89999
3179	362.8
3180	363.00001
3181	363.00001
3182	363.09999
3183	363.00001
3184	363.3
3185	363.40001
3186	363.59999
3187	363.79999
3188	363.5
3189	363.7
3190	363.7
3191	363.79999
3192	363.99999
3193	363.99999
3194	364.10001
3195	364.30001
3196	364.30001
3197	364.6
3198	364.6
3199	364.6
3200	364.6
3201	364.69999
3202	364.80001
3203	364.89999
3204	364.89999
3205	365.00001
3206	365.00001
3207	365.00001
3208	364.89999
3209	365.00001
3210	365.00001
3211	365.00001
3212	365.1
3213	365.39999
3214	365.3
3215	365.3
3216	365.20001
3217	365.1
3218	365.20001
3219	365.20001
3220	365.20001
3221	365.1
3222	365.00001
3223	365.1
3224	365.20001
3225	365.1
3226	365.00001
3227	365.00001
3228	365.20001
3229	365.00001
3230	365.20001
3231	365.00001
3232	365.1
3233	365.3
3234	365.3
3235	365.1
3236	365.3
3237	365.5
3238	365.5
3239	365.5
3240	365.39999
3241	365.3
3242	365.39999
3243	365.5
3244	365.5
3245	365.5
3246	365.59999
3247	365.70001
3248	365.59999
3249	365.3
3250	365.1
3251	365.20001
3252	365.5
3253	365.39999
3254	365.59999
3255	365.39999
3256	365.3
3257	365.20001
3258	365.20001
3259	365.20001
3260	365.39999
3261	365.3
3262	365.3
3263	365.5
3264	365.5
3265	365.3
3266	365.20001
3267	365.20001
3268	365.3
3269	365.3
3270	365.3
3271	365.3
3272	365.20001
3273	365.3
3274	365.3
3275	365.3
3276	365.3
3277	365.3
3278	365.3
3279	365.3
3280	365.20001
3281	365.3
3282	365.20001
3283	365.20001
3284	365.1
3285	365.00001
3286	365.00001
3287	365.00001
3288	364.89999
3289	364.80001
3290	364.89999
3291	365.00001
3292	364.89999
3293	364.89999
3294	364.89999
3295	365.00001
3296	364.89999
3297	365.00001
3298	365.1
3299	365.00001
3300	365.00001
3301	365.00001
3302	365.1
3303	365.1
3304	365.1
3305	365.20001
3306	365.00001
3307	365.00001
3308	365.3
3309	365.20001
3310	365.00001
3311	365.59999
3312	365.39999
3313	365.3
3314	365.5
3315	365.59999
3316	365.5
3317	365.5
3318	365.5
3319	365.3
3320	365.39999
3321	365.3
3322	365.3
3323	365.3
3324	365.5
3325	365.5
3326	365.5
3327	365.59999
3328	365.59999
3329	365.5
3330	365.59999
3331	365.59999
3332	365.59999
3333	365.59999
3334	365.59999
3335	365.59999
3336	365.79999
3337	365.59999
3338	365.70001
3339	365.59999
3340	365.59999
3341	365.79999
3342	365.70001
3343	365.79999
3344	365.70001
3345	365.70001
3346	365.90001
3347	365.70001
3348	365.59999
3349	365.70001
3350	365.70001
3351	365.59999
3352	365.59999
3353	365.59999
3354	365.3
3355	365.3
3356	365.39999
3357	365.3
3358	365.3
3359	365.5
3360	365.39999
3361	365.39999
3362	365.70001
3363	365.5
3364	365.59999
3365	365.59999
3366	365.3
3367	365.39999
3368	365.3
3369	365.39999
3370	365.3
3371	365.39999
3372	365.3
3373	365.59999
3374	365.3
3375	365.39999
3376	365.5
3377	365.5
3378	365.59999
3379	365.59999
3380	365.5
3381	365.39999
3382	365.39999
3383	365.5
3384	365.59999
3385	365.59999
3386	365.59999
3387	365.59999
3388	365.70001
3389	365.59999
3390	365.59999
3391	365.59999
3392	365.39999
3393	365.5
3394	365.5
3395	365.5
3396	365.5
3397	365.39999
3398	365.3
3399	365.20001
3400	365.3
3401	365.70001
3402	365.59999
3403	365.79999
3404	365.90001
3405	365.79999
3406	365.70001
3407	365.90001
3408	365.90001
3409	365.90001
3410	365.79999
3411	365.70001
3412	365.90001
3413	365.79999
3414	365.90001
3415	366
3416	366.10001
3417	366.49999
3418	366.60001
3419	366.49999
3420	366.9
3421	366.60001
3422	366.49999
3423	366.60001
3424	366.49999
3425	366.2
3426	366.4
3427	366.29999
3428	366.60001
3429	366.69999
3430	367.19999
3431	367.39999
3432	368.2
3433	368.2
3434	368.49999
3435	368.9
3436	368.99999
3437	369.30001
3438	369.39999
3439	369.6
3440	370.09999
3441	370.09999
3442	370.40001
3443	370.7
3444	370.99999
3445	370.90001
3446	370.99999
3447	371.10001
3448	371.10001
3449	371.10001
3450	371.10001
3451	371.10001
3452	370.99999
3453	370.99999
3454	370.99999
3455	371.10001
3456	370.90001
3457	370.90001
3458	370.99999
3459	371.10001
3460	371.10001
3461	371.10001
3462	371.2
3463	371.2
3464	371.10001
3465	370.99999
3466	370.79999
3467	370.79999
3468	370.79999
3469	370.90001
3470	370.99999
3471	370.7
3472	371.10001
3473	370.99999
3474	370.99999
3475	371.10001
3476	371.10001
3477	370.99999
3478	370.90001
3479	371.10001
3480	371.30001
3481	371.30001
3482	371.4
3483	371.4
3484	371.30001
3485	371.2
3486	371.30001
3487	371.4
3488	371.30001
3489	371.30001
3490	371.4
3491	371.2
3492	371.49999
3493	371.80001
3494	371.69999
3495	371.89999
3496	371.89999
3497	372.00001
3498	372.00001
3499	371.80001
3500	371.80001
3501	371.6
3502	371.80001
3503	371.49999
3504	371.4
3505	371.4
3506	371.4
3507	371.4
3508	371.49999
3509	371.49999
3510	371.6
3511	371.80001
3512	371.80001
3513	371.89999
3514	371.80001
3515	371.69999
3516	371.69999
3517	371.69999
3518	371.69999
3519	371.69999
3520	371.69999
3521	371.69999
3522	371.69999
3523	371.6
3524	371.49999
3525	371.80001
3526	371.69999
3527	371.89999
3528	372.00001
3529	371.89999
3530	371.69999
3531	371.4
3532	371.30001
3533	371.30001
3534	371.2
3535	371.2
3536	371.2
3537	371.4
3538	371.30001
3539	371.2
3540	371.2
3541	371.2
3542	371.10001
3543	371.10001
3544	371.10001
3545	371.2
3546	371.10001
3547	370.90001
3548	370.90001
3549	370.7
3550	370.79999
3551	370.7
3552	370.99999
3553	371.10001
3554	371.10001
3555	371.2
3556	371.30001
3557	371.30001
3558	371.4
3559	371.10001
3560	371.2
3561	371.2
3562	371.2
3563	371.2
3564	371.4
3565	371.4
3566	371.4
3567	371.69999
3568	371.6
3569	372.00001
3570	371.69999
3571	371.80001
3572	371.89999
3573	371.89999
3574	371.69999
3575	371.6
3576	371.4
3577	371.6
3578	371.49999
3579	371.4
3580	371.4
3581	371.4
3582	371.4
3583	371.4
3584	371.49999
3585	371.69999
3586	371.69999
3587	371.4
3588	370.99999
3589	370.99999
3590	370.90001
3591	371.2
3592	371.10001
3593	371.10001
3594	371.10001
3595	370.99999
3596	370.7
3597	370.79999
3598	370.79999
3599	370.90001
3600	371.2
3601	371.2
3602	371.2
3603	371.30001
3604	371.2
3605	371.30001
3606	371.10001
3607	370.5
3608	369.8
3609	368.29999
3610	367.59999
3611	365.59999
3612	363.59999
3613	362.69999
3614	361.09999
3615	359.4
3616	357.80001
3617	357.2
3618	356.20001
3619	355.6
3620	354.9
3621	354.99999
3622	354.99999
3623	354.99999
3624	355.50001
3625	355.8
3626	356.20001
3627	356.5
3628	356.90001
3629	357.2
3630	357.80001
3631	358.39999
3632	358.59999
3633	359
3634	359.49999
3635	359.80001
3636	360.1
3637	360.70001
3638	361
3639	361.60001
3640	361.60001
3641	361.99999
3642	362.10001
3643	362.4
3644	362.4
3645	362.8
3646	363.00001
3647	363.40001
3648	363.5
3649	363.79999
3650	364.10001
3651	363.99999
3652	363.99999
3653	364.10001
3654	364.2
3655	364.2
3656	364.10001
3657	364.30001
3658	364.30001
3659	364.4
3660	364.6
3661	364.6
3662	364.69999
3663	364.6
3664	364.69999
3665	364.69999
3666	364.80001
3667	365.00001
3668	365.00001
3669	365.00001
3670	364.89999
3671	364.89999
3672	365.00001
3673	365.1
3674	365.00001
3675	365.3
3676	365.1
3677	365.1
3678	365.20001
3679	365.39999
3680	365.3
3681	365.39999
3682	365.5
3683	365.70001
3684	365.70001
3685	365.90001
3686	365.70001
3687	365.59999
3688	365.59999
3689	365.79999
3690	366.10001
3691	365.79999
3692	365.90001
3693	366
3694	365.90001
3695	365.90001
3696	365.79999
3697	366
3698	365.90001
3699	366
3700	365.90001
3701	365.70001
3702	365.90001
3703	366.2
3704	365.90001
3705	366.10001
3706	366
3707	366
3708	365.79999
3709	365.79999
3710	365.90001
3711	365.79999
3712	366
3713	365.79999
3714	365.90001
3715	366
3716	365.90001
3717	365.90001
3718	365.90001
3719	365.90001
3720	366.10001
3721	366.10001
3722	366.10001
3723	366.10001
3724	366.10001
3725	366.2
3726	366.29999
3727	366.10001
3728	366
3729	366.2
3730	366.2
3731	366.2
3732	365.90001
3733	366.2
3734	366.2
3735	366.2
3736	366.2
3737	366.29999
3738	366.49999
3739	366.10001
3740	366.60001
3741	366.69999
3742	366.49999
3743	366.4
3744	366.60001
3745	366.49999
3746	366.2
3747	366.29999
3748	366.29999
3749	366.29999
3750	366.29999
3751	366
3752	366.10001
3753	366.2
3754	365.90001
3755	366.29999
3756	366.2
3757	366.2
3758	366.10001
3759	366.29999
3760	366.2
3761	366.4
3762	366
3763	366.29999
3764	366.2
3765	366.49999
3766	366.60001
3767	366.60001
3768	366.60001
3769	366.60001
3770	366.69999
3771	366.9
3772	366.80001
3773	366.80001
3774	367.00001
3775	366.69999
3776	366.80001
3777	366.69999
3778	366.69999
3779	367.00001
3780	366.80001
3781	366.60001
3782	367.00001
3783	367.1
3784	367.00001
3785	366.9
3786	366.9
3787	366.80001
3788	366.69999
3789	366.80001
3790	364.4
3791	364.49999
3792	364.49999
3793	364.4
3794	364.6
3795	364.4
3796	364.6
3797	364.6
3798	364.6
3799	364.4
3800	364.30001
3801	364.6
3802	364.69999
3803	364.6
3804	364.6
3805	364.89999
3806	365.00001
3807	365.00001
3808	365.00001
3809	364.89999
3810	364.80001
3811	365.00001
3812	364.89999
3813	364.89999
3814	364.89999
3815	365.00001
3816	364.80001
3817	364.89999
3818	365.00001
3819	364.89999
3820	364.80001
3821	364.69999
3822	365.00001
3823	365.1
3824	365.20001
3825	365.3
3826	365.3
3827	365.00001
3828	364.80001
3829	364.89999
3830	365.00001
3831	365.1
3832	365.00001
3833	365.1
3834	365.3
3835	365.00001
3836	365.00001
3837	365.00001
3838	364.89999
3839	364.6
3840	364.89999
3841	364.69999
3842	364.49999
3843	364.49999
3844	364.6
3845	364.6
3846	364.49999
3847	364.6
3848	364.6
3849	364.69999
3850	364.49999
3851	364.69999
3852	364.80001
3853	364.89999
3854	364.80001
3855	364.89999
3856	364.89999
3857	364.89999
3858	364.89999
3859	365.00001
3860	365.00001
3861	364.89999
3862	365.00001
3863	365.00001
3864	364.69999
3865	365.00001
3866	365.00001
3867	365.00001
3868	364.89999
3869	365.00001
3870	364.89999
3871	365.1
3872	365.20001
3873	365.20001
3874	365.1
3875	365.1
3876	365.20001
3877	365.1
3878	365.00001
3879	365.3
3880	365.00001
3881	365.00001
3882	365.3
3883	365.39999
3884	365.3
3885	365.20001
3886	365.1
3887	365.00001
3888	365.00001
3889	365.1
3890	365.1
3891	365.3
3892	365.1
3893	365.3
3894	365.3
3895	365.3
3896	365.59999
3897	365.59999
3898	365.59999
3899	365.5
3900	365.3
3901	365.39999
3902	365.3
3903	365.20001
3904	365.59999
3905	365.59999
3906	365.90001
3907	366
3908	366.49999
3909	366.69999
3910	366.9
3911	367.39999
3912	367.90001
3913	368.09999
3914	368.2
3915	368.49999
3916	368.80001
3917	368.80001
3918	368.9
3919	368.80001
3920	368.9
3921	368.99999
3922	368.99999
3923	369.19999
3924	368.9
3925	369.30001
3926	369.19999
3927	369.1
3928	368.99999
3929	369.19999
3930	369.30001
3931	369.19999
3932	369.1
3933	369.1
3934	368.80001
3935	368.60001
3936	368.7
3937	368.49999
3938	368.7
3939	368.80001
3940	369.30001
3941	369.50001
3942	369.30001
3943	369.70001
3944	369.8
3945	369.50001
3946	369.70001
3947	369.6
3948	369.30001
3949	369.1
3950	369.1
3951	368.99999
3952	369.1
3953	369.19999
3954	369.1
3955	369.50001
3956	369.70001
3957	369.70001
3958	369.6
3959	369.50001
3960	369.39999
3961	369.39999
3962	369.1
3963	369.30001
3964	369.30001
3965	369.30001
3966	369.1
3967	369.19999
3968	369.19999
3969	369.1
3970	369.30001
3971	369.19999
3972	369.19999
3973	369.30001
3974	369.19999
3975	368.80001
3976	368.9
3977	368.60001
3978	368.80001
3979	368.49999
3980	368.29999
3981	368.60001
3982	368.60001
3983	368.40001
3984	368.7
3985	368.7
3986	368.9
3987	368.99999
3988	369.1
3989	369.39999
3990	369.30001
3991	369.39999
3992	369.39999
3993	369.50001
3994	369.50001
3995	369.6
3996	369.70001
3997	369.50001
3998	369.39999
3999	369.50001
4000	369.6
4001	369.8
4002	369.6
4003	369.70001
4004	369.6
4005	369.70001
4006	369.50001
4007	369.50001
4008	369.50001
4009	369.50001
4010	369.30001
4011	369.39999
4012	369.1
4013	369.39999
4014	369.1
4015	369.1
4016	369.1
4017	369.39999
4018	369.30001
4019	369.50001
4020	369.50001
4021	369.6
4022	369.6
4023	369.8
4024	369.89999
4025	369.89999
4026	369.8
4027	369.70001
4028	369.39999
4029	369.50001
4030	369.70001
4031	369.50001
4032	369.6
4033	370.09999
4034	369.8
4035	369.8
4036	369.50001
4037	369.50001
4038	369.39999
4039	369.30001
4040	369.1
4041	369.50001
4042	369.70001
4043	369.70001
4044	369.70001
4045	369.6
4046	369.50001
4047	369.50001
4048	369.6
4049	369.50001
4050	369.6
4051	369.50001
4052	369.39999
4053	369.19999
4054	369.1
4055	369.19999
4056	369.19999
4057	369.39999
4058	369.50001
4059	369.30001
4060	369.30001
4061	369.30001
4062	369.1
4063	369.30001
4064	369.39999
4065	369.70001
4066	369.8
4067	369.89999
4068	369.89999
4069	369.8
4070	369.6
4071	369.6
4072	369.6
4073	369.50001
4074	369.1
4075	368.99999
4076	368.80001
4077	368.80001
4078	368.49999
4079	368.7
4080	368.60001
4081	368.80001
4082	369.1
4083	369.1
4084	368.9
4085	368.60001
4086	368
4087	367.59999
4088	366.2
4089	364.49999
4090	363.7
4091	361.7
4092	359.9
4093	358.39999
4094	357.49999
4095	356.09999
4096	354.99999
4097	354.5
4098	354.20001
4099	354
4100	354
4101	354.09999
4102	354.20001
4103	354.60001
4104	354.99999
4105	355.50001
4106	355.8
4107	356.3
4108	356.90001
4109	357.6
4110	357.89999
4111	358.5
4112	358.90001
4113	359.2
4114	360.00001
4115	360.1
4116	360.8
4117	360.8
4118	361.09999
4119	361.40001
4120	361.40001
4121	361.60001
4122	361.7
4123	361.7
4124	361.9
4125	362.10001
4126	362.19999
4127	362.6
4128	362.69999
4129	362.69999
4130	362.8
4131	362.89999
4132	363.09999
4133	363.09999
4134	363.20001
4135	363.20001
4136	363.3
4137	363.40001
4138	363.5
4139	363.7
4140	363.7
4141	363.7
4142	363.90001
4143	363.99999
4144	363.90001
4145	363.99999
4146	363.99999
4147	363.99999
4148	363.99999
4149	363.99999
4150	364.30001
4151	363.99999
4152	364.30001
4153	364.30001
4154	363.99999
4155	363.99999
4156	363.90001
4157	363.99999
4158	364.10001
4159	363.99999
4160	364.30001
4161	364.30001
4162	364.30001
4163	364.30001
4164	364.30001
4165	364.30001
4166	364.4
4167	364.30001
4168	364.4
4169	364.30001
4170	364.6
4171	364.6
4172	364.6
4173	364.6
4174	364.6
4175	364.6
4176	365.20001
4177	364.4
4178	364.30001
4179	364.2
4180	364.30001
4181	364.30001
4182	364.2
4183	364.30001
4184	364.30001
4185	364.2
4186	364.4
4187	364.49999
4188	364.49999
4189	364.49999
4190	364.4
4191	364.2
4192	364.2
4193	364.4
4194	364.30001
4195	364.49999
4196	364.4
4197	364.6
4198	364.6
4199	364.49999
4200	364.49999
4201	364.4
4202	364.6
4203	364.6
4204	364.6
4205	364.49999
4206	364.6
4207	364.69999
4208	364.6
4209	364.4
4210	364.6
4211	364.49999
4212	364.69999
4213	364.69999
4214	364.6
4215	364.49999
4216	364.6
4217	364.6
4218	364.69999
4219	364.49999
4220	364.69999
4221	364.6
4222	364.80001
4223	364.6
4224	364.80001
4225	364.69999
4226	364.49999
4227	364.89999
4228	364.6
4229	364.80001
4230	364.49999
4231	364.49999
4232	364.49999
4233	364.4
4234	364.30001
4235	364.30001
4236	364.30001
4237	364.30001
4238	364.30001
4239	364.4
4240	364.49999
4241	364.80001
4242	364.6
4243	364.69999
4244	364.6
4245	364.69999
4246	364.6
4247	364.69999
4248	364.6
4249	364.69999
4250	364.6
4251	364.6
4252	364.6
4253	364.6
4254	364.69999
4255	364.6
4256	364.6
4257	364.4
4258	364.30001
4259	364.30001
4260	364.4
4261	364.4
4262	364.4
4263	364.49999
4264	364.4
4265	364.6
4266	364.6
4267	364.80001
4268	364.69999
4269	364.49999
4270	364.49999
4271	364.4
4272	364.49999
4273	364.49999
4274	364.49999
4275	364.30001
4276	364.6
4277	364.4
4278	364.4
4279	364.4
4280	364.4
4281	364.30001
4282	364.30001
4283	364.30001
4284	364.30001
4285	364.30001
4286	364.30001
4287	364.30001
4288	364.30001
4289	364.2
4290	364.30001
4291	364.30001
4292	364.30001
4293	364.30001
4294	364.10001
4295	364.10001
4296	364.10001
4297	363.99999
4298	363.99999
4299	364.2
4300	363.99999
4301	364.30001
4302	364.30001
4303	364.10001
4304	363.99999
4305	363.99999
4306	363.99999
4307	363.90001
4308	363.99999
4309	364.10001
4310	364.10001
4311	363.99999
4312	363.99999
4313	363.90001
4314	363.99999
4315	363.7
4316	363.90001
4317	363.99999
4318	363.99999
4319	364.10001
4320	364.30001
4321	364.10001
4322	364.30001
4323	364.2
4324	364.30001
4325	364.30001
4326	364.10001
4327	364.10001
4328	364.2
4329	363.99999
4330	364.2
4331	364.10001
4332	364.10001
4333	364.2
4334	363.99999
4335	363.99999
4336	364.2
4337	363.99999
4338	364.10001
4339	363.99999
4340	364.10001
4341	363.99999
4342	364.10001
4343	364.2
4344	363.99999
4345	363.99999
4346	363.99999
4347	363.99999
4348	364.2
4349	364.2
4350	363.90001
4351	364.10001
4352	363.99999
4353	363.90001
4354	363.99999
4355	363.90001
4356	363.99999
4357	363.7
4358	363.7
4359	363.79999
4360	363.7
4361	363.79999
4362	363.7
4363	363.7
4364	363.5
4365	363.79999
4366	363.7
4367	364.6
4368	363.99999
4369	363.79999
4370	363.99999
4371	364.30001
4372	364.6
4373	364.6
4374	364.6
4375	364.6
4376	364.6
4377	364.80001
4378	364.89999
4379	364.69999
4380	365.00001
4381	365.00001
4382	365.00001
4383	365.59999
4384	365.90001
4385	366.60001
4386	366.60001
4387	366.80001
4388	367.50001
4389	367.50001
4390	367.19999
4391	367.39999
4392	367.50001
4393	367.70001
4394	367.8
4395	368
4396	368.2
4397	368.09999
4398	368.2
4399	368.09999
4400	368
4401	368.40001
4402	368.29999
4403	368.2
4404	368.2
4405	368.09999
4406	368.2
4407	368.2
4408	368.29999
4409	368
4410	368.60001
4411	368.49999
4412	368.49999
4413	368.60001
4414	368.80001
4415	368.7
4416	368.80001
4417	368.80001
4418	368.60001
4419	368.60001
4420	368.49999
4421	368.2
4422	368.09999
4423	368.2
4424	368.49999
4425	368.2
4426	368.2
4427	368.2
4428	368.49999
4429	368.49999
4430	368.49999
4431	368.40001
4432	368.29999
4433	368.49999
4434	368.40001
4435	368.49999
4436	368.60001
4437	368.60001
4438	368.40001
4439	368.60001
4440	368.7
4441	368.49999
4442	368.49999
4443	368.49999
4444	368.29999
4445	368.49999
4446	368.40001
4447	368.49999
4448	368.60001
4449	368.7
4450	368.80001
4451	368.7
4452	368.7
4453	368.60001
4454	368.49999
4455	368.60001
4456	368.7
4457	369.1
4458	368.9
4459	369.1
4460	368.9
4461	369.1
4462	368.9
4463	368.9
4464	369.1
4465	368.9
4466	368.80001
4467	368.80001
4468	368.7
4469	368.80001
4470	368.7
4471	368.7
4472	368.49999
4473	368.7
4474	368.80001
4475	368.60001
4476	368.9
4477	369.1
4478	369.1
4479	369.1
4480	368.9
4481	368.99999
4482	368.99999
4483	368.80001
4484	368.99999
4485	368.99999
4486	368.99999
4487	368.9
4488	369.1
4489	369.1
4490	369.1
4491	369.1
4492	368.99999
4493	368.80001
4494	368.9
4495	369.30001
4496	369.19999
4497	368.99999
4498	369.1
4499	369.19999
4500	369.19999
4501	369.30001
4502	369.39999
4503	369.19999
4504	369.1
4505	368.9
4506	368.9
4507	368.80001
4508	369.1
4509	368.80001
4510	369.1
4511	369.1
4512	368.99999
4513	368.80001
4514	369.1
4515	369.30001
4516	369.19999
4517	369.1
4518	368.9
4519	368.9
4520	368.80001
4521	368.80001
4522	369.1
4523	368.99999
4524	368.80001
4525	368.80001
4526	368.9
4527	368.80001
4528	368.9
4529	369.1
4530	369.1
4531	369.1
4532	369.1
4533	369.19999
4534	369.50001
4535	369.1
4536	368.99999
4537	368.99999
4538	368.9
4539	369.1
4540	369.1
4541	368.99999
4542	368.80001
4543	368.80001
4544	368.9
4545	368.80001
4546	368.7
4547	368.40001
4548	368.2
4549	367.90001
4550	368
4551	367.90001
4552	368
4553	367.90001
4554	367.90001
4555	367.90001
4556	367.90001
4557	367.90001
4558	367.8
4559	367.3
4560	366.60001
4561	365.39999
4562	364.4
4563	362.89999
4564	360.8
4565	358.90001
4566	357.89999
4567	356.09999
4568	354.99999
4569	353.8
4570	353.39999
4571	352.7
4572	352.29999
4573	352.2
4574	352.10001
4575	352.4
4576	352.7
4577	352.9
4578	353.30001
4579	353.6
4580	354.20001
4581	354.60001
4582	355.4
4583	355.89999
4584	356.40001
4585	356.59999
4586	357.10001
4587	357.6
4588	358.20001
4589	358.3
4590	358.79999
4591	358.90001
4592	359.29999
4593	359.49999
4594	359.49999
4595	359.80001
4596	360.00001
4597	360.19999
4598	360.3
4599	360.39999
4600	360.39999
4601	360.8
4602	360.90001
4603	361
4604	361.29999
4605	361.40001
4606	361.5
4607	361.7
4608	361.60001
4609	361.40001
4610	361.5
4611	361.60001
4612	361.7
4613	361.7
4614	361.79999
4615	361.99999
4616	361.7
4617	361.9
4618	361.79999
4619	361.9
4620	361.79999
4621	362.10001
4622	362.10001
4623	362.10001
4624	362.10001
4625	361.99999
4626	362.19999
4627	362.30001
4628	362.30001
4629	362.30001
4630	362.19999
4631	362.10001
4632	362.10001
4633	362.19999
4634	362.4
4635	362.4
4636	362.4
4637	362.4
4638	362.4
4639	362.4
4640	362.4
4641	362.4
4642	362.6
4643	362.4
4644	362.4
4645	362.50001
4646	362.6
4647	362.4
4648	362.4
4649	362.4
4650	362.4
4651	362.4
4652	362.4
4653	362.4
4654	362.4
4655	362.50001
4656	362.6
4657	362.69999
4658	362.4
4659	362.4
4660	362.4
4661	362.30001
4662	362.4
4663	362.4
4664	362.4
4665	362.50001
4666	362.4
4667	362.50001
4668	362.50001
4669	362.4
4670	362.69999
4671	362.50001
4672	362.6
4673	362.69999
4674	362.6
4675	362.69999
4676	362.69999
4677	362.69999
4678	362.69999
4679	362.6
4680	362.69999
4681	362.69999
4682	362.69999
4683	362.69999
4684	362.69999
4685	362.8
4686	362.69999
4687	362.69999
4688	362.69999
4689	362.69999
4690	362.69999
4691	363.00001
4692	362.8
4693	362.69999
4694	362.69999
4695	363.00001
4696	362.89999
4697	363.00001
4698	363.00001
4699	363.09999
4700	363.00001
4701	362.89999
4702	362.89999
4703	362.89999
4704	362.8
4705	362.8
4706	362.89999
4707	363.00001
4708	363.00001
4709	362.89999
4710	363.00001
4711	363.00001
4712	363.00001
4713	362.89999
4714	362.89999
4715	363.00001
4716	362.8
4717	362.8
4718	362.69999
4719	362.69999
4720	362.6
4721	362.6
4722	362.6
4723	362.6
4724	362.6
4725	362.6
4726	362.69999
4727	362.69999
4728	362.8
4729	362.8
4730	362.89999
4731	362.8
4732	362.89999
4733	362.89999
4734	362.89999
4735	363.00001
4736	363.3
4737	363.20001
4738	363.20001
4739	363.00001
4740	363.20001
4741	363.40001
4742	363.09999
4743	363.3
4744	363.09999
4745	363.3
4746	363.00001
4747	363.09999
4748	363.09999
4749	363.00001
4750	363.20001
4751	363.09999
4752	363.00001
4753	363.09999
4754	363.20001
4755	363.09999
4756	363.20001
4757	363.20001
4758	363.3
4759	363.20001
4760	363.3
4761	363.3
4762	363.3
4763	363.5
4764	363.5
4765	363.5
4766	363.5
4767	363.40001
4768	363.40001
4769	363.3
4770	363.3
4771	363.20001
4772	363.20001
4773	363.20001
4774	363.09999
4775	363.09999
4776	363.09999
4777	363.20001
4778	363.00001
4779	363.3
4780	363.3
4781	363.09999
4782	363.20001
4783	363.3
4784	363.3
4785	363.00001
4786	362.8
4787	363.00001
4788	363.00001
4789	363.20001
4790	363.09999
4791	363.00001
4792	363.00001
4793	363.00001
4794	362.89999
4795	363.00001
4796	362.69999
4797	362.8
4798	362.8
4799	362.8
4800	362.89999
4801	363.00001
4802	363.09999
4803	363.09999
4804	363.20001
4805	363.3
4806	363.5
4807	363.3
4808	363.3
4809	363.20001
4810	363.3
4811	363.3
4812	363.00001
4813	362.89999
4814	363.09999
4815	363.00001
4816	363.00001
4817	363.00001
4818	363.20001
4819	363.3
4820	363.3
4821	363.3
4822	363.20001
4823	363.3
4824	363.09999
4825	363.3
4826	363.00001
4827	363.00001
4828	363.3
4829	363.3
4830	363.3
4831	363.3
4832	363.3
4833	363.3
4834	363.3
4835	363.3
4836	363.40001
4837	363.5
4838	363.3
4839	363.3
4840	363.40001
4841	363.3
4842	363.20001
4843	363.40001
4844	363.7
4845	363.7
4846	363.7
4847	363.5
4848	363.59999
4849	363.59999
4850	363.59999
4851	363.59999
4852	363.7
4853	363.79999
4854	363.99999
4855	364.10001
4856	364.80001
4857	364.89999
4858	365.3
4859	365.79999
4860	366.29999
4861	366.29999
4862	366.9
4863	367.1
4864	367.19999
4865	367.1
4866	367.19999
4867	367.19999
4868	367.50001
4869	367.8
4870	367.8
4871	367.90001
4872	367.90001
4873	367.59999
4874	367.50001
4875	367.39999
4876	367.39999
4877	367.1
4878	367.00001
4879	367.19999
4880	367.00001
4881	367.00001
4882	367.1
4883	367.19999
4884	367.19999
4885	367.19999
4886	367.39999
4887	367.39999
4888	367.39999
4889	367.1
4890	367.1
4891	367.1
4892	367.00001
4893	366.9
4894	366.9
4895	366.80001
4896	366.9
4897	367.00001
4898	367.19999
4899	367.00001
4900	367.19999
4901	367.3
4902	367.3
4903	367.3
4904	367.19999
4905	367.19999
4906	367.3
4907	367.19999
4908	367.00001
4909	367.19999
4910	367.19999
4911	367.19999
4912	367.19999
4913	367.50001
4914	367.59999
4915	367.8
4916	367.90001
4917	367.90001
4918	367.90001
4919	368.2
4920	367.90001
4921	367.90001
4922	367.90001
4923	367.90001
4924	367.90001
4925	367.8
4926	367.59999
4927	367.50001
4928	367.70001
4929	367.70001
4930	367.8
4931	367.90001
4932	367.8
4933	367.90001
4934	368
4935	367.90001
4936	367.8
4937	367.59999
4938	367.70001
4939	367.50001
4940	367.70001
4941	367.8
4942	367.90001
4943	367.90001
4944	368.2
4945	368.2
4946	368.49999
4947	368.49999
4948	368.29999
4949	368.09999
4950	368
4951	367.50001
4952	367.90001
4953	367.70001
4954	367.8
4955	367.90001
4956	368.09999
4957	368.2
4958	368.2
4959	368.40001
4960	368.2
4961	368.09999
4962	368.29999
4963	368.2
4964	368.09999
4965	368.09999
4966	368.2
4967	368.40001
4968	368.2
4969	368.2
4970	368.29999
4971	368.2
4972	368.29999
4973	368
4974	368.2
4975	368
4976	368
4977	368.2
4978	368.09999
4979	368.2
4980	368.2
4981	368.2
4982	368
4983	368.2
4984	368.09999
4985	368.40001
4986	368.2
4987	368.40001
4988	368.2
4989	368.40001
4990	368.29999
4991	368.2
4992	368.2
4993	368.29999
4994	368.2
4995	368
4996	367.90001
4997	368
4998	368.2
4999	368
5000	368
5001	368.09999
5002	368
5003	368.09999
5004	368.2
5005	368.09999
5006	368.2
5007	368.29999
5008	368.40001
5009	368.49999
5010	368.49999
5011	368.9
5012	368.49999
5013	368.60001
5014	368.49999
5015	368.49999
5016	368.40001
5017	368.40001
5018	368.60001
5019	368.49999
5020	368.2
5021	367.90001
5022	367.70001
5023	367.50001
5024	367.39999
5025	367.59999
5026	367.50001
5027	367.70001
5028	367.90001
5029	367.70001
5030	368
5031	367.59999
5032	367.1
5033	365.90001
5034	365.3
5035	363.7
5036	361.7
5037	360.8
5038	358.79999
5039	356.90001
5040	355.30001
5041	354.60001
5042	353.70001
5043	352.99999
5044	352.49999
5045	352.4
5046	352.2
5047	352.4
5048	352.9
5049	353.1
5050	353.6
5051	354
5052	354.7
5053	354.99999
5054	355.6
5055	356.09999
5056	356.7
5057	356.90001
5058	357.6
5059	358.00001
5060	358.1
5061	358.70001
5062	359.10001
5063	359.49999
5064	359.49999
5065	359.80001
5066	359.9
5067	360.1
5068	360.3
5069	360.50001
5070	361
5071	361.09999
5072	361.09999
5073	361.40001
5074	361.40001
5075	361.60001
5076	361.7
5077	361.79999
5078	361.99999
5079	362.10001
5080	361.99999
5081	362.10001
5082	362.30001
5083	362.4
5084	362.4
5085	362.4
5086	362.50001
5087	362.4
5088	362.50001
5089	362.4
5090	362.8
5091	362.69999
5092	362.89999
5093	362.89999
5094	363.00001
5095	363.00001
5096	363.00001
5097	363.00001
5098	363.00001
5099	362.69999
5100	362.69999
5101	362.89999
5102	362.8
5103	362.8
5104	363.00001
5105	363.09999
5106	363.00001
5107	363.09999
5108	363.00001
5109	363.20001
5110	363.20001
5111	363.3
5112	363.3
5113	363.20001
5114	363.3
5115	363.3
5116	363.3
5117	363.3
5118	363.3
5119	363.3
5120	363.3
5121	363.3
5122	363.5
5123	363.5
5124	363.40001
5125	363.40001
5126	363.7
5127	363.40001
5128	363.7
5129	363.5
5130	363.40001
5131	363.3
5132	363.40001
5133	363.3
5134	363.40001
5135	363.3
5136	363.3
5137	363.3
5138	363.3
5139	363.09999
5140	363.20001
5141	363.09999
5142	363.00001
5143	363.20001
5144	363.20001
5145	363.09999
5146	363.09999
5147	363.3
5148	363.40001
5149	363.20001
5150	363.5
5151	363.5
5152	363.5
5153	363.5
5154	363.59999
5155	363.59999
5156	363.59999
5157	363.79999
5158	363.7
5159	363.59999
5160	363.59999
5161	363.20001
5162	363.00001
5163	362.89999
5164	362.89999
5165	362.8
5166	362.69999
5167	362.50001
5168	362.69999
5169	362.6
5170	362.69999
5171	362.69999
5172	362.69999
5173	362.69999
5174	362.69999
5175	362.50001
5176	362.6
5177	362.69999
5178	362.50001
5179	362.6
5180	362.69999
5181	362.50001
5182	362.50001
5183	362.50001
5184	362.50001
5185	362.4
5186	362.30001
5187	362.10001
5188	362.19999
5189	362.10001
5190	362.10001
5191	362.10001
5192	362.30001
5193	362.19999
5194	362.10001
5195	362.10001
5196	362.30001
5197	362.30001
5198	362.19999
5199	362.19999
5200	362.19999
5201	362.10001
5202	362.19999
5203	362.50001
5204	362.4
5205	362.30001
5206	362.30001
5207	362.19999
5208	362.30001
5209	362.19999
5210	362.19999
5211	362.10001
5212	362.30001
5213	362.30001
5214	362.4
5215	362.4
5216	362.50001
5217	362.30001
5218	362.10001
5219	362.10001
5220	362.4
5221	362.19999
5222	362.4
5223	362.10001
5224	362.19999
5225	362.19999
5226	362.10001
5227	362.30001
5228	362.50001
5229	362.4
5230	362.4
5231	362.30001
5232	362.4
5233	362.30001
5234	362.30001
5235	362.4
5236	362.50001
5237	362.50001
5238	362.6
5239	362.4
5240	362.4
5241	362.30001
5242	362.30001
5243	362.30001
5244	362.19999
5245	362.10001
5246	362.19999
5247	362.10001
5248	362.19999
5249	362.19999
5250	362.10001
5251	362.10001
5252	362.19999
5253	362.10001
5254	362.10001
5255	362.19999
5256	362.10001
5257	362.10001
5258	362.30001
5259	362.30001
5260	362.4
5261	362.4
5262	362.4
5263	362.30001
5264	362.10001
5265	362.30001
5266	362.4
5267	362.4
5268	362.19999
5269	362.19999
5270	362.4
5271	362.19999
5272	362.4
5273	362.4
5274	362.19999
5275	362.10001
5276	362.19999
5277	362.19999
5278	362.19999
5279	362.10001
5280	362.4
5281	362.4
5282	362.19999
5283	362.19999
5284	362.4
5285	362.19999
5286	362.19999
5287	362.19999
5288	362.30001
5289	362.19999
5290	361.99999
5291	361.79999
5292	361.9
5293	361.9
5294	361.79999
5295	361.79999
5296	361.7
5297	361.7
5298	361.79999
5299	361.60001
5300	361.7
5301	361.7
5302	361.60001
5303	361.7
5304	361.9
5305	362.10001
5306	362.10001
5307	361.79999
5308	361.9
5309	361.99999
5310	362.10001
5311	362.10001
5312	362.10001
5313	361.79999
5314	362.10001
5315	362.10001
5316	362.19999
5317	362.4
5318	362.4
5319	362.69999
5320	362.4
5321	362.4
5322	362.10001
5323	361.9
5324	361.7
5325	361.7
5326	361.9
5327	362.19999
5328	362.8
5329	363.20001
5330	363.59999
5331	363.90001
5332	364.30001
5333	364.30001
5334	364.80001
5335	364.89999
5336	365.00001
5337	365.3
5338	365.5
5339	366
5340	366.2
5341	366.2
5342	366.49999
5343	366.60001
5344	366.29999
5345	366.29999
5346	366.4
5347	366.4
5348	366.49999
5349	366.49999
5350	366.60001
5351	366.60001
5352	366.60001
5353	366.4
5354	366.29999
5355	366.49999
5356	366.60001
5357	366.49999
5358	366.9
5359	366.60001
5360	366.60001
5361	366.9
5362	366.9
5363	366.9
5364	366.9
5365	366.60001
5366	366.4
5367	366.60001
5368	366.49999
5369	366.69999
5370	366.60001
5371	366.80001
5372	366.60001
5373	366.80001
5374	366.4
5375	366.4
5376	365.90001
5377	366.10001
5378	366
5379	366.10001
5380	365.90001
5381	365.70001
5382	365.5
5383	365.59999
5384	365.3
5385	364.89999
5386	365.00001
5387	364.80001
5388	364.6
5389	364.6
5390	364.6
5391	364.30001
5392	364.4
5393	364.4
5394	364.30001
5395	364.10001
5396	364.10001
5397	363.99999
5398	363.99999
5399	363.79999
5400	363.5
5401	363.3
5402	363.3
5403	363.3
5404	363.40001
5405	363.40001
5406	363.5
5407	363.59999
5408	363.7
5409	363.5
5410	363.59999
5411	363.5
5412	363.40001
5413	363.5
5414	363.3
5415	363.20001
5416	363.20001
5417	363.3
5418	363.3
5419	363.09999
5420	362.89999
5421	362.89999
5422	362.8
5423	362.69999
5424	362.89999
5425	362.8
5426	362.89999
5427	362.89999
5428	362.89999
5429	362.69999
5430	362.69999
5431	362.8
5432	362.8
5433	362.50001
5434	362.6
5435	362.69999
5436	362.69999
5437	362.4
5438	362.69999
5439	362.69999
5440	362.69999
5441	362.89999
5442	362.89999
5443	362.69999
5444	362.89999
5445	362.89999
5446	362.89999
5447	362.89999
5448	363.00001
5449	363.00001
5450	362.8
5451	362.69999
5452	363.00001
5453	363.00001
5454	363.20001
5455	363.09999
5456	363.09999
5457	362.89999
5458	363.00001
5459	363.09999
5460	363.00001
5461	363.00001
5462	363.3
5463	363.00001
5464	363.00001
5465	363.00001
5466	363.09999
5467	363.09999
5468	363.09999
5469	363.09999
5470	363.59999
5471	363.40001
5472	363.59999
5473	363.3
5474	363.5
5475	363.7
5476	363.40001
5477	363.7
5478	363.79999
5479	363.79999
5480	363.99999
5481	364.4
5482	364.49999
5483	364.49999
5484	364.69999
5485	364.80001
5486	364.69999
5487	364.69999
5488	364.80001
5489	364.6
5490	365.00001
5491	365.20001
5492	365.1
5493	364.69999
5494	364.6
5495	364.4
5496	364.30001
5497	364.30001
5498	364.49999
5499	364.69999
5500	364.89999
5501	364.89999
5502	365.1
5503	365.20001
5504	365.1
5505	364.89999
5506	364.69999
5507	363.90001
5508	362.8
5509	361.99999
5510	360.39999
5511	358.20001
5512	356.00001
5513	355.19999
5514	353.19999
5515	351.79999
5516	350.49999
5517	350.2
5518	349.59999
5519	349.20001
5520	348.89999
5521	348.89999
5522	349.09999
5523	349.3
5524	349.5
5525	349.90001
5526	350.6
5527	351.39999
5528	351.70001
5529	352.29999
5530	352.7
5531	353.39999
5532	353.70001
5533	354.29999
5534	354.7
5535	354.99999
5536	355.30001
5537	355.89999
5538	356.09999
5539	356.5
5540	356.59999
5541	356.99999
5542	357.2
5543	357.10001
5544	357.30001
5545	357.49999
5546	357.80001
5547	357.69999
5548	358.1
5549	358.1
5550	358.1
5551	358.39999
5552	358.39999
5553	358.39999
5554	357.49999
5555	356.90001
5556	356.59999
5557	356.99999
5558	357.6
5559	358.1
5560	358.5
5561	359.10001
5562	359.49999
5563	359.29999
5564	359.60001
5565	359.80001
5566	359.80001
5567	360.1
5568	359.9
5569	359.80001
5570	359.80001
5571	359.60001
5572	359.80001
5573	359.69999
5574	359.60001
5575	359.69999
5576	359.60001
5577	359.69999
5578	359.80001
5579	359.60001
5580	359.69999
5581	359.69999
5582	359.60001
5583	359.69999
5584	359.49999
5585	359.60001
5586	359.69999
5587	359.49999
5588	359.49999
5589	359.60001
5590	359.69999
5591	359.60001
5592	359.69999
5593	359.80001
5594	359.69999
5595	359.80001
5596	359.9
5597	359.80001
5598	359.69999
5599	359.60001
5600	359.2
5601	359.2
5602	359.2
5603	358.90001
5604	358.79999
5605	359.10001
5606	358.90001
5607	359
5608	358.79999
5609	358.79999
5610	358.90001
5611	358.79999
5612	358.79999
5613	359
5614	358.90001
5615	359.2
5616	359.10001
5617	359.2
5618	359.2
5619	359.49999
5620	359.4
5621	359.49999
5622	359.4
5623	359.49999
5624	359.60001
5625	359.80001
5626	359.69999
5627	359.80001
5628	359.60001
5629	359.69999
5630	359.9
5631	359.9
5632	359.80001
5633	360.00001
5634	360.00001
5635	360.00001
5636	360.00001
5637	360.00001
5638	360.00001
5639	359.80001
5640	360.00001
5641	360.1
5642	360.19999
5643	360.3
5644	360.19999
5645	360.3
5646	360.39999
5647	360.39999
5648	360.50001
5649	360.59999
5650	360.70001
5651	360.70001
5652	360.70001
5653	360.8
5654	360.8
5655	360.90001
5656	360.8
5657	361.09999
5658	361
5659	361
5660	361.09999
5661	361.2
5662	361.2
5663	361.09999
5664	361.40001
5665	361.40001
5666	361.40001
5667	361.29999
5668	361.29999
5669	361.29999
5670	361.40001
5671	361.40001
5672	361.40001
5673	361.40001
5674	361.7
5675	361.40001
5676	361.7
5677	361.7
5678	361.79999
5679	361.79999
5680	361.9
5681	361.79999
5682	361.9
5683	361.79999
5684	361.79999
5685	361.9
5686	361.99999
5687	361.79999
5688	361.99999
5689	361.99999
5690	362.10001
5691	362.10001
5692	362.10001
5693	361.99999
5694	362.10001
5695	362.10001
5696	362.10001
5697	361.99999
5698	362.10001
5699	362.30001
5700	362.19999
5701	362.4
5702	362.4
5703	362.4
5704	362.4
5705	362.19999
5706	362.30001
5707	362.30001
5708	362.19999
5709	362.30001
5710	362.30001
5711	362.4
5712	362.30001
5713	362.4
5714	362.30001
5715	362.30001
5716	362.30001
5717	362.50001
5718	362.4
5719	362.4
5720	362.50001
5721	362.4
5722	362.4
5723	362.19999
5724	362.19999
5725	362.19999
5726	362.10001
5727	362.19999
5728	362.30001
5729	362.30001
5730	362.30001
5731	362.19999
5732	362.10001
5733	361.99999
5734	362.10001
5735	362.10001
5736	362.19999
5737	362.4
5738	362.30001
5739	362.30001
5740	362.19999
5741	362.19999
5742	362.30001
5743	362.30001
5744	362.4
5745	362.4
5746	362.30001
5747	362.50001
5748	362.4
5749	362.50001
5750	362.4
5751	362.19999
5752	362.30001
5753	362.4
5754	362.30001
5755	362.50001
5756	362.4
5757	362.4
5758	362.4
5759	362.19999
5760	362.30001
5761	362.19999
5762	362.4
5763	362.4
5764	362.4
5765	362.4
5766	362.4
5767	362.4
5768	362.4
5769	362.4
5770	362.4
5771	362.50001
5772	362.50001
5773	362.4
5774	362.50001
5775	362.4
5776	362.19999
5777	362.4
5778	362.10001
5779	363.09999
5780	361.99999
5781	362.10001
5782	362.10001
5783	362.19999
5784	362.30001
5785	362.4
5786	362.6
5787	362.4
5788	362.50001
5789	362.50001
5790	362.69999
5791	362.8
5792	362.69999
5793	362.69999
5794	362.69999
5795	362.50001
5796	362.30001
5797	362.4
5798	362.10001
5799	362.4
5800	362.6
5801	363.00001
5802	363.40001
5803	363.79999
5804	364.2
5805	364.4
5806	364.69999
5807	365.20001
5808	365.3
5809	365.59999
5810	365.90001
5811	365.90001
5812	366.2
5813	366.2
5814	366.10001
5815	365.90001
5816	365.90001
5817	366.29999
5818	366.60001
5819	366
5820	366.69999
5821	366.69999
5822	366.9
5823	367.00001
5824	367.19999
5825	367.19999
5826	367.19999
5827	367.19999
5828	367.19999
5829	367.19999
5830	367.19999
5831	367.50001
5832	367.59999
5833	367.59999
5834	367.50001
5835	367.50001
5836	367.50001
5837	367.50001
5838	367.3
5839	367.3
5840	367.19999
5841	367.39999
5842	367.50001
5843	367.50001
5844	367.39999
5845	367.3
5846	367.39999
5847	367.59999
5848	367.59999
5849	367.50001
5850	367.50001
5851	367.59999
5852	367.50001
5853	367.19999
5854	367.1
5855	367.19999
5856	367.3
5857	367.19999
5858	367.39999
5859	367.19999
5860	367.3
5861	367.19999
5862	367.19999
5863	367.50001
5864	367.50001
5865	367.70001
5866	367.8
5867	367.59999
5868	367.8
5869	367.50001
5870	367.8
5871	367.8
5872	367.59999
5873	367.50001
5874	367.59999
5875	367.70001
5876	367.8
5877	367.90001
5878	368.2
5879	367.90001
5880	367.90001
5881	367.90001
5882	367.90001
5883	367.90001
5884	368.2
5885	368.29999
5886	368
5887	368.2
5888	368.09999
5889	368.09999
5890	368.49999
5891	367.50001
5892	368.2
5893	368
5894	367.90001
5895	368
5896	368.2
5897	368.29999
5898	368.2
5899	368.40001
5900	368.2
5901	368.29999
5902	368.09999
5903	367.90001
5904	368.60001
5905	368.49999
5906	368.60001
5907	368.80001
5908	369.1
5909	368.49999
5910	368.60001
5911	368.49999
5912	368.49999
5913	368.49999
5914	368.99999
5915	368.60001
5916	368.49999
5917	368.40001
5918	368.49999
5919	368.49999
5920	368.29999
5921	368.29999
5922	368.2
5923	368
5924	368.2
5925	368
5926	367.90001
5927	368.2
5928	368.09999
5929	368.40001
5930	368.40001
5931	368.80001
5932	368.49999
5933	368.60001
5934	369.1
5935	369.1
5936	368.80001
5937	369.30001
5938	368.99999
5939	368.99999
5940	368.80001
5941	369.1
5942	368.99999
5943	368.7
5944	368.7
5945	368.99999
5946	368.99999
5947	368.99999
5948	368.80001
5949	368.9
5950	369.1
5951	369.1
5952	369.1
5953	369.1
5954	368.99999
5955	369.1
5956	368.80001
5957	368.80001
5958	368.80001
5959	368.49999
5960	368.9
5961	369.1
5962	368.99999
5963	369.39999
5964	369.19999
5965	369.6
5966	369.70001
5967	369.6
5968	368.80001
5969	368.80001
5970	368.60001
5971	368.49999
5972	368.60001
5973	368.99999
5974	368.9
5975	369.1
5976	369.1
5977	368.80001
5978	368.40001
5979	368.29999
5980	367.90001
5981	366.29999
5982	365.00001
5983	363.00001
5984	362.10001
5985	360.00001
5986	358.5
5987	356.79999
5988	356.3
5989	355.6
5990	354.7
5991	354.29999
5992	354.20001
5993	354.29999
5994	354
5995	354.29999
5996	354.40001
5997	354.9
5998	355.8
5999	355.8
6000	356.3
6001	356.90001
6002	357.2
6003	357.80001
6004	357.89999
6005	358.5
6006	359.10001
6007	359.10001
6008	359.69999
6009	360.00001
6010	360.1
6011	360.1
6012	360.59999
6013	360.3
6014	360.8
6015	360.8
6016	361.2
6017	361.5
6018	361.7
6019	361.5
6020	361.79999
6021	362.10001
6022	362.19999
6023	362.30001
6024	362.10001
6025	362.4
6026	362.50001
6027	362.69999
6028	362.6
6029	363.00001
6030	363.00001
6031	362.8
6032	363.00001
6033	362.89999
6034	362.69999
6035	362.69999
6036	363.00001
6037	362.6
6038	363.09999
6039	363.00001
6040	363.3
6041	363.00001
6042	363.3
6043	363.09999
6044	362.89999
6045	362.89999
6046	363.09999
6047	363.00001
6048	363.00001
6049	363.00001
6050	363.3
6051	362.89999
6052	363.3
6053	363.00001
6054	363.40001
6055	363.5
6056	363.7
6057	363.7
6058	363.3
6059	363.3
6060	362.89999
6061	363.20001
6062	362.69999
6063	363.00001
6064	363.3
6065	363.20001
6066	363.40001
6067	363.20001
6068	363.40001
6069	363.09999
6070	363.5
6071	363.3
6072	363.20001
6073	363.3
6074	363.40001
6075	363.40001
6076	363.5
6077	363.79999
6078	363.3
6079	363.09999
6080	363.5
6081	363.5
6082	363.40001
6083	363.5
6084	363.3
6085	363.40001
6086	363.59999
6087	363.59999
6088	363.5
6089	363.7
6090	363.59999
6091	363.90001
6092	363.90001
6093	363.59999
6094	363.79999
6095	363.59999
6096	363.99999
6097	363.7
6098	363.79999
6099	363.5
6100	363.7
6101	363.7
6102	363.79999
6103	363.79999
6104	364.10001
6105	363.99999
6106	363.99999
6107	363.90001
6108	363.99999
6109	363.90001
6110	363.99999
6111	364.2
6112	363.79999
6113	363.79999
6114	364.30001
6115	364.10001
6116	364.10001
6117	363.99999
6118	363.90001
6119	364.30001
6120	364.4
6121	364.10001
6122	364.30001
6123	364.10001
6124	363.99999
6125	363.99999
6126	363.90001
6127	363.99999
6128	363.90001
6129	364.2
6130	364.2
6131	364.30001
6132	364.30001
6133	364.2
6134	364.10001
6135	364.10001
6136	363.90001
6137	363.79999
6138	363.7
6139	363.40001
6140	363.5
6141	363.7
6142	363.59999
6143	363.40001
6144	363.40001
6145	363.40001
6146	363.3
6147	363.59999
6148	363.40001
6149	363.40001
6150	363.7
6151	363.40001
6152	363.59999
6153	363.3
6154	363.5
6155	363.59999
6156	363.59999
6157	363.59999
6158	363.7
6159	363.7
6160	363.3
6161	363.5
6162	363.40001
6163	363.59999
6164	363.59999
6165	363.7
6166	363.7
6167	363.5
6168	363.3
6169	363.59999
6170	363.5
6171	363.3
6172	363.40001
6173	363.3
6174	363.20001
6175	363.40001
6176	363.3
6177	363.59999
6178	363.40001
6179	363.5
6180	363.7
6181	363.5
6182	363.40001
6183	363.5
6184	363.40001
6185	363.5
6186	363.7
6187	363.79999
6188	363.79999
6189	363.7
6190	363.59999
6191	363.7
6192	363.5
6193	363.3
6194	363.59999