1	273.06
2	273.57999
3	273.17999
4	272.97
5	273.17999
6	273.31
7	273.39001
8	273.32999
9	273.26999
10	273.17999
11	273.20001
12	273.32999
13	273.35001
14	273.14001
15	273.14001
16	273.12
17	273.17999
18	273.23999
19	273.23999
20	273.10001
21	272.89001
22	272.89001
23	272.76001
24	272.85001
25	272.89001
26	273.01001
27	273.04001
28	273.10001
29	273.12
30	273.07999
31	272.95001
32	272.92999
33	272.87
34	272.87
35	272.87
36	272.95001
37	273.17999
38	273.16
39	273.07999
40	273.16
41	273.20001
42	273.32999
43	273.31
44	273.20001
45	273.06
46	272.85001
47	272.89001
48	272.95001
49	272.91
50	272.97
51	272.92999
52	272.81
53	272.67999
54	272.67999
55	272.64001
56	272.85001
57	272.89001
58	272.78
59	272.82999
60	272.81
61	272.81
62	273.17999
63	273.47
64	273.54001
65	273.42999
66	273.32999
67	273.31
68	273.31
69	273.20001
70	273.17999
71	272.95001
72	272.78
73	272.66
74	272.62
75	272.67999
76	272.97
77	273.20001
78	273.5
79	273.45001
80	273.47
81	273.41
82	273.32999
83	273.23999
84	273.20001
85	273.20001
86	273.20001
87	273.22
88	273.20001
89	273.22
90	273.20001
91	273.20001
92	273.20001
93	273.20001
94	272.98999
95	272.91
96	272.95001
97	273.31
98	273.41
99	273.64001
100	273.64001
101	274.69
102	274.81
103	274.81
104	274.69
105	274.5
106	274.54001
107	274.57999
108	275.23001
109	275.48001
110	275.88
111	276.19
112	276.20999
113	276.44
114	276.64999
115	277.26001
116	277.67999
117	277.76001
118	278.12
119	278.26001
120	278.28
121	278.37
122	278.48999
123	278.70001
124	278.91
125	278.91
126	278.85001
127	278.79001
128	278.76999
129	278.92999
130	279.10001
131	279.25
132	279.25
133	279.39001
134	279.32999
135	279.35001
136	279.10001
137	278.95001
138	279.07999
139	279.07999
140	279.25
141	279.31
142	279.01999
143	278.85001
144	279.20001
145	279.42999
146	279.60001
147	279.69
148	279.62
149	279.45999
150	279.39001
151	279.51999
152	279.66
153	279.69
154	279.64001
155	279.64001
156	279.56
157	279.56
158	279.56
159	279.41
160	279.39001
161	279.25
162	279.17999
163	279.29001
164	279.29001
165	279.45999
166	279.41
167	279.31
168	279.23001
169	279.39001
170	279.35001
171	279.35001
172	279.23001
173	279.35001
174	279.37
175	279.42999
176	279.31
177	279.17999
178	279
179	279.07999
180	279.07999
181	278.85001
182	278.87
183	278.79001
184	278.82999
185	278.87
186	278.92999
187	279.06
188	279.06
189	279.16
190	279.20001
191	279.25
192	279.23001
193	279.54001
194	279.76999
195	279.64001
196	279.64001
197	279.14001
198	278.66
199	278.47
200	278.39001
201	278.66
202	279.06
203	279.06
204	279.42999
205	279.5
206	279.42999
207	279.31
208	279.45999
209	279.35001
210	279.26999
211	279.10001
212	279.07999
213	279.04001
214	278.95001
215	278.87
216	278.87
217	278.89001
218	279.23001
219	279.20001
220	279.31
221	279.48001
222	279.5
223	279.41
224	279.5
225	279.54001
226	279.48001
227	279.35001
228	279.35001
229	279.56
230	279.73001
231	279.81
232	279.66
233	279.45999
234	279.26999
235	279.26999
236	279.51999
237	279.60001
238	279.56
239	279.14001
240	279.10001
241	279.23001
242	279.23001
243	279.37
244	279.45999
245	279.54001
246	279.60001
247	279.51999
248	279.51999
249	279.60001
250	279.62
251	279.66
252	279.54001
253	279.35001
254	279.32999
255	279.35001
256	279.42999
257	279.5
258	279.48001
259	279.45999
260	279.41
261	279.29001
262	279.01999
263	278.89001
264	278.82999
265	278.89001
266	278.73999
267	278.73999
268	278.62
269	278.79001
270	278.91
271	278.92999
272	278.56
273	278.37
274	278.37
275	279.16
276	279.57999
277	279.69
278	279.45999
279	279.23001
280	279.16
281	278.92999
282	278.95001
283	279.01999
284	279.04001
285	278.87
286	278.66
287	278.64001
288	278.56
289	278.04999
290	277.35999
291	275.44
292	273.39001
293	272.29999
294	269.79001
295	268.48001
296	265.53
297	262.92999
298	260.57001
299	260.57001
300	258.35001
301	258.06
302	258.19
303	258.94
304	259.88
305	261.09
306	261.09
307	262.48999
308	262.95999
309	263.16
310	263.81
311	264.5
312	265.34
313	265.34
314	266.84
315	267.45001
316	267.72
317	268.25
318	268.51999
319	268.69
320	268.94
321	269.31
322	269.54001
323	269.88
324	270.09
325	270.20999
326	270.23001
327	270.42001
328	270.95999
329	271.10999
330	271.22
331	271.39999
332	271.48999
333	271.88
334	271.98999
335	272.07001
336	271.98999
337	271.98999
338	271.98999
339	272.16
340	272.14001
341	272.14001
342	272.16
343	272.16
344	272.20001
345	272.20001
346	272.16
347	272.20001
348	272.20001
349	272.17999
350	272.10999
351	272.09
352	272.09
353	271.98999
354	272.23999
355	272.32001
356	272.45001
357	272.53
358	272.66
359	272.78
360	272.98999
361	273.14001
362	273.14001
363	272.91
364	272.87
365	272.95001
366	273.06
367	273.17999
368	273.12
369	273.16
370	273.32999
371	273.29001
372	273.41
373	273.51999
374	273.51999
375	273.47
376	273.41
377	273.41
378	273.70001
379	273.85001
380	273.91
381	274.07999
382	274.10001
383	274
384	274
385	273.92999
386	273.89001
387	273.82999
388	273.67999
389	273.60001
390	273.60001
391	273.62
392	273.75
393	273.79001
394	273.82999
395	273.76999
396	273.66
397	273.54001
398	273.47
399	273.29001
400	273.23999
401	273.17999
402	273.22
403	273.20001
404	273.07999
405	272.95001
406	272.95001
407	273.23999
408	273.54001
409	273.54001
410	273.95999
411	274.04001
412	273.92999
413	273.56
414	273.47
415	273.70001
416	273.70001
417	273.75
418	273.87
419	273.89001
420	273.95999
421	273.91
422	273.81
423	273.81
424	273.82999
425	273.81
426	273.82999
427	273.81
428	273.79001
429	273.79001
430	273.70001
431	273.47
432	273.37
433	273.47
434	273.75
435	273.73001
436	273.81
437	273.92999
438	274.04001
439	274.10001
440	274.06
441	273.79001
442	273.75
443	273.87
444	273.98001
445	274.19
446	274.10001
447	273.89001
448	273.89001
449	273.42999
450	273.26999
451	273.29001
452	273.20001
453	273.39001
454	273.57999
455	273.57999
456	273.79001
457	273.82999
458	273.81
459	274
460	273.95999
461	274.01999
462	273.95999
463	274.06
464	274.07999
465	274.06
466	273.91
467	273.81
468	273.76999
469	273.75
470	273.67999
471	273.81
472	274.07999
473	274.20999
474	274.16
475	273.92999
476	273.81
477	273.64001
478	273.79001
479	273.76999
480	273.76999
481	273.82999
482	273.98001
483	274.01999
484	274
485	273.92999
486	273.85001
487	273.85001
488	273.79001
489	273.92999
490	273.91
491	273.85001
492	274.01999
493	274.07999
494	274.07999
495	273.91
496	273.91
497	273.92999
498	274.04001
499	273.92999
500	273.89001
501	273.92999
502	274.23001
503	274.23001
504	274.26999
505	274.16
506	274.14001
507	274.10001
508	274.10001
509	274.29001
510	274.31
511	274.19
512	274.04001
513	273.95999
514	273.98001
515	273.92999
516	273.75
517	273.76999
518	274.12
519	274.12
520	274.23001
521	274.06
522	274.14001
523	274.20999
524	274.07999
525	274
526	274
527	273.95999
528	274.01999
529	273.98001
530	274.01999
531	274.04001
532	273.98001
533	273.85001
534	273.54001
535	273.62
536	273.56
537	273.66
538	273.95999
539	274.04001
540	274.19
541	274.25
542	274.20999
543	274.12
544	273.92999
545	273.87
546	273.98001
547	273.95999
548	273.95999
549	273.89001
550	273.85001
551	273.92999
552	274
553	274.16
554	274.26999
555	274.37
556	274.51999
557	274.57999
558	274.57999
559	274.25
560	274.06
561	274.10001
562	274.16
563	274.12
564	274
565	274
566	273.87
567	273.82999
568	273.73001
569	273.91
570	274
571	274.10001
572	274.16
573	274.39001
574	274.44
575	274.37
576	274.12
577	273.95999
578	273.89001
579	273.92999
580	274.70999
581	274.81
582	275.07999
583	275.26999
584	275.35999
585	275.88
586	276.13
587	276.92001
588	277.29999
589	277.62
590	277.62
591	278.41
592	278.62
593	278.54001
594	278.37
595	278.31
596	278.66
597	278.66
598	278.95001
599	279.14001
600	279.26999
601	279.41
602	279.25
603	279.20001
604	279.17999
605	279.48001
606	279.26999
607	279.20001
608	279.29001
609	279.20001
610	279.16
611	279.10001
612	279.01999
613	279.01999
614	278.97
615	279.04001
616	279.16
617	279.32999
618	279.35001
619	279.51999
620	279.56
621	279.57999
622	279.48001
623	279.54001
624	279.37
625	279.26999
626	279.5
627	279.60001
628	279.51999
629	279.51999
630	279.82999
631	280
632	280.06
633	279.82999
634	279.54001
635	279.29001
636	279.29001
637	279.35001
638	279.42999
639	279.35001
640	279.25
641	279.23001
642	279.31
643	279.56
644	279.75
645	279.62
646	279.69
647	279.73001
648	279.57999
649	279.42999
650	279.26999
651	279
652	278.87
653	278.95001
654	279.23001
655	279.31
656	279.29001
657	279.14001
658	279.01999
659	279.07999
660	279.06
661	279.06
662	279.06
663	279.20001
664	279.14001
665	279.20001
666	279.32999
667	279.07999
668	279.07999
669	279.12
670	279.56
671	279.62
672	279.32999
673	279.31
674	279.31
675	279.31
676	279.26999
677	279.37
678	279.37
679	279.26999
680	279.14001
681	279.12
682	279.14001
683	278.89001
684	279.04001
685	279.37
686	279.31
687	279.29001
688	279.39001
689	279.37
690	279.57999
691	279.69
692	279.57999
693	279.31
694	279.14001
695	278.89001
696	279.06
697	279.10001
698	278.85001
699	278.47
700	278.47
701	278.17999
702	278.12
703	278.03
704	278.10001
705	278.26001
706	278.54001
707	278.54001
708	278.70001
709	278.95001
710	279.01999
711	279.41
712	279.82999
713	279.98001
714	280
715	279.56
716	279.39001
717	279.06
718	279.10001
719	279.16
720	279.29001
721	279.39001
722	279.5
723	279.41
724	279.23001
725	278.92999
726	278.79001
727	278.76999
728	278.89001
729	278.81
730	278.72
731	278.87
732	278.87
733	279.14001
734	279.45999
735	279.60001
736	279.60001
737	279.42999
738	279.29001
739	279.29001
740	279.16
741	279.25
742	279.12
743	279.23001
744	279.32999
745	279.04001
746	279.04001
747	278.79001
748	279.16
749	279.32999
750	279.98001
751	280.12
752	280.04001
753	279.85001
754	279.17999
755	279.01999
756	278.79001
757	278.82999
758	278.91
759	278.92999
760	279.01999
761	278.72
762	278.41
763	277.67999
764	276.14999
765	274.94
766	271.67999
767	269.92001
768	266.72
769	264.14999
770	261.66
771	261.66
772	258.76999
773	257.79001
774	257.54001
775	257.64001
776	258.10001
777	258.81
778	258.81
779	260.42001
780	261.53
781	262.14001
782	263.35001
783	264.06
784	264.45999
785	264.82001
786	266.04999
787	266.60999
788	266.73999
789	267.17999
790	267.54001
791	267.67999
792	267.82999
793	268.48001
794	268.79001
795	269.17001
796	269.57999
797	269.69
798	269.85999
799	269.98001
800	270.07001
801	270.34
802	270.60999
803	270.60999
804	270.63
805	270.63
806	270.5
807	270.64999
808	271.22
809	271.72
810	271.72
811	271.82001
812	271.95001
813	272.01001
814	271.95001
815	272.03
816	272.22
817	272.22
818	272.47
819	272.76001
820	272.81
821	272.62
822	272.47
823	272.45001
824	272.48999
825	272.28
826	272.17999
827	272.22
828	272.42999
829	272.62
830	272.85001
831	272.87
832	273.04001
833	272.95001
834	273.01001
835	273.06
836	273.01001
837	273.07999
838	273.17999
839	273.07999
840	272.98999
841	272.85001
842	272.85001
843	272.92999
844	273.16
845	273.14001
846	273.35001
847	273.5
848	273.54001
849	273.54001
850	273.5
851	273.39001
852	273.39001
853	273.29001
854	273.31
855	273.20001
856	273.14001
857	273.10001
858	273.22
859	273.22
860	273.07999
861	273.06
862	273.10001
863	273.17999
864	273.17999
865	273.26999
866	273.32999
867	273.47
868	273.42999
869	273.32999
870	273.32999
871	273.39001
872	273.54001
873	273.54001
874	273.51999
875	273.42999
876	273.39001
877	273.37
878	273.31
879	273.16
880	273.20001
881	273.20001
882	273.16
883	273.16
884	273.26999
885	273.39001
886	273.35001
887	273.39001
888	273.39001
889	273.35001
890	273.14001
891	273.04001
892	273.14001
893	273.32999
894	273.32999
895	273.37
896	273.22
897	273.07999
898	272.98999
899	273.07999
900	273.10001
901	273.12
902	273.16
903	273.16
904	273.10001
905	273.07999
906	273.31
907	273.42999
908	273.5
909	273.5
910	273.31
911	273.10001
912	272.82999
913	272.82999
914	272.97
915	273.16
916	273.16
917	273.16
918	273.16
919	273.10001
920	273.10001
921	273.26999
922	273.22
923	273.17999
924	273.06
925	273.10001
926	273.31
927	273.31
928	273.29001
929	273.32999
930	273.35001
931	273.45001
932	273.51999
933	273.45001
934	273.5
935	273.73001
936	273.87
937	274.14001
938	274.19
939	274.14001
940	273.81
941	273.60001
942	273.37
943	273.06
944	273.04001
945	273.20001
946	273.31
947	273.42999
948	273.37
949	273.32999
950	273.42999
951	273.42999
952	273.42999
953	273.47
954	273.67999
955	273.70001
956	273.5
957	273.32999
958	273.23999
959	273.23999
960	273.31
961	273.26999
962	273.32999
963	273.35001
964	273.32999
965	273.31
966	273.23999
967	273.42999
968	273.54001
969	273.51999
970	273.5
971	273.39001
972	273.39001
973	273.51999
974	273.75
975	273.67999
976	273.56
977	273.39001
978	273.42999
979	273.5
980	273.47
981	273.37
982	273.26999
983	273.20001
984	273.20001
985	273.29001
986	273.22
987	273.22
988	273.31
989	273.32999
990	273.35001
991	273.35001
992	273.32999
993	273.17999
994	273.07999
995	273.22
996	273.5
997	273.56
998	273.56
999	273.35001
1000	273.16
1001	273.06
1002	273.23999
1003	273.47
1004	273.42999
1005	273.39001
1006	273.23999
1007	273.07999
1008	272.91
1009	272.85001
1010	272.85001
1011	272.95001
1012	273.12
1013	273.22
1014	273.22
1015	273.26999
1016	273.23999
1017	273.16
1018	273.07999
1019	273.06
1020	272.81
1021	272.78
1022	272.95001
1023	272.95001
1024	273.20001
1025	273.20001
1026	273.29001
1027	273.37
1028	273.56
1029	273.64001
1030	273.64001
1031	273.66
1032	273.56
1033	273.5
1034	273.12
1035	272.89001
1036	273.04001
1037	273.14001
1038	273.51999
1039	273.51999
1040	273.64001
1041	273.54001
1042	273.39001
1043	273.29001
1044	273.26999
1045	273.35001
1046	273.62
1047	274.07999
1048	274.19
1049	274.12
1050	273.81
1051	273.66
1052	273.29001
1053	273.20001
1054	273.26999
1055	273.26999
1056	273.89001
1057	274.35001
1058	274.56
1059	274.95999
1060	275.54001
1061	276.39999
1062	276.39999
1063	277.45001
1064	277.64001
1065	277.76001
1066	277.82001
1067	277.91
1068	278.07999
1069	278.07999
1070	278.66
1071	278.85001
1072	278.76999
1073	278.66
1074	278.51001
1075	278.31
1076	278.23999
1077	278.10001
1078	278.07999
1079	278.22
1080	278.60001
1081	278.72
1082	278.92999
1083	279.07999
1084	279.14001
1085	279.10001
1086	279.06
1087	279.06
1088	279.25
1089	279.31
1090	279.35001
1091	279.56
1092	279.45999
1093	279.20001
1094	279.20001
1095	278.95001
1096	278.95001
1097	278.97
1098	279.04001
1099	279.25
1100	279.25
1101	279.25
1102	279.07999
1103	279.23001
1104	279.23001
1105	279.39001
1106	279.20001
1107	279.12
1108	279.12
1109	279.12
1110	279.10001
1111	279.06
1112	279
1113	279.06
1114	278.95001
1115	278.91
1116	278.91
1117	278.85001
1118	279.07999
1119	279.32999
1120	279.41
1121	279.26999
1122	279.20001
1123	279.25
1124	279.29001
1125	279.31
1126	279.31
1127	279.39001
1128	279.57999
1129	279.51999
1130	279.26999
1131	279.07999
1132	279.07999
1133	279.07999
1134	278.97
1135	278.81
1136	278.79001
1137	278.97
1138	279.17999
1139	279.42999
1140	279.42999
1141	279.42999
1142	279.29001
1143	279.17999
1144	278.92999
1145	278.92999
1146	278.97
1147	279.06
1148	279.07999
1149	278.97
1150	278.92999
1151	278.81
1152	278.72
1153	278.54001
1154	278.54001
1155	278.62
1156	278.72
1157	278.60001
1158	278.60001
1159	278.56
1160	278.56
1161	278.62
1162	278.41
1163	278.20001
1164	278.14001
1165	278.14001
1166	278.31
1167	278.56
1168	278.62
1169	278.76999
1170	278.85001
1171	278.72
1172	278.72
1173	278.60001
1174	278.73999
1175	278.79001
1176	278.81
1177	278.89001
1178	278.91
1179	278.87
1180	278.54001
1181	278.62
1182	278.67999
1183	278.91
1184	279.51999
1185	279.70999
1186	279.64001
1187	279.51999
1188	279.45999
1189	279.26999
1190	279.14001
1191	279
1192	278.85001
1193	278.81
1194	278.67999
1195	278.73999
1196	278.81
1197	278.73999
1198	278.72
1199	278.89001
1200	279.04001
1201	279.16
1202	279.01999
1203	278.81
1204	278.81
1205	278.66
1206	278.70001
1207	278.72
1208	278.76999
1209	278.60001
1210	278.48999
1211	278.48999
1212	278.87
1213	278.85001
1214	278.89001
1215	279.04001
1216	279.06
1217	279.10001
1218	279.31
1219	278.89001
1220	278.70001
1221	278.87
1222	279.35001
1223	279.57999
1224	279.54001
1225	279.41
1226	279.06
1227	279.07999
1228	279.01999
1229	278.92999
1230	278.95001
1231	279.12
1232	279.12
1233	279.06
1234	278.76999
1235	278.37
1236	278.37
1237	277.14999
1238	275.35999
1239	274.45999
1240	272.23999
1241	269.60999
1242	266.92999
1243	266.92999
1244	262.66
1245	260.35999
1246	259.45999
1247	257.98001
1248	257.32999
1249	257.17999
1250	257.17999
1251	257.70999
1252	258.07999
1253	258.48001
1254	259.42001
1255	260.45001
1256	260.98999
1257	261.48999
1258	262.85001
1259	263.25
1260	264.01999
1261	264.73001
1262	264.95999
1263	265.32001
1264	265.45999
1265	265.85999
1266	266.32001
1267	266.82001
1268	267.32999
1269	267.39001
1270	267.72
1271	267.87
1272	268.07999
1273	268.26999
1274	268.5
1275	268.5
1276	268.79001
1277	269
1278	269.10001
1279	269.35001
1280	269.64999
1281	269.88
1282	269.88
1283	269.94
1284	270.04001
1285	270.09
1286	270.10999
1287	270.32001
1288	270.34
1289	270.39999
1290	270.85999
1291	271.09
1292	271.13
1293	271.34
1294	271.60999
1295	271.57001
1296	271.59
1297	271.70001
1298	271.73999
1299	271.70001
1300	271.53
1301	271.51001
1302	271.53
1303	271.51001
1304	271.57001
1305	271.73999
1306	271.64999
1307	271.64999
1308	271.73999
1309	271.91
1310	271.97
1311	271.92999
1312	271.92999
1313	271.88
1314	271.88
1315	271.95001
1316	272.03
1317	272.03
1318	271.92999
1319	271.54999
1320	271.48999
1321	271.48999
1322	271.47
1323	271.51001
1324	271.48999
1325	271.54999
1326	271.76001
1327	271.88
1328	272.03
1329	272.26001
1330	272.29999
1331	272.37
1332	272.26001
1333	272.26001
1334	271.98999
1335	272.01001
1336	272.20001
1337	272.20001
1338	272.20001
1339	272.26001
1340	272.32001
1341	272.45001
1342	272.42999
1343	272.67999
1344	272.76001
1345	272.62
1346	272.62
1347	272.62
1348	272.73999
1349	272.73999
1350	272.64001
1351	272.67999
1352	272.54999
1353	272.54999
1354	272.64001
1355	272.76001
1356	272.81
1357	273.06
1358	273.32999
1359	273.29001
1360	273.16
1361	273.04001
1362	272.91
1363	272.89001
1364	272.76001
1365	272.76001
1366	272.89001
1367	273.06
1368	273.32999
1369	273.32999
1370	273.31
1371	273.20001
1372	273.20001
1373	273.20001
1374	273.14001
1375	272.95001
1376	272.81
1377	272.53
1378	272.53
1379	272.67999
1380	272.87
1381	272.97
1382	273.12
1383	273.26999
1384	273.35001
1385	273.35001
1386	273.39001
1387	273.37
1388	273.39001
1389	273.12
1390	273.10001
1391	273.07999
1392	273.07999
1393	273.20001
1394	273.12
1395	273.07999
1396	272.97
1397	272.95001
1398	272.95001
1399	272.78
1400	272.66
1401	272.54999
1402	272.64001
1403	272.54999
1404	272.51001
1405	272.42999
1406	272.41
1407	272.66
1408	272.73999
1409	272.89001
1410	272.73999
1411	272.72
1412	272.64001
1413	272.54999
1414	272.67999
1415	272.89001
1416	273.14001
1417	273.14001
1418	273.29001
1419	273.16
1420	272.97
1421	272.81
1422	272.91
1423	272.95001
1424	272.95001
1425	272.91
1426	272.95001
1427	272.95001
1428	273.04001
1429	272.95001
1430	272.97
1431	273.04001
1432	273.39001
1433	273.45001
1434	273.45001
1435	273.26999
1436	273.22
1437	273.20001
1438	273.06
1439	272.78
1440	272.64001
1441	272.53
1442	272.39001
1443	272.42999
1444	272.54999
1445	272.64001
1446	272.85001
1447	273.04001
1448	272.95001
1449	272.89001
1450	272.78
1451	272.73999
1452	272.78
1453	272.97
1454	273.12
1455	273.06
1456	273.06
1457	272.95001
1458	272.76001
1459	272.72
1460	272.66
1461	272.70001
1462	272.76001
1463	272.76001
1464	272.78
1465	272.81
1466	272.89001
1467	272.97
1468	272.97
1469	272.91
1470	272.92999
1471	272.73999
1472	272.73999
1473	272.87
1474	272.97
1475	272.82999
1476	272.70001
1477	272.62
1478	272.67999
1479	272.78
1480	273.06
1481	273.35001
1482	273.39001
1483	273.29001
1484	273.29001
1485	273.06
1486	272.98999
1487	273.23999
1488	273.23999
1489	273.32999
1490	273.32999
1491	273.31
1492	273.41
1493	273.39001
1494	273.23999
1495	273.23999
1496	272.92999
1497	272.72
1498	272.72
1499	272.81
1500	272.73999
1501	272.60001
1502	272.60001
1503	272.48999
1504	272.62
1505	272.64001
1506	272.89001
1507	272.82999
1508	272.72
1509	272.76001
1510	272.66
1511	272.51001
1512	272.29999
1513	272.16
1514	272.22
1515	272.04999
1516	272.17999
1517	272.37
1518	272.57999
1519	272.72
1520	272.92999
1521	272.98999
1522	273.04001
1523	273.01001
1524	273.14001
1525	273.23999
1526	273.14001
1527	273.14001
1528	273.41
1529	273.62
1530	273.76999
1531	274.14001
1532	274.69
1533	275.17001
1534	275.17001
1535	275.89999
1536	276.32001
1537	276.48999
1538	276.69
1539	276.76001
1540	276.72
1541	276.82001
1542	277.20001
1543	277.45001
1544	277.98999
1545	278.22
1546	278.28
1547	278.20001
1548	278.12
1549	278.12
1550	278.28
1551	278.64001
1552	278.97
1553	279.04001
1554	279.12
1555	279.26999
1556	279.51999
1557	279.66
1558	279.51999
1559	279.51999
1560	279.25
1561	278.95001
1562	278.82999
1563	278.70001
1564	278.82999
1565	278.85001
1566	278.85001
1567	278.97
1568	278.85001
1569	278.67999
1570	278.39001
1571	277.97
1572	277.87
1573	277.87
1574	277.70001
1575	277.72
1576	277.79999
1577	278.12
1578	278.42999
1579	278.54001
1580	278.62
1581	279.12
1582	279.26999
1583	279.37
1584	279.35001
1585	279.54001
1586	279.51999
1587	279.42999
1588	279.06
1589	278.91
1590	278.87
1591	278.87
1592	278.91
1593	279.23001
1594	279.29001
1595	279.07999
1596	278.79001
1597	278.67999
1598	278.67999
1599	278.76999
1600	278.92999
1601	279.04001
1602	279.26999
1603	279.14001
1604	279.04001
1605	279.04001
1606	278.82999
1607	278.56
1608	278.32999
1609	278.16
1610	278.12
1611	278.17999
1612	278.31
1613	278.67999
1614	278.73999
1615	278.70001
1616	278.57999
1617	278.48999
1618	278.48999
1619	278.56
1620	278.64001
1621	278.54001
1622	278.39001
1623	278.12
1624	278.12
1625	277.95001
1626	277.92999
1627	278.04999
1628	278.35001
1629	278.51001
1630	278.51001
1631	278.41
1632	278.67999
1633	278.73999
1634	278.72
1635	278.72
1636	278.57999
1637	278.57999
1638	278.72
1639	279.01999
1640	279.07999
1641	279.04001
1642	278.92999
1643	278.67999
1644	278.67999
1645	278.39001
1646	278.28
1647	278.20001
1648	278.14001
1649	278.20001
1650	278.23999
1651	278.31
1652	278.54001
1653	278.41
1654	278.26001
1655	278.45001
1656	278.60001
1657	278.64001
1658	278.72
1659	278.57999
1660	278.48999
1661	278.42999
1662	278.64001
1663	278.66
1664	278.67999
1665	278.57999
1666	278.56
1667	278.60001
1668	278.67999
1669	278.67999
1670	278.73999
1671	278.62
1672	278.45001
1673	278.14001
1674	278.17999
1675	278.17999
1676	278.17999
1677	278.47
1678	278.67999
1679	278.87
1680	279.12
1681	279.16
1682	279.14001
1683	279
1684	278.87
1685	278.79001
1686	278.79001
1687	278.91
1688	279.10001
1689	279.07999
1690	279.06
1691	278.89001
1692	278.73999
1693	278.51001
1694	278.73999
1695	278.85001
1696	279.23001
1697	279.42999
1698	279.75
1699	279.70999
1700	279.39001
1701	279.26999
1702	279.14001
1703	278.85001
1704	278.72
1705	278.57999
1706	278.62
1707	278.39001
1708	278.39001
1709	277.78
1710	277.17999
1711	276.60999
1712	274.75
1713	272.70001
1714	269.92001
1715	269.92001
1716	264.34
1717	261.22
1718	260.13
1719	258.35001
1720	257.10001
1721	256.64001
1722	256.29999
1723	255.87
1724	256.14001
1725	256.85001
1726	257.82999
1727	258.98001
1728	259.60999
1729	260.19
1730	261.76001
1731	262.29001
1732	263.26999
1733	263.89999
1734	264.14999
1735	264.70999
1736	264.88
1737	265.39999
1738	266.01001
1739	266.78
1740	266.78
1741	267.73999
1742	268.16
1743	268.35001
1744	268.37
1745	268.57999
1746	268.75
1747	268.75
1748	269.06
1749	269.20999
1750	269.31
1751	269.69
1752	269.79001
1753	269.84
1754	269.84
1755	270
1756	270.13
1757	270.09
1758	270.20999
1759	270.32001
1760	270.35999
1761	270.42001
1762	270.32001
1763	270.35999
1764	270.48001
1765	270.92001
1766	271.19
1767	271.39999
1768	271.34
1769	271.04999
1770	270.73001
1771	270.79999
1772	271.04999
1773	271.09
1774	271.09
1775	271.14999
1776	271.10999
1777	271.23999
1778	271.19
1779	271.19
1780	271.03
1781	271.07001
1782	271.22
1783	271.42001
1784	271.42001
1785	271.39999
1786	271.39999
1787	271.38
1788	271.29999
1789	271.14999
1790	271.04999
1791	271.09
1792	271.09
1793	271.22
1794	271.45001
1795	271.63
1796	271.82001
1797	271.92999
1798	272.07001
1799	271.97
1800	271.97
1801	271.92999
1802	271.84
1803	271.70001
1804	271.82001
1805	272.01001
1806	272.53
1807	272.67999
1808	272.78
1809	272.66
1810	272.37
1811	272.37
1812	272.14001
1813	272.14001
1814	272.26001
1815	272.23999
1816	272.14001
1817	272.04999
1818	272.04999
1819	272.23999
1820	272.62
1821	272.81
1822	273.12
1823	273.10001
1824	272.87
1825	272.87
1826	272.47
1827	272.39001
1828	272.32001
1829	272.34
1830	272.29999
1831	272.32001
1832	272.29999
1833	272.34
1834	272.39001
1835	272.57999
1836	272.82999
1837	272.85001
1838	272.85001
1839	272.78
1840	272.62
1841	272.57999
1842	272.51001
1843	272.42999
1844	272.34
1845	272.39001
1846	272.45001
1847	272.57999
1848	272.42999
1849	272.53
1850	272.53
1851	272.41
1852	272.34
1853	272.28
1854	272.26001
1855	272.51001
1856	272.72
1857	272.72
1858	272.37
1859	272.22
1860	272.22
1861	272.16
1862	272.42999
1863	272.64001
1864	272.70001
1865	272.67999
1866	272.78
1867	272.92999
1868	272.85001
1869	272.57999
1870	272.42999
1871	272.39001
1872	272.54999
1873	272.60001
1874	272.72
1875	272.76001
1876	272.85001
1877	272.76001
1878	272.66
1879	272.67999
1880	272.70001
1881	272.62
1882	272.62
1883	272.64001
1884	272.54999
1885	272.48999
1886	272.54999
1887	272.66
1888	272.66
1889	272.66
1890	272.85001
1891	272.62
1892	272.60001
1893	272.57999
1894	272.64001
1895	272.53
1896	272.53
1897	272.78
1898	273.04001
1899	272.97
1900	272.89001
1901	272.76001
1902	272.73999
1903	272.64001
1904	272.48999
1905	272.42999
1906	272.60001
1907	272.81
1908	272.85001
1909	272.70001
1910	272.64001
1911	272.66
1912	272.62
1913	272.53
1914	272.64001
1915	272.76001
1916	272.67999
1917	272.64001
1918	272.67999
1919	272.73999
1920	272.97
1921	272.97
1922	272.97
1923	272.73999
1924	272.57999
1925	272.34
1926	272.28
1927	272.16
1928	272.16
1929	272.09
1930	272.32001
1931	272.34
1932	272.47
1933	272.53
1934	272.51001
1935	272.42999
1936	272.34
1937	272.42999
1938	272.48999
1939	272.47
1940	272.42999
1941	272.41
1942	272.39001
1943	272.37
1944	272.32001
1945	272.48999
1946	272.62
1947	272.64001
1948	272.73999
1949	272.78
1950	272.62
1951	272.41
1952	272.34
1953	272.28
1954	272.32001
1955	272.26001
1956	272.29999
1957	272.45001
1958	272.54999
1959	272.45001
1960	272.45001
1961	272.07001
1962	271.95001
1963	271.92999
1964	271.95001
1965	271.98999
1966	271.98999
1967	271.98999
1968	272.22
1969	272.29999
1970	272.26001
1971	272.39001
1972	272.37
1973	272.32001
1974	272.32001
1975	272.67999
1976	272.72
1977	272.73999
1978	272.72
1979	272.54999
1980	272.57999
1981	272.51001
1982	272.48999
1983	272.48999
1984	272.67999
1985	272.85001
1986	272.92999
1987	273.04001
1988	273.14001
1989	273.04001
1990	272.91
1991	272.89001
1992	272.89001
1993	273.17999
1994	273.20001
1995	273.16
1996	273.10001
1997	273.04001
1998	272.95001
1999	272.95001
2000	272.98999
2001	273.54001
2002	273.92999
2003	274.42001
2004	275
2005	275.63
2006	275.63
2007	276.09
2008	276.34
2009	276.53
2010	276.84
2011	277.20001
2012	277.28
2013	277.35999
2014	277.28
2015	277.22
2016	276.98999
2017	277.39001
2018	277.53
2019	277.51001
2020	277.51001
2021	277.73999
2022	278.03
2023	278.12
2024	277.91
2025	277.89001
2026	278.28
2027	278.41
2028	278.66
2029	278.57999
2030	278.67999
2031	278.67999
2032	278.54001
2033	278.51001
2034	278.45001
2035	278.31
2036	278.51001
2037	278.67999
2038	278.67999
2039	278.51001
2040	278.26001
2041	278.23999
2042	278.51001
2043	278.47
2044	278.47
2045	278.42999
2046	278.56
2047	278.47
2048	278.26001
2049	277.95001
2050	277.72
2051	277.67999
2052	277.78
2053	278.22
2054	278.42999
2055	278.57999
2056	278.67999
2057	278.73999
2058	278.85001
2059	278.76999
2060	278.56
2061	278.39001
2062	278.45001
2063	278.45001
2064	278.56
2065	278.17999
2066	277.89001
2067	277.20001
2068	276.84
2069	276.92001
2070	276.92001
2071	277.09
2072	277.01001
2073	276.92001
2074	276.69
2075	276.82001
2076	276.69
2077	276.69
2078	276.34
2079	276.28
2080	276.35999
2081	276.19
2082	276.35999
2083	276.44
2084	276.60999
2085	277.03
2086	276.89999
2087	276.51001
2088	276.19
2089	276.97
2090	277.64001
2091	277.29999
2092	278.60001
2093	278.67999
2094	278.26001
2095	277.87
2096	277.64001
2097	277.23999
2098	277.07001
2099	277.07001
2100	277.20001
2101	277.26001
2102	277.26001
2103	277.09
2104	277.13
2105	277.14999
2106	277.29999
2107	277.54999
2108	277.76001
2109	277.76001
2110	277.87
2111	277.76001
2112	277.62
2113	277.39001
2114	277.23999
2115	277.35999
2116	277.62
2117	278.16
2118	277.98999
2119	277.91
2120	277.66
2121	277.48999
2122	277.70001
2123	277.76001
2124	277.76001
2125	277.79999
2126	277.59
2127	277.47
2128	277.62
2129	277.82001
2130	277.76001
2131	277.87
2132	277.98999
2133	278.28
2134	278.28
2135	278.48999
2136	278.48999
2137	278.54001
2138	278.92999
2139	279.04001
2140	278.91
2141	278.91
2142	278.37
2143	278.51001
2144	278.67999
2145	279.06
2146	278.89001
2147	278.72
2148	278.72
2149	278.41
2150	278.37
2151	278.20001
2152	277.98999
2153	278.04999
2154	278.16
2155	278.37
2156	279.06
2157	279.14001
2158	279.16
2159	279.06
2160	278.97
2161	278.95001
2162	278.85001
2163	278.56
2164	278.37
2165	278.12
2166	277.78
2167	277.73999
2168	277.97
2169	278.07999
2170	278.41
2171	278.60001
2172	278.72
2173	278.72
2174	278.57999
2175	278.45001
2176	278.31
2177	278.07999
2178	278.01001
2179	277.91
2180	277.91
2181	277.98999
2182	277.79999
2183	277.59
2184	276.57001
2185	275.19
2186	274.57999
2187	273.89001
2188	270.92001
2189	268.95999
2190	267.76999
2191	264.79999
2192	262.10001
2193	260.70001
2194	259.67001
2195	257.76999
2196	257.54001
2197	257.66
2198	258.39999
2199	258.79001
2200	259.34
2201	259.60999
2202	260.42001
2203	261.26001
2204	261.89001
2205	262.56
2206	262.82999
2207	263.25
2208	263.5
2209	264.07999
2210	264.59
2211	265.23001
2212	265.23001
2213	266.20001
2214	266.70001
2215	266.95001
2216	267.48999
2217	267.87
2218	268.14001
2219	268.14001
2220	268.37
2221	268.32999
2222	268.32999
2223	268.26999
2224	268.45999
2225	268.69
2226	268.76999
2227	269.23001
2228	269.29001
2229	269.42001
2230	269.35001
2231	269.25
2232	269.26999
2233	269.31
2234	269.54001
2235	269.63
2236	269.94
2237	270.19
2238	270.26999
2239	270.20999
2240	270.29999
2241	270.45999
2242	270.54999
2243	270.70999
2244	270.70999
2245	270.84
2246	270.98999
2247	271.04999
2248	271.07001
2249	271.07001
2250	271.09
2251	271.09
2252	271.35999
2253	271.38
2254	271.47
2255	271.26001
2256	271.23999
2257	271.29999
2258	271.29999
2259	271.26001
2260	271.34
2261	271.34
2262	271.57001
2263	271.63
2264	271.72
2265	271.64999
2266	271.26001
2267	271.23999
2268	271.26001
2269	271.48999
2270	271.54999
2271	271.70001
2272	271.72
2273	271.70001
2274	271.60999
2275	271.60999
2276	271.51001
2277	271.51001
2278	271.48999
2279	271.53
2280	271.57001
2281	271.70001
2282	271.92999
2283	271.92999
2284	271.98999
2285	271.88
2286	272.09
2287	272.14001
2288	272.14001
2289	272.04999
2290	272.04999
2291	272.04999
2292	271.97
2293	271.91
2294	271.73999
2295	271.72
2296	271.60999
2297	271.60999
2298	271.70001
2299	271.60999
2300	271.60999
2301	271.79999
2302	271.73999
2303	271.70001
2304	271.72
2305	272.01001
2306	272.09
2307	272.01001
2308	271.72
2309	271.53
2310	271.54999
2311	271.51001
2312	271.57001
2313	271.57001
2314	271.73999
2315	271.73999
2316	272.10999
2317	272.03
2318	271.92999
2319	272.01001
2320	271.82001
2321	271.88
2322	271.88
2323	272.10999
2324	272.32001
2325	272.29999
2326	272.09
2327	271.92999
2328	271.91
2329	271.91
2330	271.88
2331	271.91
2332	271.82001
2333	272.07001
2334	272.14001
2335	272.22
2336	272.09
2337	272.14001
2338	272.22
2339	272.39001
2340	272.32001
2341	272.22
2342	272.09
2343	272.20001
2344	272.20001
2345	272.37
2346	272.47
2347	272.48999
2348	272.51001
2349	272.47
2350	272.42999
2351	272.20001
2352	272.14001
2353	272.14001
2354	272.14001
2355	272.22
2356	272.20001
2357	272.22
2358	272.48999
2359	272.64001
2360	272.47
2361	272.47
2362	272.57999
2363	272.64001
2364	272.64001
2365	272.53
2366	272.39001
2367	272.45001
2368	272.37
2369	272.54999
2370	272.64001
2371	272.64001
2372	272.53
2373	272.48999
2374	272.45001
2375	272.47
2376	272.41
2377	272.37
2378	272.32001
2379	272.41
2380	272.42999
2381	272.45001
2382	272.51001
2383	272.47
2384	272.32001
2385	272.41
2386	272.41
2387	272.37
2388	272.32001
2389	272.26001
2390	272.26001
2391	272.37
2392	272.37
2393	272.37
2394	272.42999
2395	272.37
2396	272.39001
2397	272.28
2398	272.17999
2399	272.16
2400	272.16
2401	272.09
2402	272.09
2403	272.07001
2404	272.04999
2405	271.84
2406	271.82001
2407	271.84
2408	271.76001
2409	271.76001
2410	271.78
2411	272.04999
2412	272.22
2413	272.45001
2414	272.47
2415	272.37
2416	272.37
2417	272.48999
2418	272.39001
2419	272.23999
2420	272.01001
2421	271.98999
2422	271.84
2423	272.07001
2424	272.28
2425	272.28
2426	272.14001
2427	271.97
2428	271.91
2429	271.78
2430	271.64999
2431	271.67999
2432	271.67999
2433	271.78
2434	271.92999
2435	271.92999
2436	272.17999
2437	272.41
2438	272.47
2439	272.45001
2440	272.28
2441	272.07001
2442	272.01001
2443	271.95001
2444	271.79999
2445	271.72
2446	271.67999
2447	272.03
2448	272.09
2449	272.17999
2450	272.22
2451	272.14001
2452	271.84
2453	271.97
2454	271.79999
2455	271.88
2456	271.88
2457	271.88
2458	272.10999
2459	272.04999
2460	271.92999
2461	271.79999
2462	271.85999
2463	271.91
2464	271.91
2465	272.09
2466	272.32001
2467	272.42999
2468	272.78
2469	272.85001
2470	273.01001
2471	273.01001
2472	273.16
2473	273.45001
2474	273.73001
2475	274.32999
2476	274.98001
2477	275.19
2478	275.48001
2479	275.79999
2480	275.95999
2481	276.42001
2482	277.04999
2483	277.23999
2484	277.59
2485	277.59
2486	277.76001
2487	277.89001
2488	278.03
2489	277.95001
2490	277.95001
2491	278.23999
2492	278.37
2493	278.48999
2494	278.72
2495	278.64001
2496	278.64001
2497	278.60001
2498	278.54001
2499	278.56
2500	278.57999
2501	278.41
2502	278.07999
2503	278.07999
2504	277.53
2505	277.39001
2506	277.39001
2507	277.57001
2508	277.79999
2509	278.01001
2510	278.01001
2511	278.14001
2512	278.04999
2513	278.03
2514	278.32999
2515	278.56
2516	278.70001
2517	278.67999
2518	278.72
2519	278.57999
2520	278.17999
2521	277.64001
2522	277.57001
2523	277.67999
2524	277.78
2525	277.85001
2526	277.78
2527	278.01001
2528	278.42999
2529	278.57999
2530	278.42999
2531	278.51001
2532	278.62
2533	278.45001
2534	278.35001
2535	278.35001
2536	278.10001
2537	278.07999
2538	278.31
2539	278.62
2540	278.60001
2541	278.62
2542	278.62
2543	279.14001
2544	279.54001
2545	279.51999
2546	279.39001
2547	279.41
2548	279.39001
2549	279.26999
2550	278.81
2551	278.64001
2552	278.47
2553	278.42999
2554	278.31
2555	278.26001
2556	278.17999
2557	277.97
2558	278.01001
2559	278.22
2560	278.51001
2561	278.56
2562	278.72
2563	278.70001
2564	278.66
2565	278.87
2566	279.26999
2567	279.26999
2568	279.69
2569	279.51999
2570	279.37
2571	279.04001
2572	279.07999
2573	278.76999
2574	278.76999
2575	278.07999
2576	277.78
2577	277.91
2578	278.28
2579	278.26001
2580	278.23999
2581	278.23999
2582	278.54001
2583	279.04001
2584	279.12
2585	279.20001
2586	279.10001
2587	278.97
2588	278.87
2589	278.42999
2590	278.31
2591	278.01001
2592	277.79999
2593	277.85001
2594	277.95001
2595	278.07999
2596	278.04999
2597	278.01001
2598	278.20001
2599	278.39001
2600	278.42999
2601	278.64001
2602	278.76999
2603	278.82999
2604	278.79001
2605	278.57999
2606	278.57999
2607	278.16
2608	278.16
2609	278.10001
2610	278.14001
2611	278.23999
2612	278.35001
2613	278.35001
2614	278.45001
2615	278.57999
2616	278.76999
2617	278.79001
2618	278.70001
2619	278.70001
2620	278.67999
2621	278.54001
2622	278.48999
2623	278.47
2624	278.17999
2625	278.17999
2626	278.31
2627	278.39001
2628	278.70001
2629	278.91
2630	279.31
2631	279.51999
2632	279.64001
2633	279.66
2634	279.51999
2635	279.25
2636	279.10001
2637	279.04001
2638	279.04001
2639	278.37
2640	277.91
2641	277.95001
2642	278.07999
2643	278.20001
2644	278.28
2645	278.28
2646	278.01001
2647	277.78
2648	277.78
2649	277.78
2650	277.92999
2651	277.89001
2652	277.89001
2653	277.67999
2654	277.66
2655	277.59
2656	277.47
2657	277.22
2658	276.97
2659	276.63
2660	274.62
2661	273.73001
2662	271.42001
2663	268.82999
2664	267.47
2665	264.82001
2666	263.73001
2667	260.79999
2668	260.04999
2669	259.17001
2670	258.51999
2671	258.42001
2672	258.31
2673	258.31
2674	258.42001
2675	258.57999
2676	258.92001
2677	258.92001
2678	259.57001
2679	260.03
2680	260.28
2681	260.82001
2682	261.48999
2683	262.12
2684	262.12
2685	263.16
2686	263.69
2687	263.94
2688	264.60999
2689	265.14999
2690	265.60999
2691	265.60999
2692	266.13
2693	266.51001
2694	266.72
2695	266.92999
2696	267.01001
2697	267.17999
2698	267.29999
2699	267.64001
2700	267.67999
2701	267.73999
2702	267.87
2703	267.91
2704	268.20001
2705	268.31
2706	268.48001
2707	268.76999
2708	268.92001
2709	268.92001
2710	268.98001
2711	269.14999
2712	269.20999
2713	269.39999
2714	269.5
2715	269.45999
2716	269.45999
2717	269.29001
2718	269.25
2719	269.26999
2720	269.26999
2721	269.31
2722	269.32999
2723	269.32999
2724	269.64999
2725	269.75
2726	269.81
2727	269.84
2728	269.69
2729	269.69
2730	269.63
2731	269.69
2732	269.64999
2733	269.63
2734	269.73001
2735	269.79001
2736	269.76999
2737	269.84
2738	270.07001
2739	270.17001
2740	270.20999
2741	270.23001
2742	270.20999
2743	270.45999
2744	270.63
2745	270.78
2746	270.88
2747	270.98999
2748	270.98999
2749	271.10999
2750	271.01001
2751	271.03
2752	270.95999
2753	270.78
2754	270.69
2755	270.69
2756	270.79999
2757	270.79999
2758	270.78
2759	270.85999
2760	270.98999
2761	270.94
2762	270.95999
2763	271.32001
2764	271.26001
2765	271.22
2766	271.09
2767	271.07001
2768	271.07001
2769	271.04999
2770	270.95999
2771	270.89999
2772	270.95999
2773	271.07001
2774	271.10999
2775	271.13
2776	271.07001
2777	271.22
2778	271.22
2779	271.26001
2780	271.10999
2781	271.13
2782	271.26001
2783	271.29999
2784	271.28
2785	271.22
2786	271.10999
2787	271.10999
2788	270.82001
2789	270.84
2790	270.84
2791	271.01001
2792	271.10999
2793	271.10999
2794	271.10999
2795	271.45001
2796	271.63
2797	271.63
2798	271.42001
2799	271.26001
2800	271.14999
2801	271.09
2802	271.07001
2803	271.26001
2804	271.54999
2805	271.72
2806	271.57001
2807	271.47
2808	271.42001
2809	271.42001
2810	271.48999
2811	271.53
2812	271.73999
2813	271.82001
2814	271.72
2815	271.54999
2816	271.51001
2817	271.48999
2818	271.53
2819	271.53
2820	271.59
2821	271.63
2822	271.67999
2823	271.78
2824	271.95001
2825	272.01001
2826	272.01001
2827	271.92999
2828	271.79999
2829	271.70001
2830	271.57001
2831	271.28
2832	271.17001
2833	271.17001
2834	271.45001
2835	271.57001
2836	271.54999
2837	271.63
2838	271.76001
2839	271.82001
2840	271.95001
2841	272.01001
2842	271.85999
2843	271.70001
2844	271.72
2845	271.67999
2846	271.42001
2847	271.42001
2848	271.63
2849	271.85999
2850	271.85999
2851	271.73999
2852	271.82001
2853	271.72
2854	271.72
2855	271.79999
2856	271.88
2857	271.95001
2858	271.95001
2859	272.09
2860	272.10999
2861	272.10999
2862	272.04999
2863	271.91
2864	271.91
2865	271.91
2866	271.91
2867	271.73999
2868	271.72
2869	271.57001
2870	271.72
2871	271.82001
2872	271.85999
2873	271.97
2874	271.95001
2875	272.03
2876	272.10999
2877	272.17999
2878	272.17999
2879	272.20001
2880	272.04999
2881	272.07001
2882	272.17999
2883	272.32001
2884	272.32001
2885	272.41
2886	272.34
2887	272.16
2888	272.14001
2889	272.10999
2890	272.10999
2891	271.98999
2892	272.04999
2893	271.97
2894	272.20001
2895	272.47
2896	272.53
2897	272.53
2898	272.37
2899	272.09
2900	272.03
2901	272.03
2902	272.16
2903	272.16
2904	272.16
2905	272.17999
2906	272.20001
2907	272.28
2908	272.66
2909	272.73999
2910	272.73999
2911	272.81
2912	272.72
2913	272.67999
2914	272.51001
2915	272.57999
2916	272.57999
2917	272.53
2918	272.45001
2919	272.34
2920	272.23999
2921	271.95001
2922	271.82001
2923	271.95001
2924	271.98999
2925	272.03
2926	272.04999
2927	272.03
2928	272.10999
2929	272.10999
2930	272.26001
2931	272.29999
2932	272.23999
2933	272.09
2934	271.97
2935	271.79999
2936	271.79999
2937	272.01001
2938	272.04999
2939	272.07001
2940	272.41
2941	272.85001
2942	273.01001
2943	273.17999
2944	273.91
2945	274.23001
2946	274.42001
2947	275.14999
2948	276
2949	276.26001
2950	276.63
2951	277.22
2952	277.22
2953	277.20001
2954	277.32001
2955	277.42999
2956	277.64001
2957	277.66
2958	278.16
2959	278.41
2960	278.60001
2961	278.85001
2962	278.97
2963	279.23001
2964	279.23001
2965	279.25
2966	279.12
2967	279.06
2968	279.06
2969	279.04001
2970	279.31
2971	279.51999
2972	279.54001
2973	279.51999
2974	279.5
2975	279.5
2976	279.26999
2977	279.23001
2978	279.14001
2979	279.29001
2980	279.73001
2981	279.81
2982	279.89001
2983	280.23001
2984	280.20999
2985	280.10001
2986	279.87
2987	279.70999
2988	279.69
2989	279.60001
2990	279.87
2991	279.94
2992	279.92001
2993	279.98001
2994	280.01999
2995	280.01999
2996	280.01999
2997	280.10001
2998	280.20999
2999	280.19
3000	280.19
3001	279.89001
3002	279.92001
3003	279.94
3004	280
3005	279.98001
3006	279.70999
3007	279.70999
3008	279.32999
3009	279.48001
3010	279.66
3011	279.85001
3012	279.79001
3013	279.64001
3014	279.64001
3015	279.31
3016	279.5
3017	279.66
3018	279.85001
3019	279.98001
3020	280
3021	280
3022	279.92001
3023	279.82999
3024	279.70999
3025	279.89001
3026	279.89001
3027	279.76999
3028	279.75
3029	279.76999
3030	279.76999
3031	279.75
3032	279.76999
3033	279.76999
3034	279.98001
3035	280.01999
3036	279.94
3037	279.73001
3038	279.60001
3039	279.60001
3040	279.45999
3041	279.56
3042	279.62
3043	279.51999
3044	279.26999
3045	279.04001
3046	279.04001
3047	279.14001
3048	279.56
3049	279.75
3050	280.06
3051	279.95999
3052	279.76999
3053	279.70999
3054	279.76999
3055	279.82999
3056	279.75
3057	279.48001
3058	279.31
3059	279.31
3060	279.23001
3061	279.45999
3062	279.56
3063	279.45999
3064	279.04001
3065	278.95001
3066	278.97
3067	279.12
3068	279.20001
3069	279.14001
3070	279.14001
3071	279.14001
3072	279.57999
3073	279.54001
3074	279.45999
3075	279.31
3076	279.16
3077	279.10001
3078	279.10001
3079	279.26999
3080	279.45999
3081	279.54001
3082	279.54001
3083	279.5
3084	279.41
3085	279.41
3086	279.60001
3087	279.70999
3088	279.73001
3089	279.57999
3090	279.41
3091	279.41
3092	279.31
3093	279.16
3094	279.12
3095	279.07999
3096	279.12
3097	278.97
3098	278.85001
3099	278.92999
3100	279.17999
3101	279.25
3102	279.29001
3103	279.25
3104	279.12
3105	279.16
3106	279.20001
3107	279.29001
3108	279.20001
3109	279.26999
3110	279.26999
3111	279.23001
3112	278.76999
3113	278.56
3114	278.48999
3115	278.72
3116	279.06
3117	279.06
3118	279.35001
3119	279.29001
3120	279.17999
3121	278.81
3122	278.42999
3123	278.28
3124	278.23999
3125	278.14001
3126	278.12
3127	277.98999
3128	277.66
3129	277.26001
3130	276.89999
3131	276.48999
3132	275.13
3133	274.32999
3134	272.23999
3135	269.42001
3136	268.01999
3137	264.89999
3138	263.60001
3139	261.14001
3140	259.39999
3141	258.17001
3142	258.17001
3143	257.35001
3144	257.32999
3145	257.48001
3146	258.12
3147	258.79001
3148	259.35999
3149	259.35999
3150	260.35999
3151	261.10999
3152	261.64001
3153	262.62
3154	263.39001
3155	264.04001
3156	264.04001
3157	264.85999
3158	265.59
3159	265.84
3160	266.35999
3161	266.66
3162	266.82001
3163	266.98999
3164	267.41
3165	267.51001
3166	267.60001
3167	267.67999
3168	268.01999
3169	268.07999
3170	268.25
3171	268.54001
3172	268.69
3173	268.94
3174	269.23001
3175	269.31
3176	269.51999
3177	269.45999
3178	269.56
3179	269.48001
3180	269.44
3181	269.44
3182	269.57999
3183	269.88
3184	270.07001
3185	270.25
3186	270.32001
3187	270.25
3188	270.25
3189	270.23001
3190	270.20999
3191	270.38
3192	270.42001
3193	270.29999
3194	270.25
3195	270.26999
3196	270.29999
3197	270.19
3198	270.25
3199	270.45999
3200	270.60999
3201	270.64999
3202	270.73001
3203	270.76001
3204	270.84
3205	270.73001
3206	270.69
3207	270.76001
3208	270.82001
3209	270.73001
3210	270.76001
3211	270.69
3212	270.60999
3213	270.54999
3214	270.48001
3215	270.44
3216	270.54999
3217	270.59
3218	270.54999
3219	270.69
3220	270.69
3221	270.70999
3222	270.73001
3223	270.63
3224	270.63
3225	270.85999
3226	271.14999
3227	271.14999
3228	271.19
3229	271.14999
3230	271.29999
3231	271.39999
3232	271.67999
3233	271.76001
3234	271.73999
3235	271.60999
3236	271.48999
3237	271.14999
3238	271.01001
3239	270.95999
3240	271.04999
3241	271.03
3242	271.28
3243	271.29999
3244	271.29999
3245	271.19
3246	271.10999
3247	271.04999
3248	270.98999
3249	270.89999
3250	271.01001
3251	271.13
3252	271.13
3253	271.22
3254	271.22
3255	271.23999
3256	271.22
3257	271.22
3258	271.48999
3259	271.48999
3260	271.67999
3261	271.67999
3262	271.60999
3263	271.54999
3264	271.38
3265	271.19
3266	271.19
3267	271.07001
3268	270.98999
3269	270.95999
3270	271.19
3271	271.48999
3272	271.70001
3273	271.73999
3274	271.79999
3275	271.85999
3276	271.79999
3277	271.82001
3278	272.01001
3279	272.29999
3280	272.39001
3281	272.54999
3282	272.57999
3283	272.73999
3284	272.92999
3285	272.89001
3286	273.01001
3287	273.10001
3288	273.16
3289	273.22
3290	273.20001
3291	273.20001
3292	273.20001
3293	273.23999
3294	273.31
3295	273.32999
3296	273.26999
3297	273.07999
3298	273.07999
3299	273.37
3300	273.20001
3301	273.16
3302	273.14001
3303	273.04001
3304	272.95001
3305	272.87
3306	272.73999
3307	272.67999
3308	272.62
3309	272.54999
3310	272.42999
3311	272.48999
3312	272.53
3313	272.66
3314	272.64001
3315	272.53
3316	272.34
3317	272.37
3318	272.34
3319	272.39001
3320	272.62
3321	272.66
3322	272.57999
3323	272.57999
3324	272.34
3325	273.60001
3326	273.5
3327	272.26001
3328	272.62
3329	272.57999
3330	272.57999
3331	271.39999
3332	271.57001
3333	271.72
3334	271.88
3335	271.98999
3336	272.17999
3337	272.17999
3338	271.97
3339	271.97
3340	271.91
3341	271.79999
3342	271.88
3343	271.85999
3344	271.84
3345	271.78
3346	271.91
3347	271.72
3348	271.84
3349	271.76001
3350	271.67999
3351	271.59
3352	271.76001
3353	272.01001
3354	272.32001
3355	272.37
3356	272.41
3357	272.28
3358	272.34
3359	272.23999
3360	272.34
3361	272.39001
3362	272.39001
3363	272.32001
3364	272.20001
3365	272.26001
3366	272.16
3367	272.07001
3368	271.95001
3369	271.95001
3370	271.85999
3371	271.73999
3372	271.63
3373	271.73999
3374	271.95001
3375	272.14001
3376	272.20001
3377	272.53
3378	272.29999
3379	272.16
3380	272.01001
3381	273.60001
3382	273.79001
3383	273.42999
3384	272.22
3385	272.22
3386	272.47
3387	272.85001
3388	272.91
3389	273.01001
3390	272.92999
3391	272.97
3392	272.81
3393	272.76001
3394	272.76001
3395	272.39001
3396	272.23999
3397	272.34
3398	272.28
3399	272.39001
3400	272.51001
3401	272.51001
3402	272.51001
3403	272.51001
3404	272.60001
3405	272.53
3406	272.70001
3407	272.60001
3408	272.60001
3409	272.32001
3410	272.32001
3411	272.39001
3412	272.66
3413	272.98999
3414	273.26999
3415	273.45001
3416	273.64001
3417	273.70001
3418	273.70001
3419	273.82999
3420	273.89001
3421	274.04001
3422	274.25
3423	275.23001
3424	275.44
3425	275.98001
3426	276.54999
3427	276.79999
3428	277.29999
3429	277.53
3430	277.78
3431	278.12
3432	278.16
3433	278.16
3434	278.22
3435	278.16
3436	278.23999
3437	278.32999
3438	278.35001
3439	278.45001
3440	278.45001
3441	278.72
3442	278.76999
3443	278.85001
3444	278.85001
3445	278.92999
3446	278.82999
3447	278.79001
3448	278.73999
3449	278.70001
3450	278.64001
3451	278.51001
3452	278.67999
3453	278.72
3454	278.72
3455	278.87
3456	279.01999
3457	279.25
3458	279.37
3459	279.25
3460	279.20001
3461	279.17999
3462	279.12
3463	279.06
3464	279.01999
3465	279.06
3466	279.06
3467	279.07999
3468	279.01999
3469	279.20001
3470	279.5
3471	279.66
3472	279.66
3473	279.57999
3474	279.64001
3475	279.73001
3476	279.76999
3477	279.73001
3478	279.5
3479	279.5
3480	279.10001
3481	279.26999
3482	279.29001
3483	279.45999
3484	279.41
3485	279.5
3486	279.57999
3487	279.57999
3488	279.60001
3489	279.69
3490	279.70999
3491	279.70999
3492	279.60001
3493	279.62
3494	279.48001
3495	279.48001
3496	279.32999
3497	279.35001
3498	279.37
3499	279.51999
3500	279.54001
3501	279.60001
3502	279.70999
3503	279.56
3504	279.56
3505	279.5
3506	279.29001
3507	279.14001
3508	279.16
3509	279.35001
3510	279.42999
3511	279.42999
3512	279.64001
3513	279.62
3514	279.56
3515	279.51999
3516	279.39001
3517	279.29001
3518	279.29001
3519	279.20001
3520	279.12
3521	279.17999
3522	279.26999
3523	279.25
3524	279.16
3525	279.23001
3526	279.41
3527	279.5
3528	279.60001
3529	279.64001
3530	279.54001
3531	279.41
3532	279.31
3533	279.20001
3534	279.14001
3535	279.14001
3536	279.01999
3537	278.95001
3538	278.95001
3539	279.06
3540	278.97
3541	279.07999
3542	279.32999
3543	279.32999
3544	279.57999
3545	279.64001
3546	279.76999
3547	279.62
3548	279.5
3549	279.39001
3550	279.39001
3551	279.25
3552	279.23001
3553	279.20001
3554	279.32999
3555	279.17999
3556	279.14001
3557	279.14001
3558	279.29001
3559	279.25
3560	279.26999
3561	279.42999
3562	279.39001
3563	279.37
3564	279.39001
3565	279.39001
3566	279.35001
3567	279.39001
3568	279.45999
3569	279.45999
3570	279.5
3571	279.45999
3572	279.35001
3573	279.41
3574	279.29001
3575	279.29001
3576	279.39001
3577	279.31
3578	279.26999
3579	279.25
3580	279.23001
3581	279.35001
3582	279.35001
3583	279.29001
3584	279.37
3585	279.41
3586	279
3587	278.85001
3588	278.85001
3589	278.85001
3590	278.32999
3591	278.26001
3592	278.35001
3593	278.67999
3594	278.66
3595	278.41
3596	278.31
3597	278.07999
3598	277.97
3599	277.92999
3600	277.91
3601	277.70001
3602	277.34
3603	277.20001
3604	276.35999
3605	276.14999
3606	275.45999
3607	273.85001
3608	272.92999
3609	270.38
3610	268.94
3611	265.88
3612	262.92999
3613	260.60999
3614	260.60999
3615	258.14999
3616	257.26999
3617	256.91
3618	256.35001
3619	256.22
3620	256.42999
3621	256.42999
3622	257.62
3623	258.57999
3624	259.07001
3625	260.19
3626	261.09
3627	261.60001
3628	262.10001
3629	263.07999
3630	263.57999
3631	263.69
3632	264.10999
3633	264.5
3634	264.69
3635	264.92001
3636	265.72
3637	265.82001
3638	266.14999
3639	266.57001
3640	266.73999
3641	267.22
3642	267.41
3643	267.67999
3644	268.06
3645	268.32999
3646	268.60001
3647	268.76999
3648	268.85001
3649	268.95999
3650	269.14999
3651	269.23001
3652	269.35001
3653	269.35001
3654	269.44
3655	269.48001
3656	269.39999
3657	269.57999
3658	269.63
3659	269.84
3660	269.84
3661	270.29999
3662	270.60999
3663	270.73001
3664	270.88
3665	270.89999
3666	270.88
3667	270.84
3668	270.88
3669	270.78
3670	270.63
3671	270.57001
3672	270.60999
3673	270.84
3674	270.78
3675	270.92001
3676	271.03
3677	271.01001
3678	271.01001
3679	270.89999
3680	271.01001
3681	271.07001
3682	271.01001
3683	271.01001
3684	271.01001
3685	271.01001
3686	271.22
3687	271.22
3688	271.29999
3689	271.53
3690	271.60999
3691	271.78
3692	271.78
3693	271.42001
3694	271.34
3695	271.32001
3696	271.19
3697	271.23999
3698	271.32001
3699	271.45001
3700	271.48999
3701	271.57001
3702	271.53
3703	271.63
3704	271.64999
3705	271.78
3706	271.79999
3707	271.70001
3708	271.72
3709	271.91
3710	271.82001
3711	271.79999
3712	271.78
3713	271.78
3714	271.88
3715	271.72
3716	271.38
3717	271.26001
3718	271.34
3719	271.29999
3720	271.32001
3721	271.45001
3722	271.47
3723	271.54999
3724	271.54999
3725	271.63
3726	271.47
3727	271.42001
3728	271.39999
3729	271.45001
3730	271.60999
3731	271.60999
3732	271.97
3733	271.95001
3734	271.97
3735	271.85999
3736	271.84
3737	271.79999
3738	271.64999
3739	271.45001
3740	271.39999
3741	271.53
3742	271.70001
3743	271.70001
3744	271.54999
3745	271.39999
3746	271.39999
3747	271.47
3748	271.59
3749	271.45001
3750	271.45001
3751	271.48999
3752	271.63
3753	271.79999
3754	271.82001
3755	271.91
3756	271.91
3757	271.88
3758	271.67999
3759	271.60999
3760	271.82001
3761	272.07001
3762	272.17999
3763	272.17999
3764	271.92999
3765	271.92999
3766	271.95001
3767	272.03
3768	272.03
3769	271.97
3770	271.97
3771	271.60999
3772	271.54999
3773	271.63
3774	271.72
3775	271.57001
3776	271.60999
3777	271.67999
3778	271.70001
3779	271.64999
3780	271.76001
3781	271.82001
3782	271.95001
3783	272.03
3784	272.03
3785	271.91
3786	271.85999
3787	271.76001
3788	271.70001
3789	271.78
3790	271.88
3791	272.01001
3792	271.97
3793	272.16
3794	272.17999
3795	272.17999
3796	272.23999
3797	272.22
3798	272.17999
3799	272.03
3800	271.92999
3801	271.91
3802	271.91
3803	271.79999
3804	271.82001
3805	271.78
3806	271.91
3807	271.85999
3808	271.88
3809	272.01001
3810	272.28
3811	272.37
3812	272.32001
3813	272.23999
3814	272.14001
3815	272.04999
3816	271.98999
3817	271.88
3818	271.72
3819	271.63
3820	271.53
3821	271.59
3822	271.54999
3823	271.57001
3824	271.60999
3825	271.72
3826	271.59
3827	271.59
3828	271.57001
3829	271.63
3830	271.70001
3831	271.60999
3832	271.48999
3833	271.48999
3834	271.48999
3835	273.16
3836	273.76999
3837	273.81
3838	273.26999
3839	272.54999
3840	272.42999
3841	272.42999
3842	272.54999
3843	272.60001
3844	272.66
3845	272.57999
3846	272.48999
3847	272.45001
3848	272.41
3849	272.51001
3850	272.54999
3851	272.47
3852	272.32001
3853	272.39001
3854	272.41
3855	272.41
3856	272.32001
3857	272.34
3858	272.26001
3859	272.39001
3860	272.41
3861	272.54999
3862	272.53
3863	272.60001
3864	272.57999
3865	272.54999
3866	272.54999
3867	272.04999
3868	271.84
3869	271.88
3870	271.84
3871	271.95001
3872	272.16
3873	272.16
3874	272.37
3875	272.47
3876	272.45001
3877	272.45001
3878	272.29999
3879	272.23999
3880	272.17999
3881	272.60001
3882	272.73999
3883	272.92999
3884	273.12
3885	273.20001
3886	273.29001
3887	273.47
3888	273.98001
3889	274
3890	274.42001
3891	274.75
3892	274.89999
3893	275.06
3894	275.26999
3895	275.79999
3896	276.19
3897	276.82001
3898	276.82001
3899	277.20001
3900	277.20001
3901	277.14999
3902	277.10999
3903	277.26001
3904	277.62
3905	277.62
3906	277.54999
3907	277.66
3908	277.64001
3909	277.53
3910	277.57001
3911	277.73999
3912	277.73999
3913	278.22
3914	278.20001
3915	278.20001
3916	278.23999
3917	278.28
3918	278.31
3919	278.20001
3920	278.01001
3921	277.97
3922	277.95001
3923	277.97
3924	277.95001
3925	277.98999
3926	278.07999
3927	278.28
3928	278.31
3929	278.32999
3930	278.64001
3931	278.81
3932	279.10001
3933	279.16
3934	279
3935	278.73999
3936	279.10001
3937	279.10001
3938	279.29001
3939	279.25
3940	279.37
3941	279.56
3942	279.41
3943	279.10001
3944	279.10001
3945	278.97
3946	278.81
3947	278.85001
3948	279.06
3949	279.29001
3950	279.32999
3951	279.48001
3952	279.42999
3953	279.26999
3954	279.32999
3955	279.20001
3956	279.29001
3957	279.31
3958	279.35001
3959	279.10001
3960	278.95001
3961	279
3962	279.06
3963	279.12
3964	279.20001
3965	279.16
3966	278.92999
3967	278.73999
3968	278.67999
3969	279.06
3970	279.16
3971	279.45999
3972	279.48001
3973	279.56
3974	279.25
3975	278.89001
3976	278.89001
3977	278.81
3978	278.82999
3979	279.01999
3980	279.16
3981	279.06
3982	278.95001
3983	278.95001
3984	278.92999
3985	279.04001
3986	279.04001
3987	278.82999
3988	278.95001
3989	279.07999
3990	279.17999
3991	278.89001
3992	278.79001
3993	278.70001
3994	278.67999
3995	278.76999
3996	278.91
3997	279.12
3998	279.39001
3999	279.25
4000	278.92999
4001	278.64001
4002	278.60001
4003	278.72
4004	278.89001
4005	278.82999
4006	278.62
4007	278.62
4008	278.62
4009	278.64001
4010	278.73999
4011	278.82999
4012	278.97
4013	278.91
4014	278.76999
4015	278.76999
4016	279.04001
4017	279.06
4018	279.04001
4019	279.06
4020	278.95001
4021	278.89001
4022	278.82999
4023	278.91
4024	278.73999
4025	278.64001
4026	278.72
4027	278.60001
4028	278.60001
4029	278.54001
4030	278.22
4031	278.28
4032	278.20001
4033	278.37
4034	278.57999
4035	278.82999
4036	278.97
4037	279.06
4038	279.35001
4039	279.51999
4040	279.20001
4041	279.04001
4042	278.82999
4043	278.85001
4044	278.85001
4045	278.67999
4046	278.67999
4047	278.67999
4048	279.04001
4049	279.10001
4050	279.01999
4051	278.91
4052	279.12
4053	279.26999
4054	279.26999
4055	279.12
4056	279
4057	278.89001
4058	279.10001
4059	278.87
4060	278.60001
4061	278.54001
4062	278.60001
4063	278.62
4064	278.62
4065	278.54001
4066	278.31
4067	278.17999
4068	277.92999
4069	277.54999
4070	277.54999
4071	277.66
4072	277.39001
4073	277.26001
4074	277.04999
4075	276.98999
4076	277.04999
4077	276.63
4078	275.44
4079	275.44
4080	272.57999
4081	270.14999
4082	269.01999
4083	266.91
4084	265.51001
4085	263.70999
4086	263.70999
4087	260.95001
4088	259.57001
4089	259.19
4090	259
4091	259.23001
4092	259.64999
4093	259.64999
4094	260.47
4095	261.22
4096	261.51001
4097	262.10001
4098	262.39001
4099	262.51999
4100	262.73001
4101	263.64999
4102	263.92001
4103	264.39999
4104	264.79999
4105	264.98001
4106	265.53
4107	265.95001
4108	266.91
4109	267.10001
4110	267.48999
4111	267.79001
4112	267.87
4113	268.06
4114	268.25
4115	268.39001
4116	268.5
4117	268.66
4118	268.66
4119	269.04001
4120	269.31
4121	269.38
4122	269.48001
4123	269.64999
4124	269.67001
4125	269.67001
4126	269.60999
4127	269.51999
4128	269.67001
4129	269.98001
4130	270.14999
4131	270.19
4132	270.23001
4133	271.01001
4134	271.10999
4135	271.45001
4136	271.60999
4137	271.64999
4138	271.67999
4139	271.63
4140	271.57001
4141	271.42001
4142	271.23999
4143	271.13
4144	271.14999
4145	271.23999
4146	271.26001
4147	271.17001
4148	271.17001
4149	271.28
4150	271.28
4151	271.01001
4152	270.73001
4153	270.60999
4154	270.53
4155	270.64999
4156	270.82001
4157	270.82001
4158	270.98999
4159	271.34
4160	271.51001
4161	271.82001
4162	272.04999
4163	272.03
4164	272.03
4165	271.98999
4166	271.95001
4167	271.98999
4168	271.98999
4169	272.03
4170	271.95001
4171	271.97
4172	271.85999
4173	271.70001
4174	271.72
4175	272.01001
4176	272.10999
4177	272.32001
4178	272.28
4179	272.03
4180	271.88
4181	271.97
4182	272.03
4183	272.09
4184	272.09
4185	272.04999
4186	272.04999
4187	272.01001
4188	271.92999
4189	271.92999
4190	271.95001
4191	271.79999
4192	271.82001
4193	271.73999
4194	271.84
4195	271.95001
4196	271.95001
4197	271.97
4198	271.97
4199	271.95001
4200	271.98999
4201	272.03
4202	272.01001
4203	272.01001
4204	271.98999
4205	271.97
4206	271.85999
4207	271.76001
4208	271.63
4209	271.59
4210	271.54999
4211	271.32001
4212	271.45001
4213	271.59
4214	271.79999
4215	271.98999
4216	272.09
4217	272.14001
4218	272.32001
4219	272.26001
4220	272.09
4221	271.95001
4222	271.82001
4223	271.91
4224	271.95001
4225	271.79999
4226	271.73999
4227	271.54999
4228	271.54999
4229	271.67999
4230	271.73999
4231	271.82001
4232	271.84
4233	271.85999
4234	271.79999
4235	271.79999
4236	271.70001
4237	271.84
4238	271.79999
4239	271.79999
4240	272.14001
4241	272.26001
4242	272.42999
4243	272.28
4244	272.28
4245	272.16
4246	272.04999
4247	272.03
4248	271.92999
4249	271.95001
4250	272.26001
4251	272.26001
4252	272.22
4253	272.28
4254	272.22
4255	272.03
4256	272.03
4257	271.82001
4258	271.76001
4259	271.85999
4260	271.85999
4261	272.23999
4262	272.41
4263	272.45001
4264	272.45001
4265	272.37
4266	272.28
4267	272.28
4268	272.26001
4269	272.39001
4270	272.51001
4271	272.70001
4272	272.76001
4273	272.72
4274	272.72
4275	272.26001
4276	271.88
4277	271.82001
4278	271.95001
4279	272.17999
4280	272.28
4281	272.22
4282	272.03
4283	271.97
4284	271.98999
4285	272.01001
4286	272.01001
4287	271.91
4288	271.88
4289	271.82001
4290	271.91
4291	271.82001
4292	271.85999
4293	271.84
4294	271.78
4295	271.64999
4296	271.53
4297	271.53
4298	271.57001
4299	271.57001
4300	271.97
4301	271.98999
4302	271.91
4303	271.76001
4304	271.59
4305	271.63
4306	271.63
4307	271.79999
4308	271.95001
4309	271.98999
4310	272.04999
4311	272.20001
4312	272.20001
4313	272.32001
4314	272.41
4315	272.47
4316	272.41
4317	272.37
4318	272.22
4319	272.09
4320	272.16
4321	272.03
4322	272.09
4323	272.07001
4324	272.07001
4325	272.16
4326	272.16
4327	272.10999
4328	272.07001
4329	272.16
4330	272.29999
4331	272.29999
4332	272.42999
4333	272.53
4334	272.57999
4335	272.73999
4336	272.82999
4337	272.82999
4338	272.82999
4339	272.67999
4340	272.57999
4341	272.45001
4342	272.39001
4343	272.28
4344	272.47
4345	272.47
4346	272.82999
4347	272.95001
4348	272.92999
4349	273.01001
4350	272.98999
4351	273.14001
4352	273.23999
4353	273.32999
4354	273.17999
4355	272.82999
4356	272.82999
4357	272.98999
4358	273.12
4359	273.16
4360	273.51999
4361	274.26999
4362	274.64999
4363	274.75
4364	274.89999
4365	275.10999
4366	275.23001
4367	275.82001
4368	276.23001
4369	276.53
4370	276.53
4371	276.79999
4372	277.13
4373	277.34
4374	277.89001
4375	278.23999
4376	278.41
4377	278.41
4378	278.35001
4379	278.32999
4380	278.20001
4381	278.04999
4382	277.97
4383	277.87
4384	277.73999
4385	278.07999
4386	278.22
4387	278.51001
4388	278.67999
4389	278.97
4390	279.23001
4391	279.31
4392	279.01999
4393	278.89001
4394	278.87
4395	278.82999
4396	278.89001
4397	278.76999
4398	278.70001
4399	278.79001
4400	278.79001
4401	278.70001
4402	278.70001
4403	278.81
4404	278.87
4405	279.07999
4406	279.14001
4407	278.82999
4408	278.70001
4409	278.70001
4410	278.85001
4411	278.85001
4412	279
4413	279.07999
4414	279.17999
4415	279.39001
4416	279.39001
4417	279.39001
4418	279.32999
4419	279.31
4420	279.10001
4421	278.91
4422	278.87
4423	278.76999
4424	279.04001
4425	279.10001
4426	279.23001
4427	279.07999
4428	278.89001
4429	278.79001
4430	278.92999
4431	279.12
4432	279.25
4433	279.17999
4434	279.10001
4435	279.10001
4436	279.12
4437	279.14001
4438	279.12
4439	279.20001
4440	279.23001
4441	279.23001
4442	279.37
4443	279.06
4444	278.73999
4445	278.60001
4446	278.79001
4447	279
4448	279
4449	278.87
4450	278.35001
4451	278.10001
4452	277.67999
4453	277.70001
4454	277.95001
4455	278.14001
4456	278.64001
4457	278.85001
4458	278.76999
4459	278.12
4460	277.97
4461	277.92999
4462	278.12
4463	278.35001
4464	278.48999
4465	278.66
4466	278.67999
4467	278.60001
4468	278.70001
4469	278.66
4470	278.54001
4471	278.54001
4472	278.51001
4473	278.57999
4474	278.62
4475	278.67999
4476	278.73999
4477	278.87
4478	279.12
4479	278.92999
4480	278.92999
4481	278.81
4482	278.82999
4483	278.62
4484	278.62
4485	278.62
4486	278.57999
4487	278.57999
4488	278.60001
4489	278.81
4490	278.92999
4491	278.92999
4492	279.07999
4493	279.25
4494	279.51999
4495	279.85001
4496	279.75
4497	279.31
4498	278.81
4499	278.72
4500	278.56
4501	278.48999
4502	278.23999
4503	278.26001
4504	278.31
4505	278.82999
4506	279
4507	278.81
4508	278.67999
4509	278.64001
4510	278.73999
4511	278.73999
4512	278.73999
4513	278.72
4514	278.48999
4515	278.41
4516	278.32999
4517	278.37
4518	278.42999
4519	278.42999
4520	278.60001
4521	278.73999
4522	278.81
4523	279.14001
4524	279.12
4525	279.06
4526	279
4527	278.92999
4528	279.23001
4529	279.06
4530	279.17999
4531	279.17999
4532	279.07999
4533	278.89001
4534	278.56
4535	278.57999
4536	278.85001
4537	279.10001
4538	279.07999
4539	278.82999
4540	278.57999
4541	277.85001
4542	277.39001
4543	277.01001
4544	276.92001
4545	276.98999
4546	276.95001
4547	276.92001
4548	276.85999
4549	276.60999
4550	276.19
4551	276.19
4552	275.26999
4553	274.26999
4554	273.5
4555	271.39999
4556	268.95999
4557	266.32001
4558	266.32001
4559	262.56
4560	260.92999
4561	260.17001
4562	259.19
4563	258.67001
4564	258.67001
4565	258.75
4566	259.85999
4567	260.23999
4568	261.03
4569	261.78
4570	262.35001
4571	262.73001
4572	263.07999
4573	264.23001
4574	264.60999
4575	265.20999
4576	265.92001
4577	266.13
4578	266.57001
4579	266.79999
4580	267.28
4581	267.72
4582	268.14001
4583	268.14001
4584	268.54001
4585	268.70999
4586	268.76999
4587	268.98001
4588	269.14999
4589	269.31
4590	269.31
4591	269.60999
4592	269.73001
4593	269.79001
4594	269.95999
4595	270.10999
4596	270.10999
4597	270.10999
4598	270.20999
4599	270.13
4600	270.10999
4601	270.19
4602	270.38
4603	270.54999
4604	270.63
4605	270.84
4606	270.85999
4607	270.95999
4608	271.10999
4609	271.13
4610	271.10999
4611	271.03
4612	270.84
4613	270.95999
4614	270.89999
4615	270.85999
4616	270.92001
4617	271.01001
4618	271.17001
4619	271.09
4620	271.03
4621	270.98999
4622	270.98999
4623	271.09
4624	271.17001
4625	271.22
4626	271.34
4627	271.34
4628	271.28
4629	271.28
4630	271.64999
4631	271.63
4632	271.59
4633	271.45001
4634	271.29999
4635	271.32001
4636	271.19
4637	270.98999
4638	271.07001
4639	271.34
4640	271.42001
4641	271.35999
4642	271.39999
4643	271.45001
4644	271.67999
4645	271.72
4646	271.70001
4647	271.67999
4648	271.76001
4649	271.63
4650	271.54999
4651	271.59
4652	271.67999
4653	271.79999
4654	271.79999
4655	272.22
4656	272.16
4657	272.10999
4658	271.95001
4659	271.92999
4660	271.76001
4661	271.76001
4662	271.67999
4663	271.82001
4664	271.95001
4665	272.17999
4666	272.26001
4667	272.16
4668	272.16
4669	272.17999
4670	272.17999
4671	272.14001
4672	271.95001
4673	271.98999
4674	271.97
4675	271.98999
4676	272.22
4677	272.26001
4678	272.26001
4679	272.10999
4680	272.10999
4681	272.01001
4682	272.14001
4683	272.28
4684	272.28
4685	272.32001
4686	272.34
4687	272.26001
4688	272.09
4689	272.09
4690	271.98999
4691	271.88
4692	271.91
4693	271.91
4694	271.88
4695	272.04999
4696	272.07001
4697	272.22
4698	272.32001
4699	272.29999
4700	272.29999
4701	272.60001
4702	272.57999
4703	272.57999
4704	272.66
4705	272.51001
4706	272.47
4707	272.42999
4708	272.34
4709	272.26001
4710	272.23999
4711	272.09
4712	272.17999
4713	272.26001
4714	272.23999
4715	272.16
4716	272.17999
4717	272.22
4718	272.26001
4719	272.16
4720	272.09
4721	272.14001
4722	272.23999
4723	272.29999
4724	272.20001
4725	272.20001
4726	271.97
4727	272.23999
4728	272.47
4729	272.82999
4730	272.89001
4731	272.89001
4732	272.89001
4733	272.91
4734	272.78
4735	272.81
4736	272.47
4737	272.41
4738	272.39001
4739	272.39001
4740	272.57999
4741	272.48999
4742	272.45001
4743	272.64001
4744	272.72
4745	272.67999
4746	272.67999
4747	273.07999
4748	273.16
4749	273.14001
4750	272.92999
4751	272.89001
4752	272.76001
4753	272.72
4754	272.48999
4755	272.42999
4756	272.41
4757	272.48999
4758	272.53
4759	272.64001
4760	272.73999
4761	272.95001
4762	272.91
4763	272.78
4764	272.78
4765	272.66
4766	272.66
4767	272.70001
4768	272.89001
4769	273.06
4770	273.04001
4771	273.04001
4772	272.81
4773	272.57999
4774	272.51001
4775	272.29999
4776	272.22
4777	272.23999
4778	272.23999
4779	272.53
4780	272.66
4781	272.70001
4782	272.78
4783	272.67999
4784	272.51001
4785	272.47
4786	272.34
4787	272.29999
4788	272.37
4789	272.29999
4790	272.26001
4791	272.26001
4792	272.37
4793	272.32001
4794	272.26001
4795	272.47
4796	272.54999
4797	272.67999
4798	272.64001
4799	272.57999
4800	272.64001
4801	272.62
4802	272.82999
4803	272.82999
4804	272.89001
4805	272.76001
4806	272.67999
4807	272.60001
4808	272.57999
4809	272.47
4810	272.47
4811	272.54999
4812	272.64001
4813	272.66
4814	272.64001
4815	272.51001
4816	272.42999
4817	272.41
4818	272.23999
4819	272.23999
4820	272.23999
4821	272.45001
4822	272.67999
4823	272.66
4824	272.81
4825	272.89001
4826	272.81
4827	272.89001
4828	272.78
4829	272.72
4830	272.66
4831	272.70001
4832	272.91
4833	273.14001
4834	273.82999
4835	273.82999
4836	274.32999
4837	274.73001
4838	274.89999
4839	275.39999
4840	275.82001
4841	276.14999
4842	276.14999
4843	276.14999
4844	276.17001
4845	276.38
4846	276.84
4847	277.45001
4848	277.91
4849	277.91
4850	278.16
4851	278.16
4852	278.26001
4853	278.10001
4854	278.10001
4855	278.03
4856	278.01001
4857	278.07999
4858	278.03
4859	278.10001
4860	278.39001
4861	278.54001
4862	278.67999
4863	278.79001
4864	279.01999
4865	279.26999
4866	279.45999
4867	279.54001
4868	279.42999
4869	279.25
4870	279.04001
4871	278.81
4872	278.85001
4873	278.89001
4874	278.89001
4875	279.26999
4876	279.17999
4877	279.06
4878	278.72
4879	278.35001
4880	278.22
4881	278.22
4882	278.60001
4883	278.66
4884	278.70001
4885	278.56
4886	278.60001
4887	278.60001
4888	278.73999
4889	278.72
4890	278.70001
4891	278.60001
4892	278.51001
4893	278.57999
4894	278.67999
4895	278.76999
4896	278.87
4897	278.72
4898	278.45001
4899	278.41
4900	278.41
4901	278.57999
4902	278.51001
4903	278.48999
4904	278.42999
4905	278.39001
4906	278.39001
4907	278.20001
4908	278.16
4909	278.32999
4910	278.23999
4911	278.23999
4912	278.23999
4913	278.23999
4914	278.67999
4915	278.76999
4916	278.73999
4917	278.67999
4918	278.54001
4919	278.45001
4920	278.45001
4921	278.51001
4922	278.39001
4923	278.42999
4924	278.35001
4925	278.51001
4926	278.64001
4927	278.70001
4928	278.79001
4929	278.87
4930	279.14001
4931	279
4932	278.95001
4933	279
4934	279
4935	279.45999
4936	279.62
4937	279.76999
4938	279.66
4939	279.56
4940	279.41
4941	279.45999
4942	279.32999
4943	278.97
4944	279.06
4945	279.06
4946	279.07999
4947	279.12
4948	279.04001
4949	278.95001
4950	278.81
4951	278.79001
4952	278.79001
4953	278.89001
4954	279.45999
4955	279.56
4956	279.41
4957	279.20001
4958	279.25
4959	279.25
4960	279.14001
4961	279.06
4962	279
4963	279.10001
4964	279.07999
4965	279.04001
4966	278.92999
4967	278.45001
4968	278.54001
4969	278.70001
4970	279.16
4971	279.26999
4972	279.64001
4973	279.73001
4974	279.70999
4975	279.56
4976	279.26999
4977	279.26999
4978	279.26999
4979	279.37
4980	279.41
4981	279.42999
4982	279.41
4983	279.62
4984	279.62
4985	279.70999
4986	279.64001
4987	279.62
4988	279.26999
4989	279.10001
4990	278.79001
4991	278.79001
4992	278.60001
4993	278.62
4994	278.64001
4995	279.01999
4996	279.23001
4997	279.26999
4998	279.16
4999	279.29001
5000	279.31
5001	279.16
5002	278.92999
5003	278.87
5004	278.76999
5005	278.79001
5006	278.32999
5007	278.17999
5008	278.35001
5009	278.72
5010	278.72
5011	278.72
5012	278.62
5013	278.47
5014	278.07999
5015	277.67999
5016	277.67999
5017	277.03
5018	276.79999
5019	276.73999
5020	276.64999
5021	276.64999
5022	276.67001
5023	276.67001
5024	275.60999
5025	274.45999
5026	273.85001
5027	272.54999
5028	271.19
5029	270.42001
5030	269.57999
5031	266.78
5032	264.57001
5033	263.44
5034	261.42999
5035	260.10999
5036	259.70999
5037	259.39999
5038	259.70999
5039	259.95999
5040	260.73999
5041	261.67999
5042	262.12
5043	262.75
5044	263.04001
5045	263.85001
5046	264.59
5047	265.09
5048	265.53
5049	265.76001
5050	266.22
5051	266.48999
5052	266.89001
5053	267.28
5054	267.45001
5055	267.45001
5056	268.12
5057	268.51999
5058	268.62
5059	268.82999
5060	269
5061	269.19
5062	269.19
5063	269.42001
5064	269.73001
5065	269.92001
5066	270
5067	270
5068	270.04001
5069	270.04001
5070	270.13
5071	270.20999
5072	270.32001
5073	270.26999
5074	270.20999
5075	270.19
5076	270.20999
5077	270.60999
5078	270.79999
5079	271.07001
5080	271.34
5081	271.34
5082	271.19
5083	271.26001
5084	271.19
5085	271.38
5086	271.32001
5087	271.32001
5088	271.45001
5089	271.64999
5090	271.79999
5091	271.67999
5092	271.82001
5093	271.88
5094	271.88
5095	271.59
5096	271.54999
5097	271.57001
5098	271.54999
5099	271.67999
5100	271.85999
5101	271.85999
5102	272.03
5103	272.23999
5104	272.32001
5105	272.22
5106	272.04999
5107	271.91
5108	271.88
5109	271.76001
5110	271.76001
5111	271.72
5112	271.73999
5113	271.72
5114	271.72
5115	271.76001
5116	271.79999
5117	271.95001
5118	272.37
5119	272.70001
5120	272.78
5121	272.81
5122	272.81
5123	272.60001
5124	272.45001
5125	272.39001
5126	272.39001
5127	272.54999
5128	272.72
5129	272.76001
5130	272.57999
5131	272.57999
5132	272.45001
5133	272.45001
5134	272.41
5135	272.32001
5136	272.28
5137	272.29999
5138	272.26001
5139	272.32001
5140	272.28
5141	272.42999
5142	272.32001
5143	272.23999
5144	272.16
5145	272.07001
5146	272.17999
5147	272.14001
5148	272.41
5149	272.39001
5150	272.48999
5151	272.53
5152	272.45001
5153	272.41
5154	272.23999
5155	272.04999
5156	271.85999
5157	271.79999
5158	271.79999
5159	271.82001
5160	271.92999
5161	271.82001
5162	271.85999
5163	272.14001
5164	272.28
5165	272.28
5166	272.32001
5167	272.37
5168	272.62
5169	272.81
5170	272.87
5171	272.76001
5172	272.76001
5173	272.60001
5174	272.54999
5175	272.47
5176	272.32001
5177	272.34
5178	272.34
5179	272.29999
5180	272.29999
5181	272.29999
5182	272.34
5183	272.54999
5184	272.48999
5185	272.41
5186	272.39001
5187	272.26001
5188	272.26001
5189	272.20001
5190	272.32001
5191	272.37
5192	272.41
5193	272.34
5194	272.22
5195	272.32001
5196	272.47
5197	272.47
5198	272.47
5199	272.28
5200	272.28
5201	272.14001
5202	272.28
5203	272.51001
5204	272.51001
5205	272.64001
5206	272.57999
5207	272.51001
5208	272.37
5209	272.28
5210	272.22
5211	272.26001
5212	272.41
5213	272.42999
5214	272.39001
5215	272.45001
5216	272.51001
5217	272.54999
5218	272.60001
5219	272.62
5220	272.67999
5221	272.66
5222	272.54999
5223	272.54999
5224	272.54999
5225	272.53
5226	272.37
5227	272.14001
5228	272.10999
5229	272.10999
5230	272.17999
5231	272.17999
5232	272.29999
5233	272.45001
5234	272.48999
5235	272.53
5236	272.53
5237	272.45001
5238	272.37
5239	272.32001
5240	272.23999
5241	272.22
5242	272.29999
5243	272.29999
5244	272.26001
5245	272.29999
5246	272.32001
5247	272.26001
5248	272.26001
5249	272.26001
5250	272.26001
5251	272.37
5252	272.41
5253	272.48999
5254	272.73999
5255	272.85001
5256	272.98999
5257	273.04001
5258	273.06
5259	273.04001
5260	272.92999
5261	272.73999
5262	272.72
5263	272.73999
5264	272.73999
5265	272.72
5266	272.57999
5267	272.34
5268	272.34
5269	272.26001
5270	272.17999
5271	272.16
5272	272.17999
5273	272.29999
5274	272.45001
5275	272.45001
5276	272.34
5277	272.39001
5278	272.51001
5279	272.47
5280	272.47
5281	272.42999
5282	272.41
5283	272.32001
5284	272.34
5285	272.34
5286	272.41
5287	272.53
5288	272.48999
5289	272.47
5290	272.51001
5291	272.45001
5292	272.37
5293	272.51001
5294	272.64001
5295	272.64001
5296	272.73999
5297	272.64001
5298	272.64001
5299	272.66
5300	272.72
5301	272.72
5302	272.53
5303	272.60001
5304	272.76001
5305	272.97
5306	273.31
5307	273.31
5308	274.48001
5309	274.70999
5310	274.76999
5311	274.48001
5312	274.56
5313	275.26999
5314	275.26999
5315	276.03
5316	276.17001
5317	276.28
5318	276.09
5319	276.29999
5320	276.51001
5321	276.92001
5322	277.89001
5323	278.01001
5324	278.03
5325	277.98999
5326	278.03
5327	278.04999
5328	278.04999
5329	277.95001
5330	277.97
5331	278.12
5332	278.39001
5333	278.45001
5334	278.66
5335	278.72
5336	278.41
5337	278.17999
5338	278.28
5339	278.28
5340	278.14001
5341	277.95001
5342	277.89001
5343	278.07999
5344	278.22
5345	278.31
5346	278.31
5347	278.47
5348	278.64001
5349	278.72
5350	278.70001
5351	278.72
5352	278.67999
5353	278.73999
5354	278.57999
5355	278.54001
5356	278.51001
5357	278.35001
5358	278.23999
5359	278.20001
5360	278.17999
5361	278.22
5362	278.31
5363	278.31
5364	278.12
5365	278.03
5366	277.98999
5367	277.97
5368	278.41
5369	278.82999
5370	278.85001
5371	278.70001
5372	278.54001
5373	278.37
5374	278.37
5375	278.01001
5376	277.64001
5377	277.48999
5378	277.48999
5379	277.45001
5380	277.66
5381	277.62
5382	277.57001
5383	277.53
5384	277.89001
5385	277.89001
5386	278.20001
5387	277.98999
5388	277.98999
5389	277.98999
5390	278.37
5391	278.67999
5392	278.89001
5393	278.51001
5394	278.31
5395	278.31
5396	278.41
5397	278.57999
5398	278.45001
5399	278.41
5400	278.12
5401	278.14001
5402	277.95001
5403	277.91
5404	277.91
5405	277.62
5406	277.51001
5407	277.70001
5408	278.03
5409	278.14001
5410	278.14001
5411	278.17999
5412	278.16
5413	278.22
5414	278.47
5415	278.62
5416	278.51001
5417	278.51001
5418	278.17999
5419	277.97
5420	277.98999
5421	277.82001
5422	277.95001
5423	278.07999
5424	278.07999
5425	278.04999
5426	277.97
5427	277.97
5428	277.91
5429	277.98999
5430	278.04999
5431	278.12
5432	278.20001
5433	278.20001
5434	277.87
5435	277.66
5436	277.64001
5437	277.59
5438	277.67999
5439	278.01001
5440	278.03
5441	278.04999
5442	277.98999
5443	277.98999
5444	278.16
5445	278.26001
5446	278.45001
5447	278.54001
5448	278.76999
5449	278.76999
5450	278.82999
5451	278.60001
5452	278.48999
5453	278.12
5454	277.95001
5455	278.12
5456	278.12
5457	278.14001
5458	278.01001
5459	277.98999
5460	277.97
5461	277.89001
5462	277.91
5463	277.85001
5464	277.91
5465	277.98999
5466	278.12
5467	278.28
5468	278.39001
5469	278.42999
5470	278.39001
5471	278.22
5472	278.37
5473	278.56
5474	278.64001
5475	278.72
5476	279
5477	279.04001
5478	279.23001
5479	279.06
5480	278.67999
5481	278.67999
5482	278.31
5483	278.37
5484	278.35001
5485	278.23999
5486	278.04999
5487	277.91
5488	277.91
5489	277.41
5490	277.07001
5491	276.95001
5492	276.85999
5493	276.67001
5494	276.53
5495	276.53
5496	276.39999
5497	276.26001
5498	276.13
5499	275.76999
5500	274.81
5501	274.06
5502	273.06
5503	269.51999
5504	268.20001
5505	266.04999
5506	264.19
5507	263.35001
5508	261.92999
5509	261.28
5510	260.26001
5511	260.22
5512	260.26001
5513	260.42001
5514	260.48999
5515	260.73999
5516	260.91
5517	261.42999
5518	261.89001
5519	262.45001
5520	262.45001
5521	263.64999
5522	264.25
5523	264.59
5524	265.10999
5525	265.48999
5526	265.82001
5527	265.82001
5528	266.32001
5529	266.48999
5530	266.59
5531	266.98999
5532	267.32999
5533	267.47
5534	267.56
5535	267.79001
5536	268.32999
5537	268.5
5538	268.70999
5539	268.89001
5540	269
5541	269.04001
5542	269.42001
5543	269.42001
5544	269.48001
5545	269.54001
5546	269.64999
5547	269.88
5548	270
5549	270.19
5550	270.25
5551	270.34
5552	270.34
5553	270.38
5554	270.34
5555	270.34
5556	270.17001
5557	270.25
5558	270.23001
5559	270.23001
5560	270.45999
5561	270.67001
5562	270.73001
5563	270.94
5564	271.14999
5565	271.19
5566	271.19
5567	271.22
5568	271.26001
5569	271.28
5570	270.98999
5571	270.79999
5572	270.84
5573	270.82001
5574	271.01001
5575	271.13
5576	271.26001
5577	271.32001
5578	271.38
5579	271.53
5580	271.51001
5581	271.54999
5582	271.54999
5583	271.54999
5584	271.53
5585	271.51001
5586	271.54999
5587	271.45001
5588	271.57001
5589	271.59
5590	271.54999
5591	271.54999
5592	271.72
5593	271.76001
5594	271.70001
5595	271.85999
5596	271.85999
5597	271.63
5598	271.63
5599	271.53
5600	271.63
5601	271.60999
5602	271.53
5603	271.54999
5604	271.60999
5605	271.70001
5606	271.98999
5607	272.07001
5608	272.04999
5609	271.92999
5610	271.78
5611	271.85999
5612	271.91
5613	272.09
5614	272.16
5615	272.07001
5616	271.88
5617	271.84
5618	271.79999
5619	271.67999
5620	271.73999
5621	271.72
5622	271.88
5623	272.01001
5624	271.95001
5625	271.79999
5626	271.82001
5627	271.73999
5628	271.70001
5629	271.79999
5630	271.79999
5631	272.03
5632	271.88
5633	271.79999
5634	271.79999
5635	271.91
5636	271.98999
5637	271.98999
5638	272.01001
5639	272.03
5640	271.95001
5641	272.01001
5642	272.07001
5643	272.04999
5644	272.14001
5645	272.16
5646	272.03
5647	271.91
5648	271.70001
5649	271.76001
5650	271.92999
5651	272.14001
5652	272.16
5653	272.09
5654	271.97
5655	271.88
5656	271.82001
5657	271.78
5658	271.88
5659	271.91
5660	272.04999
5661	272.10999
5662	272.10999
5663	272.01001
5664	271.84
5665	271.88
5666	271.84
5667	271.97
5668	271.88
5669	271.88
5670	271.92999
5671	271.98999
5672	272.10999
5673	272.22
5674	272.10999
5675	272.07001
5676	272.07001
5677	271.67999
5678	271.51001
5679	271.39999
5680	271.42001
5681	271.34
5682	271.39999
5683	271.35999
5684	271.29999
5685	271.48999
5686	271.67999
5687	271.84
5688	271.88
5689	271.79999
5690	271.78
5691	271.78
5692	271.91
5693	271.88
5694	271.84
5695	271.78
5696	271.59
5697	271.48999
5698	271.35999
5699	271.45001
5700	271.60999
5701	271.60999
5702	271.98999
5703	272.20001
5704	272.09
5705	271.88
5706	271.63
5707	271.47
5708	271.47
5709	271.39999
5710	271.48999
5711	271.59
5712	271.60999
5713	271.60999
5714	271.59
5715	271.57001
5716	271.67999
5717	271.82001
5718	271.91
5719	271.76001
5720	271.59
5721	271.67999
5722	271.59
5723	271.48999
5724	271.48999
5725	271.57001
5726	271.60999
5727	271.64999
5728	271.76001
5729	271.85999
5730	271.91
5731	271.91
5732	271.88
5733	271.88
5734	272.10999
5735	272.04999
5736	272.01001
5737	271.98999
5738	272.17999
5739	272.22
5740	272.22
5741	272.16
5742	272.16
5743	272.26001
5744	272.14001
5745	272.04999
5746	271.95001
5747	271.95001
5748	271.88
5749	272.03
5750	272.09
5751	271.97
5752	271.88
5753	271.88
5754	272.04999
5755	272.41
5756	272.42999
5757	272.34
5758	272.32001
5759	272.26001
5760	272.32001
5761	272.47
5762	272.87
5763	272.97
5764	273.04001
5765	272.76001
5766	272.72
5767	272.72
5768	272.70001
5769	272.73999
5770	272.73999
5771	272.62
5772	272.62
5773	272.39001
5774	272.45001
5775	272.42999
5776	272.48999
5777	272.91
5778	273.35001
5779	273.35001
5780	273.76999
5781	274.25
5782	274.39001
5783	274.60001
5784	274.5
5785	274.45999
5786	274.48001
5787	275.17001
5788	275.63
5789	275.73001
5790	276
5791	276.20999
5792	276.32001
5793	276.42001
5794	276.84
5795	276.97
5796	277.17999
5797	277.48999
5798	277.57001
5799	277.70001
5800	277.79999
5801	277.62
5802	277.42999
5803	277.41
5804	277.64001
5805	277.82001
5806	278.01001
5807	278.01001
5808	277.91
5809	277.64001
5810	277.51001
5811	277.51001
5812	277.35999
5813	277.29999
5814	277.32001
5815	277.34
5816	277.42999
5817	277.72
5818	277.72
5819	278.41
5820	278.70001
5821	278.76999
5822	278.57999
5823	278.23999
5824	278.20001
5825	278.39001
5826	278.45001
5827	278.26001
5828	277.76001
5829	277.70001
5830	278.01001
5831	278.20001
5832	278.37
5833	278.76999
5834	278.81
5835	278.54001
5836	278.03
5837	277.82001
5838	277.66
5839	277.66
5840	277.78
5841	278.03
5842	277.98999
5843	277.98999
5844	277.72
5845	277.98999
5846	278.12
5847	278.20001
5848	278.26001
5849	278.26001
5850	278.26001
5851	278.07999
5852	277.92999
5853	277.87
5854	278.16
5855	278.73999
5856	278.95001
5857	279.12
5858	278.60001
5859	278.20001
5860	278.22
5861	278.76999
5862	278.95001
5863	279
5864	278.89001
5865	279.07999
5866	279.32999
5867	279.73001
5868	279.82999
5869	279.75
5870	279.62
5871	279.62
5872	279.73001
5873	279.81
5874	279.81
5875	279.70999
5876	279.54001
5877	279.42999
5878	279.48001
5879	279.54001
5880	279.45999
5881	279.26999
5882	279.26999
5883	278.97
5884	279.06
5885	279.06
5886	279.04001
5887	278.89001
5888	278.73999
5889	278.73999
5890	279
5891	279.12
5892	279.06
5893	278.76999
5894	278.48999
5895	278.32999
5896	278.22
5897	278.04999
5898	278.12
5899	278.03
5900	278.31
5901	278.79001
5902	278.82999
5903	278.92999
5904	278.56
5905	278.54001
5906	278.66
5907	278.95001
5908	279.23001
5909	279.73001
5910	279.89001
5911	280.07999
5912	279.89001
5913	279.79001
5914	279.79001
5915	279.26999
5916	279.42999
5917	279.56
5918	279.64001
5919	279.60001
5920	279.60001
5921	279.60001
5922	279.82999
5923	279.62
5924	279.45999
5925	279.35001
5926	279.54001
5927	279.82999
5928	279.82999
5929	279.81
5930	279.48001
5931	279.37
5932	279.23001
5933	279.37
5934	279.42999
5935	279.60001
5936	279.92001
5937	279.92001
5938	279.92001
5939	279.81
5940	279.81
5941	280
5942	280.07999
5943	279.89001
5944	279.70999
5945	279.62
5946	279.39001
5947	279.32999
5948	279.42999
5949	279.62
5950	279.79001
5951	279.32999
5952	279.10001
5953	279.10001
5954	278.91
5955	278.97
5956	279
5957	278.95001
5958	278.72
5959	278.45001
5960	278.45001
5961	278.26001
5962	278.03
5963	277.98999
5964	277.87
5965	277.48999
5966	277.39001
5967	277.34
5968	277.14999
5969	277.09
5970	276.89999
5971	276.09
5972	274.98001
5973	274.16
5974	273.26999
5975	269.57999
5976	268.26999
5977	265.97
5978	263.81
5979	263.06
5980	261.91
5981	261.51001
5982	260.85999
5983	260.63
5984	260.79999
5985	260.79999
5986	261.73999
5987	262.47
5988	262.91
5989	263.62
5990	264.19
5991	264.51999
5992	264.51999
5993	265.32001
5994	265.89999
5995	266.17999
5996	266.64001
5997	267.01001
5998	267.26001
5999	267.26001
6000	268.04001
6001	268.39001
6002	268.51999
6003	268.89001
6004	269.20999
6005	269.44
6006	269.56
6007	269.92001
6008	269.95999
6009	269.95999
6010	269.94
6011	270.07001
6012	270.13
6013	270.14999
6014	270.20999
6015	270.35999
6016	270.48001
6017	270.5
6018	270.54999
6019	270.69
6020	270.70999
6021	270.78
6022	270.89999
6023	271.01001
6024	271.01001
6025	271.09
6026	271.10999
6027	271.14999
6028	271.17001
6029	271.45001
6030	271.53
6031	271.53
6032	271.79999
6033	271.76001
6034	271.88
6035	271.92999
6036	271.97
6037	272.04999
6038	272.04999
6039	272.03
6040	272.07001
6041	272.10999
6042	272.20001
6043	272.26001
6044	272.37
6045	272.32001
6046	272.34
6047	272.29999
6048	272.17999
6049	272.10999
6050	272.20001
6051	272.37
6052	272.41
6053	272.39001
6054	272.39001
6055	272.34
6056	272.34
6057	272.39001
6058	272.29999
6059	272.29999
6060	272.28
6061	272.42999
6062	272.42999
6063	272.42999
6064	272.47
6065	272.37
6066	272.32001
6067	272.41
6068	272.28
6069	272.23999
6070	272.23999
6071	272.23999
6072	272.48999
6073	272.54999
6074	272.76001
6075	272.82999
6076	272.78
6077	272.72
6078	272.60001
6079	272.62
6080	272.60001
6081	272.60001
6082	272.48999
6083	272.34
6084	272.29999
6085	272.32001
6086	272.39001
6087	272.39001
6088	272.26001
6089	272.16
6090	272.10999
6091	272.20001
6092	272.22
6093	272.16
6094	272.28
6095	272.28
6096	272.64001
6097	272.66
6098	272.64001
6099	272.57999
6100	272.47
6101	272.53
6102	272.53
6103	272.60001
6104	272.72
6105	272.66
6106	272.62
6107	272.64001
6108	272.62
6109	272.60001
6110	272.32001
6111	272.23999
6112	272.23999
6113	272.29999
6114	272.28
6115	272.32001
6116	272.32001
6117	272.51001
6118	272.51001
6119	272.57999
6120	272.54999
6121	272.48999
6122	272.39001
6123	272.45001
6124	272.42999
6125	272.39001
6126	272.47
6127	272.42999
6128	272.48999
6129	272.54999
6130	272.47
6131	272.48999
6132	272.57999
6133	272.70001
6134	272.70001
6135	272.54999
6136	272.64001
6137	272.54999
6138	272.66
6139	272.54999
6140	272.66
6141	272.66
6142	272.92999
6143	272.81
6144	272.66
6145	272.47
6146	272.54999
6147	272.62
6148	272.64001
6149	272.97
6150	272.97
6151	272.87
6152	272.81
6153	272.57999
6154	272.48999
6155	272.47
6156	272.62
6157	272.67999
6158	272.48999
6159	272.39001
6160	272.39001
6161	272.42999
6162	272.47
6163	272.48999
6164	272.62
6165	272.62
6166	272.62
6167	272.41
6168	272.41
6169	272.29999
6170	272.34
6171	272.26001
6172	272.39001
6173	272.39001
6174	272.32001
6175	272.47
6176	272.62
6177	272.64001
6178	272.78
6179	272.91
6180	272.91
6181	272.73999
6182	272.66
6183	272.64001
6184	272.64001
6185	272.95001
6186	272.98999
6187	273.04001
6188	272.81
6189	272.81
6190	272.87
6191	272.92999
6192	272.91
6193	272.87
6194	272.97
6195	273.26999
6196	273.41
6197	273.42999
6198	273.23999
6199	273.16
6200	273.06
6201	273.06
6202	273.10001
6203	273.16
6204	273.01001
6205	273.01001
6206	272.78
6207	272.62
6208	272.54999
6209	272.48999
6210	272.53
6211	272.66
6212	272.66
6213	272.82999
6214	272.85001
6215	272.87
6216	273.06
6217	272.92999
6218	272.95001
6219	272.92999
6220	272.91
6221	272.95001
6222	272.98999
6223	272.67999
6224	272.60001
6225	272.62
6226	272.62
6227	272.42999
6228	272.34
6229	272.42999
6230	272.57999
6231	272.64001
6232	272.60001
6233	272.54999
6234	272.51001
6235	272.54999
6236	272.51001
6237	272.51001
6238	272.78
6239	272.91
6240	272.91
6241	272.85001
6242	272.78
6243	272.73999
6244	272.73999
6245	272.82999
6246	273.04001
6247	272.98999
6248	272.87
6249	272.87
6250	273.04001
6251	273.04001
6252	273.41
6253	273.70001
6254	273.87
6255	274.25
6256	274.23001
6257	274.31
6258	274.39001
6259	274.98001
6260	275.06
6261	275.5
6262	275.84
6263	276.26001
6264	276.53
6265	276.89999
6266	277.76001
6267	277.91
6268	277.97
6269	277.97
6270	278.14001
6271	278.32999
6272	278.41
6273	278.60001
6274	278.67999
6275	278.91
6276	278.91
6277	279.01999
6278	279.06
6279	279
6280	278.89001
6281	278.92999
6282	278.92999
6283	278.92999
6284	279.23001
6285	279.16
6286	279.06
6287	278.60001
6288	278.07999
6289	277.70001
6290	277.70001
6291	277.82001
6292	277.92999
6293	277.95001
6294	278.20001
6295	278.62
6296	278.73999
6297	278.85001
6298	279.04001
6299	278.92999
6300	278.87
6301	278.73999
6302	278.64001
6303	278.56
6304	278.54001
6305	278.48999
6306	278.32999
6307	278.31
6308	278.47
6309	278.57999
6310	278.62
6311	278.56
6312	278.23999
6313	278.20001
6314	278.57999
6315	278.57999
6316	279.10001
6317	279.35001
6318	279.39001
6319	279.26999
6320	279.10001
6321	278.89001
6322	278.89001
6323	278.37
6324	278.22
6325	278.14001
6326	278.07999
6327	278.31
6328	278.41
6329	278.47
6330	278.81
6331	278.95001
6332	279.07999
6333	278.85001
6334	278.82999
6335	278.87
6336	278.85001
6337	278.66
6338	278.60001
6339	278.57999
6340	278.57999
6341	278.57999
6342	278.66
6343	278.67999
6344	278.76999
6345	279.01999
6346	279.06
6347	279.06
6348	278.97
6349	279.10001
6350	279.16
6351	279.12
6352	278.89001
6353	278.73999
6354	278.73999
6355	278.47
6356	278.39001
6357	278.35001
6358	278.23999
6359	278.32999
6360	278.32999
6361	278.32999
6362	278.37
6363	278.51001
6364	278.51001
6365	278.28
6366	277.98999
6367	277.98999
6368	278.07999
6369	278.42999
6370	278.62
6371	278.76999
6372	278.72
6373	278.64001
6374	278.28
6375	278.14001
6376	278.17999
6377	278.35001
6378	278.41
6379	278.14001
6380	277.87
6381	277.79999
6382	278.01001
6383	278.31
6384	278.54001
6385	278.73999
6386	278.73999
6387	278.82999
6388	278.87
6389	278.92999
6390	278.64001
6391	278.23999
6392	278.12
6393	278.12
6394	277.92999
6395	277.92999
6396	277.91
6397	278.01001
6398	278.31
6399	278.42999
6400	278.57999
6401	278.16
6402	278.12
6403	278.04999
6404	278.10001
6405	278.32999
6406	278.23999
6407	278.10001
6408	277.89001
6409	277.78
6410	277.41
6411	277.03
6412	277.07001
6413	277.20001
6414	277.28
6415	277.20001
6416	277.13
6417	276.97
6418	276.97
6419	277.20001
6420	277.47
6421	277.64001
6422	277.82001
6423	277.82001
6424	277.82001
6425	277.82001
6426	277.41
6427	277.07001
6428	277.23999
6429	277.67999
6430	278.04999
6431	278.12
6432	278.12
6433	278.03
6434	277.82001
6435	277.73999
6436	277.47
6437	277.45001
6438	277.41
6439	277.35999
6440	277.04999
6441	277.01001
6442	276.78
6443	276.79999
6444	276.76001
6445	276.59
6446	276.23001
6447	273.91
6448	272.82999
6449	270.85999
6450	268.79001
6451	267.72
6452	265.69
6453	264.70999
6454	262.70001
6455	261.17999
6456	259.95999
6457	259.95999
6458	259.10999
6459	258.92001
6460	258.95999
6461	259.26999
6462	259.79999
6463	260.34
6464	260.34
6465	261.41
6466	262.06
6467	262.56
6468	263.56
6469	264.31
6470	264.59
6471	264.89999
6472	265.79999
6473	266.22
6474	266.41
6475	266.89001
6476	267.14001
6477	267.22
6478	267.29999
6479	267.62
6480	267.73999
6481	268
6482	268.20001
6483	268.32999
6484	268.54001
6485	268.57999
6486	268.82999
6487	269.17001
6488	269.42001
6489	269.39999
6490	269.5
6491	269.64999
6492	269.60999
6493	269.79001
6494	269.88
6495	269.95999
6496	269.95999
6497	269.98001
6498	270.14999
6499	270.25
6500	270.59
6501	270.70999
6502	270.84
6503	270.84
6504	270.89999
6505	271.03
6506	271.01001
6507	271.13
6508	271.17001
6509	271.22
6510	271.17001
6511	271.14999
6512	271.29999
6513	271.35999
6514	271.38
6515	271.53
6516	271.64999
6517	271.78
6518	271.91
6519	271.82001
6520	271.72
6521	271.51001
6522	271.35999
6523	271.22
6524	271.19
6525	271.26001
6526	271.45001
6527	271.51001
6528	271.51001
6529	271.78
6530	271.88
6531	271.82001
6532	271.72
6533	271.73999
6534	271.82001
6535	271.82001
6536	271.73999
6537	271.67999
6538	271.64999
6539	271.73999
6540	271.63
6541	271.60999
6542	271.70001
6543	271.72
6544	271.79999
6545	271.95001
6546	272.04999
6547	272.07001
6548	272.20001
6549	272.23999
6550	272.32001
6551	272.29999
6552	272.16
6553	272.04999
6554	271.95001
6555	271.92999
6556	271.97
6557	272.22
6558	272.20001
6559	271.95001
6560	272.07001
6561	272.09
6562	272.10999
6563	272.10999
6564	272.07001
6565	271.98999
6566	271.98999
6567	271.98999
6568	272.04999
6569	272.07001
6570	272.03
6571	272.34
6572	272.26001
6573	272.17999
6574	272.17999
6575	272.22
6576	272.10999
6577	272.17999
6578	272.14001
6579	272.14001
6580	272.09
6581	272.20001
6582	272.23999
6583	272.17999
6584	272.28
6585	272.17999
6586	272.22
6587	272.26001
6588	272.07001
6589	271.98999
6590	271.84
6591	271.70001
6592	271.76001
6593	271.88
6594	272.01001
6595	272.07001
6596	272.16
6597	272.10999
6598	272.09
6599	272.09
6600	272.28
6601	272.09
6602	272.14001
6603	272.23999
6604	272.17999
6605	272.29999
6606	272.29999
6607	272.28
6608	272.20001
6609	272.16
6610	271.98999
6611	272.07001
6612	272.14001
6613	272.14001
6614	272.17999
6615	272.29999
6616	272.29999
6617	272.32001
6618	272.57999
6619	272.67999
6620	272.70001
6621	272.87
6622	272.95001
6623	273.16
6624	273.22
6625	273.32999
6626	273.32999
6627	273.37
6628	273.16
6629	272.95001
6630	272.67999
6631	272.32001
6632	272.16
6633	272.10999
6634	272.09
6635	272.23999
6636	272.34
6637	272.45001
6638	272.45001
6639	272.42999
6640	272.41
6641	272.39001
6642	272.45001
6643	272.39001
6644	272.20001
6645	272.20001
6646	272.57999
6647	272.72
6648	272.76001
6649	272.85001
6650	272.95001
6651	273.14001
6652	273.29001
6653	273.26999
6654	273.16
6655	273.14001
6656	273.37
6657	273.35001
6658	273.29001
6659	273.14001
6660	273.06
6661	272.97
6662	272.87
6663	273.01001
6664	273.07999
6665	272.95001
6666	272.92999
6667	272.73999
6668	272.73999
6669	272.64001
6670	272.64001
6671	272.64001
6672	272.54999
6673	272.51001
6674	272.53
6675	272.57999
6676	272.48999
6677	272.48999
6678	272.42999
6679	272.42999
6680	272.45001
6681	273.64001
6682	273.60001
6683	272.92999
6684	272.92999
6685	272.91
6686	272.91
6687	272.97
6688	273.07999
6689	273.16
6690	273.10001
6691	273.04001
6692	273.22
6693	273.20001
6694	273.20001
6695	273.17999
6696	273.10001
6697	272.78
6698	272.67999
6699	272.70001
6700	272.62
6701	272.67999
6702	272.57999
6703	272.60001
6704	272.60001
6705	272.73999
6706	272.95001
6707	273.07999
6708	273.10001
6709	273.10001
6710	272.85001
6711	272.64001
6712	272.64001
6713	272.53
6714	272.45001
6715	272.51001
6716	272.51001
6717	272.57999
6718	272.48999
6719	272.45001
6720	272.54999
6721	272.62
6722	272.60001
6723	272.57999
6724	273.14001
6725	273.62
6726	273.82999
6727	274.39001
6728	274.70999
6729	274.89999
6730	275.06
6731	275.42001
6732	275.60999
6733	275.73001
6734	276.13
6735	276.38
6736	277.01001
6737	277.29999
6738	277.79999
6739	278.07999
6740	278.28
6741	278.28
6742	279.06
6743	279.04001
6744	278.95001
6745	278.66
6746	278.67999
6747	278.79001
6748	278.79001
6749	278.95001
6750	279.14001
6751	279.17999
6752	279.10001
6753	278.85001
6754	279.01999
6755	279.01999
6756	279
6757	278.89001
6758	278.85001
6759	279.26999
6760	279.60001
6761	279.70999
6762	279.73001
6763	279.41
6764	279.37
6765	279.29001
6766	279.35001
6767	279.48001
6768	279.32999
6769	279.12
6770	278.66
6771	278.56
6772	278.85001
6773	279.32999
6774	279.32999
6775	279.37
6776	279.42999
6777	279.62
6778	279.31
6779	279.04001
6780	279.04001
6781	278.41
6782	278.17999
6783	278.14001
6784	278.10001
6785	278.26001
6786	278.39001
6787	278.39001
6788	278.47
6789	278.64001
6790	278.82999
6791	279.23001
6792	279.48001
6793	279.57999
6794	279.5
6795	278.92999
6796	278.64001
6797	278.54001
6798	278.54001
6799	278.92999
6800	279.07999
6801	279.16
6802	279.14001
6803	279.16
6804	279.14001
6805	278.97
6806	278.85001
6807	278.57999
6808	278.56
6809	278.62
6810	278.70001
6811	278.87
6812	279.12
6813	279.17999
6814	279.06
6815	279
6816	278.79001
6817	278.70001
6818	278.76999
6819	278.76999
6820	278.76999
6821	278.56
6822	278.48999
6823	278.79001
6824	279.10001
6825	279.12
6826	279.12
6827	278.89001
6828	278.95001
6829	278.97
6830	279.07999
6831	279.25
6832	279.23001
6833	279.17999
6834	279.07999
6835	279.23001
6836	279.16
6837	279.01999
6838	278.92999
6839	278.85001
6840	278.87
6841	279.14001
6842	279.17999
6843	279.25
6844	279.29001
6845	279.26999
6846	279.04001
6847	278.95001
6848	278.54001
6849	278.57999
6850	278.76999
6851	278.76999
6852	278.85001
6853	278.82999
6854	278.97
6855	279.23001
6856	279.32999
6857	279.29001
6858	279.29001
6859	279
6860	279.20001
6861	279.41
6862	279.37
6863	279.12
6864	279.14001
6865	279.01999
6866	278.85001
6867	278.82999
6868	278.97
6869	279.20001
6870	279.5
6871	279.51999
6872	279.66
6873	279.75
6874	279.89001
6875	280.12
6876	279.98001
6877	279.82999
6878	279.75
6879	279.64001
6880	279.70999
6881	279.85001
6882	279.70999
6883	279.62
6884	279.54001
6885	279.64001
6886	279.60001
6887	279.45999
6888	279.35001
6889	279.42999
6890	279.42999
6891	279.5
6892	279.42999
6893	279.45999
6894	279.5
6895	279.54001
6896	279.66
6897	279.66
6898	279.87
6899	279.37
6900	279
6901	278.64001
6902	278.73999
6903	278.89001
6904	278.91
6905	278.91
6906	278.76999
6907	278.39001
6908	277.87
6909	277.53
6910	277.34
6911	277.22
6912	276.98999
6913	276.88
6914	276.85999
6915	276.82001
6916	276.82001
6917	276.51001
6918	276.20999
6919	275.44
6920	274.25
6921	272.57999
6922	272.57999
6923	268.92001
6924	266.59
6925	265.48999
6926	263.60001
6927	262.26001
6928	261.41
6929	261.41
6930	260.78
6931	260.73999
6932	260.88
6933	261.16
6934	261.53
6935	262.12
6936	262.12
6937	263.39001
6938	264.10999
6939	264.44
6940	265.07001
6941	265.79999
6942	266.10999
6943	266.34
6944	267.03
6945	267.20001
6946	267.42999
6947	267.62
6948	267.82999
6949	268.25
6950	268.5
6951	269.14999
6952	269.38
6953	269.51999
6954	269.69
6955	269.85999
6956	270.32001
6957	270.39999
6958	270.42001
6959	270.38
6960	270.35999
6961	270.35999
6962	270.34
6963	270.5
6964	270.59
6965	270.76001
6966	270.70999
6967	270.84
6968	270.84
6969	270.95999
6970	271.03
6971	271.03
6972	271.13
6973	271.28
6974	271.35999
6975	271.45001
6976	271.59
6977	271.78
6978	271.85999
6979	271.82001
6980	271.79999
6981	271.76001
6982	271.79999
6983	271.92999
6984	272.01001
6985	272.04999
6986	271.98999
6987	271.97
6988	272.09
6989	272.09
6990	271.98999
6991	271.92999
6992	271.84
6993	271.84
6994	271.84
6995	271.78
6996	271.85999
6997	271.95001
6998	271.98999
6999	272.09
7000	272.09
7001	272.28
7002	272.34
7003	272.39001
7004	272.37
7005	272.37
7006	272.41
7007	272.41
7008	272.45001
7009	272.41
7010	272.39001
7011	272.26001
7012	272.16
7013	272.32001
7014	272.37
7015	272.66
7016	272.73999
7017	272.87
7018	272.87
7019	272.89001
7020	272.87
7021	272.92999
7022	272.95001
7023	272.87
7024	272.73999
7025	272.62
7026	272.54999
7027	272.51001
7028	272.42999
7029	272.29999
7030	272.26001
7031	272.28
7032	272.28
7033	272.34
7034	272.41
7035	272.34
7036	272.39001
7037	272.41
7038	272.60001
7039	272.60001
7040	272.72
7041	272.66
7042	272.64001
7043	272.48999
7044	272.41
7045	272.51001
7046	272.62
7047	273.01001
7048	272.98999
7049	272.98999
7050	273.06
7051	273.12
7052	273.04001
7053	273.01001
7054	272.87
7055	272.81
7056	272.76001
7057	272.62
7058	272.53
7059	272.54999
7060	272.72