1	332.1
2	332.1
3	331.99999
4	331.9
5	332.1
6	331.9
7	332.1
8	331.9
9	332.1
10	332.1
11	332.30001
12	332.1
13	332.1
14	332.1
15	332.19999
16	332.19999
17	331.9
18	332.19999
19	332.1
20	332.19999
21	332.1
22	331.99999
23	332.1
24	332.1
25	331.99999
26	331.9
27	332.39999
28	332.19999
29	332.1
30	332.1
31	332.19999
32	332.39999
33	332.1
34	332.30001
35	332.19999
36	332.19999
37	332.39999
38	332.1
39	332.1
40	332.1
41	332.1
42	331.99999
43	332.1
44	332.1
45	331.99999
46	332.1
47	332.1
48	332.19999
49	332.1
50	332.19999
51	332.1
52	332.1
53	332.1
54	331.99999
55	332.1
56	331.9
57	331.99999
58	331.80001
59	331.80001
60	332.1
61	331.99999
62	331.9
63	332.1
64	331.99999
65	331.80001
66	331.9
67	332.1
68	331.80001
69	331.80001
70	331.9
71	331.9
72	331.9
73	331.99999
74	331.9
75	332.1
76	331.99999
77	331.99999
78	331.9
79	332.1
80	331.99999
81	332.1
82	332.1
83	332.1
84	332.39999
85	332.19999
86	332.19999
87	332.1
88	332.19999
89	332.1
90	332.19999
91	332.1
92	331.99999
93	332.1
94	332.1
95	332.1
96	331.9
97	332.1
98	332.1
99	331.99999
100	331.60001
101	331.80001
102	331.60001
103	331.49999
104	331.7
105	331.49999
106	331.09999
107	330.90001
108	330.90001
109	331.09999
110	330.8
111	330.8
112	331.09999
113	331
114	331.49999
115	331.49999
116	331.49999
117	331.49999
118	331.80001
119	332.1
120	332.50001
121	332.70001
122	333.09999
123	333.09999
124	333.09999
125	333.40001
126	333.09999
127	333.09999
128	333
129	333.09999
130	333.40001
131	333.60001
132	333.7
133	333.60001
134	333.79999
135	333.7
136	333.7
137	333.60001
138	333.79999
139	333.7
140	333.7
141	333.7
142	333.9
143	333.99999
144	333.7
145	333.7
146	333.60001
147	333.7
148	333.5
149	333.7
150	333.7
151	333.79999
152	333.7
153	333.5
154	333.40001
155	333.29999
156	333.09999
157	333.29999
158	333.29999
159	333.09999
160	333.09999
161	333.40001
162	333.29999
163	333.09999
164	333.29999
165	333.40001
166	333.40001
167	333.40001
168	333.40001
169	333.40001
170	333.09999
171	333.09999
172	333.09999
173	332.89999
174	332.8
175	333.09999
176	333.20001
177	333.09999
178	333
179	332.8
180	333
181	332.8
182	333.09999
183	333.5
184	333.7
185	333.60001
186	334.10001
187	334.4
188	334.30001
189	334.30001
190	334.4
191	334.30001
192	333.9
193	333.7
194	333.40001
195	333.20001
196	333.09999
197	333.29999
198	333.40001
199	333.40001
200	333.40001
201	333.5
202	334.10001
203	333.9
204	334.10001
205	334.10001
206	334.10001
207	333.99999
208	333.9
209	334.10001
210	333.99999
211	333.7
212	333.99999
213	334.10001
214	334.10001
215	333.9
216	333.9
217	334.10001
218	333.7
219	333.60001
220	333.7
221	333.9
222	333.7
223	333.9
224	333.7
225	333.7
226	333.60001
227	333.40001
228	333.7
229	333.7
230	333.99999
231	333.99999
232	333.7
233	333.60001
234	333.60001
235	333.40001
236	333.40001
237	333.29999
238	333.20001
239	333.09999
240	333.40001
241	333.20001
242	333.29999
243	333.09999
244	333.60001
245	333.60001
246	333.9
247	333.79999
248	333.79999
249	333.79999
250	333.7
251	333.79999
252	333.79999
253	333.60001
254	333.5
255	333.09999
256	332.89999
257	332.8
258	333
259	333.09999
260	333.09999
261	332.8
262	333
263	333.09999
264	333.29999
265	333.40001
266	333.29999
267	333.5
268	333.7
269	333.79999
270	333.7
271	333.7
272	334.10001
273	333.7
274	333.40001
275	333.09999
276	333
277	332.8
278	332.50001
279	332.8
280	333.29999
281	333.40001
282	333.7
283	333.9
284	334.50001
285	334.6
286	334.69999
287	335.00001
288	334.89999
289	334.69999
290	333.5
291	331.60001
292	329.4
293	328.20001
294	325.70001
295	323.19999
296	321.1
297	320.2
298	318.6
299	317.99999
300	317.79999
301	317.60001
302	317.9
303	318.19999
304	318.4
305	319.00001
306	319.5
307	320.2
308	320.49999
309	321.1
310	321.79999
311	322.49999
312	322.80001
313	323.39999
314	324.09999
315	324.60001
316	324.80001
317	324.99999
318	325.70001
319	325.8
320	326.00001
321	326.3
322	326.7
323	326.79999
324	327.2
325	327.30001
326	327.2
327	327.4
328	327.69999
329	327.80001
330	327.89999
331	327.89999
332	328.3
333	328.59999
334	328.39999
335	328.59999
336	328.90001
337	328.79999
338	329
339	328.90001
340	329.10001
341	329.4
342	329.29999
343	329.29999
344	329.2
345	329.49999
346	329.4
347	329.4
348	329.2
349	329.29999
350	329.60001
351	329.4
352	329.49999
353	329.4
354	329.4
355	329.49999
356	329.80001
357	329.69999
358	329.69999
359	329.80001
360	329.69999
361	329.69999
362	330.1
363	329.9
364	329.9
365	329.9
366	329.9
367	330.00001
368	329.9
369	329.9
370	330.00001
371	329.9
372	330.00001
373	330.00001
374	330.1
375	330.1
376	330.19999
377	330.1
378	330.19999
379	330.19999
380	330.00001
381	330.00001
382	330.19999
383	330.19999
384	330.1
385	330.3
386	330.19999
387	330.19999
388	329.9
389	329.9
390	330.19999
391	330.00001
392	330.19999
393	330.19999
394	330.19999
395	330.19999
396	330.19999
397	330.1
398	330.19999
399	330.3
400	330.3
401	330.3
402	330.19999
403	330.19999
404	330.19999
405	330.1
406	330.19999
407	330.19999
408	330.19999
409	330.1
410	330.00001
411	330.19999
412	330.1
413	330.19999
414	330.00001
415	330.1
416	330.19999
417	330.19999
418	330.19999
419	330.3
420	330.19999
421	330.19999
422	330.19999
423	330.19999
424	330.19999
425	330.19999
426	330.3
427	330.19999
428	330.19999
429	330.19999
430	330.1
431	330.19999
432	330.19999
433	330.39999
434	330.19999
435	330.3
436	330.3
437	330.1
438	330.1
439	330.19999
440	330.1
441	330.19999
442	330.19999
443	330.3
444	330.19999
445	330.19999
446	330.3
447	330.50001
448	330.59999
449	330.3
450	330.3
451	330.50001
452	330.3
453	330.39999
454	330.19999
455	330.19999
456	330.19999
457	330.3
458	330.39999
459	330.1
460	330.1
461	330.19999
462	330.00001
463	330.1
464	329.9
465	329.69999
466	329.9
467	329.9
468	330.00001
469	330.00001
470	329.9
471	330.00001
472	329.9
473	329.9
474	330.19999
475	330.00001
476	330.19999
477	330.00001
478	330.00001
479	330.00001
480	330.00001
481	330.1
482	330.19999
483	330.19999
484	330.19999
485	330.3
486	330.1
487	330.39999
488	330.1
489	330.3
490	330.19999
491	330.1
492	330.19999
493	330.00001
494	330.19999
495	330.00001
496	330.00001
497	330.19999
498	330.1
499	330.19999
500	330.19999
501	330.00001
502	330.19999
503	330.00001
504	329.9
505	330.19999
506	330.1
507	330.19999
508	330.1
509	330.19999
510	330.19999
511	330.1
512	330.1
513	330.00001
514	330.1
515	330.19999
516	329.9
517	329.9
518	329.69999
519	329.69999
520	329.80001
521	329.9
522	329.9
523	329.80001
524	329.69999
525	329.9
526	329.9
527	329.9
528	329.9
529	329.9
530	329.9
531	329.9
532	329.9
533	329.60001
534	329.9
535	329.80001
536	329.9
537	329.9
538	330.00001
539	330.1
540	330.1
541	330.1
542	330.00001
543	330.1
544	329.9
545	330.00001
546	329.80001
547	330.00001
548	330.19999
549	330.19999
550	330.00001
551	329.9
552	330.00001
553	330.19999
554	330.19999
555	330.00001
556	330.00001
557	330.00001
558	330.19999
559	330.00001
560	330.1
561	330.00001
562	330.19999
563	330.19999
564	330.1
565	330.19999
566	329.9
567	330.00001
568	329.9
569	329.9
570	329.9
571	329.9
572	329.9
573	329.69999
574	329.49999
575	329.2
576	329.2
577	328.90001
578	328.79999
579	328.90001
580	328.90001
581	328.79999
582	328.59999
583	328.39999
584	328.70001
585	328.90001
586	329.10001
587	329.2
588	329.2
589	329.69999
590	330.1
591	330.19999
592	330.39999
593	330.39999
594	330.90001
595	331.09999
596	331.09999
597	331.29999
598	331.40001
599	331.49999
600	331.49999
601	331.29999
602	331.2
603	331.49999
604	331.49999
605	331.49999
606	331.7
607	331.60001
608	331.80001
609	331.60001
610	331.49999
611	331.49999
612	331.60001
613	331.49999
614	331.7
615	331.80001
616	331.7
617	331.80001
618	331.80001
619	331.49999
620	331.49999
621	331.7
622	331.9
623	331.80001
624	331.80001
625	331.49999
626	331.7
627	331.80001
628	331.7
629	331.49999
630	331.49999
631	331.60001
632	331.7
633	331.7
634	331.7
635	331.40001
636	331.29999
637	331.40001
638	331.49999
639	331.29999
640	331.2
641	331
642	330.8
643	331
644	330.90001
645	331.09999
646	331.2
647	331.29999
648	331.49999
649	331.49999
650	331.7
651	331.49999
652	331.7
653	331.80001
654	331.80001
655	331.80001
656	331.7
657	331.60001
658	331.29999
659	331.2
660	330.90001
661	331
662	331.49999
663	331.60001
664	331.49999
665	331.60001
666	331.80001
667	331.99999
668	331.80001
669	331.9
670	332.1
671	332.30001
672	332.30001
673	332.39999
674	332.19999
675	332.30001
676	332.1
677	332.1
678	332.1
679	331.80001
680	331.80001
681	331.60001
682	331.60001
683	331.7
684	331.49999
685	331.29999
686	331.40001
687	331.49999
688	331.49999
689	331.2
690	331.49999
691	331.49999
692	331.49999
693	331.60001
694	331.99999
695	331.9
696	331.80001
697	331.80001
698	332.1
699	332.1
700	332.19999
701	331.99999
702	331.80001
703	331.49999
704	331.7
705	331.80001
706	331.80001
707	331.7
708	331.7
709	331.80001
710	331.80001
711	331.9
712	332.1
713	332.1
714	331.80001
715	331.49999
716	331.09999
717	330.70001
718	330.50001
719	330.50001
720	330.39999
721	330.3
722	330.19999
723	330.39999
724	330.70001
725	330.8
726	330.90001
727	331.2
728	331
729	331.40001
730	331.2
731	331.29999
732	331.49999
733	331.29999
734	331.40001
735	331.2
736	331.09999
737	331.2
738	331.2
739	331
740	331.09999
741	331.09999
742	331
743	330.90001
744	331.2
745	331.09999
746	330.8
747	330.59999
748	330.59999
749	330.50001
750	330.39999
751	330.50001
752	330.59999
753	330.70001
754	331
755	331.49999
756	331.80001
757	331.99999
758	332.1
759	332.39999
760	332.70001
761	332.70001
762	332.1
763	331.40001
764	330.70001
765	328.59999
766	326.40001
767	323.90001
768	322.80001
769	320.2
770	318.4
771	317.09999
772	316.59999
773	315.9
774	315.69999
775	315.4
776	315.80001
777	316.39999
778	316.8
779	317.5
780	317.9
781	318.6
782	319.20001
783	319.90001
784	320.2
785	320.89999
786	321.20001
787	321.79999
788	322.10001
789	322.4
790	323.00001
791	323.19999
792	323.39999
793	323.90001
794	324.29999
795	324.40001
796	324.7
797	324.7
798	324.80001
799	324.99999
800	325.19999
801	325.50001
802	325.19999
803	324.80001
804	324.09999
805	324.09999
806	324.09999
807	324.2
808	324.60001
809	324.7
810	324.7
811	324.60001
812	324.80001
813	324.9
814	324.9
815	325.1
816	325.1
817	325.30001
818	325.39999
819	325.70001
820	325.39999
821	325.70001
822	325.70001
823	325.8
824	325.8
825	326.00001
826	326.00001
827	326.00001
828	326.00001
829	326.00001
830	326.09999
831	326.20001
832	325.89999
833	326.09999
834	326.00001
835	326.09999
836	326.09999
837	326.3
838	326.3
839	326.3
840	326.5
841	326.5
842	326.7
843	326.79999
844	326.59999
845	326.59999
846	326.7
847	326.7
848	326.59999
849	326.79999
850	326.99999
851	326.79999
852	326.99999
853	326.99999
854	326.90001
855	326.90001
856	327.2
857	326.99999
858	326.99999
859	326.99999
860	327.10001
861	326.90001
862	326.99999
863	326.90001
864	326.90001
865	326.99999
866	326.79999
867	326.90001
868	326.99999
869	326.99999
870	326.90001
871	327.10001
872	327.30001
873	326.99999
874	326.99999
875	327.2
876	327.2
877	326.99999
878	326.99999
879	327.2
880	326.99999
881	327.30001
882	327.10001
883	326.99999
884	327.2
885	327.30001
886	327.10001
887	327.30001
888	327.4
889	327.49999
890	327.6
891	327.6
892	327.49999
893	327.69999
894	327.6
895	327.49999
896	327.4
897	327.4
898	327.4
899	327.30001
900	327.49999
901	327.49999
902	327.49999
903	327.49999
904	327.30001
905	327.30001
906	327.30001
907	327.6
908	327.49999
909	327.6
910	327.6
911	327.49999
912	327.6
913	327.30001
914	327.4
915	327.30001
916	327.4
917	327.49999
918	327.4
919	327.6
920	327.6
921	327.4
922	327.6
923	327.6
924	327.4
925	327.49999
926	327.69999
927	327.49999
928	327.6
929	327.69999
930	327.6
931	327.80001
932	327.69999
933	327.49999
934	327.6
935	327.6
936	327.6
937	327.69999
938	327.69999
939	327.69999
940	327.6
941	327.69999
942	327.49999
943	327.89999
944	327.80001
945	327.6
946	327.6
947	327.69999
948	327.69999
949	327.69999
950	327.89999
951	327.6
952	327.6
953	327.6
954	327.69999
955	327.69999
956	327.89999
957	327.80001
958	327.6
959	327.80001
960	327.80001
961	327.6
962	327.89999
963	328.00001
964	327.80001
965	327.80001
966	327.89999
967	327.89999
968	328.00001
969	328.00001
970	328.00001
971	328.00001
972	327.89999
973	327.89999
974	327.89999
975	327.6
976	327.69999
977	327.80001
978	327.80001
979	327.6
980	327.89999
981	327.6
982	327.6
983	327.69999
984	327.89999
985	327.6
986	327.89999
987	327.69999
988	327.80001
989	327.69999
990	327.69999
991	327.89999
992	327.89999
993	327.6
994	327.69999
995	327.80001
996	327.89999
997	327.89999
998	327.69999
999	327.89999
1000	327.6
1001	327.80001
1002	327.69999
1003	327.6
1004	327.4
1005	327.49999
1006	327.49999
1007	327.49999
1008	327.49999
1009	327.6
1010	327.4
1011	327.30001
1012	327.49999
1013	327.6
1014	327.49999
1015	327.6
1016	327.69999
1017	327.6
1018	327.6
1019	327.69999
1020	327.89999
1021	327.80001
1022	327.6
1023	327.69999
1024	327.80001
1025	327.69999
1026	327.89999
1027	327.89999
1028	327.80001
1029	327.6
1030	327.6
1031	327.89999
1032	327.89999
1033	327.89999
1034	327.89999
1035	327.89999
1036	327.69999
1037	327.89999
1038	327.6
1039	327.89999
1040	327.89999
1041	327.80001
1042	327.6
1043	327.69999
1044	327.69999
1045	327.80001
1046	327.69999
1047	327.49999
1048	327.6
1049	327.4
1050	327.10001
1051	327.4
1052	327.30001
1053	327.30001
1054	327.4
1055	327.4
1056	327.4
1057	327.2
1058	327.2
1059	327.30001
1060	327.30001
1061	327.6
1062	328.3
1063	328.5
1064	328.5
1065	328.90001
1066	328.90001
1067	329.2
1068	328.90001
1069	329.49999
1070	329.60001
1071	329.69999
1072	329.9
1073	329.9
1074	329.69999
1075	329.80001
1076	329.4
1077	329.49999
1078	329.49999
1079	329.29999
1080	329.29999
1081	329.2
1082	329.2
1083	329.10001
1084	328.90001
1085	328.90001
1086	328.90001
1087	328.59999
1088	328.90001
1089	328.79999
1090	328.90001
1091	329.2
1092	329.4
1093	329.49999
1094	329.69999
1095	329.80001
1096	330.00001
1097	329.9
1098	329.80001
1099	329.9
1100	329.80001
1101	329.69999
1102	329.80001
1103	329.60001
1104	329.4
1105	329.49999
1106	329.69999
1107	330.1
1108	330.19999
1109	330.1
1110	329.9
1111	329.9
1112	329.9
1113	329.9
1114	330.00001
1115	329.9
1116	329.69999
1117	329.49999
1118	329.4
1119	329.2
1120	329.29999
1121	329.2
1122	329.49999
1123	329.49999
1124	329.49999
1125	329.4
1126	329.10001
1127	329.29999
1128	329.2
1129	329.2
1130	329.49999
1131	329.49999
1132	329.49999
1133	329.80001
1134	329.69999
1135	329.80001
1136	329.69999
1137	329.80001
1138	329.9
1139	329.9
1140	330.00001
1141	330.19999
1142	330.1
1143	330.3
1144	330.50001
1145	330.19999
1146	330.00001
1147	330.1
1148	329.9
1149	329.9
1150	329.60001
1151	329.69999
1152	329.49999
1153	329.60001
1154	329.60001
1155	329.9
1156	330.00001
1157	330.00001
1158	330.00001
1159	330.1
1160	329.9
1161	329.69999
1162	329.80001
1163	329.9
1164	329.9
1165	329.9
1166	330.00001
1167	330.00001
1168	329.9
1169	330.1
1170	329.80001
1171	329.80001
1172	329.60001
1173	329.9
1174	329.80001
1175	329.9
1176	330.00001
1177	330.3
1178	330.3
1179	330.70001
1180	330.50001
1181	330.39999
1182	330.50001
1183	330.50001
1184	330.50001
1185	330.8
1186	330.8
1187	330.39999
1188	330.19999
1189	329.80001
1190	329.49999
1191	329.60001
1192	329.60001
1193	329.49999
1194	329.2
1195	329.49999
1196	329.2
1197	329.4
1198	329.4
1199	329.4
1200	329.4
1201	329.49999
1202	329.9
1203	329.80001
1204	329.60001
1205	329.69999
1206	329.4
1207	329.49999
1208	329.29999
1209	329.2
1210	329.49999
1211	329.60001
1212	329.80001
1213	329.69999
1214	329.49999
1215	329.4
1216	329.29999
1217	329
1218	329.29999
1219	329.2
1220	329.2
1221	329.4
1222	329.10001
1223	329.2
1224	329.10001
1225	329.10001
1226	329.29999
1227	329.4
1228	329.4
1229	329.80001
1230	330.19999
1231	330.3
1232	330.50001
1233	330.59999
1234	330.50001
1235	330.50001
1236	330.19999
1237	329.4
1238	327.69999
1239	325.39999
1240	324.2
1241	321.59999
1242	319.09999
1243	316.8
1244	315.80001
1245	314.3
1246	313.2
1247	312.90001
1248	312.79999
1249	312.79999
1250	313.2
1251	313.69999
1252	314.39999
1253	315.29999
1254	315.9
1255	316.19999
1256	317
1257	317.60001
1258	318.4
1259	318.6
1260	319.20001
1261	319.7
1262	320.30001
1263	320.49999
1264	320.89999
1265	321.5
1266	321.79999
1267	321.79999
1268	322.29999
1269	322.4
1270	322.49999
1271	322.80001
1272	323.1
1273	323.39999
1274	323.39999
1275	323.39999
1276	323.90001
1277	323.90001
1278	324
1279	324.09999
1280	324.09999
1281	324.40001
1282	324.29999
1283	324.40001
1284	324.40001
1285	324.40001
1286	324.60001
1287	324.60001
1288	324.60001
1289	324.7
1290	324.80001
1291	324.99999
1292	324.9
1293	324.99999
1294	325.19999
1295	325.19999
1296	325.19999
1297	325.19999
1298	325.30001
1299	325.6
1300	325.39999
1301	325.39999
1302	325.6
1303	325.6
1304	325.70001
1305	325.50001
1306	325.39999
1307	325.70001
1308	325.6
1309	325.6
1310	325.70001
1311	325.50001
1312	325.70001
1313	325.70001
1314	325.70001
1315	325.89999
1316	325.6
1317	325.70001
1318	325.70001
1319	325.70001
1320	325.70001
1321	325.89999
1322	325.6
1323	325.8
1324	325.89999
1325	325.8
1326	325.70001
1327	325.89999
1328	326.00001
1329	326.00001
1330	326.09999
1331	326.20001
1332	326.09999
1333	326.20001
1334	326.00001
1335	326.09999
1336	326.09999
1337	326.00001
1338	326.00001
1339	326.00001
1340	326.00001
1341	326.3
1342	326.09999
1343	326.09999
1344	326.20001
1345	326.09999
1346	326.3
1347	326.09999
1348	326.3
1349	326.09999
1350	326.09999
1351	326.3
1352	326.3
1353	326.20001
1354	326.09999
1355	326.20001
1356	326.3
1357	326.3
1358	326.3
1359	326.3
1360	326.09999
1361	326.3
1362	326.5
1363	326.3
1364	326.40001
1365	326.00001
1366	326.20001
1367	326.3
1368	326.40001
1369	326.3
1370	326.3
1371	326.3
1372	326.3
1373	326.3
1374	326.3
1375	326.20001
1376	326.3
1377	326.09999
1378	326.3
1379	326.20001
1380	326.3
1381	326.3
1382	326.3
1383	326.3
1384	326.00001
1385	326.20001
1386	326.20001
1387	326.40001
1388	326.3
1389	326.3
1390	326.40001
1391	326.3
1392	326.40001
1393	326.40001
1394	326.40001
1395	326.40001
1396	326.40001
1397	326.40001
1398	326.3
1399	326.5
1400	326.3
1401	326.40001
1402	326.3
1403	326.3
1404	326.5
1405	326.40001
1406	326.3
1407	326.3
1408	326.09999
1409	326.3
1410	326.20001
1411	326.20001
1412	326.3
1413	326.3
1414	326.00001
1415	326.3
1416	326.00001
1417	326.3
1418	326.00001
1419	326.09999
1420	326.09999
1421	326.00001
1422	325.89999
1423	326.00001
1424	326.20001
1425	325.89999
1426	325.89999
1427	326.3
1428	326.3
1429	326.00001
1430	326.09999
1431	326.00001
1432	326.00001
1433	325.70001
1434	325.70001
1435	325.70001
1436	325.89999
1437	325.70001
1438	326.00001
1439	326.00001
1440	326.20001
1441	326.00001
1442	326.09999
1443	326.00001
1444	326.3
1445	326.09999
1446	326.3
1447	326.20001
1448	326.40001
1449	326.3
1450	326.00001
1451	326.09999
1452	326.20001
1453	326.00001
1454	326.00001
1455	325.89999
1456	326.00001
1457	326.09999
1458	326.09999
1459	326.00001
1460	326.00001
1461	326.00001
1462	326.00001
1463	326.00001
1464	326.00001
1465	326.09999
1466	326.00001
1467	326.00001
1468	326.00001
1469	326.09999
1470	326.00001
1471	326.00001
1472	326.00001
1473	326.00001
1474	326.00001
1475	326.00001
1476	325.89999
1477	326.00001
1478	326.00001
1479	326.20001
1480	326.00001
1481	326.09999
1482	326.00001
1483	326.3
1484	326.20001
1485	326.00001
1486	326.09999
1487	326.00001
1488	326.3
1489	326.20001
1490	326.3
1491	326.20001
1492	326.20001
1493	326.3
1494	326.00001
1495	326.20001
1496	326.3
1497	326.3
1498	326.09999
1499	326.09999
1500	326.00001
1501	326.3
1502	326.3
1503	326.3
1504	326.20001
1505	326.20001
1506	326.3
1507	326.3
1508	326.3
1509	326.00001
1510	326.40001
1511	326.40001
1512	326.3
1513	326.09999
1514	326.20001
1515	326.20001
1516	326.3
1517	326.20001
1518	326.20001
1519	326.3
1520	326.00001
1521	325.8
1522	325.6
1523	325.70001
1524	325.39999
1525	325.19999
1526	325.19999
1527	325.39999
1528	325.50001
1529	325.39999
1530	325.50001
1531	325.6
1532	325.70001
1533	325.70001
1534	326.00001
1535	326.00001
1536	326.40001
1537	326.40001
1538	326.40001
1539	326.40001
1540	326.7
1541	326.99999
1542	327.30001
1543	327.6
1544	327.69999
1545	327.89999
1546	327.6
1547	327.89999
1548	327.89999
1549	328.1
1550	328.20001
1551	328.3
1552	328.39999
1553	328.00001
1554	327.89999
1555	327.6
1556	327.69999
1557	328.00001
1558	328.00001
1559	328.1
1560	327.89999
1561	327.89999
1562	327.80001
1563	328.1
1564	328.3
1565	328.59999
1566	328.59999
1567	328.79999
1568	328.70001
1569	328.90001
1570	328.59999
1571	328.5
1572	328.5
1573	328.59999
1574	328.5
1575	328.5
1576	328.70001
1577	328.59999
1578	328.70001
1579	328.90001
1580	328.90001
1581	328.90001
1582	328.59999
1583	328.70001
1584	328.90001
1585	328.90001
1586	329
1587	328.90001
1588	329
1589	328.70001
1590	328.90001
1591	328.70001
1592	328.70001
1593	328.70001
1594	328.59999
1595	328.70001
1596	328.79999
1597	328.90001
1598	328.70001
1599	328.59999
1600	328.5
1601	328.59999
1602	328.70001
1603	328.90001
1604	328.90001
1605	328.79999
1606	328.59999
1607	328.3
1608	328.3
1609	327.89999
1610	327.89999
1611	328.1
1612	328.20001
1613	328.00001
1614	328.20001
1615	328.3
1616	328.5
1617	328.90001
1618	328.79999
1619	328.79999
1620	328.79999
1621	328.90001
1622	328.90001
1623	328.79999
1624	328.90001
1625	328.59999
1626	328.3
1627	328.20001
1628	328.00001
1629	328.1
1630	328.00001
1631	328.20001
1632	328.1
1633	328.1
1634	328.1
1635	328.3
1636	328.39999
1637	328.70001
1638	328.59999
1639	328.5
1640	328.39999
1641	328.5
1642	328.3
1643	328.20001
1644	327.89999
1645	328.00001
1646	328.00001
1647	328.20001
1648	328.1
1649	328.00001
1650	327.89999
1651	328.00001
1652	328.3
1653	328.59999
1654	328.59999
1655	328.79999
1656	329.10001
1657	329
1658	329
1659	328.59999
1660	328.3
1661	328.00001
1662	328.20001
1663	328.3
1664	328.39999
1665	328.39999
1666	328.39999
1667	328.59999
1668	328.90001
1669	328.79999
1670	328.59999
1671	328.59999
1672	328.79999
1673	328.5
1674	329.2
1675	329
1676	328.79999
1677	328.79999
1678	328.3
1679	328.00001
1680	328.1
1681	328.00001
1682	327.6
1683	327.4
1684	327.2
1685	327.30001
1686	327.49999
1687	327.80001
1688	327.6
1689	327.69999
1690	327.89999
1691	327.89999
1692	328.1
1693	328.1
1694	328.20001
1695	328.3
1696	328.3
1697	327.80001
1698	327.89999
1699	327.89999
1700	328.1
1701	328.39999
1702	328.59999
1703	328.90001
1704	329.2
1705	329.4
1706	329.60001
1707	329.9
1708	330.00001
1709	329.49999
1710	328.59999
1711	328.1
1712	326.20001
1713	323.90001
1714	321.39999
1715	319.90001
1716	317.20001
1717	315.29999
1718	313.6
1719	313.10001
1720	312.20001
1721	312.00001
1722	311.89999
1723	312.20001
1724	312.5
1725	313.30001
1726	313.80001
1727	314.1
1728	314.79999
1729	315.80001
1730	316.00001
1731	316.70001
1732	317.40001
1733	317.9
1734	318.4
1735	319.20001
1736	319.5
1737	320.10001
1738	320.4
1739	320.69999
1740	321.1
1741	321.39999
1742	321.39999
1743	321.90001
1744	322.10001
1745	322.49999
1746	322.60001
1747	322.49999
1748	322.80001
1749	322.9
1750	322.9
1751	323.3
1752	323.3
1753	323.39999
1754	323.50001
1755	323.70001
1756	323.50001
1757	323.70001
1758	324
1759	324.2
1760	324.09999
1761	324.09999
1762	324.09999
1763	324.2
1764	324.2
1765	324.29999
1766	324.40001
1767	324.40001
1768	324.7
1769	324.7
1770	324.60001
1771	324.7
1772	324.7
1773	324.9
1774	324.7
1775	324.80001
1776	324.9
1777	324.80001
1778	324.80001
1779	324.9
1780	324.9
1781	324.99999
1782	324.99999
1783	324.99999
1784	324.9
1785	324.7
1786	324.80001
1787	325.1
1788	324.99999
1789	324.99999
1790	325.1
1791	325.30001
1792	325.19999
1793	325.30001
1794	325.19999
1795	325.30001
1796	325.19999
1797	325.19999
1798	325.30001
1799	325.19999
1800	325.39999
1801	325.39999
1802	325.39999
1803	325.39999
1804	325.50001
1805	325.39999
1806	325.30001
1807	325.30001
1808	325.39999
1809	325.50001
1810	325.39999
1811	325.39999
1812	325.39999
1813	325.30001
1814	325.39999
1815	325.30001
1816	325.30001
1817	325.19999
1818	324.99999
1819	325.19999
1820	325.30001
1821	325.19999
1822	325.1
1823	325.1
1824	325.19999
1825	325.19999
1826	325.19999
1827	325.19999
1828	325.30001
1829	325.19999
1830	325.30001
1831	325.39999
1832	325.39999
1833	325.30001
1834	325.50001
1835	325.1
1836	325.19999
1837	325.30001
1838	325.1
1839	325.1
1840	325.19999
1841	325.19999
1842	325.19999
1843	325.1
1844	325.1
1845	325.1
1846	325.1
1847	324.99999
1848	325.1
1849	325.19999
1850	324.99999
1851	324.99999
1852	324.99999
1853	324.99999
1854	324.99999
1855	324.99999
1856	324.99999
1857	324.99999
1858	325.19999
1859	324.99999
1860	325.1
1861	325.1
1862	324.99999
1863	324.80001
1864	324.99999
1865	324.99999
1866	324.99999
1867	324.99999
1868	324.99999
1869	324.99999
1870	325.19999
1871	325.19999
1872	325.19999
1873	325.19999
1874	325.30001
1875	325.39999
1876	325.1
1877	325.19999
1878	325.19999
1879	324.99999
1880	324.99999
1881	324.9
1882	325.1
1883	325.1
1884	324.99999
1885	324.99999
1886	325.30001
1887	325.1
1888	324.99999
1889	325.1
1890	324.80001
1891	324.80001
1892	324.99999
1893	324.80001
1894	324.9
1895	324.99999
1896	324.9
1897	324.99999
1898	324.99999
1899	324.99999
1900	325.30001
1901	324.99999
1902	324.99999
1903	325.39999
1904	325.30001
1905	324.99999
1906	325.30001
1907	324.99999
1908	325.1
1909	325.1
1910	325.39999
1911	325.39999
1912	325.50001
1913	325.19999
1914	324.99999
1915	325.1
1916	325.30001
1917	325.1
1918	324.9
1919	325.1
1920	325.1
1921	325.30001
1922	324.99999
1923	324.99999
1924	325.1
1925	325.19999
1926	325.30001
1927	325.19999
1928	325.30001
1929	325.30001
1930	325.39999
1931	325.19999
1932	325.1
1933	325.30001
1934	325.39999
1935	325.39999
1936	325.39999
1937	325.50001
1938	325.30001
1939	325.39999
1940	325.39999
1941	325.30001
1942	325.30001
1943	325.39999
1944	325.19999
1945	325.39999
1946	325.39999
1947	325.30001
1948	325.19999
1949	325.30001
1950	325.39999
1951	325.39999
1952	325.1
1953	324.99999
1954	325.1
1955	325.30001
1956	325.30001
1957	325.30001
1958	325.19999
1959	324.99999
1960	325.19999
1961	325.30001
1962	324.99999
1963	325.1
1964	325.1
1965	325.30001
1966	325.30001
1967	325.19999
1968	325.19999
1969	325.39999
1970	325.6
1971	325.39999
1972	325.39999
1973	325.39999
1974	325.6
1975	325.6
1976	325.50001
1977	325.39999
1978	325.39999
1979	325.39999
1980	325.50001
1981	325.50001
1982	325.6
1983	325.50001
1984	325.50001
1985	325.70001
1986	325.39999
1987	325.50001
1988	325.39999
1989	325.70001
1990	325.70001
1991	325.6
1992	325.50001
1993	325.6
1994	325.50001
1995	325.19999
1996	324.80001
1997	324.49999
1998	324.40001
1999	324.40001
2000	324.29999
2001	323.8
2002	323.8
2003	323.8
2004	324
2005	324.2
2006	324.2
2007	324.40001
2008	324.29999
2009	324.7
2010	324.9
2011	325.30001
2012	325.70001
2013	326.00001
2014	326.09999
2015	326.3
2016	326.5
2017	326.90001
2018	327.10001
2019	327.2
2020	326.99999
2021	326.99999
2022	327.10001
2023	327.30001
2024	327.49999
2025	327.6
2026	327.6
2027	327.89999
2028	327.80001
2029	327.80001
2030	327.89999
2031	328.00001
2032	327.89999
2033	327.89999
2034	327.6
2035	326.99999
2036	327.10001
2037	326.99999
2038	326.99999
2039	327.10001
2040	327.2
2041	327.2
2042	327.49999
2043	327.4
2044	327.30001
2045	327.30001
2046	327.2
2047	327.10001
2048	326.99999
2049	327.30001
2050	327.6
2051	327.6
2052	327.4
2053	327.30001
2054	327.49999
2055	327.49999
2056	327.4
2057	327.2
2058	327.30001
2059	327.49999
2060	327.4
2061	327.4
2062	327.6
2063	327.49999
2064	327.6
2065	327.30001
2066	327.49999
2067	327.6
2068	327.6
2069	327.30001
2070	327.30001
2071	327.30001
2072	327.10001
2073	327.30001
2074	327.30001
2075	327.30001
2076	327.4
2077	327.49999
2078	327.6
2079	327.6
2080	327.89999
2081	327.89999
2082	328.1
2083	327.89999
2084	327.89999
2085	328.1
2086	327.89999
2087	327.69999
2088	327.49999
2089	327.30001
2090	327.30001
2091	327.4
2092	327.49999
2093	327.6
2094	327.80001
2095	327.6
2096	327.49999
2097	327.4
2098	327.4
2099	327.4
2100	327.4
2101	327.6
2102	327.30001
2103	326.99999
2104	326.79999
2105	326.90001
2106	326.99999
2107	327.2
2108	327.49999
2109	327.80001
2110	327.69999
2111	328.00001
2112	327.69999
2113	327.49999
2114	327.2
2115	327.10001
2116	327.10001
2117	327.30001
2118	327.30001
2119	327.4
2120	327.6
2121	327.6
2122	327.89999
2123	328.1
2124	328.00001
2125	328.1
2126	328.1
2127	328.1
2128	328.20001
2129	327.89999
2130	328.1
2131	327.89999
2132	328.00001
2133	328.00001
2134	328.1
2135	328.39999
2136	328.59999
2137	328.59999
2138	328.5
2139	328.5
2140	328.39999
2141	328.39999
2142	328.3
2143	328.3
2144	328.79999
2145	328.59999
2146	328.3
2147	328.1
2148	328.00001
2149	328.3
2150	328.00001
2151	328.1
2152	328.1
2153	328.39999
2154	328.5
2155	328.59999
2156	328.5
2157	328.39999
2158	328.59999
2159	328.39999
2160	328.3
2161	328.20001
2162	328.1
2163	328.3
2164	328.3
2165	328.1
2166	328.3
2167	328.59999
2168	328.59999
2169	328.39999
2170	328.3
2171	328.1
2172	328.00001
2173	328.20001
2174	328.3
2175	328.3
2176	328.59999
2177	329.2
2178	329.2
2179	329.49999
2180	329.49999
2181	329.80001
2182	329.49999
2183	329
2184	327.6
2185	325.39999
2186	322.80001
2187	321.59999
2188	319.00001
2189	316.59999
2190	315.4
2191	313.6
2192	312.40001
2193	311.50001
2194	311.30001
2195	311.19999
2196	311.50001
2197	311.89999
2198	312.3
2199	313.10001
2200	313.80001
2201	314.5
2202	314.90001
2203	315.9
2204	316.70001
2205	317.29999
2206	317.60001
2207	318.30001
2208	318.89999
2209	319.40001
2210	319.79999
2211	320.2
2212	320.4
2213	320.69999
2214	321.20001
2215	321.59999
2216	321.79999
2217	321.79999
2218	322.2
2219	322.69999
2220	322.49999
2221	322.80001
2222	323.1
2223	323.1
2224	323.3
2225	323.19999
2226	323.39999
2227	323.50001
2228	323.50001
2229	323.59999
2230	323.59999
2231	323.8
2232	323.90001
2233	324
2234	324.09999
2235	324.09999
2236	324
2237	324.09999
2238	324.40001
2239	324.40001
2240	324.49999
2241	324.49999
2242	324.60001
2243	324.7
2244	324.7
2245	324.80001
2246	324.9
2247	324.80001
2248	324.7
2249	324.7
2250	324.9
2251	324.7
2252	324.7
2253	324.7
2254	324.9
2255	324.80001
2256	324.9
2257	324.7
2258	324.9
2259	324.99999
2260	324.80001
2261	324.9
2262	324.99999
2263	325.1
2264	324.99999
2265	324.99999
2266	325.1
2267	325.1
2268	324.99999
2269	324.99999
2270	325.19999
2271	325.1
2272	325.19999
2273	325.1
2274	325.30001
2275	325.39999
2276	325.1
2277	325.30001
2278	325.19999
2279	325.30001
2280	325.30001
2281	325.19999
2282	325.30001
2283	325.39999
2284	325.39999
2285	325.39999
2286	325.6
2287	325.39999
2288	325.50001
2289	325.6
2290	325.50001
2291	325.50001
2292	325.6
2293	325.70001
2294	325.39999
2295	325.39999
2296	325.30001
2297	325.39999
2298	325.39999
2299	325.39999
2300	325.50001
2301	325.39999
2302	325.39999
2303	325.39999
2304	325.39999
2305	325.39999
2306	325.39999
2307	325.39999
2308	325.39999
2309	325.1
2310	325.19999
2311	325.39999
2312	325.39999
2313	325.39999
2314	325.30001
2315	325.39999
2316	325.6
2317	325.50001
2318	325.39999
2319	325.39999
2320	325.39999
2321	325.30001
2322	325.39999
2323	325.39999
2324	325.39999
2325	325.30001
2326	325.39999
2327	325.39999
2328	325.39999
2329	325.39999
2330	325.39999
2331	325.39999
2332	325.30001
2333	325.39999
2334	325.19999
2335	325.30001
2336	325.39999
2337	325.19999
2338	325.19999
2339	325.1
2340	325.1
2341	325.19999
2342	324.99999
2343	325.19999
2344	325.1
2345	325.19999
2346	325.19999
2347	325.19999
2348	324.99999
2349	324.9
2350	324.99999
2351	325.1
2352	324.99999
2353	324.99999
2354	324.99999
2355	324.9
2356	324.99999
2357	324.7
2358	324.80001
2359	324.9
2360	324.9
2361	324.80001
2362	324.99999
2363	324.99999
2364	324.99999
2365	324.9
2366	324.99999
2367	324.99999
2368	324.9
2369	324.99999
2370	324.7
2371	324.7
2372	324.99999
2373	324.80001
2374	324.7
2375	324.9
2376	324.7
2377	324.7
2378	324.7
2379	324.7
2380	324.7
2381	324.7
2382	324.60001
2383	324.7
2384	324.80001
2385	324.7
2386	324.7
2387	324.7
2388	324.80001
2389	324.60001
2390	324.49999
2391	324.60001
2392	324.40001
2393	324.40001
2394	324.60001
2395	324.60001
2396	324.49999
2397	324.60001
2398	324.7
2399	324.49999
2400	324.40001
2401	324.40001
2402	324.40001
2403	324.49999
2404	324.40001
2405	324.40001
2406	324.60001
2407	324.40001
2408	324.29999
2409	324.29999
2410	324.40001
2411	324.2
2412	324.40001
2413	324.40001
2414	324.40001
2415	324.29999
2416	324.40001
2417	324.40001
2418	324.2
2419	324.49999
2420	324.29999
2421	324.2
2422	324.49999
2423	324.49999
2424	324.49999
2425	324.60001
2426	324.40001
2427	324.29999
2428	324.40001
2429	324.2
2430	324.40001
2431	324.40001
2432	324.40001
2433	324.09999
2434	324.09999
2435	324.09999
2436	324.09999
2437	324.2
2438	324.29999
2439	324.29999
2440	324.29999
2441	324.09999
2442	324.29999
2443	324.2
2444	324.09999
2445	324.29999
2446	324.09999
2447	324
2448	324.09999
2449	324.09999
2450	324.09999
2451	324.2
2452	324
2453	324.09999
2454	324.09999
2455	324
2456	324.09999
2457	324.09999
2458	324.09999
2459	324.09999
2460	324
2461	324.09999
2462	324.09999
2463	324.09999
2464	324.2
2465	324.09999
2466	324.29999
2467	324
2468	323.70001
2469	323.3
2470	322.80001
2471	323.00001
2472	323.00001
2473	322.9
2474	322.9
2475	323.1
2476	323.1
2477	323.39999
2478	323.59999
2479	323.8
2480	324.09999
2481	324.40001
2482	324.49999
2483	324.7
2484	325.1
2485	324.80001
2486	324.7
2487	324.7
2488	324.9
2489	325.1
2490	325.19999
2491	325.6
2492	325.50001
2493	325.50001
2494	325.39999
2495	325.70001
2496	325.8
2497	325.89999
2498	325.70001
2499	325.70001
2500	325.50001
2501	325.39999
2502	325.70001
2503	325.70001
2504	325.6
2505	325.8
2506	325.70001
2507	325.8
2508	326.00001
2509	325.89999
2510	325.89999
2511	325.89999
2512	325.89999
2513	325.8
2514	325.89999
2515	325.8
2516	325.8
2517	326.00001
2518	325.8
2519	325.50001
2520	325.39999
2521	325.50001
2522	325.6
2523	325.8
2524	325.70001
2525	325.70001
2526	325.70001
2527	325.50001
2528	325.6
2529	325.70001
2530	325.8
2531	326.00001
2532	325.8
2533	325.70001
2534	325.70001
2535	325.70001
2536	325.70001
2537	325.8
2538	325.70001
2539	325.6
2540	326.00001
2541	326.00001
2542	326.00001
2543	326.00001
2544	326.00001
2545	326.20001
2546	326.40001
2547	326.59999
2548	326.5
2549	326.5
2550	326.3
2551	326.40001
2552	326.3
2553	326.3
2554	326.20001
2555	326.20001
2556	325.89999
2557	326.00001
2558	326.00001
2559	326.00001
2560	326.3
2561	326.09999
2562	326.00001
2563	326.3
2564	326.40001
2565	326.5
2566	326.3
2567	326.40001
2568	326.7
2569	326.3
2570	326.20001
2571	326.3
2572	326.3
2573	326.40001
2574	326.5
2575	326.40001
2576	326.59999
2577	326.3
2578	326.09999
2579	326.20001
2580	326.00001
2581	326.00001
2582	326.20001
2583	326.20001
2584	326.40001
2585	326.59999
2586	326.20001
2587	326.3
2588	326.09999
2589	326.00001
2590	326.09999
2591	326.00001
2592	325.8
2593	325.70001
2594	325.39999
2595	325.50001
2596	325.19999
2597	325.1
2598	325.30001
2599	325.39999
2600	325.30001
2601	325.39999
2602	325.1
2603	325.30001
2604	325.1
2605	324.99999
2606	325.30001
2607	325.19999
2608	325.30001
2609	325.39999
2610	325.6
2611	325.70001
2612	325.89999
2613	325.30001
2614	324.99999
2615	324.9
2616	324.99999
2617	325.39999
2618	325.19999
2619	325.39999
2620	325.39999
2621	325.6
2622	325.89999
2623	325.89999
2624	326.00001
2625	326.09999
2626	325.70001
2627	325.8
2628	325.8
2629	325.6
2630	325.8
2631	325.8
2632	325.8
2633	325.89999
2634	326.00001
2635	326.20001
2636	326.00001
2637	325.89999
2638	325.50001
2639	325.70001
2640	325.6
2641	325.6
2642	325.39999
2643	325.50001
2644	325.30001
2645	325.39999
2646	325.6
2647	325.30001
2648	325.50001
2649	325.70001
2650	326.00001
2651	326.00001
2652	326.3
2653	326.59999
2654	326.79999
2655	326.59999
2656	326.3
2657	325.70001
2658	324.7
2659	322.49999
2660	319.90001
2661	317.09999
2662	315.80001
2663	313.80001
2664	312.00001
2665	310.60001
2666	310.20001
2667	309.39999
2668	309.30001
2669	309.30001
2670	309.6
2671	310.20001
2672	310.79999
2673	311.50001
2674	311.8
2675	312.79999
2676	313.4
2677	313.80001
2678	314.59999
2679	315.10001
2680	315.69999
2681	316.00001
2682	316.70001
2683	317.20001
2684	317.60001
2685	317.99999
2686	318.10001
2687	318.69999
2688	318.8
2689	318.89999
2690	319.20001
2691	319.59999
2692	319.59999
2693	319.5
2694	319.79999
2695	319.90001
2696	319.99999
2697	320.2
2698	320.30001
2699	320.30001
2700	320.49999
2701	320.6
2702	320.80001
2703	320.69999
2704	320.69999
2705	320.89999
2706	320.89999
2707	321.00001
2708	321.00001
2709	321.20001
2710	321.3
2711	321.5
2712	321.5
2713	321.70001
2714	321.70001
2715	321.70001
2716	321.79999
2717	321.79999
2718	321.59999
2719	321.90001
2720	321.79999
2721	321.79999
2722	322
2723	322
2724	321.70001
2725	321.79999
2726	321.90001
2727	321.79999
2728	321.79999
2729	322.10001
2730	322
2731	322
2732	321.79999
2733	322
2734	321.90001
2735	322
2736	322.2
2737	322.10001
2738	322.2
2739	322.2
2740	322.10001
2741	322.10001
2742	322.2
2743	322.2
2744	322.2
2745	322.2
2746	322.29999
2747	322.2
2748	322.2
2749	322.2
2750	322.10001
2751	322.29999
2752	322.2
2753	322.10001
2754	322.4
2755	322.2
2756	322.10001
2757	322.10001
2758	322.10001
2759	322
2760	322.10001
2761	322.2
2762	322.29999
2763	322.29999
2764	322.29999
2765	322.10001
2766	322.10001
2767	322.10001
2768	322.10001
2769	322.29999
2770	322.49999
2771	322.2
2772	322.29999
2773	322.4
2774	322.49999
2775	322.29999
2776	322.10001
2777	322.2
2778	322.4
2779	322.29999
2780	322.4
2781	322.4
2782	322.4
2783	322.10001
2784	322.49999
2785	322.49999
2786	322.49999
2787	322.49999
2788	322.49999
2789	322.60001
2790	322.4
2791	322.29999
2792	322.49999
2793	322.49999
2794	322.29999
2795	322.4
2796	322.49999
2797	321.90001
2798	320.49999
2799	319.90001
2800	319.90001
2801	319.99999
2802	320.2
2803	320.6
2804	320.69999
2805	321.00001
2806	321.20001
2807	321.5
2808	321.70001
2809	321.70001
2810	322
2811	322.10001
2812	322.10001
2813	322.10001
2814	322.2
2815	322.29999
2816	322.49999
2817	322.2
2818	322.29999
2819	322.2
2820	322.10001
2821	322.10001
2822	322.2
2823	322.10001
2824	322
2825	322.2
2826	322.10001
2827	322.2
2828	322.2
2829	322.2
2830	322.2
2831	322.29999
2832	322.29999
2833	322.10001
2834	322.10001
2835	322.10001
2836	321.79999
2837	322.10001
2838	322
2839	321.79999
2840	321.90001
2841	321.90001
2842	321.90001
2843	321.59999
2844	321.59999
2845	321.59999
2846	321.70001
2847	321.59999
2848	321.5
2849	321.59999
2850	321.5
2851	321.5
2852	321.5
2853	321.59999
2854	321.59999
2855	321.59999
2856	321.79999
2857	321.70001
2858	321.59999
2859	321.59999
2860	321.70001
2861	321.79999
2862	321.70001
2863	321.59999
2864	321.79999
2865	321.79999
2866	321.70001
2867	322
2868	322
2869	321.90001
2870	322
2871	322
2872	322.10001
2873	321.90001
2874	322.10001
2875	322.10001
2876	322.2
2877	322.2
2878	322.10001
2879	322.10001
2880	322.10001
2881	322.10001
2882	322.10001
2883	322.4
2884	322.4
2885	322.4
2886	322.49999
2887	322.49999
2888	322.60001
2889	322.4
2890	322.60001
2891	322.49999
2892	322.49999
2893	322.49999
2894	322.60001
2895	322.60001
2896	322.69999
2897	322.49999
2898	322.80001
2899	322.80001
2900	322.80001
2901	322.69999
2902	322.69999
2903	322.80001
2904	322.80001
2905	322.49999
2906	322.80001
2907	322.80001
2908	323.1
2909	322.9
2910	323.00001
2911	323.00001
2912	322.80001
2913	322.69999
2914	322.9
2915	322.80001
2916	323.00001
2917	322.9
2918	323.1
2919	323.1
2920	323.1
2921	323.00001
2922	323.19999
2923	323.1
2924	323.3
2925	323.1
2926	323.1
2927	323.3
2928	323.1
2929	323.3
2930	323.3
2931	323.1
2932	323.19999
2933	323.39999
2934	323.19999
2935	323.3
2936	323.19999
2937	323.3
2938	323.19999
2939	323.1
2940	322.80001
2941	322.69999
2942	322.49999
2943	322.49999
2944	322.29999
2945	322.10001
2946	322.10001
2947	322.10001
2948	322.4
2949	322.4
2950	322.29999
2951	322.69999
2952	323.3
2953	323.50001
2954	323.70001
2955	324
2956	324.29999
2957	324.40001
2958	324.60001
2959	324.9
2960	324.99999
2961	324.99999
2962	324.99999
2963	324.99999
2964	325.30001
2965	325.70001
2966	325.6
2967	325.8
2968	326.00001
2969	326.00001
2970	326.20001
2971	326.20001
2972	326.00001
2973	325.8
2974	325.89999
2975	326.09999
2976	326.00001
2977	326.3
2978	326.09999
2979	326.00001
2980	325.8
2981	325.39999
2982	325.19999
2983	325.6
2984	325.70001
2985	325.70001
2986	325.50001
2987	325.50001
2988	325.30001
2989	325.39999
2990	325.39999
2991	325.39999
2992	325.50001
2993	325.6
2994	325.70001
2995	325.70001
2996	325.6
2997	325.70001
2998	325.89999
2999	326.00001
3000	325.70001
3001	326.09999
3002	326.09999
3003	326.09999
3004	326.00001
3005	326.09999
3006	326.09999
3007	326.20001
3008	326.09999
3009	326.3
3010	326.20001
3011	326.3
3012	326.3
3013	326.59999
3014	326.7
3015	326.7
3016	326.20001
3017	326.00001
3018	325.8
3019	325.8
3020	325.6
3021	325.8
3022	325.70001
3023	325.6
3024	325.70001
3025	326.09999
3026	326.3
3027	326.3
3028	326.5
3029	326.5
3030	326.7
3031	326.59999
3032	326.7
3033	326.59999
3034	326.59999
3035	326.3
3036	326.40001
3037	326.59999
3038	326.7
3039	326.90001
3040	327.10001
3041	327.10001
3042	327.2
3043	326.99999
3044	326.5
3045	326.59999
3046	326.59999
3047	326.3
3048	326.00001
3049	326.09999
3050	325.89999
3051	325.70001
3052	325.8
3053	326.09999
3054	326.59999
3055	326.7
3056	326.7
3057	326.7
3058	326.99999
3059	327.10001
3060	326.99999
3061	326.99999
3062	326.99999
3063	327.10001
3064	327.10001
3065	326.99999
3066	327.10001
3067	327.30001
3068	327.10001
3069	327.2
3070	326.79999
3071	326.59999
3072	326.40001
3073	326.20001
3074	326.20001
3075	326.3
3076	326.3
3077	326.3
3078	326.40001
3079	326.3
3080	326.3
3081	326.09999
3082	326.00001
3083	325.70001
3084	325.39999
3085	324.99999
3086	325.6
3087	325.8
3088	325.89999
3089	326.3
3090	326.5
3091	326.59999
3092	326.59999
3093	326.5
3094	326.3
3095	326.5
3096	326.3
3097	326.3
3098	326.59999
3099	326.40001
3100	326.20001
3101	326.00001
3102	326.20001
3103	326.3
3104	326.5
3105	326.5
3106	326.5
3107	326.7
3108	326.7
3109	326.79999
3110	326.5
3111	326.7
3112	326.99999
3113	326.79999
3114	326.99999
3115	326.90001
3116	326.7
3117	326.3
3118	326.3
3119	326.40001
3120	326.7
3121	326.90001
3122	326.99999
3123	326.99999
3124	327.4
3125	327.80001
3126	327.89999
3127	327.80001
3128	327.80001
3129	327.30001
3130	326.99999
3131	325.39999
3132	323.39999
3133	320.89999
3134	319.59999
3135	317.09999
3136	314.70001
3137	313.80001
3138	312.20001
3139	311.10001
3140	310.29999
3141	309.89999
3142	310
3143	310.29999
3144	310.7
3145	310.9
3146	311.50001
3147	312.5
3148	313.10001
3149	313.49999
3150	314.20001
3151	315.10001
3152	315.49999
3153	315.9
3154	316.59999
3155	317.09999
3156	317.60001
3157	317.79999
3158	318.10001
3159	318.6
3160	318.8
3161	319.09999
3162	319.5
3163	319.90001
3164	320.10001
3165	320.2
3166	320.6
3167	321.00001
3168	321.1
3169	321.20001
3170	321.00001
3171	321.20001
3172	321.39999
3173	321.59999
3174	321.5
3175	321.59999
3176	321.79999
3177	321.90001
3178	322
3179	322
3180	322.2
3181	322.29999
3182	322.4
3183	322.49999
3184	322.4
3185	322.60001
3186	322.60001
3187	322.69999
3188	322.69999
3189	322.80001
3190	323.00001
3191	323.1
3192	323.00001
3193	323.00001
3194	322.9
3195	323.1
3196	323.00001
3197	323.19999
3198	323.1
3199	323.1
3200	323.1
3201	323.00001
3202	323.19999
3203	323.39999
3204	323.39999
3205	323.39999
3206	323.3
3207	323.3
3208	323.3
3209	323.50001
3210	323.50001
3211	323.50001
3212	323.70001
3213	323.70001
3214	323.59999
3215	323.8
3216	323.70001
3217	323.8
3218	323.8
3219	324
3220	324
3221	323.8
3222	324
3223	323.90001
3224	323.70001
3225	323.8
3226	323.8
3227	324.09999
3228	324
3229	323.8
3230	324.09999
3231	324.09999
3232	324.09999
3233	324
3234	324.2
3235	324.09999
3236	324
3237	324.09999
3238	324.09999
3239	324.09999
3240	323.90001
3241	323.8
3242	323.90001
3243	324.09999
3244	324.09999
3245	324.09999
3246	324.09999
3247	324.2
3248	324.09999
3249	324.40001
3250	324.09999
3251	324.40001
3252	324.2
3253	324.29999
3254	324.09999
3255	324.09999
3256	324.2
3257	324.40001
3258	324.09999
3259	324.29999
3260	324.2
3261	324.29999
3262	324.29999
3263	324.29999
3264	324.40001
3265	324.2
3266	324.40001
3267	324.40001
3268	324.40001
3269	324.40001
3270	324.29999
3271	324.40001
3272	324.49999
3273	324.40001
3274	324.29999
3275	324.40001
3276	324.49999
3277	324.40001
3278	324.40001
3279	324.60001
3280	324.40001
3281	324.40001
3282	324.49999
3283	324.40001
3284	324.49999
3285	324.40001
3286	324.60001
3287	324.7
3288	324.60001
3289	324.40001
3290	324.60001
3291	324.60001
3292	324.7
3293	324.40001
3294	324.60001
3295	324.60001
3296	324.49999
3297	324.7
3298	324.7
3299	324.7
3300	324.40001
3301	324.7
3302	324.7
3303	324.7
3304	324.60001
3305	324.60001
3306	324.49999
3307	324.7
3308	324.60001
3309	324.7
3310	324.7
3311	324.49999
3312	324.7
3313	324.7
3314	324.7
3315	324.7
3316	324.7
3317	324.60001
3318	324.7
3319	324.60001
3320	324.7
3321	324.40001
3322	324.49999
3323	324.60001
3324	324.40001
3325	324.49999
3326	324.7
3327	324.7
3328	324.7
3329	324.7
3330	324.7
3331	324.7
3332	324.80001
3333	324.60001
3334	324.49999
3335	324.7
3336	324.7
3337	324.7
3338	324.7
3339	324.99999
3340	324.80001
3341	324.80001
3342	324.9
3343	324.9
3344	324.7
3345	324.7
3346	324.7
3347	324.7
3348	324.80001
3349	324.7
3350	324.9
3351	324.80001
3352	324.7
3353	324.7
3354	324.7
3355	324.49999
3356	324.7
3357	324.80001
3358	324.7
3359	324.7
3360	324.7
3361	324.99999
3362	324.9
3363	324.7
3364	324.7
3365	324.7
3366	324.60001
3367	324.7
3368	324.7
3369	324.60001
3370	324.49999
3371	324.49999
3372	324.7
3373	324.7
3374	324.7
3375	324.80001
3376	324.80001
3377	324.9
3378	324.7
3379	324.7
3380	324.7
3381	324.7
3382	324.40001
3383	324.40001
3384	324.60001
3385	324.60001
3386	324.49999
3387	324.60001
3388	324.7
3389	324.7
3390	324.7
3391	324.9
3392	324.7
3393	324.60001
3394	324.99999
3395	324.7
3396	324.7
3397	324.7
3398	324.60001
3399	324.7
3400	324.7
3401	324.7
3402	324.9
3403	324.7
3404	324.49999
3405	324.7
3406	324.7
3407	324.49999
3408	324.60001
3409	324.49999
3410	324.40001
3411	324.40001
3412	324.49999
3413	324.40001
3414	324.29999
3415	324.09999
3416	324.09999
3417	324.09999
3418	323.8
3419	323.8
3420	324
3421	323.8
3422	323.90001
3423	324.29999
3424	324.60001
3425	324.9
3426	325.1
3427	325.39999
3428	325.50001
3429	325.70001
3430	325.6
3431	325.70001
3432	325.89999
3433	326.00001
3434	326.09999
3435	326.40001
3436	326.5
3437	326.40001
3438	326.59999
3439	326.90001
3440	326.7
3441	326.7
3442	326.7
3443	326.7
3444	326.7
3445	326.79999
3446	326.90001
3447	326.99999
3448	326.90001
3449	326.7
3450	326.7
3451	326.7
3452	326.7
3453	326.5
3454	326.40001
3455	326.40001
3456	326.3
3457	326.20001
3458	326.00001
3459	326.00001
3460	326.3
3461	326.00001
3462	326.20001
3463	326.3
3464	326.59999
3465	326.7
3466	326.90001
3467	326.99999
3468	326.99999
3469	327.4
3470	327.4
3471	327.49999
3472	327.2
3473	327.6
3474	327.30001
3475	327.10001
3476	327.10001
3477	327.30001
3478	327.30001
3479	327.10001
3480	327.2
3481	326.79999
3482	326.90001
3483	326.79999
3484	327.10001
3485	326.99999
3486	326.99999
3487	326.90001
3488	326.99999
3489	326.99999
3490	327.10001
3491	326.99999
3492	327.2
3493	327.2
3494	327.30001
3495	327.30001
3496	327.30001
3497	327.4
3498	327.30001
3499	327.49999
3500	327.30001
3501	327.2
3502	327.2
3503	326.99999
3504	326.99999
3505	326.90001
3506	326.7
3507	326.99999
3508	326.99999
3509	326.99999
3510	327.10001
3511	326.99999
3512	326.99999
3513	327.2
3514	327.30001
3515	327.30001
3516	327.6
3517	327.49999
3518	327.30001
3519	327.2
3520	326.99999
3521	326.90001
3522	326.90001
3523	326.99999
3524	326.99999
3525	326.99999
3526	326.99999
3527	327.2
3528	327.30001
3529	327.30001
3530	327.4
3531	327.6
3532	327.4
3533	327.6
3534	327.30001
3535	327.30001
3536	326.99999
3537	326.5
3538	326.7
3539	326.79999
3540	326.99999
3541	326.99999
3542	326.99999
3543	326.99999
3544	326.90001
3545	326.99999
3546	326.7
3547	326.99999
3548	326.99999
3549	326.99999
3550	326.7
3551	326.59999
3552	326.59999
3553	326.59999
3554	326.90001
3555	326.99999
3556	326.79999
3557	326.79999
3558	327.10001
3559	326.99999
3560	326.90001
3561	326.99999
3562	326.99999
3563	327.10001
3564	327.2
3565	326.99999
3566	326.5
3567	326.5
3568	326.59999
3569	326.90001
3570	326.79999
3571	326.99999
3572	327.2
3573	327.2
3574	327.49999
3575	327.4
3576	327.4
3577	327.30001
3578	326.99999
3579	326.99999
3580	326.7
3581	326.7
3582	326.90001
3583	326.90001
3584	326.79999
3585	327.30001
3586	327.30001
3587	327.69999
3588	327.6
3589	327.4
3590	327.30001
3591	327.10001
3592	327.2
3593	327.2
3594	327.4
3595	327.69999
3596	328.00001
3597	328.1
3598	328.5
3599	328.70001
3600	328.59999
3601	328.90001
3602	328.59999
3603	328.1
3604	326.79999
3605	326.00001
3606	324
3607	321.3
3608	318.89999
3609	317.7
3610	315.49999
3611	313.69999
3612	312.5
3613	312.20001
3614	311.50001
3615	311.50001
3616	311.8
3617	312.00001
3618	312.20001
3619	312.90001
3620	313.2
3621	314.00001
3622	314.70001
3623	315.60001
3624	316.00001
3625	316.59999
3626	317.29999
3627	317.99999
3628	318.30001
3629	318.8
3630	319.3
3631	319.99999
3632	320.2
3633	320.2
3634	320.69999
3635	321.00001
3636	321.1
3637	321.39999
3638	321.59999
3639	321.70001
3640	322
3641	322
3642	322.29999
3643	322.49999
3644	322.4
3645	322.69999
3646	322.80001
3647	322.80001
3648	323.00001
3649	323.1
3650	323.1
3651	323.19999
3652	323.1
3653	323.39999
3654	323.39999
3655	323.19999
3656	323.3
3657	323.70001
3658	323.70001
3659	323.8
3660	323.90001
3661	323.90001
3662	323.8
3663	323.90001
3664	323.90001
3665	324.09999
3666	324.09999
3667	324.09999
3668	324.2
3669	324.40001
3670	324.2
3671	324.2
3672	324.29999
3673	324.49999
3674	324.40001
3675	324.29999
3676	324.40001
3677	324.40001
3678	324.49999
3679	324.40001
3680	324.49999
3681	324.49999
3682	324.49999
3683	324.40001
3684	324.40001
3685	324.7
3686	324.49999
3687	324.7
3688	324.49999
3689	324.7
3690	324.7
3691	324.80001
3692	324.7
3693	324.60001
3694	324.60001
3695	324.60001
3696	324.40001
3697	324.60001
3698	324.7
3699	324.60001
3700	324.49999
3701	324.60001
3702	324.7
3703	324.49999
3704	324.60001
3705	324.40001
3706	324.7
3707	324.60001
3708	324.7
3709	324.7
3710	324.80001
3711	324.9
3712	324.80001
3713	324.7
3714	324.9
3715	324.9
3716	324.60001
3717	324.60001
3718	324.80001
3719	324.80001
3720	324.80001
3721	324.7
3722	324.80001
3723	324.7
3724	324.60001
3725	324.7
3726	324.7
3727	324.9
3728	324.99999
3729	324.80001
3730	324.7
3731	324.9
3732	324.7
3733	324.9
3734	324.80001
3735	324.99999
3736	324.99999
3737	324.9
3738	324.80001
3739	324.80001
3740	324.99999
3741	324.9
3742	324.9
3743	324.99999
3744	324.9
3745	324.99999
3746	324.9
3747	324.80001
3748	324.80001
3749	324.9
3750	324.9
3751	324.80001
3752	324.99999
3753	324.80001
3754	324.99999
3755	324.80001
3756	324.7
3757	324.80001
3758	324.9
3759	324.7
3760	324.9
3761	324.99999
3762	324.9
3763	325.1
3764	324.99999
3765	324.99999
3766	324.9
3767	324.80001
3768	324.80001
3769	324.80001
3770	324.99999
3771	324.99999
3772	324.9
3773	325.1
3774	325.30001
3775	324.99999
3776	324.9
3777	324.99999
3778	324.99999
3779	324.99999
3780	324.9
3781	324.80001
3782	324.99999
3783	324.99999
3784	324.80001
3785	324.99999
3786	325.1
3787	325.19999
3788	324.99999
3789	325.39999
3790	324.99999
3791	325.39999
3792	325.30001
3793	325.1
3794	324.99999
3795	324.99999
3796	325.1
3797	325.19999
3798	324.99999
3799	324.99999
3800	325.19999
3801	325.1
3802	324.99999
3803	324.99999
3804	324.99999
3805	325.19999
3806	325.19999
3807	324.99999
3808	325.1
3809	325.30001
3810	325.19999
3811	324.99999
3812	324.99999
3813	325.19999
3814	325.39999
3815	325.19999
3816	324.99999
3817	325.1
3818	325.19999
3819	325.19999
3820	324.99999
3821	325.1
3822	325.19999
3823	325.19999
3824	325.19999
3825	325.39999
3826	325.19999
3827	324.99999
3828	325.1
3829	325.19999
3830	325.19999
3831	325.19999
3832	325.1
3833	324.99999
3834	324.99999
3835	324.99999
3836	324.9
3837	325.1
3838	325.1
3839	325.30001
3840	325.1
3841	325.1
3842	325.30001
3843	325.30001
3844	325.19999
3845	325.19999
3846	325.19999
3847	325.19999
3848	325.19999
3849	325.1
3850	325.19999
3851	325.19999
3852	325.39999
3853	325.19999
3854	325.39999
3855	325.39999
3856	325.1
3857	325.19999
3858	325.30001
3859	325.30001
3860	325.1
3861	325.1
3862	325.19999
3863	325.39999
3864	325.30001
3865	325.19999
3866	325.39999
3867	325.50001
3868	325.50001
3869	325.39999
3870	325.50001
3871	325.50001
3872	325.39999
3873	325.30001
3874	325.39999
3875	325.39999
3876	325.30001
3877	325.39999
3878	325.39999
3879	325.39999
3880	325.39999
3881	325.30001
3882	325.19999
3883	327.4
3884	325.1
3885	325.1
3886	325.19999
3887	324.99999
3888	324.99999
3889	324.80001
3890	324.9
3891	324.7
3892	324.80001
3893	324.49999
3894	324.09999
3895	323.8
3896	323.8
3897	323.8
3898	323.8
3899	324.09999
3900	324.40001
3901	324.80001
3902	325.1
3903	325.6
3904	325.70001
3905	326.00001
3906	326.00001
3907	326.00001
3908	326.00001
3909	326.3
3910	326.79999
3911	326.90001
3912	326.90001
3913	326.79999
3914	326.7
3915	326.40001
3916	326.3
3917	326.5
3918	326.79999
3919	326.90001
3920	327.30001
3921	327.6
3922	327.4
3923	327.6
3924	327.6
3925	327.6
3926	327.30001
3927	327.30001
3928	327.2
3929	326.99999
3930	327.10001
3931	327.30001
3932	327.4
3933	327.6
3934	327.6
3935	327.6
3936	327.49999
3937	327.69999
3938	327.6
3939	327.80001
3940	327.69999
3941	327.69999
3942	327.69999
3943	327.6
3944	327.6
3945	327.69999
3946	327.89999
3947	327.89999
3948	328.3
3949	328.3
3950	328.3
3951	328.20001
3952	328.3
3953	328.1
3954	328.20001
3955	328.20001
3956	327.80001
3957	327.30001
3958	326.99999
3959	327.2
3960	327.30001
3961	327.30001
3962	327.49999
3963	327.4
3964	327.6
3965	327.6
3966	327.69999
3967	327.80001
3968	328.1
3969	328.20001
3970	328.20001
3971	328.00001
3972	327.69999
3973	327.80001
3974	327.6
3975	327.6
3976	327.6
3977	327.80001
3978	327.89999
3979	328.3
3980	328.00001
3981	328.3
3982	327.89999
3983	327.89999
3984	328.20001
3985	328.3
3986	328.00001
3987	327.89999
3988	327.69999
3989	327.6
3990	327.49999
3991	327.49999
3992	327.30001
3993	327.4
3994	327.49999
3995	327.6
3996	327.6
3997	327.69999
3998	327.80001
3999	327.49999
4000	327.2
4001	326.90001
4002	326.5
4003	326.5
4004	326.7
4005	326.7
4006	326.79999
4007	326.7
4008	326.90001
4009	327.10001
4010	327.2
4011	327.30001
4012	327.30001
4013	327.4
4014	327.49999
4015	327.49999
4016	327.2
4017	327.2
4018	327.4
4019	327.30001
4020	327.6
4021	327.89999
4022	328.00001
4023	328.00001
4024	328.00001
4025	327.6
4026	327.89999
4027	327.80001
4028	327.89999
4029	328.1
4030	328.20001
4031	328.00001
4032	328.20001
4033	328.00001
4034	328.00001
4035	327.69999
4036	327.80001
4037	327.69999
4038	327.6
4039	327.49999
4040	327.4
4041	327.6
4042	327.69999
4043	327.69999
4044	327.69999
4045	327.69999
4046	327.80001
4047	327.69999
4048	327.6
4049	327.6
4050	327.6
4051	327.49999
4052	327.4
4053	327.30001
4054	327.49999
4055	327.6
4056	327.49999
4057	327.4
4058	327.4
4059	327.30001
4060	327.49999
4061	327.2
4062	327.69999
4063	327.6
4064	327.4
4065	327.4
4066	327.49999
4067	327.69999
4068	327.89999
4069	328.00001
4070	328.3
4071	328.39999
4072	328.59999
4073	328.90001
4074	329
4075	328.90001
4076	328.79999
4077	327.89999
4078	326.40001
4079	324.2
4080	323.1
4081	320.4
4082	318.30001
4083	316.50001
4084	315.69999
4085	314.20001
4086	313.10001
4087	312.59999
4088	312.20001
4089	312.3
4090	312.5
4091	312.90001
4092	313.2
4093	313.69999
4094	314.20001
4095	314.79999
4096	315.4
4097	316.3
4098	316.8
4099	317.40001
4100	317.79999
4101	318.30001
4102	318.69999
4103	318.89999
4104	319.59999
4105	319.90001
4106	320.4
4107	320.6
4108	320.80001
4109	321.20001
4110	321.5
4111	321.79999
4112	321.70001
4113	322.10001
4114	322.29999
4115	322.4
4116	322.49999
4117	322.60001
4118	322.69999
4119	322.69999
4120	323.00001
4121	323.1
4122	323.19999
4123	323.1
4124	323.39999
4125	323.39999
4126	323.39999
4127	323.39999
4128	323.50001
4129	323.8
4130	323.8
4131	323.70001
4132	323.90001
4133	323.90001
4134	323.90001
4135	324.09999
4136	324
4137	323.8
4138	323.90001
4139	324.09999
4140	324
4141	323.90001
4142	324.09999
4143	324.29999
4144	324.29999
4145	324.09999
4146	324
4147	324.40001
4148	324.49999
4149	324.40001
4150	324.2
4151	324.29999
4152	324.2
4153	324.2
4154	324.29999
4155	324.40001
4156	324.7
4157	324.60001
4158	324.7
4159	324.7
4160	324.7
4161	324.9
4162	324.80001
4163	324.99999
4164	324.7
4165	324.7
4166	324.7
4167	324.9
4168	324.80001
4169	324.80001
4170	324.99999
4171	324.9
4172	324.99999
4173	324.7
4174	324.9
4175	325.1
4176	324.99999
4177	324.99999
4178	324.9
4179	324.99999
4180	324.99999
4181	324.99999
4182	324.9
4183	324.99999
4184	324.99999
4185	325.1
4186	325.19999
4187	325.1
4188	324.99999
4189	324.99999
4190	324.99999
4191	324.99999
4192	324.99999
4193	325.1
4194	324.80001
4195	324.99999
4196	324.9
4197	324.99999
4198	325.19999
4199	325.39999
4200	325.19999
4201	324.99999
4202	325.19999
4203	325.1
4204	324.99999
4205	325.19999
4206	324.99999
4207	324.99999
4208	324.99999
4209	324.99999
4210	324.80001
4211	324.9
4212	325.1
4213	325.39999
4214	325.1
4215	325.1
4216	325.39999
4217	325.19999
4218	325.30001
4219	324.99999
4220	325.1
4221	325.1
4222	324.99999
4223	324.9
4224	325.19999
4225	324.99999
4226	325.1
4227	325.39999
4228	325.1
4229	325.19999
4230	325.30001
4231	325.30001
4232	325.30001
4233	325.39999
4234	325.19999
4235	325.30001
4236	325.19999
4237	325.30001
4238	325.19999
4239	325.30001
4240	325.1
4241	325.1
4242	325.30001
4243	325.19999
4244	325.30001
4245	325.1
4246	325.39999
4247	325.19999
4248	325.30001
4249	325.30001
4250	325.30001
4251	325.39999
4252	325.39999
4253	325.39999
4254	325.30001
4255	325.50001
4256	325.39999
4257	325.39999
4258	325.39999
4259	325.39999
4260	325.19999
4261	325.39999
4262	325.30001
4263	325.39999
4264	325.19999
4265	325.50001
4266	325.39999
4267	325.30001
4268	325.30001
4269	325.39999
4270	325.39999
4271	325.30001
4272	325.39999
4273	325.30001
4274	324.99999
4275	324.99999
4276	325.19999
4277	325.1
4278	324.99999
4279	324.9
4280	325.1
4281	325.19999
4282	325.39999
4283	324.99999
4284	325.19999
4285	325.30001
4286	325.1
4287	325.19999
4288	325.19999
4289	325.30001
4290	325.39999
4291	325.19999
4292	324.99999
4293	325.19999
4294	325.1
4295	325.1
4296	324.99999
4297	325.1
4298	325.1
4299	324.99999
4300	325.19999
4301	325.19999
4302	324.99999
4303	324.99999
4304	325.19999
4305	325.39999
4306	325.19999
4307	325.39999
4308	325.39999
4309	325.30001
4310	325.19999
4311	325.39999
4312	325.30001
4313	325.39999
4314	325.39999
4315	325.39999
4316	325.30001
4317	325.39999
4318	325.6
4319	325.39999
4320	325.39999
4321	325.39999
4322	325.39999
4323	325.50001
4324	325.30001
4325	325.39999
4326	325.39999
4327	325.70001
4328	325.39999
4329	325.50001
4330	325.39999
4331	325.39999
4332	325.6
4333	325.39999
4334	325.50001
4335	325.39999
4336	325.39999
4337	325.30001
4338	325.30001
4339	325.39999
4340	325.19999
4341	325.1
4342	325.39999
4343	325.39999
4344	325.30001
4345	325.39999
4346	325.39999
4347	325.39999
4348	325.39999
4349	325.39999
4350	325.1
4351	325.39999
4352	325.50001
4353	325.30001
4354	325.19999
4355	325.39999
4356	325.39999
4357	325.19999
4358	325.50001
4359	325.39999
4360	325.39999
4361	324.99999
4362	324.7
4363	324.09999
4364	324.09999
4365	323.90001
4366	324.09999
4367	324.09999
4368	324.09999
4369	324.09999
4370	324.09999
4371	324.40001
4372	324.40001
4373	324.7
4374	324.7
4375	324.99999
4376	325.39999
4377	325.70001
4378	325.8
4379	326.00001
4380	326.7
4381	326.99999
4382	326.79999
4383	326.79999
4384	326.99999
4385	326.79999
4386	326.99999
4387	326.99999
4388	327.30001
4389	327.30001
4390	327.6
4391	327.6
4392	327.69999
4393	327.89999
4394	328.00001
4395	328.00001
4396	328.1
4397	328.00001
4398	327.89999
4399	327.69999
4400	327.89999
4401	328.1
4402	328.00001
4403	328.3
4404	328.3
4405	328.20001
4406	328.1
4407	327.89999
4408	328.20001
4409	328.20001
4410	327.89999
4411	327.6
4412	327.49999
4413	327.49999
4414	327.49999
4415	327.4
4416	327.49999
4417	327.69999
4418	327.6
4419	327.6
4420	327.30001
4421	326.79999
4422	326.59999
4423	326.40001
4424	326.40001
4425	326.5
4426	326.7
4427	326.99999
4428	326.79999
4429	326.7
4430	326.99999
4431	326.99999
4432	326.99999
4433	326.99999
4434	326.90001
4435	326.99999
4436	326.79999
4437	326.99999
4438	327.10001
4439	326.90001
4440	327.4
4441	327.4
4442	327.80001
4443	327.80001
4444	328.20001
4445	328.1
4446	328.00001
4447	327.69999
4448	327.69999
4449	327.80001
4450	327.6
4451	327.6
4452	327.6
4453	327.49999
4454	327.49999
4455	327.30001
4456	327.4
4457	327.4
4458	327.2
4459	327.6
4460	327.6
4461	327.89999
4462	327.69999
4463	327.6
4464	327.69999
4465	327.80001
4466	327.69999
4467	327.69999
4468	327.80001
4469	327.89999
4470	327.6
4471	327.30001
4472	327.6
4473	327.6
4474	327.6
4475	327.6
4476	327.4
4477	327.80001
4478	327.6
4479	327.6
4480	327.6
4481	327.6
4482	327.49999
4483	327.49999
4484	327.6
4485	327.49999
4486	327.2
4487	327.2
4488	327.2
4489	326.7
4490	326.7
4491	326.79999
4492	326.99999
4493	327.2
4494	327.30001
4495	327.30001
4496	327.30001
4497	327.30001
4498	327.30001
4499	327.6
4500	327.6
4501	327.6
4502	327.6
4503	327.89999
4504	327.89999
4505	327.6
4506	327.6
4507	327.4
4508	327.4
4509	327.30001
4510	327.2
4511	327.30001
4512	327.49999
4513	327.4
4514	327.30001
4515	327.2
4516	327.2
4517	326.99999
4518	326.90001
4519	326.5
4520	326.59999
4521	326.3
4522	326.3
4523	326.7
4524	326.79999
4525	326.79999
4526	326.99999
4527	327.10001
4528	326.99999
4529	326.7
4530	326.7
4531	326.7
4532	326.3
4533	326.00001
4534	324.40001
4535	326.5
4536	326.40001
4537	326.59999
4538	326.40001
4539	326.3
4540	326.3
4541	326.59999
4542	326.79999
4543	326.79999
4544	327.10001
4545	327.2
4546	327.6
4547	327.6
4548	327.6
4549	327.49999
4550	326.90001
4551	325.50001
4552	324.60001
4553	322.49999
4554	319.90001
4555	317.29999
4556	316.1
4557	314.20001
4558	312.5
4559	311.6
4560	311.19999
4561	310.60001
4562	310.60001
4563	310.79999
4564	311.4
4565	311.89999
4566	312.5
4567	313.49999
4568	313.69999
4569	314.39999
4570	315.10001
4571	315.2
4572	316.00001
4573	316.39999
4574	317.20001
4575	317.5
4576	317.9
4577	317.99999
4578	318.89999
4579	318.89999
4580	319.3
4581	319.5
4582	319.99999
4583	319.99999
4584	320.2
4585	320.6
4586	320.89999
4587	320.89999
4588	321.00001
4589	321.20001
4590	321.3
4591	321.39999
4592	321.5
4593	321.5
4594	321.70001
4595	322
4596	322.10001
4597	322.10001
4598	322.29999
4599	322.49999
4600	322.49999
4601	322.69999
4602	322.80001
4603	322.80001
4604	322.80001
4605	322.80001
4606	322.9
4607	322.69999
4608	322.9
4609	322.80001
4610	322.9
4611	322.80001
4612	322.9
4613	323.1
4614	323.3
4615	323.00001
4616	323.00001
4617	323.1
4618	323.19999
4619	323.1
4620	323.19999
4621	323.3
4622	323.00001
4623	323.3
4624	323.39999
4625	323.39999
4626	323.3
4627	323.39999
4628	323.39999
4629	323.50001
4630	323.39999
4631	323.39999
4632	323.39999
4633	323.50001
4634	323.39999
4635	323.50001
4636	323.70001
4637	323.3
4638	323.39999
4639	323.50001
4640	323.39999
4641	323.59999
4642	323.50001
4643	323.39999
4644	323.39999
4645	323.59999
4646	323.39999
4647	323.70001
4648	323.59999
4649	323.39999
4650	323.50001
4651	323.70001
4652	323.59999
4653	323.50001
4654	323.50001
4655	323.39999
4656	323.70001
4657	323.59999
4658	323.70001
4659	323.59999
4660	323.59999
4661	323.8
4662	323.70001
4663	323.70001
4664	323.8
4665	323.59999
4666	323.90001
4667	323.90001
4668	323.70001
4669	323.8
4670	323.8
4671	323.90001
4672	323.8
4673	323.8
4674	323.8
4675	323.70001
4676	323.8
4677	323.8
4678	323.8
4679	323.8
4680	323.90001
4681	323.8
4682	323.8
4683	323.70001
4684	323.8
4685	323.8
4686	323.8
4687	324
4688	323.8
4689	324
4690	323.90001
4691	324.2
4692	323.90001
4693	324.40001
4694	324.2
4695	324
4696	323.90001
4697	324.2
4698	324.2
4699	323.90001
4700	324
4701	323.90001
4702	324
4703	323.70001
4704	324
4705	323.8
4706	323.8
4707	323.8
4708	323.59999
4709	323.8
4710	323.8
4711	323.8
4712	324
4713	324.09999
4714	323.90001
4715	323.8
4716	323.90001
4717	324.09999
4718	323.90001
4719	324
4720	323.90001
4721	323.8
4722	324
4723	323.90001
4724	323.70001
4725	323.8
4726	324
4727	323.8
4728	323.8
4729	323.8
4730	323.90001
4731	323.8
4732	323.70001
4733	323.8
4734	323.59999
4735	323.50001
4736	323.59999
4737	323.59999
4738	323.8
4739	323.70001
4740	323.8
4741	323.59999
4742	323.70001
4743	323.39999
4744	323.39999
4745	323.8
4746	323.70001
4747	323.8
4748	323.8
4749	323.70001
4750	323.8
4751	323.8
4752	323.8
4753	323.8
4754	323.8
4755	323.59999
4756	323.8
4757	323.8
4758	323.59999
4759	323.70001
4760	323.70001
4761	323.50001
4762	323.70001
4763	323.8
4764	323.70001
4765	323.70001
4766	323.8
4767	323.8
4768	323.8
4769	323.59999
4770	323.70001
4771	323.59999
4772	323.70001
4773	323.8
4774	323.8
4775	323.70001
4776	323.70001
4777	323.70001
4778	323.50001
4779	323.8
4780	323.8
4781	323.8
4782	323.8
4783	323.8
4784	324
4785	323.90001
4786	324.09999
4787	323.8
4788	323.8
4789	323.70001
4790	323.70001
4791	323.70001
4792	323.59999
4793	323.70001
4794	323.8
4795	323.8
4796	323.70001
4797	323.70001
4798	323.8
4799	323.8
4800	323.8
4801	323.90001
4802	323.70001
4803	323.00001
4804	323.8
4805	323.8
4806	323.90001
4807	323.8
4808	323.8
4809	324
4810	323.8
4811	323.8
4812	323.70001
4813	323.59999
4814	323.70001
4815	323.8
4816	323.70001
4817	323.8
4818	323.70001
4819	323.90001
4820	323.59999
4821	323.8
4822	323.90001
4823	323.8
4824	323.59999
4825	323.8
4826	323.59999
4827	323.8
4828	323.59999
4829	323.8
4830	323.59999
4831	323.70001
4832	323.59999
4833	323.39999
4834	323.50001
4835	323.8
4836	323.8
4837	323.70001
4838	323.8
4839	323.90001
4840	323.70001
4841	323.1
4842	323.1
4843	323.1
4844	323.1
4845	323.19999
4846	323.70001
4847	323.8
4848	324.09999
4849	324.29999
4850	324.60001
4851	324.60001
4852	324.99999
4853	324.99999
4854	324.99999
4855	324.9
4856	325.39999
4857	325.30001
4858	325.39999
4859	325.39999
4860	325.70001
4861	325.70001
4862	325.8
4863	326.09999
4864	326.20001
4865	326.5
4866	326.3
4867	326.20001
4868	326.00001
4869	326.00001
4870	325.8
4871	326.00001
4872	326.00001
4873	326.09999
4874	326.3
4875	326.3
4876	326.5
4877	326.3
4878	326.5
4879	326.7
4880	326.7
4881	326.7
4882	326.5
4883	326.5
4884	326.09999
4885	326.09999
4886	326.00001
4887	326.00001
4888	325.70001
4889	325.89999
4890	325.70001
4891	325.89999
4892	326.00001
4893	325.89999
4894	325.70001
4895	325.70001
4896	325.6
4897	325.50001
4898	325.39999
4899	325.39999
4900	325.70001
4901	325.89999
4902	326.00001
4903	325.89999
4904	325.89999
4905	326.00001
4906	326.00001
4907	326.20001
4908	326.20001
4909	326.20001
4910	326.00001
4911	325.70001
4912	325.39999
4913	325.50001
4914	325.39999
4915	325.8
4916	325.8
4917	325.89999
4918	326.00001
4919	325.89999
4920	325.70001
4921	325.8
4922	325.70001
4923	326.09999
4924	326.00001
4925	325.8
4926	325.6
4927	325.39999
4928	325.50001
4929	325.50001
4930	325.70001
4931	325.6
4932	325.70001
4933	326.00001
4934	326.00001
4935	326.00001
4936	325.8
4937	325.39999
4938	325.19999
4939	325.1
4940	325.19999
4941	325.1
4942	325.39999
4943	325.19999
4944	325.39999
4945	325.39999
4946	325.6
4947	325.6
4948	325.70001
4949	325.50001
4950	325.6
4951	325.39999
4952	325.30001
4953	325.39999
4954	325.39999
4955	325.39999
4956	325.39999
4957	325.70001
4958	325.8
4959	326.00001
4960	326.09999
4961	326.3
4962	326.00001
4963	325.89999
4964	326.00001
4965	325.39999
4966	325.19999
4967	325.1
4968	324.80001
4969	325.1
4970	325.30001
4971	325.19999
4972	325.1
4973	324.9
4974	324.99999
4975	325.30001
4976	325.39999
4977	325.39999
4978	326.00001
4979	325.8
4980	325.89999
4981	326.00001
4982	325.8
4983	326.09999
4984	326.00001
4985	325.8
4986	325.70001
4987	325.50001
4988	325.30001
4989	325.50001
4990	325.39999
4991	325.39999
4992	325.70001
4993	325.50001
4994	325.19999
4995	324.99999
4996	324.7
4997	324.9
4998	324.60001
4999	324.29999
5000	324.40001
5001	324.40001
5002	324.40001
5003	324.9
5004	324.9
5005	324.99999
5006	325.1
5007	324.7
5008	324.9
5009	324.7
5010	324.7
5011	326.3
5012	326.20001
5013	326.59999
5014	326.3
5015	326.00001
5016	326.00001
5017	325.70001
5018	325.50001
5019	325.39999
5020	325.39999
5021	325.50001
5022	325.1
5023	324.9
5024	324.09999
5025	323.00001
5026	320.80001
5027	318.30001
5028	317.20001
5029	315
5030	313.10001
5031	312.20001
5032	311.10001
5033	310.5
5034	310.20001
5035	310.20001
5036	310.9
5037	311.4
5038	311.89999
5039	312.3
5040	312.90001
5041	313.69999
5042	314.70001
5043	315
5044	315.4
5045	316.19999
5046	316.59999
5047	317.20001
5048	317.60001
5049	318.30001
5050	318.50001
5051	318.6
5052	319.20001
5053	319.20001
5054	319.40001
5055	319.7
5056	320.2
5057	320.4
5058	320.49999
5059	320.69999
5060	320.89999
5061	321.20001
5062	321.20001
5063	321.39999
5064	321.3
5065	321.59999
5066	321.5
5067	321.59999
5068	321.70001
5069	321.90001
5070	321.90001
5071	322
5072	322
5073	322.29999
5074	322
5075	322.2
5076	322.10001
5077	322.2
5078	322.29999
5079	322.4
5080	322.49999
5081	322.49999
5082	322.49999
5083	322.69999
5084	322.69999
5085	322.80001
5086	322.9
5087	323.1
5088	323.1
5089	323.1
5090	323.3
5091	323.1
5092	323.1
5093	323.19999
5094	323.1
5095	323.19999
5096	323.1
5097	323.1
5098	323.19999
5099	323.19999
5100	323.39999
5101	323.1
5102	323.39999
5103	323.39999
5104	323.50001
5105	323.59999
5106	323.70001
5107	323.59999
5108	323.39999
5109	323.70001
5110	323.59999
5111	323.59999
5112	323.8
5113	323.50001
5114	323.8
5115	323.8
5116	323.70001
5117	323.8
5118	323.59999
5119	323.70001
5120	323.59999
5121	323.59999
5122	323.59999
5123	323.59999
5124	323.70001
5125	323.8
5126	323.70001
5127	323.90001
5128	323.8
5129	323.70001
5130	323.70001
5131	323.50001
5132	323.59999
5133	323.8
5134	323.59999
5135	323.8
5136	323.8
5137	323.59999
5138	323.59999
5139	323.70001
5140	323.8
5141	323.70001
5142	324
5143	323.8
5144	323.70001
5145	323.70001
5146	323.59999
5147	323.8
5148	323.59999
5149	323.8
5150	323.70001
5151	323.8
5152	323.8
5153	324.09999
5154	324
5155	323.8
5156	323.90001
5157	323.8
5158	323.8
5159	323.8
5160	323.59999
5161	323.90001
5162	323.8
5163	323.8
5164	323.90001
5165	323.8
5166	324
5167	323.90001
5168	324.09999
5169	324.09999
5170	324.09999
5171	324.09999
5172	324.09999
5173	324
5174	324.09999
5175	324.29999
5176	324.09999
5177	324.09999
5178	324.09999
5179	324.09999
5180	324.09999
5181	324.09999
5182	324.09999
5183	324.09999
5184	324.2
5185	324.09999
5186	324.09999
5187	324
5188	324
5189	323.70001
5190	323.90001
5191	324
5192	323.8
5193	323.8
5194	323.90001
5195	324
5196	323.8
5197	323.90001
5198	323.8
5199	324.09999
5200	323.8
5201	324
5202	323.8
5203	323.8
5204	323.70001
5205	323.8
5206	323.70001
5207	323.8
5208	324.09999
5209	324.09999
5210	324.09999
5211	324.09999
5212	324.09999
5213	324.09999
5214	323.8
5215	323.8
5216	324
5217	323.8
5218	323.8
5219	324.09999
5220	324
5221	324
5222	323.90001
5223	324
5224	324
5225	323.8
5226	324.09999
5227	324.09999
5228	323.90001
5229	324
5230	324
5231	324
5232	323.8
5233	324
5234	324.09999
5235	324
5236	324.09999
5237	324.2
5238	324.29999
5239	324.09999
5240	324.29999
5241	324.29999
5242	324.40001
5243	324.29999
5244	324.29999
5245	324.29999
5246	324.29999
5247	324.09999
5248	324.09999
5249	324.09999
5250	324.40001
5251	324.2
5252	324.09999
5253	324.2
5254	324.09999
5255	324
5256	323.8
5257	324.09999
5258	324.09999
5259	324.09999
5260	324.09999
5261	324.09999
5262	324.2
5263	324.2
5264	324.2
5265	324.40001
5266	324.40001
5267	324.2
5268	324.40001
5269	324.40001
5270	324.40001
5271	324.40001
5272	324.29999
5273	324.2
5274	324.40001
5275	324.40001
5276	324.40001
5277	324.49999
5278	324.29999
5279	324.49999
5280	324.40001
5281	324.29999
5282	324.40001
5283	324.60001
5284	324.40001
5285	324.40001
5286	324.40001
5287	324.40001
5288	324.60001
5289	324.40001
5290	324.60001
5291	324.40001
5292	324.40001
5293	324.40001
5294	324.29999
5295	324.49999
5296	324.60001
5297	324.40001
5298	324.40001
5299	324.29999
5300	324.60001
5301	324.40001
5302	324.40001
5303	324.40001
5304	324.49999
5305	324.40001
5306	324.40001
5307	324.40001
5308	324.2
5309	323.70001
5310	323.1
5311	323.00001
5312	322.9
5313	323.1
5314	323.1
5315	323.3
5316	323.3
5317	323.59999
5318	323.90001
5319	323.90001
5320	323.90001
5321	323.90001
5322	324.09999
5323	324.7
5324	324.7
5325	324.99999
5326	325.39999
5327	325.6
5328	326.09999
5329	326.3
5330	326.3
5331	326.3
5332	326.5
5333	326.40001
5334	326.20001
5335	326.5
5336	326.59999
5337	326.40001
5338	326.3
5339	326.09999
5340	325.89999
5341	326.00001
5342	326.40001
5343	325.50001
5344	324.7
5345	324.7
5346	324.7
5347	324.7
5348	325.1
5349	325.39999
5350	325.50001
5351	325.6
5352	325.70001
5353	325.70001
5354	326.09999
5355	326.3
5356	326.40001
5357	326.40001
5358	326.40001
5359	326.79999
5360	326.79999
5361	326.79999
5362	326.79999
5363	326.79999
5364	327.2
5365	326.99999
5366	326.90001
5367	326.5
5368	326.40001
5369	326.3
5370	326.09999
5371	326.00001
5372	326.3
5373	326.5
5374	326.40001
5375	326.59999
5376	326.59999
5377	326.5
5378	326.7
5379	326.59999
5380	326.5
5381	326.3
5382	326.3
5383	326.09999
5384	326.20001
5385	325.89999
5386	326.20001
5387	326.3
5388	326.3
5389	326.5
5390	326.7
5391	326.7
5392	326.99999
5393	326.90001
5394	326.79999
5395	326.5
5396	326.59999
5397	326.40001
5398	326.40001
5399	326.5
5400	326.3
5401	326.20001
5402	326.3
5403	326.3
5404	326.3
5405	326.00001
5406	326.00001
5407	326.20001
5408	326.3
5409	326.09999
5410	326.20001
5411	326.00001
5412	326.00001
5413	326.00001
5414	326.09999
5415	326.7
5416	326.7
5417	326.7
5418	326.7
5419	326.5
5420	326.3
5421	326.7
5422	326.5
5423	326.7
5424	326.99999
5425	326.99999
5426	326.90001
5427	326.99999
5428	326.7
5429	326.90001
5430	326.7
5431	326.90001
5432	326.90001
5433	326.79999
5434	326.79999
5435	326.99999
5436	327.2
5437	326.99999
5438	327.10001
5439	326.99999
5440	327.30001
5441	327.10001
5442	327.10001
5443	326.99999
5444	326.90001
5445	326.79999
5446	326.79999
5447	326.7
5448	326.7
5449	326.7
5450	326.7
5451	326.7
5452	326.7
5453	326.59999
5454	326.7
5455	326.7
5456	326.40001
5457	326.3
5458	326.20001
5459	326.09999
5460	326.3
5461	326.20001
5462	326.09999
5463	326.09999
5464	326.40001
5465	326.59999
5466	326.00001
5467	326.00001
5468	326.00001
5469	325.89999
5470	325.8
5471	326.20001
5472	326.00001
5473	325.89999
5474	326.09999
5475	326.09999
5476	326.00001
5477	325.8
5478	325.70001
5479	325.8
5480	325.8
5481	326.00001
5482	326.00001
5483	325.89999
5484	325.8
5485	325.70001
5486	325.70001
5487	325.89999
5488	326.00001
5489	326.3
5490	326.59999
5491	326.7
5492	326.90001
5493	327.30001
5494	327.49999
5495	327.6
5496	327.49999
5497	326.90001
5498	325.6
5499	324.7
5500	322.9
5501	320.2
5502	318.19999
5503	317.29999
5504	315.2
5505	313.80001
5506	313.2
5507	312.5
5508	312.09999
5509	312.20001
5510	312.5
5511	312.7
5512	313.10001
5513	313.49999
5514	313.6
5515	314.1
5516	314.90001
5517	315.4
5518	315.69999
5519	316.1
5520	317
5521	317.5
5522	317.79999
5523	317.99999
5524	318.6
5525	319.09999
5526	319.3
5527	319.59999
5528	319.7
5529	319.90001
5530	320.2
5531	320.4
5532	320.49999
5533	320.89999
5534	321.1
5535	321.20001
5536	321.3
5537	321.5
5538	321.79999
5539	321.79999
5540	321.79999
5541	322.10001
5542	322.10001
5543	322.10001
5544	322.10001
5545	322.10001
5546	322.49999
5547	322.49999
5548	322.49999
5549	322.49999
5550	322.69999
5551	322.80001
5552	322.80001
5553	322.69999
5554	322.9
5555	322.80001
5556	323.00001
5557	322.80001
5558	323.00001
5559	323.19999
5560	323.1
5561	323.19999
5562	323.19999
5563	323.3
5564	323.50001
5565	323.59999
5566	323.39999
5567	323.50001
5568	323.70001
5569	323.70001
5570	323.50001
5571	323.39999
5572	323.59999
5573	323.59999
5574	323.59999
5575	323.39999
5576	323.70001
5577	323.8
5578	323.90001
5579	323.90001
5580	323.90001
5581	324
5582	323.8
5583	323.8
5584	323.8
5585	323.8
5586	323.70001
5587	323.70001
5588	323.50001
5589	323.39999
5590	323.50001
5591	323.50001
5592	323.39999
5593	323.70001
5594	323.8
5595	323.59999
5596	323.8
5597	323.59999
5598	323.59999
5599	323.59999
5600	323.50001
5601	323.39999
5602	323.39999
5603	323.59999
5604	323.50001
5605	323.8
5606	323.70001
5607	323.70001
5608	323.8
5609	323.8
5610	323.70001
5611	323.70001
5612	323.8
5613	323.8
5614	323.59999
5615	323.50001
5616	323.59999
5617	323.8
5618	323.70001
5619	323.8
5620	324.09999
5621	324.09999
5622	324
5623	324.09999
5624	324.09999
5625	324.2
5626	323.90001
5627	323.90001
5628	323.90001
5629	324
5630	323.8
5631	323.90001
5632	323.90001
5633	323.90001
5634	324
5635	324.09999
5636	324.2
5637	324.09999
5638	324.09999
5639	323.90001
5640	324
5641	324
5642	323.8
5643	323.8
5644	323.90001
5645	323.90001
5646	324
5647	323.8
5648	324.09999
5649	324
5650	323.90001
5651	324
5652	324.2
5653	324.09999
5654	323.90001
5655	323.90001
5656	323.8
5657	323.8
5658	323.70001
5659	323.8
5660	323.90001
5661	324.09999
5662	324.09999
5663	324.09999
5664	324.09999
5665	324.09999
5666	324.29999
5667	323.90001
5668	323.90001
5669	324
5670	324
5671	323.90001
5672	323.8
5673	324
5674	324.09999
5675	324.09999
5676	324.09999
5677	324.2
5678	324.2
5679	324.09999
5680	324.09999
5681	324.09999
5682	324.09999
5683	324.09999
5684	324.09999
5685	324.40001
5686	324.29999
5687	324.09999
5688	324.2
5689	324.40001
5690	324.40001
5691	324.40001
5692	324.40001
5693	324.29999
5694	324.2
5695	324.29999
5696	324.09999
5697	324.09999
5698	324.09999
5699	324.09999
5700	324.09999
5701	324.09999
5702	324.09999
5703	324.09999
5704	324.29999
5705	324.40001
5706	324.09999
5707	324.09999
5708	324.2
5709	324.2
5710	324
5711	324.29999
5712	324.29999
5713	324.09999
5714	324.2
5715	324.29999
5716	324.29999
5717	324.40001
5718	324.29999
5719	324.40001
5720	324.29999
5721	324.09999
5722	324.09999
5723	324.09999
5724	324.2
5725	324.40001
5726	324.2
5727	324.40001
5728	324.40001
5729	324.49999
5730	324.7
5731	324.40001
5732	324.7
5733	324.40001
5734	324.29999
5735	324.29999
5736	324.40001
5737	324.2
5738	324.09999
5739	324
5740	324
5741	324.09999
5742	324.09999
5743	324
5744	324.09999
5745	324.29999
5746	324.29999
5747	324.09999
5748	324.09999
5749	324.09999
5750	324.09999
5751	324
5752	324
5753	324.49999
5754	324.7
5755	324.2
5756	324.40001
5757	324.29999
5758	324.29999
5759	324.29999
5760	324.09999
5761	324.29999
5762	324.29999
5763	324.09999
5764	324
5765	324.09999
5766	324
5767	324.09999
5768	324
5769	323.90001
5770	324.09999
5771	324.2
5772	324.40001
5773	324.29999
5774	324.29999
5775	324.29999
5776	324.2
5777	324.09999
5778	323.90001
5779	324.2
5780	324.2
5781	324.09999
5782	324.09999
5783	323.8
5784	323.8
5785	323.8
5786	323.50001
5787	323.39999
5788	323.59999
5789	323.90001
5790	324.09999
5791	324.09999
5792	324.29999
5793	324.40001
5794	324.60001
5795	324.7
5796	324.80001
5797	324.99999
5798	325.1
5799	325.30001
5800	325.30001
5801	325.50001
5802	325.6
5803	325.70001
5804	325.70001
5805	325.70001
5806	325.70001
5807	325.89999
5808	326.00001
5809	326.00001
5810	326.00001
5811	326.00001
5812	325.89999
5813	326.00001
5814	326.09999
5815	326.09999
5816	326.09999
5817	326.00001
5818	326.00001
5819	326.00001
5820	326.00001
5821	325.89999
5822	325.8
5823	325.89999
5824	326.20001
5825	326.3
5826	326.09999
5827	326.09999
5828	326.09999
5829	326.3
5830	326.20001
5831	326.3
5832	326.3
5833	326.3
5834	326.20001
5835	326.20001
5836	326.3
5837	326.20001
5838	326.3
5839	326.40001
5840	326.3
5841	326.40001
5842	326.40001
5843	326.7
5844	326.59999
5845	326.3
5846	326.00001
5847	326.3
5848	326.3
5849	326.40001
5850	326.20001
5851	326.09999
5852	326.20001
5853	326.00001
5854	325.89999
5855	325.89999
5856	326.00001
5857	326.00001
5858	326.00001
5859	325.8
5860	325.8
5861	325.70001
5862	325.70001
5863	325.39999
5864	325.39999
5865	325.70001
5866	325.89999
5867	325.8
5868	325.70001
5869	325.70001
5870	325.89999
5871	326.00001
5872	325.89999
5873	325.89999
5874	325.70001
5875	325.70001
5876	325.70001
5877	325.70001
5878	325.70001
5879	325.70001
5880	325.70001
5881	325.8
5882	326.09999
5883	325.89999
5884	325.8
5885	325.6
5886	325.70001
5887	325.6
5888	325.50001
5889	325.70001
5890	325.70001
5891	325.89999
5892	325.70001
5893	325.70001
5894	326.00001
5895	326.20001
5896	326.3
5897	326.09999
5898	326.3
5899	326.40001
5900	326.00001
5901	326.09999
5902	325.89999
5903	326.00001
5904	326.40001
5905	326.40001
5906	326.59999
5907	326.3
5908	326.40001
5909	326.5
5910	326.40001
5911	326.40001
5912	326.3
5913	326.3
5914	326.3
5915	326.00001
5916	326.00001
5917	326.00001
5918	326.20001
5919	326.20001
5920	325.89999
5921	326.00001
5922	325.8
5923	325.50001
5924	325.39999
5925	325.50001
5926	325.70001
5927	325.70001
5928	325.70001
5929	325.8
5930	326.00001
5931	326.20001
5932	326.40001
5933	326.7
5934	326.09999
5935	328.3
5936	328.00001
5937	327.89999
5938	327.6
5939	327.30001
5940	327.30001
5941	327.30001
5942	327.4
5943	327.4
5944	327.30001
5945	327.10001
5946	326.90001
5947	326.79999
5948	326.79999
5949	326.90001
5950	326.90001
5951	326.79999
5952	326.90001
5953	326.59999
5954	326.7
5955	326.5
5956	326.5
5957	326.79999
5958	326.99999
5959	326.99999
5960	326.99999
5961	327.10001
5962	327.4
5963	327.6
5964	327.89999
5965	327.89999
5966	328.00001
5967	328.3
5968	328.39999
5969	328.20001
5970	327.80001
5971	327.4
5972	326.59999
5973	324.7
5974	323.39999
5975	321.1
5976	319.00001
5977	317.09999
5978	316.19999
5979	314.90001
5980	313.89999
5981	313.49999
5982	313.10001
5983	312.90001
5984	313.10001
5985	313.30001
5986	313.6
5987	314.3
5988	314.79999
5989	315.29999
5990	316.00001
5991	316.50001
5992	317.09999
5993	317.60001
5994	318.10001
5995	318.6
5996	319.00001
5997	319.3
5998	319.7
5999	320.2
6000	320.80001
6001	320.89999
6002	321.1
6003	321.39999
6004	321.70001
6005	321.70001
6006	321.79999
6007	321.90001
6008	322.10001
6009	322.10001
6010	322.29999
6011	322.29999
6012	322.49999
6013	322.9
6014	322.80001
6015	323.1
6016	323.1
6017	323.39999
6018	323.39999
6019	323.39999
6020	323.39999
6021	323.3
6022	323.70001
6023	323.39999
6024	323.39999
6025	323.39999
6026	323.59999
6027	323.50001
6028	323.70001
6029	323.8
6030	323.8
6031	323.8
6032	323.8
6033	323.90001
6034	323.8
6035	324.09999
6036	323.8
6037	323.8
6038	323.8
6039	324.09999
6040	324.09999
6041	324.09999
6042	324.09999
6043	324.09999
6044	324.40001
6045	324.40001
6046	324.40001
6047	324.40001
6048	324.40001
6049	324.40001
6050	324.40001
6051	324.40001
6052	324.40001
6053	324.40001
6054	324.40001
6055	324.29999
6056	324.49999
6057	324.40001
6058	324.49999
6059	324.60001
6060	324.49999
6061	324.40001
6062	324.49999
6063	324.7
6064	324.49999
6065	324.49999
6066	324.49999
6067	324.40001
6068	324.40001
6069	324.40001
6070	324.40001
6071	324.40001
6072	324.40001
6073	324.40001
6074	324.7
6075	324.40001
6076	324.7
6077	324.40001
6078	324.40001
6079	324.40001
6080	324.49999
6081	324.60001
6082	324.49999
6083	324.49999
6084	324.60001
6085	324.7
6086	324.80001
6087	324.80001
6088	324.60001
6089	324.40001
6090	324.60001
6091	324.60001
6092	324.7
6093	324.60001
6094	324.49999
6095	324.7
6096	324.9
6097	324.7
6098	324.7
6099	324.7
6100	324.9
6101	324.9
6102	324.7
6103	324.7
6104	324.60001
6105	324.7
6106	324.80001
6107	324.7
6108	324.60001
6109	324.7
6110	324.80001
6111	324.99999
6112	324.9
6113	324.80001
6114	324.7
6115	324.7
6116	324.80001
6117	324.80001
6118	324.80001
6119	324.7
6120	324.7
6121	324.7
6122	324.7
6123	324.9
6124	324.80001
6125	324.99999
6126	324.9
6127	324.99999
6128	324.9
6129	324.80001
6130	324.7
6131	324.7
6132	324.99999
6133	324.80001
6134	324.80001
6135	324.7
6136	324.80001
6137	324.99999
6138	324.99999
6139	324.9
6140	324.7
6141	324.7
6142	324.9
6143	324.9
6144	324.60001
6145	324.7
6146	324.60001
6147	324.7
6148	324.80001
6149	324.7
6150	324.7
6151	324.60001
6152	324.7
6153	324.80001
6154	324.9
6155	324.7
6156	324.7
6157	324.49999
6158	324.7
6159	324.49999
6160	324.49999
6161	324.49999
6162	324.40001
6163	324.60001
6164	324.7
6165	324.80001
6166	324.80001
6167	324.60001
6168	324.7
6169	324.7
6170	324.7
6171	324.60001
6172	324.7
6173	324.60001
6174	324.49999
6175	324.60001
6176	324.7
6177	324.7
6178	324.80001
6179	324.9
6180	324.7
6181	324.7
6182	324.80001
6183	324.80001
6184	324.9
6185	324.7
6186	324.60001
6187	324.7
6188	324.7
6189	324.7
6190	324.9
6191	324.7
6192	324.9
6193	324.7
6194	324.7
6195	324.7
6196	324.9
6197	324.49999
6198	324.60001
6199	324.7
6200	324.7
6201	324.60001
6202	324.7
6203	324.49999
6204	324.7
6205	324.7
6206	324.49999
6207	324.60001
6208	324.7
6209	324.80001
6210	324.9
6211	324.7
6212	324.80001
6213	324.7
6214	324.80001
6215	324.7
6216	324.7
6217	324.49999
6218	324.7
6219	324.7
6220	324.80001
6221	324.7
6222	324.7
6223	324.7
6224	324.7
6225	324.7
6226	324.7
6227	324.60001
6228	324.60001
6229	324.7
6230	324.60001
6231	324.60001
6232	324.7
6233	324.60001
6234	324.49999
6235	324.60001
6236	324.7
6237	324.7
6238	324.7
6239	324.49999
6240	324.60001
6241	324.60001
6242	324.49999
6243	324.7
6244	324.7
6245	324.7
6246	324.99999
6247	324.7
6248	324.80001
6249	324.7
6250	324.9
6251	324.60001
6252	324.7
6253	324.9
6254	324.7
6255	324.49999
6256	324.40001
6257	324.09999
6258	323.8
6259	323.70001
6260	323.50001
6261	323.39999
6262	323.39999
6263	323.3
6264	323.19999
6265	323.39999
6266	323.90001
6267	324.09999
6268	324.29999
6269	324.29999
6270	324.60001
6271	324.7
6272	324.99999
6273	325.1
6274	325.30001
6275	325.70001
6276	325.89999
6277	325.70001
6278	325.50001
6279	325.39999
6280	325.6
6281	325.70001
6282	325.8
6283	325.39999
6284	325.39999
6285	325.50001
6286	325.39999
6287	325.6
6288	325.6
6289	325.89999
6290	325.70001
6291	325.50001
6292	325.30001
6293	325.19999
6294	324.99999
6295	324.9
6296	324.9
6297	325.30001
6298	325.50001
6299	325.8
6300	325.89999
6301	326.00001
6302	326.09999
6303	326.40001
6304	326.5
6305	326.5
6306	326.3
6307	326.09999
6308	326.20001
6309	326.20001
6310	326.00001
6311	326.00001
6312	326.00001
6313	326.00001
6314	326.09999
6315	325.89999
6316	325.70001
6317	325.89999
6318	326.00001
6319	325.89999
6320	326.00001
6321	325.89999
6322	325.50001
6323	325.50001
6324	325.39999
6325	325.50001
6326	325.70001
6327	325.8
6328	325.70001
6329	325.8
6330	325.89999
6331	326.00001
6332	325.8
6333	325.70001
6334	325.70001
6335	325.70001
6336	325.6
6337	325.70001
6338	325.70001
6339	326.00001
6340	326.00001
6341	325.8
6342	325.8
6343	326.09999
6344	326.00001
6345	326.00001
6346	326.00001
6347	325.39999
6348	325.19999
6349	325.19999
6350	325.19999
6351	325.39999
6352	325.70001
6353	325.70001
6354	326.00001
6355	326.00001
6356	326.09999
6357	326.09999
6358	326.3
6359	326.3
6360	326.20001
6361	325.70001
6362	325.6
6363	325.70001
6364	325.70001
6365	325.70001
6366	325.8
6367	325.89999
6368	325.70001
6369	325.70001
6370	325.70001
6371	325.89999
6372	326.00001
6373	326.20001
6374	326.20001
6375	326.09999
6376	326.20001
6377	326.00001
6378	326.00001
6379	325.8
6380	325.70001
6381	326.00001
6382	326.09999
6383	326.09999
6384	326.00001
6385	326.00001
6386	326.00001
6387	326.00001
6388	325.89999
6389	326.00001
6390	326.3
6391	326.09999
6392	325.89999
6393	325.89999
6394	325.89999
6395	325.89999
6396	326.00001
6397	326.00001
6398	325.89999
6399	326.09999
6400	326.20001
6401	326.00001
6402	326.00001
6403	325.89999
6404	325.70001
6405	325.6
6406	325.50001
6407	325.70001
6408	325.70001
6409	325.8
6410	325.70001
6411	325.89999
6412	325.70001
6413	326.00001
6414	326.20001
6415	326.20001
6416	326.20001
6417	326.20001
6418	326.09999
6419	326.20001
6420	326.00001
6421	326.3
6422	326.5
6423	326.09999
6424	326.00001
6425	325.89999
6426	325.8
6427	325.8
6428	325.89999
6429	326.00001
6430	326.00001
6431	326.00001
6432	326.20001
6433	326.3
6434	326.3
6435	326.5
6436	326.99999
6437	327.30001
6438	327.49999
6439	327.6
6440	327.80001
6441	327.89999
6442	328.00001
6443	327.80001
6444	327.30001
6445	326.99999
6446	326.5
6447	324.99999
6448	322.9
6449	322.10001
6450	319.59999
6451	317.79999
6452	316.00001
6453	315
6454	314.70001
6455	313.89999
6456	313.6
6457	313.49999
6458	313.80001
6459	314.00001
6460	314.20001
6461	314.70001
6462	315.2
6463	315.80001
6464	316.39999
6465	316.8
6466	317.29999
6467	317.79999
6468	318.30001
6469	318.6
6470	318.89999
6471	319.20001
6472	319.5
6473	319.90001
6474	320.30001
6475	320.49999
6476	320.69999
6477	321.00001
6478	321.39999
6479	321.5
6480	321.70001
6481	321.79999
6482	322
6483	322
6484	322.10001
6485	322.2
6486	322.49999
6487	322.49999
6488	322.49999
6489	322.69999
6490	322.60001
6491	322.80001
6492	322.80001
6493	323.00001
6494	322.80001
6495	323.00001
6496	323.1
6497	323.19999
6498	323.1
6499	323.1
6500	323.1
6501	323.1
6502	323.1
6503	323.19999
6504	323.39999
6505	323.50001
6506	323.39999
6507	323.39999
6508	323.50001
6509	323.59999
6510	323.39999
6511	323.70001
6512	323.70001
6513	323.70001
6514	323.8
6515	323.8
6516	323.90001
6517	323.8
6518	323.90001
6519	323.8
6520	323.70001
6521	323.8
6522	324
6523	324.09999
6524	323.90001
6525	323.00001
6526	322.69999
6527	322.69999
6528	322.80001
6529	322.80001
6530	322.80001
6531	322.9
6532	323.1
6533	323.39999
6534	323.39999
6535	323.70001
6536	323.70001
6537	323.8
6538	323.8
6539	323.90001
6540	324
6541	324
6542	324.09999
6543	324.09999
6544	324
6545	324.09999
6546	324.2
6547	324.09999
6548	324.2
6549	324.09999
6550	324.09999
6551	324.2
6552	324.2
6553	324.09999
6554	324.09999
6555	324.29999
6556	324.2
6557	324
6558	324.09999
6559	324
6560	324
6561	324.09999
6562	324.09999
6563	323.90001
6564	323.8
6565	324.09999
6566	324.2
6567	324.40001
6568	324.40001
6569	324.09999
6570	324.29999
6571	324.40001
6572	324.2
6573	324.2
6574	324.40001
6575	324.40001
6576	324.09999
6577	324.40001
6578	324.40001
6579	324.09999
6580	324.2
6581	324.40001
6582	324.09999
6583	324.40001
6584	324.40001
6585	324.29999
6586	324.40001
6587	324.40001
6588	324.49999
6589	324.40001
6590	324.29999
6591	324.29999
6592	324.09999
6593	324.09999
6594	324.2
6595	324.29999
6596	324.2
6597	324.2
6598	324.40001
6599	324.49999
6600	324.40001
6601	324.40001
6602	324.40001
6603	324.29999
6604	324.29999
6605	324.2
6606	324.29999
6607	324.09999
6608	324.2
6609	324.09999
6610	324.40001
6611	324.29999
6612	324.29999
6613	324.2
6614	324.40001
6615	324.40001
6616	324.49999
6617	324.49999
6618	324.40001
6619	324.2
6620	324.40001
6621	324.40001
6622	324.40001
6623	324.40001
6624	324.60001
6625	324.40001
6626	324.40001
6627	324.09999
6628	324.49999
6629	324.2
6630	324.40001
6631	324.40001
6632	324.40001
6633	324.40001
6634	324.09999
6635	324.09999
6636	324.09999
6637	324.09999
6638	324.09999
6639	324.29999
6640	324.40001
6641	324.40001
6642	324.29999
6643	324.40001
6644	324.29999
6645	324.40001
6646	324.40001
6647	324.49999
6648	324.49999
6649	324.49999
6650	324.60001
6651	324.49999
6652	324.7
6653	324.60001
6654	324.60001
6655	324.7
6656	324.7
6657	324.7
6658	324.7
6659	324.7
6660	324.60001
6661	324.60001
6662	324.40001
6663	324.29999
6664	324.29999
6665	324.40001
6666	324.40001
6667	324.29999
6668	324.29999
6669	324.40001
6670	324.29999
6671	324.2
6672	324.40001
6673	324.40001
6674	324.40001
6675	324.40001
6676	324.29999
6677	324.40001
6678	324.40001
6679	324.40001
6680	324.40001
6681	324.40001
6682	324.29999
6683	324.40001
6684	324.09999
6685	324.2
6686	324.09999
6687	324.29999
6688	324.09999
6689	324.29999
6690	324.40001
6691	324.40001
6692	324.40001
6693	324.29999
6694	324.40001
6695	324.40001
6696	324.2
6697	324.29999
6698	324.29999
6699	324.29999
6700	324.29999
6701	324.40001
6702	324.2
6703	324.2
6704	324.40001
6705	324.09999
6706	324.09999
6707	324.2
6708	324.2
6709	324.09999
6710	324
6711	324.2
6712	324.29999
6713	324.2
6714	324.29999
6715	324.40001
6716	324.40001
6717	324.09999
6718	324.2
6719	324.40001
6720	324.29999
6721	324.40001
6722	324.29999
6723	324.40001
6724	324.29999
6725	324.40001
6726	324.49999
6727	324.29999
6728	324.09999
6729	324.40001
6730	324.40001
6731	324.49999
6732	324.60001
6733	324.49999
6734	324.40001
6735	324.7
6736	324.80001
6737	324.9
6738	325.19999
6739	325.39999
6740	325.50001
6741	325.6
6742	325.89999
6743	326.09999
6744	326.40001
6745	326.7
6746	326.79999
6747	326.99999
6748	327.2
6749	326.99999
6750	326.90001
6751	327.2
6752	327.10001
6753	327.2
6754	327.6
6755	327.6
6756	327.6
6757	327.6
6758	327.4
6759	327.2
6760	327.10001
6761	327.30001
6762	327.4
6763	327.4
6764	327.49999
6765	327.4
6766	327.30001
6767	327.30001
6768	327.30001
6769	327.49999
6770	327.30001
6771	327.49999
6772	327.4
6773	327.6
6774	327.69999
6775	327.69999
6776	327.6
6777	327.89999
6778	327.89999
6779	327.80001
6780	327.80001
6781	327.89999
6782	327.89999
6783	327.80001
6784	327.6
6785	327.69999
6786	327.4
6787	327.2
6788	327.2
6789	327.30001
6790	327.10001
6791	326.99999
6792	326.99999
6793	326.99999
6794	327.2
6795	326.90001
6796	326.99999
6797	326.99999
6798	326.90001
6799	326.90001
6800	327.2
6801	327.2
6802	327.10001
6803	326.90001
6804	327.30001
6805	327.10001
6806	326.99999
6807	326.90001
6808	327.30001
6809	327.2
6810	327.30001
6811	327.30001
6812	327.30001
6813	327.2
6814	327.4
6815	327.2
6816	327.30001
6817	327.30001
6818	327.49999
6819	327.30001
6820	327.30001
6821	327.49999
6822	327.30001
6823	326.99999
6824	326.90001
6825	326.90001
6826	326.79999
6827	326.59999
6828	326.90001
6829	327.10001
6830	327.30001
6831	327.30001
6832	327.49999
6833	327.49999
6834	327.2
6835	327.30001
6836	327.30001
6837	327.4
6838	327.2
6839	327.4
6840	327.10001
6841	327.10001
6842	327.30001
6843	327.4
6844	327.30001
6845	327.4
6846	327.49999
6847	327.49999
6848	327.30001
6849	327.2
6850	327.30001
6851	327.2
6852	327.30001
6853	327.6
6854	327.49999
6855	327.6
6856	327.6
6857	327.69999
6858	327.4
6859	327.4
6860	327.30001
6861	327.10001
6862	327.10001
6863	326.99999
6864	326.99999
6865	327.10001
6866	326.99999
6867	327.10001
6868	327.10001
6869	327.49999
6870	327.4
6871	327.49999
6872	327.49999
6873	327.4
6874	327.49999
6875	327.4
6876	327.6
6877	327.69999
6878	327.80001
6879	327.80001
6880	327.89999
6881	328.00001
6882	328.00001
6883	328.00001
6884	327.6
6885	327.30001
6886	327.4
6887	327.4
6888	327.49999
6889	327.30001
6890	327.30001
6891	327.30001
6892	327.30001
6893	327.30001
6894	327.30001
6895	327.4
6896	327.2
6897	327.2
6898	327.30001
6899	327.4
6900	327.2
6901	327.30001
6902	327.30001
6903	327.2
6904	326.79999
6905	326.59999
6906	326.40001
6907	325.39999
6908	325.70001
6909	325.50001
6910	325.70001
6911	326.00001
6912	326.20001
6913	326.40001
6914	326.40001
6915	326.59999
6916	326.40001
6917	326.3
6918	325.39999
6919	323.90001
6920	321.79999
6921	320.6
6922	318.6
6923	316.50001
6924	314.90001
6925	314.20001
6926	313.10001
6927	312.20001
6928	311.89999
6929	311.69999
6930	311.8
6931	312.20001
6932	312.5
6933	312.79999
6934	313.6
6935	314.39999
6936	314.79999
6937	315.10001
6938	315.80001
6939	316.39999
6940	316.8
6941	317.29999
6942	317.7
6943	318.19999
6944	318.30001
6945	318.6
6946	319.09999
6947	319.40001
6948	319.7
6949	319.90001
6950	320.30001
6951	320.4
6952	320.49999
6953	320.6
6954	320.6
6955	320.89999
6956	321.00001
6957	321.20001
6958	321.3
6959	321.39999
6960	321.5
6961	321.5
6962	321.79999
6963	321.79999
6964	321.79999
6965	322.2
6966	322.10001
6967	322.29999
6968	322.2
6969	322.29999
6970	322.29999
6971	322.4
6972	322.49999
6973	322.49999
6974	322.60001
6975	322.49999
6976	322.49999
6977	322.60001
6978	322.69999
6979	322.80001
6980	322.69999
6981	322.80001
6982	322.69999
6983	322.80001
6984	322.80001
6985	322.9
6986	323.1
6987	323.00001
6988	323.19999
6989	323.3
6990	323.19999
6991	323.39999
6992	323.1
6993	323.1
6994	323.1
6995	323.19999
6996	323.1
6997	323.1
6998	323.00001
6999	323.3
7000	323.1
7001	323.1
7002	323.1
7003	323.39999
7004	323.19999
7005	323.50001
7006	323.39999
7007	323.50001
7008	323.1
7009	323.39999
7010	323.1
7011	323.1
7012	323.1
7013	323.1
7014	323.1
7015	323.19999
7016	323.1
7017	323.1
7018	323.1
7019	323.19999
7020	323.19999
7021	323.1
7022	323.1
7023	323.1
7024	323.19999
7025	323.00001
7026	323.1
7027	323.19999
7028	323.3
7029	323.50001
7030	323.39999
7031	323.39999
7032	323.3
7033	323.39999
7034	323.39999
7035	323.59999
7036	323.50001
7037	323.8
7038	323.8
7039	323.70001
7040	323.70001
7041	323.8
7042	323.50001
7043	323.59999
7044	323.50001
7045	323.59999
7046	323.39999
7047	323.70001
7048	323.59999
7049	323.59999
7050	323.50001
7051	323.50001
7052	323.50001
7053	323.50001
7054	323.39999
7055	323.39999
7056	323.70001
7057	323.59999
7058	323.70001
7059	323.70001
7060	323.8
7061	323.8
7062	323.8
7063	323.8
7064	323.1
7065	321.39999
7066	319.20001
7067	318.8
7068	318.6
7069	319.20001
7070	319.59999
7071	320.2
7072	320.89999
7073	321.39999
7074	321.79999
7075	321.90001
7076	322.2
7077	322.49999
7078	322.80001
7079	322.69999
7080	322.9
7081	323.1
7082	323.1
7083	323.19999
7084	323.19999
7085	323.1
7086	323.1
7087	323.1
7088	323.00001
7089	323.1
7090	323.3
7091	323.1
7092	323.19999
7093	323.3
7094	323.39999
7095	323.39999
7096	323.3
7097	323.1
7098	323.39999
7099	323.39999
7100	323.8
7101	323.8
7102	323.8
7103	323.8
7104	323.8
7105	323.70001
7106	323.59999
7107	323.39999
7108	323.3
7109	323.19999
7110	323.3
7111	323.39999
7112	323.39999
7113	323.39999
7114	323.19999
7115	323.19999
7116	323.39999
7117	323.39999
7118	323.50001
7119	323.70001
7120	323.70001
7121	323.70001
7122	323.8
7123	323.70001
7124	323.70001
7125	323.90001
7126	323.8
7127	324.09999
7128	324.09999
7129	324