1	284.8900146
2	284.980011
3	285
4	285.0799866
5	284.980011
6	284.980011
7	284.8900146
8	284.9100037
9	284.9599915
10	284.9299927
11	284.9100037
12	284.8500061
13	284.8099976
14	284.7900085
15	284.769989
16	284.6799927
17	284.6600037
18	284.5400085
19	284.5400085
20	284.519989
21	284.519989
22	284.4700012
23	284.5799866
24	284.4299927
25	284.4700012
26	284.4700012
27	284.4100037
28	284.4299927
29	284.4299927
30	284.6000061
31	284.6400146
32	284.6400146
33	284.6400146
34	284.5
35	284.4500122
36	284.4500122
37	284.3699951
38	284.3500061
39	284.3699951
40	284.3900146
41	284.519989
42	284.5
43	284.6000061
44	284.5799866
45	284.6400146
46	284.6199951
47	284.6199951
48	284.6600037
49	284.6199951
50	284.4500122
51	284.519989
52	284.519989
53	284.6000061
54	284.6000061
55	284.6600037
56	284.6199951
57	284.5400085
58	284.5400085
59	284.5400085
60	284.5799866
61	284.4700012
62	284.3500061
63	284.2900085
64	284.3299866
65	284.3299866
66	284.3500061
67	284.4700012
68	284.5
69	284.5799866
70	284.6400146
71	284.6400146
72	284.6400146
73	284.6400146
74	284.6600037
75	284.6000061
76	284.4100037
77	284.3900146
78	284.3099976
79	284.3099976
80	284.2900085
81	284.3699951
82	284.3299866
83	284.2900085
84	284.2000122
85	284.1400146
86	284.0799866
87	284.0599976
88	284.1000061
89	284.0599976
90	284.0599976
91	284.3099976
92	284.4500122
93	284.5400085
94	284.75
95	284.8500061
96	284.9299927
97	284.9299927
98	285.1000061
99	285.0799866
100	285.1400146
101	285.1400146
102	285.2900085
103	285.5599976
104	285.5599976
105	285.8500061
106	286
107	286.0599976
108	286.25
109	286.4599915
110	286.4599915
111	286.5
112	286.6900024
113	286.769989
114	286.8399963
115	286.8399963
116	286.8599854
117	286.9200134
118	286.9200134
119	287.0499878
120	287.0700073
121	287.1900024
122	287.2099915
123	287.2600098
124	287.2099915
125	287.1900024
126	287.1099854
127	287.0100098
128	287.0100098
129	287.0100098
130	287.0899963
131	287.1499939
132	287.2099915
133	287.2999878
134	287.3800049
135	287.4700012
136	287.4700012
137	287.5700073
138	287.6499939
139	287.6300049
140	287.6700134
141	287.7799988
142	287.7799988
143	287.7799988
144	287.7600098
145	287.8200073
146	287.8200073
147	287.9500122
148	287.8999939
149	287.9700012
150	287.9299927
151	287.9299927
152	287.8999939
153	287.7799988
154	287.7799988
155	287.7999878
156	287.8200073
157	287.8599854
158	287.8800049
159	287.8800049
160	287.8599854
161	287.8599854
162	287.7600098
163	287.7600098
164	287.7799988
165	287.8800049
166	287.8200073
167	287.8800049
168	287.8800049
169	287.8599854
170	287.9299927
171	287.8999939
172	287.9700012
173	288.0899963
174	288.0299988
175	288.0299988
176	288.0299988
177	288.0700073
178	288.0299988
179	287.9500122
180	287.9700012
181	287.9899902
182	287.9700012
183	287.9500122
184	287.9899902
185	288.0100098
186	288.0100098
187	288.0299988
188	288.0700073
189	288.0899963
190	288.1600037
191	288.1799927
192	288.0499878
193	287.9700012
194	287.9700012
195	287.8999939
196	287.9299927
197	287.8599854
198	287.9299927
199	287.9500122
200	287.9500122
201	288.0299988
202	288.0899963
203	288.1300049
204	288.0899963
205	288.1099854
206	288.0499878
207	288.0499878
208	287.9899902
209	288.0299988
210	288.0299988
211	288.0499878
212	288.0700073
213	288.1300049
214	288.1099854
215	288.0499878
216	288.0700073
217	288.0100098
218	288.0299988
219	287.9500122
220	287.9899902
221	287.9899902
222	287.8999939
223	287.9299927
224	287.8599854
225	287.8399963
226	287.8399963
227	287.7399902
228	287.7000122
229	287.7000122
230	287.7600098
231	287.7399902
232	287.7399902
233	287.7799988
234	287.8200073
235	287.9299927
236	288.0100098
237	288.0299988
238	287.9700012
239	287.9700012
240	287.7799988
241	287.7999878
242	287.8399963
243	287.8200073
244	287.8999939
245	287.9700012
246	287.9700012
247	287.9899902
248	287.9500122
249	287.8999939
250	287.8999939
251	287.8200073
252	287.8200073
253	287.8200073
254	287.8599854
255	287.8599854
256	287.8800049
257	287.8999939
258	287.8399963
259	287.8599854
260	287.8800049
261	287.9299927
262	287.9700012
263	287.9899902
264	287.9500122
265	287.9700012
266	287.9700012
267	287.7799988
268	287.5299988
269	287.2999878
270	287.1499939
271	287.1499939
272	286.980011
273	286.8800049
274	286.8800049
275	286.9200134
276	286.8399963
277	286.8200073
278	286.8200073
279	286.6700134
280	286.5
281	286.4400024
282	286.3599854
283	286.3099976
284	286.269989
285	286.1700134
286	285.730011
287	285.2900085
288	285.1000061
289	284.3099976
290	283.6400146
291	283.3900146
292	283.1600037
293	282.5700073
294	282.3800049
295	282.1700134
296	281.7999878
297	281.6300049
298	281.4599915
299	281.3399963
300	281.1900024
301	280.980011
302	280.9400024
303	281.019989
304	281.0400085
305	281.25
306	281.269989
307	281.3800049
308	281.3599854
309	281.5
310	281.5
311	281.5
312	281.5700073
313	281.6499939
314	281.7799988
315	281.8599854
316	281.8800049
317	281.8800049
318	282.0100098
319	282.0499878
320	281.9599915
321	282.0899963
322	282.2200012
323	282.2600098
324	282.2799988
325	282.2600098
326	282.2399902
327	282.4299927
328	282.5700073
329	282.6600037
330	282.6600037
331	282.8200073
332	282.9100037
333	282.9100037
334	282.9700012
335	282.9500122
336	283.0299988
337	283.1199951
338	283.0499878
339	283.0100098
340	282.9500122
341	282.9299927
342	282.9299927
343	282.8900146
344	282.9100037
345	282.9500122
346	282.9700012
347	283.0700073
348	283.0899963
349	283.0899963
350	283.0700073
351	283.1400146
352	283.2200012
353	283.2799988
354	283.2000122
355	283.2399902
356	283.2399902
357	283.0499878
358	283.0899963
359	283.1400146
360	283.2000122
361	283.1799927
362	283.1799927
363	283.2200012
364	283.3200073
365	283.3200073
366	283.3699951
367	283.4500122
368	283.4700012
369	283.5299988
370	283.5499878
371	283.7000122
372	283.6000061
373	283.4700012
374	283.2999878
375	283.3200073
376	283.2999878
377	283.3699951
378	283.4899902
379	283.5499878
380	283.6400146
381	283.6400146
382	283.6400146
383	283.6799927
384	283.6799927
385	283.6199951
386	283.7200012
387	283.8299866
388	283.8299866
389	283.9500122
390	283.8299866
391	283.8299866
392	283.7600098
393	283.7799988
394	283.7799988
395	283.8299866
396	283.7600098
397	283.7000122
398	283.6199951
399	283.6600037
400	283.6199951
401	283.6799927
402	283.6000061
403	283.4700012
404	283.4299927
405	283.4299927
406	283.6000061
407	283.5299988
408	283.6799927
409	283.7600098
410	283.8500061
411	283.7799988
412	283.6799927
413	283.6799927
414	283.7200012
415	283.6799927
416	283.6400146
417	283.6199951
418	283.6799927
419	283.7799988
420	283.7799988
421	283.7799988
422	283.7799988
423	283.7200012
424	283.8299866
425	283.7399902
426	283.6199951
427	283.6199951
428	283.6400146
429	283.7000122
430	283.7000122
431	283.6400146
432	283.6400146
433	283.6600037
434	283.6400146
435	283.6600037
436	283.7000122
437	283.6600037
438	283.7000122
439	283.6600037
440	283.6799927
441	283.7000122
442	283.7399902
443	283.7600098
444	283.7600098
445	283.6199951
446	283.6000061
447	283.5299988
448	283.6199951
449	283.6199951
450	283.6400146
451	283.8099976
452	283.8099976
453	283.8500061
454	283.7200012
455	283.7000122
456	283.5299988
457	283.5799866
458	283.5799866
459	283.5799866
460	283.7000122
461	283.7399902
462	283.8299866
463	283.8099976
464	283.7799988
465	283.6600037
466	283.6600037
467	283.5499878
468	283.5299988
469	283.6400146
470	283.7600098
471	283.7799988
472	283.7399902
473	283.7200012
474	283.6199951
475	283.5799866
476	283.6000061
477	283.6199951
478	283.6600037
479	283.6799927
480	283.6600037
481	283.6400146
482	283.7200012
483	283.7000122
484	283.7200012
485	283.7000122
486	283.6799927
487	283.7000122
488	283.6799927
489	283.8099976
490	283.7000122
491	283.7000122
492	283.8099976
493	283.7799988
494	283.7799988
495	283.7399902
496	283.7600098
497	283.8099976
498	283.8099976
499	283.8699951
500	283.9100037
501	283.8299866
502	283.9500122
503	283.8900146
504	283.8500061
505	283.8099976
506	283.8900146
507	283.8900146
508	283.9100037
509	283.8299866
510	283.9100037
511	283.9700012
512	283.9700012
513	284.1799927
514	284.1400146
515	284.1400146
516	284.0799866
517	284.0400085
518	283.9299927
519	283.8500061
520	283.8500061
521	283.8099976
522	283.8099976
523	283.8099976
524	283.9100037
525	283.9100037
526	283.9100037
527	283.8099976
528	283.7600098
529	283.7799988
530	283.7799988
531	283.9299927
532	283.9100037
533	283.8900146
534	283.8099976
535	283.6799927
536	283.7200012
537	283.7200012
538	283.7600098
539	283.8299866
540	283.7600098
541	283.7799988
542	283.7000122
543	283.7600098
544	283.7399902
545	283.6600037
546	283.6600037
547	283.7799988
548	283.8099976
549	283.7600098
550	283.7000122
551	283.6600037
552	283.6799927
553	283.7000122
554	283.7200012
555	283.8099976
556	283.7799988
557	283.7399902
558	283.7600098
559	283.6799927
560	283.7399902
561	283.7000122
562	283.7000122
563	283.8299866
564	283.9299927
565	284.0100098
566	284.1799927
567	284.3099976
568	284.4700012
569	284.4700012
570	284.6600037
571	284.75
572	284.8099976
573	285
574	285.0799866
575	285.1000061
576	285.1900024
577	285.2900085
578	285.5
579	285.6000061
580	285.7099915
581	285.7099915
582	285.75
583	285.8500061
584	285.980011
585	286.0400085
586	286.1499939
587	286.2099915
588	286.2099915
589	286.3800049
590	286.3800049
591	286.519989
592	286.519989
593	286.6099854
594	286.6099854
595	286.6700134
596	286.769989
597	286.8800049
598	286.9400024
599	286.9599915
600	286.9599915
601	286.9599915
602	287.0899963
603	287.0899963
604	287.0700073
605	287.0899963
606	287.0899963
607	287.1300049
608	287.1300049
609	287.2399902
610	287.2799988
611	287.1900024
612	287.2799988
613	287.3599854
614	287.3800049
615	287.3999939
616	287.4899902
617	287.5100098
618	287.4700012
619	287.4899902
620	287.4400024
621	287.4200134
622	287.3399963
623	287.2999878
624	287.3200073
625	287.4400024
626	287.3399963
627	287.3599854
628	287.4200134
629	287.3599854
630	287.4700012
631	287.4899902
632	287.4700012
633	287.4700012
634	287.4899902
635	287.5899963
636	287.5899963
637	287.6300049
638	287.6300049
639	287.7000122
640	287.7000122
641	287.7000122
642	287.6499939
643	287.7600098
644	287.7399902
645	287.7799988
646	287.7999878
647	287.8200073
648	287.5899963
649	287.6499939
650	287.6499939
651	287.7600098
652	287.7999878
653	287.7999878
654	287.7200012
655	287.6099854
656	287.5899963
657	287.6700134
658	287.7000122
659	287.7000122
660	287.6700134
661	287.7000122
662	287.7200012
663	287.7999878
664	287.7399902
665	287.7399902
666	287.7399902
667	287.7200012
668	287.6700134
669	287.6499939
670	287.7799988
671	287.7999878
672	287.7999878
673	287.7600098
674	287.7200012
675	287.5899963
676	287.6300049
677	287.7399902
678	287.7799988
679	287.7799988
680	287.7200012
681	287.7999878
682	287.7399902
683	287.7200012
684	287.7799988
685	287.7200012
686	287.7000122
687	287.5299988
688	287.4700012
689	287.5299988
690	287.5700073
691	287.5100098
692	287.5100098
693	287.5299988
694	287.5499878
695	287.6099854
696	287.6499939
697	287.6700134
698	287.7200012
699	287.7000122
700	287.7799988
701	287.7799988
702	287.8399963
703	287.7399902
704	287.7399902
705	287.7200012
706	287.7200012
707	287.7799988
708	287.7399902
709	287.8599854
710	287.8599854
711	287.8599854
712	287.8800049
713	287.8200073
714	287.7999878
715	287.6300049
716	287.7399902
717	287.7999878
718	287.7999878
719	287.8599854
720	287.8800049
721	287.8200073
722	287.9299927
723	287.8999939
724	287.8399963
725	287.8999939
726	287.8399963
727	287.8399963
728	287.7600098
729	287.7399902
730	287.7399902
731	287.7399902
732	287.7399902
733	287.6099854
734	287.6499939
735	287.7200012
736	287.7399902
737	287.8399963
738	287.7999878
739	287.7999878
740	287.5899963
741	287.3399963
742	287.1900024
743	287.1900024
744	287.0499878
745	286.8999939
746	286.8800049
747	286.9400024
748	286.8200073
749	286.8200073
750	286.8200073
751	286.6499939
752	286.5400085
753	286.5
754	286.5
755	286.3999939
756	286.269989
757	286.25
758	286.1499939
759	286.0599976
760	285.3500061
761	284.519989
762	283.9100037
763	283.5499878
764	283.2999878
765	282.6300049
766	282.3200073
767	281.7999878
768	281.4200134
769	281.269989
770	280.9400024
771	280.8800049
772	280.480011
773	280.3800049
774	280.4400024
775	280.4400024
776	280.769989
777	280.980011
778	280.980011
779	281.0899963
780	281.019989
781	281.0700073
782	281.0700073
783	281.0400085
784	281.1499939
785	281.1700134
786	281.25
787	281.2999878
788	281.3800049
789	281.3800049
790	281.480011
791	281.6099854
792	281.6499939
793	281.6099854
794	281.7099915
795	281.8200073
796	281.8200073
797	282.0100098
798	282.0299988
799	282.0499878
800	282.1099854
801	282.0700073
802	282.1099854
803	282.1499939
804	282.3200073
805	282.3200073
806	282.3800049
807	282.2799988
808	282.2600098
809	282.3200073
810	282.3999939
811	282.5700073
812	282.6600037
813	282.7600098
814	282.7600098
815	282.6799927
816	282.6799927
817	282.6099854
818	282.7399902
819	282.7600098
820	282.7200012
821	282.7200012
822	282.8900146
823	282.9100037
824	283.0100098
825	283.0100098
826	283.0100098
827	283.0100098
828	283.0499878
829	283.0100098
830	283.1799927
831	283.1799927
832	283.2999878
833	283.3200073
834	283.3500061
835	283.2799988
836	283.2200012
837	283.2600098
838	283.2999878
839	283.3500061
840	283.3500061
841	283.2799988
842	283.2999878
843	283.2799988
844	283.1799927
845	283.1400146
846	283.1400146
847	283.1799927
848	283.3500061
849	283.2999878
850	283.2799988
851	283.2799988
852	283.2600098
853	283.2600098
854	283.3900146
855	283.3900146
856	283.3200073
857	283.2999878
858	283.2000122
859	283.2200012
860	283.2200012
861	283.3200073
862	283.2999878
863	283.3200073
864	283.3200073
865	283.4299927
866	283.3500061
867	283.3500061
868	283.4100037
869	283.4899902
870	283.4700012
871	283.4500122
872	283.3900146
873	283.3699951
874	283.4299927
875	283.4500122
876	283.3900146
877	283.4500122
878	283.4700012
879	283.4500122
880	283.4700012
881	283.4899902
882	283.5799866
883	283.6199951
884	283.6799927
885	283.6799927
886	283.5799866
887	283.5799866
888	283.6199951
889	283.5100098
890	283.4500122
891	283.3699951
892	283.3699951
893	283.3699951
894	283.4700012
895	283.5100098
896	283.5100098
897	283.5100098
898	283.3900146
899	283.4500122
900	283.5299988
901	283.5299988
902	283.5499878
903	283.4500122
904	283.6799927
905	283.7200012
906	283.6799927
907	283.7000122
908	283.6600037
909	283.6600037
910	283.8099976
911	283.8500061
912	283.9299927
913	283.9500122
914	283.9899902
915	284.0400085
916	283.9899902
917	283.9899902
918	283.7399902
919	283.7799988
920	283.7399902
921	283.7600098
922	283.7600098
923	283.7200012
924	283.7200012
925	283.6400146
926	283.6799927
927	283.6799927
928	283.5799866
929	283.5799866
930	283.5799866
931	283.5799866
932	283.6000061
933	283.6400146
934	283.6400146
935	283.6000061
936	283.7200012
937	283.7600098
938	283.7799988
939	283.7799988
940	283.7200012
941	283.7000122
942	283.7399902
943	283.6600037
944	283.6600037
945	283.5799866
946	283.6799927
947	283.8099976
948	283.7799988
949	283.8900146
950	283.8699951
951	283.9100037
952	283.9700012
953	283.9899902
954	283.9100037
955	283.9299927
956	283.9299927
957	283.9299927
958	283.9500122
959	283.8900146
960	283.9299927
961	283.8099976
962	283.8299866
963	283.8299866
964	283.7600098
965	283.6600037
966	283.6600037
967	283.7000122
968	283.7600098
969	283.7200012
970	283.7399902
971	283.8500061
972	283.8699951
973	283.7799988
974	283.6799927
975	283.7799988
976	283.7200012
977	283.7200012
978	283.5799866
979	283.5100098
980	283.5799866
981	283.6000061
982	283.6600037
983	283.5499878
984	283.5499878
985	283.5100098
986	283.4700012
987	283.4299927
988	283.5100098
989	283.4899902
990	283.5799866
991	283.5799866
992	283.6799927
993	283.7799988
994	283.8500061
995	283.8500061
996	283.8500061
997	283.8299866
998	283.9100037
999	283.8699951
1000	283.7000122
1001	283.6799927
1002	283.6799927
1003	283.7399902
1004	283.6799927
1005	283.6600037
1006	283.7200012
1007	283.7000122
1008	283.6400146
1009	283.6400146
1010	283.5100098
1011	283.5100098
1012	283.6199951
1013	283.6400146
1014	283.6199951
1015	283.5799866
1016	283.6199951
1017	283.6600037
1018	283.6799927
1019	283.6400146
1020	283.7600098
1021	283.7000122
1022	283.7200012
1023	283.7200012
1024	283.5499878
1025	283.4700012
1026	283.5299988
1027	283.5299988
1028	283.6600037
1029	283.6199951
1030	283.6199951
1031	283.5499878
1032	283.6199951
1033	283.6199951
1034	283.6199951
1035	283.7399902
1036	283.7200012
1037	283.8299866
1038	283.9500122
1039	283.9700012
1040	284.2000122
1041	284.2000122
1042	284.5400085
1043	284.75
1044	284.8299866
1045	284.980011
1046	285.0400085
1047	285.0799866
1048	285.1199951
1049	285.269989
1050	285.3099976
1051	285.519989
1052	285.8099976
1053	285.9400024
1054	286.1099854
1055	286.1900024
1056	286.3399963
1057	286.3099976
1058	286.4200134
1059	286.6700134
1060	286.5899963
1061	286.6900024
1062	286.75
1063	286.8200073
1064	286.8999939
1065	286.7999878
1066	286.7999878
1067	286.9400024
1068	286.9400024
1069	287.0499878
1070	287.1499939
1071	287.2099915
1072	287.2999878
1073	287.2999878
1074	287.3599854
1075	287.4700012
1076	287.5100098
1077	287.6099854
1078	287.5899963
1079	287.6499939
1080	287.7200012
1081	287.7200012
1082	287.6300049
1083	287.7200012
1084	287.7999878
1085	287.8800049
1086	287.8800049
1087	287.8999939
1088	287.8999939
1089	287.8999939
1090	287.9299927
1091	287.8999939
1092	287.9500122
1093	287.7600098
1094	287.7200012
1095	287.6300049
1096	287.5899963
1097	287.6099854
1098	287.6099854
1099	287.7399902
1100	287.7000122
1101	287.6499939
1102	287.6700134
1103	287.7000122
1104	287.7600098
1105	287.7600098
1106	287.8599854
1107	287.8800049
1108	287.8800049
1109	287.8999939
1110	287.8200073
1111	287.8200073
1112	287.8200073
1113	287.8999939
1114	287.8800049
1115	287.8399963
1116	287.8599854
1117	287.8800049
1118	287.8399963
1119	287.8399963
1120	287.7999878
1121	287.8800049
1122	287.8999939
1123	287.9500122
1124	287.8399963
1125	287.8999939
1126	287.9299927
1127	287.9700012
1128	287.9899902
1129	287.8999939
1130	287.8599854
1131	287.8599854
1132	287.8200073
1133	287.8800049
1134	287.9299927
1135	287.8599854
1136	287.8200073
1137	287.8200073
1138	287.8999939
1139	287.9299927
1140	287.8200073
1141	287.8800049
1142	287.9700012
1143	287.9899902
1144	287.9899902
1145	287.9899902
1146	287.9899902
1147	287.9899902
1148	287.9299927
1149	288.0299988
1150	288.0100098
1151	287.9899902
1152	288.0499878
1153	287.9700012
1154	287.8800049
1155	287.8399963
1156	287.7600098
1157	287.8200073
1158	287.8200073
1159	287.7799988
1160	287.8399963
1161	287.8599854
1162	287.7600098
1163	287.7799988
1164	287.7999878
1165	287.7999878
1166	287.8599854
1167	287.8399963
1168	287.9500122
1169	287.9500122
1170	287.8399963
1171	287.7600098
1172	287.7399902
1173	287.7399902
1174	287.7999878
1175	287.7200012
1176	287.7200012
1177	287.8399963
1178	287.8599854
1179	287.9500122
1180	287.8800049
1181	287.8599854
1182	287.7200012
1183	287.7200012
1184	287.7000122
1185	287.7399902
1186	287.7000122
1187	287.7600098
1188	287.6700134
1189	287.7200012
1190	287.6300049
1191	287.7600098
1192	287.8800049
1193	287.9700012
1194	287.8999939
1195	288.0299988
1196	288.0299988
1197	287.9700012
1198	288.0299988
1199	288.0299988
1200	288.0700073
1201	288.0100098
1202	288.0100098
1203	287.9899902
1204	287.9500122
1205	288.0100098
1206	288.0299988
1207	287.8599854
1208	287.8599854
1209	287.7999878
1210	287.8200073
1211	287.7399902
1212	287.7600098
1213	287.6099854
1214	287.4400024
1215	287.4400024
1216	287.2099915
1217	287.1900024
1218	287.0499878
1219	287.0499878
1220	286.8999939
1221	286.8200073
1222	286.769989
1223	286.6300049
1224	286.519989
1225	286.5400085
1226	286.519989
1227	286.5
1228	286.3800049
1229	286.3999939
1230	286.1700134
1231	286.0799866
1232	285.7900085
1233	285.1000061
1234	284.8099976
1235	284.0799866
1236	283.6600037
1237	283.0100098
1238	282.6099854
1239	282.2200012
1240	281.8200073
1241	281.5
1242	281.1300049
1243	280.9200134
1244	280.6300049
1245	280.5599976
1246	280.5799866
1247	280.5799866
1248	280.4200134
1249	280.3299866
1250	280.3500061
1251	280.3999939
1252	280.5
1253	280.6499939
1254	280.6499939
1255	280.75
1256	280.8399963
1257	280.8999939
1258	281.0400085
1259	281
1260	281.0700073
1261	281.0899963
1262	281.25
1263	281.3800049
1264	281.5899963
1265	281.8399963
1266	281.9599915
1267	281.9400024
1268	281.8999939
1269	281.8800049
1270	281.8999939
1271	282.0100098
1272	282.1300049
1273	282.2999878
1274	282.2799988
1275	282.3200073
1276	282.2799988
1277	282.3800049
1278	282.3200073
1279	282.3200073
1280	282.3399963
1281	282.3599854
1282	282.3999939
1283	282.4299927
1284	282.3599854
1285	282.3599854
1286	282.3599854
1287	282.2999878
1288	282.3200073
1289	282.4500122
1290	282.4500122
1291	282.5299988
1292	282.6799927
1293	282.6799927
1294	282.7200012
1295	282.7399902
1296	282.8399963
1297	282.9500122
1298	282.9500122
1299	282.8900146
1300	282.8599854
1301	282.8200073
1302	282.8900146
1303	282.9100037
1304	282.9299927
1305	282.9899902
1306	283.0299988
1307	283.0499878
1308	283.1600037
1309	283.1400146
1310	283.0499878
1311	283.1199951
1312	283.1600037
1313	283.1400146
1314	283.0899963
1315	283.1400146
1316	283.1400146
1317	283.2799988
1318	283.2799988
1319	283.2000122
1320	283.0700073
1321	283.1400146
1322	283.1799927
1323	283.2399902
1324	283.2200012
1325	283.2200012
1326	283.2200012
1327	283.2200012
1328	283.2399902
1329	283.2000122
1330	283.2000122
1331	283.2000122
1332	283.1799927
1333	283.1799927
1334	283.1600037
1335	283.2200012
1336	283.2399902
1337	283.2600098
1338	283.2999878
1339	283.2999878
1340	283.4100037
1341	283.4700012
1342	283.5499878
1343	283.4899902
1344	283.4500122
1345	283.3699951
1346	283.4100037
1347	283.3200073
1348	283.3699951
1349	283.2999878
1350	283.2999878
1351	283.2999878
1352	283.3500061
1353	283.2799988
1354	283.2600098
1355	283.2200012
1356	283.2799988
1357	283.2799988
1358	283.2399902
1359	283.2200012
1360	283.2200012
1361	283.3200073
1362	283.3200073
1363	283.2600098
1364	283.2600098
1365	283.3200073
1366	283.2999878
1367	283.2399902
1368	283.3699951
1369	283.3699951
1370	283.3500061
1371	283.2999878
1372	283.2000122
1373	283.2000122
1374	283.2799988
1375	283.4299927
1376	283.4500122
1377	283.4700012
1378	283.3900146
1379	283.3200073
1380	283.4299927
1381	283.4700012
1382	283.6400146
1383	283.6400146
1384	283.6199951
1385	283.5299988
1386	283.4899902
1387	283.6000061
1388	283.7200012
1389	283.7200012
1390	283.6199951
1391	283.6000061
1392	283.6000061
1393	283.8099976
1394	283.8299866
1395	283.8699951
1396	283.8699951
1397	283.8099976
1398	283.7399902
1399	283.7000122
1400	283.6199951
1401	283.6600037
1402	283.6199951
1403	283.6000061
1404	283.6000061
1405	283.6199951
1406	283.7000122
1407	283.7200012
1408	283.6400146
1409	283.5499878
1410	283.6199951
1411	283.6799927
1412	283.7799988
1413	283.7399902
1414	283.7399902
1415	283.7600098
1416	283.8299866
1417	283.7399902
1418	283.6400146
1419	283.6400146
1420	283.5799866
1421	283.5799866
1422	283.5799866
1423	283.6199951
1424	283.7000122
1425	283.6000061
1426	283.6000061
1427	283.5499878
1428	283.5499878
1429	283.7000122
1430	283.6600037
1431	283.7200012
1432	283.6199951
1433	283.6799927
1434	283.6400146
1435	283.6400146
1436	283.6600037
1437	283.6000061
1438	283.5100098
1439	283.5499878
1440	283.5100098
1441	283.5100098
1442	283.4500122
1443	283.4899902
1444	283.5499878
1445	283.7200012
1446	283.8299866
1447	283.7799988
1448	283.7600098
1449	283.7600098
1450	283.8699951
1451	283.8500061
1452	283.7200012
1453	283.6000061
1454	283.6400146
1455	283.6199951
1456	283.6199951
1457	283.4299927
1458	283.4700012
1459	283.4100037
1460	283.4100037
1461	283.4899902
1462	283.6400146
1463	283.6000061
1464	283.4899902
1465	283.4899902
1466	283.5299988
1467	283.5299988
1468	283.5799866
1469	283.6400146
1470	283.6400146
1471	283.6799927
1472	283.7200012
1473	283.7200012
1474	283.7600098
1475	283.7399902
1476	283.7600098
1477	283.7600098
1478	283.7200012
1479	283.7399902
1480	283.7799988
1481	283.7799988
1482	283.8900146
1483	283.9100037
1484	283.8299866
1485	283.8299866
1486	283.8299866
1487	283.8500061
1488	283.8699951
1489	283.6400146
1490	283.6000061
1491	283.6199951
1492	283.5499878
1493	283.6199951
1494	283.7399902
1495	283.7200012
1496	283.7600098
1497	283.7399902
1498	283.6799927
1499	283.6799927
1500	283.6000061
1501	283.6600037
1502	283.6600037
1503	283.7000122
1504	283.6000061
1505	283.6000061
1506	283.6000061
1507	283.6799927
1508	283.7799988
1509	283.6600037
1510	283.7600098
1511	283.8900146
1512	283.8900146
1513	283.8900146
1514	284.1199951
1515	284.1799927
1516	284.3099976
1517	284.3500061
1518	284.4299927
1519	284.4700012
1520	284.519989
1521	284.8900146
1522	285.0599976
1523	285.3299866
1524	285.480011
1525	285.5
1526	285.6000061
1527	285.6499939
1528	285.8500061
1529	286.0599976
1530	286.1300049
1531	286.1300049
1532	286.1099854
1533	286.0799866
1534	286.2099915
1535	286.2099915
1536	286.3099976
1537	286.3999939
1538	286.3999939
1539	286.3800049
1540	286.4599915
1541	286.5
1542	286.6300049
1543	286.730011
1544	286.6700134
1545	286.6300049
1546	286.769989
1547	286.8399963
1548	286.8200073
1549	286.8800049
1550	286.8399963
1551	286.8200073
1552	286.7999878
1553	286.8399963
1554	286.8599854
1555	286.8999939
1556	286.8999939
1557	286.7999878
1558	286.8599854
1559	286.9200134
1560	287.0700073
1561	287.0899963
1562	287.1099854
1563	287.1300049
1564	287.1900024
1565	287.2600098
1566	287.1900024
1567	287.1900024
1568	287.1499939
1569	287.1700134
1570	287.1700134
1571	287.2999878
1572	287.3800049
1573	287.3800049
1574	287.4200134
1575	287.3999939
1576	287.3200073
1577	287.3200073
1578	287.3599854
1579	287.4400024
1580	287.5100098
1581	287.4899902
1582	287.5499878
1583	287.5700073
1584	287.4899902
1585	287.5299988
1586	287.4899902
1587	287.5499878
1588	287.5299988
1589	287.4200134
1590	287.3800049
1591	287.2999878
1592	287.2799988
1593	287.3399963
1594	287.2999878
1595	287.2799988
1596	287.2799988
1597	287.2399902
1598	287.2999878
1599	287.2099915
1600	287.2099915
1601	287.2399902
1602	287.2399902
1603	287.2999878
1604	287.1900024
1605	287.2399902
1606	287.3399963
1607	287.3800049
1608	287.3800049
1609	287.3800049
1610	287.4700012
1611	287.4899902
1612	287.4700012
1613	287.5100098
1614	287.4700012
1615	287.4899902
1616	287.4899902
1617	287.4200134
1618	287.4400024
1619	287.5299988
1620	287.5499878
1621	287.5499878
1622	287.5100098
1623	287.6099854
1624	287.5299988
1625	287.5299988
1626	287.6499939
1627	287.5499878
1628	287.4700012
1629	287.4700012
1630	287.3599854
1631	287.3599854
1632	287.4700012
1633	287.4899902
1634	287.5700073
1635	287.5700073
1636	287.5700073
1637	287.6099854
1638	287.7000122
1639	287.6700134
1640	287.6099854
1641	287.6099854
1642	287.6099854
1643	287.5299988
1644	287.5700073
1645	287.4899902
1646	287.4899902
1647	287.4899902
1648	287.4899902
1649	287.5499878
1650	287.5299988
1651	287.4899902
1652	287.4899902
1653	287.5299988
1654	287.5100098
1655	287.5299988
1656	287.6300049
1657	287.6099854
1658	287.5700073
1659	287.5499878
1660	287.5499878
1661	287.6300049
1662	287.6300049
1663	287.6499939
1664	287.5700073
1665	287.6300049
1666	287.6099854
1667	287.7200012
1668	287.5700073
1669	287.5499878
1670	287.4700012
1671	287.4899902
1672	287.4400024
1673	287.4400024
1674	287.3800049
1675	287.3200073
1676	287.3599854
1677	287.2999878
1678	287.2999878
1679	287.2799988
1680	287.2799988
1681	287.3800049
1682	287.3599854
1683	287.4700012
1684	287.4700012
1685	287.4400024
1686	287.2799988
1687	287.2799988
1688	286.9400024
1689	286.8599854
1690	286.75
1691	286.730011
1692	286.6900024
1693	286.6300049
1694	286.6900024
1695	286.480011
1696	286.4200134
1697	286.3800049
1698	286.2900085
1699	286.3399963
1700	286.3099976
1701	286.2900085
1702	286.1499939
1703	285.9200134
1704	285.3500061
1705	284.8500061
1706	284.7000122
1707	284.3500061
1708	284.2399902
1709	284.2399902
1710	284.0100098
1711	283.5799866
1712	283.5799866
1713	282.4500122
1714	281.8599854
1715	281.5499878
1716	281.019989
1717	280.75
1718	280.5
1719	280.5
1720	280.25
1721	280.2900085
1722	280.2900085
1723	280.1700134
1724	280.1700134
1725	280.1900024
1726	280.230011
1727	280.0400085
1728	280.1700134
1729	280.1700134
1730	280.3999939
1731	280.5
1732	280.5599976
1733	280.6099854
1734	280.6900024
1735	280.6300049
1736	280.6700134
1737	280.6900024
1738	280.7099915
1739	280.8800049
1740	280.980011
1741	281.0400085
1742	281.019989
1743	281.1300049
1744	281.1300049
1745	281.25
1746	281.3800049
1747	281.5
1748	281.6700134
1749	281.7799988
1750	281.9599915
1751	281.9599915
1752	282.0499878
1753	282.0100098
1754	282.0100098
1755	282.0100098
1756	281.9599915
1757	282.1099854
1758	282.1099854
1759	282.1499939
1760	282.2200012
1761	282.2399902
1762	282.2799988
1763	282.3800049
1764	282.3800049
1765	282.3999939
1766	282.5299988
1767	282.6300049
1768	282.7799988
1769	282.7600098
1770	282.7600098
1771	282.6600037
1772	282.7000122
1773	282.6600037
1774	282.7200012
1775	282.6600037
1776	282.6799927
1777	282.6799927
1778	282.7399902
1779	282.8200073
1780	282.9100037
1781	282.8900146
1782	282.7799988
1783	282.7799988
1784	282.7799988
1785	282.7000122
1786	282.7000122
1787	282.7000122
1788	282.7399902
1789	282.8200073
1790	282.8200073
1791	282.8900146
1792	282.8399963
1793	282.8900146
1794	282.9100037
1795	282.8900146
1796	282.9700012
1797	282.9500122
1798	282.9500122
1799	282.9500122
1800	282.9700012
1801	282.9100037
1802	282.9100037
1803	282.9500122
1804	283.0499878
1805	283.2399902
1806	283.2399902
1807	283.3500061
1808	283.3200073
1809	283.2600098
1810	283.2399902
1811	283.1799927
1812	283.2600098
1813	283.2000122
1814	283.2000122
1815	283.0899963
1816	283.0899963
1817	283.0700073
1818	283.0100098
1819	283.1199951
1820	283.0899963
1821	283.0499878
1822	283.0499878
1823	283.1400146
1824	283.1600037
1825	283.2200012
1826	283.1600037
1827	283.1600037
1828	283.0899963
1829	283.0899963
1830	283.0100098
1831	283.0700073
1832	283.0899963
1833	283.1199951
1834	283.1400146
1835	283.0899963
1836	283.2399902
1837	283.2399902
1838	283.1799927
1839	283.2000122
1840	283.1400146
1841	283.1799927
1842	283.2200012
1843	283.2000122
1844	283.0899963
1845	283.1400146
1846	283.1199951
1847	283.2000122
1848	283.2600098
1849	283.2000122
1850	283.1600037
1851	283.3500061
1852	283.5299988
1853	283.5499878
1854	283.5499878
1855	283.4700012
1856	283.4100037
1857	283.3200073
1858	283.4100037
1859	283.4100037
1860	283.3500061
1861	283.3500061
1862	283.2799988
1863	283.3500061
1864	283.2600098
1865	283.2799988
1866	283.2600098
1867	283.3900146
1868	283.3900146
1869	283.5299988
1870	283.4700012
1871	283.5299988
1872	283.5299988
1873	283.4100037
1874	283.4299927
1875	283.3699951
1876	283.2200012
1877	283.2799988
1878	283.3200073
1879	283.2399902
1880	283.2799988
1881	283.2600098
1882	283.2399902
1883	283.2399902
1884	283.2399902
1885	283.2000122
1886	283.2399902
1887	283.2000122
1888	283.1799927
1889	283.1400146
1890	283.1199951
1891	283.0100098
1892	283.0700073
1893	283.0700073
1894	283.0499878
1895	283.1400146
1896	283.2799988
1897	283.3200073
1898	283.3900146
1899	283.4500122
1900	283.4500122
1901	283.3200073
1902	283.2999878
1903	283.3200073
1904	283.4500122
1905	283.2799988
1906	283.3200073
1907	283.2600098
1908	283.2600098
1909	283.2999878
1910	283.2999878
1911	283.2399902
1912	283.1199951
1913	283.2200012
1914	283.2200012
1915	283.1199951
1916	283.1400146
1917	283.0499878
1918	283.0899963
1919	283.0499878
1920	283.2000122
1921	283.1600037
1922	283.1799927
1923	283.1199951
1924	283.2000122
1925	283.2000122
1926	283.1799927
1927	283.0700073
1928	283.2000122
1929	283.0899963
1930	282.9899902
1931	283.0100098
1932	283.0100098
1933	283.2200012
1934	283.2200012
1935	283.1400146
1936	283.1600037
1937	283.1199951
1938	283.1199951
1939	283.1199951
1940	282.9700012
1941	283.0499878
1942	283.0899963
1943	282.9899902
1944	282.9299927
1945	283.0299988
1946	282.9899902
1947	283.1400146
1948	283.1400146
1949	283.2000122
1950	283.2600098
1951	283.2200012
1952	283.1600037
1953	282.9899902
1954	283.0899963
1955	283.0899963
1956	283.1400146
1957	283.0100098
1958	283.0499878
1959	283.1799927
1960	283.2000122
1961	283.2200012
1962	283.2799988
1963	283.2200012
1964	283.2200012
1965	283.2399902
1966	283.2200012
1967	283.2399902
1968	283.2600098
1969	283.2799988
1970	283.2799988
1971	283.2799988
1972	283.1799927
1973	283.1799927
1974	283.0899963
1975	283.0899963
1976	283.0700073
1977	283.1199951
1978	283.1600037
1979	283.1600037
1980	283.1199951
1981	283.1199951
1982	283.1199951
1983	283.2799988
1984	283.3900146
1985	283.4700012
1986	283.4700012
1987	283.5799866
1988	283.6799927
1989	283.8099976
1990	283.8099976
1991	284.0799866
1992	284.0799866
1993	284.1799927
1994	284.269989
1995	284.5
1996	284.5
1997	284.730011
1998	284.8500061
1999	284.9100037
2000	285.0799866
2001	285.2099915
2002	285.3099976
2003	285.3099976
2004	285.4400024
2005	285.5799866
2006	285.6000061
2007	285.6199951
2008	285.730011
2009	285.8299866
2010	285.8299866
2011	286.0400085
2012	286.0799866
2013	286.1900024
2014	286.25
2015	286.269989
2016	286.230011
2017	286.3099976
2018	286.3800049
2019	286.3599854
2020	286.3800049
2021	286.3800049
2022	286.4599915
2023	286.4400024
2024	286.480011
2025	286.5400085
2026	286.5899963
2027	286.5
2028	286.6099854
2029	286.6700134
2030	286.7999878
2031	286.730011
2032	286.8800049
2033	287.0100098
2034	287.0499878
2035	287.0499878
2036	286.9400024
2037	286.9400024
2038	286.9200134
2039	286.9400024
2040	287.0100098
2041	287.0100098
2042	287.0100098
2043	287.1099854
2044	287.2099915
2045	287.2099915
2046	287.2099915
2047	287.2099915
2048	287.2099915
2049	287.1900024
2050	287.2399902
2051	287.2099915
2052	287.1300049
2053	287.1700134
2054	287.2399902
2055	287.2099915
2056	287.1900024
2057	287.2399902
2058	287.2600098
2059	287.2399902
2060	287.2099915
2061	287.2600098
2062	287.2799988
2063	287.3200073
2064	287.3599854
2065	287.4400024
2066	287.4400024
2067	287.4700012
2068	287.4899902
2069	287.4700012
2070	287.4700012
2071	287.3599854
2072	287.4200134
2073	287.3599854
2074	287.3599854
2075	287.4400024
2076	287.3200073
2077	287.2999878
2078	287.1700134
2079	287.1900024
2080	287.2999878
2081	287.2999878
2082	287.2999878
2083	287.1900024
2084	287.1700134
2085	287.1099854
2086	287.1300049
2087	287.1700134
2088	287.2600098
2089	287.2799988
2090	287.2799988
2091	287.1700134
2092	287.2099915
2093	287.1099854
2094	287.1499939
2095	287.2999878
2096	287.3999939
2097	287.3800049
2098	287.3999939
2099	287.3800049
2100	287.3999939
2101	287.3599854
2102	287.4400024
2103	287.4200134
2104	287.3599854
2105	287.2999878
2106	287.2999878
2107	287.2600098
2108	287.2799988
2109	287.2999878
2110	287.3599854
2111	287.4200134
2112	287.3999939
2113	287.3999939
2114	287.3800049
2115	287.3999939
2116	287.3999939
2117	287.3800049
2118	287.3800049
2119	287.2999878
2120	287.2999878
2121	287.2600098
2122	287.2099915
2123	287.2600098
2124	287.2999878
2125	287.2600098
2126	287.2799988
2127	287.2999878
2128	287.3800049
2129	287.3800049
2130	287.4200134
2131	287.5100098
2132	287.5499878
2133	287.5899963
2134	287.5899963
2135	287.6099854
2136	287.5499878
2137	287.5100098
2138	287.4200134
2139	287.4899902
2140	287.4899902
2141	287.5100098
2142	287.5499878
2143	287.4899902
2144	287.4400024
2145	287.4400024
2146	287.4200134
2147	287.2799988
2148	287.2999878
2149	287.3200073
2150	287.4400024
2151	287.4899902
2152	287.4899902
2153	287.4400024
2154	287.4400024
2155	287.3800049
2156	287.3800049
2157	287.3399963
2158	287.3399963
2159	287.3399963
2160	287.2399902
2161	287.2099915
2162	286.980011
2163	286.9599915
2164	286.8800049
2165	286.8200073
2166	286.8399963
2167	286.7099915
2168	286.6700134
2169	286.5400085
2170	286.3999939
2171	286.3999939
2172	286.4400024
2173	286.3599854
2174	286.2900085
2175	286.1300049
2176	285.980011
2177	285.980011
2178	285.8999939
2179	285.6000061
2180	285.4200134
2181	284.8699951
2182	284.2200012
2183	283.6199951
2184	283.6199951
2185	282.7200012
2186	282.1099854
2187	281.7600098
2188	281.25
2189	280.7099915
2190	280.3500061
2191	280.3500061
2192	280
2193	279.8900146
2194	279.8900146
2195	279.8500061
2196	280
2197	279.980011
2198	280.0400085
2199	280.2099915
2200	280.1000061
2201	280.0799866
2202	280.1000061
2203	280.1700134
2204	280.2099915
2205	280.3099976
2206	280.4400024
2207	280.5400085
2208	280.6099854
2209	280.6900024
2210	280.7099915
2211	280.730011
2212	280.7900085
2213	280.769989
2214	280.8399963
2215	280.8800049
2216	280.8800049
2217	281.1300049
2218	281.1300049
2219	281.1900024
2220	281.230011
2221	281.1700134
2222	281.2999878
2223	281.2999878
2224	281.3599854
2225	281.3200073
2226	281.4599915
2227	281.5
2228	281.6099854
2229	281.6099854
2230	281.5
2231	281.5499878
2232	281.6900024
2233	281.7099915
2234	281.7600098
2235	281.7600098
2236	281.8399963
2237	281.8599854
2238	281.8399963
2239	281.8200073
2240	281.8599854
2241	281.9400024
2242	281.9400024
2243	281.8999939
2244	281.9599915
2245	282.0700073
2246	282.2200012
2247	282.3599854
2248	282.3399963
2249	282.2799988
2250	282.2999878
2251	282.2799988
2252	282.3599854
2253	282.3399963
2254	282.3800049
2255	282.3800049
2256	282.3399963
2257	282.3800049
2258	282.4500122
2259	282.5499878
2260	282.5499878
2261	282.6300049
2262	282.6300049
2263	282.6300049
2264	282.5100098
2265	282.5299988
2266	282.4899902
2267	282.5899963
2268	282.5499878
2269	282.5700073
2270	282.5899963
2271	282.5299988
2272	282.5899963
2273	282.5899963
2274	282.5899963
2275	282.7200012
2276	282.7200012
2277	282.6300049
2278	282.7200012
2279	282.6099854
2280	282.6600037
2281	282.7000122
2282	282.6799927
2283	282.7000122
2284	282.6799927
2285	282.6799927
2286	282.5700073
2287	282.5700073
2288	282.8200073
2289	282.9100037
2290	282.9500122
2291	282.9299927
2292	282.8900146
2293	282.9899902
2294	282.9899902
2295	282.9700012
2296	283.0100098
2297	282.9899902
2298	282.9899902
2299	282.9500122
2300	282.9299927
2301	282.9100037
2302	283.0299988
2303	283.0100098
2304	282.9899902
2305	282.8599854
2306	282.8399963
2307	282.9100037
2308	282.8900146
2309	283.0100098
2310	283.0499878
2311	283.1799927
2312	283.0700073
2313	283.0899963
2314	282.8900146
2315	282.8599854
2316	282.9100037
2317	282.9899902
2318	283.0499878
2319	283.0499878
2320	283.0299988
2321	283.0299988
2322	283.0299988
2323	282.9500122
2324	282.7999878
2325	282.8399963
2326	282.8399963
2327	282.7600098
2328	282.8399963
2329	282.8900146
2330	282.8599854
2331	282.9700012
2332	282.9500122
2333	282.9500122
2334	282.9299927
2335	282.8900146
2336	282.8399963
2337	282.7999878
2338	282.7000122
2339	282.7000122
2340	282.7399902
2341	282.7600098
2342	282.7600098
2343	282.8399963
2344	282.8599854
2345	282.7799988
2346	282.9299927
2347	282.9299927
2348	283.0499878
2349	283.0299988
2350	282.9899902
2351	283.0100098
2352	283.0100098
2353	283.0499878
2354	283.0299988
2355	283.0299988
2356	283.0499878
2357	282.9899902
2358	282.9899902
2359	282.8399963
2360	282.8599854
2361	282.8900146
2362	282.7799988
2363	282.8900146
2364	282.9700012
2365	282.9700012
2366	282.9899902
2367	282.8599854
2368	282.9100037
2369	282.8200073
2370	282.9500122
2371	282.9899902
2372	282.9899902
2373	282.8599854
2374	282.9299927
2375	283.0100098
2376	283.1199951
2377	283.1600037
2378	283.1799927
2379	283.2200012
2380	283.1600037
2381	283.1199951
2382	283.0700073
2383	283.0100098
2384	283.0100098
2385	282.9500122
2386	282.9899902
2387	282.8900146
2388	282.9299927
2389	282.9299927
2390	282.8399963
2391	282.7999878
2392	282.7999878
2393	282.7600098
2394	282.7999878
2395	282.7999878
2396	282.8900146
2397	282.8900146
2398	282.8599854
2399	282.8900146
2400	282.9500122
2401	283.0299988
2402	283.0899963
2403	283.1799927
2404	283.1799927
2405	283.3500061
2406	283.3200073
2407	283.2200012
2408	283.2399902
2409	283.2000122
2410	283.0899963
2411	283.0899963
2412	282.9899902
2413	283.0299988
2414	283.0299988
2415	282.9500122
2416	282.8599854
2417	282.7999878
2418	282.7600098
2419	282.8399963
2420	282.8599854
2421	282.8399963
2422	282.9899902
2423	282.8900146
2424	282.8900146
2425	282.9100037
2426	282.8900146
2427	282.8900146
2428	282.8900146
2429	282.8900146
2430	282.7600098
2431	282.8599854
2432	282.8599854
2433	282.8599854
2434	282.8200073
2435	282.8200073
2436	282.8200073
2437	282.7600098
2438	282.7399902
2439	282.7999878
2440	282.7200012
2441	282.7000122
2442	282.7799988
2443	282.7799988
2444	282.8599854
2445	282.8399963
2446	282.8399963
2447	282.8599854
2448	282.9500122
2449	283.0100098
2450	282.9500122
2451	282.9100037
2452	282.8599854
2453	282.8399963
2454	282.9500122
2455	283.0100098
2456	283.0299988
2457	283.0499878
2458	283.2999878
2459	283.3200073
2460	283.5100098
2461	283.7799988
2462	283.8099976
2463	283.8099976
2464	283.8500061
2465	283.8299866
2466	283.8299866
2467	284.0100098
2468	284.0100098
2469	284.269989
2470	284.3299866
2471	284.3699951
2472	284.4500122
2473	284.6600037
2474	284.7900085
2475	284.7900085
2476	285.1199951
2477	285.2900085
2478	285.3299866
2479	285.3500061
2480	285.480011
2481	285.5
2482	285.5599976
2483	285.75
2484	285.8099976
2485	285.8500061
2486	285.980011
2487	286.1499939
2488	286.1300049
2489	286.0599976
2490	286.1499939
2491	286.1099854
2492	286.2099915
2493	286.25
2494	286.25
2495	286.3399963
2496	286.3800049
2497	286.4400024
2498	286.5400085
2499	286.5700073
2500	286.5700073
2501	286.6300049
2502	286.6300049
2503	286.730011
2504	286.6900024
2505	286.6300049
2506	286.6099854
2507	286.6099854
2508	286.5400085
2509	286.5400085
2510	286.480011
2511	286.5899963
2512	286.519989
2513	286.5400085
2514	286.5400085
2515	286.5899963
2516	286.6499939
2517	286.6300049
2518	286.5899963
2519	286.6300049
2520	286.6300049
2521	286.6499939
2522	286.75
2523	286.7999878
2524	286.8200073
2525	286.8800049
2526	286.8200073
2527	286.8200073
2528	286.9200134
2529	286.9400024
2530	286.9200134
2531	286.8399963
2532	286.8999939
2533	286.9200134
2534	286.9200134
2535	286.8399963
2536	286.8599854
2537	286.9200134
2538	286.980011
2539	286.980011
2540	287.1300049
2541	287.1499939
2542	287.1900024
2543	287.1700134
2544	287.1700134
2545	287.1099854
2546	287.1099854
2547	287.0499878
2548	287.0299988
2549	287.0299988
2550	287.0299988
2551	287.0100098
2552	287.0700073
2553	287.0700073
2554	287.0299988
2555	287.1900024
2556	287.1499939
2557	287.1700134
2558	287.2099915
2559	287.1900024
2560	287.2399902
2561	287.2799988
2562	287.2099915
2563	287.1700134
2564	287.0700073
2565	287.0499878
2566	287.1499939
2567	287.1900024
2568	287.2099915
2569	287.2399902
2570	287.2399902
2571	287.2099915
2572	287.1700134
2573	287.1300049
2574	287.1499939
2575	287.1900024
2576	287.2600098
2577	287.2799988
2578	287.2799988
2579	287.3599854
2580	287.3599854
2581	287.3800049
2582	287.2399902
2583	287.1499939
2584	287.1499939
2585	287.1499939
2586	287.1099854
2587	287.1700134
2588	287.2099915
2589	287.2099915
2590	287.1700134
2591	287.2399902
2592	287.2600098
2593	287.3399963
2594	287.3399963
2595	287.3200073
2596	287.3800049
2597	287.4200134
2598	287.3399963
2599	287.3800049
2600	287.2399902
2601	287.3200073
2602	287.3200073
2603	287.3200073
2604	287.2600098
2605	287.1900024
2606	287.2399902
2607	287.1499939
2608	287.1099854
2609	287.0899963
2610	287.0899963
2611	287.1099854
2612	287.0899963
2613	287.1300049
2614	287.1900024
2615	287.2099915
2616	287.1499939
2617	287.1499939
2618	287.2399902
2619	287.1300049
2620	287.1099854
2621	287.0899963
2622	287.0700073
2623	287.1499939
2624	287.1499939
2625	287.0899963
2626	287.0700073
2627	287.0299988
2628	287.0499878
2629	287.1099854
2630	287.1300049
2631	287.1300049
2632	287.2399902
2633	287.1499939
2634	286.8999939
2635	286.6700134
2636	286.5700073
2637	286.519989
2638	286.519989
2639	286.480011
2640	286.3399963
2641	286.25
2642	286.1499939
2643	286.1499939
2644	286
2645	285.980011
2646	285.9400024
2647	285.9200134
2648	285.8999939
2649	285.8999939
2650	285.75
2651	285.6700134
2652	285.5599976
2653	285.1600037
2654	284.769989
2655	284.2399902
2656	284.2399902
2657	283.1600037
2658	282.5499878
2659	282.2399902
2660	281.6300049
2661	281.1300049
2662	280.8399963
2663	280.6300049
2664	280.269989
2665	280.2099915
2666	280.1700134
2667	280
2668	279.8299866
2669	279.8099976
2670	279.8299866
2671	279.8900146
2672	279.8500061
2673	279.8699951
2674	279.8699951
2675	279.8900146
2676	280.019989
2677	280.1000061
2678	280.2900085
2679	280.3500061
2680	280.519989
2681	280.519989
2682	280.6499939
2683	280.6300049
2684	280.5400085
2685	280.5599976
2686	280.730011
2687	280.7900085
2688	280.7900085
2689	280.9599915
2690	280.980011
2691	280.980011
2692	281
2693	281.0400085
2694	281.1700134
2695	281.1700134
2696	281.230011
2697	281.2999878
2698	281.3599854
2699	281.3999939
2700	281.3999939
2701	281.3599854
2702	281.4200134
2703	281.4599915
2704	281.480011
2705	281.5899963
2706	281.6700134
2707	281.6700134
2708	281.6900024
2709	281.6900024
2710	281.7600098
2711	281.730011
2712	281.7799988
2713	281.8200073
2714	281.730011
2715	281.6700134
2716	281.6700134
2717	281.5499878
2718	281.6900024
2719	281.8399963
2720	281.8399963
2721	281.8999939
2722	281.9599915
2723	281.9599915
2724	281.9599915
2725	281.9200134
2726	282.0499878
2727	282.0499878
2728	282.1300049
2729	282.1499939
2730	282.2399902
2731	282.2999878
2732	282.2000122
2733	282.2000122
2734	282.2000122
2735	282.1499939
2736	282.1700134
2737	282.2000122
2738	282.1300049
2739	282.1300049
2740	282.1700134
2741	282.2000122
2742	282.2999878
2743	282.3399963
2744	282.3800049
2745	282.4500122
2746	282.4700012
2747	282.3999939
2748	282.4299927
2749	282.3399963
2750	282.3800049
2751	282.2399902
2752	282.2399902
2753	282.2000122
2754	282.2999878
2755	282.2399902
2756	282.3800049
2757	282.3999939
2758	282.4299927
2759	282.4299927
2760	282.5700073
2761	282.5499878
2762	282.5700073
2763	282.5299988
2764	282.5299988
2765	282.4899902
2766	282.4899902
2767	282.5700073
2768	282.6099854
2769	282.7200012
2770	282.6799927
2771	282.5899963
2772	282.6099854
2773	282.5499878
2774	282.5899963
2775	282.6799927
2776	282.6600037
2777	282.7799988
2778	282.7399902
2779	282.7799988
2780	282.8599854
2781	282.7600098
2782	282.7399902
2783	282.8200073
2784	283.0499878
2785	283.1600037
2786	283.1799927
2787	283.2399902
2788	283.2999878
2789	283.2999878
2790	283.1400146
2791	283.1400146
2792	283.0100098
2793	282.9100037
2794	282.8599854
2795	282.8599854
2796	282.8399963
2797	282.8399963
2798	282.8399963
2799	283.0299988
2800	282.9700012
2801	282.9700012
2802	282.8599854
2803	282.8900146
2804	282.8599854
2805	282.8200073
2806	282.6300049
2807	282.5700073
2808	282.6799927
2809	282.6600037
2810	282.7600098
2811	282.7799988
2812	282.7999878
2813	282.9500122
2814	282.9700012
2815	283.0700073
2816	283.1400146
2817	283.1400146
2818	283.0899963
2819	283.1400146
2820	283.0499878
2821	282.9700012
2822	282.9899902
2823	282.9700012
2824	282.9299927
2825	282.8900146
2826	282.9100037
2827	282.8900146
2828	282.8399963
2829	282.9100037
2830	282.9100037
2831	282.9500122
2832	283.0100098
2833	283.0499878
2834	283.0299988
2835	283.0299988
2836	282.9700012
2837	282.9700012
2838	282.8599854
2839	282.8599854
2840	282.7999878
2841	282.8399963
2842	282.7399902
2843	282.7000122
2844	282.6799927
2845	282.7399902
2846	282.8200073
2847	282.8399963
2848	282.8900146
2849	282.7799988
2850	282.7200012
2851	282.7200012
2852	282.9100037
2853	282.8900146
2854	282.8900146
2855	282.9500122
2856	282.8900146
2857	282.8900146
2858	282.9100037
2859	282.8200073
2860	282.9299927
2861	282.9100037
2862	282.9100037
2863	282.7799988
2864	282.7999878
2865	282.8599854
2866	282.9500122
2867	282.8200073
2868	282.7999878
2869	282.7999878
2870	282.8599854
2871	282.9700012
2872	282.9299927
2873	282.8900146
2874	282.7600098
2875	282.7200012
2876	282.6799927
2877	282.6799927
2878	282.7200012
2879	282.8200073
2880	282.8399963
2881	282.7999878
2882	282.8200073
2883	282.8200073
2884	282.8399963
2885	282.7999878
2886	282.7799988
2887	282.7999878
2888	282.7799988
2889	282.8399963
2890	282.8900146
2891	282.9100037
2892	282.8599854
2893	282.8900146
2894	282.8599854
2895	282.8599854
2896	282.8200073
2897	282.7399902
2898	282.7200012
2899	282.7200012
2900	282.7999878
2901	282.7999878
2902	282.7600098
2903	282.7600098
2904	282.7999878
2905	282.9299927
2906	282.9100037
2907	282.8599854
2908	282.8599854
2909	282.8599854
2910	282.7799988
2911	282.7799988
2912	282.9299927
2913	282.8900146
2914	282.8599854
2915	282.9299927
2916	282.9700012
2917	282.9500122
2918	282.8399963
2919	282.7600098
2920	282.7799988
2921	282.7399902
2922	282.8599854
2923	283.0299988
2924	282.9899902
2925	282.9700012
2926	282.8900146
2927	282.8599854
2928	282.7600098
2929	282.6799927
2930	282.6300049
2931	282.8900146
2932	283.0499878
2933	283.0499878
2934	283.3900146
2935	283.4700012
2936	283.4700012
2937	283.5799866
2938	283.7399902
2939	283.8900146
2940	283.8900146
2941	283.6400146
2942	283.6400146
2943	283.8699951
2944	284.3299866
2945	284.7000122
2946	284.8900146
2947	284.8900146
2948	285.1000061
2949	285.2099915
2950	285.2099915
2951	285.2900085
2952	285.3699951
2953	285.3900146
2954	285.3900146
2955	285.5
2956	285.6199951
2957	285.6499939
2958	285.6700134
2959	285.730011
2960	285.75
2961	285.8500061
2962	285.9400024
2963	286.0400085
2964	286.019989
2965	286.0400085
2966	286
2967	286.019989
2968	286.0400085
2969	286.1300049
2970	286.1300049
2971	286.2099915
2972	286.2099915
2973	286.269989
2974	286.3099976
2975	286.2900085
2976	286.2900085
2977	286.3800049
2978	286.4400024
2979	286.4400024
2980	286.4599915
2981	286.3999939
2982	286.4400024
2983	286.5700073
2984	286.6099854
2985	286.6099854
2986	286.6499939
2987	286.6499939
2988	286.6300049
2989	286.5700073
2990	286.4400024
2991	286.5
2992	286.5700073
2993	286.5
2994	286.5
2995	286.519989
2996	286.519989
2997	286.5899963
2998	286.5400085
2999	286.519989
3000	286.6099854
3001	286.5700073
3002	286.6900024
3003	286.6700134
3004	286.6700134
3005	286.6700134
3006	286.5700073
3007	286.4599915
3008	286.3399963
3009	286.2099915
3010	286.3800049
3011	286.3800049
3012	286.25
3013	286.2099915
3014	286.230011
3015	286.2900085
3016	286.3800049
3017	286.480011
3018	286.480011
3019	286.5400085
3020	286.4400024
3021	286.5400085
3022	286.3800049
3023	286.4200134
3024	286.3399963
3025	286.3099976
3026	286.3999939
3027	286.3999939
3028	286.3800049
3029	286.4599915
3030	286.5700073
3031	286.5700073
3032	286.6499939
3033	286.6099854
3034	286.5700073
3035	286.4200134
3036	286.480011
3037	286.4599915
3038	286.4599915
3039	286.480011
3040	286.4599915
3041	286.3800049
3042	286.2900085
3043	286.2900085
3044	286.3099976
3045	286.269989
3046	286.269989
3047	286.2099915
3048	286.3099976
3049	286.3399963
3050	286.3399963
3051	286.4400024
3052	286.5
3053	286.5899963
3054	286.7099915
3055	286.730011
3056	286.7099915
3057	286.7099915
3058	286.6900024
3059	286.7099915
3060	286.730011
3061	286.7099915
3062	286.6499939
3063	286.6099854
3064	286.6300049
3065	286.5899963
3066	286.5899963
3067	286.5400085
3068	286.6300049
3069	286.5700073
3070	286.5400085
3071	286.5899963
3072	286.5899963
3073	286.6300049
3074	286.6900024
3075	286.6900024
3076	286.6300049
3077	286.6300049
3078	286.6300049
3079	286.7099915
3080	286.75
3081	286.730011
3082	286.730011
3083	286.7999878
3084	286.730011
3085	286.8599854
3086	286.7999878
3087	286.7099915
3088	286.6900024
3089	286.6900024
3090	286.7999878
3091	286.6900024
3092	286.7099915
3093	286.8399963
3094	286.8800049
3095	286.9200134
3096	286.980011
3097	286.9200134
3098	286.9400024
3099	286.9200134
3100	286.8399963
3101	286.8800049
3102	286.8599854
3103	286.8599854
3104	286.8599854
3105	286.8200073
3106	286.75
3107	286.4599915
3108	286.3800049
3109	286.25
3110	286.1900024
3111	286.0400085
3112	285.9599915
3113	285.8099976
3114	285.8099976
3115	285.6900024
3116	285.6199951
3117	285.6199951
3118	285.6499939
3119	285.519989
3120	285.480011
3121	285.480011
3122	285.4599915
3123	285.3699951
3124	285.3299866
3125	285.0799866
3126	284.6600037
3127	284.3099976
3128	283.9700012
3129	282.8200073
3130	282.0700073
3131	281.6300049
3132	280.9400024
3133	280.3299866
3134	280.1700134
3135	279.8500061
3136	279.4599915
3137	279.3099976
3138	279.2000122
3139	279.019989
3140	278.9500122
3141	278.8299866
3142	278.7900085
3143	278.8699951
3144	278.8299866
3145	278.8500061
3146	278.9500122
3147	278.8900146
3148	279.019989
3149	279.1000061
3150	279.25
3151	279.3699951
3152	279.5
3153	279.5
3154	279.6600037
3155	279.769989
3156	279.7099915
3157	279.8900146
3158	279.980011
3159	280.0599976
3160	280.0599976
3161	280.0400085
3162	279.980011
3163	280.1000061
3164	280.269989
3165	280.480011
3166	280.5599976
3167	280.5799866
3168	280.769989
3169	280.730011
3170	280.75
3171	280.75
3172	280.8599854
3173	280.8399963
3174	280.8599854
3175	280.8099976
3176	280.8599854
3177	280.980011
3178	281.1300049
3179	281.1700134
3180	281.269989
3181	281.230011
3182	281.2999878
3183	281.3399963
3184	281.3599854
3185	281.3599854
3186	281.2999878
3187	281.269989
3188	281.269989
3189	281.3200073
3190	281.4599915
3191	281.3599854
3192	281.3599854
3193	281.4400024
3194	281.5
3195	281.5700073
3196	281.6700134
3197	281.6099854
3198	281.6499939
3199	281.6499939
3200	281.7999878
3201	281.8399963
3202	281.9200134
3203	282.0499878
3204	282.0100098
3205	282.0100098
3206	281.9200134
3207	281.9200134
3208	281.9200134
3209	281.9899902
3210	281.8800049
3211	281.9200134
3212	281.9599915
3213	281.9599915
3214	282.0100098
3215	282.1099854
3216	282.0499878
3217	282.0299988
3218	282.1300049
3219	282.1300049
3220	282.1499939
3221	282.0499878
3222	282.0100098
3223	282.0899963
3224	282.0899963
3225	282.2200012
3226	282.1700134
3227	282.1300049
3228	282.1099854
3229	282.1300049
3230	282.2600098
3231	282.2600098
3232	282.4500122
3233	282.4299927
3234	282.3999939
3235	282.4700012
3236	282.5299988
3237	282.5299988
3238	282.4899902
3239	282.5700073
3240	282.5299988
3241	282.4700012
3242	282.4299927
3243	282.2200012
3244	282.3800049
3245	282.3999939
3246	282.4299927
3247	282.3999939
3248	282.3999939
3249	282.4899902
3250	282.4299927
3251	282.4899902
3252	282.4700012
3253	282.4700012
3254	282.5299988
3255	282.5499878
3256	282.5499878
3257	282.5100098
3258	282.4700012
3259	282.4299927
3260	282.4700012
3261	282.7000122
3262	282.7600098
3263	282.7600098
3264	282.6799927
3265	282.7000122
3266	282.6799927
3267	282.6799927
3268	282.6799927
3269	282.6799927
3270	282.6799927
3271	282.6600037
3272	282.7200012
3273	282.6600037
3274	282.7399902
3275	282.7600098
3276	282.7200012
3277	282.7200012
3278	282.7600098
3279	282.8200073
3280	282.9100037
3281	282.9100037
3282	282.8599854
3283	282.9500122
3284	282.9100037
3285	282.8599854
3286	282.9100037
3287	282.9299927
3288	282.8900146
3289	282.8599854
3290	282.8900146
3291	282.8200073
3292	282.9700012
3293	282.9700012
3294	282.9299927
3295	282.9299927
3296	282.9100037
3297	282.8399963
3298	282.7799988
3299	282.7200012
3300	282.6600037
3301	282.7600098
3302	282.7600098
3303	282.8200073
3304	282.8399963
3305	283.0100098
3306	282.9500122
3307	282.9500122
3308	283.0100098
3309	283.0100098
3310	282.9100037
3311	282.8599854
3312	282.8399963
3313	282.8399963
3314	282.7999878
3315	282.8599854
3316	282.8200073
3317	282.9500122
3318	283.0100098
3319	282.9700012
3320	283.0100098
3321	282.9899902
3322	283.2200012
3323	283.2000122
3324	283.1600037
3325	283.1199951
3326	283.1199951
3327	283.1199951
3328	283.0299988
3329	283.0700073
3330	283.0299988
3331	282.9700012
3332	282.9299927
3333	282.9899902
3334	282.9899902
3335	283.0499878
3336	283.0700073
3337	283.1400146
3338	283.2000122
3339	283.1400146
3340	283.0499878
3341	283.0499878
3342	283.0299988
3343	282.8900146
3344	282.8599854
3345	282.9299927
3346	283.0499878
3347	283.1199951
3348	283.2000122
3349	283.1600037
3350	283.1400146
3351	283.2000122
3352	283.0899963
3353	283.0499878
3354	283.0100098
3355	283.1799927
3356	283.4100037
3357	283.3500061
3358	283.3200073
3359	283.3900146
3360	283.4899902
3361	283.5499878
3362	283.4299927
3363	283.4899902
3364	283.3200073
3365	283.2600098
3366	283.2600098
3367	283.2600098
3368	283.2000122
3369	283.2399902
3370	283.1199951
3371	283.1400146
3372	283.1199951
3373	283.1199951
3374	283.1600037
3375	283.2000122
3376	283.2399902
3377	283.2399902
3378	283.2200012
3379	283.1199951
3380	283.1199951
3381	283.0100098
3382	283.1199951
3383	283.1400146
3384	283.1400146
3385	283.1400146
3386	283.2000122
3387	283.1600037
3388	283.1400146
3389	283.1199951
3390	283.1400146
3391	283.1400146
3392	283.0700073
3393	282.9899902
3394	282.9500122
3395	283.0100098
3396	282.9700012
3397	283.0100098
3398	282.9299927
3399	282.8599854
3400	282.9100037
3401	282.9100037
3402	283.0100098
3403	282.9700012
3404	283.2200012
3405	283.2200012
3406	283.4500122
3407	283.6600037
3408	283.7200012
3409	283.8699951
3410	283.9299927
3411	283.9500122
3412	283.9500122
3413	283.9899902
3414	284.1400146
3415	284.3099976
3416	284.5
3417	284.6400146
3418	284.730011
3419	284.8500061
3420	285.0599976
3421	285.1400146
3422	285.1400146
3423	285.1600037
3424	285.2099915
3425	285.2900085
3426	285.25
3427	285.3900146
3428	285.4200134
3429	285.5599976
3430	285.6199951
3431	285.7099915
3432	285.6199951
3433	285.6199951
3434	285.6900024
3435	285.5799866
3436	285.6900024
3437	285.6900024
3438	285.7900085
3439	285.769989
3440	285.8099976
3441	285.8500061
3442	285.8500061
3443	285.8999939
3444	285.8999939
3445	286.0599976
3446	286.0400085
3447	286.0799866
3448	285.9599915
3449	286
3450	286.1300049
3451	286.1300049
3452	286.0799866
3453	286.0599976
3454	286.019989
3455	286.019989
3456	286.1099854
3457	286.1099854
3458	286.0599976
3459	286.0799866
3460	286.019989
3461	286.0799866
3462	286.0599976
3463	286.0799866
3464	286.0799866
3465	286.1499939
3466	286.1499939
3467	286.1700134
3468	286.1499939
3469	286.230011
3470	286.230011
3471	286.2900085
3472	286.3099976
3473	286.3599854
3474	286.3599854
3475	286.2900085
3476	286.2900085
3477	286.2900085
3478	286.3099976
3479	286.3099976
3480	286.2900085
3481	286.3800049
3482	286.4200134
3483	286.4200134
3484	286.4400024
3485	286.3999939
3486	286.4599915
3487	286.5
3488	286.5
3489	286.5
3490	286.480011
3491	286.3999939
3492	286.3999939
3493	286.4200134
3494	286.5
3495	286.4599915
3496	286.519989
3497	286.4400024
3498	286.4200134
3499	286.3599854
3500	286.3099976
3501	286.25
3502	286.3399963
3503	286.3800049
3504	286.3599854
3505	286.4400024
3506	286.4599915
3507	286.5
3508	286.5
3509	286.4400024
3510	286.4599915
3511	286.3999939
3512	286.3399963
3513	286.3800049
3514	286.3999939
3515	286.3999939
3516	286.3999939
3517	286.3599854
3518	286.3800049
3519	286.4400024
3520	286.4400024
3521	286.5
3522	286.5
3523	286.4599915
3524	286.4400024
3525	286.5
3526	286.5400085
3527	286.519989
3528	286.5400085
3529	286.519989
3530	286.480011
3531	286.4400024
3532	286.4200134
3533	286.4400024
3534	286.3800049
3535	286.4400024
3536	286.4200134
3537	286.4599915
3538	286.5
3539	286.5
3540	286.5700073
3541	286.5400085
3542	286.6099854
3543	286.6099854
3544	286.6700134
3545	286.7099915
3546	286.6700134
3547	286.6700134
3548	286.6300049
3549	286.6099854
3550	286.5899963
3551	286.6099854
3552	286.5899963
3553	286.6900024
3554	286.6900024
3555	286.6900024
3556	286.7099915
3557	286.6499939
3558	286.480011
3559	286.4400024
3560	286.5
3561	286.5
3562	286.5700073
3563	286.5899963
3564	286.519989
3565	286.5700073
3566	286.5899963
3567	286.4599915
3568	286.4599915
3569	286.5700073
3570	286.5
3571	286.5899963
3572	286.5700073
3573	286.519989
3574	286.5700073
3575	286.6099854
3576	286.5700073
3577	286.5700073
3578	286.5700073
3579	286.5700073
3580	286.5
3581	286.3099976
3582	286.230011
3583	286.0599976
3584	285.9400024
3585	285.9200134
3586	285.9200134
3587	285.75
3588	285.6900024
3589	285.6499939
3590	285.6000061
3591	285.5599976
3592	285.5599976
3593	285.5599976
3594	285.5400085
3595	285.4400024
3596	285.3900146
3597	285.269989
3598	285.1199951
3599	284.980011
3600	284.8699951
3601	284.6000061
3602	284.3500061
3603	283.7799988
3604	283.3900146
3605	283.2200012
3606	282.9100037
3607	282.7600098
3608	282.1499939
3609	282.0299988
3610	281.6900024
3611	281.3999939
3612	281.269989
3613	281.0400085
3614	281.0400085
3615	280.980011
3616	281
3617	280.980011
3618	280.980011
3619	280.75
3620	280.75
3621	280.730011
3622	280.769989
3623	280.769989
3624	280.9400024
3625	280.9400024
3626	281.1700134
3627	281.3800049
3628	281.480011
3629	281.5
3630	281.5499878
3631	281.5
3632	281.5
3633	281.480011
3634	281.6900024
3635	281.730011
3636	282.0100098
3637	282.1300049
3638	282.1099854
3639	282.1300049
3640	282.1499939
3641	282.1499939
3642	282.0899963
3643	282.0299988
3644	282.0700073
3645	282.1300049
3646	282.1700134
3647	282.3999939
3648	282.5100098
3649	282.5299988
3650	282.5700073
3651	282.6600037
3652	282.7799988
3653	282.8200073
3654	282.7600098
3655	282.7799988
3656	282.7000122
3657	282.7000122
3658	282.5899963
3659	282.5899963
3660	282.6300049
3661	282.7600098
3662	282.7600098
3663	282.7999878
3664	282.7999878
3665	282.8399963
3666	282.9700012
3667	282.9700012
3668	283.1400146
3669	283.0299988
3670	283.0899963
3671	283.0700073
3672	283.0700073
3673	282.9700012
3674	282.9500122
3675	282.9100037
3676	282.8399963
3677	282.9700012
3678	282.9500122
3679	283.0299988
3680	283.0299988
3681	283.0499878
3682	283.0499878
3683	282.9899902
3684	283.0499878
3685	283.1400146
3686	283.0700073
3687	282.9500122
3688	283.0299988
3689	283.0299988
3690	282.9100037
3691	282.8200073
3692	282.8200073
3693	282.9100037
3694	283.1400146
3695	283.2799988
3696	283.2799988
3697	283.3200073
3698	283.1799927
3699	283.2200012
3700	283.1600037
3701	283.1600037
3702	283.1600037
3703	283.1600037
3704	283.2999878
3705	283.3900146
3706	283.4100037
3707	283.5799866
3708	283.5100098
3709	283.4899902
3710	283.4299927
3711	283.4700012
3712	283.4100037
3713	283.4500122
3714	283.3500061
3715	283.4100037
3716	283.2999878
3717	283.3699951
3718	283.2799988
3719	283.2399902
3720	283.2600098
3721	283.3699951
3722	283.4299927
3723	283.4100037
3724	283.3699951
3725	283.3200073
3726	283.4299927
3727	283.3699951
3728	283.3699951
3729	283.4700012
3730	283.5100098
3731	283.5299988
3732	283.5100098
3733	283.5499878
3734	283.4700012
3735	283.4700012
3736	283.4500122
3737	283.6000061
3738	283.6400146
3739	283.6799927
3740	283.7799988
3741	283.7799988
3742	283.8699951
3743	283.8099976
3744	283.7200012
3745	283.7200012
3746	283.6600037
3747	283.5499878
3748	283.6199951
3749	283.5299988
3750	283.7200012
3751	283.7799988
3752	283.9700012
3753	284.0400085
3754	284.0799866
3755	284.0100098
3756	284.0100098
3757	284.0100098
3758	283.9100037
3759	283.9700012
3760	283.9700012
3761	283.9500122
3762	283.8900146
3763	283.9100037
3764	283.8099976
3765	283.7799988
3766	283.7600098
3767	283.7600098
3768	283.7799988
3769	283.7399902
3770	283.7600098
3771	283.7600098
3772	283.9100037
3773	283.8500061
3774	283.8500061
3775	283.8299866
3776	283.9100037
3777	283.8699951
3778	283.8099976
3779	283.8099976
3780	283.8099976
3781	283.8099976
3782	283.7799988
3783	283.7399902
3784	283.7399902
3785	283.7200012
3786	283.7399902
3787	283.7200012
3788	283.7000122
3789	283.8099976
3790	283.8299866
3791	283.8500061
3792	283.7600098
3793	283.7399902
3794	283.7399902
3795	283.8699951
3796	283.8500061
3797	283.8099976
3798	283.8299866
3799	283.8299866
3800	283.7200012
3801	283.6600037
3802	283.7600098
3803	283.7000122
3804	283.6600037
3805	283.7799988
3806	283.7799988
3807	283.7399902
3808	283.8299866
3809	283.7799988
3810	283.6799927
3811	283.6400146
3812	283.6600037
3813	283.6000061
3814	283.6799927
3815	283.8299866
3816	283.7399902
3817	283.8500061
3818	283.8500061
3819	283.8500061
3820	283.9100037
3821	283.8099976
3822	283.7600098
3823	283.8900146
3824	284.0100098
3825	284.0799866
3826	284.1000061
3827	284.1400146
3828	284.1600037
3829	284.1199951
3830	284.3099976
3831	284.3900146
3832	284.4299927
3833	284.3699951
3834	284.3500061
3835	284.3099976
3836	284.269989
3837	284.2900085
3838	284.2900085
3839	284.1799927
3840	284.1000061
3841	284.0599976
3842	284.0100098
3843	284.0599976
3844	284.0100098
3845	284.0100098
3846	283.9500122
3847	283.9700012
3848	283.9500122
3849	283.8299866
3850	283.8500061
3851	283.8299866
3852	283.9500122
3853	283.8900146
3854	283.9100037
3855	283.9700012
3856	283.9299927
3857	283.9500122
3858	283.9100037
3859	283.9500122
3860	283.9500122
3861	283.9899902
3862	283.9100037
3863	283.9299927
3864	283.9899902
3865	284.0599976
3866	283.9899902
3867	284.0100098
3868	284.0400085
3869	284.2399902
3870	284.2399902
3871	284.2000122
3872	284.2000122
3873	284.1000061
3874	284.1199951
3875	284.1799927
3876	284.2200012
3877	284.2200012
3878	284.6000061
3879	284.5799866
3880	284.6199951
3881	284.730011
3882	284.769989
3883	284.8500061
3884	284.8500061
3885	284.8900146
3886	285.019989
3887	285.019989
3888	285.019989
3889	285.0799866
3890	285.1600037
3891	285.1199951
3892	285.230011
3893	285.2099915
3894	285.3500061
3895	285.480011
3896	285.5400085
3897	285.730011
3898	285.769989
3899	285.8299866
3900	285.9200134
3901	285.9400024
3902	285.8500061
3903	285.8500061
3904	285.8800049
3905	285.8800049
3906	285.9200134
3907	286
3908	286
3909	286
3910	286.0400085
3911	286.1099854
3912	286.1499939
3913	286.230011
3914	286.1499939
3915	286.3399963
3916	286.3399963
3917	286.3800049
3918	286.5
3919	286.5400085
3920	286.4599915
3921	286.5700073
3922	286.5400085
3923	286.5899963
3924	286.6099854
3925	286.7099915
3926	286.6900024
3927	286.7099915
3928	286.730011
3929	286.730011
3930	286.7099915
3931	286.6099854
3932	286.6499939
3933	286.6099854
3934	286.6900024
3935	286.6900024
3936	286.7999878
3937	286.8399963
3938	286.8200073
3939	286.8200073
3940	286.7999878
3941	286.7999878
3942	286.8999939
3943	286.75
3944	286.6900024
3945	286.6900024
3946	286.75
3947	286.75
3948	286.75
3949	286.769989
3950	286.769989
3951	286.8399963
3952	286.8800049
3953	286.8200073
3954	286.7999878
3955	286.7999878
3956	286.730011
3957	286.769989
3958	286.769989
3959	286.8399963
3960	286.769989
3961	286.769989
3962	286.769989
3963	286.769989
3964	286.75
3965	286.8599854
3966	286.8399963
3967	286.8599854
3968	286.8200073
3969	286.8200073
3970	286.7999878
3971	286.769989
3972	286.8200073
3973	286.9400024
3974	286.9599915
3975	286.9599915
3976	287.0100098
3977	287.0499878
3978	287.0899963
3979	287.1099854
3980	287.1099854
3981	287.1499939
3982	287.1700134
3983	287.2099915
3984	287.1700134
3985	287.1900024
3986	287.1499939
3987	287.1499939
3988	287.1700134
3989	287.0899963
3990	287.0499878
3991	287.0499878
3992	286.980011
3993	287.0100098
3994	286.980011
3995	286.9200134
3996	286.9599915
3997	286.8800049
3998	286.9599915
3999	286.9400024
4000	286.9599915
4001	286.9400024
4002	286.9599915
4003	286.9200134
4004	286.8599854
4005	286.9200134
4006	286.8200073
4007	286.9200134
4008	287.0100098
4009	286.9599915
4010	286.9599915
4011	286.8999939
4012	286.8999939
4013	286.9599915
4014	286.9599915
4015	287.0499878
4016	287.1300049
4017	287.1900024
4018	287.1900024
4019	287.1900024
4020	287.1099854
4021	287.0499878
4022	287.0299988
4023	287.0299988
4024	286.980011
4025	286.9400024
4026	286.9400024
4027	287.0100098
4028	286.980011
4029	286.9400024
4030	286.9200134
4031	286.9400024
4032	286.9400024
4033	286.9400024
4034	287.0499878
4035	286.9400024
4036	286.9400024
4037	287.0700073
4038	287.0100098
4039	286.980011
4040	286.9599915
4041	286.980011
4042	287.0499878
4043	287.0700073
4044	287.1499939
4045	287.1099854
4046	287.1499939
4047	287.1099854
4048	287.1300049
4049	287.1300049
4050	287.0299988
4051	287.0299988
4052	287.0100098
4053	287.0100098
4054	286.8999939
4055	286.730011
4056	286.6499939
4057	286.519989
4058	286.519989
4059	286.3399963
4060	286.3800049
4061	286.3800049
4062	286.3099976
4063	286.269989
4064	286.230011
4065	286.2099915
4066	286.230011
4067	286.1499939
4068	286.0599976
4069	285.980011
4070	285.8800049
4071	285.8800049
4072	285.7900085
4073	285.5
4074	285.3099976
4075	285.1400146
4076	284.8099976
4077	284.6000061
4078	284.2200012
4079	284.0599976
4080	283.5499878
4081	283.2000122
4082	282.8599854
4083	282.7799988
4084	282.7399902
4085	282.6799927
4086	282.6300049
4087	282.4500122
4088	282.3599854
4089	282.2799988
4090	282.2799988
4091	282.2399902
4092	282.2000122
4093	282.1499939
4094	282.2000122
4095	282.2200012
4096	282.2999878
4097	282.2999878
4098	282.3999939
4099	282.4700012
4100	282.5100098
4101	282.6099854
4102	282.7200012
4103	282.7200012
4104	282.7200012
4105	282.5899963
4106	282.6300049
4107	282.7000122
4108	282.7999878
4109	282.7799988
4110	282.7799988
4111	282.7600098
4112	282.7999878
4113	282.7799988
4114	282.8200073
4115	282.7799988
4116	282.7999878
4117	282.9299927
4118	282.9700012
4119	283.0100098
4120	283.0700073
4121	283.0299988
4122	283.0299988
4123	283.1199951
4124	283.1799927
4125	283.1799927
4126	283.2000122
4127	283.1199951
4128	283.1199951
4129	283.1199951
4130	283.0499878
4131	283.0899963
4132	283.1199951
4133	283.3500061
4134	283.5499878
4135	283.6799927
4136	283.6799927
4137	283.6600037
4138	283.6199951
4139	283.6000061
4140	283.4899902
4141	283.4299927
4142	283.4100037
4143	283.4299927
4144	283.4700012
4145	283.3900146
4146	283.4299927
4147	283.3900146
4148	283.3699951
4149	283.4299927
4150	283.4299927
4151	283.4700012
4152	283.5299988
4153	283.6600037
4154	283.5299988
4155	283.5799866
4156	283.6199951
4157	283.6199951
4158	283.5100098
4159	283.5100098
4160	283.4700012
4161	283.4700012
4162	283.6600037
4163	283.6799927
4164	283.7000122
4165	283.8099976
4166	283.7799988
4167	283.7799988
4168	283.7799988
4169	283.7200012
4170	283.7200012
4171	283.7399902
4172	283.8099976
4173	283.7200012
4174	283.7399902
4175	283.7000122
4176	283.6600037
4177	283.6199951
4178	283.6199951
4179	283.6600037
4180	283.6400146
4181	283.6799927
4182	283.6000061
4183	283.5799866
4184	283.5799866
4185	283.4700012
4186	283.6199951
4187	283.7399902
4188	283.7799988
4189	283.7600098
4190	283.8099976
4191	283.8099976
4192	283.7200012
4193	283.7200012
4194	283.8099976
4195	283.9100037
4196	283.8699951
4197	283.8500061
4198	283.8699951
4199	283.8699951
4200	283.8699951
4201	283.8699951
4202	283.9700012
4203	283.9700012
4204	283.8500061
4205	283.7799988
4206	283.6799927
4207	283.6799927
4208	283.7600098
4209	283.8299866
4210	283.7799988
4211	283.8699951
4212	283.8299866
4213	283.7799988
4214	283.7000122
4215	283.6799927
4216	283.7200012
4217	283.6600037
4218	283.7000122
4219	283.6799927
4220	283.5799866
4221	283.6199951
4222	283.8099976
4223	283.8099976
4224	283.8699951
4225	283.8699951
4226	283.9100037
4227	284.0599976
4228	283.9899902
4229	284.0100098
4230	284.0100098
4231	284.1199951
4232	284.1199951
4233	284.0799866
4234	284.1199951
4235	284.1400146
4236	284.0799866
4237	284.0599976
4238	284.0599976
4239	284.0599976
4240	284.0599976
4241	283.9500122
4242	283.9700012
4243	283.9899902
4244	283.9899902
4245	284.0599976
4246	283.9899902
4247	283.9899902
4248	283.9299927
4249	283.9299927
4250	283.9500122
4251	283.9299927
4252	283.9100037
4253	283.8900146
4254	283.8900146
4255	283.8299866
4256	283.9299927
4257	283.9100037
4258	283.8900146
4259	283.9100037
4260	283.8299866
4261	283.7200012
4262	283.6600037
4263	283.6199951
4264	283.6199951
4265	283.6400146
4266	283.7399902
4267	283.7600098
4268	283.9299927
4269	283.8699951
4270	283.9299927
4271	283.9299927
4272	283.9500122
4273	283.8299866
4274	283.8699951
4275	283.7799988
4276	283.8900146
4277	284.0599976
4278	284.0599976
4279	284.0100098
4280	283.9700012
4281	284.0100098
4282	283.8900146
4283	283.9100037
4284	283.9500122
4285	283.9299927
4286	283.8900146
4287	283.9100037
4288	283.9899902
4289	284.0599976
4290	284.1000061
4291	284.1000061
4292	283.9899902
4293	283.9700012
4294	283.9899902
4295	283.9500122
4296	284.0599976
4297	284.1000061
4298	284.1400146
4299	284.1600037
4300	284.1400146
4301	284.1400146
4302	284.2200012
4303	284.2200012
4304	284.3299866
4305	284.3099976
4306	284.3900146
4307	284.269989
4308	284.3099976
4309	284.3699951
4310	284.3699951
4311	284.3299866
4312	284.2900085
4313	284.1600037
4314	284.1000061
4315	284.1799927
4316	284.1600037
4317	284.1799927
4318	284.2399902
4319	284.269989
4320	284.269989
4321	284.269989
4322	284.2399902
4323	284.1600037
4324	284.269989
4325	284.1199951
4326	284.0400085
4327	284.0400085
4328	283.9899902
4329	283.9700012
4330	283.8900146
4331	283.8099976
4332	283.8500061
4333	284.0100098
4334	284.1799927
4335	284.2900085
4336	284.2900085
4337	284.2000122
4338	284.2200012
4339	284.2000122
4340	284.1799927
4341	284.0599976
4342	284.0599976
4343	284.1199951
4344	284.0400085
4345	284.0599976
4346	283.9899902
4347	283.9700012
4348	284.0400085
4349	284.0400085
4350	284.1600037
4351	284.2399902
4352	284.3299866
4353	284.4700012
4354	284.75
4355	284.8299866
4356	284.8699951
4357	285.0400085
4358	285.1199951
4359	285.230011
4360	285.269989
4361	285.3500061
4362	285.3500061
4363	285.4200134
4364	285.6199951
4365	285.6700134
4366	285.75
4367	285.7099915
4368	285.7099915
4369	285.6499939
4370	285.7099915
4371	285.6900024
4372	285.8099976
4373	285.8999939
4374	285.8999939
4375	285.9599915
4376	286.1099854
4377	286.1900024
4378	286.25
4379	286.3599854
4380	286.3800049
4381	286.3800049
4382	286.3099976
4383	286.3599854
4384	286.3999939
4385	286.4599915
4386	286.4400024
4387	286.5
4388	286.5700073
4389	286.6099854
4390	286.6099854
4391	286.6300049
4392	286.7099915
4393	286.6900024
4394	286.6700134
4395	286.6499939
4396	286.6900024
4397	286.7099915
4398	286.6900024
4399	286.75
4400	286.7999878
4401	286.8399963
4402	286.730011
4403	286.75
4404	286.75
4405	286.7999878
4406	286.8599854
4407	286.8399963
4408	286.8999939
4409	286.9599915
4410	287.0100098
4411	287.0100098
4412	286.9599915
4413	286.9599915
4414	286.9400024
4415	286.8800049
4416	286.8999939
4417	286.9599915
4418	286.980011
4419	286.8999939
4420	286.8999939
4421	286.7999878
4422	286.8200073
4423	286.8200073
4424	286.8999939
4425	286.9400024
4426	286.8999939
4427	286.8999939
4428	286.980011
4429	286.9599915
4430	286.9200134
4431	286.9200134
4432	286.9400024
4433	287.0299988
4434	286.980011
4435	286.9599915
4436	287.0100098
4437	287.0499878
4438	287.0700073
4439	287.1300049
4440	287.1099854
4441	287.0100098
4442	287.0700073
4443	286.980011
4444	287.0100098
4445	287.0100098
4446	286.8399963
4447	286.9400024
4448	286.8800049
4449	286.8599854
4450	286.8999939
4451	286.9599915
4452	286.9599915
4453	286.9599915
4454	287.0100098
4455	286.980011
4456	287.0499878
4457	287.0899963
4458	287.0499878
4459	287.0499878
4460	287.1300049
4461	287.2099915
4462	287.2399902
4463	287.1900024
4464	287.1300049
4465	287.2399902
4466	287.1499939
4467	287.1099854
4468	287.1700134
4469	287.2399902
4470	287.2399902
4471	287.1700134
4472	287.1300049
4473	287.1700134
4474	287.1099854
4475	287.1099854
4476	287.1300049
4477	287.1099854
4478	287.0899963
4479	287.1700134
4480	287.1499939
4481	287.1300049
4482	287.1099854
4483	287.0899963
4484	287.0899963
4485	287.1099854
4486	287.0700073
4487	287.1300049
4488	287.0499878
4489	287.0899963
4490	287.0299988
4491	287.0299988
4492	287.0700073
4493	287.0700073
4494	287.1099854
4495	287.1499939
4496	287.1900024
4497	287.1099854
4498	287.1499939
4499	287.1300049
4500	287.1499939
4501	287.0899963
4502	287.1099854
4503	287.1099854
4504	287.1499939
4505	287.2399902
4506	287.1900024
4507	287.2099915
4508	287.2600098
4509	287.1900024
4510	287.1700134
4511	287.2399902
4512	287.2099915
4513	287.2600098
4514	287.1900024
4515	287.1700134
4516	287.1700134
4517	287.1300049
4518	287.1300049
4519	287.0899963
4520	287.1499939
4521	287.1300049
4522	287.1499939
4523	287.1499939
4524	287.1099854
4525	287.1099854
4526	287.1300049
4527	286.7999878
4528	286.7099915
4529	286.6099854
4530	286.6099854
4531	286.3599854
4532	286.269989
4533	286.230011
4534	286.230011
4535	286.230011
4536	286.230011
4537	286.230011
4538	286.2099915
4539	286.2099915
4540	286.230011
4541	286.1099854
4542	286.0799866
4543	286.0599976
4544	285.980011
4545	285.75
4546	285.7099915
4547	285.5
4548	285.0599976
4549	284.8900146
4550	284.6199951
4551	284.5
4552	284.1799927
4553	283.8500061
4554	283.5299988
4555	283.5299988
4556	283.0299988
4557	282.7799988
4558	282.6300049
4559	282.4899902
4560	282.2600098
4561	282.2000122
4562	282.2000122
4563	282.2399902
4564	282.2399902
4565	282.2999878
4566	282.2600098
4567	282.2600098
4568	282.2399902
4569	282.3399963
4570	282.3800049
4571	282.4299927
4572	282.3800049
4573	282.4500122
4574	282.4899902
4575	282.4700012
4576	282.4700012
4577	282.4700012
4578	282.4700012
4579	282.5700073
4580	282.6099854
4581	282.5899963
4582	282.7200012
4583	282.7600098
4584	282.8399963
4585	283.0499878
4586	283.0700073
4587	283.1400146
4588	283.1400146
4589	283.0700073
4590	283.0700073
4591	282.9700012
4592	282.8599854
4593	282.7999878
4594	282.7999878
4595	282.9299927
4596	283.1199951
4597	283.1600037
4598	283.2200012
4599	283.2999878
4600	283.3699951
4601	283.3699951
4602	283.3200073
4603	283.4500122
4604	283.4100037
4605	283.5100098
4606	283.5299988
4607	283.5100098
4608	283.5299988
4609	283.5100098
4610	283.5499878
4611	283.6199951
4612	283.5799866
4613	283.5799866
4614	283.5299988
4615	283.5799866
4616	283.6600037
4617	283.7399902
4618	283.7799988
4619	283.8699951
4620	283.8299866
4621	283.6799927
4622	283.6799927
4623	283.6799927
4624	283.8099976
4625	283.7600098
4626	283.7600098
4627	283.8500061
4628	283.9899902
4629	283.9500122
4630	283.9100037
4631	283.9299927
4632	283.8900146
4633	283.8900146
4634	283.9700012
4635	283.9700012
4636	283.9899902
4637	283.9500122
4638	283.8699951
4639	283.9299927
4640	283.9299927
4641	283.9700012
4642	284.0599976
4643	284.0400085
4644	283.9899902
4645	284.0599976
4646	284.0400085
4647	283.9700012
4648	284.0599976
4649	284.0799866
4650	284.1400146
4651	284.0799866
4652	284.1199951
4653	284.1199951
4654	284.1000061
4655	284.0400085
4656	283.9500122
4657	284.0100098
4658	284.0599976
4659	284.1199951
4660	284.1600037
4661	284.1799927
4662	284.269989
4663	284.2399902
4664	284.2399902
4665	284.2399902
4666	284.3500061
4667	284.3099976
4668	284.3900146
4669	284.3500061
4670	284.4299927
4671	284.4100037
4672	284.4100037
4673	284.3699951
4674	284.3099976
4675	284.1799927
4676	284.2399902
4677	284.1400146
4678	284.1199951
4679	284.1199951
4680	284.0599976
4681	283.9500122
4682	284.0599976
4683	283.9299927
4684	284.0400085
4685	284.0799866
4686	284.0400085
4687	284.1600037
4688	284.1600037
4689	284.1600037
4690	284.1000061
4691	284.0799866
4692	283.9299927
4693	283.9100037
4694	283.8699951
4695	283.9100037
4696	283.8699951
4697	283.8699951
4698	283.8500061
4699	283.8699951
4700	283.8299866
4701	283.8900146
4702	283.8299866
4703	283.9700012
4704	283.9700012
4705	283.9700012
4706	284.0400085
4707	284.0599976
4708	283.9500122
4709	283.9299927
4710	283.9299927
4711	283.9299927
4712	283.9100037
4713	283.9500122
4714	283.9299927
4715	283.8699951
4716	283.8699951
4717	283.8900146
4718	283.8900146
4719	283.9700012
4720	283.9700012
4721	283.9100037
4722	283.9899902
4723	284.0400085
4724	284.0100098
4725	284.1199951
4726	284.0400085
4727	284.0599976
4728	283.9899902
4729	283.9899902
4730	283.9899902
4731	284.0599976
4732	284.0400085
4733	284.0799866
4734	284.1000061
4735	284.1199951
4736	284.1199951
4737	284.1199951
4738	283.9500122
4739	283.9299927
4740	283.8500061
4741	283.8699951
4742	283.9100037
4743	283.9100037
4744	284.0100098
4745	284.1199951
4746	284.1400146
4747	284.1000061
4748	283.9700012
4749	283.9100037
4750	283.9500122
4751	283.8699951
4752	283.9299927
4753	283.9100037
4754	283.8900146
4755	283.9700012
4756	283.9500122
4757	283.9299927
4758	283.7799988
4759	283.7600098
4760	283.8699951
4761	283.8500061
4762	283.8900146
4763	283.8500061
4764	283.8500061
4765	283.7399902
4766	283.8500061
4767	283.8099976
4768	283.8099976
4769	283.8299866
4770	283.8699951
4771	283.9500122
4772	283.8900146
4773	283.9500122
4774	283.8699951
4775	283.8699951
4776	283.7799988
4777	283.8099976
4778	283.7600098
4779	283.7799988
4780	283.8099976
4781	283.7600098
4782	283.7600098
4783	283.8699951
4784	283.7799988
4785	283.7200012
4786	283.7799988
4787	283.8699951
4788	283.9100037
4789	283.9299927
4790	284.0400085
4791	284.1199951
4792	284.0799866
4793	283.9899902
4794	283.9899902
4795	283.9500122
4796	283.9500122
4797	283.8699951
4798	283.8299866
4799	283.8500061
4800	283.9100037
4801	283.8099976
4802	283.7399902
4803	283.7600098
4804	283.8299866
4805	283.8299866
4806	283.8699951
4807	283.8699951
4808	283.9100037
4809	283.9899902
4810	283.9899902
4811	283.9899902
4812	283.9500122
4813	283.9700012
4814	283.9700012
4815	283.9899902
4816	284.0799866
4817	284.1199951
4818	284.0799866
4819	284.0599976
4820	283.9700012
4821	283.9299927
4822	283.8500061
4823	283.8299866
4824	283.9100037
4825	284.2399902
4826	284.4700012
4827	284.4700012
4828	284.5799866
4829	284.730011
4830	284.7900085
4831	284.9599915
4832	285
4833	285.0599976
4834	285.1000061
4835	285.1600037
4836	285.269989
4837	285.3900146
4838	285.480011
4839	285.480011
4840	285.730011
4841	285.8299866
4842	285.8500061
4843	285.8999939
4844	286.019989
4845	286.0400085
4846	286.0400085
4847	286.2099915
4848	286.230011
4849	286.3099976
4850	286.3399963
4851	286.4400024
4852	286.5400085
4853	286.5400085
4854	286.6099854
4855	286.5400085
4856	286.6499939
4857	286.7099915
4858	286.730011
4859	286.6900024
4860	286.8200073
4861	286.8599854
4862	286.8999939
4863	286.8800049
4864	286.8200073
4865	286.8200073
4866	286.769989
4867	286.769989
4868	286.730011
4869	286.730011
4870	286.7099915
4871	286.769989
4872	286.7999878
4873	286.8599854
4874	286.8800049
4875	286.8800049
4876	286.8999939
4877	286.8800049
4878	286.8800049
4879	286.8800049
4880	286.8800049
4881	286.9599915
4882	286.9599915
4883	287.0299988
4884	286.980011
4885	286.980011
4886	286.980011
4887	287.0299988
4888	287.0499878
4889	287.2099915
4890	287.2600098
4891	287.2600098
4892	287.3200073
4893	287.2099915
4894	287.1499939
4895	287.2399902
4896	287.2099915
4897	287.1900024
4898	287.1700134
4899	287.1499939
4900	287.1300049
4901	287.1300049
4902	287.1499939
4903	287.1300049
4904	287.1099854
4905	287.0700073
4906	287.0899963
4907	287.0700073
4908	287.1300049
4909	287.0499878
4910	287.1300049
4911	287.1300049
4912	287.1099854
4913	287.0499878
4914	287.1099854
4915	287.2799988
4916	287.2399902
4917	287.2399902
4918	287.1900024
4919	287.1300049
4920	287.0700073
4921	287.1099854
4922	287.1499939
4923	287.2099915
4924	287.2099915
4925	287.1900024
4926	287.2099915
4927	287.2099915
4928	287.2399902
4929	287.3200073
4930	287.2799988
4931	287.2399902
4932	287.2099915
4933	287.2799988
4934	287.1700134
4935	287.0899963
4936	287.1300049
4937	287.0499878
4938	287.1300049
4939	287.2399902
4940	287.2600098
4941	287.2600098
4942	287.2600098
4943	287.2999878
4944	287.3399963
4945	287.2600098
4946	287.3399963
4947	287.4200134
4948	287.3999939
4949	287.3999939
4950	287.3200073
4951	287.2600098
4952	287.2600098
4953	287.2999878
4954	287.2399902
4955	287.1900024
4956	287.1900024
4957	287.3399963
4958	287.3399963
4959	287.3999939
4960	287.4200134
4961	287.5100098
4962	287.4400024
4963	287.4400024
4964	287.3200073
4965	287.3800049
4966	287.3800049
4967	287.4400024
4968	287.4200134
4969	287.4400024
4970	287.4200134
4971	287.4200134
4972	287.3999939
4973	287.5100098
4974	287.5499878
4975	287.5499878
4976	287.5299988
4977	287.4899902
4978	287.5299988
4979	287.4400024
4980	287.4400024
4981	287.4899902
4982	287.3800049
4983	287.3399963
4984	287.2999878
4985	287.2999878
4986	287.3999939
4987	287.2999878
4988	287.2999878
4989	287.3399963
4990	287.4400024
4991	287.3200073
4992	287.2799988
4993	287.2799988
4994	287.2799988
4995	287.2799988
4996	287.1700134
4997	287.2600098
4998	287.2099915
4999	287.3399963
5000	287.1300049
5001	286.980011
5002	286.8399963
5003	286.6300049
5004	286.6099854
5005	286.5400085
5006	286.519989
5007	286.3999939
5008	286.3399963
5009	286.3099976
5010	286.230011
5011	286.1900024
5012	286.1499939
5013	286
5014	285.9599915
5015	286.0599976
5016	285.980011
5017	285.6900024
5018	285.5400085
5019	285.3500061
5020	285.3500061
5021	284.8699951
5022	284.5400085
5023	284.3900146
5024	283.8500061
5025	283.5799866
5026	283.3500061
5027	283.3500061
5028	282.8900146
5029	282.6099854
5030	282.5700073
5031	282.3999939
5032	282.2399902
5033	282.2399902
5034	282.2399902
5035	282.2799988
5036	282.2200012
5037	282.2200012
5038	282.2000122
5039	282.2399902
5040	282.2200012
5041	282.1300049
5042	282.1499939
5043	282.1499939
5044	282.1700134
5045	282.3399963
5046	282.3800049
5047	282.4299927
5048	282.4700012
5049	282.3999939
5050	282.4700012
5051	282.5299988
5052	282.5499878
5053	282.5299988
5054	282.6600037
5055	282.7600098
5056	282.7600098
5057	282.9100037
5058	282.9899902
5059	282.9899902
5060	282.7600098
5061	282.7799988
5062	282.7999878
5063	282.8900146
5064	283.0100098
5065	283.0299988
5066	283.0299988
5067	283.0899963
5068	283.0499878
5069	282.9700012
5070	282.9500122
5071	282.9500122
5072	282.9500122
5073	282.9700012
5074	283.1799927
5075	283.2999878
5076	283.2600098
5077	283.3900146
5078	283.4899902
5079	283.5100098
5080	283.4299927
5081	283.4299927
5082	283.4100037
5083	283.4700012
5084	283.4899902
5085	283.5100098
5086	283.4700012
5087	283.5100098
5088	283.3200073
5089	283.2799988
5090	283.2799988
5091	283.2799988
5092	283.3500061
5093	283.3200073
5094	283.3200073
5095	283.4299927
5096	283.5100098
5097	283.5799866
5098	283.5799866
5099	283.6000061
5100	283.6000061
5101	283.5799866
5102	283.5100098
5103	283.4299927
5104	283.3699951
5105	283.3699951
5106	283.4700012
5107	283.4500122
5108	283.4700012
5109	283.6799927
5110	283.5799866
5111	283.6199951
5112	283.7000122
5113	283.6799927
5114	283.6799927
5115	283.6000061
5116	283.7200012
5117	283.6400146
5118	283.4899902
5119	283.5799866
5120	283.5499878
5121	283.5499878
5122	283.4899902
5123	283.4899902
5124	283.5100098
5125	283.7200012
5126	283.7399902
5127	283.7799988
5128	283.6400146
5129	283.7000122
5130	283.7000122
5131	283.7600098
5132	283.8099976
5133	283.8500061
5134	283.9500122
5135	283.9299927
5136	283.8099976
5137	283.8099976
5138	283.7799988
5139	283.7000122
5140	283.6400146
5141	283.7200012
5142	283.7399902
5143	283.7799988
5144	283.8099976
5145	283.7200012
5146	283.7200012
5147	283.7200012
5148	283.7600098
5149	283.8500061
5150	283.8099976
5151	283.9500122
5152	283.8699951
5153	283.8099976
5154	283.8699951
5155	283.8699951
5156	283.8500061
5157	283.8500061
5158	283.8699951
5159	283.7600098
5160	283.8299866
5161	283.9500122
5162	284.0100098
5163	284.0799866
5164	284.1400146
5165	284.1199951
5166	283.9500122
5167	283.8900146
5168	283.9100037
5169	283.9100037
5170	284.0599976
5171	283.9500122
5172	283.9500122
5173	283.7799988
5174	283.7799988
5175	283.8500061
5176	283.8500061
5177	283.8500061
5178	283.7799988
5179	283.8099976
5180	283.8500061
5181	283.8900146
5182	283.8099976
5183	283.8500061
5184	283.7600098
5185	283.7399902
5186	283.8900146
5187	283.8099976
5188	283.8099976
5189	283.8099976
5190	283.8699951
5191	283.9500122
5192	283.9899902
5193	284.0400085
5194	283.9500122
5195	283.9500122
5196	283.8699951
5197	283.8099976
5198	283.7600098
5199	283.7399902
5200	283.9100037
5201	283.9100037
5202	284.0100098
5203	284.0100098
5204	283.9500122
5205	283.9100037
5206	283.8699951
5207	283.8299866
5208	283.8299866
5209	283.8299866
5210	283.8299866
5211	283.7200012
5212	283.7399902
5213	283.8299866
5214	283.9100037
5215	283.9100037
5216	283.8900146
5217	283.9299927
5218	283.9100037
5219	283.8500061
5220	283.8099976
5221	283.8699951
5222	283.8500061
5223	284.0100098
5224	284.0400085
5225	283.9500122
5226	283.9100037
5227	283.8900146
5228	283.9500122
5229	283.9100037
5230	284.0599976
5231	284.1199951
5232	284.0100098