1	286.77
2	286.86
3	286.77
4	286.73
5	286.75
6	286.73
7	286.67
8	286.67
9	286.57
10	286.57
11	286.63
12	286.69
13	286.65
14	286.67
15	286.69
16	286.61
17	286.61
18	286.69
19	286.63
20	286.67
21	286.73
22	286.71
23	286.84
24	286.8
25	286.77
26	286.75
27	286.73
28	286.71
29	286.65
30	286.65
31	286.67
32	286.69
33	286.69
34	286.75
35	286.77
36	286.75
37	286.67
38	286.65
39	286.67
40	286.67
41	286.65
42	286.63
43	286.67
44	286.67
45	286.67
46	286.71
47	286.75
48	286.82
49	286.77
50	286.77
51	286.61
52	286.73
53	286.77
54	286.73
55	286.82
56	286.75
57	286.8
58	286.77
59	286.75
60	286.73
61	286.77
62	286.69
63	286.73
64	286.75
65	286.75
66	286.77
67	286.77
68	286.71
69	286.54
70	286.71
71	286.75
72	286.75
73	286.73
74	286.59
75	286.61
76	286.61
77	286.57
78	286.59
79	286.59
80	286.65
81	286.67
82	286.73
83	286.9
84	286.88
85	286.96
86	286.9
87	287.01
88	286.98
89	286.98
90	286.92
91	286.98
92	287.01
93	287.01
94	286.94
95	287.03
96	287.05
97	287.09
98	287.11
99	287.11
100	287.15
101	287.17
102	287.15
103	287.13
104	287.13
105	287.21
106	287.19
107	287.17
108	287.19
109	287.19
110	287.11
111	287.11
112	287.05
113	287.17
114	287.19
115	287.15
116	287.15
117	287.17
118	287.21
119	287.15
120	287.17
121	287.21
122	287.17
123	287.15
124	287.17
125	287.21
126	287.17
127	287.19
128	287.17
129	287.15
130	287.17
131	287.17
132	287.21
133	287.26
134	287.13
135	287.19
136	287.09
137	287.11
138	287.19
139	287.17
140	287.26
141	287.21
142	287.21
143	287.21
144	287.17
145	287.11
146	287.19
147	287.19
148	287.32
149	287.21
150	287.21
151	287.3
152	287.26
153	287.28
154	287.24
155	287.28
156	287.24
157	287.17
158	287.21
159	287.26
160	287.26
161	287.24
162	287.24
163	287.24
164	287.21
165	287.21
166	287.24
167	287.19
168	287.24
169	287.26
170	287.3
171	287.3
172	287.28
173	287.26
174	287.24
175	287.24
176	287.24
177	287.19
178	287.28
179	287.26
180	287.26
181	287.3
182	287.3
183	287.28
184	287.28
185	287.3
186	287.26
187	287.3
188	287.24
189	287.24
190	287.21
191	287.21
192	287.24
193	287.24
194	287.26
195	287.3
196	287.28
197	287.15
198	287.17
199	287.26
200	287.28
201	287.26
202	287.3
203	287.24
204	287.26
205	287.24
206	287.24
207	287.28
208	287.36
209	287.36
210	287.36
211	287.24
212	287.21
213	287.26
214	287.26
215	287.36
216	287.34
217	287.28
218	287.28
219	287.3
220	287.21
221	287.21
222	287.26
223	287.19
224	287.19
225	287.21
226	287.24
227	287.26
228	287.26
229	287.24
230	287.26
231	287.26
232	287.24
233	287.24
234	287.26
235	287.26
236	287.28
237	287.3
238	287.17
239	287.17
240	287.17
241	287.24
242	287.19
243	287.21
244	287.24
245	287.3
246	287.3
247	287.03
248	286.86
249	286.82
250	286.69
251	286.8
252	286.98
253	286.98
254	287.03
255	287.19
256	287.21
257	287.07
258	287.03
259	286.86
260	286.86
261	286.23
262	285.9
263	285.65
264	285.08
265	284.47
266	284.16
267	283.57
268	282.77
269	282.28
270	282.16
271	281.84
272	281.84
273	281.85
274	281.95
275	282.34
276	282.6
277	283.3
278	283.42
279	283.76
280	283.85
281	283.93
282	284.14
283	284.29
284	284.37
285	284.37
286	284.54
287	284.68
288	284.75
289	284.91
290	284.98
291	285
292	285
293	285.23
294	285.21
295	285.23
296	285.21
297	285.37
298	285.39
299	285.42
300	285.48
301	285.5
302	285.5
303	285.52
304	285.5
305	285.48
306	285.52
307	285.5
308	285.48
309	285.48
310	285.48
311	285.62
312	285.73
313	285.81
314	285.79
315	285.88
316	285.88
317	285.88
318	285.92
319	285.94
320	285.9
321	285.83
322	285.83
323	285.79
324	285.79
325	285.79
326	285.81
327	285.88
328	285.94
329	285.96
330	285.96
331	285.96
332	285.9
333	285.96
334	285.94
335	285.98
336	286.04
337	286.04
338	286.02
339	286
340	286
341	285.96
342	285.9
343	285.94
344	286.02
345	285.96
346	286.04
347	286.06
348	285.96
349	285.98
350	286.02
351	286
352	285.96
353	285.94
354	286.02
355	286
356	286
357	286
358	286.02
359	286.02
360	286.04
361	286.13
362	286.06
363	286.06
364	285.98
365	285.92
366	285.88
367	285.92
368	285.94
369	285.9
370	285.9
371	285.96
372	285.98
373	286
374	285.96
375	285.92
376	286
377	286
378	285.98
379	285.96
380	286.02
381	286
382	286.02
383	286
384	286.06
385	286.02
386	286
387	286.04
388	286.04
389	286.04
390	286.02
391	286
392	286.04
393	286.08
394	286.04
395	286.04
396	285.96
397	286.02
398	286
399	286.06
400	286.11
401	286.06
402	286.06
403	286.04
404	286.17
405	286.13
406	286.15
407	286.17
408	286.13
409	286.13
410	286.17
411	286.11
412	286.15
413	286.13
414	286.13
415	286.06
416	286.04
417	285.96
418	285.94
419	285.83
420	285.88
421	285.83
422	285.85
423	285.81
424	285.83
425	285.94
426	286
427	286
428	285.98
429	286.02
430	286
431	286
432	286.02
433	286.06
434	286.06
435	286.02
436	286.02
437	286.02
438	286.06
439	286.02
440	286.06
441	286.06
442	286.15
443	286.15
444	286.19
445	286.19
446	286.21
447	286.19
448	286.19
449	286.13
450	286.11
451	286.17
452	286.23
453	286.19
454	286.19
455	286.21
456	286.17
457	286.17
458	286.19
459	286.25
460	286.17
461	286.19
462	286.23
463	286.25
464	286.23
465	286.17
466	286.17
467	286.19
468	286.29
469	286.31
470	286.31
471	286.23
472	286.19
473	286.19
474	286.13
475	285.98
476	286
477	286.06
478	286.04
479	286.08
480	286.11
481	286.19
482	286.15
483	286.13
484	286.19
485	286.08
486	286.15
487	286.15
488	286.11
489	286.15
490	286.11
491	286.13
492	286.15
493	286.15
494	286.15
495	286.23
496	286.19
497	286.17
498	286.17
499	286.19
500	286.19
501	286.13
502	286.13
503	286.19
504	286.34
505	286.34
506	286.23
507	286.19
508	286.21
509	286.25
510	286.23
511	286.17
512	286.17
513	286.29
514	286.25
515	286.34
516	286.34
517	286.31
518	286.31
519	286.27
520	286.19
521	286.23
522	286.25
523	286.23
524	286.23
525	286.34
526	286.34
527	286.25
528	286.23
529	286.27
530	286.17
531	286.19
532	286.21
533	286.13
534	286.19
535	286.15
536	286.15
537	286.15
538	286.13
539	286.19
540	286.19
541	286.17
542	286.23
543	286.4
544	286.4
545	286.59
546	286.61
547	286.57
548	286.5
549	286.48
550	286.42
551	286.4
552	286.34
553	286.42
554	286.5
555	286.54
556	286.61
557	286.63
558	286.63
559	286.65
560	286.69
561	286.75
562	286.8
563	286.84
564	286.84
565	286.84
566	286.82
567	286.92
568	286.9
569	286.9
570	286.94
571	286.98
572	287.07
573	287.05
574	286.98
575	286.98
576	286.98
577	287.07
578	287.03
579	287.01
580	287.07
581	287.07
582	287.13
583	287.13
584	287.11
585	287.15
586	287.26
587	287.13
588	287.15
589	287.07
590	287.15
591	287.05
592	287.13
593	287.09
594	287.13
595	287.05
596	287.11
597	287.05
598	287.11
599	287.05
600	287.09
601	287.11
602	287.15
603	287.19
604	287.19
605	287.26
606	287.19
607	287.24
608	287.24
609	287.21
610	287.19
611	287.21
612	287.17
613	287.24
614	287.24
615	287.24
616	287.19
617	287.13
618	287.11
619	287.05
620	287.11
621	287.05
622	287.05
623	287.09
624	287.13
625	287.11
626	287.15
627	287.09
628	287.11
629	287.09
630	287.05
631	287.09
632	287.19
633	287.19
634	287.13
635	287.13
636	287.13
637	287.15
638	287.13
639	287.19
640	287.19
641	287.15
642	287.15
643	287.17
644	287.17
645	287.13
646	287.15
647	287.15
648	287.11
649	287.07
650	287.11
651	287.15
652	287.17
653	287.17
654	287.17
655	287.09
656	287.17
657	287.11
658	287.09
659	287.17
660	287.24
661	287.13
662	287.13
663	287.07
664	287.03
665	287.05
666	287.13
667	287.07
668	287.07
669	287.07
670	287.09
671	287.07
672	287.11
673	287.13
674	287.05
675	287.07
676	287.15
677	287.11
678	287.09
679	287.09
680	287.07
681	287.11
682	287.11
683	287.11
684	287.15
685	287.11
686	287.11
687	287.05
688	287.07
689	287.03
690	287.01
691	286.98
692	287.01
693	287.01
694	287.05
695	287.09
696	286.96
697	286.98
698	286.98
699	286.92
700	287.01
701	286.96
702	286.94
703	286.98
704	286.98
705	286.9
706	286.98
707	287.03
708	286.96
709	286.94
710	286.96
711	286.96
712	286.96
713	286.96
714	286.9
715	286.94
716	286.92
717	286.92
718	286.92
719	286.9
720	286.67
721	286.61
722	286.44
723	286.4
724	286.44
725	286.44
726	286.59
727	286.63
728	286.8
729	286.84
730	286.8
731	286.73
732	286.67
733	286.4
734	286.42
735	285.94
736	285.42
737	284.73
738	284.52
739	284.22
740	283.58
741	282.37
742	282.12
743	281.86
744	281.74
745	281.74
746	281.99
747	282.22
748	282.63
749	283.12
750	283.12
751	283.41
752	283.47
753	283.51
754	283.49
755	283.58
756	283.7
757	283.7
758	283.93
759	283.99
760	283.95
761	284.14
762	284.41
763	284.45
764	284.45
765	284.37
766	284.39
767	284.47
768	284.73
769	284.85
770	284.89
771	284.81
772	284.83
773	284.91
774	284.89
775	284.91
776	284.93
777	285
778	285.06
779	285.08
780	285.1
781	285.14
782	285.25
783	285.27
784	285.23
785	285.19
786	285.16
787	285.14
788	285.1
789	285.1
790	285.27
791	285.33
792	285.33
793	285.39
794	285.39
795	285.37
796	285.37
797	285.33
798	285.33
799	285.35
800	285.33
801	285.37
802	285.37
803	285.33
804	285.48
805	285.6
806	285.58
807	285.58
808	285.56
809	285.6
810	285.5
811	285.54
812	285.52
813	285.48
814	285.37
815	285.39
816	285.39
817	285.33
818	285.33
819	285.37
820	285.44
821	285.44
822	285.44
823	285.56
824	285.56
825	285.6
826	285.52
827	285.48
828	285.48
829	285.5
830	285.52
831	285.58
832	285.58
833	285.62
834	285.67
835	285.67
836	285.62
837	285.6
838	285.52
839	285.5
840	285.54
841	285.56
842	285.56
843	285.69
844	285.69
845	285.67
846	285.62
847	285.69
848	285.65
849	285.79
850	285.71
851	285.71
852	285.71
853	285.75
854	285.69
855	285.69
856	285.77
857	285.79
858	285.75
859	285.71
860	285.71
861	285.65
862	285.58
863	285.48
864	285.5
865	285.54
866	285.46
867	285.46
868	285.58
869	285.54
870	285.56
871	285.54
872	285.54
873	285.5
874	285.54
875	285.58
876	285.6
877	285.6
878	285.58
879	285.56
880	285.52
881	285.54
882	285.5
883	285.48
884	285.48
885	285.46
886	285.46
887	285.42
888	285.39
889	285.44
890	285.35
891	285.44
892	285.42
893	285.37
894	285.35
895	285.37
896	285.39
897	285.31
898	285.31
899	285.31
900	285.27
901	285.25
902	285.33
903	285.39
904	285.42
905	285.33
906	285.33
907	285.31
908	285.29
909	285.23
910	285.29
911	285.29
912	285.31
913	285.33
914	285.31
915	285.37
916	285.33
917	285.33
918	285.31
919	285.29
920	285.27
921	285.1
922	285.08
923	285.12
924	285.06
925	285.06
926	285.04
927	285.06
928	285.02
929	285.25
930	285.27
931	285.27
932	285.12
933	285.12
934	285.23
935	285.31
936	285.44
937	285.52
938	285.52
939	285.33
940	285.29
941	285.23
942	285.29
943	285.27
944	285.33
945	285.33
946	285.25
947	285.29
948	285.31
949	285.29
950	285.29
951	285.23
952	285.27
953	285.25
954	285.23
955	285.12
956	285.06
957	285.1
958	285.16
959	285.14
960	285.29
961	285.35
962	285.37
963	285.31
964	285.35
965	285.31
966	285.25
967	285.23
968	285.35
969	285.46
970	285.46
971	285.48
972	285.44
973	285.31
974	285.37
975	285.29
976	285.23
977	285.23
978	285.14
979	285.29
980	285.29
981	285.21
982	285.23
983	285.19
984	285.23
985	285.19
986	285.21
987	285.12
988	285.1
989	285.1
990	285.16
991	285.1
992	285.16
993	285.25
994	285.35
995	285.42
996	285.44
997	285.39
998	285.37
999	285.29
1000	285.29
1001	285.33
1002	285.33
1003	285.27
1004	285.21
1005	285.19
1006	285.23
1007	285.19
1008	285.25
1009	285.25
1010	285.27
1011	285.23
1012	285.16
1013	285.23
1014	285.29
1015	285.23
1016	285.23
1017	285.44
1018	285.52
1019	285.56
1020	285.56
1021	285.54
1022	285.5
1023	285.58
1024	285.56
1025	285.62
1026	285.58
1027	285.6
1028	285.58
1029	285.58
1030	285.67
1031	285.73
1032	285.75
1033	285.81
1034	285.79
1035	285.83
1036	285.94
1037	285.98
1038	286.04
1039	286.08
1040	286.11
1041	286.11
1042	286.15
1043	286.08
1044	286.19
1045	286.19
1046	286.25
1047	286.27
1048	286.27
1049	286.27
1050	286.31
1051	286.29
1052	286.27
1053	286.29
1054	286.29
1055	286.29
1056	286.36
1057	286.4
1058	286.4
1059	286.38
1060	286.36
1061	286.42
1062	286.42
1063	286.46
1064	286.38
1065	286.4
1066	286.42
1067	286.38
1068	286.42
1069	286.31
1070	286.4
1071	286.42
1072	286.44
1073	286.44
1074	286.4
1075	286.36
1076	286.5
1077	286.46
1078	286.52
1079	286.42
1080	286.42
1081	286.44
1082	286.42
1083	286.5
1084	286.46
1085	286.44
1086	286.46
1087	286.46
1088	286.44
1089	286.46
1090	286.42
1091	286.44
1092	286.46
1093	286.42
1094	286.48
1095	286.5
1096	286.5
1097	286.48
1098	286.46
1099	286.52
1100	286.52
1101	286.48
1102	286.52
1103	286.48
1104	286.5
1105	286.52
1106	286.5
1107	286.48
1108	286.44
1109	286.4
1110	286.48
1111	286.42
1112	286.42
1113	286.42
1114	286.48
1115	286.48
1116	286.5
1117	286.5
1118	286.46
1119	286.46
1120	286.52
1121	286.46
1122	286.48
1123	286.46
1124	286.48
1125	286.46
1126	286.52
1127	286.52
1128	286.5
1129	286.48
1130	286.48
1131	286.52
1132	286.52
1133	286.54
1134	286.54
1135	286.54
1136	286.5
1137	286.46
1138	286.52
1139	286.57
1140	286.52
1141	286.48
1142	286.52
1143	286.54
1144	286.52
1145	286.48
1146	286.5
1147	286.48
1148	286.5
1149	286.48
1150	286.5
1151	286.5
1152	286.5
1153	286.52
1154	286.52
1155	286.48
1156	286.48
1157	286.54
1158	286.54
1159	286.52
1160	286.54
1161	286.52
1162	286.52
1163	286.52
1164	286.54
1165	286.54
1166	286.54
1167	286.63
1168	286.61
1169	286.54
1170	286.5
1171	286.57
1172	286.57
1173	286.48
1174	286.54
1175	286.59
1176	286.54
1177	286.59
1178	286.57
1179	286.59
1180	286.59
1181	286.63
1182	286.61
1183	286.61
1184	286.54
1185	286.5
1186	286.5
1187	286.59
1188	286.61
1189	286.59
1190	286.59
1191	286.59
1192	286.61
1193	286.52
1194	286.25
1195	286.15
1196	286.23
1197	286.23
1198	286.19
1199	286.23
1200	286.27
1201	286.36
1202	286.31
1203	286.25
1204	286.25
1205	286.08
1206	286.11
1207	285.92
1208	285.62
1209	285.35
1210	284.98
1211	284.83
1212	284.35
1213	283.81
1214	283.39
1215	282.86
1216	282.68
1217	282.53
1218	282.23
1219	281.97
1220	281.43
1221	281.32
1222	281.32
1223	281.43
1224	281.81
1225	282.31
1226	282.78
1227	282.86
1228	283.12
1229	283.12
1230	283.32
1231	283.3
1232	283.24
1233	283.32
1234	283.43
1235	283.58
1236	283.68
1237	284.08
1238	283.99
1239	284.08
1240	284.1
1241	284.12
1242	284.16
1243	284.18
1244	284.27
1245	284.24
1246	284.31
1247	284.37
1248	284.43
1249	284.5
1250	284.56
1251	284.6
1252	284.64
1253	284.66
1254	284.66
1255	284.81
1256	284.93
1257	284.96
1258	284.93
1259	285.04
1260	284.98
1261	284.98
1262	285.1
1263	285.06
1264	285.02
1265	285.04
1266	285.08
1267	285.19
1268	285.19
1269	285.1
1270	285.12
1271	285.08
1272	285.08
1273	285.06
1274	285.1
1275	285.12
1276	285
1277	285.12
1278	285.21
1279	285.29
1280	285.31
1281	285.31
1282	285.33
1283	285.25
1284	285.19
1285	285.04
1286	285.04
1287	285.02
1288	284.96
1289	285.02
1290	285
1291	284.93
1292	284.98
1293	284.98
1294	285.08
1295	285.21
1296	285.25
1297	285.19
1298	285.1
1299	285.16
1300	285.16
1301	285.1
1302	285.14
1303	285.16
1304	285.1
1305	285.19
1306	285.08
1307	285.16
1308	285.29
1309	285.27
1310	285.25
1311	285.21
1312	285.27
1313	285.31
1314	285.29
1315	285.33
1316	285.37
1317	285.35
1318	285.25
1319	285.21
1320	285.25
1321	285.35
1322	285.44
1323	285.39
1324	285.37
1325	285.37
1326	285.27
1327	285.27
1328	285.16
1329	285.25
1330	285.27
1331	285.21
1332	285.21
1333	285.42
1334	285.6
1335	285.65
1336	285.62
1337	285.56
1338	285.48
1339	285.48
1340	285.37
1341	285.35
1342	285.44
1343	285.35
1344	285.5
1345	285.46
1346	285.39
1347	285.48
1348	285.48
1349	285.46
1350	285.44
1351	285.39
1352	285.39
1353	285.39
1354	285.37
1355	285.31
1356	285.42
1357	285.33
1358	285.35
1359	285.35
1360	285.27
1361	285.35
1362	285.37
1363	285.42
1364	285.42
1365	285.33
1366	285.31
1367	285.37
1368	285.44
1369	285.54
1370	285.48
1371	285.48
1372	285.44
1373	285.44
1374	285.39
1375	285.39
1376	285.42
1377	285.44
1378	285.42
1379	285.29
1380	285.35
1381	285.31
1382	285.39
1383	285.33
1384	285.33
1385	285.39
1386	285.46
1387	285.54
1388	285.58
1389	285.5
1390	285.39
1391	285.35
1392	285.35
1393	285.46
1394	285.48
1395	285.42
1396	285.42
1397	285.39
1398	285.42
1399	285.46
1400	285.42
1401	285.46
1402	285.46
1403	285.46
1404	285.44
1405	285.46
1406	285.44
1407	285.42
1408	285.44
1409	285.5
1410	285.5
1411	285.42
1412	285.42
1413	285.5
1414	285.52
1415	285.5
1416	285.46
1417	285.46
1418	285.44
1419	285.44
1420	285.37
1421	285.33
1422	285.37
1423	285.33
1424	285.33
1425	285.37
1426	285.42
1427	285.42
1428	285.37
1429	285.23
1430	285.31
1431	285.33
1432	285.35
1433	285.29
1434	285.33
1435	285.33
1436	285.35
1437	285.31
1438	285.25
1439	285.25
1440	285.31
1441	285.31
1442	285.31
1443	285.25
1444	285.21
1445	285.21
1446	285.33
1447	285.25
1448	285.29
1449	285.25
1450	285.29
1451	285.25
1452	285.25
1453	285.25
1454	285.29
1455	285.35
1456	285.42
1457	285.39
1458	285.37
1459	285.31
1460	285.23
1461	285.29
1462	285.27
1463	285.31
1464	285.29
1465	285.35
1466	285.31
1467	285.31
1468	285.33
1469	285.33
1470	285.25
1471	285.31
1472	285.33
1473	285.35
1474	285.35
1475	285.29
1476	285.29
1477	285.29
1478	285.29
1479	285.27
1480	285.29
1481	285.29
1482	285.42
1483	285.39
1484	285.35
1485	285.35
1486	285.33
1487	285.37
1488	285.39
1489	285.39
1490	285.44
1491	285.58
1492	285.62
1493	285.58
1494	285.58
1495	285.6
1496	285.62
1497	285.6
1498	285.6
1499	285.69
1500	285.71
1501	285.77
1502	285.77
1503	285.85
1504	285.94
1505	286
1506	286
1507	286.13
1508	286.15
1509	286.17
1510	286.19
1511	286.25
1512	286.25
1513	286.25
1514	286.29
1515	286.25
1516	286.38
1517	286.42
1518	286.4
1519	286.42
1520	286.42
1521	286.44
1522	286.36
1523	286.38
1524	286.42
1525	286.46
1526	286.48
1527	286.46
1528	286.48
1529	286.48
1530	286.5
1531	286.48
1532	286.5
1533	286.46
1534	286.48
1535	286.42
1536	286.57
1537	286.54
1538	286.52
1539	286.5
1540	286.48
1541	286.54
1542	286.54
1543	286.5
1544	286.5
1545	286.5
1546	286.5
1547	286.5
1548	286.5
1549	286.5
1550	286.54
1551	286.54
1552	286.54
1553	286.5
1554	286.46
1555	286.61
1556	286.57
1557	286.61
1558	286.57
1559	286.59
1560	286.5
1561	286.52
1562	286.57
1563	286.57
1564	286.52
1565	286.5
1566	286.5
1567	286.52
1568	286.57
1569	286.5
1570	286.52
1571	286.54
1572	286.5
1573	286.5
1574	286.48
1575	286.52
1576	286.57
1577	286.57
1578	286.59
1579	286.52
1580	286.5
1581	286.5
1582	286.54
1583	286.57
1584	286.57
1585	286.61
1586	286.57
1587	286.57
1588	286.52
1589	286.52
1590	286.48
1591	286.48
1592	286.48
1593	286.54
1594	286.54
1595	286.59
1596	286.63
1597	286.59
1598	286.57
1599	286.61
1600	286.57
1601	286.63
1602	286.63
1603	286.61
1604	286.59
1605	286.65
1606	286.61
1607	286.61
1608	286.61
1609	286.63
1610	286.61
1611	286.54
1612	286.63
1613	286.65
1614	286.63
1615	286.69
1616	286.69
1617	286.61
1618	286.63
1619	286.63
1620	286.65
1621	286.69
1622	286.67
1623	286.67
1624	286.69
1625	286.67
1626	286.61
1627	286.65
1628	286.63
1629	286.59
1630	286.57
1631	286.59
1632	286.59
1633	286.63
1634	286.67
1635	286.59
1636	286.61
1637	286.73
1638	286.69
1639	286.75
1640	286.69
1641	286.59
1642	286.63
1643	286.67
1644	286.67
1645	286.65
1646	286.65
1647	286.65
1648	286.63
1649	286.61
1650	286.59
1651	286.59
1652	286.65
1653	286.65
1654	286.65
1655	286.65
1656	286.63
1657	286.63
1658	286.69
1659	286.69
1660	286.69
1661	286.65
1662	286.65
1663	286.63
1664	286.69
1665	286.73
1666	286.59
1667	286.4
1668	286.29
1669	286.25
1670	286.11
1671	286.11
1672	286.15
1673	286.25
1674	286.27
1675	286.34
1676	286.31
1677	286.21
1678	286.21
1679	286.04
1680	285.88
1681	285.71
1682	285.23
1683	284.91
1684	284.31
1685	283.7
1686	283.16
1687	283.16
1688	282.51
1689	282.26
1690	282.17
1691	281.87
1692	281.59
1693	281.78
1694	282.09
1695	282.2
1696	282.32
1697	282.43
1698	282.55
1699	282.78
1700	282.93
1701	282.93
1702	283.2
1703	283.26
1704	283.39
1705	283.49
1706	283.51
1707	283.66
1708	283.7
1709	283.85
1710	283.89
1711	283.97
1712	284.01
1713	284.04
1714	284.08
1715	284.12
1716	284.14
1717	284.24
1718	284.33
1719	284.43
1720	284.45
1721	284.5
1722	284.6
1723	284.73
1724	284.79
1725	284.81
1726	284.81
1727	284.75
1728	284.75
1729	284.73
1730	284.83
1731	284.83
1732	284.77
1733	284.77
1734	284.81
1735	284.85
1736	284.77
1737	284.81
1738	284.85
1739	284.87
1740	284.87
1741	284.89
1742	284.91
1743	284.98
1744	285.02
1745	285.02
1746	284.96
1747	285.04
1748	284.93
1749	285.08
1750	285.12
1751	285.1
1752	285.04
1753	285.1
1754	285.1
1755	285.14
1756	285.1
1757	285.14
1758	285.14
1759	285.16
1760	285.14
1761	285.1
1762	285.14
1763	285.12
1764	285.14
1765	285.14
1766	285.1
1767	285.12
1768	285.19
1769	285.21
1770	285.21
1771	285.23
1772	285.23
1773	285.19
1774	285.21
1775	285.23
1776	285.1
1777	285.19
1778	285.1
1779	285.12
1780	285.12
1781	285.14
1782	285.12
1783	285.14
1784	285.12
1785	285.16
1786	285.25
1787	285.23
1788	285.21
1789	285.31
1790	285.16
1791	285.1
1792	285.14
1793	285.23
1794	285.16
1795	285.23
1796	285.14
1797	285.14
1798	285.16
1799	285.23
1800	285.23
1801	285.27
1802	285.31
1803	285.31
1804	285.31
1805	285.29
1806	285.33
1807	285.31
1808	285.29
1809	285.29
1810	285.29
1811	285.23
1812	285.31
1813	285.25
1814	285.25
1815	285.21
1816	285.23
1817	285.27
1818	285.29
1819	285.27
1820	285.21
1821	285.23
1822	285.29
1823	285.31
1824	285.31
1825	285.39
1826	285.46
1827	285.46
1828	285.42
1829	285.42
1830	285.37
1831	285.33
1832	285.37
1833	285.29
1834	285.25
1835	285.29
1836	285.29
1837	285.35
1838	285.35
1839	285.31
1840	285.33
1841	285.33
1842	285.23
1843	285.23
1844	285.25
1845	285.37
1846	285.46
1847	285.71
1848	285.69
1849	285.65
1850	285.56
1851	285.42
1852	285.42
1853	285.52
1854	285.48
1855	285.46
1856	285.48
1857	285.56
1858	285.46
1859	285.48
1860	285.48
1861	285.48
1862	285.44
1863	285.42
1864	285.42
1865	285.46
1866	285.6
1867	285.5
1868	285.5
1869	285.5
1870	285.54
1871	285.54
1872	285.5
1873	285.5
1874	285.54
1875	285.54
1876	285.58
1877	285.67
1878	285.6
1879	285.62
1880	285.65
1881	285.65
1882	285.58
1883	285.52
1884	285.52
1885	285.48
1886	285.54
1887	285.56
1888	285.5
1889	285.52
1890	285.5
1891	285.5
1892	285.56
1893	285.6
1894	285.56
1895	285.54
1896	285.54
1897	285.6
1898	285.58
1899	285.56
1900	285.56
1901	285.58
1902	285.52
1903	285.54
1904	285.56
1905	285.65
1906	285.58
1907	285.58
1908	285.58
1909	285.58
1910	285.6
1911	285.6
1912	285.58
1913	285.56
1914	285.56
1915	285.56
1916	285.56
1917	285.52
1918	285.5
1919	285.56
1920	285.52
1921	285.52
1922	285.58
1923	285.58
1924	285.56
1925	285.54
1926	285.48
1927	285.54
1928	285.5
1929	285.5
1930	285.42
1931	285.42
1932	285.39
1933	285.44
1934	285.46
1935	285.42
1936	285.52
1937	285.52
1938	285.5
1939	285.5
1940	285.56
1941	285.48
1942	285.46
1943	285.52
1944	285.46
1945	285.5
1946	285.5
1947	285.44
1948	285.44
1949	285.48
1950	285.46
1951	285.52
1952	285.52
1953	285.5
1954	285.5
1955	285.44
1956	285.42
1957	285.5
1958	285.46
1959	285.44
1960	285.44
1961	285.54
1962	285.56
1963	285.65
1964	285.79
1965	285.85
1966	285.9
1967	285.92
1968	285.83
1969	285.85
1970	285.79
1971	285.71
1972	285.79
1973	285.9
1974	285.94
1975	286
1976	286.06
1977	286.13
1978	286.13
1979	286.19
1980	286.23
1981	286.29
1982	286.36
1983	286.36
1984	286.4
1985	286.4
1986	286.4
1987	286.48
1988	286.52
1989	286.5
1990	286.57
1991	286.57
1992	286.63
1993	286.59
1994	286.63
1995	286.63
1996	286.67
1997	286.65
1998	286.65
1999	286.71
2000	286.65
2001	286.67
2002	286.67
2003	286.67
2004	286.67
2005	286.69
2006	286.75
2007	286.75
2008	286.75
2009	286.75
2010	286.75
2011	286.75
2012	286.71
2013	286.73
2014	286.77
2015	286.71
2016	286.75
2017	286.75
2018	286.71
2019	286.69
2020	286.8
2021	286.73
2022	286.75
2023	286.71
2024	286.71
2025	286.77
2026	286.8
2027	286.77
2028	286.75
2029	286.71
2030	286.77
2031	286.71
2032	286.73
2033	286.75
2034	286.77
2035	286.86
2036	286.82
2037	286.73
2038	286.82
2039	286.77
2040	286.77
2041	286.86
2042	286.84
2043	286.88
2044	286.82
2045	286.84
2046	286.82
2047	286.82
2048	286.92
2049	286.92
2050	286.88
2051	286.92
2052	286.88
2053	286.86
2054	286.84
2055	286.84
2056	286.84
2057	286.94
2058	286.88
2059	286.92
2060	286.94
2061	286.9
2062	286.92
2063	286.98
2064	286.94
2065	286.96
2066	286.88
2067	286.9
2068	286.9
2069	286.86
2070	286.9
2071	286.82
2072	286.92
2073	286.77
2074	286.86
2075	286.88
2076	286.86
2077	286.88
2078	286.86
2079	286.9
2080	286.88
2081	286.88
2082	286.92
2083	286.9
2084	286.9
2085	286.8
2086	286.82
2087	286.84
2088	286.84
2089	286.88
2090	286.94
2091	286.82
2092	286.86
2093	286.86
2094	286.84
2095	286.84
2096	286.96
2097	286.9
2098	286.94
2099	286.88
2100	286.9
2101	286.94
2102	286.88
2103	286.96
2104	286.88
2105	286.92
2106	286.94
2107	286.96
2108	286.92
2109	286.92
2110	286.96
2111	286.94
2112	286.88
2113	286.94
2114	286.86
2115	286.84
2116	286.92
2117	286.94
2118	286.94
2119	286.9
2120	286.9
2121	286.86
2122	286.88
2123	286.9
2124	286.86
2125	286.9
2126	286.88
2127	286.88
2128	286.9
2129	286.9
2130	286.88
2131	286.9
2132	286.9
2133	286.92
2134	286.94
2135	286.92
2136	286.84
2137	286.86
2138	286.92
2139	286.92
2140	286.8
2141	286.65
2142	286.48
2143	286.42
2144	286.46
2145	286.5
2146	286.48
2147	286.48
2148	286.5
2149	286.54
2150	286.48
2151	286.5
2152	286.48
2153	286.36
2154	286.17
2155	286
2156	285.48
2157	284.87
2158	284.29
2159	284.29
2160	283.3
2161	282.76
2162	282.57
2163	282.26
2164	282.07
2165	281.99
2166	281.99
2167	282.11
2168	282.26
2169	282.28
2170	282.53
2171	282.66
2172	282.74
2173	282.78
2174	283.05
2175	283.14
2176	283.28
2177	283.41
2178	283.58
2179	283.58
2180	283.68
2181	283.81
2182	283.89
2183	284.04
2184	284.08
2185	284.12
2186	284.16
2187	284.16
2188	284.24
2189	284.35
2190	284.45
2191	284.45
2192	284.58
2193	284.62
2194	284.62
2195	284.62
2196	284.64
2197	284.68
2198	284.68
2199	284.7
2200	284.89
2201	284.81
2202	284.83
2203	284.93
2204	284.91
2205	284.91
2206	285.02
2207	285.08
2208	285.08
2209	285.1
2210	285.06
2211	285.02
2212	285.02
2213	285.21
2214	285.29
2215	285.31
2216	285.39
2217	285.33
2218	285.31
2219	285.29
2220	285.31
2221	285.33
2222	285.31
2223	285.31
2224	285.31
2225	285.33
2226	285.35
2227	285.31
2228	285.31
2229	285.33
2230	285.33
2231	285.42
2232	285.44
2233	285.39
2234	285.42
2235	285.42
2236	285.35
2237	285.35
2238	285.42
2239	285.33
2240	285.33
2241	285.35
2242	285.35
2243	285.31
2244	285.37
2245	285.33
2246	285.44
2247	285.44
2248	285.48
2249	285.5
2250	285.52
2251	285.5
2252	285.52
2253	285.46
2254	285.48
2255	285.52
2256	285.46
2257	285.44
2258	285.39
2259	285.37
2260	285.44
2261	285.46
2262	285.46
2263	285.44
2264	285.5
2265	285.54
2266	285.5
2267	285.52
2268	285.58
2269	285.58
2270	285.56
2271	285.52
2272	285.52
2273	285.54
2274	285.46
2275	285.39
2276	285.39
2277	285.54
2278	285.5
2279	285.5
2280	285.5
2281	285.56
2282	285.5
2283	285.56
2284	285.52
2285	285.52
2286	285.52
2287	285.48
2288	285.54
2289	285.5
2290	285.52
2291	285.5
2292	285.52
2293	285.6
2294	285.6
2295	285.67
2296	285.71
2297	285.6
2298	285.65
2299	285.65
2300	285.6
2301	285.6
2302	285.6
2303	285.58
2304	285.6
2305	285.58
2306	285.58
2307	285.58
2308	285.58
2309	285.58
2310	285.58
2311	285.58
2312	285.54
2313	285.58
2314	285.54
2315	285.6
2316	285.52
2317	285.52
2318	285.48
2319	285.46
2320	285.52
2321	285.56
2322	285.58
2323	285.62
2324	285.6
2325	285.58
2326	285.6
2327	285.6
2328	285.58
2329	285.6
2330	285.65
2331	285.65
2332	285.56
2333	285.56
2334	285.56
2335	285.56
2336	285.58
2337	285.58
2338	285.67
2339	285.62
2340	285.62
2341	285.65
2342	285.62
2343	285.56
2344	285.69
2345	285.65
2346	285.6
2347	285.6
2348	285.58
2349	285.69
2350	285.67
2351	285.67
2352	285.65
2353	285.65
2354	285.6
2355	285.62
2356	285.65
2357	285.67
2358	285.67
2359	285.71
2360	285.67
2361	285.71
2362	285.77
2363	285.73
2364	285.73
2365	285.73
2366	285.67
2367	285.67
2368	285.65
2369	285.62
2370	285.65
2371	285.71
2372	285.71
2373	285.69
2374	285.69
2375	285.62
2376	285.62
2377	285.69
2378	285.69
2379	285.69
2380	285.71
2381	285.6
2382	285.67
2383	285.65
2384	285.69
2385	285.69
2386	285.71
2387	285.6
2388	285.65
2389	285.62
2390	285.65
2391	285.62
2392	285.62
2393	285.65
2394	285.65
2395	285.69
2396	285.71
2397	285.6
2398	285.58
2399	285.67
2400	285.69
2401	285.73
2402	285.73
2403	285.69
2404	285.73
2405	285.62
2406	285.71
2407	285.69
2408	285.73
2409	285.83
2410	285.81
2411	285.81
2412	285.88
2413	285.94
2414	285.9
2415	285.92
2416	285.9
2417	285.83
2418	285.83
2419	285.9
2420	285.85
2421	285.81
2422	285.88
2423	285.81
2424	285.83
2425	285.88
2426	285.88
2427	285.9
2428	285.92
2429	285.88
2430	285.83
2431	285.94
2432	285.9
2433	285.98
2434	285.88
2435	285.96
2436	285.92
2437	286.04
2438	286.25
2439	286.31
2440	286.31
2441	286.29
2442	286.34
2443	286.34
2444	286.4
2445	286.42
2446	286.5
2447	286.5
2448	286.59
2449	286.77
2450	286.77
2451	286.82
2452	286.86
2453	286.84
2454	286.96
2455	287.05
2456	287.05
2457	287.05
2458	287.13
2459	287.19
2460	287.15
2461	287.21
2462	287.19
2463	287.24
2464	287.24
2465	287.28
2466	287.3
2467	287.28
2468	287.32
2469	287.28
2470	287.3
2471	287.38
2472	287.34
2473	287.34
2474	287.3
2475	287.38
2476	287.32
2477	287.34
2478	287.32
2479	287.36
2480	287.4
2481	287.44
2482	287.44
2483	287.51
2484	287.42
2485	287.51
2486	287.47
2487	287.51
2488	287.44
2489	287.44
2490	287.42
2491	287.49
2492	287.49
2493	287.49
2494	287.51
2495	287.47
2496	287.51
2497	287.47
2498	287.51
2499	287.51
2500	287.53
2501	287.55
2502	287.55
2503	287.51
2504	287.57
2505	287.53
2506	287.57
2507	287.51
2508	287.55
2509	287.51
2510	287.49
2511	287.55
2512	287.59
2513	287.55
2514	287.55
2515	287.59
2516	287.61
2517	287.55
2518	287.59
2519	287.57
2520	287.59
2521	287.59
2522	287.59
2523	287.53
2524	287.51
2525	287.55
2526	287.59
2527	287.61
2528	287.61
2529	287.57
2530	287.57
2531	287.57
2532	287.57
2533	287.55
2534	287.61
2535	287.59
2536	287.57
2537	287.63
2538	287.61
2539	287.59
2540	287.63
2541	287.57
2542	287.61
2543	287.63
2544	287.65
2545	287.55
2546	287.57
2547	287.61
2548	287.53
2549	287.59
2550	287.59
2551	287.61
2552	287.65
2553	287.65
2554	287.57
2555	287.59
2556	287.57
2557	287.57
2558	287.57
2559	287.59
2560	287.59
2561	287.61
2562	287.57
2563	287.59
2564	287.57
2565	287.63
2566	287.65
2567	287.61
2568	287.67
2569	287.67
2570	287.57
2571	287.59
2572	287.57
2573	287.53
2574	287.57
2575	287.65
2576	287.59
2577	287.59
2578	287.57
2579	287.59
2580	287.57
2581	287.59
2582	287.61
2583	287.61
2584	287.61
2585	287.61
2586	287.61
2587	287.59
2588	287.67
2589	287.59
2590	287.61
2591	287.57
2592	287.57
2593	287.57
2594	287.61
2595	287.61
2596	287.57
2597	287.63
2598	287.65
2599	287.65
2600	287.65
2601	287.63
2602	287.65
2603	287.63
2604	287.59
2605	287.57
2606	287.59
2607	287.59
2608	287.57
2609	287.57
2610	287.55
2611	287.57
2612	287.61
2613	287.61
2614	287.28
2615	287.17
2616	287.01
2617	287.05
2618	287.05
2619	287.09
2620	287.05
2621	287.09
2622	287.05
2623	287.05
2624	287.05
2625	287.05
2626	286.82
2627	286.71
2628	286.08
2629	285.54
2630	284.91
2631	284.91
2632	283.93
2633	283.45
2634	283.18
2635	282.82
2636	282.53
2637	282.45
2638	282.45
2639	282.43
2640	282.57
2641	282.61
2642	282.84
2643	283.05
2644	283.16
2645	283.24
2646	283.53
2647	283.62
2648	283.76
2649	283.91
2650	284.06
2651	284.08
2652	284.16
2653	284.27
2654	284.35
2655	284.45
2656	284.64
2657	284.54
2658	284.68
2659	284.66
2660	284.68
2661	284.81
2662	284.83
2663	284.83
2664	284.93
2665	285
2666	284.98
2667	285.08
2668	285.1
2669	285.08
2670	285.08
2671	285.14
2672	285.21
2673	285.19
2674	285.21
2675	285.29
2676	285.27
2677	285.33
2678	285.35
2679	285.39
2680	285.35
2681	285.42
2682	285.48
2683	285.46
2684	285.56
2685	285.56
2686	285.58
2687	285.58
2688	285.62
2689	285.65
2690	285.62
2691	285.62
2692	285.65
2693	285.62
2694	285.6
2695	285.6
2696	285.6
2697	285.65
2698	285.69
2699	285.67
2700	285.73
2701	285.75
2702	285.75
2703	285.75
2704	285.79
2705	285.77
2706	285.71
2707	285.79
2708	285.73
2709	285.79
2710	285.79
2711	285.75
2712	285.75
2713	285.77
2714	285.75
2715	285.81
2716	285.81
2717	285.85
2718	285.94
2719	285.92
2720	285.88
2721	285.9
2722	285.9
2723	285.85
2724	285.85
2725	285.92
2726	285.88
2727	285.88
2728	285.88
2729	285.9
2730	285.88
2731	285.85
2732	285.88
2733	285.88
2734	285.88
2735	285.9
2736	285.88
2737	285.9
2738	285.96
2739	286
2740	285.88
2741	285.88
2742	285.94
2743	285.94
2744	285.94
2745	285.92
2746	285.85
2747	285.9
2748	285.9
2749	285.81
2750	285.88
2751	285.92
2752	285.88
2753	285.92
2754	285.85
2755	285.9
2756	285.98
2757	285.9
2758	285.92
2759	285.85
2760	285.9
2761	285.94
2762	285.88
2763	285.94
2764	285.94
2765	285.96
2766	285.96
2767	286.08
2768	286.08
2769	286.11
2770	286.25
2771	286.19
2772	286.29
2773	286.29
2774	286.38
2775	286.46
2776	286.42
2777	286.48
2778	286.42
2779	286.42
2780	286.42
2781	286.46
2782	286.46
2783	286.42
2784	286.44
2785	286.44
2786	286.42
2787	286.42
2788	286.44
2789	286.48
2790	286.44
2791	286.42
2792	286.4
2793	286.46
2794	286.46
2795	286.48
2796	286.46
2797	286.48
2798	286.46
2799	286.42
2800	286.44
2801	286.4
2802	286.4
2803	286.46
2804	286.5
2805	286.5
2806	286.52
2807	286.46
2808	286.52
2809	286.5
2810	286.52
2811	286.48
2812	286.48
2813	286.48
2814	286.44
2815	286.54
2816	286.52
2817	286.46
2818	286.48
2819	286.52
2820	286.52
2821	286.48
2822	286.46
2823	286.5
2824	286.42
2825	286.42
2826	286.46
2827	286.5
2828	286.44
2829	286.44
2830	286.44
2831	286.44
2832	286.46
2833	286.48
2834	286.54
2835	286.46
2836	286.4
2837	286.4
2838	286.4
2839	286.38
2840	286.4
2841	286.4
2842	286.36
2843	286.4
2844	286.4
2845	286.29
2846	286.29
2847	286.27
2848	286.34
2849	286.38
2850	286.34
2851	286.34
2852	286.27
2853	286.29
2854	286.29
2855	286.31
2856	286.42
2857	286.42
2858	286.42
2859	286.36
2860	286.29
2861	286.31
2862	286.27
2863	286.29
2864	286.27
2865	286.29
2866	286.27
2867	286.27
2868	286.25
2869	286.29
2870	286.4
2871	286.27
2872	286.23
2873	286.25
2874	286.25
2875	286.31
2876	286.31
2877	286.29
2878	286.21
2879	286.19
2880	286.25
2881	286.21
2882	286.23
2883	286.23
2884	286.25
2885	286.27
2886	286.25
2887	286.19
2888	286.19
2889	286.23
2890	286.23
2891	286.21
2892	286.23
2893	286.25
2894	286.29
2895	286.25
2896	286.21
2897	286.25
2898	286.25
2899	286.23
2900	286.21
2901	286.23
2902	286.23
2903	286.19
2904	286.19
2905	286.15
2906	286.13
2907	286.08
2908	286.08
2909	286
2910	286.15
2911	286.31
2912	286.38
2913	286.42
2914	286.34
2915	286.34
2916	286.38
2917	286.42
2918	286.38
2919	286.42
2920	286.54
2921	286.67
2922	286.67
2923	286.75
2924	286.75
2925	286.77
2926	286.86
2927	286.9
2928	286.92
2929	286.98
2930	287.05
2931	287.07
2932	287.15
2933	287.17
2934	287.17
2935	287.19
2936	287.17
2937	287.3
2938	287.3
2939	287.38
2940	287.28
2941	287.28
2942	287.28
2943	287.3
2944	287.32
2945	287.34
2946	287.36
2947	287.36
2948	287.32
2949	287.32
2950	287.3
2951	287.38
2952	287.32
2953	287.34
2954	287.34
2955	287.38
2956	287.36
2957	287.36
2958	287.44
2959	287.4
2960	287.38
2961	287.4
2962	287.36
2963	287.38
2964	287.47
2965	287.53
2966	287.47
2967	287.4
2968	287.4
2969	287.36
2970	287.38
2971	287.36
2972	287.42
2973	287.34
2974	287.38
2975	287.34
2976	287.38
2977	287.4
2978	287.44
2979	287.38
2980	287.4
2981	287.38
2982	287.36
2983	287.38
2984	287.44
2985	287.49
2986	287.49
2987	287.49
2988	287.49
2989	287.47
2990	287.47
2991	287.51
2992	287.61
2993	287.61
2994	287.55
2995	287.51
2996	287.44
2997	287.38
2998	287.4
2999	287.47
3000	287.4
3001	287.49
3002	287.4
3003	287.34
3004	287.47
3005	287.55
3006	287.49
3007	287.49
3008	287.51
3009	287.47
3010	287.47
3011	287.49
3012	287.51
3013	287.47
3014	287.53
3015	287.47
3016	287.47
3017	287.38
3018	287.38
3019	287.47
3020	287.44
3021	287.49
3022	287.49
3023	287.51
3024	287.49
3025	287.49
3026	287.57
3027	287.59
3028	287.55
3029	287.55
3030	287.55
3031	287.51
3032	287.51
3033	287.55
3034	287.49
3035	287.53
3036	287.49
3037	287.47
3038	287.44
3039	287.44
3040	287.55
3041	287.51
3042	287.55
3043	287.49
3044	287.53
3045	287.59
3046	287.59
3047	287.59
3048	287.61
3049	287.51
3050	287.49
3051	287.51
3052	287.59
3053	287.55
3054	287.59
3055	287.57
3056	287.67
3057	287.67
3058	287.67
3059	287.61
3060	287.63
3061	287.67
3062	287.59
3063	287.65
3064	287.65
3065	287.57
3066	287.53
3067	287.55
3068	287.49
3069	287.57
3070	287.55
3071	287.63
3072	287.53
3073	287.53
3074	287.51
3075	287.53
3076	287.61
3077	287.57
3078	287.59
3079	287.59
3080	287.57
3081	287.47
3082	287.59
3083	287.59
3084	287.57
3085	287.59
3086	287.65
3087	287.4
3088	287.17
3089	287.17
3090	287.05
3091	287.01
3092	287.07
3093	287.17
3094	287.13
3095	287.13
3096	287.13
3097	287.19
3098	287.19
3099	287.11
3100	286.82
3101	286.42
3102	285.92
3103	285.92
3104	284.87
3105	284.16
3106	283.87
3107	283.32
3108	282.93
3109	282.66
3110	282.53
3111	282.15
3112	282.13
3113	282.17
3114	282.34
3115	282.38
3116	282.59
3117	282.74
3118	283.12
3119	283.07
3120	283.39
3121	283.68
3122	283.81
3123	283.87
3124	283.93
3125	284.01
3126	284.18
3127	284.31
3128	284.31
3129	284.5
3130	284.6
3131	284.64
3132	284.68
3133	284.75
3134	284.81
3135	284.81
3136	284.96
3137	285.08
3138	285.14
3139	285.16
3140	285.23
3141	285.29
3142	285.21
3143	285.27
3144	285.35
3145	285.35
3146	285.39
3147	285.31
3148	285.21
3149	285.29
3150	285.21
3151	285.19
3152	285.35
3153	285.37
3154	285.33
3155	285.44
3156	285.48
3157	285.58
3158	285.6
3159	285.65
3160	285.65
3161	285.67
3162	285.58
3163	285.6
3164	285.56
3165	285.62
3166	285.58
3167	285.58
3168	285.54
3169	285.6
3170	285.56
3171	285.56
3172	285.65
3173	285.62
3174	285.62
3175	285.69
3176	285.67
3177	285.71
3178	285.69
3179	285.75
3180	285.73
3181	285.73
3182	285.83
3183	285.79
3184	285.75
3185	285.83
3186	285.77
3187	285.79
3188	285.75
3189	285.79
3190	285.79
3191	285.75
3192	285.77
3193	285.81
3194	285.83
3195	285.83
3196	285.81
3197	285.85
3198	285.83
3199	285.83
3200	285.9
3201	285.81
3202	285.83
3203	285.83
3204	285.83
3205	285.83
3206	285.83
3207	285.73
3208	285.83
3209	285.9
3210	285.98
3211	285.94
3212	286.02
3213	286.02
3214	285.92
3215	285.92
3216	285.9
3217	285.88
3218	285.88
3219	285.96
3220	285.96
3221	286.04
3222	286.02
3223	286.02
3224	286.02
3225	286.02
3226	286.04
3227	286.04
3228	286.11
3229	285.98
3230	286
3231	285.98
3232	286
3233	285.98
3234	286
3235	286.02
3236	286.06
3237	286.06
3238	286.06
3239	286.04
3240	286.06
3241	286.04
3242	286.06
3243	286.06
3244	286
3245	286
3246	286.06
3247	286.13
3248	286.13
3249	286.11
3250	286.06
3251	286.11
3252	286
3253	286.08
3254	286.11
3255	286.08
3256	286.08
3257	286.08
3258	286.11
3259	286.06
3260	286.06
3261	286.08
3262	286.08
3263	286
3264	286.02
3265	286.06
3266	286.08
3267	286.17
3268	286.13
3269	286.11
3270	286.11
3271	286.27
3272	286.25
3273	286.29
3274	286.21
3275	286.15
3276	286.11
3277	286.11
3278	286.17
3279	286.08
3280	286.08
3281	286.02
3282	286.13
3283	286.04
3284	286.04
3285	286.02
3286	286.02
3287	285.98
3288	286.02
3289	286.06
3290	286.06
3291	286.08
3292	286.17
3293	286.21
3294	286.21
3295	286.17
3296	286.19
3297	286.17
3298	286.23
3299	286.13
3300	286.04
3301	285.96
3302	286
3303	285.96
3304	285.96
3305	285.94
3306	285.94
3307	285.96
3308	285.96
3309	285.96
3310	286.02
3311	285.98
3312	286.06
3313	286.06
3314	286.08
3315	286.04
3316	286.04
3317	286.04
3318	286.06
3319	286.06
3320	286.04
3321	286.04
3322	286.06
3323	286.11
3324	286.06
3325	286.11
3326	286.13
3327	286.15
3328	286.23
3329	286.21
3330	286.23
3331	286.21
3332	286.21
3333	286.23
3334	286.19
3335	286.19
3336	286.13
3337	286.17
3338	286.15
3339	286.15
3340	286.15
3341	286.15
3342	286.15
3343	286.27
3344	286.25
3345	286.21
3346	286.19
3347	286.19
3348	286.19
3349	286.13
3350	286.17
3351	286.17
3352	286.15
3353	286.11
3354	286.08
3355	286.08
3356	286.25
3357	286.38
3358	286.36
3359	286.38
3360	286.38
3361	286.4
3362	286.36
3363	286.34
3364	286.31
3365	286.31
3366	286.34
3367	286.4
3368	286.36
3369	286.34
3370	286.23
3371	286.19
3372	286.21
3373	286.21
3374	286.23
3375	286.31
3376	286.29
3377	286.27
3378	286.31
3379	286.36
3380	286.36
3381	286.4
3382	286.27
3383	286.25
3384	286.5
3385	286.48
3386	286.44
3387	286.44
3388	286.48
3389	286.48
3390	286.48
3391	286.44
3392	286.5
3393	286.54
3394	286.59
3395	286.69
3396	286.71
3397	286.82
3398	286.9
3399	286.94
3400	287.01
3401	287.05
3402	287.15
3403	287.15
3404	287.21
3405	287.28
3406	287.3
3407	287.21
3408	287.26
3409	287.26
3410	287.26
3411	287.21
3412	287.21
3413	287.28
3414	287.3
3415	287.4
3416	287.36
3417	287.34
3418	287.32
3419	287.32
3420	287.47
3421	287.51
3422	287.49
3423	287.38
3424	287.4
3425	287.47
3426	287.47
3427	287.51
3428	287.47
3429	287.57
3430	287.51
3431	287.51
3432	287.49
3433	287.44
3434	287.51
3435	287.55
3436	287.57
3437	287.53
3438	287.55
3439	287.57
3440	287.49
3441	287.51
3442	287.53
3443	287.59
3444	287.61
3445	287.61
3446	287.59
3447	287.57
3448	287.59
3449	287.59
3450	287.59
3451	287.59
3452	287.53
3453	287.63
3454	287.67
3455	287.61
3456	287.59
3457	287.63
3458	287.63
3459	287.61
3460	287.7
3461	287.61
3462	287.63
3463	287.65
3464	287.7
3465	287.57
3466	287.51
3467	287.55
3468	287.59
3469	287.61
3470	287.65
3471	287.65
3472	287.63
3473	287.61
3474	287.61
3475	287.65
3476	287.65
3477	287.65
3478	287.57
3479	287.55
3480	287.57
3481	287.65
3482	287.67
3483	287.7
3484	287.7
3485	287.7
3486	287.72
3487	287.67
3488	287.7
3489	287.65
3490	287.65
3491	287.65
3492	287.63
3493	287.67
3494	287.61
3495	287.57
3496	287.61
3497	287.61
3498	287.74
3499	287.72
3500	287.7
3501	287.72
3502	287.65
3503	287.65
3504	287.65
3505	287.72
3506	287.67
3507	287.65
3508	287.72
3509	287.7
3510	287.7
3511	287.72
3512	287.74
3513	287.67
3514	287.67
3515	287.67
3516	287.7
3517	287.67
3518	287.67
3519	287.61
3520	287.7
3521	287.72
3522	287.72
3523	287.8
3524	287.74
3525	287.78
3526	287.78
3527	287.8
3528	287.74
3529	287.74
3530	287.74
3531	287.72
3532	287.74
3533	287.72
3534	287.67
3535	287.7
3536	287.7
3537	287.65
3538	287.65
3539	287.67
3540	287.67
3541	287.74
3542	287.72
3543	287.74
3544	287.8
3545	287.76
3546	287.78
3547	287.72
3548	287.74
3549	287.7
3550	287.76
3551	287.78
3552	287.74
3553	287.74
3554	287.74
3555	287.76
3556	287.72
3557	287.72
3558	287.72
3559	287.7
3560	287.44
3561	287.44
3562	287.15
3563	287.09
3564	287.17
3565	287.21
3566	287.4
3567	287.44
3568	287.44
3569	287.49
3570	287.42
3571	287.4
3572	287.32
3573	287.07
3574	286.86
3575	286.67
3576	285.94
3577	285.27
3578	284.93
3579	284.35
3580	283.85
3581	283.62
3582	283.49
3583	283.22
3584	283.18
3585	283.09
3586	283.09
3587	283.22
3588	283.39
3589	283.41
3590	283.64
3591	283.95
3592	284.2
3593	284.2
3594	284.39
3595	284.58
3596	284.62
3597	284.81
3598	284.96
3599	284.98
3600	284.98
3601	285.1
3602	285.19
3603	285.12
3604	285.29
3605	285.42
3606	285.42
3607	285.42
3608	285.56
3609	285.69
3610	285.77
3611	285.77
3612	285.81
3613	285.85
3614	285.77
3615	285.67
3616	285.69
3617	285.73
3618	285.79
3619	285.83
3620	285.85
3621	285.92
3622	285.98
3623	286.02
3624	286.11
3625	286.13
3626	286.15
3627	286.13
3628	286.15
3629	286.15
3630	286.27
3631	286.23
3632	286.23
3633	286.19
3634	286.23
3635	286.21
3636	286.23
3637	286.31
3638	286.19
3639	286.19
3640	286.21
3641	286.19
3642	286.19
3643	286.11
3644	286.21
3645	286.25
3646	286.34
3647	286.23
3648	286.38
3649	286.38
3650	286.42
3651	286.42
3652	286.44
3653	286.46
3654	286.46
3655	286.42
3656	286.38
3657	286.34
3658	286.34
3659	286.34
3660	286.34
3661	286.4
3662	286.44
3663	286.48
3664	286.48
3665	286.48
3666	286.44
3667	286.44
3668	286.44
3669	286.4
3670	286.44
3671	286.44
3672	286.54
3673	286.52
3674	286.59
3675	286.5
3676	286.54
3677	286.57
3678	286.57
3679	286.5
3680	286.44
3681	286.44
3682	286.48
3683	286.48
3684	286.52
3685	286.5
3686	286.52
3687	286.52
3688	286.52
3689	286.57
3690	286.65
3691	286.63
3692	286.63
3693	286.54
3694	286.57
3695	286.57
3696	286.69
3697	286.69
3698	286.69
3699	286.67
3700	286.65
3701	286.59
3702	286.57
3703	286.57
3704	286.61
3705	286.61
3706	286.59
3707	286.59
3708	286.59
3709	286.57
3710	286.57
3711	286.52
3712	286.5
3713	286.57
3714	286.5
3715	286.44
3716	286.46
3717	286.5
3718	286.5
3719	286.54
3720	286.63
3721	286.63
3722	286.59
3723	286.52
3724	286.59
3725	286.61
3726	286.61
3727	286.67
3728	286.63
3729	286.61
3730	286.69
3731	286.69
3732	286.69
3733	286.71
3734	286.69
3735	286.67
3736	286.67
3737	286.67
3738	286.61
3739	286.61
3740	286.57
3741	286.65
3742	286.65
3743	286.67
3744	286.71
3745	286.65
3746	286.65
3747	286.59
3748	286.61
3749	286.61
3750	286.54
3751	286.59
3752	286.54
3753	286.59
3754	286.65
3755	286.59
3756	286.57
3757	286.61
3758	286.61
3759	286.63
3760	286.69
3761	286.67
3762	286.63
3763	286.59
3764	286.61
3765	286.69
3766	286.67
3767	286.69
3768	286.71
3769	286.75
3770	286.75
3771	286.67
3772	286.67
3773	286.71
3774	286.71
3775	286.82
3776	286.77
3777	286.69
3778	286.69
3779	286.65
3780	286.71
3781	286.71
3782	286.71
3783	286.65
3784	286.61
3785	286.69
3786	286.73
3787	286.75
3788	286.75
3789	286.65
3790	286.73
3791	286.71
3792	286.82
3793	286.84
3794	286.82
3795	286.75
3796	286.71
3797	286.69
3798	286.88
3799	286.88
3800	286.8
3801	286.75
3802	286.71
3803	286.75
3804	286.86
3805	286.84
3806	286.86
3807	286.84
3808	286.69
3809	286.73
3810	286.75
3811	286.77
3812	286.8
3813	286.8
3814	286.77
3815	286.75
3816	286.84
3817	286.77
3818	286.8
3819	286.9
3820	286.9
3821	286.86
3822	286.8
3823	286.73
3824	286.65
3825	286.77
3826	286.77
3827	286.82
3828	286.88
3829	286.9
3830	286.88
3831	286.86
3832	286.77
3833	286.8
3834	286.88
3835	286.75
3836	286.77
3837	286.8
3838	286.71
3839	286.69
3840	286.71
3841	286.73
3842	286.71
3843	286.77
3844	286.82
3845	286.82
3846	286.73
3847	286.77
3848	286.82
3849	286.75
3850	286.73
3851	286.75
3852	286.75
3853	286.84
3854	286.9
3855	286.92
3856	286.75
3857	286.94
3858	287.09
3859	287.09
3860	287.11
3861	287.03
3862	287.07
3863	287.01
3864	287.01
3865	287.07
3866	286.98
3867	287.07
3868	287.09
3869	287.13
3870	287.17
3871	287.26
3872	287.28
3873	287.24
3874	287.32
3875	287.34
3876	287.36
3877	287.34
3878	287.4
3879	287.42
3880	287.38
3881	287.42
3882	287.42
3883	287.38
3884	287.38
3885	287.42
3886	287.44
3887	287.44
3888	287.51
3889	287.61
3890	287.61
3891	287.61
3892	287.67
3893	287.63
3894	287.67
3895	287.61
3896	287.57
3897	287.57
3898	287.51
3899	287.61
3900	287.61
3901	287.63
3902	287.59
3903	287.55
3904	287.57
3905	287.61
3906	287.59
3907	287.59
3908	287.59
3909	287.57
3910	287.61
3911	287.76
3912	287.76
3913	287.7
3914	287.72
3915	287.63
3916	287.63
3917	287.67
3918	287.65
3919	287.7
3920	287.76
3921	287.74
3922	287.65
3923	287.65
3924	287.59
3925	287.61
3926	287.63
3927	287.61
3928	287.65
3929	287.74
3930	287.74
3931	287.67
3932	287.7
3933	287.65
3934	287.63
3935	287.7
3936	287.61
3937	287.61
3938	287.63
3939	287.59
3940	287.7
3941	287.65
3942	287.65
3943	287.65
3944	287.63
3945	287.63
3946	287.63
3947	287.67
3948	287.65
3949	287.7
3950	287.61
3951	287.67
3952	287.63
3953	287.67
3954	287.67
3955	287.67
3956	287.72
3957	287.7
3958	287.72
3959	287.7
3960	287.7
3961	287.65
3962	287.65
3963	287.74
3964	287.72
3965	287.72
3966	287.72
3967	287.67
3968	287.74
3969	287.72
3970	287.67
3971	287.72
3972	287.78
3973	287.76
3974	287.63
3975	287.63
3976	287.63
3977	287.72
3978	287.74
3979	287.74
3980	287.74
3981	287.65
3982	287.67
3983	287.67
3984	287.72
3985	287.74
3986	287.78
3987	287.72
3988	287.7
3989	287.76
3990	287.7
3991	287.7
3992	287.7
3993	287.65
3994	287.65
3995	287.76
3996	287.67
3997	287.72
3998	287.74
3999	287.72
4000	287.72
4001	287.72
4002	287.7
4003	287.76
4004	287.76
4005	287.74
4006	287.67
4007	287.65
4008	287.65
4009	287.65
4010	287.7
4011	287.74
4012	287.74
4013	287.8
4014	287.8
4015	287.8
4016	287.82
4017	287.78
4018	287.8
4019	287.74
4020	287.74
4021	287.76
4022	287.78
4023	287.78
4024	287.74
4025	287.74
4026	287.74
4027	287.65
4028	287.67
4029	287.72
4030	287.72
4031	287.7
4032	287.74
4033	287.74
4034	287.4
4035	287.26
4036	287.3
4037	287.3
4038	287.3
4039	287.36
4040	287.4
4041	287.53
4042	287.49
4043	287.42
4044	287.57
4045	287.53
4046	287.42
4047	287.26
4048	286.82
4049	286.67
4050	286.23
4051	285.73
4052	285.54
4053	285.21
4054	285
4055	284.81
4056	284.73
4057	284.6
4058	284.58
4059	284.56
4060	284.66
4061	284.66
4062	284.7
4063	284.98
4064	285.02
4065	285.02
4066	285.37
4067	285.37
4068	285.42
4069	285.52
4070	285.56
4071	285.56
4072	285.56
4073	285.73
4074	285.88
4075	285.9
4076	285.96
4077	285.92
4078	286.02
4079	286.08
4080	286.19
4081	286.19
4082	286.19
4083	286.27
4084	286.27
4085	286.34
4086	286.23
4087	286.23
4088	286.27
4089	286.31
4090	286.29
4091	286.27
4092	286.34
4093	286.38
4094	286.42
4095	286.36
4096	286.38
4097	286.38
4098	286.4
4099	286.38
4100	286.38
4101	286.36
4102	286.42
4103	286.48
4104	286.48
4105	286.48
4106	286.52
4107	286.59
4108	286.59
4109	286.52
4110	286.48
4111	286.48
4112	286.5
4113	286.54
4114	286.54
4115	286.54
4116	286.5
4117	286.54
4118	286.5
4119	286.54
4120	286.59
4121	286.48
4122	286.52
4123	286.42
4124	286.42
4125	286.44
4126	286.57
4127	286.59
4128	286.67
4129	286.61
4130	286.63
4131	286.57
4132	286.61
4133	286.63
4134	286.61
4135	286.57
4136	286.57
4137	286.67
4138	286.69
4139	286.63
4140	286.75
4141	286.77
4142	286.75
4143	286.75
4144	286.69
4145	286.73
4146	286.77
4147	286.75
4148	286.69
4149	286.73
4150	286.69
4151	286.61
4152	286.65
4153	286.73
4154	286.8
4155	286.82
4156	286.77
4157	286.73
4158	286.73
4159	286.75
4160	286.77
4161	286.86
4162	286.82
4163	286.84
4164	286.69
4165	286.73
4166	286.65
4167	286.75
4168	286.75
4169	286.69
4170	286.63
4171	286.65
4172	286.67
4173	286.67
4174	286.69
4175	286.69
4176	286.67
4177	286.71
4178	286.65
4179	286.61
4180	286.57
4181	286.61
4182	286.61
4183	286.67
4184	286.73
4185	286.73
4186	286.65
4187	286.61
4188	286.65
4189	286.67
4190	286.75
4191	286.8
4192	286.75
4193	286.75
4194	286.75
4195	286.71
4196	286.71
4197	286.8
4198	286.71
4199	286.71
4200	286.75
4201	286.82
4202	286.82
4203	286.84
4204	286.88
4205	286.9
4206	286.82
4207	286.82
4208	286.77
4209	286.77
4210	286.86
4211	286.84
4212	286.82
4213	286.9
4214	286.9
4215	286.73
4216	286.73
4217	286.75
4218	286.77
4219	286.82
4220	286.82
4221	286.84
4222	286.86
4223	286.88
4224	286.9
4225	286.84
4226	286.84
4227	286.86
4228	286.8
4229	286.67
4230	286.65
4231	286.67
4232	286.71
4233	286.71
4234	286.71
4235	286.75
4236	286.71
4237	286.67
4238	286.67
4239	286.67
4240	286.8
4241	286.77
4242	286.75
4243	286.75
4244	286.75
4245	286.67
4246	286.67
4247	286.61
4248	286.75
4249	286.75
4250	286.67
4251	286.73
4252	286.82
4253	286.82
4254	286.9
4255	286.84
4256	286.77
4257	286.75
4258	286.71
4259	286.8
4260	286.75
4261	286.8
4262	286.84
4263	286.8
4264	286.84
4265	286.77
4266	286.69
4267	286.67
4268	286.69
4269	286.75
4270	286.84
4271	286.94
4272	286.96
4273	286.94
4274	286.98
4275	286.92
4276	286.88
4277	286.88
4278	286.88
4279	286.84
4280	286.88
4281	286.8
4282	286.94
4283	286.92
4284	286.9
4285	286.9
4286	287.05
4287	287.05
4288	287.05
4289	286.98
4290	286.92
4291	286.92
4292	286.86
4293	286.9
4294	286.77
4295	286.82
4296	286.94
4297	287.03
4298	286.98
4299	286.92
4300	286.92
4301	286.88
4302	286.98
4303	287.01
4304	287.01
4305	286.88
4306	286.92
4307	286.92
4308	286.92
4309	286.88
4310	286.88
4311	286.94
4312	286.96
4313	287.01
4314	287.01
4315	287.03
4316	287.05
4317	287.05
4318	286.98
4319	286.9
4320	286.94
4321	286.94
4322	286.88
4323	286.98
4324	286.98
4325	286.98
4326	287.01
4327	286.92
4328	286.9
4329	286.86
4330	286.9
4331	287.07
4332	287.15
4333	287.13
4334	286.98
4335	286.92
4336	286.88
4337	286.86
4338	286.94
4339	286.98
4340	287.01
4341	287.09
4342	287.13
4343	287.11
4344	287.13
4345	287.15
4346	287.13
4347	287.13
4348	287.24
4349	287.24
4350	287.19
4351	287.24
4352	287.17
4353	287.26
4354	287.24
4355	287.3
4356	287.3
4357	287.24
4358	287.21
4359	287.26
4360	287.26
4361	287.24
4362	287.26
4363	287.26
4364	287.24
4365	287.28
4366	287.28
4367	287.34
4368	287.3
4369	287.32
4370	287.34
4371	287.28
4372	287.3
4373	287.32
4374	287.32
4375	287.36
4376	287.34
4377	287.28
4378	287.28
4379	287.3
4380	287.32
4381	287.3
4382	287.32
4383	287.38
4384	287.32
4385	287.36
4386	287.28
4387	287.24
4388	287.24
4389	287.3
4390	287.3
4391	287.32
4392	287.24
4393	287.24
4394	287.17
4395	287.17
4396	287.07
4397	287.26
4398	287.26
4399	287.21
4400	287.3
4401	287.28
4402	287.34
4403	287.28
4404	287.28
4405	287.28
4406	287.26
4407	287.21
4408	287.19
4409	287.24
4410	287.28
4411	287.28
4412	287.38
4413	287.44
4414	287.47
4415	287.38
4416	287.36
4417	287.32
4418	287.3
4419	287.32
4420	287.32
4421	287.42
4422	287.4
4423	287.38
4424	287.34
4425	287.34
4426	287.36
4427	287.36
4428	287.3
4429	287.36
4430	287.4
4431	287.44
4432	287.47
4433	287.3
4434	287.3
4435	287.44
4436	287.4
4437	287.44
4438	287.44
4439	287.38
4440	287.38
4441	287.32
4442	287.38
4443	287.38
4444	287.32
4445	287.34
4446	287.24
4447	287.24
4448	287.26
4449	287.3
4450	287.24
4451	287.3
4452	287.32
4453	287.36
4454	287.42
4455	287.44
4456	287.34
4457	287.34
4458	287.32
4459	287.32
4460	287.36
4461	287.3
4462	287.28
4463	287.24
4464	287.26
4465	287.3
4466	287.3
4467	287.3
4468	287.3
4469	287.28
4470	287.26
4471	287.32
4472	287.19
4473	287.24
4474	287.21
4475	287.17
4476	287.17
4477	287.26
4478	287.26
4479	287.28
4480	287.26
4481	287.26
4482	287.24
4483	287.28
4484	287.26
4485	287.24
4486	287.3
4487	287.26
4488	287.21
4489	287.3
4490	287.28
4491	287.28
4492	287.3
4493	287.3
4494	287.26
4495	287.21
4496	287.24
4497	287.26
4498	287.26
4499	287.15
4500	287.15
4501	287.19
4502	287.15
4503	287.21
4504	287.3
4505	287.3
4506	287.19
4507	286.94
4508	286.9
4509	286.88
4510	286.92
4511	286.88
4512	286.94
4513	287.09
4514	287.11
4515	287.13
4516	287.15
4517	287.19
4518	287.17
4519	287.15
4520	287.15
4521	287.09
4522	286.84
4523	286.63
4524	286.48
4525	286.17
4526	286.15
4527	285.85
4528	285.62
4529	285.44
4530	285.44
4531	285.29
4532	285.23
4533	285.19
4534	285.1
4535	285.08
4536	285.02
4537	285.02
4538	285.12
4539	285.16
4540	285.19
4541	285.27
4542	285.39
4543	285.44
4544	285.44
4545	285.54
4546	285.65
4547	285.62
4548	285.65
4549	285.73
4550	285.85
4551	285.9
4552	285.88
4553	285.9
4554	285.85
4555	285.96
4556	286
4557	286.08
4558	286.17
4559	286.13
4560	286.17
4561	286.27
4562	286.27
4563	286.21
4564	286.25
4565	286.23
4566	286.27
4567	286.27
4568	286.36
4569	286.36
4570	286.44
4571	286.38
4572	286.36
4573	286.46
4574	286.4
4575	286.44
4576	286.44
4577	286.36
4578	286.36
4579	286.4
4580	286.42
4581	286.42
4582	286.44
4583	286.42
4584	286.44
4585	286.42
4586	286.31
4587	286.36
4588	286.34
4589	286.29
4590	286.29
4591	286.29
4592	286.29
4593	286.29
4594	286.4
4595	286.4
4596	286.31
4597	286.36
4598	286.36
4599	286.31
4600	286.21
4601	286.21
4602	286.27
4603	286.29
4604	286.31
4605	286.31
4606	286.4
4607	286.31
4608	286.31
4609	286.54
4610	286.48
4611	286.52
4612	286.48
4613	286.46
4614	286.42
4615	286.42
4616	286.48
4617	286.5
4618	286.46
4619	286.44
4620	286.42
4621	286.4
4622	286.44
4623	286.5
4624	286.5
4625	286.44
4626	286.36
4627	286.27
4628	286.29
4629	286.36
4630	286.48
4631	286.5
4632	286.5
4633	286.52
4634	286.57
4635	286.52
4636	286.57
4637	286.5
4638	286.5
4639	286.42
4640	286.42
4641	286.5
4642	286.44
4643	286.46
4644	286.4
4645	286.42
4646	286.46
4647	286.46
4648	286.52
4649	286.48
4650	286.48
4651	286.52
4652	286.54
4653	286.57
4654	286.54
4655	286.61
4656	286.69
4657	286.67
4658	286.71
4659	286.67
4660	286.63
4661	286.52
4662	286.48
4663	286.46
4664	286.42
4665	286.42
4666	286.44
4667	286.46
4668	286.57
4669	286.65
4670	286.67
4671	286.67
4672	286.67
4673	286.61
4674	286.61
4675	286.57
4676	286.63
4677	286.63
4678	286.63
4679	286.63
4680	286.73
4681	286.71
4682	286.71
4683	286.63
4684	286.54
4685	286.46
4686	286.46
4687	286.5
4688	286.46
4689	286.42
4690	286.44
4691	286.44
4692	286.4
4693	286.42
4694	286.5
4695	286.57
4696	286.65
4697	286.61
4698	286.59
4699	286.65
4700	286.54
4701	286.46
4702	286.44
4703	286.57
4704	286.57
4705	286.54
4706	286.61
4707	286.59
4708	286.48
4709	286.63
4710	286.69
4711	286.69
4712	286.67
4713	286.61
4714	286.57
4715	286.5
4716	286.46
4717	286.31
4718	286.31
4719	286.42
4720	286.59
4721	286.57
4722	286.61
4723	286.67
4724	286.59
4725	286.57
4726	286.54
4727	286.52
4728	286.54
4729	286.54
4730	286.52
4731	286.54
4732	286.57
4733	286.61
4734	286.61
4735	286.67
4736	286.71
4737	286.73
4738	286.8
4739	286.71
4740	286.71
4741	286.77
4742	286.73
4743	286.73
4744	286.69
4745	286.67
4746	286.65
4747	286.67
4748	286.65
4749	286.61
4750	286.61
4751	286.48
4752	286.48
4753	286.46
4754	286.42
4755	286.38
4756	286.36
4757	286.36
4758	286.36
4759	286.38
4760	286.31
4761	286.34
4762	286.44
4763	286.44
4764	286.5
4765	286.44
4766	286.38
4767	286.4
4768	286.36
4769	286.34
4770	286.38
4771	286.34
4772	286.4
4773	286.42
4774	286.4
4775	286.29
4776	286.19
4777	286.15
4778	286.08
4779	285.92
4780	285.92
4781	285.98
4782	285.98
4783	286
4784	285.98
4785	286
4786	286.02
4787	286.06
4788	286.06
4789	286.06
4790	286.15
4791	286.13
4792	286.17
4793	286.06
4794	286.11
4795	286.06
4796	286.13
4797	286.04
4798	286.11
4799	286.11
4800	286.21
4801	286.27
4802	286.27
4803	286.27
4804	286.36
4805	286.44
4806	286.5
4807	286.46
4808	286.44
4809	286.36
4810	286.4
4811	286.4
4812	286.46
4813	286.4
4814	286.44
4815	286.46
4816	286.48
4817	286.52
4818	286.54
4819	286.61
4820	286.63
4821	286.63
4822	286.63
4823	286.65
4824	286.69
4825	286.73
4826	286.75
4827	286.71
4828	286.71
4829	286.75
4830	286.73
4831	286.77
4832	286.77
4833	286.77
4834	286.8
4835	286.82
4836	286.82
4837	286.82
4838	286.86
4839	286.8
4840	286.84
4841	286.82
4842	286.88
4843	286.88
4844	286.84
4845	286.82
4846	286.86
4847	286.82
4848	286.84
4849	286.82
4850	286.75
4851	286.9
4852	286.92
4853	286.92
4854	286.9
4855	286.88
4856	286.86
4857	286.86
4858	286.94
4859	286.92
4860	286.92
4861	286.96
4862	286.96
4863	286.98
4864	286.96
4865	286.92
4866	286.92
4867	286.92
4868	286.92
4869	286.9
4870	286.88
4871	286.92
4872	286.94
4873	286.94
4874	286.9
4875	286.96
4876	286.96
4877	286.94
4878	287.01
4879	286.96
4880	287.01
4881	287.03
4882	287.01
4883	287.03
4884	287.01
4885	287.01
4886	287.01
4887	286.98
4888	287.01
4889	286.98
4890	287.03
4891	287.03
4892	287.03
4893	287.03
4894	287.03
4895	286.98
4896	286.96
4897	286.96
4898	286.98
4899	286.98
4900	287.05
4901	286.94
4902	286.96
4903	286.96
4904	286.98
4905	286.96
4906	286.98
4907	286.92
4908	287.01
4909	286.98
4910	287.01
4911	287.03
4912	287.01
4913	286.96
4914	287.01
4915	287.03
4916	287.03
4917	286.96
4918	286.92
4919	286.98
4920	287.01
4921	287.03
4922	287.05
4923	287.11
4924	287.11
4925	287.05
4926	287.03
4927	287.07
4928	287.09
4929	287.01
4930	286.94
4931	286.94
4932	287.01
4933	287.01
4934	287.05
4935	287.03
4936	287.01
4937	286.98
4938	286.98
4939	286.98
4940	286.98
4941	286.98
4942	287.07
4943	287.03
4944	287.01
4945	286.98
4946	287.01
4947	287.03
4948	287.01
4949	287.03
4950	287.07
4951	287.01
4952	286.98
4953	286.98
4954	287.03
4955	287.03
4956	287.03
4957	287.07
4958	287.07
4959	287.01
4960	287.05
4961	286.96
4962	287.01
4963	287.01
4964	286.98
4965	286.94
4966	287.01
4967	287.03
4968	287.05
4969	287.05
4970	287.05
4971	287.03
4972	287.03
4973	287.07
4974	287.07
4975	287.11
4976	287.11
4977	287.07
4978	287.07
4979	287.05
4980	286.9
4981	286.69
4982	286.67
4983	286.59
4984	286.59
4985	286.52
4986	286.57
4987	286.59
4988	286.52
4989	286.52
4990	286.59
4991	286.65
4992	286.63
4993	286.59
4994	286.48
4995	286.48
4996	286.31
4997	286.19
4998	286.11
4999	285.88
5000	285.69
5001	285.44
5002	285.44
5003	285.12
5004	284.91
5005	284.75
5006	284.6
5007	284.52
5008	284.52
5009	284.52
5010	284.56
5011	284.54
5012	284.56
5013	284.66
5014	284.64
5015	284.66
5016	284.7
5017	285
5018	284.98
5019	284.98
5020	285.04
5021	285.02
5022	285.12
5023	285.1
5024	285.16
5025	285.21
5026	285.25
5027	285.33
5028	285.27
5029	285.23
5030	285.27
5031	285.33
5032	285.44
5033	285.46
5034	285.46
5035	285.39
5036	285.5
5037	285.48
5038	285.5
5039	285.54
5040	285.56
5041	285.56
5042	285.56
5043	285.71
5044	285.75
5045	285.75
5046	285.75
5047	285.75
5048	285.75
5049	285.81
5050	285.85
5051	285.88
5052	285.88
5053	285.81
5054	285.83
5055	285.79
5056	285.77
5057	285.75
5058	285.77
5059	285.73
5060	285.69
5061	285.73
5062	285.77
5063	285.65
5064	285.71
5065	285.75
5066	285.75
5067	285.77
5068	285.75
5069	285.75
5070	285.71
5071	285.71
5072	285.73
5073	285.73
5074	285.77
5075	285.73
5076	285.69
5077	285.77
5078	285.77
5079	285.81
5080	285.81
5081	285.79
5082	285.79
5083	285.71
5084	285.79
5085	285.77
5086	285.81
5087	285.77
5088	285.81
5089	285.81
5090	285.9
5091	285.9
5092	285.94
5093	285.9
5094	285.88
5095	285.96
5096	285.92
5097	286
5098	286
5099	285.94
5100	285.92
5101	285.96
5102	285.85
5103	285.88
5104	285.85
5105	285.85
5106	285.9
5107	285.88
5108	285.92
5109	285.92
5110	285.96
5111	285.96
5112	285.96
5113	285.94
5114	285.9
5115	285.9
5116	285.92
5117	285.9
5118	285.83
5119	285.83
5120	285.94
5121	285.92
5122	285.9
5123	285.88
5124	285.92
5125	286
5126	285.96
5127	286.04
5128	286
5129	286.06
5130	286.04
5131	285.98
5132	285.96
5133	285.9
5134	285.92
5135	285.88
5136	286.02
5137	285.98
5138	285.94
5139	285.9
5140	285.94
5141	285.98
5142	286
5143	286.02
5144	286.02
5145	286.08
5146	286.02
5147	286
5148	285.96
5149	285.98
5150	285.96
5151	285.96
5152	285.96
5153	285.94
5154	285.96
5155	285.94
5156	285.98
5157	285.98
5158	285.9
5159	285.9
5160	285.83
5161	285.92
5162	285.92
5163	285.96
5164	286
5165	286.08
5166	286.06
5167	286.06
5168	285.98
5169	285.96
5170	285.96
5171	285.92
5172	285.85
5173	286.06
5174	286.04
5175	286.02
5176	286.02
5177	285.96
5178	286
5179	285.98
5180	285.98
5181	285.88
5182	285.96
5183	285.96
5184	285.96
5185	285.96
5186	285.96
5187	285.94
5188	285.98
5189	286
5190	286
5191	286.04
5192	286.02
5193	286.02
5194	285.96
5195	285.9
5196	285.88
5197	285.92
5198	286.02
5199	286.08
5200	286.06
5201	285.98
5202	285.98
5203	286.04
5204	286.06
5205	286.02
5206	286.06
5207	286.11
5208	286.04
5209	286.04
5210	285.98
5211	285.98
5212	285.98
5213	286.06
5214	286.04
5215	286.04
5216	285.98
5217	286.02
5218	286.08
5219	286.08
5220	286.04
5221	286.13
5222	286.13
5223	286.17
5224	286.21
5225	286.19
5226	286.17
5227	286.06
5228	285.98
5229	285.96
5230	285.98
5231	286.02
5232	286.04
5233	286.02
5234	286.04
5235	286.06
5236	286.06
5237	286.04
5238	286.02
5239	285.98
5240	285.98
5241	286
5242	286.02
5243	285.96
5244	285.98
5245	286
5246	285.96
5247	285.96
5248	285.98
5249	285.94
5250	285.92
5251	285.92
5252	285.94
5253	286
5254	286
5255	285.98
5256	286
5257	286
5258	285.98
5259	286.08
5260	286.13
5261	286.13
5262	286.08
5263	286.02
5264	286.04
5265	285.96
5266	286.06
5267	286
5268	286
5269	285.98
5270	285.98
5271	286.02
5272	286.04
5273	286.02
5274	286.08
5275	286.17
5276	286.04
5277	286.13
5278	286.29
5279	286.4
5280	286.38
5281	286.42
5282	286.46
5283	286.46
5284	286.54
5285	286.54
5286	286.54
5287	286.63
5288	286.67
5289	286.71
5290	286.73
5291	286.73
5292	286.77
5293	286.77
5294	286.84
5295	286.88
5296	286.84
5297	286.92
5298	286.98
5299	286.98
5300	287.03
5301	286.98
5302	286.96
5303	287.03
5304	286.98
5305	286.94
5306	287.09
5307	287.03
5308	287.13
5309	287.13
5310	287.15
5311	287.15
5312	287.17
5313	287.13
5314	287.09
5315	287.21
5316	287.15
5317	287.15
5318	287.15
5319	287.11
5320	287.17
5321	287.17
5322	287.19
5323	287.19
5324	287.17
5325	287.17
5326	287.24
5327	287.26
5328	287.24
5329	287.17
5330	287.21
5331	287.24
5332	287.24
5333	287.24
5334	287.21
5335	287.24
5336	287.19
5337	287.28
5338	287.26
5339	287.28
5340	287.24
5341	287.3
5342	287.28
5343	287.32
5344	287.28
5345	287.32
5346	287.32
5347	287.34
5348	287.34
5349	287.3
5350	287.28
5351	287.3
5352	287.3
5353	287.28
5354	287.3
5355	287.26
5356	287.26
5357	287.26
5358	287.26
5359	287.32
5360	287.28
5361	287.3
5362	287.34
5363	287.28
5364	287.28
5365	287.38
5366	287.4
5367	287.36
5368	287.34
5369	287.36
5370	287.32
5371	287.32
5372	287.34
5373	287.36
5374	287.34
5375	287.42
5376	287.4
5377	287.36
5378	287.36
5379	287.4
5380	287.42
5381	287.42
5382	287.44
5383	287.38
5384	287.36
5385	287.4
5386	287.38
5387	287.36
5388	287.38
5389	287.38
5390	287.34
5391	287.38
5392	287.38
5393	287.42
5394	287.28
5395	287.4
5396	287.4
5397	287.4
5398	287.36
5399	287.38
5400	287.44
5401	287.36
5402	287.42
5403	287.42
5404	287.38
5405	287.42
5406	287.38
5407	287.38
5408	287.34
5409	287.4
5410	287.4
5411	287.4
5412	287.38
5413	287.38
5414	287.4
5415	287.42
5416	287.32
5417	287.34
5418	287.38
5419	287.34
5420	287.38
5421	287.38
5422	287.34
5423	287.34
5424	287.34
5425	287.44
5426	287.42
5427	287.4
5428	287.4
5429	287.42
5430	287.47
5431	287.47
5432	287.49
5433	287.38
5434	287.49
5435	287.49
5436	287.44
5437	287.4
5438	287.44
5439	287.42
5440	287.49
5441	287.44
5442	287.44
5443	287.4
5444	287.49
5445	287.49
5446	287.47
5447	287.44
5448	287.42
5449	287.49
5450	287.42
5451	287.47
5452	287.47
5453	287.36
5454	287.19
5455	287.17
5456	287.11
5457	287.05
5458	287.11
5459	287.09
5460	287.01
5461	287.01
5462	286.92
5463	286.96
5464	286.96
5465	286.94
5466	286.9
5467	286.9
5468	286.67
5469	286.59
5470	286.48
5471	286.4
5472	286.21
5473	286.06
5474	286.06
5475	285.67
5476	285.44
5477	285.33
5478	285.16
5479	285.1
5480	285.1
5481	285.06
5482	285.06
5483	285.12
5484	285.19
5485	285.31
5486	285.44
5487	285.37
5488	285.42
5489	285.46
5490	285.44
5491	285.48
5492	285.52
5493	285.48
5494	285.6
5495	285.65
5496	285.67
5497	285.79
5498	285.79
5499	285.79
5500	285.79
5501	285.83
5502	285.81
5503	285.81
5504	285.81
5505	285.96
5506	285.96
5507	286.02
5508	286.04
5509	285.98
5510	286
5511	286.02
5512	286.11
5513	286.11
5514	286.06
5515	286.11
5516	286.08
5517	286.13
5518	286.19
5519	286.17
5520	286.15
5521	286.23
5522	286.34
5523	286.36
5524	286.27
5525	286.27
5526	286.21
5527	286.17
5528	286.15
5529	286.11
5530	286.17
5531	286.19
5532	286.29
5533	286.34
5534	286.29
5535	286.34
5536	286.31
5537	286.21
5538	286.21
5539	286.29
5540	286.29
5541	286.36
5542	286.34
5543	286.27
5544	286.25
5545	286.25
5546	286.25
5547	286.31
5548	286.31
5549	286.25
5550	286.31
5551	286.29
5552	286.34
5553	286.38
5554	286.36
5555	286.4
5556	286.42
5557	286.44
5558	286.48
5559	286.54
5560	286.5
5561	286.46
5562	286.44
5563	286.44
5564	286.38
5565	286.4
5566	286.38
5567	286.31
5568	286.42
5569	286.44
5570	286.46
5571	286.52
5572	286.61
5573	286.65
5574	286.54
5575	286.57
5576	286.44
5577	286.44
5578	286.42
5579	286.36
5580	286.34
5581	286.31
5582	286.31
5583	286.27
5584	286.27
5585	286.29
5586	286.34
5587	286.38
5588	286.52
5589	286.63
5590	286.63
5591	286.69
5592	286.65
5593	286.59
5594	286.52
5595	286.4
5596	286.36
5597	286.36
5598	286.4
5599	286.38
5600	286.34
5601	286.4
5602	286.44
5603	286.42
5604	286.34
5605	286.36
5606	286.38
5607	286.44
5608	286.42
5609	286.42
5610	286.36
5611	286.29
5612	286.36
5613	286.34
5614	286.29
5615	286.29
5616	286.29
5617	286.34
5618	286.4
5619	286.34
5620	286.31
5621	286.36
5622	286.34
5623	286.34
5624	286.34
5625	286.31
5626	286.27
5627	286.23
5628	286.29
5629	286.27
5630	286.38
5631	286.38
5632	286.34
5633	286.36
5634	286.27
5635	286.29
5636	286.31
5637	286.29
5638	286.4
5639	286.36
5640	286.38
5641	286.36
5642	286.36
5643	286.25
5644	286.25
5645	286.31
5646	286.25
5647	286.29
5648	286.29
5649	286.21
5650	286.29
5651	286.29
5652	286.25
5653	286.29
5654	286.44
5655	286.44
5656	286.38
5657	286.31
5658	286.29
5659	286.23
5660	286.23
5661	286.23
5662	286.23
5663	286.23
5664	286.21
5665	286.23
5666	286.31
5667	286.25
5668	286.31
5669	286.25
5670	286.23
5671	286.27
5672	286.25
5673	286.25
5674	286.23
5675	286.21
5676	286.21
5677	286.17
5678	286.15
5679	286.15
5680	286.15
5681	286.25
5682	286.27
5683	286.27
5684	286.25
5685	286.21
5686	286.15
5687	286.15
5688	286.13
5689	286.21
5690	286.15
5691	286.17
5692	286.21
5693	286.17
5694	286.17
5695	286.15
5696	286.13
5697	286.13
5698	286.13
5699	286.15
5700	286.13
5701	286.13
5702	286.13
5703	286.13
5704	286.15
5705	286.15
5706	286.11
5707	286.06
5708	286.13
5709	286.13
5710	286.13
5711	286.13
5712	286.19
5713	286.23
5714	286.23
5715	286.19
5716	286.19
5717	286.21
5718	286.21
5719	286.21
5720	286.25
5721	286.19
5722	286.21
5723	286.23
5724	286.23
5725	286.21
5726	286.21
5727	286.23
5728	286.25
5729	286.15
5730	286.17
5731	286.23
5732	286.25
5733	286.17
5734	286.21
5735	286.11
5736	286.08
5737	286.17
5738	286.15
5739	286.08
5740	286.17
5741	286.19
5742	286.21
5743	286.19
5744	286.21
5745	286.21
5746	286.21
5747	286.19
5748	286.15
5749	286.19
5750	286.25
5751	286.25
5752	286.59
5753	286.67
5754	286.69
5755	286.67
5756	286.67
5757	286.67
5758	286.67
5759	286.73
5760	286.82
5761	286.8
5762	286.86
5763	286.96
5764	287.01
5765	287.01
5766	287.05
5767	286.98
5768	287.01
5769	287.05
5770	287.03
5771	287.09
5772	287.07
5773	287.13
5774	287.19
5775	287.21
5776	287.21
5777	287.19
5778	287.19
5779	287.15
5780	287.19
5781	287.21
5782	287.17
5783	287.26
5784	287.24
5785	287.26
5786	287.26
5787	287.3
5788	287.28
5789	287.3
5790	287.3
5791	287.28
5792	287.38
5793	287.38
5794	287.28
5795	287.36
5796	287.4
5797	287.4
5798	287.4
5799	287.38
5800	287.38
5801	287.44
5802	287.49
5803	287.53
5804	287.49
5805	287.34
5806	287.38
5807	287.34
5808	287.36
5809	287.36
5810	287.4
5811	287.3
5812	287.38
5813	287.42
5814	287.44
5815	287.44
5816	287.47
5817	287.44
5818	287.42
5819	287.42
5820	287.42
5821	287.44
5822	287.36
5823	287.36
5824	287.34
5825	287.28
5826	287.32
5827	287.34
5828	287.36
5829	287.36
5830	287.34
5831	287.36
5832	287.38
5833	287.32
5834	287.3
5835	287.3
5836	287.3
5837	287.32
5838	287.32
5839	287.3
5840	287.32
5841	287.34
5842	287.36
5843	287.42
5844	287.38
5845	287.38
5846	287.28
5847	287.28
5848	287.28
5849	287.32
5850	287.34
5851	287.34
5852	287.34
5853	287.34
5854	287.36
5855	287.34
5856	287.36
5857	287.38
5858	287.36
5859	287.34
5860	287.32
5861	287.32
5862	287.32
5863	287.34
5864	287.32
5865	287.34
5866	287.4
5867	287.44
5868	287.44
5869	287.42
5870	287.42
5871	287.47
5872	287.4
5873	287.34
5874	287.36
5875	287.36
5876	287.36
5877	287.36
5878	287.34
5879	287.34
5880	287.38
5881	287.4
5882	287.44
5883	287.38
5884	287.34
5885	287.36
5886	287.34
5887	287.34
5888	287.36
5889	287.32
5890	287.34
5891	287.38
5892	287.36
5893	287.34
5894	287.32
5895	287.36
5896	287.34
5897	287.44
5898	287.4
5899	287.44
5900	287.44
5901	287.4
5902	287.44
5903	287.38
5904	287.4
5905	287.47
5906	287.4
5907	287.4
5908	287.4
5909	287.36
5910	287.42
5911	287.36
5912	287.42
5913	287.42
5914	287.42
5915	287.4
5916	287.4
5917	287.42
5918	287.42
5919	287.4
5920	287.4
5921	287.36
5922	287.38
5923	287.4
5924	287.38
5925	287.42
5926	287.38
5927	287.15
5928	287.05
5929	286.98
5930	286.98
5931	286.92
5932	286.92
5933	286.94
5934	286.9
5935	286.84
5936	286.84
5937	286.9
5938	286.82
5939	286.82
5940	286.73
5941	286.59
5942	286.57
5943	286.31
5944	286.19
5945	285.94
5946	285.94
5947	285.52
5948	285.33
5949	285.29
5950	285.21
5951	285.02
5952	285.02
5953	285
5954	285.23
5955	285.21
5956	285.16
5957	285.16
5958	285.21
5959	285.31
5960	285.39
5961	285.56
5962	285.56
5963	285.79
5964	285.88
5965	285.88
5966	285.77
5967	285.83
5968	285.9
5969	285.85
5970	285.88
5971	285.88
5972	285.94
5973	285.88
5974	285.92
5975	286.04
5976	286.02
5977	286
5978	286
5979	286.11
5980	286.13
5981	286.04
5982	286.11
5983	286.19
5984	286.11
5985	286.19
5986	286.15
5987	286.13
5988	286.17
5989	286.23
5990	286.27
5991	286.27
5992	286.27
5993	286.21
5994	286.17
5995	286.11
5996	286.17
5997	286.17
5998	286.17
5999	286.19
6000	286.15
6001	286.13
6002	286.15
6003	286.15
6004	286.11
6005	286.11
6006	286.15
6007	286.15
6008	286.15
6009	286.17
6010	286.17
6011	286.34
6012	286.27
6013	286.23
6014	286.19
6015	286.25
6016	286.29
6017	286.29
6018	286.34
6019	286.23
6020	286.25
6021	286.19
6022	286.17
6023	286.19
6024	286.23
6025	286.15
6026	286.11
6027	286.13
6028	286.25
6029	286.34