1	287.44
2	287.35999
3	287.47
4	287.51001
5	287.42001
6	287.42001
7	287.44
8	287.48999
9	287.34
10	287.39999
11	287.39999
12	287.47
13	287.39999
14	287.42001
15	287.48999
16	287.39999
17	287.39999
18	287.39999
19	287.44
20	287.42001
21	287.39999
22	287.53
23	287.57001
24	287.53
25	287.57001
26	287.51001
27	287.54999
28	287.44
29	287.51001
30	287.53
31	287.53
32	287.44
33	287.39999
34	287.38
35	287.35999
36	287.20999
37	287.23999
38	287.35999
39	287.34
40	287.32001
41	287.26001
42	287.29999
43	287.29999
44	287.34
45	287.39999
46	287.39999
47	287.35999
48	287.42001
49	287.38
50	287.38
51	287.42001
52	287.48999
53	287.51001
54	287.51001
55	287.54999
56	287.47
57	287.47
58	287.35999
59	287.38
60	287.34
61	287.44
62	287.47
63	287.51001
64	287.47
65	287.53
66	287.59
67	287.63
68	287.60999
69	287.59
70	287.60999
71	287.70001
72	287.73999
73	287.70001
74	287.54999
75	287.51001
76	287.51001
77	287.44
78	287.47
79	287.59
80	287.51001
81	287.54999
82	287.54999
83	287.38
84	287.47
85	287.44
86	287.44
87	287.38
88	287.35999
89	287.35999
90	287.42001
91	287.53
92	287.54999
93	287.60999
94	287.57001
95	287.53
96	287.51001
97	287.23999
98	287.13
99	287.09
100	287.20999
101	287.28
102	287.35999
103	287.42001
104	287.92999
105	288.10999
106	288.41
107	288.62
108	288.70001
109	288.92999
110	288.97
111	289.07999
112	288.98999
113	288.92999
114	289.07999
115	289.16
116	289.28
117	289.26001
118	289.01001
119	288.91
120	288.98999
121	288.98999
122	289.10001
123	289.16
124	289.17999
125	289.32999
126	289.39001
127	289.42999
128	289.42999
129	289.45001
130	289.37
131	289.45001
132	289.51001
133	289.57999
134	289.57999
135	289.48999
136	289.42999
137	289.51001
138	289.45001
139	289.37
140	289.42999
141	289.42999
142	289.45001
143	289.48999
144	289.54001
145	289.47
146	289.35001
147	289.26001
148	289.26001
149	289.31
150	289.37
151	289.48999
152	289.48999
153	289.48999
154	289.60001
155	289.60001
156	289.62
157	289.51001
158	289.48999
159	289.51001
160	289.51001
161	289.64001
162	289.64001
163	289.56
164	289.60001
165	289.60001
166	289.47
167	289.47
168	289.48999
169	289.57999
170	289.60001
171	289.66
172	289.76999
173	289.76999
174	289.79001
175	289.64001
176	289.73999
177	289.89001
178	289.89001
179	289.82999
180	289.76999
181	289.76999
182	289.81
183	289.67999
184	289.64001
185	289.67999
186	289.72
187	289.79001
188	289.82999
189	289.60001
190	289.57999
191	289.60001
192	289.60001
193	289.32999
194	289.16
195	289.10001
196	288.95001
197	288.95001
198	288.98999
199	288.98999
200	288.89001
201	288.98999
202	288.97
203	288.91
204	288.98999
205	289.07999
206	289.17999
207	289.28
208	289.41
209	289.42999
210	289.48999
211	289.37
212	289.31
213	289.37
214	289.39001
215	289.42999
216	289.39001
217	289.39001
218	289.28
219	289.47
220	289.54001
221	289.66
222	289.60001
223	289.64001
224	289.64001
225	289.51001
226	289.37
227	289.26001
228	289.41
229	289.45001
230	289.39001
231	289.39001
232	289.17999
233	289.14001
234	289.14001
235	289.32999
236	289.32999
237	289.32999
238	289.32999
239	289.31
240	289.31
241	289.32999
242	289.37
243	289.39001
244	289.37
245	289.41
246	289.37
247	289.39001
248	289.60001
249	289.62
250	289.66
251	289.66
252	289.57999
253	289.51001
254	289.47
255	289.54001
256	289.48999
257	289.47
258	289.39001
259	289.35001
260	289.28
261	289.31
262	289.45001
263	289.45001
264	289.41
265	289.51001
266	289.48999
267	289.57999
268	289.62
269	289.42999
270	289.42999
271	289.45001
272	289.20001
273	289.03
274	288.73999
275	288.54999
276	288.53
277	288.39001
278	287.89999
279	287.72
280	287.78
281	287.98999
282	288.10999
283	288.16
284	288.16
285	288.26001
286	288.28
287	288.35999
288	288.28
289	288.17999
290	287.82001
291	287.60999
292	287.03
293	286.29001
294	285.57999
295	285.57999
296	284.56
297	283.98999
298	283.81
299	283.42999
300	283.14001
301	283.04999
302	283.04999
303	282.98999
304	283.16
305	283.32001
306	283.57999
307	283.95001
308	284.23999
309	284.23999
310	284.60001
311	284.70001
312	284.76999
313	284.98001
314	285.16
315	285.23001
316	285.23001
317	285.56
318	285.69
319	285.79001
320	285.85001
321	286
322	286.07999
323	286.23001
324	286.29001
325	286.34
326	286.35999
327	286.35999
328	286.35999
329	286.29001
330	286.29001
331	286.45999
332	286.51999
333	286.63
334	286.63
335	286.84
336	286.88
337	286.85999
338	286.88
339	286.92001
340	286.94
341	286.94
342	286.84
343	286.92001
344	286.92001
345	287.03
346	287.04999
347	287.04999
348	287.04999
349	287.09
350	287.04999
351	287.07001
352	287.09
353	287.10999
354	287.17001
355	287.17001
356	287.23999
357	287.20999
358	287.35999
359	287.35999
360	287.32001
361	287.39999
362	287.35999
363	287.38
364	287.23999
365	287.14999
366	287.17001
367	287.23999
368	287.23999
369	287.32001
370	287.42001
371	287.44
372	287.38
373	287.38
374	287.34
375	287.39999
376	287.47
377	287.59
378	287.67001
379	287.53
380	287.53
381	287.44
382	287.53
383	287.57001
384	287.57001
385	287.60999
386	287.53
387	287.53
388	287.54999
389	287.64999
390	287.54999
391	287.44
392	287.44
393	287.44
394	287.47
395	287.38
396	287.42001
397	287.51001
398	287.54999
399	287.59
400	287.72
401	287.64999
402	287.63
403	287.64999
404	287.67001
405	287.67001
406	287.72
407	287.70001
408	287.78
409	287.79999
410	287.79999
411	287.72
412	287.72
413	287.85999
414	287.85999
415	287.88
416	287.79999
417	287.64999
418	287.63
419	287.67001
420	287.72
421	287.57001
422	287.60999
423	287.64999
424	287.64999
425	287.70001
426	287.60999
427	287.57001
428	287.59
429	287.59
430	287.73999
431	287.78
432	287.79999
433	287.78
434	287.64999
435	287.70001
436	287.67001
437	287.64999
438	287.67001
439	287.64999
440	287.57001
441	287.47
442	287.53
443	287.48999
444	287.48999
445	287.51001
446	287.54999
447	287.51001
448	287.48999
449	287.60999
450	287.60999
451	287.60999
452	287.60999
453	287.64999
454	287.59
455	287.59
456	287.57001
457	287.51001
458	287.48999
459	287.29999
460	287.38
461	287.38
462	287.51001
463	287.59
464	287.60999
465	287.67001
466	287.60999
467	287.51001
468	287.57001
469	287.57001
470	287.57001
471	287.57001
472	287.60999
473	287.53
474	287.51001
475	287.60999
476	287.60999
477	287.70001
478	287.64999
479	287.63
480	287.63
481	287.59
482	287.63
483	287.63
484	287.64999
485	287.59
486	287.59
487	287.57001
488	287.60999
489	287.63
490	287.63
491	287.63
492	287.64999
493	287.67001
494	287.73999
495	287.82001
496	287.73999
497	287.76001
498	287.59
499	287.63
500	287.60999
501	287.59
502	287.60999
503	287.67001
504	287.60999
505	287.72
506	287.63
507	287.44
508	287.39999
509	287.44
510	287.48999
511	287.47
512	287.47
513	287.53
514	287.59
515	287.59
516	287.39999
517	287.47
518	287.51001
519	287.53
520	287.54999
521	287.48999
522	287.48999
523	287.44
524	287.38
525	287.39999
526	287.48999
527	287.48999
528	287.47
529	287.44
530	287.51001
531	287.57001
532	287.57001
533	287.57001
534	287.59
535	287.48999
536	287.44
537	287.54999
538	287.54999
539	287.60999
540	287.64999
541	287.67001
542	287.67001
543	287.64999
544	287.70001
545	287.64999
546	287.57001
547	287.57001
548	287.59
549	287.59
550	287.59
551	287.60999
552	287.63
553	287.67001
554	287.67001
555	287.53
556	287.54999
557	287.54999
558	287.47
559	287.57001
560	287.57001
561	287.57001
562	287.70001
563	287.79999
564	287.73999
565	287.63
566	287.60999
567	287.60999
568	287.60999
569	287.34
570	287.17001
571	287.04999
572	287.04999
573	287.07001
574	287.19
575	287.29999
576	287.42001
577	287.48999
578	287.67001
579	287.92999
580	288.13
581	288.22
582	288.26001
583	288.23999
584	288.26001
585	288.28
586	288.28
587	288.28
588	288.34
589	288.35999
590	288.48999
591	288.41
592	288.42999
593	288.42999
594	288.67999
595	288.66
596	288.70001
597	288.64001
598	288.78
599	288.82001
600	288.85001
601	288.79999
602	288.73999
603	288.66
604	288.76001
605	288.78
606	288.76001
607	288.72
608	288.73999
609	288.73999
610	288.73999
611	288.87
612	288.97
613	288.95001
614	288.95001
615	288.97
616	289.01001
617	289.16
618	289.16
619	289.12
620	289.07999
621	289.03
622	288.98999
623	289.23999
624	289.23999
625	289.23999
626	289.26001
627	289.26001
628	289.22
629	289.16
630	289.22
631	289.17999
632	289.17999
633	289.07999
634	289.07999
635	289.14001
636	289.12
637	289.14001
638	289.16
639	289.16
640	289.10001
641	289.07999
642	289.07999
643	289.20001
644	289.20001
645	289.23999
646	289.16
647	289.04999
648	288.97
649	288.91
650	289.03
651	289.14001
652	289.07999
653	289.10001
654	288.97
655	288.95001
656	289.07999
657	289.07999
658	289.03
659	288.98999
660	289.04999
661	289.03
662	288.95001
663	288.95001
664	288.95001
665	289.10001
666	289.04999
667	289.03
668	289.07999
669	289.16
670	289.22
671	289.28
672	289.28
673	289.17999
674	289.20001
675	289.16
676	289.20001
677	289.12
678	289.10001
679	289.03
680	289.07999
681	289.04999
682	289.04999
683	289.07999
684	289.03
685	288.95001
686	289.04999
687	289.07999
688	289.14001
689	289.23999
690	289.22
691	289.20001
692	289.17999
693	289.12
694	289.14001
695	289.07999
696	289.07999
697	288.95001
698	288.92999
699	288.91
700	288.91
701	289.07999
702	289.03
703	289.03
704	289.03
705	288.97
706	289.04999
707	288.98999
708	289.03
709	289.04999
710	289.03
711	289.17999
712	289.28
713	289.32999
714	289.48999
715	289.41
716	289.35001
717	289.28
718	289.07999
719	289.01001
720	288.97
721	288.95001
722	288.95001
723	288.98999
724	288.92999
725	289.03
726	289.10001
727	289.20001
728	289.20001
729	289.20001
730	289.14001
731	289.17999
732	289.26001
733	289.23999
734	289.14001
735	289.14001
736	289.22
737	289.28
738	289.31
739	289.32999
740	289.26001
741	289.23999
742	289.23999
743	289.20001
744	289.23999
745	289.16
746	288.82001
747	288.54999
748	288.48999
749	288.41
750	288.03
751	287.95001
752	287.79999
753	287.98999
754	288.04999
755	288.17999
756	288.22
757	288.22
758	288.34
759	288.51001
760	288.54999
761	288.42999
762	288.17999
763	288.01001
764	287.60999
765	286.95999
766	286.26999
767	286.26999
768	285.14001
769	284.60001
770	284.32999
771	283.76001
772	283.48999
773	283.39001
774	283.39001
775	283.32001
776	283.53
777	283.62
778	283.78
779	283.95001
780	284.01001
781	284.12
782	284.51999
783	284.64001
784	284.79001
785	284.87
786	285.01999
787	285.10001
788	285.19
789	285.44
790	285.51999
791	285.70999
792	285.81
793	285.85001
794	285.98001
795	286
796	286.20999
797	286.38
798	286.35999
799	286.35999
800	286.5
801	286.60999
802	286.60999
803	286.67001
804	286.76999
805	286.85999
806	286.85999
807	286.84
808	286.79999
809	286.75
810	286.79999
811	286.84
812	286.92001
813	286.92001
814	286.95999
815	287.04999
816	286.98001
817	286.94
818	286.92001
819	286.88
820	286.92001
821	286.85999
822	286.89999
823	286.85999
824	286.95999
825	286.98001
826	287.01001
827	286.98001
828	287.07001
829	287.13
830	287.13
831	287.19
832	287.14999
833	287.20999
834	287.20999
835	287.20999
836	287.13
837	287.19
838	287.19
839	287.09
840	287.09
841	287.10999
842	287.10999
843	287.20999
844	287.29999
845	287.29999
846	287.35999
847	287.32001
848	287.35999
849	287.38
850	287.38
851	287.38
852	287.38
853	287.32001
854	287.35999
855	287.35999
856	287.20999
857	287.17001
858	287.23999
859	287.23999
860	287.20999
861	287.23999
862	287.29999
863	287.28
864	287.32001
865	287.28
866	287.35999
867	287.13
868	287.23999
869	287.19
870	287.28
871	287.35999
872	287.32001
873	287.35999
874	287.35999
875	287.39999
876	287.42001
877	287.42001
878	287.44
879	287.29999
880	287.32001
881	287.29999
882	287.34
883	287.28
884	287.28
885	287.29999
886	287.42001
887	287.42001
888	287.47
889	287.53
890	287.48999
891	287.57001
892	287.48999
893	287.48999
894	287.48999
895	287.44
896	287.47
897	287.48999
898	287.47
899	287.38
900	287.38
901	287.38
902	287.47
903	287.38
904	287.42001
905	287.51001
906	287.48999
907	287.51001
908	287.42001
909	287.42001
910	287.35999
911	287.38
912	287.42001
913	287.51001
914	287.54999
915	287.53
916	287.53
917	287.51001
918	287.47
919	287.44
920	287.48999
921	287.48999
922	287.51001
923	287.51001
924	287.53
925	287.59
926	287.53
927	287.57001
928	287.53
929	287.44
930	287.39999
931	287.44
932	287.42001
933	287.57001
934	287.48999
935	287.48999
936	287.53
937	287.47
938	287.47
939	287.42001
940	287.48999
941	287.54999
942	287.54999
943	287.57001
944	287.60999
945	287.57001
946	287.48999
947	287.42001
948	287.42001
949	287.35999
950	287.34
951	287.34
952	287.29999
953	287.29999
954	287.39999
955	287.39999
956	287.35999
957	287.29999
958	287.28
959	287.29999
960	287.34
961	287.39999
962	287.39999
963	287.44
964	287.44
965	287.35999
966	287.42001
967	287.48999
968	287.57001
969	287.51001
970	287.48999
971	287.48999
972	287.47
973	287.38
974	287.42001
975	287.38
976	287.35999
977	287.32001
978	287.28
979	287.32001
980	287.32001
981	287.26001
982	287.28
983	287.28
984	287.39999
985	287.42001
986	287.48999
987	287.48999
988	287.51001
989	287.54999
990	287.57001
991	287.60999
992	287.59
993	287.42001
994	287.42001
995	287.42001
996	287.44
997	287.44
998	287.54999
999	287.60999
1000	287.47
1001	287.53
1002	287.48999
1003	287.53
1004	287.57001
1005	287.54999
1006	287.57001
1007	287.48999
1008	287.38
1009	287.28
1010	287.29999
1011	287.29999
1012	287.29999
1013	287.26001
1014	287.29999
1015	287.23999
1016	287.34
1017	287.39999
1018	287.42001
1019	287.42001
1020	287.47
1021	287.42001
1022	287.47
1023	287.34
1024	287.32001
1025	287.29999
1026	287.29999
1027	287.29999
1028	287.34
1029	287.29999
1030	287.26001
1031	287.38
1032	287.42001
1033	287.44
1034	287.42001
1035	287.59
1036	287.51001
1037	287.54999
1038	287.44
1039	287.47
1040	287.44
1041	287.23999
1042	287.09
1043	286.84
1044	286.69
1045	286.70999
1046	286.84
1047	286.85999
1048	287.03
1049	287.20999
1050	287.38
1051	287.38
1052	288.01001
1053	288.28
1054	288.34
1055	288.20001
1056	288.29999
1057	288.47
1058	288.47
1059	288.73999
1060	288.78
1061	288.85001
1062	288.91
1063	289.03
1064	288.97
1065	288.97
1066	288.98999
1067	288.89001
1068	288.95001
1069	289.07999
1070	289.20001
1071	289.28
1072	289.17999
1073	289.14001
1074	289.14001
1075	289.35001
1076	289.28
1077	289.22
1078	289.31
1079	289.32999
1080	289.54001
1081	289.54001
1082	289.48999
1083	289.26001
1084	289.26001
1085	289.12
1086	289.04999
1087	289.01001
1088	289.12
1089	289.16
1090	289.16
1091	289.28
1092	289.23999
1093	289.26001
1094	289.22
1095	288.97
1096	288.82001
1097	288.82001
1098	288.97
1099	289.01001
1100	288.95001
1101	288.95001
1102	288.91
1103	288.98999
1104	289.07999
1105	289.20001
1106	289.22
1107	289.14001
1108	288.98999
1109	289.07999
1110	289.17999
1111	289.16
1112	289.17999
1113	289.14001
1114	288.97
1115	288.87
1116	288.87
1117	289.03
1118	289.12
1119	289.07999
1120	288.98999
1121	288.87
1122	288.82001
1123	288.91
1124	288.92999
1125	288.91
1126	288.97
1127	289.01001
1128	288.97
1129	288.97
1130	288.92999
1131	288.95001
1132	288.78
1133	288.82001
1134	288.79999
1135	288.89001
1136	288.89001
1137	289.17999
1138	289.23999
1139	289.35001
1140	289.32999
1141	289.17999
1142	289.10001
1143	289.14001
1144	289.35001
1145	289.41
1146	289.31
1147	289.20001
1148	289.10001
1149	289.16
1150	289.20001
1151	289.07999
1152	289.01001
1153	288.98999
1154	289.16
1155	289.28
1156	289.37
1157	289.39001
1158	289.51001
1159	289.48999
1160	289.47
1161	289.47
1162	289.45001
1163	289.51001
1164	289.48999
1165	289.57999
1166	289.57999
1167	289.57999
1168	289.57999
1169	289.47
1170	289.45001
1171	289.45001
1172	289.42999
1173	289.37
1174	289.39001
1175	289.39001
1176	289.48999
1177	289.41
1178	289.37
1179	289.23999
1180	289.10001
1181	288.98999
1182	289.01001
1183	289.26001
1184	289.22
1185	289.16
1186	289.23999
1187	289.20001
1188	289.14001
1189	289.16
1190	289.17999
1191	289.16
1192	289.14001
1193	289.10001
1194	289.12
1195	289.16
1196	289.12
1197	289.26001
1198	289.35001
1199	289.37
1200	289.37
1201	289.20001
1202	289.10001
1203	289.14001
1204	289.31
1205	289.35001
1206	289.26001
1207	289.26001
1208	289.03
1209	289.01001
1210	288.98999
1211	289.10001
1212	289.12
1213	289.12
1214	289.12
1215	289.26001
1216	289.41
1217	289.47
1218	289.42999
1219	289.16
1220	289.01001
1221	288.78
1222	288.42999
1223	288.29999
1224	287.89999
1225	287.67001
1226	287.64999
1227	287.88
1228	287.97
1229	288.17999
1230	288.26001
1231	288.32001
1232	288.32001
1233	288.34
1234	288.28
1235	288.28
1236	288.04999
1237	287.60999
1238	286.92001
1239	286.92001
1240	285.81
1241	285.19
1242	284.82999
1243	284.17999
1244	283.76001
1245	283.48999
1246	283.48999
1247	283.09
1248	282.98999
1249	282.97
1250	283.12
1251	283.35001
1252	283.47
1253	283.53
1254	284.06
1255	284.17999
1256	284.45001
1257	284.56
1258	284.62
1259	284.76999
1260	284.92999
1261	285.29001
1262	285.35001
1263	285.45999
1264	285.56
1265	285.64999
1266	285.75
1267	285.88
1268	285.98001
1269	286.06
1270	286.10999
1271	286.10999
1272	286.23001
1273	286.23001
1274	286.25
1275	286.31
1276	286.39999
1277	286.38
1278	286.38
1279	286.44
1280	286.39999
1281	286.44
1282	286.48001
1283	286.51999
1284	286.54001
1285	286.59
1286	286.64999
1287	286.69
1288	286.64999
1289	286.67001
1290	286.75
1291	286.75
1292	286.73001
1293	286.67001
1294	286.82001
1295	286.98001
1296	287.03
1297	287.03
1298	287.03
1299	287.01001
1300	287.04999
1301	287.07001
1302	287.10999
1303	287.10999
1304	287.07001
1305	287.09
1306	287.07001
1307	287.17001
1308	287.14999
1309	287.17001
1310	287.17001
1311	287.28
1312	287.20999
1313	287.19
1314	287.14999
1315	287.23999
1316	287.34
1317	287.34
1318	287.38
1319	287.38
1320	287.38
1321	287.35999
1322	287.29999
1323	287.32001
1324	287.32001
1325	287.35999
1326	287.35999
1327	287.35999
1328	287.28
1329	287.38
1330	287.32001
1331	287.34
1332	287.38
1333	287.39999
1334	287.34
1335	287.39999
1336	287.38
1337	287.47
1338	287.48999
1339	287.51001
1340	287.47
1341	287.53
1342	287.53
1343	287.47
1344	287.47
1345	287.48999
1346	287.42001
1347	287.42001
1348	287.38
1349	287.38
1350	287.29999
1351	287.34
1352	287.38
1353	287.39999
1354	287.35999
1355	287.44
1356	287.39999
1357	287.42001
1358	287.35999
1359	287.39999
1360	287.35999
1361	287.42001
1362	287.32001
1363	287.32001
1364	287.28
1365	287.38
1366	287.35999
1367	287.38
1368	287.39999
1369	287.44
1370	287.32001
1371	287.35999
1372	287.34
1373	287.38
1374	287.38
1375	287.47
1376	287.44
1377	287.39999
1378	287.34
1379	287.42001
1380	287.38
1381	287.38
1382	287.39999
1383	287.29999
1384	287.23999
1385	287.20999
1386	287.32001
1387	287.38
1388	287.38
1389	287.39999
1390	287.42001
1391	287.44
1392	287.35999
1393	287.38
1394	287.44
1395	287.44
1396	287.32001
1397	287.32001
1398	287.26001
1399	287.20999
1400	287.28
1401	287.29999
1402	287.29999
1403	287.28
1404	287.32001
1405	287.35999
1406	287.32001
1407	287.32001
1408	287.23999
1409	287.17001
1410	287.09
1411	287.13
1412	287.23999
1413	287.23999
1414	287.26001
1415	287.28
1416	287.29999
1417	287.29999
1418	287.32001
1419	287.20999
1420	287.20999
1421	287.20999
1422	287.28
1423	287.32001
1424	287.32001
1425	287.39999
1426	287.53
1427	287.53
1428	287.48999
1429	287.42001
1430	287.44
1431	287.42001
1432	287.39999
1433	287.38
1434	287.44
1435	287.44
1436	287.39999
1437	287.29999
1438	287.39999
1439	287.35999
1440	287.42001
1441	287.38
1442	287.32001
1443	287.29999
1444	287.28
1445	287.17001
1446	287.17001
1447	287.17001
1448	287.14999
1449	287.23999
1450	287.20999
1451	287.29999
1452	287.29999
1453	287.38
1454	287.34
1455	287.29999
1456	287.32001
1457	287.42001
1458	287.38
1459	287.38
1460	287.42001
1461	287.42001
1462	287.39999
1463	287.34
1464	287.32001
1465	287.34
1466	287.39999
1467	287.35999
1468	287.39999
1469	287.44
1470	287.44
1471	287.42001
1472	287.26001
1473	287.29999
1474	287.26001
1475	287.32001
1476	287.39999
1477	287.42001
1478	287.39999
1479	287.44
1480	287.47
1481	287.42001
1482	287.34
1483	287.29999
1484	287.29999
1485	287.32001
1486	287.32001
1487	287.29999
1488	287.35999
1489	287.29999
1490	287.32001
1491	287.32001
1492	287.35999
1493	287.38
1494	287.35999
1495	287.42001
1496	287.44
1497	287.38
1498	287.38
1499	287.28
1500	287.17001
1501	287.23999
1502	287.34
1503	287.38
1504	287.32001
1505	287.35999
1506	287.29999
1507	287.38
1508	287.34
1509	287.32001
1510	287.28
1511	287.47
1512	287.54999
1513	287.53
1514	287.48999
1515	287.26001
1516	287.03
1517	286.95999
1518	286.98001
1519	287.04999
1520	287.13
1521	287.14999
1522	287.23999
1523	287.23999
1524	287.38
1525	287.63
1526	287.72
1527	288.01001
1528	288.04999
1529	288.26001
1530	288.26001
1531	288.57001
1532	288.62
1533	288.70001
1534	288.92999
1535	289.07999
1536	289.03
1537	289.07999
1538	288.98999
1539	289.01001
1540	289.01001
1541	288.82001
1542	288.78
1543	288.79999
1544	288.87
1545	288.95001
1546	289.03
1547	289.17999
1548	289.22
1549	289.22
1550	289.16
1551	289.22
1552	289.20001
1553	289.16
1554	289.16
1555	289.16
1556	288.97
1557	288.91
1558	288.87
1559	288.92999
1560	288.89001
1561	288.78
1562	288.78
1563	288.95001
1564	289.10001
1565	289.14001
1566	289.22
1567	289.23999
1568	289.39001
1569	289.39001
1570	289.47
1571	289.47
1572	289.42999
1573	289.28
1574	289.28
1575	289.17999
1576	289.20001
1577	289.16
1578	289.20001
1579	289.10001
1580	289.07999
1581	289.07999
1582	289.07999
1583	289.10001
1584	289.37
1585	289.39001
1586	289.35001
1587	289.23999
1588	289.20001
1589	289.32999
1590	289.32999
1591	289.39001
1592	289.41
1593	289.22
1594	289.22
1595	289.03
1596	289.03
1597	289.07999
1598	289.20001
1599	289.17999
1600	289.20001
1601	289.20001
1602	289.22
1603	289.16
1604	289.16
1605	289.26001
1606	289.37
1607	289.32999
1608	289.28
1609	288.92999
1610	288.87
1611	288.82001
1612	288.78
1613	288.73999
1614	288.82001
1615	288.78
1616	288.70001
1617	288.66
1618	288.70001
1619	288.87
1620	288.98999
1621	289.12
1622	289.10001
1623	289.07999
1624	289.04999
1625	289.03
1626	288.95001
1627	288.92999
1628	288.85001
1629	288.79999
1630	288.87
1631	288.95001
1632	289.10001
1633	289.10001
1634	289.07999
1635	289.07999
1636	289.12
1637	289.17999
1638	289.22
1639	289.32999
1640	289.32999
1641	289.41
1642	289.35001
1643	289.26001
1644	289.42999
1645	289.39001
1646	289.41
1647	289.31
1648	289.31
1649	289.37
1650	289.37
1651	289.20001
1652	289.17999
1653	289.16
1654	289.16
1655	288.92999
1656	288.95001
1657	288.92999
1658	289.12
1659	289.14001
1660	289.12
1661	289.07999
1662	289.10001
1663	289.20001
1664	289.23999
1665	289.23999
1666	289.16
1667	288.97
1668	288.92999
1669	288.95001
1670	288.92999
1671	288.98999
1672	288.98999
1673	289.01001
1674	289.12
1675	289.01001
1676	289.01001
1677	289.07999
1678	289.10001
1679	289.10001
1680	289.04999
1681	289.10001
1682	289.10001
1683	289.04999
1684	288.98999
1685	288.87
1686	288.78
1687	288.87
1688	288.82001
1689	288.92999
1690	289.03
1691	289.07999
1692	288.98999
1693	288.89001
1694	288.62
1695	288.45001
1696	288.26001
1697	287.88
1698	287.70001
1699	287.51001
1700	287.44
1701	287.64999
1702	287.92999
1703	288.07001
1704	288.07001
1705	288.09
1706	288.09
1707	288.07001
1708	288.04999
1709	287.84
1710	287.48999
1711	287.48999
1712	286.69
1713	285.95999
1714	285.51999
1715	284.64001
1716	283.98999
1717	283.64001
1718	283.41
1719	283.04999
1720	282.92999
1721	282.92999
1722	282.95001
1723	283.07001
1724	283.20001
1725	283.28
1726	283.57999
1727	283.64001
1728	283.81
1729	284.01001
1730	284.14001
1731	284.54001
1732	284.64001
1733	284.87
1734	285.10001
1735	285.12
1736	285.12
1737	285.44
1738	285.56
1739	285.60001
1740	285.81
1741	285.94
1742	286.04001
1743	286.04001
1744	286.14999
1745	286.23001
1746	286.26999
1747	286.38
1748	286.5
1749	286.59
1750	286.59
1751	286.57001
1752	286.60999
1753	286.57001
1754	286.59
1755	286.59
1756	286.63
1757	286.63
1758	286.63
1759	286.60999
1760	286.57001
1761	286.60999
1762	286.64999
1763	286.73001
1764	286.73001
1765	286.88
1766	286.89999
1767	286.79999
1768	286.84
1769	286.79999
1770	286.84
1771	286.79999
1772	286.73001
1773	286.75
1774	286.85999
1775	286.85999
1776	286.82001
1777	286.85999
1778	286.84
1779	286.82001
1780	286.84
1781	286.88
1782	286.88
1783	287.01001
1784	287.09
1785	287.07001
1786	286.92001
1787	286.89999
1788	287.01001
1789	286.98001
1790	286.98001
1791	286.98001
1792	287.01001
1793	286.98001
1794	287.04999
1795	287.03
1796	286.98001
1797	286.95999
1798	286.98001
1799	286.98001
1800	286.95999
1801	286.94
1802	286.92001
1803	286.98001
1804	286.92001
1805	286.88
1806	286.82001
1807	286.82001
1808	286.92001
1809	286.94
1810	286.98001
1811	287.01001
1812	287.01001
1813	286.85999
1814	286.85999
1815	286.85999
1816	286.85999
1817	286.94
1818	287.01001
1819	286.98001
1820	287.03
1821	287.03
1822	287.09
1823	287.10999
1824	287.09
1825	287.10999
1826	287.10999
1827	287.07001
1828	287.13
1829	287.14999
1830	287.20999
1831	287.17001
1832	287.20999
1833	287.14999
1834	287.14999
1835	287.17001
1836	287.14999
1837	287.04999
1838	287.03
1839	287.13
1840	287.14999
1841	287.20999
1842	287.20999
1843	287.17001
1844	287.17001
1845	287.17001
1846	287.17001
1847	287.17001
1848	287.09
1849	287.17001
1850	287.13
1851	287.23999
1852	287.13
1853	287.13
1854	287.04999
1855	287.10999
1856	287.10999
1857	287.13
1858	287.04999
1859	287.03
1860	287.01001
1861	286.92001
1862	286.92001
1863	286.98001
1864	287.07001
1865	287.10999
1866	287.14999
1867	287.17001
1868	287.17001
1869	287.14999
1870	287.10999
1871	287.03
1872	286.98001
1873	286.98001
1874	287.01001
1875	287.09
1876	287.14999
1877	287.23999
1878	287.17001
1879	287.14999
1880	287.17001
1881	287.10999
1882	287.19
1883	287.26001
1884	287.32001
1885	287.32001
1886	287.32001
1887	287.23999
1888	287.19
1889	287.20999
1890	287.13
1891	287.20999
1892	287.20999
1893	287.23999
1894	287.32001
1895	287.35999
1896	287.35999
1897	287.32001
1898	287.29999
1899	287.38
1900	287.26001
1901	287.20999
1902	287.13
1903	287.10999
1904	287.19
1905	287.17001
1906	287.20999
1907	287.38
1908	287.42001
1909	287.42001
1910	287.29999
1911	287.28
1912	287.10999
1913	287.13
1914	287.13
1915	287.14999
1916	287.14999
1917	287.14999
1918	287.07001
1919	287.01001
1920	286.98001
1921	286.95999
1922	286.92001
1923	286.94
1924	286.94
1925	287.07001
1926	287.13
1927	287.10999
1928	287.29999
1929	287.23999
1930	287.20999
1931	287.20999
1932	287.14999
1933	287.09
1934	287.07001
1935	287.04999
1936	287.14999
1937	287.13
1938	287.17001
1939	287.04999
1940	287.03
1941	287.13
1942	287.14999
1943	287.14999
1944	287.17001
1945	287.10999
1946	287.09
1947	286.98001
1948	286.95999
1949	286.94
1950	287.01001
1951	286.98001
1952	287.10999
1953	287.13
1954	287.23999
1955	287.17001
1956	287.17001
1957	287.10999
1958	287.10999
1959	287.19
1960	287.17001
1961	287.14999
1962	287.10999
1963	287.10999
1964	287.09
1965	287.09
1966	287.01001
1967	287.10999
1968	287.17001
1969	287.20999
1970	287.23999
1971	287.13
1972	287.14999
1973	287.14999
1974	287.10999
1975	287.17001
1976	287.13
1977	287.23999
1978	287.23999
1979	287.28
1980	287.23999
1981	287.26001
1982	287.19
1983	287.19
1984	287.17001
1985	287.23999
1986	287.17001
1987	287.09
1988	287.09
1989	286.98001
1990	286.84
1991	286.79999
1992	286.79999
1993	286.82001
1994	286.88
1995	286.88
1996	286.98001
1997	287.04999
1998	287.07001
1999	287.26001
2000	287.54999
2001	287.84
2002	287.84
2003	288.26001
2004	288.34
2005	288.42999
2006	288.54999
2007	288.59
2008	288.70001
2009	288.85001
2010	289.01001
2011	289.07999
2012	289.07999
2013	289.12
2014	289.10001
2015	288.87
2016	288.87
2017	288.85001
2018	288.87
2019	288.97
2020	288.91
2021	288.89001
2022	288.85001
2023	288.91
2024	289.01001
2025	289.03
2026	289.01001
2027	289.01001
2028	288.95001
2029	288.98999
2030	289.04999
2031	289.10001
2032	289.12
2033	289.10001
2034	289.10001
2035	288.98999
2036	289.01001
2037	288.92999
2038	288.95001
2039	288.91
2040	288.91
2041	288.92999
2042	288.82001
2043	288.64001
2044	288.62
2045	288.62
2046	288.72
2047	288.79999
2048	288.76001
2049	288.82001
2050	288.91
2051	288.92999
2052	289.01001
2053	289.01001
2054	288.95001
2055	288.95001
2056	288.95001
2057	288.89001
2058	288.97
2059	288.97
2060	288.85001
2061	288.72
2062	288.67999
2063	288.78
2064	288.87
2065	288.79999
2066	288.79999
2067	288.91
2068	289.03
2069	289.04999
2070	288.89001
2071	288.79999
2072	288.76001
2073	288.76001
2074	288.89001
2075	288.85001
2076	288.87
2077	288.85001
2078	288.89001
2079	288.91
2080	288.97
2081	288.92999
2082	288.92999
2083	288.98999
2084	288.97
2085	288.89001
2086	288.85001
2087	288.97
2088	288.97
2089	289.04999
2090	289.17999
2091	289.04999
2092	289.12
2093	289.17999
2094	289.20001
2095	289.23999
2096	289.41
2097	289.47
2098	289.47
2099	289.31
2100	289.12
2101	289.04999
2102	289.16
2103	289.23999
2104	289.35001
2105	289.35001
2106	289.41
2107	289.31
2108	289.32999
2109	289.31
2110	289.31
2111	289.26001
2112	289.32999
2113	289.39001
2114	289.26001
2115	289.14001
2116	289.10001
2117	289.10001
2118	289.03
2119	288.98999
2120	289.04999
2121	289.10001
2122	289.04999
2123	288.97
2124	288.87
2125	288.89001
2126	288.78
2127	288.85001
2128	288.91
2129	288.97
2130	288.97
2131	289.14001
2132	289.10001
2133	289.04999
2134	289.23999
2135	289.31
2136	289.16
2137	289.16
2138	288.98999
2139	289.01001
2140	289.01001
2141	289.07999
2142	289.07999
2143	289.07999
2144	289.07999
2145	289.16
2146	289.26001
2147	289.20001
2148	289.32999
2149	289.35001
2150	289.37
2151	289.39001
2152	289.14001
2153	289.12
2154	289.03
2155	289.07999
2156	289.14001
2157	289.10001
2158	289.10001
2159	289.16
2160	289.20001
2161	289.14001
2162	289.17999
2163	289.28
2164	289.31
2165	289.32999
2166	288.95001
2167	288.57001
2168	288.41
2169	288.41
2170	288.16
2171	287.84
2172	287.76001
2173	287.88
2174	287.92999
2175	288.09
2176	288.09
2177	288.20001
2178	288.23999
2179	288.20001
2180	288.29999
2181	288.17999
2182	288.16
2183	288.01001
2184	287.19
2185	286.51999
2186	286.17001
2187	285.23001
2188	284.51999
2189	284.22
2190	283.92999
2191	283.22
2192	283.12
2193	282.89001
2194	282.78
2195	282.84
2196	282.85999
2197	282.97
2198	283.09
2199	283.35001
2200	283.66
2201	283.98999
2202	284.16
2203	284.41
2204	284.54001
2205	284.79001
2206	284.82999
2207	284.89001
2208	284.89001
2209	285.04001
2210	285.23001
2211	285.37
2212	285.56
2213	285.70999
2214	285.79001
2215	285.79001
2216	285.76999
2217	285.95999
2218	286.06
2219	286.17001
2220	286.14999
2221	286.19
2222	286.17001
2223	286.39999
2224	286.35999
2225	286.48001
2226	286.54001
2227	286.5
2228	286.39999
2229	286.42001
2230	286.5
2231	286.57001
2232	286.51999
2233	286.45999
2234	286.5
2235	286.57001
2236	286.60999
2237	286.67001
2238	286.67001
2239	286.67001
2240	286.67001
2241	286.63
2242	286.63
2243	286.69
2244	286.73001
2245	286.59
2246	286.60999
2247	286.60999
2248	286.67001
2249	286.67001
2250	286.63
2251	286.5
2252	286.59
2253	286.69
2254	286.69
2255	286.76999
2256	286.84
2257	286.88
2258	286.88
2259	286.94
2260	286.89999
2261	286.89999
2262	286.92001
2263	286.92001
2264	286.89999
2265	286.82001
2266	286.85999
2267	286.89999
2268	286.95999
2269	286.94
2270	286.92001
2271	286.92001
2272	286.92001
2273	286.89999
2274	286.94
2275	286.89999
2276	286.89999
2277	286.98001
2278	287.04999
2279	287.04999
2280	286.98001
2281	286.94
2282	286.88
2283	286.89999
2284	286.92001
2285	286.89999
2286	286.89999
2287	287.01001
2288	286.98001
2289	286.98001
2290	286.94
2291	287.01001
2292	286.98001
2293	286.95999
2294	287.01001
2295	286.94
2296	286.94
2297	286.95999
2298	286.85999
2299	287.01001
2300	286.98001
2301	286.95999
2302	287.10999
2303	287.10999
2304	287.10999
2305	287.14999
2306	287.14999
2307	287.10999
2308	287.09
2309	287.14999
2310	287.20999
2311	287.20999
2312	286.98001
2313	286.73001
2314	286.57001
2315	286.26999
2316	286.20999
2317	286.25
2318	286.25
2319	286.60999
2320	286.79999
2321	286.88
2322	286.95999
2323	286.94
2324	286.85999
2325	286.85999
2326	286.73001
2327	286.79999
2328	286.89999
2329	287.01001
2330	287.01001
2331	286.98001
2332	286.92001
2333	286.82001
2334	286.75
2335	286.73001
2336	286.85999
2337	286.84
2338	286.84
2339	286.88
2340	286.95999
2341	287.01001
2342	287.04999
2343	287.03
2344	287.07001
2345	287.01001
2346	287.01001
2347	286.92001
2348	286.95999
2349	287.07001
2350	287.07001
2351	287.09
2352	287.07001
2353	287.09
2354	286.98001
2355	286.92001
2356	286.82001
2357	286.82001
2358	286.95999
2359	287.04999
2360	287.09
2361	287.09
2362	287.13
2363	287.14999
2364	287.23999
2365	287.19
2366	287.20999
2367	287.19
2368	287.19
2369	287.20999
2370	287.28
2371	287.26001
2372	287.14999
2373	287.17001
2374	287.20999
2375	287.19
2376	287.19
2377	287.09
2378	287.03
2379	286.98001
2380	287.01001
2381	287.01001
2382	287.01001
2383	287.14999
2384	287.19
2385	287.19
2386	287.14999
2387	287.14999
2388	287.13
2389	287.13
2390	287.19
2391	287.14999
2392	287.20999
2393	287.14999
2394	287.13
2395	287.23999
2396	287.23999
2397	287.29999
2398	287.32001
2399	287.35999
2400	287.26001
2401	287.23999
2402	287.17001
2403	287.26001
2404	287.32001
2405	287.28
2406	287.14999
2407	287.17001
2408	287.13
2409	287.17001
2410	287.28
2411	287.28
2412	287.26001
2413	287.23999
2414	287.29999
2415	287.29999
2416	287.29999
2417	287.29999
2418	287.38
2419	287.34
2420	287.23999
2421	287.23999
2422	287.17001
2423	287.20999
2424	287.23999
2425	287.17001
2426	287.29999
2427	287.28
2428	287.28
2429	287.38
2430	287.34
2431	287.38
2432	287.10999
2433	287.07001
2434	287.07001
2435	287.07001
2436	287.19
2437	287.28
2438	287.28
2439	287.32001
2440	287.35999
2441	287.35999
2442	287.35999
2443	287.29999
2444	287.28
2445	287.29999
2446	287.28
2447	287.26001
2448	287.14999
2449	287.13
2450	287.23999
2451	287.23999
2452	287.34
2453	287.39999
2454	287.47
2455	287.42001
2456	287.44
2457	287.44
2458	287.39999
2459	287.32001
2460	287.32001
2461	287.26001
2462	287.09
2463	287.04999
2464	286.84
2465	286.88
2466	286.82001
2467	286.82001
2468	286.82001
2469	286.73001
2470	286.75
2471	286.75
2472	287.23999
2473	287.47
2474	287.60999
2475	287.35999
2476	287.34
2477	287.42001
2478	287.73999
2479	288.23999
2480	288.42999
2481	288.64001
2482	288.97
2483	288.97
2484	289.04999
2485	289.17999
2486	289.26001
2487	289.32999
2488	289.20001
2489	289.35001
2490	289.31
2491	289.32999
2492	289.32999
2493	289.23999
2494	289.28
2495	289.28
2496	289.32999
2497	289.35001
2498	289.26001
2499	289.26001
2500	289.23999
2501	289.28
2502	289.28
2503	289.39001
2504	289.45001
2505	289.39001
2506	289.39001
2507	289.32999
2508	289.31
2509	289.26001
2510	289.23999
2511	289.26001
2512	289.28
2513	289.37
2514	289.39001
2515	289.37
2516	289.32999
2517	289.45001
2518	289.41
2519	289.39001
2520	289.37
2521	289.35001
2522	289.37
2523	289.41
2524	289.32999
2525	289.31
2526	289.31
2527	289.32999
2528	289.35001
2529	289.22
2530	289.31
2531	289.31
2532	289.26001
2533	289.37
2534	289.45001
2535	289.42999
2536	289.39001
2537	289.45001
2538	289.45001
2539	289.45001
2540	289.45001
2541	289.42999
2542	289.39001
2543	289.42999
2544	289.41
2545	289.37
2546	289.37
2547	289.32999
2548	289.26001
2549	289.28
2550	289.42999
2551	289.45001
2552	289.42999
2553	289.31
2554	289.32999
2555	289.31
2556	289.35001
2557	289.31
2558	289.26001
2559	289.35001
2560	289.45001
2561	289.37
2562	289.35001
2563	289.35001
2564	289.20001
2565	289.20001
2566	289.23999
2567	289.17999
2568	289.23999
2569	289.32999
2570	289.32999
2571	289.31
2572	289.42999
2573	289.45001
2574	289.45001
2575	289.37
2576	289.31
2577	289.31
2578	289.31
2579	289.31
2580	289.31
2581	289.35001
2582	289.39001
2583	289.47
2584	289.45001
2585	289.47
2586	289.47
2587	289.48999
2588	289.51001
2589	289.48999
2590	289.47
2591	289.45001
2592	289.39001
2593	289.31
2594	289.35001
2595	289.35001
2596	289.37
2597	289.41
2598	289.47
2599	289.47
2600	289.47
2601	289.51001
2602	289.51001
2603	289.48999
2604	289.47
2605	289.42999
2606	289.37
2607	289.47
2608	289.47
2609	289.47
2610	289.48999
2611	289.42999
2612	289.47
2613	289.45001
2614	289.45001
2615	289.56
2616	289.42999
2617	289.51001
2618	289.48999
2619	289.60001
2620	289.57999
2621	289.45001
2622	289.41
2623	289.42999
2624	289.48999
2625	289.56
2626	289.45001
2627	289.56
2628	289.54001
2629	289.41
2630	289.42999
2631	289.31
2632	289.31
2633	289.37
2634	289.37
2635	289.39001
2636	289.45001
2637	289.41
2638	289.45001
2639	289.20001
2640	288.97
2641	288.97
2642	288.57001
2643	288.17999
2644	288.03
2645	287.79999
2646	287.85999
2647	287.82001
2648	287.82001
2649	287.89999
2650	287.88
2651	287.82001
2652	287.76001
2653	287.79999
2654	287.82001
2655	287.84
2656	287.57001
2657	287.47
2658	286.84
2659	286.23001
2660	285.82999
2661	285.23001
2662	284.82999
2663	283.78
2664	283.48999
2665	283.07001
2666	283.03
2667	282.97
2668	283.04999
2669	283.07001
2670	283.28
2671	283.45001
2672	283.70001
2673	283.70001
2674	284.01001
2675	284.31
2676	284.41
2677	284.70001
2678	284.87
2679	285.04001
2680	285.04001
2681	285.31
2682	285.54001
2683	285.60001
2684	285.81
2685	285.89999
2686	285.94
2687	285.92001
2688	285.88
2689	285.95999
2690	286.01999
2691	286.06
2692	286.04001
2693	286.07999
2694	286.07999
2695	286.29001
2696	286.29001
2697	286.20999
2698	286.25
2699	286.34
2700	286.38
2701	286.44
2702	286.54001
2703	286.63
2704	286.70999
2705	286.76999
2706	286.67001
2707	286.79999
2708	286.82001
2709	286.75
2710	286.69
2711	286.75
2712	286.75
2713	286.73001
2714	286.84
2715	286.82001
2716	286.94
2717	286.94
2718	286.94
2719	286.94
2720	286.89999
2721	286.75
2722	286.70999
2723	286.67001
2724	286.75
2725	286.73001
2726	286.75
2727	286.84
2728	286.92001
2729	286.88
2730	286.69
2731	286.63
2732	286.70999
2733	286.79999
2734	286.94
2735	287.03
2736	287.07001
2737	287.07001
2738	287.09
2739	287.19
2740	287.14999
2741	287.17001
2742	286.94
2743	286.89999
2744	286.89999
2745	286.79999
2746	286.76999
2747	286.85999
2748	286.98001
2749	287.09
2750	287.09
2751	287.09
2752	287.10999
2753	287.09
2754	287.07001
2755	286.95999
2756	287.07001
2757	287.10999
2758	287.10999
2759	287.10999
2760	287.10999
2761	287.10999
2762	286.95999
2763	286.98001
2764	287.03
2765	287.03
2766	286.94
2767	286.89999
2768	286.95999
2769	287.01001
2770	286.88
2771	287.07001
2772	287.03
2773	287.01001
2774	287.09
2775	287.07001
2776	287.07001
2777	287.13
2778	287.13
2779	287.13
2780	287.17001
2781	287.13
2782	287.19
2783	287.19
2784	287.20999
2785	287.35999
2786	287.34
2787	287.35999
2788	287.32001
2789	287.29999
2790	287.29999
2791	287.35999
2792	287.32001
2793	287.34
2794	287.29999
2795	287.29999
2796	287.28
2797	287.32001
2798	287.34
2799	287.39999
2800	287.29999
2801	287.26001
2802	287.17001
2803	287.20999
2804	287.19
2805	287.07001
2806	287.09
2807	287.10999
2808	287.13
2809	287.13
2810	287.09
2811	287.13
2812	287.13
2813	287.17001
2814	287.13
2815	287.13
2816	287.20999
2817	287.20999
2818	287.23999
2819	287.14999
2820	287.10999
2821	287.13
2822	287.13
2823	287.09
2824	287.01001
2825	287.04999
2826	287.03
2827	287.01001
2828	287.03
2829	287.03
2830	287.07001
2831	287.19
2832	287.26001
2833	287.17001
2834	287.17001
2835	287.19
2836	287.14999
2837	287.14999
2838	287.17001
2839	287.23999
2840	287.28
2841	287.29999
2842	287.28
2843	287.20999
2844	287.13
2845	287.20999
2846	287.14999
2847	287.17001
2848	287.26001
2849	287.23999
2850	287.17001
2851	287.20999
2852	287.17001
2853	287.07001
2854	287.07001
2855	287.17001
2856	287.20999
2857	287.26001
2858	287.26001
2859	287.26001
2860	287.17001
2861	287.17001
2862	287.13
2863	287.10999
2864	287.09
2865	286.94
2866	286.92001
2867	286.95999
2868	286.94
2869	286.82001
2870	286.85999
2871	286.98001
2872	287.04999
2873	287.14999
2874	287.14999
2875	287.17001
2876	287.13
2877	287.07001
2878	287.13
2879	287.17001
2880	287.20999
2881	287.29999
2882	287.32001
2883	287.29999
2884	287.28
2885	287.26001
2886	287.20999
2887	287.17001
2888	287.20999
2889	287.28
2890	287.20999
2891	287.13
2892	287.09
2893	287.09
2894	287.10999
2895	287.19
2896	287.14999
2897	287.09
2898	287.10999
2899	287.17001
2900	287.17001
2901	287.23999
2902	287.34
2903	287.28
2904	287.26001
2905	287.23999
2906	287.23999
2907	287.13
2908	287.07001
2909	287.07001
2910	287.10999
2911	287.20999
2912	287.26001
2913	287.23999
2914	287.32001
2915	287.34
2916	287.35999
2917	287.35999
2918	287.38
2919	287.38
2920	287.35999
2921	287.34
2922	287.28
2923	287.35999
2924	287.28
2925	287.28
2926	287.29999
2927	287.32001
2928	287.35999
2929	287.34
2930	287.28
2931	287.38
2932	287.38
2933	287.28
2934	287.19
2935	287.10999
2936	286.95999
2937	286.85999
2938	286.79999
2939	286.79999
2940	286.79999
2941	286.85999
2942	286.85999
2943	286.79999
2944	286.75
2945	286.79999
2946	286.95999
2947	287.59
2948	287.73999
2949	287.95001
2950	288.22
2951	288.39001
2952	288.34
2953	288.45001
2954	288.48999
2955	288.54999
2956	288.53
2957	288.57001
2958	288.66
2959	288.78
2960	288.78
2961	288.79999
2962	288.76001
2963	288.87
2964	288.87
2965	288.73999
2966	288.59
2967	288.59
2968	288.45001
2969	288.41
2970	288.53
2971	288.53
2972	288.59
2973	288.73999
2974	288.70001
2975	288.79999
2976	288.79999
2977	288.73999
2978	288.79999
2979	288.85001
2980	288.89001
2981	288.91
2982	288.87
2983	288.79999
2984	288.79999
2985	288.78
2986	288.85001
2987	288.91
2988	288.82001
2989	288.82001
2990	288.82001
2991	288.78
2992	288.70001
2993	288.64001
2994	288.76001
2995	288.78
2996	288.78
2997	288.91
2998	288.79999
2999	288.78
3000	288.66
3001	288.76001
3002	288.76001
3003	288.76001
3004	288.78
3005	288.70001
3006	288.66
3007	288.51001
3008	288.51001
3009	288.59
3010	288.59
3011	288.72
3012	288.66
3013	288.66
3014	288.82001
3015	288.85001
3016	288.92999
3017	288.85001
3018	288.85001
3019	288.91
3020	288.91
3021	288.76001
3022	288.59
3023	288.59
3024	288.64001
3025	288.76001
3026	288.82001
3027	288.73999
3028	288.62
3029	288.54999
3030	288.47
3031	288.48999
3032	288.57001
3033	288.66
3034	288.64001
3035	288.64001
3036	288.70001
3037	288.82001
3038	288.89001
3039	288.95001
3040	288.87
3041	288.85001
3042	288.85001
3043	288.76001
3044	288.76001
3045	288.82001
3046	288.97
3047	288.89001
3048	288.85001
3049	288.78
3050	288.76001
3051	288.78
3052	288.91
3053	289.04999
3054	288.91
3055	288.95001
3056	288.95001
3057	289.12
3058	289.10001
3059	289.07999
3060	288.97
3061	288.91
3062	288.95001
3063	289.01001
3064	289.04999
3065	288.95001
3066	288.98999
3067	288.98999
3068	288.91
3069	288.89001
3070	288.89001
3071	288.89001
3072	288.85001
3073	288.79999
3074	288.79999
3075	288.79999
3076	288.95001
3077	288.92999
3078	288.91
3079	288.85001
3080	288.95001
3081	288.95001
3082	288.73999
3083	288.70001
3084	288.78
3085	288.85001
3086	288.82001
3087	288.82001
3088	288.85001
3089	288.82001
3090	288.89001
3091	288.78
3092	288.85001
3093	288.98999
3094	289.07999
3095	289.14001
3096	289.01001
3097	288.98999
3098	289.04999
3099	288.95001
3100	288.91
3101	288.95001
3102	288.95001
3103	288.91
3104	288.97
3105	289.04999
3106	289.04999
3107	289.10001
3108	289.17999
3109	289.07999
3110	288.91
3111	288.76001
3112	288.35999
3113	288.35999
3114	287.89999
3115	287.72
3116	287.76001
3117	287.42001
3118	287.20999
3119	287.19
3120	287.26001
3121	287.53
3122	287.48999
3123	287.34
3124	287.60999
3125	287.72
3126	287.88
3127	287.82001
3128	287.72
3129	287.59
3130	287.26001
3131	286.70999
3132	286.57001
3133	285.88
3134	285.51999
3135	284.73001
3136	284.17999
3137	283.54999
3138	283.54999
3139	283.28
3140	283.04999
3141	282.92999
3142	282.89001
3143	283.09
3144	283.37
3145	283.37
3146	283.70001
3147	283.97
3148	284.12
3149	284.22
3150	284.41
3151	284.64001
3152	284.64001
3153	285.01999
3154	285.25
3155	285.26999
3156	285.42001
3157	285.57999
3158	285.67001
3159	285.73001
3160	285.82999
3161	285.82999
3162	285.81
3163	285.85001
3164	286.04001
3165	286.04001
3166	286.13
3167	286.06
3168	286.06
3169	286.20999
3170	286.34
3171	286.35999
3172	286.38
3173	286.38
3174	286.34
3175	286.38
3176	286.45999
3177	286.45999
3178	286.60999
3179	286.60999
3180	286.63
3181	286.69
3182	286.69
3183	286.73001
3184	286.73001
3185	286.76999
3186	286.79999
3187	286.75
3188	286.85999
3189	286.92001
3190	286.85999
3191	286.85999
3192	286.79999
3193	286.76999
3194	286.82001
3195	286.89999
3196	286.85999
3197	286.84
3198	286.76999
3199	286.84
3200	286.84
3201	286.89999
3202	286.84
3203	286.82001
3204	286.85999
3205	286.88
3206	286.88
3207	286.85999
3208	286.82001
3209	286.85999
3210	286.79999
3211	286.89999
3212	286.88
3213	286.88
3214	286.89999
3215	286.84
3216	286.84
3217	286.92001
3218	287.07001
3219	287.03
3220	286.98001
3221	287.07001
3222	287.10999
3223	287.10999
3224	287.01001
3225	287.03
3226	287.09
3227	287.14999
3228	287.13
3229	287.13
3230	287.14999
3231	287.19
3232	287.10999
3233	287.07001
3234	287.03
3235	287.04999
3236	287.07001
3237	287.13
3238	287.07001
3239	287.14999
3240	287.04999
3241	287.09
3242	287.07001
3243	286.95999
3244	287.09
3245	287.10999
3246	287.03
3247	286.95999
3248	286.95999
3249	287.04999
3250	287.07001
3251	287.01001
3252	286.95999
3253	286.95999
3254	287.01001
3255	287.01001
3256	287.13
3257	287.03
3258	287.09
3259	287.07001
3260	287.09
3261	287.13
3262	287.07001
3263	287.07001
3264	287.04999
3265	287.09
3266	287.10999
3267	287.19
3268	287.19
3269	287.17001
3270	287.26001
3271	287.14999
3272	287.13
3273	287.17001
3274	287.07001
3275	287.04999
3276	287.09
3277	286.95999
3278	286.94
3279	287.03
3280	287.07001
3281	287.04999
3282	287.13
3283	287.10999
3284	287.07001
3285	287.14999
3286	287.19
3287	287.19
3288	286.98001
3289	286.89999
3290	286.85999
3291	286.94
3292	286.95999
3293	286.94
3294	286.94
3295	286.85999
3296	286.89999
3297	286.88
3298	286.98001
3299	287.17001
3300	287.14999
3301	287.13
3302	287.14999
3303	287.14999
3304	287.09
3305	287.09
3306	287.13
3307	287.14999
3308	287.14999
3309	287.09
3310	287.03
3311	287.03
3312	287.09
3313	286.98001
3314	287.07001
3315	287.03
3316	287.04999
3317	287.09
3318	287.14999
3319	287.14999
3320	287.07001
3321	286.95999
3322	286.95999
3323	286.94
3324	286.94
3325	286.95999
3326	286.95999
3327	287.01001
3328	287.03
3329	287.01001
3330	287.04999
3331	287.04999
3332	287.13
3333	287.13
3334	287.10999
3335	287.04999
3336	287.01001
3337	287.03
3338	287.14999
3339	287.20999
3340	287.28
3341	287.28
3342	287.17001
3343	287.19
3344	287.19
3345	287.23999
3346	287.20999
3347	287.26001
3348	287.23999
3349	287.19
3350	287.09
3351	287.09
3352	287.13
3353	287.10999
3354	287.19
3355	287.13
3356	287.13
3357	287.04999
3358	287.04999
3359	287.03
3360	287.01001
3361	286.94
3362	286.92001
3363	286.85999
3364	286.84
3365	286.84
3366	287.04999
3367	287.04999
3368	287.09
3369	287.13
3370	287.17001
3371	287.14999
3372	287.20999
3373	287.14999
3374	287.14999
3375	287.14999
3376	287.19
3377	287.28
3378	287.19
3379	287.19
3380	287.17001
3381	287.17001
3382	287.09
3383	287.04999
3384	286.98001
3385	286.98001
3386	286.95999
3387	287.07001
3388	286.98001
3389	287.04999
3390	287.04999
3391	287.03
3392	287.07001
3393	287.03
3394	287.01001
3395	287.01001
3396	286.95999
3397	286.95999
3398	287.10999
3399	287.09
3400	287.10999
3401	287.19
3402	287.07001
3403	287.03
3404	287.03
3405	287.17001
3406	287.17001
3407	287.14999
3408	286.94
3409	286.84
3410	286.75
3411	286.73001
3412	286.79999
3413	286.85999
3414	286.88
3415	286.92001
3416	286.95999
3417	287.07001
3418	287.10999
3419	287.38
3420	287.47
3421	287.60999
3422	287.79999
3423	287.89999
3424	288.16
3425	288.22
3426	288.34
3427	288.35999
3428	288.42999
3429	288.42999
3430	288.28
3431	288.35999
3432	288.51001
3433	288.70001
3434	288.67999
3435	288.64001
3436	288.64001
3437	288.48999
3438	288.47
3439	288.57001
3440	288.70001
3441	288.79999
3442	288.72
3443	288.73999
3444	288.76001
3445	288.62
3446	288.62
3447	288.64001
3448	288.51001
3449	288.41
3450	288.42999
3451	288.51001
3452	288.51001
3453	288.47
3454	288.54999
3455	288.51001
3456	288.53
3457	288.54999
3458	288.57001
3459	288.48999
3460	288.47
3461	288.47
3462	288.62
3463	288.53
3464	288.62
3465	288.67999
3466	288.72
3467	288.70001
3468	288.70001
3469	288.51001
3470	288.51001
3471	288.51001
3472	288.51001
3473	288.54999
3474	288.64001
3475	288.64001
3476	288.64001
3477	288.53
3478	288.62
3479	288.62
3480	288.51001
3481	288.59
3482	288.54999
3483	288.67999
3484	288.67999
3485	288.48999
3486	288.62
3487	288.67999
3488	288.72
3489	288.73999
3490	288.76001
3491	288.66
3492	288.48999
3493	288.34
3494	288.34
3495	288.35999
3496	288.35999
3497	288.32001
3498	288.29999
3499	288.45001
3500	288.45001
3501	288.57001
3502	288.66
3503	288.73999
3504	288.78
3505	288.78
3506	288.62
3507	288.62
3508	288.72
3509	288.67999
3510	288.70001
3511	288.76001
3512	288.73999
3513	288.78
3514	288.79999
3515	288.85001
3516	288.92999
3517	288.85001
3518	288.72
3519	288.66
3520	288.64001
3521	288.72
3522	288.87
3523	288.85001
3524	288.76001
3525	288.62
3526	288.53
3527	288.54999
3528	288.53
3529	288.64001
3530	288.87
3531	288.91
3532	288.76001
3533	288.67999
3534	288.57001
3535	288.64001
3536	288.85001
3537	288.78
3538	288.78
3539	288.78
3540	288.78
3541	288.82001
3542	288.73999
3543	288.72
3544	288.72
3545	288.66
3546	288.66
3547	288.67999
3548	288.66
3549	288.57001
3550	288.54999
3551	288.59
3552	288.59
3553	288.59
3554	288.66
3555	288.66
3556	288.78
3557	288.89001
3558	288.95001
3559	288.87
3560	288.85001
3561	288.91
3562	288.92999
3563	288.76001
3564	288.57001
3565	288.67999
3566	288.72
3567	288.67999
3568	288.62
3569	288.64001
3570	288.76001
3571	288.76001
3572	288.76001
3573	288.73999
3574	288.73999
3575	288.53
3576	288.66
3577	288.72
3578	288.72
3579	288.72
3580	288.51001
3581	288.42999
3582	288.54999
3583	288.54999
3584	288.64001
3585	288.64001
3586	288.34
3587	288.10999
3588	288.04999
3589	287.92999
3590	287.63
3591	287.42001
3592	287.20999
3593	287.14999
3594	287.26001
3595	287.38
3596	287.47
3597	287.44
3598	287.60999
3599	287.64999
3600	287.60999
3601	287.60999
3602	287.47
3603	287.09
3604	286.85999
3605	286.29001
3606	286.04001
3607	285.35001
3608	284.64001
3609	283.89001
3610	283.89001
3611	283.16
3612	282.97
3613	282.91
3614	282.82001
3615	282.92999
3616	283.09
3617	283.09
3618	283.47
3619	283.64001
3620	283.70001
3621	283.81
3622	284.06
3623	284.14001
3624	284.26999
3625	284.67999
3626	284.89001
3627	285.01999
3628	285.16
3629	285.25
3630	285.29001
3631	285.29001
3632	285.45999
3633	285.44
3634	285.60001
3635	285.67001
3636	285.75
3637	285.75
3638	285.79001
3639	285.75
3640	285.81
3641	285.88
3642	285.88
3643	286.07999
3644	286.13
3645	286.17001
3646	286.23001
3647	286.19
3648	286.25
3649	286.25
3650	286.19
3651	286.23001
3652	286.23001
3653	286.25
3654	286.29001
3655	286.29001
3656	286.29001
3657	286.26999
3658	286.35999
3659	286.42001
3660	286.5
3661	286.48001
3662	286.5
3663	286.51999
3664	286.45999
3665	286.54001
3666	286.51999
3667	286.51999
3668	286.57001
3669	286.64999
3670	286.64999
3671	286.67001
3672	286.69
3673	286.73001
3674	286.70999
3675	286.76999
3676	286.76999
3677	286.73001
3678	286.82001
3679	286.76999
3680	286.67001
3681	286.67001
3682	286.5
3683	286.54001
3684	286.51999
3685	286.59
3686	286.64999
3687	286.64999
3688	286.64999
3689	286.69
3690	286.64999
3691	286.64999
3692	286.60999
3693	286.60999
3694	286.63
3695	286.63
3696	286.64999
3697	286.69
3698	286.64999
3699	286.57001
3700	286.5
3701	286.48001
3702	286.48001
3703	286.67001
3704	286.69
3705	286.69
3706	286.67001
3707	286.63
3708	286.67001
3709	286.63
3710	286.59
3711	286.63
3712	286.69
3713	286.69
3714	286.69
3715	286.67001
3716	286.63
3717	286.64999
3718	286.69
3719	286.64999
3720	286.64999
3721	286.63
3722	286.54001
3723	286.54001
3724	286.59
3725	286.57001
3726	286.63
3727	286.63
3728	286.64999
3729	286.59
3730	286.57001
3731	286.60999
3732	286.63
3733	286.60999
3734	286.69
3735	286.82001
3736	286.76999
3737	286.75
3738	286.60999
3739	286.67001
3740	286.63
3741	286.64999
3742	286.70999
3743	286.73001
3744	286.73001
3745	286.73001
3746	286.73001
3747	286.69
3748	286.69
3749	286.64999
3750	286.60999
3751	286.63
3752	286.63
3753	286.69
3754	286.64999
3755	286.64999
3756	286.63
3757	286.67001
3758	286.70999
3759	286.70999
3760	286.69
3761	286.69
3762	286.75
3763	286.73001
3764	286.69
3765	286.67001
3766	286.76999
3767	286.82001
3768	286.88
3769	286.88
3770	286.76999
3771	286.76999
3772	286.84
3773	286.79999
3774	286.76999
3775	286.73001
3776	286.82001
3777	286.84
3778	286.82001
3779	286.70999
3780	286.67001
3781	286.69
3782	286.64999
3783	286.5
3784	286.54001
3785	286.64999
3786	286.70999
3787	286.73001
3788	286.73001
3789	286.82001
3790	286.75
3791	286.75
3792	286.82001
3793	286.79999
3794	286.79999
3795	286.84
3796	286.88
3797	286.76999
3798	286.76999
3799	286.79999
3800	286.76999
3801	286.79999
3802	286.79999
3803	286.73001
3804	286.69
3805	286.73001
3806	286.70999
3807	286.73001
3808	286.70999
3809	286.69
3810	286.60999
3811	286.64999
3812	286.64999
3813	286.75
3814	286.73001
3815	286.70999
3816	286.75
3817	286.70999
3818	286.69
3819	286.70999
3820	286.75
3821	286.82001
3822	286.73001
3823	286.73001
3824	286.67001
3825	286.60999
3826	286.76999
3827	286.79999
3828	286.82001
3829	286.82001
3830	286.82001
3831	286.76999
3832	286.75
3833	286.75
3834	286.79999
3835	286.79999
3836	286.70999
3837	286.70999
3838	286.70999
3839	286.82001
3840	286.84
3841	286.79999
3842	286.69
3843	286.76999
3844	286.79999
3845	286.75
3846	286.76999
3847	286.69
3848	286.67001
3849	286.63
3850	286.70999
3851	286.70999
3852	286.69
3853	286.82001
3854	286.82001
3855	286.89999
3856	286.94
3857	287.03
3858	287.01001
3859	287.03
3860	287.04999
3861	287.03
3862	287.03
3863	287.01001
3864	287.03
3865	286.98001
3866	286.88
3867	286.94
3868	286.82001
3869	286.82001
3870	286.76999
3871	286.75
3872	286.76999
3873	286.75
3874	286.79999
3875	286.82001
3876	286.84
3877	286.82001
3878	286.88
3879	286.88
3880	286.94
3881	286.94
3882	286.82001
3883	286.67001
3884	286.45999
3885	286.44
3886	286.42001
3887	286.48001
3888	286.54001
3889	286.64999
3890	286.64999
3891	286.67001
3892	286.89999
3893	287.19
3894	287.19
3895	287.39999
3896	287.64999
3897	287.70001
3898	287.89999
3899	287.97
3900	288.03
3901	288.03
3902	288.09
3903	288.13
3904	288.17999
3905	288.13
3906	288.26001
3907	288.26001
3908	288.26001
3909	288.22
3910	288.23999
3911	288.13
3912	288.13
3913	288.10999
3914	288.10999
3915	288.26001
3916	288.51001
3917	288.48999
3918	288.48999
3919	288.45001
3920	288.41
3921	288.45001
3922	288.47
3923	288.53
3924	288.54999
3925	288.47
3926	288.54999
3927	288.51001
3928	288.59
3929	288.51001
3930	288.29999
3931	288.23999
3932	288.29999
3933	288.29999
3934	288.39001
3935	288.45001
3936	288.53
3937	288.41
3938	288.34
3939	288.28
3940	288.28
3941	288.28
3942	288.34
3943	288.42999
3944	288.42999
3945	288.20001
3946	288.29999
3947	288.23999
3948	288.34
3949	288.32001
3950	288.28
3951	288.41
3952	288.47
3953	288.47
3954	288.47
3955	288.48999
3956	288.47
3957	288.62
3958	288.57001
3959	288.53
3960	288.42999
3961	288.41
3962	288.34
3963	288.41
3964	288.42999
3965	288.35999
3966	288.35999
3967	288.23999
3968	288.09
3969	288.09
3970	288.01001
3971	287.92999
3972	287.92999
3973	288.10999
3974	288.23999
3975	288.28
3976	288.29999
3977	288.34
3978	288.39001
3979	288.39001
3980	288.47
3981	288.48999
3982	288.47
3983	288.29999
3984	288.22
3985	288.22
3986	288.28
3987	288.41
3988	288.45001
3989	288.47
3990	288.48999
3991	288.48999
3992	288.41
3993	288.39001
3994	288.41
3995	288.41
3996	288.51001
3997	288.54999
3998	288.51001
3999	288.51001
4000	288.35999
4001	288.26001
4002	288.17999
4003	288.29999
4004	288.29999
4005	288.42999
4006	288.42999
4007	288.39001
4008	288.48999
4009	288.51001
4010	288.47
4011	288.47
4012	288.34
4013	288.42999
4014	288.35999
4015	288.39001
4016	288.45001
4017	288.42999
4018	288.42999
4019	288.45001
4020	288.47
4021	288.47
4022	288.47
4023	288.42999
4024	288.39001
4025	288.47
4026	288.57001
4027	288.62
4028	288.73999
4029	288.70001
4030	288.62
4031	288.54999
4032	288.51001
4033	288.42999
4034	288.47
4035	288.62
4036	288.62
4037	288.54999
4038	288.62
4039	288.64001
4040	288.57001
4041	288.59
4042	288.53
4043	288.53
4044	288.47
4045	288.42999
4046	288.42999
4047	288.39001
4048	288.34
4049	288.34
4050	288.34
4051	288.39001
4052	288.42999
4053	288.45001
4054	288.41
4055	288.45001
4056	288.34
4057	288.41
4058	288.39001
4059	288.26001
4060	288.04999
4061	287.73999
4062	287.59
4063	287.54999
4064	287.39999
4065	286.89999
4066	286.92001
4067	287.14999
4068	287.38
4069	287.44
4070	287.57001
4071	287.54999
4072	287.67001
4073	287.70001
4074	287.60999
4075	287.60999
4076	287.34
4077	287.04999
4078	286.82001
4079	286.17001
4080	285.45999
4081	284.67999
4082	284.67999
4083	283.64001
4084	283.16
4085	282.95001
4086	282.73999
4087	282.78
4088	282.91
4089	282.91
4090	283.17999
4091	283.29999
4092	283.28
4093	283.54999
4094	283.72
4095	283.85001
4096	283.91
4097	284.31
4098	284.41
4099	284.56
4100	284.76999
4101	284.87
4102	284.95999
4103	284.95999
4104	285.06
4105	285.12
4106	285.14001
4107	285.29001
4108	285.29001
4109	285.39001
4110	285.48001
4111	285.67001
4112	285.73001
4113	285.82999
4114	285.82999
4115	286.04001
4116	286.07999
4117	286.06
4118	286.07999
4119	286.10999
4120	286.10999
4121	286.10999
4122	286.06
4123	286.06
4124	286.13
4125	286.26999
4126	286.20999
4127	286.26999
4128	286.23001
4129	286.29001
4130	286.25
4131	286.29001
4132	286.31
4133	286.38
4134	286.42001
4135	286.44
4136	286.45999
4137	286.42001
4138	286.35999
4139	286.26999
4140	286.20999
4141	286.19
4142	286.19
4143	286.25
4144	286.29001
4145	286.35999
4146	286.35999
4147	286.48001
4148	286.5
4149	286.51999
4150	286.54001
4151	286.48001
4152	286.5
4153	286.5
4154	286.54001
4155	286.48001
4156	286.5
4157	286.48001
4158	286.51999
4159	286.60999
4160	286.60999
4161	286.67001
4162	286.59
4163	286.59
4164	286.57001
4165	286.59
4166	286.59
4167	286.63
4168	286.57001
4169	286.63
4170	286.57001
4171	286.44
4172	286.57001
4173	286.60999
4174	286.67001
4175	286.70999
4176	286.76999
4177	286.64999
4178	286.64999
4179	286.67001
4180	286.69
4181	286.69
4182	286.64999
4183	286.57001
4184	286.44
4185	286.44
4186	286.5
4187	286.54001
4188	286.64999
4189	286.60999
4190	286.59
4191	286.57001
4192	286.57001
4193	286.59
4194	286.59
4195	286.64999
4196	286.75
4197	286.79999
4198	286.70999
4199	286.82001
4200	286.75
4201	286.82001
4202	286.82001
4203	286.67001
4204	286.67001
4205	286.70999
4206	286.69
4207	286.54001
4208	286.57001
4209	286.51999
4210	286.59
4211	286.59
4212	286.63
4213	286.64999
4214	286.63
4215	286.75
4216	286.69
4217	286.51999
4218	286.45999
4219	286.44
4220	286.42001
4221	286.45999
4222	286.45999
4223	286.51999
4224	286.51999
4225	286.5
4226	286.45999
4227	286.48001
4228	286.34
4229	286.38
4230	286.48001
4231	286.48001
4232	286.57001
4233	286.69
4234	286.69
4235	286.64999
4236	286.57001
4237	286.59
4238	286.54001
4239	286.63
4240	286.67001
4241	286.69
4242	286.63
4243	286.69
4244	286.69
4245	286.64999
4246	286.60999
4247	286.60999
4248	286.54001
4249	286.59
4250	286.59
4251	286.63
4252	286.59
4253	286.60999
4254	286.54001
4255	286.44
4256	286.44
4257	286.42001
4258	286.38
4259	286.42001
4260	286.39999
4261	286.45999
4262	286.38
4263	286.38
4264	286.35999
4265	286.38
4266	286.39999
4267	286.5
4268	286.69
4269	286.63
4270	286.63
4271	286.54001
4272	286.51999
4273	286.5
4274	286.54001
4275	286.51999
4276	286.59
4277	286.57001
4278	286.60999
4279	286.60999
4280	286.45999
4281	286.45999
4282	286.44
4283	286.54001
4284	286.38
4285	286.42001
4286	286.54001
4287	286.54001
4288	286.59
4289	286.51999
4290	286.44
4291	286.44
4292	286.51999
4293	286.44
4294	286.44
4295	286.44
4296	286.45999
4297	286.42001
4298	286.5
4299	286.5
4300	286.45999
4301	286.5
4302	286.5
4303	286.39999
4304	286.39999
4305	286.45999
4306	286.51999
4307	286.5
4308	286.51999
4309	286.5
4310	286.5
4311	286.57001
4312	286.48001
4313	286.42001
4314	286.35999
4315	286.29001
4316	286.38
4317	286.38
4318	286.35999
4319	286.44
4320	286.5
4321	286.51999
4322	286.54001
4323	286.54001
4324	286.60999
4325	286.51999
4326	286.44
4327	286.44
4328	286.45999
4329	286.5
4330	286.45999
4331	286.42001
4332	286.31
4333	286.34
4334	286.34
4335	286.38
4336	286.42001
4337	286.44
4338	286.5
4339	286.48001
4340	286.35999
4341	286.35999
4342	286.35999
4343	286.39999
4344	286.45999
4345	286.45999
4346	286.39999
4347	286.39999
4348	286.38
4349	286.39999
4350	286.26999
4351	286.14999
4352	286.34
4353	286.38
4354	286.51999
4355	286.44
4356	286.29001
4357	286.14999
4358	285.98001
4359	285.92001
4360	285.95999
4361	286.06
4362	286.14999
4363	286.26999
4364	286.35999
4365	286.73001
4366	286.73001
4367	287.26001
4368	287.48999
4369	287.60999
4370	287.82001
4371	287.89999
4372	287.73999
4373	287.73999
4374	287.79999
4375	287.84
4376	287.84
4377	287.89999
4378	287.82001
4379	287.85999
4380	287.89999
4381	288.01001
4382	287.92999
4383	287.89999
4384	288.01001
4385	287.92999
4386	287.95001
4387	287.89999
4388	287.97
4389	287.97
4390	287.84
4391	287.88
4392	287.92999
4393	287.98999
4394	287.97
4395	288.09
4396	287.95001
4397	288.01001
4398	288.17999
4399	288.22
4400	288.28
4401	288.28
4402	288.29999
4403	288.29999
4404	288.41
4405	288.41
4406	288.32001
4407	288.22
4408	288.17999
4409	288.26001
4410	288.22
4411	288.28
4412	288.28
4413	288.29999
4414	288.10999
4415	288.17999
4416	288.17999
4417	288.10999
4418	288.04999
4419	288.03
4420	288.17999
4421	288.20001
4422	288.16
4423	288.04999
4424	288.07001
4425	288.04999
4426	287.97
4427	288.03
4428	288.13
4429	288.13
4430	288.22
4431	288.20001
4432	288.20001
4433	288.16
4434	288.26001
4435	288.20001
4436	288.13
4437	288.13
4438	288.17999
4439	288.26001
4440	288.20001
4441	288.13
4442	288.22
4443	288.28
4444	288.28
4445	288.22
4446	288.16
4447	288.17999
4448	288.22
4449	288.01001
4450	288.10999
4451	288.13
4452	288.22
4453	288.41
4454	288.48999
4455	288.48999
4456	288.41
4457	288.39001
4458	288.32001
4459	288.28
4460	288.32001
4461	288.32001
4462	288.35999
4463	288.34
4464	288.41
4465	288.39001
4466	288.35999
4467	288.32001
4468	288.41
4469	288.42999
4470	288.28
4471	288.10999
4472	288.10999
4473	288.13
4474	288.04999
4475	288.10999
4476	288.10999
4477	288.16
4478	288.03
4479	287.98999
4480	288.01001
4481	288.07001
4482	288.20001
4483	288.20001
4484	288.34
4485	288.23999
4486	288.26001
4487	288.35999
4488	288.39001
4489	288.39001
4490	288.47
4491	288.34
4492	288.35999
4493	288.42999
4494	288.51001
4495	288.41
4496	288.29999
4497	288.28
4498	288.10999
4499	288.10999
4500	288.17999
4501	288.17999
4502	288.20001
4503	288.26001
4504	288.22
4505	288.26001
4506	288.34
4507	288.45001
4508	288.45001
4509	288.47
4510	288.34
4511	288.35999
4512	288.39001
4513	288.22
4514	288.10999
4515	288.10999
4516	287.92999
4517	287.97
4518	288.07001
4519	288.23999
4520	288.26001
4521	288.23999
4522	288.23999
4523	288.03
4524	288.04999
4525	288.07001
4526	288.09
4527	288.22
4528	288.22
4529	288.22
4530	288.17999
4531	288.20001
4532	288.22
4533	287.98999
4534	287.79999
4535	287.42001
4536	287.39999
4537	287.17001
4538	286.82001
4539	286.60999
4540	286.75
4541	286.89999
4542	287.01001
4543	287.04999
4544	287.04999
4545	287.19
4546	287.17001
4547	287.17001
4548	287.10999
4549	287.03
4550	286.88
4551	286.44
4552	285.85001
4553	285.23001
4554	285.23001
4555	284.23999
4556	283.54999
4557	283.22
4558	282.72
4559	282.45001
4560	282.29999
4561	282.34
4562	282.35999
4563	282.39999
4564	282.38
4565	282.67999
4566	282.85999
4567	282.97
4568	283.01001
4569	283.42999
4570	283.54999
4571	283.72
4572	283.87
4573	283.92999
4574	284.10001
4575	284.10001
4576	284.23999
4577	284.32999
4578	284.56
4579	284.56
4580	284.73001
4581	284.81
4582	284.82999
4583	285
4584	285.04001
4585	285.07999
4586	285.07999
4587	285.06
4588	285.10001
4589	285.19
4590	285.20999
4591	285.20999
4592	285.26999
4593	285.26999
4594	285.48001
4595	285.60001
4596	285.60001
4597	285.69
4598	285.73001
4599	285.73001
4600	285.75
4601	285.75
4602	285.82999
4603	285.82999
4604	285.85001
4605	285.94
4606	285.88
4607	285.88
4608	285.85001
4609	285.81
4610	285.81
4611	285.79001
4612	285.81
4613	285.81
4614	285.81
4615	285.82999
4616	285.76999
4617	285.79001
4618	285.79001
4619	285.81
4620	285.79001
4621	285.76999
4622	285.82999
4623	285.85001
4624	285.92001
4625	285.92001
4626	285.85001
4627	285.85001
4628	285.82999
4629	285.89999
4630	286
4631	286.01999
4632	286.06
4633	286.20999
4634	286.14999
4635	286.13
4636	286.17001
4637	286.10999
4638	286.10999
4639	286.13
4640	286.13
4641	286.07999
4642	286
4643	285.95999
4644	285.95999
4645	285.95999
4646	286
4647	286.07999
4648	286.17001
4649	286.01999
4650	286.01999
4651	285.95999
4652	286
4653	285.98001
4654	286.07999
4655	286.10999
4656	286.13
4657	286.13
4658	286.23001
4659	286.13
4660	286.13
4661	286.17001
4662	286.13
4663	286.17001
4664	286.17001
4665	286.07999
4666	286.01999
4667	286.04001
4668	286
4669	286.06
4670	286.01999
4671	285.95999
4672	285.88
4673	285.95999
4674	285.95999
4675	286.01999
4676	286
4677	286.10999
4678	286.06
4679	286.01999
4680	286.04001
4681	286.01999
4682	286.13
4683	286.10999
4684	286.19
4685	286.10999
4686	286.10999
4687	286.14999
4688	286.29001
4689	286.29001
4690	286.29001
4691	286.23001
4692	286.14999
4693	286.17001
4694	286.19
4695	286.19
4696	286.19
4697	286.10999
4698	286.07999
4699	286.07999
4700	286.10999
4701	286.07999
4702	286.04001
4703	286.07999
4704	286.06
4705	286.04001
4706	286.06
4707	285.98001
4708	286.04001
4709	285.94
4710	285.94
4711	286.04001
4712	286.04001
4713	286.07999
4714	286.01999
4715	285.95999
4716	285.94
4717	285.98001
4718	286.01999
4719	286.06
4720	286.06
4721	286.13
4722	286.25
4723	286.17001
4724	286.17001
4725	286.06
4726	286.01999
4727	286
4728	286
4729	285.95999
4730	285.95999
4731	286.06
4732	286.10999
4733	286.04001
4734	286.07999
4735	286.07999
4736	286.17001
4737	286.26999
4738	286.29001
4739	286.19
4740	286.25
4741	286.26999
4742	286.29001
4743	286.23001
4744	286.20999
4745	286.23001
4746	286.23001
4747	286.25
4748	286.17001
4749	286.20999
4750	286.20999
4751	286.19
4752	286.25
4753	286.20999
4754	286.17001
4755	286.07999
4756	286.10999
4757	286.04001
4758	286.04001
4759	286.01999
4760	286.01999
4761	286.19
4762	286.25
4763	286.26999
4764	286.34
4765	286.31
4766	286.31
4767	286.31
4768	286.26999
4769	286.29001
4770	286.34
4771	286.23001
4772	286.14999
4773	286.25
4774	286.19
4775	286.17001
4776	286.13
4777	286.13
4778	286.20999
4779	286.13
4780	286.14999
4781	286.07999
4782	286.19
4783	286.29001
4784	286.25
4785	286.20999
4786	286.20999
4787	286.19
4788	286.19
4789	286.19
4790	286.10999
4791	286.07999
4792	286.07999
4793	286.17001
4794	286.10999
4795	286.14999
4796	286.17001
4797	286.20999
4798	286.25
4799	286.25
4800	286.17001
4801	286.20999
4802	286.19
4803	285.98001
4804	286.01999
4805	286.17001
4806	286.17001
4807	286.01999
4808	286.14999
4809	286.17001
4810	286.13
4811	286.17001
4812	286.14999
4813	286.13
4814	286.19
4815	286.29001
4816	286.25
4817	286.23001
4818	286.20999
4819	286.19
4820	286.13
4821	286.17001
4822	286.13
4823	286.10999
4824	286.10999
4825	286.23001
4826	286.26999
4827	286.26999
4828	286.25
4829	286.10999
4830	286.04001
4831	286.04001
4832	285.81
4833	285.81
4834	285.82999
4835	285.98001
4836	286.07999
4837	286.26999
4838	286.26999
4839	286.70999
4840	287.09
4841	287.10999
4842	287.10999
4843	287.29999
4844	287.51001
4845	287.51001
4846	287.79999
4847	287.82001
4848	287.76001
4849	287.79999
4850	287.70001
4851	287.72
4852	287.67001
4853	287.57001
4854	287.51001
4855	287.60999
4856	287.76001
4857	287.78
4858	288.03
4859	288.09
4860	288.20001
4861	288.20001
4862	288.04999
4863	287.97
4864	288.04999
4865	287.95001
4866	287.98999
4867	287.88
4868	288.10999
4869	288.07001
4870	288.07001
4871	287.98999
4872	288.01001
4873	288.03
4874	288.04999
4875	288.01001
4876	287.89999
4877	287.89999
4878	287.84
4879	287.79999
4880	288.01001
4881	288.09
4882	288.03
4883	288.09
4884	288.09
4885	288.10999
4886	288.13
4887	288.16
4888	288.09
4889	288.09
4890	288.10999
4891	288.20001
4892	288.29999
4893	288.22
4894	288.16
4895	288.22
4896	288.20001
4897	288.13
4898	288.01001
4899	287.97
4900	288.03
4901	287.92999
4902	287.92999
4903	287.95001
4904	288.20001
4905	288.22
4906	288.22
4907	288.28
4908	288.28
4909	288.28
4910	288.22
4911	288.10999
4912	288.09
4913	287.95001
4914	287.97
4915	288.10999
4916	288.10999
4917	288.13
4918	288.09
4919	287.98999
4920	287.85999
4921	287.73999
4922	287.72
4923	287.63
4924	287.76001
4925	287.72
4926	287.53
4927	287.53
4928	287.59
4929	287.85999
4930	287.95001
4931	288.09
4932	288.09
4933	288.10999
4934	287.97
4935	287.95001
4936	287.95001
4937	288.04999
4938	288.04999
4939	287.88
4940	287.82001
4941	287.82001
4942	287.78
4943	287.84
4944	287.92999
4945	287.97
4946	287.98999
4947	288.03
4948	288.03
4949	288.20001
4950	288.23999
4951	288.26001
4952	288.20001
4953	288.10999
4954	288.10999
4955	288.10999
4956	287.95001
4957	288.03
4958	288.01001
4959	288.17999
4960	288.17999
4961	288.13
4962	288.13
4963	288.09
4964	288.10999
4965	288.16
4966	288.16
4967	288.10999
4968	288.04999
4969	288.01001
4970	288.07001
4971	288.04999
4972	288.10999
4973	288.10999
4974	288.16
4975	288.01001
4976	287.97
4977	287.95001
4978	287.98999
4979	288.07001
4980	288.07001
4981	288.20001
4982	288.16
4983	288.09
4984	288.17999
4985	288.22
4986	288.23999
4987	288.23999
4988	288.20001
4989	288.20001
4990	288.20001
4991	288.13
4992	288.10999
4993	288.10999
4994	288.13
4995	288.01001
4996	287.97
4997	287.79999
4998	287.79999
4999	287.88
5000	287.84
5001	287.84
5002	288.04999
5003	288.07001
5004	288.16
5005	288.09
5006	287.95001
5007	287.64999
5008	287.53
5009	287.38
5010	287.23999
5011	286.89999
5012	286.89999
5013	286.63
5014	286.64999
5015	286.64999
5016	286.70999
5017	286.79999
5018	286.89999
5019	286.89999
5020	286.88
5021	286.85999
5022	286.82001
5023	286.70999
5024	286.35999
5025	286.13
5026	285.88
5027	284.91
5028	284.26999
5029	283.92999
5030	283.39001
5031	282.89001
5032	282.70001
5033	282.54999
5034	282.38
5035	282.34
5036	282.35999
5037	282.57001
5038	282.60999
5039	282.82001
5040	282.95001
5041	283.20001
5042	283.32001
5043	283.42999
5044	283.73999
5045	283.89001
5046	284.04001
5047	284.17999
5048	284.39001
5049	284.47
5050	284.47
5051	284.47
5052	284.62
5053	284.64001
5054	284.75
5055	284.89001
5056	285.06
5057	285.14001
5058	285.14001
5059	285.31
5060	285.37
5061	285.44
5062	285.48001
5063	285.5
5064	285.57999
5065	285.51999
5066	285.5
5067	285.5
5068	285.48001
5069	285.60001
5070	285.64999
5071	285.64999
5072	285.67001
5073	285.82999
5074	285.76999
5075	285.81
5076	285.75
5077	285.64999
5078	285.57999
5079	285.54001
5080	285.60001
5081	285.67001
5082	285.57999
5083	285.57999
5084	285.64999
5085	285.85001
5086	285.82999
5087	285.92001
5088	285.95999
5089	285.89999
5090	285.89999
5091	285.94
5092	286
5093	285.95999
5094	285.94
5095	285.95999
5096	285.95999
5097	285.95999
5098	285.94
5099	286
5100	285.95999
5101	285.85001
5102	285.94
5103	285.94
5104	285.92001
5105	285.82999
5106	285.81
5107	285.79001
5108	285.73001
5109	285.73001
5110	285.79001
5111	285.85001
5112	285.98001
5113	286.04001
5114	286.06
5115	286.07999
5116	286.14999
5117	285.98001
5118	285.94
5119	285.82999
5120	285.79001
5121	285.89999
5122	285.89999
5123	285.98001
5124	285.94
5125	285.98001
5126	286.07999
5127	286.19
5128	286.17001
5129	286.17001
5130	286.10999
5131	286
5132	285.95999
5133	285.95999
5134	285.89999
5135	285.89999
5136	285.89999
5137	285.98001
5138	286.01999
5139	286
5140	286.04001
5141	286.14999
5142	286.17001
5143	286.06
5144	286.10999
5145	286.13
5146	286.13
5147	286.13
5148	286.01999
5149	286.01999
5150	286.06
5151	286.07999
5152	286.04001
5153	286.04001
5154	286.04001
5155	286.10999
5156	286.13
5157	286.14999
5158	286.14999
5159	286.04001
5160	286.17001
5161	286.17001
5162	286.20999
5163	286.19
5164	286.23001
5165	286.23001
5166	286.20999
5167	286.25
5168	286.25
5169	286.19
5170	286.25
5171	286.23001
5172	286.35999
5173	286.35999
5174	286.31
5175	286.26999
5176	286.31
5177	286.23001
5178	286.19
5179	286.14999
5180	286.14999
5181	286.17001
5182	286.13
5183	286.25
5184	286.26999
5185	286.29001
5186	286.19
5187	286.13
5188	286.06
5189	286.04001
5190	285.98001
5191	285.92001
5192	286
5193	286
5194	286.06
5195	286.10999
5196	286.13
5197	286.13
5198	286.14999
5199	286.19
5200	286.19
5201	286.13
5202	286.06
5203	286.04001
5204	286.07999
5205	286.14999
5206	286.13
5207	286.07999
5208	285.98001
5209	285.94
5210	285.98001
5211	285.95999
5212	285.95999
5213	286.01999
5214	286.01999
5215	286.07999
5216	286.14999
5217	286.17001
5218	286.07999
5219	286.19
5220	286.31
5221	286.34
5222	286.31
5223	286.20999
5224	286.14999
5225	286.20999
5226	286.20999
5227	286.25
5228	286.29001
5229	286.31
5230	286.29001
5231	286.10999
5232	286.10999
5233	286.04001
5234	286.13
5235	286.19
5236	286.29001
5237	286.25
5238	286.14999
5239	286.14999
5240	286.14999
5241	286.13
5242	286.13
5243	286.10999
5244	286.07999
5245	286.04001
5246	286.06
5247	286.07999
5248	286.14999
5249	286.14999
5250	286.04001
5251	286.07999
5252	286.10999
5253	286.13
5254	286.14999
5255	286.10999
5256	286.13
5257	286.25
5258	286.31
5259	286.25
5260	286.23001
5261	286.20999
5262	286.38
5263	286.35999
5264	286.35999
5265	286.26999
5266	286.17001
5267	286.14999
5268	286.10999
5269	286.20999
5270	286.14999
5271	286.14999
5272	286.26999
5273	286.29001
5274	286.25
5275	286.17001
5276	286.23001
5277	286.25
5278	286.25
5279	286.14999
5280	286.23001
5281	286.19
5282	286.20999
5283	286.26999
5284	286.26999
5285	286.26999
5286	286.19
5287	286.23001
5288	286.34
5289	286.25
5290	286.25
5291	286.17001
5292	286.23001
5293	286.17001
5294	286.19
5295	286.19
5296	286.17001
5297	286.17001
5298	286.10999
5299	286.13
5300	286.06
5301	286.14999
5302	286.04001
5303	286.04001
5304	285.79001
5305	285.79001
5306	285.81
5307	285.88
5308	285.98001
5309	286
5310	286
5311	286.10999
5312	286.45999
5313	286.60999
5314	286.94
5315	287.17001
5316	287.09
5317	287.13
5318	287.23999
5319	287.32001
5320	287.54999
5321	287.78
5322	287.85999
5323	287.95001
5324	287.89999
5325	287.78
5326	287.79999
5327	287.73999
5328	287.78
5329	287.76001
5330	287.84
5331	287.82001
5332	287.73999
5333	287.64999
5334	287.70001
5335	287.70001
5336	287.92999
5337	287.88
5338	287.92999
5339	287.92999
5340	287.85999
5341	287.92999
5342	287.92999
5343	288.01001
5344	287.89999
5345	287.82001
5346	287.73999
5347	287.67001
5348	287.70001
5349	287.70001
5350	287.85999
5351	287.92999
5352	287.97
5353	287.85999
5354	287.84
5355	287.82001
5356	287.73999
5357	287.95001
5358	287.95001
5359	288.04999
5360	288.07001
5361	288.04999
5362	288.03
5363	288.01001
5364	288.01001
5365	288.10999
5366	288.17999
5367	288.22
5368	288.22
5369	288.10999
5370	288.03
5371	287.95001
5372	287.98999
5373	287.97
5374	287.97
5375	288.13
5376	288.13
5377	288.13
5378	288.01001
5379	287.98999
5380	287.98999
5381	287.98999
5382	287.92999
5383	287.89999
5384	287.84
5385	287.98999
5386	287.95001
5387	287.89999
5388	287.89999
5389	287.97
5390	287.92999
5391	287.95001
5392	287.95001
5393	288.03
5394	288.04999
5395	288.07001
5396	288.20001
5397	288.16
5398	288.10999
5399	288.03
5400	287.95001
5401	287.89999
5402	287.85999
5403	288.10999
5404	287.89999
5405	287.92999
5406	287.92999
5407	287.92999
5408	287.97
5409	287.84
5410	287.73999
5411	287.73999
5412	287.78
5413	287.78
5414	288.10999
5415	288.16
5416	288.10999
5417	287.88
5418	287.76001
5419	287.72
5420	287.89999
5421	288.04999
5422	288.16
5423	288.26001
5424	288.13
5425	288.01001
5426	287.92999
5427	287.92999
5428	287.88
5429	287.92999
5430	288.01001
5431	287.98999
5432	287.97
5433	288.13
5434	288.16
5435	288.04999
5436	287.92999
5437	287.85999
5438	287.98999
5439	287.97
5440	287.92999
5441	287.92999
5442	287.78
5443	287.64999
5444	287.76001
5445	287.76001
5446	287.64999
5447	287.60999
5448	287.59
5449	287.57001
5450	287.63
5451	287.59
5452	287.59
5453	287.70001
5454	287.78
5455	287.76001
5456	287.88
5457	287.95001
5458	287.98999
5459	288.03
5460	288.07001
5461	288.01001
5462	288.04999
5463	287.92999
5464	287.89999
5465	287.88
5466	287.89999
5467	287.76001
5468	287.82001
5469	288.07001
5470	288.09
5471	288.13
5472	288.04999
5473	287.95001
5474	288.04999
5475	287.97
5476	288.04999
5477	288.04999
5478	288.04999
5479	287.67001
5480	287.54999
5481	287.20999
5482	287.04999
5483	286.98001
5484	286.98001
5485	286.63
5486	286.51999
5487	286.60999
5488	286.75
5489	286.89999
5490	287.03
5491	287.03
5492	287.04999
5493	287.09
5494	287.04999
5495	286.95999
5496	286.73001
5497	286.59
5498	286.42001
5499	285.64999
5500	285.32999
5501	284.67999
5502	283.97
5503	283.41
5504	283.20001
5505	282.98999
5506	282.45001
5507	282.39999
5508	282.35999
5509	282.28
5510	282.34
5511	282.45001
5512	282.54999
5513	282.73999
5514	283.01001
5515	283.22
5516	283.22
5517	283.37
5518	283.51001
5519	283.70001
5520	283.92999
5521	284.01001
5522	284.14001
5523	284.14001
5524	284.5
5525	284.62
5526	284.73001
5527	284.76999
5528	284.85001
5529	284.89001
5530	284.91
5531	285.12
5532	285.19
5533	285.23001
5534	285.23001
5535	285.42001
5536	285.37
5537	285.31
5538	285.26999
5539	285.31
5540	285.23001
5541	285.37
5542	285.42001
5543	285.5
5544	285.51999
5545	285.57999
5546	285.56
5547	285.60001
5548	285.64999
5549	285.64999
5550	285.73001
5551	285.73001
5552	285.73001
5553	285.73001
5554	285.75
5555	285.75
5556	285.67001
5557	285.62
5558	285.62
5559	285.69
5560	285.73001
5561	285.82999
5562	285.82999
5563	285.82999
5564	285.79001
5565	285.85001
5566	285.94
5567	285.88
5568	285.85001
5569	285.82999
5570	285.82999
5571	285.75
5572	285.79001
5573	285.89999
5574	285.82999
5575	285.81
5576	285.79001
5577	285.76999
5578	285.81
5579	285.95999
5580	286.04001
5581	286.06
5582	286.07999
5583	286.14999
5584	286.13
5585	286.06
5586	286.17001
5587	286.17001
5588	286.01999
5589	285.98001
5590	285.95999
5591	286.10999
5592	286.10999
5593	286.07999
5594	286.07999
5595	286.06
5596	286.13
5597	286.14999
5598	286.10999
5599	285.95999
5600	286
5601	286
5602	286.06
5603	286.07999
5604	286.10999
5605	286.17001
5606	286.23001
5607	286.29001
5608	286.20999
5609	286.19
5610	286.13
5611	286.07999
5612	286.01999
5613	286.10999
5614	286
5615	285.98001
5616	285.94
5617	285.92001
5618	285.92001
5619	285.88
5620	285.94
5621	285.98001
5622	285.94
5623	285.94
5624	285.95999
5625	285.95999
5626	285.95999
5627	286.13
5628	286.19
5629	286.20999
5630	286.14999
5631	286.19
5632	286.14999
5633	286.14999
5634	286.06
5635	286.07999
5636	286.04001
5637	286.04001
5638	286.04001
5639	286.07999
5640	286.07999
5641	286.01999
5642	286.01999
5643	286.06
5644	286.04001
5645	286.13
5646	286.04001
5647	286.13
5648	286.06
5649	286.04001
5650	286.06
5651	286.06
5652	286.04001
5653	286
5654	285.98001
5655	285.98001
5656	285.85001
5657	285.89999
5658	285.89999
5659	286.07999
5660	286.01999
5661	286.06
5662	286.06
5663	286.04001
5664	286.01999
5665	286.01999
5666	286.06
5667	286.07999
5668	286.14999
5669	286.07999
5670	286.19
5671	286.13
5672	286.13
5673	286.13
5674	286.07999
5675	286.13
5676	286.01999
5677	286.06
5678	286.13
5679	286.20999
5680	286.17001
5681	286.13
5682	286.14999
5683	286.13
5684	286.14999
5685	286.17001
5686	286.19
5687	286.17001
5688	286.13
5689	286.17001
5690	286.19
5691	286.14999
5692	286.23001
5693	286.19
5694	286.17001
5695	286.19
5696	286.13
5697	286.13
5698	286
5699	286.07999
5700	286.07999
5701	286.13
5702	286.19
5703	286.10999
5704	286.10999
5705	286
5706	286.06
5707	286.14999
5708	286.14999
5709	286.23001