1	281.2999878
2	281.2999878
3	281.2099915
4	281.1099854
5	281.1499939
6	281.0400085
7	281.019989
8	281.0700073
9	281
10	280.9599915
11	280.9400024
12	281.019989
13	281.0400085
14	281.2099915
15	281.269989
16	281.230011
17	281.269989
18	281.3800049
19	281.4200134
20	281.4400024
21	281.480011
22	281.3999939
23	281.3599854
24	281.3599854
25	281.3800049
26	281.4599915
27	281.3800049
28	281.3399963
29	281.2099915
30	281.1700134
31	281.1700134
32	281.25
33	281.2999878
34	281.3999939
35	281.3399963
36	281.1900024
37	281.1099854
38	280.9599915
39	280.730011
40	280.75
41	280.8599854
42	280.9400024
43	281.0400085
44	281.0700073
45	281.1099854
46	281.230011
47	281.3800049
48	281.4200134
49	281.3800049
50	281.3999939
51	281.3800049
52	281.3999939
53	281.3200073
54	281.3200073
55	281.3599854
56	281.3599854
57	281.1900024
58	281.1700134
59	281.1300049
60	281.2099915
61	281.269989
62	281.3999939
63	281.3999939
64	281.5299988
65	281.5499878
66	281.6300049
67	281.5700073
68	281.4599915
69	281.480011
70	281.5
71	281.3800049
72	281.3999939
73	281.3999939
74	281.3999939
75	281.5700073
76	281.4599915
77	281.3800049
78	281.2999878
79	281.230011
80	281.3399963
81	281.3200073
82	281.3999939
83	281.4599915
84	281.480011
85	281.5299988
86	281.5
87	281.480011
88	281.5499878
89	281.5700073
90	281.6700134
91	281.5899963
92	281.5700073
93	281.4599915
94	281.3599854
95	281.3599854
96	281.4200134
97	281.5899963
98	281.6499939
99	281.7799988
100	281.7600098
101	281.7799988
102	281.7799988
103	281.6499939
104	281.6499939
105	281.6700134
106	281.7600098
107	281.7799988
108	281.8599854
109	281.8999939
110	282.2399902
111	282.3200073
112	282.4700012
113	282.6799927
114	282.9299927
115	283.0899963
116	283.2000122
117	283.8299866
118	283.9500122
119	284.1600037
120	284.3500061
121	284.2900085
122	284.3900146
123	284.3699951
124	284.5
125	284.6199951
126	284.769989
127	284.769989
128	285
129	285.019989
130	285
131	284.980011
132	285.1199951
133	285.2900085
134	285.2900085
135	285.519989
136	285.5400085
137	285.6000061
138	285.7099915
139	285.75
140	285.6900024
141	285.6900024
142	285.7099915
143	285.6900024
144	285.6499939
145	285.5799866
146	285.6199951
147	285.6499939
148	285.6499939
149	285.5599976
150	285.6199951
151	285.5799866
152	285.6499939
153	285.6199951
154	285.6900024
155	285.6499939
156	285.730011
157	285.6499939
158	285.5799866
159	285.5599976
160	285.5599976
161	285.6199951
162	285.75
163	285.8500061
164	285.9599915
165	286.019989
166	286.019989
167	286.019989
168	286.019989
169	286.0400085
170	286
171	286.1099854
172	286.019989
173	286.019989
174	285.8999939
175	285.9200134
176	285.9400024
177	285.9599915
178	286.019989
179	286.019989
180	285.980011
181	285.9400024
182	285.9200134
183	286.0400085
184	286.019989
185	285.980011
186	286
187	286.0799866
188	286.1900024
189	286.1900024
190	286.1900024
191	286.1300049
192	286.0400085
193	286.0599976
194	286.0599976
195	286.0400085
196	286.0799866
197	286.019989
198	286.019989
199	286
200	285.9599915
201	286.0599976
202	286.1300049
203	286.1099854
204	286.1099854
205	286.1099854
206	285.980011
207	286.019989
208	286.019989
209	286.019989
210	285.9599915
211	285.9200134
212	285.9200134
213	285.8999939
214	285.8099976
215	285.8299866
216	285.8299866
217	285.769989
218	285.7099915
219	285.7900085
220	285.7900085
221	285.8099976
222	285.8299866
223	285.9599915
224	286
225	286.1499939
226	286.1900024
227	286.1300049
228	286.1700134
229	286.1300049
230	286.0599976
231	286.019989
232	286.0799866
233	286.1300049
234	286.1300049
235	286.0799866
236	286.1499939
237	286.1499939
238	286.1300049
239	286.0799866
240	286.0599976
241	286.1099854
242	286.230011
243	286.230011
244	286.230011
245	286.25
246	286.2099915
247	286.1499939
248	286.1499939
249	286.1099854
250	286.1300049
251	286.2099915
252	286.1499939
253	286.0799866
254	286.0799866
255	286.1499939
256	286.1700134
257	286.1300049
258	286.1300049
259	286.1099854
260	286.0799866
261	286.1099854
262	286.230011
263	286.1900024
264	286.25
265	286.3399963
266	286.3599854
267	286.2900085
268	286.3399963
269	286.3399963
270	286.3599854
271	286.4200134
272	286.3599854
273	286.2900085
274	286.2099915
275	286.1099854
276	286.1099854
277	286.1700134
278	286.0799866
279	286.0599976
280	285.9599915
281	285.9400024
282	285.9200134
283	285.9200134
284	285.9400024
285	285.9400024
286	285.8299866
287	285.6199951
288	285.1900024
289	284.8900146
290	284.519989
291	282.9700012
292	282.2999878
293	280.8599854
294	279.25
295	278.5400085
296	277.2200012
297	276.6300049
298	275.1499939
299	274.8099976
300	274.2900085
301	273.9299927
302	273.8900146
303	273.9100037
304	273.8500061
305	274.0599976
306	274.2900085
307	274.480011
308	274.480011
309	274.7900085
310	274.9400024
311	275.019989
312	275.269989
313	275.5400085
314	275.7999878
315	275.7999878
316	276.0700073
317	276.2600098
318	276.3800049
319	276.4899902
320	276.7600098
321	276.7999878
322	276.8800049
323	277.1099854
324	277.2999878
325	277.4100037
326	277.6400146
327	277.7399902
328	277.7000122
329	277.6600037
330	277.9100037
331	278.0299988
332	278.2600098
333	278.4100037
334	278.4899902
335	278.6199951
336	278.6400146
337	278.6199951
338	278.6799927
339	278.8299866
340	279
341	279.0400085
342	279.1000061
343	279.1799927
344	279.25
345	279.3299866
346	279.3900146
347	279.3900146
348	279.480011
349	279.519989
350	279.5400085
351	279.6199951
352	279.6900024
353	279.6600037
354	279.6600037
355	279.8099976
356	279.8699951
357	279.8699951
358	280
359	280.1000061
360	280.1199951
361	280.1000061
362	280.1499939
363	280.1199951
364	280.2099915
365	280.3800049
366	280.3999939
367	280.3500061
368	280.3800049
369	280.5
370	280.480011
371	280.5400085
372	280.6300049
373	280.6499939
374	280.6099854
375	280.6300049
376	280.5400085
377	280.6700134
378	280.730011
379	280.730011
380	280.8599854
381	280.9400024
382	280.8999939
383	280.8099976
384	280.6900024
385	280.5799866
386	280.5799866
387	280.4599915
388	280.519989
389	280.6099854
390	280.6900024
391	280.6300049
392	280.5
393	280.4400024
394	280.2900085
395	280.3299866
396	280.4200134
397	280.5799866
398	280.7099915
399	280.7900085
400	280.8599854
401	280.9200134
402	280.980011
403	281.019989
404	281.0700073
405	281.019989
406	280.9599915
407	280.9200134
408	280.8399963
409	280.8999939
410	281.019989
411	281.1099854
412	281.0899963
413	281.1700134
414	281.1300049
415	281.1700134
416	281.1099854
417	281.1499939
418	281.1499939
419	281.25
420	281.25
421	281.1900024
422	281.019989
423	280.9400024
424	280.9400024
425	280.9400024
426	280.9599915
427	281.0700073
428	281.0400085
429	281.0400085
430	280.9599915
431	280.9400024
432	280.9200134
433	281
434	281.0700073
435	281.0899963
436	281.0899963
437	280.9200134
438	280.9599915
439	280.7900085
440	280.730011
441	280.7900085
442	280.8599854
443	280.980011
444	281
445	281.0700073
446	281.0400085
447	280.9599915
448	280.8999939
449	280.9599915
450	280.9599915
451	281.0899963
452	281.0400085
453	281
454	281.0700073
455	281.1300049
456	281.1700134
457	281.1700134
458	281.1700134
459	281.1300049
460	281.1499939
461	281.1700134
462	281.230011
463	281.3399963
464	281.3399963
465	281.3800049
466	281.3399963
467	281.25
468	281.25
469	281.2999878
470	281.3399963
471	281.4400024
472	281.480011
473	281.3999939
474	281.3200073
475	281.2999878
476	281.3200073
477	281.25
478	281.269989
479	281.25
480	281.25
481	281.230011
482	281.25
483	281.269989
484	281.3399963
485	281.269989
486	281.269989
487	281.269989
488	281.1700134
489	281.1700134
490	281.1900024
491	281.3599854
492	281.3399963
493	281.4200134
494	281.4599915
495	281.4200134
496	281.4200134
497	281.5
498	281.5299988
499	281.6099854
500	281.4599915
501	281.4400024
502	281.480011
503	281.3999939
504	281.3999939
505	281.3599854
506	281.3599854
507	281.3999939
508	281.4400024
509	281.480011
510	281.480011
511	281.5899963
512	281.5299988
513	281.4200134
514	281.3599854
515	281.3200073
516	281.3399963
517	281.3599854
518	281.3599854
519	281.3800049
520	281.3999939
521	281.3999939
522	281.3800049
523	281.269989
524	281.2999878
525	281.4200134
526	281.6099854
527	281.6700134
528	281.6700134
529	281.6700134
530	281.6900024
531	281.6900024
532	281.7799988
533	281.730011
534	281.7999878
535	281.7999878
536	281.7799988
537	281.8399963
538	281.7600098
539	281.8200073
540	281.7999878
541	281.730011
542	281.6499939
543	281.5899963
544	281.6099854
545	281.5899963
546	281.6300049
547	281.6499939
548	281.6900024
549	281.730011
550	281.7799988
551	281.8800049
552	281.8800049
553	281.8399963
554	281.7999878
555	281.7799988
556	281.730011
557	281.7099915
558	281.6499939
559	281.6300049
560	281.6300049
561	281.5
562	281.5
563	281.5
564	281.4400024
565	281.4400024
566	281.3599854
567	281.3599854
568	281.3800049
569	281.5499878
570	281.7099915
571	281.9899902
572	282.0499878
573	281.8999939
574	281.8800049
575	281.6900024
576	281.6300049
577	281.6099854
578	281.6300049
579	281.7600098
580	281.8800049
581	281.9200134
582	282.2399902
583	282.3200073
584	282.4299927
585	282.6799927
586	282.8200073
587	283.0899963
588	283.2000122
589	283.3699951
590	283.5799866
591	283.7799988
592	283.7799988
593	284.2399902
594	284.4500122
595	284.5400085
596	284.6000061
597	284.730011
598	284.8299866
599	284.8299866
600	285.1199951
601	285.1900024
602	285.230011
603	285.1600037
604	285.3099976
605	285.3299866
606	285.3299866
607	285.3699951
608	285.3099976
609	285.25
610	285.1900024
611	285.269989
612	285.3900146
613	285.5
614	285.5
615	285.519989
616	285.4200134
617	285.4400024
618	285.4400024
619	285.4400024
620	285.519989
621	285.5400085
622	285.5400085
623	285.5400085
624	285.5599976
625	285.5799866
626	285.6199951
627	285.6000061
628	285.5799866
629	285.6199951
630	285.6700134
631	285.6700134
632	285.5400085
633	285.5599976
634	285.5400085
635	285.4599915
636	285.5599976
637	285.5400085
638	285.5400085
639	285.480011
640	285.480011
641	285.5599976
642	285.5599976
643	285.5599976
644	285.5599976
645	285.5400085
646	285.7099915
647	285.7099915
648	285.75
649	285.6700134
650	285.4599915
651	285.4400024
652	285.4599915
653	285.5
654	285.5799866
655	285.7099915
656	285.7099915
657	285.7099915
658	285.7099915
659	285.730011
660	285.7900085
661	285.8099976
662	285.8099976
663	285.8500061
664	285.8800049
665	285.9400024
666	285.8500061
667	285.8099976
668	285.8999939
669	285.8099976
670	285.8099976
671	285.730011
672	285.6900024
673	285.730011
674	285.730011
675	285.75
676	285.75
677	285.75
678	285.9200134
679	285.9400024
680	285.8800049
681	285.9200134
682	285.8500061
683	285.8099976
684	285.8800049
685	285.9400024
686	286.019989
687	286.019989
688	286.0400085
689	286.0599976
690	285.9200134
691	285.8999939
692	285.8500061
693	285.8500061
694	285.8800049
695	285.8099976
696	285.7900085
697	285.769989
698	285.8800049
699	285.9200134
700	286
701	286.0400085
702	286.0400085
703	286
704	285.9200134
705	285.9400024
706	285.980011
707	285.8099976
708	285.75
709	285.75
710	285.8800049
711	285.9599915
712	285.980011
713	286
714	286
715	285.8999939
716	285.8999939
717	285.7900085
718	285.9400024
719	286.0400085
720	286.0599976
721	286.1300049
722	286.1499939
723	286.1700134
724	286.1700134
725	286.2099915
726	286.0799866
727	286.1900024
728	286.230011
729	286.1900024
730	286.230011
731	286.3099976
732	286.269989
733	286.230011
734	286.1700134
735	286.1499939
736	286.1499939
737	286.1099854
738	286.1099854
739	286.1499939
740	286.1900024
741	286.1900024
742	286.25
743	286.25
744	286.1900024
745	286.1700134
746	285.9599915
747	285.9200134
748	285.9200134
749	285.8800049
750	286
751	286
752	286.0400085
753	286.019989
754	286.0400085
755	286.0599976
756	286.0599976
757	285.9599915
758	285.8500061
759	285.5799866
760	285.5
761	285.4200134
762	285.269989
763	284.5599976
764	284.2399902
765	283.7200012
766	282.8599854
767	282.2600098
768	280.9400024
769	280.1700134
770	278.6400146
771	277.3900146
772	276.3399963
773	276.3399963
774	275.230011
775	274.7099915
776	274.5599976
777	274.269989
778	274.0799866
779	274.019989
780	274.019989
781	274.0400085
782	274.269989
783	274.3900146
784	274.5400085
785	274.5799866
786	274.6199951
787	274.6199951
788	274.9200134
789	275.0799866
790	275.1900024
791	275.4200134
792	275.7099915
793	275.8599854
794	275.9200134
795	276.2799988
796	276.3800049
797	276.5100098
798	276.6300049
799	276.6900024
800	276.8599854
801	276.9899902
802	277.2200012
803	277.3399963
804	277.5499878
805	277.7399902
806	277.8900146
807	278.0499878
808	278.0799866
809	278.2000122
810	278.3099976
811	278.3900146
812	278.3900146
813	278.6600037
814	278.8299866
815	278.8699951
816	279.0599976
817	279.019989
818	279.0400085
819	279.0400085
820	279.1000061
821	279.3099976
822	279.3299866
823	279.3299866
824	279.3099976
825	279.2900085
826	279.3699951
827	279.5599976
828	279.6000061
829	279.6199951
830	279.75
831	279.8299866
832	279.9200134
833	279.9599915
834	280.0599976
835	280.0599976
836	280
837	279.8500061
838	279.9599915
839	280
840	280.019989
841	280.019989
842	280.1499939
843	280.1900024
844	280.25
845	280.3099976
846	280.230011
847	280.3099976
848	280.4400024
849	280.4599915
850	280.5400085
851	280.5400085
852	280.6099854
853	280.7099915
854	280.6900024
855	280.7099915
856	280.7099915
857	280.6900024
858	280.6900024
859	280.75
860	280.7099915
861	280.7900085
862	280.8599854
863	280.9599915
864	281
865	281
866	280.8800049
867	280.7900085
868	280.8999939
869	280.769989
870	280.8999939
871	280.7900085
872	280.8999939
873	280.9400024
874	281.0899963
875	281
876	280.9599915
877	280.8999939
878	280.8399963
879	280.8599854
880	280.8999939
881	280.9200134
882	281.0400085
883	281.0400085
884	281.1099854
885	281.0400085
886	281.1099854
887	280.9200134
888	280.8099976
889	280.769989
890	280.769989
891	280.8800049
892	280.980011
893	280.980011
894	280.9200134
895	281.0400085
896	281.0400085
897	281.0700073
898	281.1300049
899	281.25
900	281.25
901	281.230011
902	281.1499939
903	281.1700134
904	281.1900024
905	281.269989
906	281.2999878
907	281.269989
908	281.3399963
909	281.230011
910	281.1499939
911	281.1700134
912	281.1300049
913	281.1900024
914	281.2099915
915	281.2999878
916	281.3599854
917	281.4200134
918	281.5
919	281.480011
920	281.4599915
921	281.5
922	281.5
923	281.5499878
924	281.4400024
925	281.480011
926	281.4200134
927	281.3599854
928	281.3399963
929	281.3399963
930	281.3999939
931	281.2999878
932	281.269989
933	281.1099854
934	281.0899963
935	281.1099854
936	281.1099854
937	281.1499939
938	281.1300049
939	281.0899963
940	281.1499939
941	281.1900024
942	281.1700134
943	281.1700134
944	281.1300049
945	281.1300049
946	281.1300049
947	281.1099854
948	281.1300049
949	281.1300049
950	281.1700134
951	281.25
952	281.3399963
953	281.4599915
954	281.4599915
955	281.2999878
956	281.1900024
957	281.230011
958	281.25
959	281.3999939
960	281.3999939
961	281.3999939
962	281.4400024
963	281.3800049
964	281.4599915
965	281.3999939
966	281.2999878
967	281.3599854
968	281.3599854
969	281.4400024
970	281.3999939
971	281.269989
972	281.2099915
973	281.1900024
974	281.1499939
975	281.1700134
976	281.230011
977	281.25
978	281.25
979	281.3800049
980	281.4200134
981	281.4599915
982	281.4200134
983	281.25
984	281.2099915
985	281.1499939
986	281.230011
987	281.25
988	281.2999878
989	281.3399963
990	281.4200134
991	281.5499878
992	281.5299988
993	281.5299988
994	281.5299988
995	281.5499878
996	281.6300049
997	281.6900024
998	281.5700073
999	281.4200134
1000	281.4200134
1001	281.25
1002	281.1700134
1003	281.1499939
1004	281.1099854
1005	281.1700134
1006	281.2099915
1007	281.1700134
1008	281.1700134
1009	281.1099854
1010	281.0700073
1011	281.1700134
1012	281.269989
1013	281.3800049
1014	281.3999939
1015	281.3200073
1016	281.25
1017	281.1900024
1018	281.2099915
1019	281.1700134
1020	281.1900024
1021	281.1900024
1022	281.1099854
1023	281.269989
1024	281.3599854
1025	281.3599854
1026	281.4599915
1027	281.5
1028	281.4599915
1029	281.5
1030	281.480011
1031	281.5
1032	281.5
1033	281.480011
1034	281.480011
1035	281.480011
1036	281.3800049
1037	281.1700134
1038	281.0400085
1039	281.0400085
1040	280.9400024
1041	280.9400024
1042	280.9400024
1043	281.0899963
1044	281.3399963
1045	281.5299988
1046	281.5499878
1047	281.6300049
1048	281.5499878
1049	281.5899963
1050	281.730011
1051	281.7999878
1052	281.9400024
1053	281.9200134
1054	282.0299988
1055	282.1300049
1056	282.5100098
1057	282.8399963
1058	283.0100098
1059	283.2799988
1060	283.3900146
1061	283.5299988
1062	283.7600098
1063	284.0400085
1064	284.0400085
1065	284.4299927
1066	284.5400085
1067	284.6600037
1068	284.8500061
1069	284.9599915
1070	285.0599976
1071	285.0599976
1072	285.1600037
1073	285.1400146
1074	285.1900024
1075	285.2099915
1076	285.3500061
1077	285.4400024
1078	285.519989
1079	285.5799866
1080	285.6499939
1081	285.6900024
1082	285.6199951
1083	285.6700134
1084	285.730011
1085	285.6199951
1086	285.730011
1087	285.730011
1088	285.730011
1089	285.7099915
1090	285.6900024
1091	285.6900024
1092	285.6700134
1093	285.6700134
1094	285.7900085
1095	285.8800049
1096	285.8999939
1097	285.8800049
1098	285.9400024
1099	285.980011
1100	285.9400024
1101	286.0799866
1102	286
1103	286
1104	285.8999939
1105	286.019989
1106	285.980011
1107	286
1108	286.0799866
1109	286.1499939
1110	286.1499939
1111	286.1099854
1112	286.1900024
1113	286.1499939
1114	286.25
1115	286.1700134
1116	286.0799866
1117	286.1099854
1118	286.1300049
1119	286.1300049
1120	286.230011
1121	286.2900085
1122	286.3399963
1123	286.25
1124	286.25
1125	286.3099976
1126	286.25
1127	286.2900085
1128	286.1900024
1129	286.1900024
1130	286.3099976
1131	286.25
1132	286.3399963
1133	286.4200134
1134	286.3599854
1135	286.3599854
1136	286.269989
1137	286.1300049
1138	286.1099854
1139	286.0400085
1140	285.9599915
1141	286.0799866
1142	286.0799866
1143	286.3399963
1144	286.4599915
1145	286.480011
1146	286.5700073
1147	286.5400085
1148	286.480011
1149	286.3999939
1150	286.2900085
1151	286.3399963
1152	286.3099976
1153	286.3399963
1154	286.3399963
1155	286.269989
1156	286.2900085
1157	286.269989
1158	286.2900085
1159	286.2900085
1160	286.1700134
1161	286.1700134
1162	286.25
1163	286.269989
1164	286.2900085
1165	286.4200134
1166	286.519989
1167	286.480011
1168	286.4400024
1169	286.4200134
1170	286.4400024
1171	286.4200134
1172	286.3800049
1173	286.3999939
1174	286.3999939
1175	286.2900085
1176	286.3399963
1177	286.2900085
1178	286.0799866
1179	286.0599976
1180	286.0799866
1181	286.0799866
1182	286.1300049
1183	286.1300049
1184	286.0799866
1185	286.0799866
1186	286
1187	286.1300049
1188	286.1300049
1189	286.2099915
1190	286.2900085
1191	286.3399963
1192	286.3999939
1193	286.4200134
1194	286.480011
1195	286.4200134
1196	286.269989
1197	286.25
1198	286.1499939
1199	286.1099854
1200	286.1499939
1201	286.1300049
1202	286.1700134
1203	286.1300049
1204	286.2099915
1205	286.3399963
1206	286.3399963
1207	286.3099976
1208	286.2099915
1209	286.230011
1210	286.3099976
1211	286.230011
1212	286.1700134
1213	286.1700134
1214	286.2099915
1215	286.3099976
1216	286.2900085
1217	286.269989
1218	286.25
1219	286.0599976
1220	286.0599976
1221	285.9400024
1222	286.0400085
1223	286.0400085
1224	286.0400085
1225	286.1099854
1226	286.1300049
1227	286.1700134
1228	286.230011
1229	286.2099915
1230	286.0799866
1231	285.9200134
1232	285.8500061
1233	285.7099915
1234	285.6199951
1235	285.3299866
1236	284.7900085
1237	283.9700012
1238	282.5899963
1239	281.9599915
1240	280.5
1241	279.7900085
1242	278.3900146
1243	277.1300049
1244	276.0700073
1245	276.0700073
1246	274.75
1247	274.2900085
1248	274.019989
1249	273.7000122
1250	273.4700012
1251	273.4299927
1252	273.4299927
1253	273.3900146
1254	273.4700012
1255	273.5599976
1256	273.730011
1257	273.9299927
1258	274.0400085
1259	274.1199951
1260	274.4599915
1261	274.6199951
1262	274.769989
1263	275.0400085
1264	275.3099976
1265	275.3800049
1266	275.5
1267	275.6900024
1268	275.730011
1269	275.9400024
1270	276.1900024
1271	276.2799988
1272	276.3800049
1273	276.4400024
1274	276.6300049
1275	276.8999939
1276	277.1499939
1277	277.1499939
1278	277.4100037
1279	277.5899963
1280	277.7000122
1281	277.8500061
1282	277.9899902
1283	278.0799866
1284	278.0799866
1285	278.2399902
1286	278.4100037
1287	278.4100037
1288	278.3699951
1289	278.5400085
1290	278.5799866
1291	278.5799866
1292	278.769989
1293	278.8699951
1294	279
1295	279.1199951
1296	279.1600037
1297	279.25
1298	279.3099976
1299	279.2900085
1300	279.3500061
1301	279.4299927
1302	279.5
1303	279.5799866
1304	279.6600037
1305	279.6600037
1306	279.6199951
1307	279.6000061
1308	279.5
1309	279.4299927
1310	279.480011
1311	279.6000061
1312	279.7099915
1313	279.9200134
1314	280.0400085
1315	280.1700134
1316	280.1700134
1317	280.230011
1318	280.3099976
1319	280.4200134
1320	280.4599915
1321	280.4400024
1322	280.2900085
1323	280.2900085
1324	280.4400024
1325	280.519989
1326	280.5400085
1327	280.6700134
1328	280.6499939
1329	280.6700134
1330	280.7099915
1331	280.6700134
1332	280.6700134
1333	280.7099915
1334	280.7099915
1335	280.6700134
1336	280.6900024
1337	280.6499939
1338	280.769989
1339	280.75
1340	280.8099976
1341	280.8599854
1342	280.8800049
1343	280.9400024
1344	280.9200134
1345	281
1346	280.980011
1347	280.769989
1348	280.769989
1349	280.8099976
1350	280.8800049
1351	280.9200134
1352	280.9400024
1353	280.8800049
1354	280.8599854
1355	280.8599854
1356	280.8599854
1357	280.9200134
1358	280.9599915
1359	281
1360	281.019989
1361	281.0899963
1362	281.0899963
1363	281.230011
1364	281.1300049
1365	281.0700073
1366	280.9599915
1367	280.9400024
1368	280.9599915
1369	280.9599915
1370	280.9200134
1371	280.8999939
1372	280.9400024
1373	281.0400085
1374	281.1300049
1375	281.1900024
1376	281.230011
1377	281.2099915
1378	281.1900024
1379	281.1700134
1380	281.1300049
1381	281.1900024
1382	281.1099854
1383	281.1099854
1384	280.9599915
1385	280.7900085
1386	280.8099976
1387	280.8099976
1388	280.730011
1389	280.75
1390	280.7900085
1391	280.75
1392	280.6900024
1393	280.75
1394	280.75
1395	280.9200134
1396	281
1397	280.980011
1398	281.0899963
1399	281.0899963
1400	281.0400085
1401	281.019989
1402	280.8599854
1403	280.8399963
1404	280.9200134
1405	280.980011
1406	281.019989
1407	281.0700073
1408	281.0899963
1409	281.1499939
1410	281.0899963
1411	280.980011
1412	280.9200134
1413	280.9599915
1414	280.8999939
1415	280.9200134
1416	280.75
1417	280.8099976
1418	280.8399963
1419	280.980011
1420	280.980011
1421	280.980011
1422	280.980011
1423	281.019989
1424	281.0400085
1425	281.0400085
1426	281.0400085
1427	281.0400085
1428	281.0700073
1429	281
1430	281.0700073
1431	281.2099915
1432	281.230011
1433	281.230011
1434	281.0899963
1435	281.0700073
1436	281.1499939
1437	281.0700073
1438	281.0700073
1439	281.1099854
1440	281.1300049
1441	281.1900024
1442	281.230011
1443	281.1499939
1444	281.269989
1445	281.1900024
1446	281.230011
1447	281.1700134
1448	281.1099854
1449	281.0899963
1450	281.1099854
1451	281.2099915
1452	281.230011
1453	281.269989
1454	281.2999878
1455	281.2999878
1456	281.3599854
1457	281.3200073
1458	281.3200073
1459	281.1700134
1460	281.1499939
1461	281.1700134
1462	281.2999878
1463	281.230011
1464	281.1700134
1465	281.1700134
1466	281.269989
1467	281.2999878
1468	281.230011
1469	281.1700134
1470	281.1499939
1471	281.1900024
1472	281.1900024
1473	281.2999878
1474	281.3599854
1475	281.3800049
1476	281.4200134
1477	281.4400024
1478	281.4200134
1479	281.3999939
1480	281.3399963
1481	281.4599915
1482	281.4200134
1483	281.2999878
1484	281.3999939
1485	281.3399963
1486	281.2999878
1487	281.230011
1488	281.1900024
1489	281.1499939
1490	281
1491	281.0400085
1492	280.980011
1493	281
1494	280.9599915
1495	281.0700073
1496	281.1700134
1497	281.1700134
1498	281.1099854
1499	281.1499939
1500	281.0899963
1501	281
1502	280.9400024
1503	281
1504	281
1505	281.1700134
1506	281.230011
1507	281.2099915
1508	281.269989
1509	281.269989
1510	281.3399963
1511	281.3599854
1512	281.3599854
1513	281.3399963
1514	281.2999878
1515	281.0700073
1516	281.0700073
1517	281.1499939
1518	281.269989
1519	281.480011
1520	281.480011
1521	281.5299988
1522	281.4400024
1523	281.3999939
1524	281.4400024
1525	281.5
1526	281.5899963
1527	281.730011
1528	281.8200073
1529	281.8200073
1530	282.0899963
1531	282.2999878
1532	282.4500122
1533	282.8399963
1534	283.2000122
1535	283.6199951
1536	283.6199951
1537	284.0400085
1538	284.3099976
1539	284.4500122
1540	284.6199951
1541	284.75
1542	284.9299927
1543	284.9299927
1544	285.0400085
1545	285.1199951
1546	285.2099915
1547	285.269989
1548	285.3299866
1549	285.3900146
1550	285.3299866
1551	285.480011
1552	285.5
1553	285.5599976
1554	285.6499939
1555	285.7099915
1556	285.6499939
1557	285.7099915
1558	285.75
1559	285.7099915
1560	285.7900085
1561	285.8999939
1562	285.9599915
1563	286.019989
1564	286
1565	286.0599976
1566	285.9599915
1567	286
1568	286
1569	286.1499939
1570	286.1700134
1571	286.1499939
1572	286.1099854
1573	286.1499939
1574	286.25
1575	286.25
1576	286.25
1577	286.1900024
1578	286.1900024
1579	286.019989
1580	286.019989
1581	285.980011
1582	286
1583	286.1700134
1584	286.1700134
1585	286.1499939
1586	286.1499939
1587	286.1300049
1588	286.1099854
1589	286.0799866
1590	285.980011
1591	285.980011
1592	285.8999939
1593	285.8299866
1594	286
1595	286
1596	286.0400085
1597	286.1099854
1598	286.0799866
1599	286.1900024
1600	286.1900024
1601	286.2099915
1602	286.25
1603	286.2900085
1604	286.1900024
1605	286.2099915
1606	286.1499939
1607	286.1499939
1608	286.230011
1609	286.230011
1610	286.3099976
1611	286.3599854
1612	286.4400024
1613	286.5
1614	286.5
1615	286.4400024
1616	286.4200134
1617	286.480011
1618	286.4400024
1619	286.3800049
1620	286.3099976
1621	286.25
1622	286.230011
1623	286.230011
1624	286.2099915
1625	286.1900024
1626	286.230011
1627	286.1900024
1628	286.1700134
1629	286.1900024
1630	286.1499939
1631	286.1300049
1632	286.230011
1633	286.3099976
1634	286.3099976
1635	286.2900085
1636	286.3099976
1637	286.2900085
1638	286.3399963
1639	286.3399963
1640	286.269989
1641	286.2900085
1642	286.269989
1643	286.269989
1644	286.230011
1645	286.2099915
1646	286.2099915
1647	286.3099976
1648	286.3099976
1649	286.3999939
1650	286.3399963
1651	286.3399963
1652	286.3399963
1653	286.269989
1654	286.2099915
1655	286.1499939
1656	286.1700134
1657	286.1499939
1658	286.1499939
1659	286.230011
1660	286.269989
1661	286.1700134
1662	286.1300049
1663	286.0799866
1664	286
1665	286
1666	286.0400085
1667	285.980011
1668	285.980011
1669	285.8299866
1670	285.8999939
1671	285.9400024
1672	285.980011
1673	285.9400024
1674	285.980011
1675	286.0599976
1676	286.0400085
1677	286.1300049
1678	286.1300049
1679	286.0799866
1680	286.1300049
1681	286.1300049
1682	286.1099854
1683	286.0400085
1684	286.0799866
1685	286.0799866
1686	286.1300049
1687	286.1700134
1688	286.2099915
1689	286.1900024
1690	286.1900024
1691	286.230011
1692	286.1700134
1693	286
1694	286.019989
1695	285.8999939
1696	285.8999939
1697	285.8800049
1698	285.8999939
1699	285.9599915
1700	285.9200134
1701	286
1702	286.0599976
1703	286.1099854
1704	286.1700134
1705	286.1900024
1706	286.1700134
1707	286
1708	285.3699951
1709	284.6000061
1710	284.6000061
1711	283.0499878
1712	281.7999878
1713	281.230011
1714	279.9400024
1715	278.8099976
1716	277.7999878
1717	277.7999878
1718	276.3399963
1719	275.6300049
1720	275.269989
1721	274.6900024
1722	274.230011
1723	273.980011
1724	273.980011
1725	273.75
1726	273.6600037
1727	273.769989
1728	273.8099976
1729	273.9599915
1730	274
1731	274.0799866
1732	274.3299866
1733	274.3500061
1734	274.4599915
1735	274.6700134
1736	274.7900085
1737	275
1738	275.1300049
1739	275.3999939
1740	275.5
1741	275.769989
1742	275.980011
1743	276.1300049
1744	276.3399963
1745	276.4200134
1746	276.5499878
1747	276.7799988
1748	277.0299988
1749	277.0299988
1750	277.2799988
1751	277.4299927
1752	277.4700012
1753	277.7000122
1754	277.8200073
1755	277.9700012
1756	277.9700012
1757	278.2600098
1758	278.4299927
1759	278.4500122
1760	278.5599976
1761	278.6600037
1762	278.6400146
1763	278.769989
1764	278.7200012
1765	278.8500061
1766	278.9100037
1767	279.0599976
1768	279.1199951
1769	279.25
1770	279.269989
1771	279.3900146
1772	279.4100037
1773	279.4599915
1774	279.4299927
1775	279.3900146
1776	279.3900146
1777	279.4599915
1778	279.6000061
1779	279.7099915
1780	279.6900024
1781	279.6900024
1782	279.9400024
1783	280
1784	280.019989
1785	280.019989
1786	280.019989
1787	280.0799866
1788	280.0799866
1789	280.230011
1790	280.25
1791	280.25
1792	280.230011
1793	280.1000061
1794	280.1000061
1795	280.1000061
1796	280.1499939
1797	280.2099915
1798	280.2900085
1799	280.4200134
1800	280.5
1801	280.4400024
1802	280.4400024
1803	280.4200134
1804	280.4599915
1805	280.480011
1806	280.6300049
1807	280.6300049
1808	280.6700134
1809	280.6300049
1810	280.730011
1811	280.8099976
1812	280.8399963
1813	280.6700134
1814	280.5599976
1815	280.3800049
1816	280.3999939
1817	280.4200134
1818	280.4200134
1819	280.519989
1820	280.519989
1821	280.7900085
1822	280.9200134
1823	280.8399963
1824	280.8099976
1825	280.7900085
1826	280.769989
1827	280.769989
1828	280.8800049
1829	280.9400024
1830	280.9200134
1831	280.8800049
1832	280.8099976
1833	280.769989
1834	280.7900085
1835	280.980011
1836	280.9200134
1837	281.0400085
1838	281.019989
1839	280.9200134
1840	280.8599854
1841	280.8099976
1842	280.9200134
1843	280.9599915
1844	281.0700073
1845	280.980011
1846	280.980011
1847	280.9200134
1848	280.9200134
1849	280.9599915
1850	281.0400085
1851	281
1852	281
1853	280.9200134
1854	281
1855	281.0899963
1856	281.1099854
1857	281.1900024
1858	281.1700134
1859	281.1700134
1860	281.230011
1861	281.3999939
1862	281.3200073
1863	281.3200073
1864	281.3200073
1865	281.269989
1866	281.269989
1867	281.2999878
1868	281.2999878
1869	281.230011
1870	281.0899963
1871	281.0700073
1872	281.0400085
1873	281.0400085
1874	281.019989
1875	281.019989
1876	281.1900024
1877	281.269989
1878	281.269989
1879	281.2999878
1880	281.269989
1881	281.1900024
1882	281.2099915
1883	281.230011
1884	281.25
1885	281.25
1886	281.1700134
1887	281.0700073
1888	281.0899963
1889	281.230011
1890	281.1900024
1891	281.1900024
1892	281.1499939
1893	281.0899963
1894	281.0400085
1895	281.0899963
1896	281.1300049
1897	281.0700073
1898	281.0700073
1899	280.9599915
1900	281.1499939
1901	281.2099915
1902	281.2999878
1903	281.3399963
1904	281.4400024
1905	281.4400024
1906	281.5299988
1907	281.4599915
1908	281.3999939
1909	281.269989
1910	281.269989
1911	281.2099915
1912	281.269989
1913	281.1099854
1914	281.0700073
1915	281.019989
1916	281
1917	281.019989
1918	281.0899963
1919	281.1300049
1920	281.2099915
1921	281.269989
1922	281.1900024
1923	281.1900024
1924	281.2099915
1925	281.3999939
1926	281.3399963
1927	281.3399963
1928	281.3599854
1929	281.3800049
1930	281.3800049
1931	281.25
1932	281.0700073
1933	281.1700134
1934	281.1300049
1935	281.1900024
1936	281.2999878
1937	281.2999878
1938	281.3800049
1939	281.4200134
1940	281.3800049
1941	281.3200073
1942	281.3800049
1943	281.3399963
1944	281.3599854
1945	281.3399963
1946	281.3200073
1947	281.230011
1948	281.230011
1949	281.3200073
1950	281.3200073
1951	281.25
1952	281.0899963
1953	281.1300049
1954	281.1499939
1955	281.269989
1956	281.230011
1957	281.230011
1958	281.25
1959	281.269989
1960	281.1099854
1961	281.0899963
1962	281.0899963
1963	281.0700073
1964	281.0700073
1965	281.0899963
1966	281.3200073
1967	281.3800049
1968	281.3999939
1969	281.3999939
1970	281.3999939
1971	281.269989
1972	281.230011
1973	281.269989
1974	281.2999878
1975	281.3399963
1976	281.3399963
1977	281.3200073
1978	281.3999939
1979	281.3999939
1980	281.3399963
1981	281.3599854
1982	281.2999878
1983	281.2999878
1984	281.5299988
1985	281.5
1986	281.480011
1987	281.4599915
1988	281.4200134
1989	281.4599915
1990	281.5499878
1991	281.7099915
1992	281.8399963
1993	281.7600098
1994	281.6099854
1995	281.480011
1996	281.3999939
1997	281.4200134
1998	281.4599915
1999	281.5899963
2000	281.8399963
2001	281.8399963
2002	282.2399902
2003	282.4700012
2004	282.5899963
2005	282.8399963
2006	283.0700073
2007	283.2799988
2008	283.2799988
2009	283.5499878
2010	283.6000061
2011	283.7000122
2012	283.8699951
2013	284.1000061
2014	284.2399902
2015	284.5
2016	284.75
2017	284.8500061
2018	285.0799866
2019	285.1900024
2020	285.2099915
2021	285.230011
2022	285.1600037
2023	285.1900024
2024	285.1400146
2025	285.2099915
2026	285.3099976
2027	285.4400024
2028	285.4400024
2029	285.480011
2030	285.4599915
2031	285.519989
2032	285.6199951
2033	285.6199951
2034	285.75
2035	285.7099915
2036	285.769989
2037	285.769989
2038	285.7099915
2039	285.769989
2040	285.769989
2041	285.8299866
2042	285.75
2043	285.7099915
2044	285.6199951
2045	285.4599915
2046	285.5400085
2047	285.5400085
2048	285.6499939
2049	285.6700134
2050	285.730011
2051	285.6199951
2052	285.5400085
2053	285.6199951
2054	285.6199951
2055	285.769989
2056	285.8500061
2057	285.8999939
2058	285.9200134
2059	285.9400024
2060	285.9400024
2061	285.8500061
2062	285.75
2063	285.7900085
2064	285.7099915
2065	285.75
2066	285.8299866
2067	285.8099976
2068	285.8099976
2069	285.8999939
2070	285.8099976
2071	285.7099915
2072	285.7099915
2073	285.730011
2074	285.769989
2075	285.7900085
2076	285.8099976
2077	285.769989
2078	285.769989
2079	285.769989
2080	285.769989
2081	285.8099976
2082	285.8099976
2083	285.8800049
2084	285.75
2085	285.6900024
2086	285.6499939
2087	285.75
2088	285.7900085
2089	285.8299866
2090	285.8800049
2091	285.9200134
2092	285.8800049
2093	285.9400024
2094	286.0599976
2095	286.1499939
2096	286.1700134
2097	286.2099915
2098	286.1700134
2099	286.0799866
2100	286.1099854
2101	286.1300049
2102	286.0599976
2103	286.0599976
2104	286.0599976
2105	285.980011
2106	285.8500061
2107	285.8500061
2108	285.75
2109	285.8099976
2110	285.8299866
2111	285.8299866
2112	286.019989
2113	285.980011
2114	285.980011
2115	286.0599976
2116	286.0799866
2117	285.980011
2118	285.980011
2119	285.8999939
2120	285.9599915
2121	285.980011
2122	286.0599976
2123	286.0599976
2124	286.0599976
2125	286.1099854
2126	286.0599976
2127	286.0799866
2128	285.9599915
2129	286.0400085
2130	286.1099854
2131	285.9400024
2132	285.9400024
2133	285.980011
2134	285.9400024
2135	286
2136	286.0599976
2137	286.0799866
2138	286.230011
2139	286.25
2140	286.2099915
2141	286.1900024
2142	286.1499939
2143	286.1499939
2144	286.2099915
2145	286.1099854
2146	286
2147	286.0400085
2148	285.980011
2149	285.9599915
2150	285.9599915
2151	285.9200134
2152	285.9400024
2153	286.019989
2154	286.0799866
2155	286.0400085
2156	286.0599976
2157	286.0400085
2158	286.0599976
2159	286.0599976
2160	286.019989
2161	286.019989
2162	286.0400085
2163	286.0400085
2164	286.019989
2165	286.1300049
2166	286.0799866
2167	286.1099854
2168	286.1300049
2169	286.1700134
2170	286.1700134
2171	286.1099854
2172	285.9400024
2173	285.7900085
2174	285.8099976
2175	285.8299866
2176	285.8999939
2177	286.0599976
2178	286.019989
2179	286.019989
2180	285.769989
2181	285.269989
2182	285.269989
2183	283.9700012
2184	283.0100098
2185	282.4700012
2186	281.1099854
2187	279.6400146
2188	278.3500061
2189	278.3500061
2190	276.6300049
2191	275.75
2192	275.4200134
2193	274.730011
2194	274.2099915
2195	274.0799866
2196	273.9100037
2197	273.5799866
2198	273.4700012
2199	273.4700012
2200	273.6000061
2201	273.6799927
2202	273.8299866
2203	273.9599915
2204	274.2900085
2205	274.3699951
2206	274.4599915
2207	274.5599976
2208	274.6000061
2209	275.019989
2210	275.0799866
2211	275.230011
2212	275.480011
2213	275.6900024
2214	275.6900024
2215	276.0899963
2216	276.3200073
2217	276.4400024
2218	276.6499939
2219	276.6300049
2220	276.6900024
2221	276.6900024
2222	276.8599854
2223	277.0299988
2224	277.1099854
2225	277.3399963
2226	277.5700073
2227	277.6400146
2228	277.6400146
2229	277.8900146
2230	277.9700012
2231	278.1000061
2232	278.2399902
2233	278.4100037
2234	278.5400085
2235	278.6400146
2236	278.769989
2237	278.8500061
2238	278.9500122
2239	279.1000061
2240	279.1000061
2241	279.3099976
2242	279.3699951
2243	279.5
2244	279.5
2245	279.480011
2246	279.480011
2247	279.5
2248	279.5
2249	279.4299927
2250	279.3699951
2251	279.480011
2252	279.480011
2253	279.480011
2254	279.5799866
2255	279.6900024
2256	279.7099915
2257	279.8699951
2258	279.9599915
2259	280.019989
2260	280.019989
2261	280.1199951
2262	280.1499939
2263	280.1000061
2264	280.1700134
2265	280.25
2266	280.25
2267	280.269989
2268	280.3299866
2269	280.3099976
2270	280.230011
2271	280.2099915
2272	280.1900024
2273	280.3099976
2274	280.25
2275	280.3299866
2276	280.3999939
2277	280.3099976
2278	280.3099976
2279	280.25
2280	280.2099915
2281	280.1199951
2282	280.1499939
2283	280.230011
2284	280.1700134
2285	280.1700134
2286	280.2900085
2287	280.4400024
2288	280.4200134
2289	280.5400085
2290	280.6700134
2291	280.769989
2292	280.769989
2293	280.9400024
2294	281.019989
2295	281
2296	280.980011
2297	281
2298	281.019989
2299	281.019989
2300	280.7900085
2301	280.730011
2302	280.6900024
2303	280.5799866
2304	280.6499939
2305	280.6700134
2306	280.730011
2307	280.8099976
2308	280.8599854
2309	280.8800049
2310	280.8999939
2311	280.8999939
2312	281
2313	281.0700073
2314	281.0899963
2315	281.1099854
2316	281.1499939
2317	281.1300049
2318	281.0400085
2319	281.0400085
2320	281
2321	281.0400085
2322	281.1300049
2323	281.1499939
2324	281.1499939
2325	281.1900024
2326	281.1700134
2327	281.1700134
2328	281.2099915
2329	281.230011
2330	281.3200073
2331	281.3200073
2332	281.3599854
2333	281.1300049
2334	281.1300049
2335	281
2336	280.9400024
2337	280.8599854
2338	280.8399963
2339	280.75
2340	280.75
2341	280.8599854
2342	280.9200134
2343	280.9200134
2344	280.9200134
2345	280.9200134
2346	280.8999939
2347	280.8599854
2348	280.75
2349	280.75
2350	280.8099976
2351	280.7900085
2352	280.8399963
2353	280.8099976
2354	280.730011
2355	280.6499939
2356	280.6499939
2357	280.7099915
2358	280.7099915
2359	280.7900085
2360	280.8099976
2361	280.7099915
2362	280.75
2363	280.75
2364	280.6700134
2365	280.6499939
2366	280.6300049
2367	280.7900085
2368	281.019989
2369	281.1499939
2370	281.1499939
2371	281.4400024
2372	281.480011
2373	281.480011
2374	281.3599854
2375	281.1900024
2376	281.1499939
2377	281.1700134
2378	281.25
2379	281.2999878
2380	281.3800049
2381	281.3999939
2382	281.4599915
2383	281.3399963
2384	281.3200073
2385	281.25
2386	281.1300049
2387	281.1700134
2388	281.4200134
2389	281.5700073
2390	281.7099915
2391	281.8200073
2392	281.7799988
2393	281.5700073
2394	281.4400024
2395	281.4400024
2396	281.2999878
2397	281.3399963
2398	281.3399963
2399	281.2999878
2400	281.2999878
2401	281.3399963
2402	281.3399963
2403	281.5700073
2404	281.730011
2405	281.8399963
2406	281.7099915
2407	281.6700134
2408	281.5499878
2409	281.5499878
2410	281.6300049
2411	281.6499939
2412	281.6499939
2413	281.6900024
2414	281.7799988
2415	281.8200073
2416	281.8399963
2417	281.8399963
2418	281.7799988
2419	281.8599854
2420	281.8800049
2421	281.8999939
2422	281.9899902
2423	281.9200134
2424	281.9899902
2425	281.9400024
2426	281.7799988
2427	281.7799988
2428	281.7799988
2429	281.7600098
2430	281.7999878
2431	281.730011
2432	281.7799988
2433	281.7600098
2434	281.7600098
2435	281.9200134
2436	282.0100098
2437	282.0700073
2438	282.0299988
2439	282.0100098
2440	282.0499878
2441	282.0499878
2442	282.1499939
2443	282.1499939
2444	282.0700073
2445	282.0499878
2446	282.1099854
2447	282.0700073
2448	282.1099854
2449	282.1300049
2450	282.1300049
2451	282.1099854
2452	282.1499939
2453	282.0499878
2454	282.0499878
2455	282.0499878
2456	282.1300049
2457	282.1499939
2458	282.1700134
2459	282.1700134
2460	282.1700134
2461	282.1700134
2462	282.1499939
2463	282.2600098
2464	282.5299988
2465	282.5499878
2466	282.5499878
2467	282.4299927
2468	282.3200073
2469	282.2999878
2470	282.2799988
2471	282.2799988
2472	282.3200073
2473	282.3200073
2474	282.3999939
2475	282.7000122
2476	282.8599854
2477	283.0499878
2478	283.2600098
2479	283.3699951
2480	283.4899902
2481	283.8900146
2482	284.0799866
2483	284.1799927
2484	284.4500122
2485	284.6199951
2486	284.6799927
2487	284.7900085
2488	284.9100037
2489	284.980011
2490	284.980011
2491	284.980011
2492	285
2493	284.980011
2494	285.0599976
2495	285.1000061
2496	285.1000061
2497	285.0799866
2498	285.0400085
2499	285.0599976
2500	285.1400146
2501	285.1000061
2502	285.3500061
2503	285.4599915
2504	285.4400024
2505	285.4400024
2506	285.5400085
2507	285.5
2508	285.6000061
2509	285.6700134
2510	285.6900024
2511	285.75
2512	285.75
2513	285.6499939
2514	285.6199951
2515	285.6499939
2516	285.5799866
2517	285.5599976
2518	285.6199951
2519	285.6000061
2520	285.6199951
2521	285.5599976
2522	285.5599976
2523	285.6199951
2524	285.7900085
2525	285.8099976
2526	285.8800049
2527	285.9200134
2528	285.8800049
2529	285.8800049
2530	285.8500061
2531	285.8800049
2532	285.9400024
2533	285.9400024
2534	286.019989
2535	286.0799866
2536	286.0400085
2537	286.0400085
2538	285.9599915
2539	286.019989
2540	285.9400024
2541	285.980011
2542	286.0599976
2543	285.980011
2544	285.980011
2545	286.1900024
2546	286.1099854
2547	286.0400085
2548	285.8500061
2549	285.8099976
2550	285.75
2551	285.75
2552	285.8299866
2553	285.8800049
2554	285.8800049
2555	285.980011
2556	286.1099854
2557	286.1099854
2558	286.0599976
2559	286.1099854
2560	286.1700134
2561	286.0400085
2562	286.019989
2563	286.0400085
2564	286.0400085
2565	286.1300049
2566	286.0799866
2567	286
2568	285.9400024
2569	286
2570	285.9599915
2571	286.019989
2572	286.1099854
2573	286.019989
2574	285.980011
2575	285.8500061
2576	285.8500061
2577	286
2578	286.019989
2579	286.019989
2580	285.9400024
2581	286
2582	285.9599915
2583	285.9599915
2584	285.769989
2585	285.75
2586	285.7900085
2587	285.8800049
2588	285.8999939
2589	286
2590	285.8999939
2591	285.8299866
2592	285.8299866
2593	285.8500061
2594	285.8500061
2595	285.9599915
2596	285.9599915
2597	285.8999939
2598	285.9200134
2599	285.9400024
2600	285.8999939
2601	285.8999939
2602	285.9200134
2603	285.7900085
2604	285.75
2605	285.7900085
2606	285.75
2607	285.8299866
2608	285.8299866
2609	285.8299866
2610	285.8800049
2611	285.9200134
2612	285.8099976
2613	285.7900085
2614	285.75
2615	285.75
2616	285.730011
2617	285.6700134
2618	285.730011
2619	285.6499939
2620	285.7099915
2621	285.6700134
2622	285.6700134
2623	285.6499939
2624	285.7099915
2625	285.75
2626	285.8800049
2627	285.9400024
2628	285.980011
2629	285.9200134
2630	285.7099915
2631	285.769989
2632	285.730011
2633	285.6700134
2634	285.7099915
2635	285.6499939
2636	285.6199951
2637	285.5400085
2638	285.519989
2639	285.480011
2640	285.5
2641	285.519989
2642	285.4599915
2643	285.480011
2644	285.519989
2645	285.519989
2646	285.5599976
2647	285.5599976
2648	285.7099915
2649	285.8999939
2650	285.9400024
2651	285.9400024
2652	285.8299866
2653	285.6700134
2654	285.6700134
2655	285.3900146
2656	284.8699951
2657	284.4700012
2658	283.6000061
2659	282.5700073
2660	282.0299988
2661	281.5700073
2662	280.0599976
2663	279.1199951
2664	278.5400085
2665	277.5299988
2666	276.7600098
2667	276.4200134
2668	276.1900024
2669	275.5700073
2670	275.480011
2671	275.3599854
2672	275.2099915
2673	275.1900024
2674	275.1099854
2675	275.230011
2676	275.3800049
2677	275.480011
2678	275.6099854
2679	275.6099854
2680	275.9400024
2681	276.1499939
2682	276.2799988
2683	276.5700073
2684	276.6900024
2685	276.8599854
2686	276.8599854
2687	277.1799927
2688	277.3900146
2689	277.4700012
2690	277.8200073
2691	278.0100098
2692	278.2200012
2693	278.2200012
2694	278.3900146
2695	278.4299927
2696	278.4899902
2697	278.6199951
2698	278.8299866
2699	278.9500122
2700	279.1000061
2701	279.480011
2702	279.480011
2703	279.6199951
2704	279.6199951
2705	279.6199951
2706	279.6900024
2707	279.7900085
2708	279.9200134
2709	280.0400085
2710	280.1900024
2711	280.3099976
2712	280.3800049
2713	280.4200134
2714	280.4599915
2715	280.5799866
2716	280.730011
2717	280.769989
2718	280.769989
2719	280.730011
2720	280.6300049
2721	280.730011
2722	280.7900085
2723	280.8800049
2724	281.0400085
2725	281.0400085
2726	280.9599915
2727	281.1499939
2728	281.230011
2729	281.3800049
2730	281.3200073
2731	281.3200073
2732	281.3200073
2733	281.5899963
2734	281.730011
2735	281.730011
2736	281.8599854
2737	281.9200134
2738	281.8999939
2739	282.0100098
2740	282.0100098
2741	281.9899902
2742	281.8999939
2743	281.7999878
2744	281.8200073
2745	281.8200073
2746	281.6900024
2747	281.6700134
2748	281.6499939
2749	281.7999878
2750	281.8999939
2751	281.9599915
2752	282.1499939
2753	282.2200012
2754	282.2399902
2755	282.1499939
2756	282.1300049
2757	282.1300049
2758	282.2600098
2759	282.3200073
2760	282.3399963
2761	282.3800049
2762	282.3599854
2763	282.4500122
2764	282.4500122
2765	282.4500122
2766	282.5700073
2767	282.5700073
2768	282.5499878
2769	282.4500122
2770	282.4299927
2771	282.3599854
2772	282.3800049
2773	282.4700012
2774	282.5100098
2775	282.6099854
2776	282.5499878
2777	282.5299988
2778	282.5100098
2779	282.4299927
2780	282.4500122
2781	282.4299927
2782	282.5100098
2783	282.5299988
2784	282.5100098
2785	282.5700073
2786	282.5299988
2787	282.4899902
2788	282.5499878
2789	282.5499878
2790	282.5899963
2791	282.6099854
2792	282.6600037
2793	282.5700073
2794	282.5299988
2795	282.4899902
2796	282.4899902
2797	282.6799927
2798	282.5899963
2799	282.4899902
2800	282.3599854
2801	282.3399963
2802	282.3399963
2803	282.3399963
2804	282.3200073
2805	282.3200073
2806	282.3399963
2807	282.4899902
2808	282.5499878
2809	282.6099854
2810	282.5899963
2811	282.3999939
2812	282.3999939
2813	282.4899902
2814	282.4899902
2815	282.5499878
2816	282.4500122
2817	282.4500122
2818	282.5499878
2819	282.5499878
2820	282.5700073
2821	282.6600037
2822	282.7000122
2823	282.7200012
2824	282.6099854
2825	282.6099854
2826	282.5700073
2827	282.4899902
2828	282.4899902
2829	282.4299927
2830	282.3999939
2831	282.3800049
2832	282.4899902
2833	282.5700073
2834	282.5499878
2835	282.5499878
2836	282.6799927
2837	282.7999878
2838	282.8399963
2839	282.8900146
2840	282.8900146
2841	282.7799988
2842	282.7600098
2843	282.7999878
2844	282.7399902
2845	282.7799988
2846	282.7399902
2847	282.7999878
2848	282.8599854
2849	282.8900146
2850	283.0499878
2851	283.0700073
2852	283.1600037
2853	282.9299927
2854	282.8599854
2855	282.7000122
2856	282.6600037
2857	282.6099854
2858	282.7600098
2859	282.7399902
2860	282.7399902
2861	282.7999878
2862	282.8200073
2863	282.9500122
2864	283.0499878
2865	282.9700012
2866	282.8599854
2867	282.8599854
2868	282.7999878
2869	282.8399963
2870	282.7999878
2871	282.9299927
2872	283.0299988
2873	283.0100098
2874	283.0100098
2875	283.0299988
2876	283.0299988
2877	282.9899902
2878	282.9700012
2879	282.9700012
2880	282.9100037
2881	282.9299927
2882	282.9100037
2883	282.8599854
2884	282.9299927
2885	283.0499878
2886	283.0100098
2887	283.0100098
2888	282.9899902
2889	282.7000122
2890	282.6799927
2891	282.7200012
2892	282.8399963
2893	282.8599854
2894	282.9100037
2895	282.9500122
2896	282.9299927
2897	283.0299988
2898	283.0499878
2899	283.0499878
2900	282.8399963
2901	282.9100037
2902	282.8900146
2903	283.0100098
2904	283.0499878
2905	283.0899963
2906	283.0899963
2907	283.1199951
2908	283.0700073
2909	282.9500122
2910	282.7999878
2911	282.7399902
2912	282.8200073
2913	282.8399963
2914	282.8399963
2915	282.7999878
2916	282.7799988
2917	282.8200073
2918	282.9299927
2919	282.9700012
2920	282.9899902
2921	283.1400146
2922	283.1400146
2923	283.1799927
2924	283.0299988
2925	282.9899902
2926	282.8200073
2927	282.7399902
2928	282.6600037
2929	282.6099854
2930	282.6799927
2931	282.7799988
2932	282.8200073
2933	282.9100037
2934	282.9100037
2935	282.9500122
2936	283.0700073
2937	283.3200073
2938	283.3200073
2939	283.4700012
2940	283.4100037
2941	283.3699951
2942	283.3900146
2943	283.3200073
2944	283.2600098
2945	283.2600098
2946	283.2600098
2947	283.2999878
2948	283.2600098
2949	283.3699951
2950	283.5499878
2951	283.5799866
2952	283.7200012
2953	284.0799866
2954	284.1400146
2955	284.269989
2956	284.4500122
2957	284.6000061
2958	284.730011
2959	284.75
2960	284.8299866
2961	284.8699951
2962	284.8900146
2963	285.0799866
2964	285.1199951
2965	285.230011
2966	285.3500061
2967	285.4200134
2968	285.4599915
2969	285.3699951
2970	285.3699951
2971	285.3500061
2972	285.3099976
2973	285.4200134
2974	285.4599915
2975	285.4400024
2976	285.4400024
2977	285.4400024
2978	285.6499939
2979	285.730011
2980	285.769989
2981	285.769989
2982	285.769989
2983	285.7900085
2984	285.7900085
2985	285.7900085
2986	285.7099915
2987	285.6900024
2988	285.6700134
2989	285.769989
2990	285.8800049
2991	285.8500061
2992	285.7900085
2993	285.75
2994	285.7099915
2995	285.7099915
2996	285.7099915
2997	285.730011
2998	285.8500061
2999	285.8299866
3000	285.9400024
3001	285.980011
3002	285.9400024
3003	285.980011
3004	285.980011
3005	285.980011
3006	285.8999939
3007	285.8800049
3008	285.8299866
3009	285.8299866
3010	285.8999939
3011	285.8099976
3012	285.7900085
3013	285.7900085
3014	285.769989
3015	285.769989
3016	285.769989
3017	285.9200134
3018	285.9200134
3019	285.8500061
3020	285.8500061
3021	285.7099915
3022	285.6499939
3023	285.75
3024	285.9400024
3025	286.019989
3026	285.980011
3027	285.8999939
3028	285.7900085
3029	285.730011
3030	285.6900024
3031	285.75
3032	285.769989
3033	285.75
3034	285.8299866
3035	285.8500061
3036	285.8800049
3037	285.8299866
3038	285.8500061
3039	285.9200134
3040	286
3041	286
3042	286.0400085
3043	285.8999939
3044	285.9599915
3045	285.9400024
3046	285.8500061
3047	285.980011
3048	285.980011
3049	285.9200134
3050	285.9200134
3051	285.8999939
3052	285.8800049
3053	285.9200134
3054	285.9599915
3055	285.9599915
3056	285.9400024
3057	285.8099976
3058	285.8999939
3059	285.9599915
3060	285.9200134
3061	285.9400024
3062	285.8800049
3063	285.8800049
3064	285.9400024
3065	285.9599915
3066	286
3067	285.9400024
3068	285.9400024
3069	286.019989
3070	286
3071	285.980011
3072	285.980011
3073	285.8800049
3074	285.9200134
3075	285.8999939
3076	285.8800049
3077	285.9200134
3078	285.9200134
3079	285.8800049
3080	285.8800049
3081	285.9400024
3082	285.9400024
3083	285.9400024
3084	285.730011
3085	285.5799866
3086	285.6000061
3087	285.6000061
3088	285.6199951
3089	285.6000061
3090	285.6700134
3091	285.6900024
3092	285.6199951
3093	285.6199951
3094	285.6199951
3095	285.8299866
3096	285.7900085
3097	285.8299866
3098	285.8500061
3099	285.8500061
3100	285.8800049
3101	285.8800049
3102	285.9599915
3103	285.9400024
3104	285.8099976
3105	285.730011
3106	285.7900085
3107	285.8500061
3108	285.8099976
3109	285.8800049
3110	285.8299866
3111	285.730011
3112	285.730011
3113	285.6000061
3114	285.6199951
3115	285.6499939
3116	285.6700134
3117	285.7099915
3118	285.6700134
3119	285.6700134
3120	285.6700134
3121	285.6700134
3122	285.6000061
3123	285.6499939
3124	285.7099915
3125	285.769989
3126	285.769989
3127	285.6900024
3128	285.4599915
3129	285.269989
3130	284.6799927
3131	283.8299866
3132	283.3699951
3133	282.9100037
3134	281.3999939
3135	280.9599915
3136	280.1000061
3137	279.269989
3138	278.9700012
3139	278.4299927
3140	278.1000061
3141	277.3900146
3142	277.2000122
3143	276.8399963
3144	276.6900024
3145	276.5299988
3146	276.3999939
3147	276.3200073
3148	276.3399963
3149	276.4899902
3150	276.6099854
3151	276.6099854
3152	276.7600098
3153	277.0100098
3154	277.1799927
3155	277.4500122
3156	277.5499878
3157	277.6400146
3158	277.6400146
3159	278.0799866
3160	278.2000122
3161	278.3699951
3162	278.4700012
3163	278.6199951
3164	278.769989
3165	278.8500061
3166	279.1199951
3167	279.2000122
3168	279.2900085
3169	279.4100037
3170	279.5599976
3171	279.6400146
3172	279.6900024
3173	279.8299866
3174	279.9400024
3175	280.1000061
3176	280.230011
3177	280.2099915
3178	280.2099915
3179	280.269989
3180	280.5
3181	280.730011
3182	280.75
3183	280.730011
3184	280.730011
3185	280.7099915
3186	280.6499939
3187	280.7900085
3188	280.9200134
3189	281.1300049
3190	281.1300049
3191	281.3200073
3192	281.4400024
3193	281.5
3194	281.5299988
3195	281.5299988
3196	281.5700073
3197	281.5700073
3198	281.5299988
3199	281.6300049
3200	281.6700134
3201	281.6499939
3202	281.730011
3203	281.7799988
3204	281.8200073
3205	281.8999939
3206	282.0299988
3207	282.0899963
3208	282.0899963
3209	282.0100098
3210	281.8999939
3211	281.8399963
3212	281.8399963
3213	281.8800049
3214	282.0499878
3215	282.1099854
3216	282.0700073
3217	281.9599915
3218	281.8200073
3219	281.730011
3220	281.6300049
3221	281.8599854
3222	281.8599854
3223	281.9599915
3224	282.0100098
3225	281.9599915
3226	282.0700073
3227	282.2200012
3228	282.3599854
3229	282.3599854
3230	282.4899902
3231	282.4899902
3232	282.4500122
3233	282.4899902
3234	282.3399963
3235	282.2799988
3236	282.2799988
3237	282.3999939
3238	282.5100098
3239	282.4899902
3240	282.5700073
3241	282.5700073
3242	282.6300049
3243	282.6799927
3244	282.6099854
3245	282.6300049
3246	282.6799927
3247	282.6799927
3248	282.6600037
3249	282.7799988
3250	282.7399902
3251	282.7600098
3252	282.7000122
3253	282.7000122
3254	282.8599854
3255	282.7799988
3256	282.8399963
3257	282.8200073
3258	282.8900146
3259	282.7799988
3260	282.5700073
3261	282.5700073
3262	282.4899902
3263	282.7000122
3264	282.7399902
3265	282.7000122
3266	282.7000122
3267	282.5700073
3268	282.5700073
3269	282.6799927
3270	282.8399963
3271	282.8900146
3272	282.8599854
3273	282.7200012
3274	282.7799988
3275	282.8399963
3276	282.9700012
3277	282.9700012
3278	282.9700012
3279	282.9100037
3280	282.8599854
3281	282.7799988
3282	282.7200012
3283	282.5499878
3284	282.5100098
3285	282.3999939
3286	282.4700012
3287	282.4899902
3288	282.6600037
3289	282.7000122
3290	282.7999878
3291	282.7799988
3292	282.8200073
3293	282.8200073
3294	282.7600098
3295	282.7799988
3296	282.7799988
3297	282.8200073
3298	282.9100037
3299	282.8599854
3300	282.8599854
3301	282.8900146
3302	282.9100037
3303	282.9500122
3304	282.9299927
3305	282.9700012
3306	283.0499878
3307	283.0499878
3308	283.0700073
3309	283.0499878
3310	283.0499878
3311	282.9899902
3312	282.9299927
3313	283.0100098
3314	282.8599854
3315	282.9100037
3316	282.9500122
3317	283.0100098
3318	282.9700012
3319	283.0100098
3320	282.9700012
3321	282.9700012
3322	282.9899902
3323	282.9899902
3324	282.8900146
3325	282.7999878
3326	282.7799988
3327	282.7600098
3328	282.6799927
3329	282.5499878
3330	282.4700012
3331	282.4299927
3332	282.4299927
3333	282.5499878
3334	282.6799927
3335	282.7799988
3336	282.7399902
3337	282.7200012
3338	282.7200012
3339	282.7200012
3340	282.9700012
3341	282.9100037
3342	282.8599854
3343	282.9700012
3344	282.9500122
3345	282.9100037
3346	282.9299927
3347	282.9700012
3348	282.9100037
3349	282.8599854
3350	282.7999878
3351	282.9100037
3352	282.8900146
3353	282.9299927
3354	283.0499878
3355	283.2200012
3356	283.2000122
3357	283.2200012
3358	283.1400146
3359	283.1799927
3360	283.2000122
3361	283.1799927
3362	283.1199951
3363	283.1799927
3364	283.1799927
3365	282.9899902
3366	283.1400146
3367	283.1199951
3368	283.2000122
3369	283.1400146
3370	282.9500122
3371	282.9500122
3372	282.9899902
3373	282.9700012
3374	282.9899902
3375	283.0100098
3376	283.0100098
3377	283.0700073
3378	283.0700073
3379	283.0299988
3380	283.0100098
3381	282.9899902
3382	282.9100037
3383	282.8399963
3384	282.8900146
3385	282.8599854
3386	282.7999878
3387	282.7799988
3388	282.7000122
3389	282.7600098
3390	282.8200073
3391	282.9299927
3392	282.9299927
3393	282.7399902
3394	282.7799988
3395	282.8900146
3396	283.0700073
3397	283.0700073
3398	283.0899963
3399	283.2399902
3400	283.1400146
3401	283.0700073
3402	283.0700073
3403	283.0700073
3404	283.0100098
3405	283.0100098
3406	283.0700073
3407	283.1799927
3408	283.2000122
3409	283.3500061
3410	283.3500061
3411	283.4899902
3412	283.4700012
3413	283.5299988
3414	283.4899902
3415	283.5100098
3416	283.5799866
3417	283.5499878
3418	283.6600037
3419	283.7799988
3420	283.8900146
3421	283.9299927
3422	284.0799866
3423	284.0599976
3424	284.1000061
3425	284.3699951
3426	284.4100037
3427	284.519989
3428	284.519989
3429	284.519989
3430	284.730011
3431	284.8299866
3432	285
3433	285.1600037
3434	285.3299866
3435	285.3299866
3436	285.3299866
3437	285.3500061
3438	285.3900146
3439	285.3699951
3440	285.4599915
3441	285.3099976
3442	285.3099976
3443	285.269989
3444	285.230011
3445	285.3099976
3446	285.3699951
3447	285.4200134
3448	285.519989
3449	285.519989
3450	285.5599976
3451	285.5599976
3452	285.730011
3453	285.6499939
3454	285.5599976
3455	285.5799866
3456	285.519989
3457	285.5799866
3458	285.5
3459	285.5
3460	285.519989
3461	285.6199951
3462	285.75
3463	285.7099915
3464	285.7099915
3465	285.8099976
3466	285.8099976
3467	285.8299866
3468	285.8099976
3469	285.769989
3470	285.769989
3471	285.769989
3472	285.8800049
3473	285.8299866
3474	285.8299866
3475	285.730011
3476	285.7900085
3477	285.8099976
3478	285.7900085
3479	285.8099976
3480	285.7900085
3481	285.7900085
3482	285.7099915
3483	285.7099915
3484	285.6499939
3485	285.6499939
3486	285.6199951
3487	285.6499939
3488	285.6700134
3489	285.5599976
3490	285.519989
3491	285.480011
3492	285.480011
3493	285.5400085
3494	285.5599976
3495	285.5599976
3496	285.6000061
3497	285.6700134
3498	285.6900024
3499	285.7099915
3500	285.75
3501	285.8299866
3502	285.8999939
3503	285.8500061
3504	285.7900085
3505	285.6700134
3506	285.5599976
3507	285.5
3508	285.4400024
3509	285.4599915
3510	285.4599915
3511	285.3699951
3512	285.4599915
3513	285.4599915
3514	285.6000061
3515	285.6499939
3516	285.6900024
3517	285.5400085
3518	285.5799866
3519	285.6199951
3520	285.6199951
3521	285.6499939
3522	285.6700134
3523	285.6499939
3524	285.7099915
3525	285.769989
3526	285.7099915
3527	285.75
3528	285.769989
3529	285.75
3530	285.6900024
3531	285.769989
3532	285.769989
3533	285.8500061
3534	285.8999939
3535	285.8299866
3536	285.7900085
3537	285.7099915
3538	285.6000061
3539	285.6000061
3540	285.6199951
3541	285.5599976
3542	285.519989
3543	285.5599976
3544	285.6700134
3545	285.6700134
3546	285.5799866
3547	285.6499939
3548	285.6199951
3549	285.5799866
3550	285.6700134
3551	285.6900024
3552	285.6900024
3553	285.6000061
3554	285.6700134
3555	285.5799866
3556	285.6000061
3557	285.6000061
3558	285.519989
3559	285.519989
3560	285.519989
3561	285.6199951
3562	285.6499939
3563	285.6000061
3564	285.519989
3565	285.5599976
3566	285.519989
3567	285.5799866
3568	285.519989
3569	285.519989
3570	285.6000061
3571	285.5799866
3572	285.5799866
3573	285.6000061
3574	285.6499939
3575	285.769989
3576	285.7900085
3577	285.6700134
3578	285.5599976
3579	285.5799866
3580	285.5599976
3581	285.5799866
3582	285.5599976
3583	285.4400024
3584	285.4400024
3585	285.3699951
3586	285.2099915
3587	285.1400146
3588	285.269989
3589	285.269989
3590	285.2900085
3591	285.2900085
3592	285.480011
3593	285.519989
3594	285.5
3595	285.5599976
3596	285.6499939
3597	285.7099915
3598	285.730011
3599	285.769989
3600	285.730011
3601	285.5400085
3602	285.2099915
3603	284.6400146
3604	284.3900146
3605	284.0100098
3606	282.5299988
3607	281.9899902
3608	280.8800049
3609	279.7900085
3610	279.3099976
3611	278.5400085
3612	278.1799927
3613	277.6400146
3614	277.2200012
3615	276.8999939
3616	276.8999939
3617	276.6700134
3618	276.4400024
3619	276.5299988
3620	276.5100098
3621	276.6099854
3622	276.7799988
3623	276.7799988
3624	276.9899902
3625	277.1300049
3626	277.1099854
3627	277.2399902
3628	277.3399963
3629	277.4899902
3630	277.4899902
3631	277.7799988
3632	278.0299988
3633	278.0499878
3634	278.2000122
3635	278.2799988
3636	278.3900146
3637	278.5100098
3638	278.769989
3639	278.8900146
3640	279.0599976
3641	279.1400146
3642	279.1600037
3643	279.3299866
3644	279.5599976
3645	279.7900085
3646	279.8299866
3647	280.019989
3648	280.1900024
3649	280.2099915
3650	280.230011
3651	280.269989
3652	280.3999939
3653	280.5
3654	280.6099854
3655	280.6099854
3656	280.7099915
3657	280.8599854
3658	280.9599915
3659	280.9200134
3660	280.9599915
3661	281.0700073
3662	281.0700073
3663	281.1900024
3664	281.3200073
3665	281.3399963
3666	281.3200073
3667	281.3399963
3668	281.1900024
3669	281.1300049
3670	281.1099854
3671	281.1499939
3672	281.230011
3673	281.4200134
3674	281.6700134
3675	281.7999878
3676	281.8800049
3677	281.9599915
3678	282.0100098
3679	282.0700073
3680	282.0499878
3681	282.0100098
3682	282.1099854
3683	282.0700073
3684	282.2000122
3685	282.2000122
3686	282.0899963
3687	282.0899963
3688	281.9200134
3689	281.9200134
3690	281.8599854
3691	281.8599854
3692	281.9599915
3693	282.0299988
3694	282.0299988
3695	282.1099854
3696	282.2000122
3697	282.2399902
3698	282.3399963
3699	282.5299988
3700	282.4500122
3701	282.4500122
3702	282.2799988
3703	282.2399902
3704	282.2799988
3705	282.4299927
3706	282.4899902
3707	282.5700073
3708	282.5700073
3709	282.7000122
3710	282.6300049
3711	282.6600037
3712	282.6600037
3713	282.6600037
3714	282.6799927
3715	282.6799927
3716	282.6300049
3717	282.5899963
3718	282.6099854
3719	282.6799927
3720	282.6799927
3721	282.6600037
3722	282.7600098
3723	282.7600098
3724	282.8399963
3725	282.9100037
3726	282.9100037
3727	282.9500122
3728	282.8900146
3729	282.8900146
3730	282.9100037
3731	282.8900146
3732	282.8399963
3733	282.8399963
3734	282.8399963
3735	282.8399963
3736	282.8399963
3737	282.9299927
3738	282.9299927
3739	283.0299988
3740	283.0299988
3741	282.9299927
3742	282.8399963
3743	282.7799988
3744	282.7000122
3745	282.7000122
3746	282.7200012
3747	282.7200012
3748	282.7600098
3749	282.7600098
3750	282.7999878
3751	282.9100037
3752	282.9299927
3753	283.0299988
3754	283.0700073
3755	282.9299927
3756	282.8900146
3757	282.9700012
3758	283.0899963
3759	283.1400146
3760	283.0299988
3761	283.0700073
3762	282.9899902
3763	283.1199951
3764	283.1799927
3765	283.1799927
3766	283.0499878
3767	282.9100037
3768	282.9299927
3769	282.8399963
3770	282.7999878
3771	282.8200073
3772	282.8200073
3773	282.9299927
3774	283.0700073
3775	283.0499878
3776	283.1199951
3777	283.0899963
3778	283.0299988
3779	282.9299927
3780	282.9100037
3781	282.9100037
3782	282.9700012
3783	283.0700073
3784	283.0499878
3785	282.9299927
3786	282.8399963
3787	282.6799927
3788	282.7200012
3789	282.8399963
3790	283.0100098
3791	283.0100098
3792	282.9500122
3793	282.8900146
3794	282.8599854
3795	282.8599854
3796	282.7799988
3797	282.7799988
3798	282.9500122
3799	283.0700073
3800	283.1199951
3801	283.1400146
3802	283.0899963
3803	282.9500122
3804	282.9500122
3805	282.8399963
3806	282.9100037
3807	282.9100037
3808	282.9100037
3809	283.0499878
3810	283.0700073
3811	283.0700073
3812	283.2999878
3813	283.3500061
3814	283.2600098
3815	283.2600098
3816	283.2600098
3817	283.1799927
3818	283.1799927
3819	282.9299927
3820	282.9100037
3821	282.9100037
3822	282.8599854
3823	282.9500122
3824	283.0100098
3825	283.0100098
3826	282.9700012
3827	282.9700012
3828	282.9299927
3829	283.0100098
3830	283.0299988
3831	283.1600037
3832	283.1400146
3833	283.1199951
3834	283.1199951
3835	283.1799927
3836	283.1799927
3837	283.2799988
3838	283.2000122
3839	283.1799927
3840	283.2200012
3841	283.1799927
3842	283.2000122
3843	283.2000122
3844	283.2999878
3845	283.2600098
3846	283.3200073
3847	283.3200073
3848	283.4100037
3849	283.4299927
3850	283.4100037
3851	283.2799988
3852	283.1799927
3853	283.2399902
3854	283.2600098
3855	283.2200012
3856	283.2399902
3857	283.1799927
3858	283.0700073
3859	283.0499878
3860	282.9700012
3861	282.8900146
3862	282.9299927
3863	282.8599854
3864	282.9100037
3865	282.9500122
3866	283.1799927
3867	283.2399902
3868	283.2399902
3869	283.2600098
3870	283.2000122
3871	283.2200012
3872	283.2000122
3873	283.2399902
3874	283.3699951
3875	283.3699951
3876	283.5100098
3877	283.5499878
3878	283.6000061
3879	283.4500122
3880	283.4500122
3881	283.2600098
3882	283.2600098
3883	283.3200073
3884	283.4500122
3885	283.5100098
3886	283.5499878
3887	283.5100098
3888	283.4100037
3889	283.2999878
3890	283.3699951
3891	283.2799988
3892	283.2399902
3893	283.2799988
3894	283.4899902
3895	283.6400146
3896	283.6799927
3897	284.1000061
3898	284.2200012
3899	284.2000122
3900	284.3299866
3901	284.3099976
3902	284.3699951
3903	284.5
3904	284.6600037
3905	284.8299866
3906	284.8699951
3907	284.8699951
3908	284.9599915
3909	285.019989
3910	285.019989
3911	285.1600037
3912	285.1900024
3913	285.1199951
3914	285.1199951
3915	285.3500061
3916	285.3500061
3917	285.4200134
3918	285.519989
3919	285.5599976
3920	285.5400085
3921	285.519989
3922	285.6900024
3923	285.7099915
3924	285.6900024
3925	285.6000061
3926	285.6700134
3927	285.6900024
3928	285.6700134
3929	285.7099915
3930	285.6900024
3931	285.6199951
3932	285.6900024
3933	285.6700134
3934	285.5799866
3935	285.6000061
3936	285.519989
3937	285.4200134
3938	285.4200134
3939	285.5
3940	285.519989
3941	285.5400085
3942	285.519989
3943	285.6199951
3944	285.75
3945	285.8299866
3946	285.8299866
3947	285.8800049
3948	285.8099976
3949	285.7900085
3950	285.7900085
3951	285.6900024
3952	285.8099976
3953	285.8099976
3954	285.8099976
3955	285.8099976
3956	285.8299866
3957	285.8299866
3958	285.8099976
3959	285.8800049
3960	285.9599915
3961	285.8999939
3962	285.9400024
3963	285.9200134
3964	285.8999939
3965	285.8999939
3966	286.0799866
3967	286.0799866
3968	285.980011
3969	286.0599976
3970	285.9200134
3971	285.7099915
3972	285.6900024
3973	285.6499939
3974	285.6000061
3975	285.75
3976	285.8500061
3977	285.8099976
3978	285.8099976
3979	285.7900085
3980	285.8500061
3981	285.8299866
3982	285.9599915
3983	285.9400024
3984	285.8999939
3985	285.8999939
3986	285.8099976
3987	285.8500061
3988	285.9400024
3989	285.8500061
3990	285.7900085
3991	285.730011
3992	285.75
3993	285.7900085
3994	285.8099976
3995	285.8500061
3996	285.9400024
3997	286.0400085
3998	286.0799866
3999	286.1300049
4000	286.25
4001	286.2099915
4002	286.3399963
4003	286.3099976
4004	286.230011
4005	286.0400085
4006	286
4007	285.9599915
4008	286
4009	285.8800049
4010	285.8999939
4011	285.8500061
4012	285.8099976
4013	285.8299866
4014	285.6700134
4015	285.7099915
4016	285.8800049
4017	285.8800049
4018	285.9200134
4019	285.8099976
4020	285.730011
4021	285.769989
4022	285.730011
4023	285.730011
4024	285.730011
4025	285.8299866
4026	285.8999939
4027	285.7900085
4028	285.8099976
4029	285.769989
4030	285.8099976
4031	285.8299866
4032	286.0599976
4033	286.1099854
4034	286.0599976
4035	285.8999939
4036	285.9200134
4037	285.980011
4038	285.8800049
4039	285.8299866
4040	285.8500061
4041	285.8800049
4042	285.8500061
4043	285.7900085
4044	285.9400024
4045	285.980011
4046	286.0400085
4047	286.0599976
4048	286.0799866
4049	286.0799866
4050	286.0799866
4051	286.2099915
4052	286.2099915
4053	286.2099915
4054	286.2099915
4055	286.2099915
4056	286.2099915
4057	286.1700134
4058	286.1499939
4059	286.0799866
4060	286.0400085
4061	285.9599915
4062	285.9400024
4063	285.9400024
4064	286.0400085
4065	286.0400085
4066	286.0400085
4067	286.0599976
4068	286
4069	286
4070	286
4071	285.730011
4072	285.6499939
4073	285.5599976
4074	285.519989
4075	285.4400024
4076	285.1900024
4077	284.9299927
4078	283.7200012
4079	283.2200012
4080	282.3399963
4081	281.3200073
4082	280.8599854
4083	279.8500061
4084	279.4299927
4085	278.7200012
4086	278.3299866
4087	277.9500122
4088	277.9500122
4089	277.3399963
4090	277.1300049
4091	277.0700073
4092	277.0899963
4093	277.2000122
4094	277.3900146
4095	277.3900146
4096	277.4700012
4097	277.4899902
4098	277.5100098
4099	277.4500122
4100	277.5700073
4101	277.6199951
4102	277.5899963
4103	277.7600098
4104	277.9899902
4105	278.1000061
4106	278.5400085
4107	278.7399902
4108	278.7200012
4109	278.8299866
4110	279.0799866
4111	279.1600037
4112	279.4299927
4113	279.6400146
4114	279.730011
4115	279.7900085
4116	279.9400024
4117	280.0599976
4118	280.1199951
4119	280.230011
4120	280.230011
4121	280.5
4122	280.6499939
4123	280.730011
4124	280.8800049
4125	280.8800049
4126	280.980011
4127	280.980011
4128	281.0700073
4129	281.2099915
4130	281.25
4131	281.3200073
4132	281.4400024
4133	281.5299988
4134	281.5299988
4135	281.6300049
4136	281.7600098
4137	281.7600098
4138	281.8399963
4139	281.9400024
4140	281.9200134
4141	281.8999939
4142	281.9599915
4143	281.9400024
4144	281.9400024
4145	282.0899963
4146	282.0899963
4147	282.1700134
4148	282.2200012
4149	282.2999878
4150	282.2399902
4151	282.2200012
4152	282.2200012
4153	282.2799988
4154	282.3399963
4155	282.3399963
4156	282.3399963
4157	282.4899902
4158	282.4700012
4159	282.4700012
4160	282.5299988
4161	282.5899963
4162	282.6300049
4163	282.7200012
4164	282.7399902
4165	282.7200012
4166	282.7200012
4167	282.7600098
4168	282.7000122
4169	282.7399902
4170	282.7200012
4171	282.7200012
4172	282.7600098
4173	282.7999878
4174	282.9100037
4175	282.8599854
4176	282.8900146
4177	282.6600037
4178	282.4899902
4179	282.4500122
4180	282.4700012
4181	282.5899963
4182	282.6600037
4183	282.7399902
4184	282.8200073
4185	282.8399963
4186	282.8900146
4187	282.8399963
4188	282.8200073
4189	282.8599854
4190	282.8200073
4191	282.8200073
4192	282.9700012
4193	283.0299988
4194	283.0299988
4195	282.9899902
4196	282.9299927
4197	282.9299927
4198	282.9299927
4199	283.2000122
4200	283.2600098
4201	283.3500061
4202	283.2999878
4203	283.2000122
4204	283.2399902
4205	283.2399902
4206	283.1400146
4207	283.1400146
4208	283.1799927
4209	283.2799988
4210	283.3200073
4211	283.3200073
4212	283.2600098
4213	283.2600098
4214	283.2600098
4215	283.2200012
4216	283.2399902
4217	283.2799988
4218	283.2600098
4219	283.2799988
4220	283.2399902
4221	283.1600037
4222	283.0100098
4223	282.9299927
4224	282.9299927
4225	282.8200073
4226	282.8900146
4227	282.9899902
4228	283.2200012
4229	283.3200073
4230	283.3200073
4231	283.1400146
4232	283.1199951
4233	283.2000122
4234	283.2600098
4235	283.2799988
4236	283.2799988
4237	283.2799988
4238	283.2999878
4239	283.3500061
4240	283.3500061
4241	283.3900146
4242	283.4100037
4243	283.4100037
4244	283.4299927
4245	283.5299988
4246	283.5499878
4247	283.5299988
4248	283.4100037
4249	283.2999878
4250	283.2600098
4251	283.2600098
4252	283.1799927
4253	283.1600037
4254	283.0700073
4255	283.0100098
4256	282.9700012
4257	282.9899902
4258	283.0100098
4259	282.9899902
4260	282.9299927
4261	282.9700012
4262	283.0299988
4263	283.1199951
4264	283.2000122
4265	283.2399902
4266	283.1199951
4267	282.9899902
4268	283.0100098
4269	283.0100098
4270	283.1400146
4271	283.0700073
4272	283.1600037
4273	283.2799988
4274	283.4100037
4275	283.3699951
4276	283.3699951
4277	283.3699951
4278	283.3200073
4279	283.3200073
4280	283.4100037
4281	283.4299927
4282	283.4299927
4283	283.3699951
4284	283.2999878
4285	283.2600098
4286	283.3500061
4287	283.3500061
4288	283.2999878
4289	283.2399902
4290	283.2000122
4291	283.2799988
4292	283.3200073
4293	283.2799988
4294	283.2999878
4295	283.2600098
4296	283.3200073
4297	283.2999878
4298	283.2000122
4299	283.3200073
4300	283.4100037
4301	283.4100037
4302	283.3900146
4303	283.3500061
4304	283.3699951
4305	283.2600098
4306	283.2799988
4307	283.1799927
4308	283.1799927
4309	283.0299988
4310	283.0499878
4311	283.1199951
4312	283.2799988
4313	283.3200073
4314	283.3900146
4315	283.3900146
4316	283.3500061
4317	283.4299927
4318	283.4500122
4319	283.4700012
4320	283.4899902
4321	283.3699951
4322	283.3900146
4323	283.3900146
4324	283.4299927
4325	283.4100037
4326	283.3900146
4327	283.4299927
4328	283.4500122
4329	283.3900146
4330	283.3200073
4331	283.3500061
4332	283.3699951
4333	283.2799988
4334	283.2999878
4335	283.1600037
4336	283.2000122
4337	283.1799927
4338	283.2000122
4339	283.2000122
4340	283.2000122
4341	283.1400146
4342	283.1400146
4343	283.1600037
4344	283.1600037
4345	283.1799927
4346	283.1799927
4347	283.1799927
4348	283.1799927
4349	283.2799988
4350	283.3699951
4351	283.4500122
4352	283.4100037
4353	283.4299927
4354	283.3699951
4355	283.4700012
4356	283.5799866
4357	283.7200012
4358	283.9500122
4359	283.9700012
4360	283.9100037
4361	283.8099976
4362	283.5100098
4363	283.5299988
4364	283.5799866
4365	283.5499878
4366	283.6600037
4367	283.7000122
4368	283.7799988
4369	283.9500122
4370	283.9500122
4371	284.1799927
4372	284.1799927
4373	284.519989
4374	284.6000061
4375	284.6000061
4376	284.7000122
4377	284.8500061
4378	285.0400085
4379	285.0400085
4380	285.2900085
4381	285.3500061
4382	285.2900085
4383	285.1400146
4384	285.1199951
4385	285.25
4386	285.25
4387	285.5
4388	285.5799866
4389	285.6499939
4390	285.5799866
4391	285.519989
4392	285.480011
4393	285.5400085
4394	285.5400085
4395	285.6199951
4396	285.6700134
4397	285.769989
4398	285.769989
4399	285.6700134
4400	285.6499939
4401	285.519989
4402	285.5
4403	285.5
4404	285.5599976
4405	285.6199951
4406	285.8299866
4407	285.9200134
4408	285.8999939
4409	285.8500061
4410	285.75
4411	285.75
4412	285.75
4413	285.7900085
4414	285.8099976
4415	285.7900085
4416	285.8099976
4417	285.8299866
4418	285.8299866
4419	285.769989
4420	285.8099976
4421	285.8500061
4422	285.9200134
4423	286
4424	286.0400085
4425	286.1300049
4426	286.25
4427	286.25
4428	286.3399963
4429	286.25
4430	286.1499939
4431	286.1900024
4432	286.1700134
4433	286.0400085
4434	286.0599976
4435	286.0400085
4436	286.0799866
4437	286.0599976
4438	286.1099854
4439	286.0799866
4440	285.9599915
4441	285.980011
4442	286
4443	286
4444	285.9599915
4445	285.980011
4446	285.9400024
4447	285.980011
4448	285.9599915
4449	285.9200134
4450	285.9200134
4451	285.7900085
4452	285.8099976
4453	285.8800049
4454	285.8999939
4455	285.8800049
4456	286.0400085
4457	286.0400085
4458	286.1300049
4459	286.0599976
4460	286.0400085
4461	286.019989
4462	285.980011
4463	285.8800049
4464	285.8099976
4465	285.8500061
4466	285.8800049
4467	285.769989
4468	285.75
4469	285.769989
4470	285.6700134
4471	285.6700134
4472	285.730011
4473	285.6499939
4474	285.769989
4475	285.980011
4476	286.0599976
4477	286.1099854
4478	286.1499939
4479	286.230011
4480	286.1700134
4481	286.25
4482	286.25
4483	286.1300049
4484	286.0799866
4485	286.1099854
4486	286.1300049
4487	286.0599976
4488	286.1300049
4489	286.1300049
4490	286.1900024
4491	286.25
4492	286.1900024
4493	286.269989
4494	286.230011
4495	286.230011
4496	286.1700134
4497	286.019989
4498	285.9599915
4499	285.9200134
4500	285.8500061
4501	285.75
4502	285.7099915
4503	285.730011
4504	285.730011
4505	285.769989
4506	285.730011
4507	285.8500061
4508	285.8999939
4509	285.980011
4510	285.9400024
4511	286
4512	286.0400085
4513	286.1099854
4514	286.0400085
4515	286
4516	285.9400024
4517	285.8999939
4518	285.9200134
4519	285.7900085
4520	285.6199951
4521	285.6199951
4522	285.5599976
4523	285.6199951
4524	285.6700134
4525	285.6700134
4526	285.6000061
4527	285.5799866
4528	285.5799866
4529	285.6499939
4530	285.6900024
4531	285.769989
4532	285.8500061
4533	285.7900085
4534	285.7900085
4535	285.7900085
4536	285.8299866
4537	285.75
4538	285.7099915
4539	285.6199951
4540	285.6199951
4541	285.6900024
4542	285.75
4543	285.8099976
4544	285.7900085
4545	285.8299866
4546	285.730011
4547	285.6499939
4548	285.5799866
4549	285.4200134
4550	284.980011
4551	284.519989
4552	283.9100037
4553	283.9100037
4554	282.6300049
4555	281.7099915
4556	281.2999878
4557	280.4599915
4558	279.6900024
4559	278.8099976
4560	278.8099976
4561	277.8699951
4562	277.4899902
4563	277.3200073
4564	277.0100098
4565	276.7999878
4566	276.7999878
4567	276.8399963
4568	277.0299988
4569	277.2600098
4570	277.3399963
4571	277.5700073
4572	277.7200012
4573	277.7799988
4574	277.8200073
4575	277.8699951
4576	277.8900146
4577	278.0799866
4578	278.2799988
4579	278.3500061
4580	278.4899902
4581	278.6600037
4582	278.8699951
4583	278.9700012
4584	279.2000122
4585	279.5400085
4586	279.6900024
4587	279.7900085
4588	279.8699951
4589	280
4590	280.1700134
4591	280.3299866
4592	280.3299866
4593	280.5
4594	280.6300049
4595	280.6900024
4596	280.8399963
4597	280.8999939
4598	280.9200134
4599	280.9200134
4600	280.7900085
4601	280.8599854
4602	280.980011
4603	281.0700073
4604	281.2099915
4605	281.230011
4606	281.2099915
4607	281.3200073
4608	281.3399963
4609	281.4400024
4610	281.5499878
4611	281.5700073
4612	281.480011
4613	281.5700073
4614	281.5899963
4615	281.6300049
4616	281.7099915
4617	281.7799988
4618	281.7799988
4619	281.8800049
4620	281.9599915
4621	282.0299988
4622	282.0499878
4623	282.1099854
4624	282.1099854
4625	282.2000122
4626	282.2999878
4627	282.3599854
4628	282.5100098
4629	282.5100098
4630	282.5700073
4631	282.5700073
4632	282.6600037
4633	282.6799927
4634	282.7200012
4635	282.7799988
4636	282.7999878
4637	282.7399902
4638	282.7399902
4639	282.9299927
4640	282.7799988
4641	282.7799988
4642	282.8200073
4643	282.8900146
4644	282.8599854
4645	282.9100037
4646	283.0100098
4647	283.0499878
4648	282.9700012
4649	282.9899902
4650	283.0100098
4651	283.0299988
4652	283.0899963
4653	283.1600037
4654	283.0899963
4655	283.0499878
4656	283.0499878
4657	283.0499878
4658	282.8900146
4659	282.9500122
4660	282.9500122
4661	283.0100098
4662	283.1199951
4663	283.1199951
4664	283.2600098
4665	283.2000122
4666	283.1799927
4667	283.2200012
4668	283.2399902
4669	283.2000122
4670	283.2000122
4671	283.1799927
4672	283.2000122
4673	283.1799927
4674	283.1600037
4675	283.2600098
4676	283.2200012
4677	283.3200073
4678	283.2999878
4679	283.3200073
4680	283.3699951
4681	283.3500061
4682	283.2399902
4683	283.2600098
4684	283.2600098
4685	283.1600037
4686	283.1400146
4687	283.2000122
4688	283.3200073
4689	283.2999878
4690	283.2799988
4691	283.1799927
4692	283.0899963
4693	283.0299988
4694	282.8900146
4695	282.8900146
4696	282.9299927
4697	282.9899902
4698	283.0100098
4699	283.1400146
4700	283.1799927
4701	283.2200012
4702	283.2200012
4703	283.3200073
4704	283.4299927
4705	283.4299927
4706	283.3699951
4707	283.2799988
4708	283.2000122
4709	283.2000122
4710	283.2399902
4711	283.2600098
4712	283.2000122
4713	283.0499878
4714	282.9899902
4715	283.0499878
4716	283.1199951
4717	283.2200012
4718	283.2999878
4719	283.3500061
4720	283.2600098
4721	283.2200012
4722	283.2000122
4723	283.1799927
4724	283.0899963
4725	283.0700073
4726	283.2200012
4727	283.2799988
4728	283.3900146
4729	283.3699951
4730	283.4100037
4731	283.4100037
4732	283.4899902
4733	283.4100037
4734	283.4100037
4735	283.4899902
4736	283.4500122
4737	283.4500122
4738	283.4500122
4739	283.4500122
4740	283.4700012
4741	283.4700012
4742	283.4500122
4743	283.4700012
4744	283.5799866
4745	283.4899902
4746	283.5100098
4747	283.5799866
4748	283.5799866
4749	283.5499878
4750	283.4299927
4751	283.4700012
4752	283.4700012
4753	283.5299988
4754	283.5100098
4755	283.4899902
4756	283.3699951
4757	283.4299927
4758	283.4500122
4759	283.3900146
4760	283.4299927
4761	283.2399902
4762	283.2000122
4763	283.0700073
4764	282.9700012
4765	282.9100037
4766	282.9100037
4767	282.8900146
4768	282.7999878
4769	282.8599854
4770	282.7600098
4771	282.7600098
4772	282.7600098
4773	282.7600098
4774	282.8599854
4775	282.9899902
4776	283.0499878
4777	283.2000122
4778	283.3200073
4779	283.3900146
4780	283.3900146
4781	283.4500122
4782	283.4700012
4783	283.5100098
4784	283.5100098
4785	283.4899902
4786	283.4700012
4787	283.3900146
4788	283.4299927
4789	283.3699951
4790	283.2799988
4791	283.1799927
4792	283.1799927
4793	283.1400146
4794	283.1799927
4795	283.2799988
4796	283.2399902
4797	283.2399902
4798	283.3200073
4799	283.2600098
4800	283.2200012
4801	283.2200012
4802	283.3200073
4803	283.3900146
4804	283.5299988
4805	283.5299988
4806	283.5100098
4807	283.3900146
4808	283.4500122
4809	283.4500122
4810	283.4299927
4811	283.4100037
4812	283.4100037
4813	283.4299927
4814	283.4500122
4815	283.4899902
4816	283.4500122
4817	283.4500122
4818	283.4100037
4819	283.4299927
4820	283.3699951
4821	283.4500122
4822	283.5100098
4823	283.6199951
4824	283.5100098
4825	283.4700012
4826	283.5299988
4827	283.6199951
4828	283.5499878
4829	283.7000122
4830	283.7799988
4831	283.8299866
4832	283.9899902
4833	283.9899902
4834	283.8900146
4835	283.7000122
4836	283.7000122
4837	283.7000122
4838	283.6600037
4839	283.6799927
4840	283.6400146
4841	283.7799988
4842	283.9299927
4843	284.0599976
4844	284.0599976
4845	284.4700012
4846	284.75
4847	284.769989
4848	284.9299927
4849	285.0599976
4850	285.230011
4851	285.230011
4852	285.3500061
4853	285.3500061
4854	285.3500061
4855	285.4400024
4856	285.519989
4857	285.5400085
4858	285.5599976
4859	285.7099915
4860	285.6900024
4861	285.5799866
4862	285.5799866
4863	285.519989
4864	285.519989
4865	285.5799866
4866	285.6000061
4867	285.6499939
4868	285.5799866
4869	285.5400085
4870	285.6000061
4871	285.75
4872	285.8099976
4873	285.7900085
4874	285.75
4875	285.75
4876	285.75
4877	285.8999939
4878	285.9200134
4879	285.9200134
4880	285.9599915
4881	285.9400024
4882	285.9599915
4883	285.9599915
4884	285.9200134
4885	285.8999939
4886	285.8800049
4887	285.9200134
4888	285.9599915
4889	286
4890	286
4891	286
4892	286.0799866
4893	286.1300049
4894	286.0400085
4895	286.0400085
4896	285.9599915
4897	285.8500061
4898	285.9200134
4899	285.8500061
4900	285.7900085
4901	285.8500061
4902	285.75
4903	285.730011
4904	285.7900085
4905	285.730011
4906	285.9400024
4907	285.9200134
4908	286.0400085
4909	285.980011
4910	286.0599976
4911	286.0599976
4912	286.1300049
4913	286.0799866
4914	285.980011
4915	285.980011
4916	285.8800049
4917	285.730011
4918	285.6900024
4919	285.75
4920	285.8999939
4921	286
4922	286
4923	286.0599976
4924	286
4925	285.9400024
4926	285.9400024
4927	286.0599976
4928	286.1099854
4929	286.1099854
4930	286.019989
4931	286.0599976
4932	285.9599915
4933	285.9400024
4934	285.9200134
4935	285.9200134
4936	286.0799866
4937	286
4938	285.9400024
4939	285.9200134
4940	286
4941	285.9599915
4942	286.1300049
4943	286.2099915
4944	286.3599854
4945	286.3099976
4946	286.3599854
4947	286.3599854
4948	286.230011
4949	286.1900024
4950	286.0799866
4951	286.1099854
4952	285.9599915
4953	286.019989
4954	286.019989
4955	286.0400085
4956	285.9599915
4957	285.8999939
4958	286.019989
4959	286.1099854
4960	286.1300049
4961	286.1300049
4962	286.1499939
4963	286.0599976
4964	286.0599976
4965	286.0599976
4966	286.0400085
4967	286.019989
4968	285.9599915
4969	286.019989
4970	286.0400085
4971	286.0599976
4972	286.1099854
4973	286.1099854
4974	285.980011
4975	286.019989
4976	286.019989
4977	286.0799866
4978	286.0599976
4979	286.1300049
4980	286.1499939
4981	286.1300049
4982	286.1099854
4983	286.0400085
4984	285.980011
4985	285.8999939
4986	285.8999939
4987	285.8999939
4988	286
4989	286.0599976
4990	286.1700134
4991	286.3599854
4992	286.3800049
4993	286.3800049
4994	286.3399963
4995	286.25
4996	286.1499939
4997	286.1499939
4998	286.0400085
4999	286.0400085
5000	286
5001	285.9400024
5002	286.0599976
5003	286.1300049
5004	286.3099976
5005	286.3099976
5006	286.1700134
5007	286.230011
5008	286.019989
5009	285.980011
5010	285.8800049
5011	285.769989
5012	285.75
5013	285.75
5014	285.7099915
5015	285.6199951
5016	285.730011
5017	285.9200134
5018	285.9200134
5019	285.8800049
5020	285.75
5021	285.6199951
5022	285.3299866
5023	285.0400085
5024	284.7000122
5025	284.7000122
5026	283.7000122
5027	282.7000122
5028	282.0899963
5029	280.9400024
5030	279.9400024
5031	279.1000061
5032	279.1000061
5033	278.1600037
5034	277.7799988
5035	277.5899963
5036	277.3399963
5037	277.2200012
5038	277.1300049
5039	277.0899963
5040	277.1099854
5041	277.0899963
5042	277.2000122
5043	277.2200012
5044	277.2799988
5045	277.4700012
5046	277.5499878
5047	277.9100037
5048	278.0100098
5049	278.2000122
5050	278.3699951
5051	278.4100037
5052	278.6199951
5053	278.6799927
5054	278.8900146
5055	279.0400085
5056	279.25
5057	279.25
5058	279.6199951
5059	279.8500061
5060	280
5061	280.1499939
5062	280.3500061
5063	280.6099854
5064	280.6099854
5065	280.8399963
5066	280.8399963
5067	281
5068	280.9599915
5069	281
5070	281.1700134
5071	281.1700134
5072	281.230011
5073	281.2999878
5074	281.3399963
5075	281.2999878
5076	281.269989
5077	281.2999878
5078	281.3599854
5079	281.480011
5080	281.6499939
5081	281.730011
5082	281.6700134
5083	281.6499939
5084	281.6700134
5085	281.6700134
5086	281.7799988
5087	281.8599854
5088	281.9200134
5089	282.0299988
5090	282.1300049
5091	282.2799988
5092	282.2999878
5093	282.3599854
5094	282.5100098
5095	282.5299988
5096	282.5299988
5097	282.3800049
5098	282.3399963
5099	282.4299927
5100	282.4700012
5101	282.6099854
5102	282.7200012
5103	282.7200012
5104	282.6300049
5105	282.5899963
5106	282.5899963
5107	282.7799988
5108	282.7999878
5109	282.8200073
5110	282.8200073
5111	282.7000122
5112	282.6600037
5113	282.6300049
5114	282.7399902
5115	282.8900146
5116	282.9500122
5117	282.9700012
5118	282.9100037
5119	282.9500122
5120	282.9500122
5121	282.9500122
5122	282.9500122
5123	283.0499878
5124	283.0899963
5125	283.1600037
5126	283.0499878
5127	283.1600037
5128	283.1600037
5129	283.1400146
5130	283.1600037
5131	283.1400146
5132	282.9700012
5133	282.9299927
5134	283.0299988
5135	283.0299988
5136	283.0700073
5137	283.1199951
5138	283.1400146
5139	283.1799927
5140	283.1600037
5141	283.0700073
5142	283.0700073
5143	283.0899963
5144	283.1400146
5145	283.1600037
5146	283.2999878
5147	283.4100037
5148	283.4100037
5149	283.3900146
5150	283.2600098
5151	283.1799927
5152	283.1199951
5153	283.2000122
5154	283.2799988
5155	283.3200073
5156	283.4100037
5157	283.3900146
5158	283.2799988
5159	283.2399902
5160	283.2200012
5161	283.2399902
5162	283.3500061