1	317.1
2	316.3
3	317.5
4	315.9
5	316.6
6	316.2
7	315.7
8	317
9	316.8
10	316.9
11	316
12	317.4
13	316.9
14	316.2
15	316.6
16	317.1
17	316
18	318
19	317.2
20	315.3
21	316.9
22	316.6
23	316
24	316.8
25	317.1
26	317.9
27	316.2
28	316.5
29	317.1
30	316.2
31	316.6
32	316.8
33	316.5
34	316.6
35	316.9
36	317.6
37	316.2
38	316.7
39	316.8
40	316.4
41	317.4
42	315.8
43	315.9
44	317.2
45	316.4
46	316.8
47	316.5
48	317.1
49	316.4
50	316.9
51	316.2
52	316.7
53	316.6
54	315.9
55	316.7
56	316.7
57	317.5
58	316.9
59	316.1
60	316.4
61	316.7
62	317.2
63	316.5
64	316
65	316.6
66	318.5
67	316.1
68	316
69	315.9
70	317.2
71	316.6
72	317.2
73	315.5
74	315.9
75	316.2
76	317.3
77	316.5
78	317.1
79	316
80	316.2
81	316.8
82	317.3
83	316.6
84	315.8
85	317.1
86	316.6
87	317.5
88	316.1
89	316.6
90	315.8
91	316.6
92	316.7
93	315.8
94	315.8
95	316.1
96	316.6
97	316.7
98	315.9
99	315.6
100	316.8
101	316.7
102	316.3
103	317.3
104	318.5
105	317
106	318.4
107	320
108	320.1
109	321.7
110	320.4
111	323.4
112	323.2
113	324.2
114	325.7
115	325.4
116	325.7
117	327.5
118	326.9
119	327.4
120	327.5
121	328.2
122	328.8
123	328
124	329.4
125	330.4
126	329.1
127	329.2
128	328.9
129	330.3
130	329.3
131	330.7
132	329.1
133	329.8
134	330
135	330.8
136	330.1
137	330.3
138	330.5
139	331
140	331
141	332
142	330.7
143	331.4
144	330.5
145	331
146	330.8
147	330.5
148	331
149	331.6
150	332
151	331.6
152	331.8
153	332.1
154	331.7
155	332.4
156	331.4
157	332
158	332
159	331.8
160	332.6
161	331.7
162	332
163	332.3
164	332.3
165	332
166	332.2
167	333
168	332.2
169	333.3
170	332.8
171	332.7
172	333
173	334.1
174	333.1
175	331.9
176	332.9
177	333
178	332.1
179	332.7
180	333.3
181	332.5
182	332.6
183	334.2
184	333.7
185	332.8
186	333.2
187	333.9
188	333.8
189	333.3
190	333.5
191	333.1
192	332.2
193	332
194	332.9
195	333.1
196	332.3
197	332.9
198	334
199	333.3
200	333
201	333.4
202	333.5
203	334.3
204	334.7
205	333
206	333.3
207	333.5
208	333.6
209	333.7
210	332.9
211	332.8
212	333.8
213	333.7
214	334.7
215	334.9
216	334.7
217	334.8
218	334.6
219	334.1
220	333.6
221	333.6
222	334.6
223	335
224	334.2
225	334.3
226	334
227	333.9
228	335.3
229	333.9
230	334.6
231	335.6
232	334.2
233	334.3
234	334.8
235	334.9
236	334.6
237	334.4
238	335.8
239	334.9
240	335.2
241	336.2
242	334.2
243	334.2
244	334.6
245	334.6
246	334.3
247	334.6
248	334.7
249	336.4
250	334.5
251	333.6
252	336
253	334.6
254	335.9
255	334.5
256	334.9
257	334.9
258	334.1
259	335.2
260	334.8
261	334.1
262	335.3
263	335.2
264	333.9
265	334.9
266	335.9
267	334.6
268	334
269	334.9
270	335.6
271	333.9
272	335.1
273	325.9
274	334.3
275	334.5
276	333.3
277	335.6
278	334.6
279	334.3
280	333
281	333.9
282	333.6
283	334.9
284	333.6
285	332.7
286	332.8
287	331.6
288	330.5
289	329.7
290	326.3
291	323.9
292	319.5
293	315.9
294	311.4
295	309.2
296	306.6
297	305
298	304.2
299	302.4
300	302.6
301	301.8
302	302.3
303	302.1
304	304
305	304.6
306	305.6
307	305.8
308	306.7
309	306.6
310	307
311	308.6
312	309.4
313	310.5
314	311.1
315	312.1
316	310.7
317	311.1
318	310.4
319	311.3
320	311.7
321	313.4
322	313.3
323	313.3
324	313.2
325	312.8
326	313.5
327	313.9
328	313.9
329	314.3
330	315.6
331	313.6
332	314.1
333	314.4
334	315.6
335	314.4
336	315.6
337	314.3
338	315
339	316.6
340	316.1
341	315.5
342	315.7
343	315.1
344	316.2
345	316.8
346	315
347	315.4
348	314.3
349	315.9
350	316.3
351	317
352	315.9
353	315.8
354	314.7
355	315.8
356	316.2
357	316.2
358	315.6
359	316.2
360	315.9
361	315.4
362	315.9
363	317
364	315.6
365	316.1
366	315
367	316.3
368	315.9
369	316.3
370	315.9
371	315.9
372	315.9
373	315.6
374	316.1
375	316.4
376	316.9
377	316.9
378	317.2
379	315.6
380	315.7
381	316
382	316.6
383	315.8
384	317.1
385	316.5
386	316.7
387	316.3
388	316.8
389	316.1
390	315.9
391	316.5
392	316.4
393	317
394	316.6
395	317.2
396	316
397	316
398	315.1
399	316.2
400	315
401	316.4
402	316.2
403	316.4
404	317
405	316.2
406	317.8
407	315.9
408	316
409	315.9
410	316.2
411	315
412	316.6
413	317.2
414	316.3
415	316.8
416	316.2
417	317.5
418	315.3
419	315.9
420	316
421	317.1
422	316.6
423	316.2
424	315.5
425	315.6
426	315.5
427	316.8
428	316.6
429	316.1
430	316.4
431	317
432	316.2
433	316.6
434	316.4
435	315.8
436	316.8
437	315.8
438	315.5
439	316.5
440	316.9
441	315.6
442	315.6
443	316.6
444	314.6
445	316.1
446	316.4
447	316.9
448	314.7
449	316.2
450	315.5
451	315.1
452	316.6
453	316.2
454	315
455	316.2
456	316.1
457	315.3
458	316
459	315.9
460	315.4
461	316.2
462	316.1
463	314.4
464	315.6
465	314.6
466	314.6
467	316.2
468	315.9
469	315.1
470	315.9
471	316.2
472	315
473	315.2
474	316.1
475	315.5
476	315.6
477	316.2
478	315.3
479	316
480	315.9
481	315.7
482	317
483	315.1
484	316.6
485	317.4
486	315.4
487	316.1
488	317.5
489	314.9
490	316
491	316.1
492	314.5
493	315.5
494	316.2
495	315
496	314.3
497	315.4
498	315.6
499	315
500	316.3
501	315.5
502	314.8
503	316.1
504	314.6
505	314.9
506	315.3
507	316.1
508	314
509	315.8
510	315
511	315.1
512	315.9
513	314.5
514	314.9
515	314.6
516	315
517	315.1
518	315.1
519	315.1
520	316.6
521	314.4
522	315.3
523	314.1
524	314.9
525	315.4
526	314.1
527	314
528	315.6
529	314.2
530	315.8
531	315.5
532	314.3
533	314.6
534	315.5
535	314.4
536	314.5
537	315.9
538	314.6
539	314.6
540	315.2
541	314.3
542	314.3
543	315.6
544	314.3
545	314.2
546	314.9
547	315.4
548	315
549	315.3
550	316.1
551	314.2
552	315.5
553	315.6
554	313.8
555	314.8
556	315.3
557	314.4
558	315.3
559	315.3
560	314.6
561	315.1
562	315.3
563	314.7
564	314.4
565	315
566	314.7
567	315
568	314.5
569	315
570	315
571	315.8
572	314.4
573	314
574	315.4
575	315.1
576	314.7
577	316.6
578	316
579	315.9
580	316.9
581	318.2
582	319.6
583	319.2
584	321
585	323.5
586	323.3
587	324.3
588	324.9
589	326.1
590	326.6
591	326.2
592	327.1
593	327.2
594	328.5
595	328.4
596	328.2
597	328.5
598	327.8
599	329.7
600	329.2
601	330.1
602	329.3
603	330.3
604	329.1
605	328.8
606	329
607	329.8
608	329.7
609	329.7
610	331
611	330.8
612	331.7
613	332.3
614	330.9
615	331.4
616	331.3
617	332.8
618	333
619	332.1
620	332
621	332.4
622	331.9
623	330.8
624	331.2
625	331.8
626	332.1
627	332.5
628	333.9
629	333.3
630	332.1
631	331.5
632	331.9
633	331.7
634	332.6
635	332.3
636	332
637	331.9
638	332
639	332
640	332.1
641	331.8
642	333.6
643	333.9
644	332
645	332.1
646	332.3
647	332.6
648	334.3
649	333.2
650	333
651	332.7
652	332.9
653	333.6
654	332.7
655	333.2
656	334
657	334
658	333.6
659	332.7
660	332.7
661	333
662	332.9
663	333.1
664	335.2
665	334.7
666	334.3
667	333.5
668	333.5
669	333
670	333.6
671	334.3
672	333.1
673	332.9
674	333.9
675	333.7
676	333.3
677	333.3
678	334.2
679	333
680	334
681	333.6
682	333.9
683	333.9
684	333.3
685	333.8
686	333.7
687	333.4
688	333.9
689	333.7
690	334.4
691	334.9
692	334.5
693	334.7
694	334.4
695	335.4
696	334.3
697	335.1
698	334.3
699	333.8
700	334.5
701	335.6
702	334.6
703	334.9
704	333.9
705	334.2
706	334.7
707	335.2
708	335.2
709	335.2
710	333.6
711	334.3
712	334.3
713	336.4
714	334.6
715	334.9
716	334.1
717	335
718	335.1
719	335
720	334.6
721	335.1
722	334.7
723	335.3
724	335.6
725	334.9
726	334.9
727	335.2
728	335
729	335.1
730	336.2
731	334.9
732	336.1
733	334.7
734	335.1
735	334.7
736	334.9
737	334.8
738	335.4
739	334.3
740	334.7
741	334
742	334.4
743	334.7
744	335.6
745	334.9
746	335.2
747	334.9
748	334.5
749	335.2
750	333.8
751	334.9
752	334.7
753	334.9
754	334.9
755	335.2
756	334.4
757	334.2
758	334.3
759	333
760	332.5
761	330
762	329.4
763	325.7
764	323
765	318.8
766	315.8
767	311.1
768	308.6
769	306.6
770	304.1
771	302.2
772	300.6
773	300.8
774	299.2
775	300.2
776	298.7
777	300.3
778	298.8
779	299.4
780	299.7
781	300.2
782	301.8
783	301.5
784	303.8
785	303.9
786	305.6
787	305.3
788	306.1
789	306.7
790	306.1
791	306.5
792	307
793	306.6
794	308.1
795	307.6
796	308.3
797	309.3
798	309.8
799	309.8
800	309.5
801	310.1
802	310.8
803	310.9
804	311.4
805	311.3
806	311.1
807	311.7
808	311.8
809	311.7
810	311.3
811	311.5
812	311.5
813	312.5
814	311.8
815	311.9
816	311.6
817	312
818	312.3
819	312.1
820	311.4
821	313
822	313.3
823	312.4
824	312.5
825	313.5
826	311.7
827	313
828	313
829	311.9
830	312.3
831	313.7
832	312.4
833	312.4
834	312.7
835	313.7
836	312.9
837	313.3
838	314.6
839	313.4
840	313.4
841	313.7
842	313.8
843	312.4
844	313
845	313.2
846	312.3
847	313.1
848	312.6
849	312.2
850	312.3
851	313.6
852	313.3
853	313.7
854	313.7
855	313
856	313
857	313
858	314.6
859	313.1
860	313.3
861	313
862	312.9
863	313.7
864	313.6
865	314.2
866	312.8
867	313
868	313.9
869	312.6
870	312.8
871	313.6
872	313.1
873	313.5
874	313.8
875	313.4
876	312.3
877	312.9
878	313.5
879	313.8
880	314.2
881	314
882	313.3
883	313.3
884	314
885	313
886	313.5
887	313.6
888	312.7
889	313.4
890	312.4
891	312.9
892	313
893	312.6
894	313.1
895	313
896	313
897	312.7
898	313.8
899	313
900	313.5
901	312.7
902	313.7
903	312.8
904	314.2
905	313.5
906	315.3
907	313.3
908	314.2
909	313
910	314.4
911	314.2
912	313.8
913	314
914	312.3
915	314.3
916	313.6
917	314.4
918	313.6
919	313.3
920	314.1
921	313.3
922	313.9
923	313.5
924	313.6
925	314.3
926	313
927	313.3
928	313
929	314
930	313.7
931	312.1
932	314.2
933	313.3
934	312.9
935	314.2
936	313.3
937	313.8
938	313.2
939	313.3
940	313.7
941	313.7
942	313.3
943	313.2
944	313.7
945	314.1
946	317.2
947	319.2
948	318.5
949	318.4
950	317.9
951	318
952	318.8
953	318.6
954	317.7
955	317.9
956	318.9
957	319
958	318.5
959	318.5
960	317.5
961	318.4
962	318.5
963	317.9
964	318.1
965	318.2
966	318.8
967	318.2
968	318.6
969	318.7
970	317.9
971	318
972	318.2
973	318.7
974	317.8
975	318.9
976	318.3
977	318.9
978	318.4
979	318.4
980	319.3
981	318.6
982	318.7
983	317.8
984	318.8
985	318.5
986	318.6
987	318
988	317.5
989	318.5
990	318.2
991	317.9
992	317.9
993	317.7
994	317.2
995	318.8
996	317.7
997	318.5
998	318.3
999	318.1
1000	318.8
1001	318.3
1002	317.8
1003	318.2
1004	317.9
1005	319.1
1006	318.1
1007	318.2
1008	317
1009	318.7
1010	318.5
1011	318.4
1012	318
1013	318.6
1014	317.5
1015	317.6
1016	317.8
1017	317.9
1018	318.1
1019	318.2
1020	317.5
1021	318.8
1022	318.3
1023	318.1
1024	317.1
1025	317.6
1026	318
1027	318.2
1028	318.5
1029	316.9
1030	317.5
1031	317.6
1032	318.2
1033	317.7
1034	318.5
1035	317.4
1036	317.4
1037	318
1038	317.9
1039	317.7
1040	318.3
1041	317.5
1042	318.9
1043	318
1044	319.3
1045	317.9
1046	317.4
1047	318.7
1048	319.3
1049	318.6
1050	318.8
1051	319.6
1052	320.4
1053	322.8
1054	322.5
1055	324.6
1056	324.9
1057	325.3
1058	326.5
1059	327.3
1060	327.6
1061	327.5
1062	329.8
1063	329.1
1064	330.7
1065	330.4
1066	330.1
1067	330.1
1068	331.2
1069	330.6
1070	330.6
1071	330.5
1072	330.8
1073	332.3
1074	332
1075	331
1076	332
1077	331.3
1078	331.9
1079	331.7
1080	331.6
1081	332.3
1082	332.3
1083	332.3
1084	332
1085	332.1
1086	333.3
1087	332.1
1088	332.5
1089	332.8
1090	332.2
1091	332.8
1092	332.7
1093	332.9
1094	332.5
1095	333
1096	333.8
1097	332
1098	334.1
1099	332.9
1100	332.9
1101	333.7
1102	333.6
1103	333.7
1104	333
1105	333.9
1106	333.5
1107	333.6
1108	333
1109	330.7
1110	334.1
1111	334.3
1112	333.5
1113	333.1
1114	333.7
1115	334.3
1116	334.4
1117	333.3
1118	334.4
1119	334.5
1120	334.7
1121	334.5
1122	334.6
1123	334.3
1124	333.6
1125	334.6
1126	333.9
1127	333.3
1128	334.1
1129	334.3
1130	334.2
1131	333.3
1132	334.5
1133	334.6
1134	334.5
1135	335.4
1136	334.7
1137	333.5
1138	335
1139	334.5
1140	334.6
1141	334.8
1142	335.2
1143	334.6
1144	334.3
1145	335.6
1146	334.7
1147	335
1148	335.2
1149	334.5
1150	335.5
1151	334.7
1152	335.2
1153	335.6
1154	335.4
1155	334.9
1156	335.1
1157	334.9
1158	335
1159	335.7
1160	334.6
1161	335.8
1162	335.2
1163	334.6
1164	335.6
1165	335.6
1166	335.3
1167	336.6
1168	335.2
1169	335.3
1170	336.1
1171	335.2
1172	335.6
1173	336.3
1174	336.3
1175	335.4
1176	336.2
1177	336.2
1178	335.9
1179	335.9
1180	335.4
1181	336.2
1182	335.6
1183	335.6
1184	335.9
1185	335.2
1186	335.9
1187	335.2
1188	337.2
1189	335.8
1190	335.9
1191	335.1
1192	336.3
1193	336
1194	335.1
1195	337
1196	335.9
1197	336
1198	336
1199	336.3
1200	335.9
1201	335.9
1202	336.7
1203	336.5
1204	336.5
1205	336.5
1206	335.5
1207	335.9
1208	336.2
1209	337.1
1210	336
1211	335.9
1212	337.2
1213	336.3
1214	336.1
1215	336.6
1216	336.4
1217	337.2
1218	336.4
1219	336.1
1220	336.3
1221	336.3
1222	337.3
1223	336.9
1224	336.1
1225	336.9
1226	335.6
1227	335.7
1228	335.6
1229	334.9
1230	333.5
1231	331.7
1232	328
1233	324.8
1234	323.3
1235	319.4
1236	316.5
1237	313.1
1238	311.1
1239	308.2
1240	307
1241	305.7
1242	304.3
1243	304
1244	304.3
1245	303.9
1246	304.5
1247	304.9
1248	306.6
1249	306.6
1250	307.3
1251	307.3
1252	309.6
1253	309.3
1254	310.1
1255	311.1
1256	310.8
1257	312.6
1258	312.1
1259	312.8
1260	313
1261	315.2
1262	314.1
1263	314.8
1264	314.1
1265	315
1266	314.6
1267	315.4
1268	315.9
1269	316.1
1270	315.6
1271	315.5
1272	315.8
1273	316.8
1274	316.4
1275	316.6
1276	316.9
1277	316.6
1278	317.4
1279	316.7
1280	316
1281	317.5
1282	317.5
1283	316.8
1284	316.7
1285	316.9
1286	317.6
1287	316.5
1288	316.9
1289	317.8
1290	317.8
1291	317.2
1292	317.2
1293	317.7
1294	317.4
1295	318
1296	317.4
1297	318.3
1298	317.9
1299	317.8
1300	317.7
1301	315.5
1302	318.3
1303	317.7
1304	317.9
1305	317.2
1306	318.5
1307	317.7
1308	317.1
1309	318.4
1310	317.7
1311	317.5
1312	317.6
1313	317.9
1314	318.2
1315	317.7
1316	316.4
1317	319
1318	317.5
1319	316.8
1320	317.2
1321	318.2
1322	317.7
1323	317.5
1324	317.2
1325	317.9
1326	317.4
1327	317.7
1328	317.4
1329	317.2
1330	317.9
1331	317.9
1332	317.3
1333	317.6
1334	317.7
1335	318.2
1336	317
1337	317.4
1338	318.1
1339	317.9
1340	317.5
1341	317.7
1342	317.7
1343	318.1
1344	318.2
1345	317.8
1346	316.8
1347	317.9
1348	318.7
1349	317
1350	318.5
1351	317.6
1352	317.9
1353	318.1
1354	317.2
1355	317.4
1356	318.1
1357	318.3
1358	317.2
1359	317.5
1360	317.5
1361	318
1362	317.2
1363	317.1
1364	317.4
1365	317.3
1366	317.9
1367	318.1
1368	318.1
1369	317.8
1370	318.2
1371	317.9
1372	317.9
1373	317.3
1374	317.7
1375	318.1
1376	317.2
1377	317.3
1378	317.8
1379	317.5
1380	317.9
1381	317.5
1382	316.6
1383	317.5
1384	318
1385	317.4
1386	317.2
1387	317
1388	317.8
1389	317.2
1390	317.6
1391	317.1
1392	318.3
1393	317.5
1394	317.1
1395	316.9
1396	317
1397	317.7
1398	318.3
1399	317.6
1400	317.2
1401	316.9
1402	318.5
1403	317.5
1404	318.2
1405	317
1406	317.5
1407	317.6
1408	318.2
1409	317.8
1410	317.3
1411	316.6
1412	318
1413	317.7
1414	317.3
1415	316.8
1416	317.7
1417	317.5
1418	317.6
1419	316.6
1420	317.5
1421	317.6
1422	317.6
1423	316.9
1424	318.1
1425	318.2
1426	317.6
1427	317.5
1428	317.5
1429	317.3
1430	316.9
1431	317.6
1432	316.1
1433	318.1
1434	317.5
1435	317.3
1436	317.3
1437	316.9
1438	317.1
1439	317.5
1440	317.7
1441	316.9
1442	316.7
1443	317.2
1444	317.6
1445	317
1446	316.2
1447	316.3
1448	317.2
1449	317.2
1450	317.4
1451	317.3
1452	317.3
1453	317.7
1454	317.9
1455	316.6
1456	317.4
1457	316.6
1458	317.8
1459	317.4
1460	317.4
1461	317.1
1462	318.4
1463	317.2
1464	316.6
1465	316.6
1466	317.2
1467	317.5
1468	317.6
1469	316.7
1470	316.9
1471	317
1472	317.2
1473	316.6
1474	317.6
1475	316.5
1476	317.4
1477	317.5
1478	317.4
1479	317.2
1480	316.5
1481	317.3
1482	317.3
1483	318
1484	317.5
1485	316.7
1486	317.1
1487	317.8
1488	317.4
1489	317.6
1490	317.6
1491	316.5
1492	316.6
1493	316.6
1494	317
1495	316.9
1496	317.2
1497	316.2
1498	316.9
1499	316.8
1500	316.8
1501	317
1502	317.2
1503	317.1
1504	318.1
1505	317.1
1506	318
1507	317.3
1508	317.9
1509	317.4
1510	317.2
1511	316.5
1512	317.2
1513	317.2
1514	317.4
1515	317.8
1516	316.7
1517	317.5
1518	317.9
1519	316.9
1520	317.8
1521	318.2
1522	317.7
1523	317.7
1524	317.3
1525	319
1526	319.5
1527	319.5
1528	321.7
1529	322.1
1530	322.4
1531	323.1
1532	323.8
1533	324.9
1534	325.6
1535	326.2
1536	326.4
1537	326.2
1538	327.5
1539	328.8
1540	328.3
1541	328.4
1542	328.5
1543	327.8
1544	328.6
1545	328.5
1546	329.3
1547	329.5
1548	329.4
1549	329.2
1550	329.9
1551	330.1
1552	330.2
1553	328.7
1554	329.1
1555	330.4
1556	330.4
1557	329.6
1558	330.4
1559	329.8
1560	330.7
1561	330.6
1562	330.2
1563	329.8
1564	330.6
1565	331.3
1566	331
1567	332
1568	329.6
1569	330.8
1570	330.7
1571	331.3
1572	332.1
1573	331
1574	332.5
1575	330.2
1576	331.2
1577	332
1578	331.5
1579	331.9
1580	331.7
1581	331.7
1582	331.3
1583	331.7
1584	332.3
1585	332.3
1586	332.4
1587	332.9
1588	332.6
1589	331.7
1590	332.1
1591	332.3
1592	332
1593	332.3
1594	332.2
1595	331.4
1596	331.9
1597	332.1
1598	333
1599	332.1
1600	332.5
1601	331.6
1602	332.4
1603	332.4
1604	333.1
1605	332.5
1606	332.7
1607	332.5
1608	332
1609	332.5
1610	332.7
1611	332.7
1612	332
1613	333
1614	332.2
1615	333.3
1616	332.7
1617	332.8
1618	332.8
1619	332.1
1620	332.7
1621	333.2
1622	333.2
1623	332.8
1624	332.8
1625	333.4
1626	331.8
1627	332.3
1628	333.4
1629	332.7
1630	333.3
1631	332.3
1632	332.9
1633	332.2
1634	332.4
1635	332.7
1636	333
1637	333.5
1638	332.9
1639	333.5
1640	333.7
1641	332.6
1642	333.9
1643	333.5
1644	333.6
1645	333.6
1646	332.9
1647	333.3
1648	333
1649	333
1650	334.1
1651	333.6
1652	333.8
1653	333
1654	334.4
1655	333.4
1656	334.7
1657	333.6
1658	333.3
1659	332.9
1660	333.1
1661	334.6
1662	334
1663	333.3
1664	333.3
1665	333.8
1666	333.7
1667	335.1
1668	333.7
1669	333.8
1670	333.3
1671	333.1
1672	334.1
1673	333.8
1674	333.8
1675	333.3
1676	334.2
1677	333.6
1678	334.3
1679	334.5
1680	333.7
1681	333.7
1682	333.9
1683	334
1684	334.9
1685	334.8
1686	333.8
1687	333.9
1688	334.3
1689	334.6
1690	333.9
1691	334.3
1692	333.8
1693	334.4
1694	333.1
1695	333.7
1696	333.8
1697	334.3
1698	333.8
1699	334.1
1700	333.6
1701	334.3
1702	333.5
1703	333.5
1704	332.6
1705	331.7
1706	330
1707	328.2
1708	326.4
1709	323
1710	320.4
1711	316.5
1712	314.1
1713	311.4
1714	308.9
1715	308.5
1716	306.8
1717	306
1718	304.7
1719	303.5
1720	304.3
1721	304.8
1722	304.6
1723	304.4
1724	306.6
1725	304.5
1726	306.2
1727	307.4
1728	307.2
1729	308.7
1730	309.2
1731	309.9
1732	311.2
1733	310.7
1734	311.1
1735	311.4
1736	313.3
1737	312.6
1738	312.9
1739	314
1740	312.8
1741	313.5
1742	313.3
1743	313.8
1744	313.7
1745	314.1
1746	315
1747	314.3
1748	316.4
1749	314.4
1750	313.9
1751	315.2
1752	314
1753	315.4
1754	315.7
1755	315.7
1756	315.7
1757	315.6
1758	315
1759	315.6
1760	314.9
1761	316.5
1762	316.6
1763	316.6
1764	315.7
1765	316.2
1766	315.6
1767	316.4
1768	315.6
1769	316.3
1770	316.3
1771	316.3
1772	316.4
1773	316.6
1774	316.2
1775	316
1776	316.2
1777	315.3
1778	316.5
1779	315.4
1780	316.2
1781	315.6
1782	315.6
1783	316.2
1784	316.3
1785	315.6
1786	315.6
1787	315.3
1788	315.9
1789	316.1
1790	316.3
1791	316.1
1792	315.3
1793	316.1
1794	315.9
1795	316.1
1796	316.9
1797	316.4
1798	316.8
1799	315.6
1800	317.5
1801	316.5
1802	315.8
1803	316.6
1804	316.3
1805	316.8
1806	316.8
1807	316.2
1808	316.6
1809	315.8
1810	316.3
1811	315.5
1812	316.3
1813	316.9
1814	317.2
1815	316.4
1816	317.2
1817	315.9
1818	316.9
1819	316.6
1820	316.4
1821	316
1822	317
1823	317.2
1824	315.9
1825	316.5
1826	317
1827	316.3
1828	316.6
1829	316.9
1830	316.4
1831	315.9
1832	316.1
1833	316.4
1834	316.5
1835	316.4
1836	316.4
1837	316.6
1838	317
1839	317
1840	315.5
1841	316.8
1842	315.7
1843	316.7
1844	316.4
1845	316.5
1846	316.3
1847	317
1848	315.3
1849	316
1850	316.4
1851	316.6
1852	316.4
1853	316.1
1854	315.7
1855	316.4
1856	315.1
1857	316.3
1858	316.6
1859	316
1860	316.7
1861	316.3
1862	315.9
1863	316
1864	316.2
1865	316.3
1866	316.3
1867	316.8
1868	315.8
1869	316
1870	316.9
1871	315.4
1872	317.3
1873	315.6
1874	317.3
1875	316.6
1876	316.6
1877	317.1
1878	316.8
1879	316.2
1880	316.4
1881	316.6
1882	315.9
1883	315.8
1884	316
1885	317.1
1886	316.8
1887	315.8
1888	316.5
1889	316.2
1890	315.8
1891	317.2
1892	316.7
1893	315.9
1894	316.5
1895	315.6
1896	316.8
1897	316.2
1898	315.7
1899	315.8
1900	316.6
1901	315.6
1902	315.9
1903	316.5
1904	316.6
1905	316.9
1906	316.6
1907	316.6
1908	316.8
1909	316.7
1910	317
1911	316.5
1912	315.7
1913	316.7
1914	315.3
1915	315.9
1916	316.1
1917	315.4
1918	315.9
1919	316
1920	316
1921	316.2
1922	316.6
1923	315.1
1924	317.2
1925	316.3
1926	316.5
1927	316.8
1928	316
1929	316.3
1930	316.8
1931	315.4
1932	316
1933	316.4
1934	317.2
1935	317.9
1936	315.8
1937	316.8
1938	316.6
1939	316.1
1940	316.2
1941	316.6
1942	316.3
1943	316.4
1944	316.7
1945	315.8
1946	316
1947	315.1
1948	315.9
1949	316.2
1950	314.4
1951	316.1
1952	317.2
1953	316.2
1954	315.9
1955	316.7
1956	315.9
1957	317
1958	316.9
1959	316
1960	315.9
1961	316.6
1962	313.2
1963	316.8
1964	316.9
1965	316.6
1966	317.2
1967	315.8
1968	315.9
1969	316.2
1970	316
1971	316.4
1972	315.3
1973	316
1974	316.4
1975	316.6
1976	316.8
1977	316.9
1978	316.2
1979	316
1980	316.4
1981	316.7
1982	315.6
1983	315.9
1984	316.3
1985	316.3
1986	316.6
1987	316.2
1988	316.4
1989	316.5
1990	316.4
1991	316.9
1992	316.5
1993	315.6
1994	315.9
1995	316.8
1996	317
1997	317.9
1998	318.4
1999	318.8
2000	319.1
2001	319.5
2002	321.1
2003	322.4
2004	322.5
2005	323.3
2006	323.6
2007	325.3
2008	325.3
2009	325.1
2010	325.4
2011	326.3
2012	326.7
2013	326.3
2014	327.2
2015	326.5
2016	327.6
2017	327.7
2018	327.8
2019	328
2020	327.9
2021	328.5
2022	327.1
2023	328.5
2024	327.8
2025	328
2026	329.3
2027	328.5
2028	329.4
2029	329.1
2030	329.3
2031	328.8
2032	328.8
2033	329.8
2034	328.9
2035	329.4
2036	329.8
2037	329.8
2038	329.8
2039	330
2040	331
2041	329.4
2042	330.1
2043	330.6
2044	329.8
2045	330
2046	330.6
2047	330
2048	329.1
2049	330.3
2050	330.4
2051	330.8
2052	330.8
2053	330.1
2054	331
2055	331.4
2056	330.3
2057	330.6
2058	330.5
2059	331.5
2060	330.4
2061	330.9
2062	331
2063	331.4
2064	331.4
2065	330.7
2066	331
2067	330.7
2068	331.6
2069	330
2070	331.4
2071	330.2
2072	331.2
2073	331.4
2074	331.1
2075	330.7
2076	331.5
2077	331.4
2078	331.1
2079	330.7
2080	332
2081	331.1
2082	331.4
2083	331.7
2084	331.5
2085	331.8
2086	331.9
2087	331.8
2088	332
2089	332
2090	332.2
2091	332.6
2092	332.7
2093	332.4
2094	332.1
2095	332.4
2096	332.3
2097	332.2
2098	332
2099	332.5
2100	332.1
2101	332.7
2102	332.3
2103	332.3
2104	332.7
2105	332.7
2106	332.8
2107	332.7
2108	332.1
2109	332.5
2110	332.7
2111	332.3
2112	331.7
2113	332.7
2114	332.1
2115	332.2
2116	333.1
2117	332.7
2118	332.7
2119	332.3
2120	332
2121	333.2
2122	332.7
2123	332.7
2124	333.3
2125	332.7
2126	333.3
2127	332.4
2128	332.6
2129	331.8
2130	332.3
2131	332.9
2132	332.7
2133	332.3
2134	332.7
2135	332.6
2136	332.9
2137	332
2138	333.3
2139	333.1
2140	333.1
2141	333.3
2142	333
2143	333.6
2144	332.3
2145	333.6
2146	333.3
2147	333.3
2148	332.6
2149	333
2150	331.9
2151	333.4
2152	333.1
2153	332.8
2154	332.8
2155	332.8
2156	333.6
2157	332.7
2158	333.2
2159	333.9
2160	332.7
2161	333.6
2162	333
2163	332
2164	332.9
2165	332.7
2166	333.5
2167	333
2168	332.9
2169	332.3
2170	331.8
2171	332.9
2172	331.9
2173	332.2
2174	332.4
2175	332.7
2176	331.6
2177	330.1
2178	329.3
2179	327.8
2180	325.6
2181	322.2
2182	319.1
2183	316.9
2184	314.9
2185	312.1
2186	309
2187	308.4
2188	305.6
2189	304
2190	303
2191	303.5
2192	304.3
2193	304
2194	304
2195	304.7
2196	305.6
2197	306
2198	306
2199	307.6
2200	307.9
2201	307.9
2202	308.7
2203	309.6
2204	310.6
2205	310.3
2206	311.6
2207	311.4
2208	311.7
2209	311.7
2210	312.6
2211	313.3
2212	313.3
2213	314
2214	312.7
2215	313.9
2216	313
2217	314
2218	314.4
2219	314.2
2220	313
2221	314.6
2222	315.6
2223	314.2
2224	314.5
2225	315.3
2226	314.6
2227	314.8
2228	315.1
2229	315.3
2230	315
2231	314.6
2232	315.3
2233	315
2234	314.7
2235	315
2236	315.2
2237	315.2
2238	315
2239	316.2
2240	315.3
2241	315.3
2242	315.6
2243	315.7
2244	314.7
2245	315.5
2246	315.6
2247	314.6
2248	315.3
2249	315.7
2250	315
2251	315.7
2252	315.3
2253	314.8
2254	315.6
2255	315.5
2256	315.4
2257	315.4
2258	314.8
2259	315.9
2260	315.2
2261	315.4
2262	315.6
2263	315.5
2264	315.3
2265	316.2
2266	315
2267	315.4
2268	315.3
2269	315.5
2270	315.9
2271	315.2
2272	315.9
2273	314.1
2274	316
2275	315.2
2276	315
2277	315.9
2278	315
2279	315.2
2280	315.8
2281	314.9
2282	315
2283	315.6
2284	315.4
2285	315.1
2286	314.5
2287	315.1
2288	315.5
2289	315.5
2290	315.3
2291	315.4
2292	315.6
2293	315.7
2294	315
2295	314.7
2296	314.5
2297	315.2
2298	315.7
2299	315.3
2300	315
2301	315
2302	315.9
2303	316
2304	316.6
2305	315.2
2306	315
2307	316
2308	315.3
2309	314.9
2310	315.3
2311	315.4
2312	316.4
2313	315.9
2314	315.1
2315	315.6
2316	315.6
2317	314.5
2318	315.4
2319	314.7
2320	314.6
2321	315.6
2322	315.9
2323	314.6
2324	315.6
2325	314.3
2326	315.7
2327	315.3
2328	315
2329	315.9
2330	314.6
2331	315.1
2332	315.5
2333	315.3
2334	314.8
2335	315
2336	314.9
2337	315.8
2338	316.7
2339	314.8
2340	314.5
2341	315.4
2342	314.4
2343	314.4
2344	315.6
2345	314.7
2346	314.1
2347	315.1
2348	315.6
2349	314.6
2350	314.6
2351	315
2352	314.5
2353	314.9
2354	315
2355	314.7
2356	315.1
2357	315.3
2358	314.9
2359	315.2
2360	315.2
2361	314.6
2362	315.3
2363	314.4
2364	314.7
2365	315.2
2366	314.6
2367	315.9
2368	313.9
2369	314.6
2370	315.5
2371	315.1
2372	315.6
2373	314.3
2374	315.6
2375	315.3
2376	314.3
2377	313.7
2378	314.5
2379	314.7
2380	314.9
2381	315.1
2382	314.9
2383	314.3
2384	315
2385	315.1
2386	315.7
2387	314.3
2388	315.3
2389	314.2
2390	315.1
2391	314.2
2392	314.8
2393	314.7
2394	314.9
2395	314.9
2396	314
2397	315.6
2398	314.6
2399	314.8
2400	313.8
2401	314.6
2402	314.2
2403	314.5
2404	315.2
2405	313.7
2406	313.7
2407	315.2
2408	313.9
2409	314.7
2410	314.2
2411	314.7
2412	314.7
2413	315
2414	315.2
2415	314.6
2416	314.7
2417	314.9
2418	314.7
2419	314.7
2420	315
2421	314.3
2422	314.2
2423	313.4
2424	313.5
2425	315
2426	314.4
2427	313.7
2428	313.7
2429	313.7
2430	314
2431	313.8
2432	313.3
2433	314.3
2434	315.1
2435	314
2436	313.7
2437	314.3
2438	314.5
2439	313.7
2440	315
2441	314.2
2442	314.1
2443	314.4
2444	313.7
2445	315.1
2446	314.2
2447	313.3
2448	314.5
2449	313.6
2450	314.6
2451	314.8
2452	314.2
2453	314.4
2454	314.3
2455	313.9
2456	313.6
2457	314.3
2458	314.5
2459	314.6
2460	314.4
2461	314
2462	314.7
2463	313.2
2464	314.8
2465	314.8
2466	314.6
2467	314.5
2468	314.6
2469	314.6
2470	315.5
2471	315.5
2472	317.1
2473	317.1
2474	318.3
2475	318.9
2476	318.8
2477	320.7
2478	320.8
2479	321.2
2480	321.2
2481	322
2482	322.7
2483	323
2484	324.3
2485	323.7
2486	324.9
2487	324.6
2488	324.8
2489	325.1
2490	325.1
2491	325.5
2492	324.3
2493	322.7
2494	321
2495	320.7
2496	320.9
2497	321.1
2498	321.3
2499	323
2500	323.8
2501	324.7
2502	325.3
2503	326.2
2504	326.2
2505	326.2
2506	325.7
2507	326.6
2508	327.1
2509	326.5
2510	328.5
2511	327.5
2512	328.2
2513	327.2
2514	327.8
2515	328.1
2516	327.4
2517	328.8
2518	327.2
2519	328.3
2520	327.8
2521	328.4
2522	330.1
2523	328.7
2524	329.1
2525	328.2
2526	329.9
2527	329.4
2528	330.2
2529	330.1
2530	329.9
2531	331
2532	331.4
2533	332
2534	331
2535	331.8
2536	331.8
2537	332.3
2538	332.3
2539	333.6
2540	333.5
2541	333.4
2542	334.6
2543	333.5
2544	333.6
2545	333.7
2546	334.6
2547	334.3
2548	334.6
2549	335
2550	334.9
2551	334.8
2552	336.1
2553	334.6
2554	336
2555	335.2
2556	335.4
2557	336.5
2558	335.1
2559	335.6
2560	335.9
2561	336.2
2562	335.4
2563	336
2564	336
2565	336.1
2566	336.2
2567	336.2
2568	336.4
2569	336.8
2570	336.5
2571	336.8
2572	336.6
2573	336.5
2574	337
2575	337.3
2576	337.1
2577	337.9
2578	337.2
2579	337.3
2580	337.2
2581	337.3
2582	337.9
2583	336.7
2584	336.9
2585	338.1
2586	338.1
2587	337.9
2588	337.5
2589	337.8
2590	338.4
2591	337.7
2592	337.2
2593	337.6
2594	337.5
2595	337.7
2596	337.9
2597	338.1
2598	338.1
2599	337.4
2600	338.1
2601	337.9
2602	339.2
2603	337.8
2604	338.7
2605	338.6
2606	338.4
2607	337.6
2608	338.1
2609	338.3
2610	338.5
2611	337.4
2612	338.1
2613	337.8
2614	337.7
2615	338.1
2616	338.2
2617	337.6
2618	337.5
2619	337.8
2620	339.1
2621	337.8
2622	338
2623	337.8
2624	338
2625	338.5
2626	338.5
2627	338.7
2628	338.9
2629	338.8
2630	338.7
2631	338.1
2632	338.9
2633	338.8
2634	338.9
2635	339.2
2636	339.4
2637	338.5
2638	338.1
2639	338.8
2640	339.1
2641	338.1
2642	337.9
2643	337.7
2644	338.2
2645	337.1
2646	337
2647	335.7
2648	335.5
2649	333.5
2650	332.6
2651	329.9
2652	327.2
2653	323.5
2654	320.5
2655	319.5
2656	316.9
2657	313.3
2658	312.1
2659	311.1
2660	308.9
2661	306.6
2662	307.1
2663	307.6
2664	306.8
2665	306.6
2666	308.2
2667	308
2668	308.3
2669	308.4
2670	310.4
2671	309.8
2672	311.1
2673	310.7
2674	311.5
2675	311.5
2676	312.8
2677	311.8
2678	313.3
2679	313.6
2680	314.1
2681	314.3
2682	314
2683	315
2684	314
2685	315.6
2686	315.9
2687	314.9
2688	315.6
2689	315
2690	315.6
2691	316.3
2692	315.8
2693	315.9
2694	316.1
2695	316.6
2696	317.6
2697	317.2
2698	316.3
2699	317.2
2700	317
2701	316.7
2702	316.8
2703	317
2704	317.1
2705	317.9
2706	318
2707	317.6
2708	317.4
2709	318
2710	318
2711	318.4
2712	317.7
2713	317.4
2714	317.4
2715	317.8
2716	318.4
2717	318.2
2718	317.7
2719	318.5
2720	318.5
2721	318.4
2722	318.3
2723	317.9
2724	318.2
2725	318.3
2726	318.5
2727	318.8
2728	318
2729	318.5
2730	319.4
2731	318.8
2732	318.5
2733	318.4
2734	318.4
2735	318.4
2736	319.2
2737	319
2738	319.4
2739	318.4
2740	318.7
2741	320.1
2742	318.4
2743	318.9
2744	319
2745	318.6
2746	319.3
2747	319.5
2748	319.3
2749	319.1
2750	318.3
2751	319.3
2752	319.8
2753	319.1
2754	319.5
2755	319.1
2756	319.3
2757	318.9
2758	319.5
2759	319.1
2760	319.1
2761	318.8
2762	319.5
2763	319.5
2764	320.1
2765	319.5
2766	319.2
2767	318.8
2768	319.2
2769	318.2
2770	319.5
2771	319
2772	319
2773	319.3
2774	319.1
2775	319.8
2776	320.3
2777	319
2778	319.9
2779	319.4
2780	319.7
2781	319.9
2782	319.1
2783	320.1
2784	320
2785	319.7
2786	319.2
2787	319.1
2788	319.5
2789	319.5
2790	319.2
2791	320
2792	318.8
2793	319.3
2794	319.5
2795	319.9
2796	320.2
2797	320.4
2798	318.7
2799	319.5
2800	319.3
2801	319.1
2802	319.8
2803	319.7
2804	319.8
2805	320.3
2806	319
2807	320.3
2808	320.5
2809	319.1
2810	319.5
2811	320
2812	319.5
2813	320
2814	318.9
2815	319.7
2816	320.7
2817	319.7
2818	320.1
2819	320.3
2820	319.3
2821	320.6
2822	320.2
2823	320
2824	319.8
2825	319.8
2826	319.5
2827	320.1
2828	320.4
2829	320.4
2830	320
2831	319.7
2832	319.4
2833	320.3
2834	319.8
2835	320.2
2836	319.6
2837	319.5
2838	319.5
2839	319.8
2840	320.4
2841	320.7
2842	319.1
2843	320.9
2844	319.8
2845	320.7
2846	320.9
2847	319.9
2848	319.5
2849	320.5
2850	319.8
2851	319.3
2852	319.2
2853	319.8
2854	319.4
2855	320.1
2856	319.5
2857	319.4
2858	320.4
2859	319.5
2860	320.7
2861	320.4
2862	319.6
2863	320.1
2864	319.2
2865	319.8
2866	319.7
2867	320.1
2868	320.9
2869	320.1
2870	320.4
2871	320
2872	319.5
2873	320.1
2874	319.4
2875	321.1
2876	319.6
2877	320.3
2878	320
2879	319
2880	320.2
2881	319.5
2882	320.1
2883	320.7
2884	319.8
2885	320.1
2886	319.7
2887	320.4
2888	320.9
2889	319.8
2890	320.1
2891	320.4
2892	320
2893	320.2
2894	320.4
2895	321
2896	319.4
2897	320.3
2898	320.6
2899	320.1
2900	319.6
2901	320.1
2902	320.7
2903	319.7
2904	320.3
2905	320.7
2906	320.1
2907	320.7
2908	319.7
2909	320.4
2910	321.1
2911	319.7
2912	320.4
2913	320.7
2914	320.4
2915	321.4
2916	321.1
2917	320.2
2918	321.2
2919	320.2
2920	320.9
2921	320.1
2922	320.7
2923	321
2924	319.3
2925	320.6
2926	319.6
2927	320.9
2928	320.4
2929	320.5
2930	320.3
2931	320.4
2932	319.6
2933	320.4
2934	320.4
2935	321.7
2936	320.9
2937	321.6
2938	321.7
2939	323.3
2940	322.9
2941	321.7
2942	322.3
2943	323.9
2944	324
2945	325
2946	325.9
2947	326.1
2948	327.3
2949	327.9
2950	328.2
2951	329.4
2952	329.8
2953	330.4
2954	331.2
2955	329.9
2956	330.7
2957	331.8
2958	332
2959	332.2
2960	332.4
2961	333
2962	333.2
2963	333.1
2964	332.4
2965	333.7
2966	331.8
2967	333.3
2968	334.1
2969	333.6
2970	333.3
2971	333.1
2972	333.5
2973	333.9
2974	334.2
2975	334.3
2976	334.5
2977	334.5
2978	334.6
2979	334.6
2980	335.2
2981	335.2
2982	334.3
2983	334.6
2984	334.1
2985	335.2
2986	334
2987	334.7
2988	335.2
2989	335.2
2990	334.9
2991	334.1
2992	335.2
2993	335.6
2994	335.7
2995	335.2
2996	335.6
2997	334.9
2998	335.5
2999	334.9
3000	336.9
3001	335.6
3002	335.7
3003	335.1
3004	335.2
3005	335.8
3006	336.2
3007	335.7
3008	336.4
3009	336.6
3010	335.9
3011	336.2
3012	336
3013	336.9
3014	336.3
3015	336.6
3016	336.1
3017	335.6
3018	336.9
3019	336.8
3020	335.6
3021	336.1
3022	336.2
3023	336.1
3024	336.2
3025	336
3026	336.6
3027	336.5
3028	336.9
3029	337.5
3030	337.1
3031	336.8
3032	336.5
3033	337.2
3034	336.2
3035	337.2
3036	337.3
3037	336.5
3038	337.5
3039	336.8
3040	337.1
3041	337.5
3042	336.5
3043	337.4
3044	337.7
3045	336.9
3046	337.1
3047	336.8
3048	336.9
3049	336.7
3050	336.8
3051	336.4
3052	336.5
3053	336.9
3054	337.4
3055	337.3
3056	336.1
3057	336.4
3058	336.3
3059	336
3060	336.8
3061	336
3062	336.8
3063	336.7
3064	336
3065	336.7
3066	336.5
3067	336.5
3068	336.5
3069	337.2
3070	336.8
3071	336.4
3072	337.4
3073	336.5
3074	336.5
3075	336.8
3076	337.2
3077	336.6
3078	337.4
3079	337.7
3080	336
3081	336.7
3082	337.8
3083	336.8
3084	337
3085	336.7
3086	337.1
3087	337.2
3088	337.6
3089	337.4
3090	336.8
3091	336.2
3092	336.5
3093	336.9
3094	337.3
3095	336.8
3096	336.8
3097	337
3098	336.7
3099	337
3100	337.4
3101	336.2
3102	337.3
3103	336.8
3104	337.2
3105	336.6
3106	336.8
3107	337
3108	336.5
3109	336.6
3110	336.4
3111	336.8
3112	337.1
3113	336.3
3114	337
3115	336.2
3116	335.9
3117	336
3118	336.3
3119	336.7
3120	335
3121	335
3122	333.3
3123	330.7
3124	328.5
3125	325.9
3126	324.1
3127	320.6
3128	317.1
3129	314
3130	311.5
3131	310.2
3132	309
3133	305.9
3134	306.9
3135	306.6
3136	307.2
3137	307
3138	307.3
3139	308.5
3140	308.1
3141	309.7
3142	310.8
3143	310.7
3144	312.4
3145	312.3
3146	313.4
3147	312.4
3148	313.9
3149	313.9
3150	314.6
3151	315.6
3152	316.1
3153	316.5
3154	316
3155	316.6
3156	317.2
3157	316.9
3158	316.9
3159	316.5
3160	317
3161	316.8
3162	317.1
3163	316.5
3164	317.6
3165	317.2
3166	317.7
3167	318.2
3168	317.6
3169	317.5
3170	317
3171	317.7
3172	318.2
3173	317.9
3174	318.2
3175	318.2
3176	319
3177	318.9
3178	319
3179	317.2
3180	318.7
3181	318.3
3182	318.8
3183	319.7
3184	318.4
3185	319.2
3186	318.5
3187	318.5
3188	319.5
3189	318.7
3190	319.3
3191	318.8
3192	318.9
3193	318.6
3194	318.8
3195	319
3196	318
3197	318.9
3198	318.7
3199	318.8
3200	318.2
3201	319.1
3202	318.4
3203	318.5
3204	319.2
3205	319.1
3206	319.8
3207	319.7
3208	319.5
3209	318.7
3210	319.6
3211	318.8
3212	319.5
3213	319.4
3214	320.1
3215	319.4
3216	319.2
3217	319.5
3218	319.2
3219	319.5
3220	319.6
3221	319.1
3222	319.5
3223	319.8
3224	318.7
3225	319.3
3226	318.9
3227	319.2
3228	318.8
3229	318.9
3230	319.2
3231	319.2
3232	319.3
3233	319.1
3234	319.4
3235	319
3236	319.9
3237	319.8
3238	319.1
3239	319.8
3240	319.7
3241	319.2
3242	319
3243	320
3244	319.8
3245	320.1
3246	320.3
3247	318.8
3248	320.1
3249	319.1
3250	318.8
3251	320.1
3252	320.1
3253	319.9
3254	320
3255	319.6
3256	320.4
3257	319.9
3258	320.4
3259	318.8
3260	319.7
3261	319.4
3262	320.6
3263	319.4
3264	320.2
3265	319.8
3266	319.2
3267	320
3268	319.5
3269	320.4
3270	319.1
3271	319.8
3272	320.1
3273	320.4
3274	320.5
3275	320.7
3276	320.6
3277	319.5
3278	320.2
3279	320.1
3280	319.8
3281	319.8
3282	319.5
3283	320.3
3284	320.9
3285	321.7
3286	320.3
3287	320.7
3288	319.8
3289	320
3290	319.8
3291	319.3
3292	319.2
3293	320.1
3294	320
3295	320.1
3296	319.5
3297	318.5
3298	319.4
3299	319.5
3300	319
3301	318.8
3302	318.5
3303	320.1
3304	320
3305	319.7
3306	319.5
3307	320
3308	319.7
3309	320.1
3310	320.1
3311	320.1
3312	320.5
3313	319.1
3314	319.8
3315	319.3
3316	319.8
3317	319.6
3318	319.8
3319	319.8
3320	320.1
3321	320.1
3322	319.4
3323	319.8
3324	320
3325	320.4
3326	319.5
3327	319.8
3328	319.3
3329	319.6
3330	320
3331	319.5
3332	319.7
3333	320.1
3334	319.5
3335	319.8
3336	320.7
3337	320.3
3338	319.8
3339	320.5
3340	319.9
3341	319.9
3342	319.3
3343	320.4
3344	320
3345	321
3346	319.8
3347	320.2
3348	319.8
3349	320.6
3350	320.3
3351	319.8
3352	320
3353	319.6
3354	320.1
3355	319.5
3356	319.9
3357	320.1
3358	320.1
3359	319.7
3360	320
3361	319.7
3362	319.8
3363	319.8
3364	319.4
3365	318.9
3366	319.5
3367	319.9
3368	319.6
3369	319
3370	320.1
3371	320.4
3372	319.8
3373	319.5
3374	319.6
3375	320.3
3376	320.7
3377	319.8
3378	319.8
3379	319.1
3380	319.1
3381	319.1
3382	319.3
3383	320.1
3384	319.6
3385	319.8
3386	319.1
3387	319.9
3388	319.8
3389	320
3390	319.9
3391	320.1
3392	320.4
3393	320.5
3394	319.8
3395	319.5
3396	319
3397	319.9
3398	320.1
3399	320.7
3400	319.8
3401	319.7
3402	319.4
3403	319.7
3404	319.5
3405	319.1
3406	319.7
3407	319
3408	320.1
3409	319.3
3410	319.8
3411	320
3412	319.3
3413	321.3
3414	320.1
3415	321.2
3416	321.7
3417	321.9
3418	322.6
3419	323.5
3420	324.9
3421	325.2
3422	325.9
3423	326.2
3424	327.3
3425	328
3426	328.6
3427	328.9
3428	329.2
3429	328.5
3430	328.8
3431	328.8
3432	329
3433	329.1
3434	330.2
3435	330.4
3436	330.1
3437	330.3
3438	329.8
3439	330.4
3440	331.1
3441	331.3
3442	331.6
3443	331.9
3444	330.9
3445	330.9
3446	330.9
3447	331.4
3448	330.7
3449	330.4
3450	331.3
3451	331.9
3452	332.1
3453	331.3
3454	331.8
3455	330.7
3456	332.4
3457	332.1
3458	331.7
3459	331.6
3460	332.1
3461	332.3
3462	333
3463	332.4
3464	333.1
3465	332.7
3466	333.4
3467	333
3468	333
3469	333.6
3470	333
3471	332
3472	332.3
3473	332.5
3474	333.1
3475	332.9
3476	333.2
3477	333.3
3478	333.8
3479	333.7
3480	333.5
3481	333.2
3482	333.8
3483	333.5
3484	333.4
3485	333.6
3486	334
3487	333.8
3488	333.4
3489	333.7
3490	334.2
3491	333.3
3492	333.6
3493	333.3
3494	333.6
3495	333.3
3496	333.7
3497	333
3498	333.9
3499	333.6
3500	334
3501	333
3502	333.9
3503	333.5
3504	333.4
3505	333.2
3506	334.2
3507	333.5
3508	334.3
3509	333.7
3510	334.4
3511	333.3
3512	334.3
3513	333.9
3514	333.9
3515	334.1
3516	334.6
3517	334.4
3518	334.8
3519	334.6
3520	334
3521	334.2
3522	333.9
3523	335.2
3524	334.5
3525	334.6
3526	334.2
3527	334.5
3528	334.3
3529	334.9
3530	334.6
3531	335.2
3532	334.7
3533	335.2
3534	334.9
3535	334.9
3536	334.9
3537	335.2
3538	335
3539	335.9
3540	335.1
3541	335.3
3542	335.2
3543	335
3544	335.2
3545	335.1
3546	335.1
3547	334.8
3548	334.6
3549	334.6
3550	334.6
3551	335.8
3552	335.8
3553	335.6
3554	334.8
3555	335.6
3556	334.2
3557	334.8
3558	333.9
3559	334.8
3560	335
3561	335.5
3562	335.2
3563	334.9
3564	334.5
3565	335.4
3566	335.4
3567	335.1
3568	335.4
3569	336.5
3570	335.4
3571	335.8
3572	335.6
3573	335.3
3574	335.6
3575	335
3576	335.5
3577	334.9
3578	335.4
3579	334.3
3580	335.3
3581	334.6
3582	335.2
3583	335.6
3584	335.6
3585	335.9
3586	335.9
3587	335.5
3588	335.3
3589	334.9
3590	335.1
3591	335.3
3592	334.6
3593	334.9
3594	333.4
3595	333.3
3596	330.7
3597	329.6
3598	327.4
3599	324.5
3600	320.7
3601	318.1
3602	314.7
3603	312.6
3604	310.7
3605	309
3606	308.2
3607	307.7
3608	306.6
3609	306.9
3610	306.3
3611	307.7
3612	308
3613	308.5
3614	308.5
3615	309.6
3616	310.1
3617	311
3618	312.3
3619	312
3620	313
3621	312.2
3622	313.4
3623	313.9
3624	315.2
3625	315.3
3626	315.8
3627	315.9
3628	314.9
3629	315.6
3630	315.7
3631	316.5
3632	316.8
3633	316.6
3634	315.5
3635	316
3636	317.2
3637	316.8
3638	316.8
3639	316.7
3640	316.8
3641	317.8
3642	317.8
3643	317.9
3644	317.9
3645	317.3
3646	317
3647	316.7
3648	317.2
3649	318.2
3650	317.3
3651	318.2
3652	317.6
3653	318.2
3654	316.9
3655	317.9
3656	317.2
3657	317.7
3658	317
3659	317.9
3660	318
3661	318.3
3662	318.1
3663	318
3664	318.8
3665	318.8
3666	319.1
3667	318.2
3668	319.5
3669	318.6
3670	318.5
3671	318.7
3672	318.6
3673	318.8
3674	319
3675	318.8
3676	319.1
3677	318.4
3678	319
3679	318.5
3680	318
3681	318.1
3682	318.5
3683	318.5
3684	318.5
3685	318.2
3686	317.7
3687	318.8
3688	317.7
3689	318.3
3690	317.4
3691	318.4
3692	317.5
3693	318.5
3694	317.9
3695	317.9
3696	317.5
3697	318
3698	318.4
3699	318.2
3700	318.5
3701	318.5
3702	318.2
3703	318
3704	318.4
3705	318
3706	318.2
3707	317.9
3708	317.5
3709	318.2
3710	318.2
3711	317.2
3712	317.9
3713	317.4
3714	318.4
3715	317.5
3716	317.8
3717	318.2
3718	317.2
3719	317.5
3720	317.7
3721	318.4
3722	317.5
3723	317.5
3724	318.6
3725	317.9
3726	317.8
3727	318.2
3728	318.5
3729	318.2
3730	317.2
3731	318
3732	318.7
3733	318.2
3734	318
3735	317.9
3736	317.8
3737	318.6
3738	318.4
3739	318.1
3740	318.4
3741	317.5
3742	318.1
3743	317.6
3744	318.1
3745	318.3
3746	318.2
3747	318.5
3748	318.2
3749	318
3750	318
3751	317.8
3752	318.6
3753	318
3754	318.2
3755	317.9
3756	318.4
3757	318.4
3758	318.5
3759	317.9
3760	317.9
3761	317.2
3762	318
3763	318.3
3764	318.5
3765	318.4
3766	318.2
3767	319.2
3768	318.7
3769	318.9
3770	318.8
3771	318.8
3772	318.3
3773	318.3
3774	317.5
3775	319
3776	318
3777	318.2
3778	318.2
3779	317.7
3780	317.7
3781	318.1
3782	318.2
3783	318.1
3784	318.4
3785	318.2
3786	317.9
3787	318.1
3788	318.2
3789	318.1
3790	318
3791	317.6
3792	318
3793	317.5
3794	318.2
3795	318.7
3796	318.5
3797	318
3798	317.6
3799	317.9
3800	318.4
3801	318.6
3802	317.5
3803	318.1
3804	317.3
3805	317.8
3806	317.5
3807	318.9
3808	317.5
3809	317.9
3810	318.4
3811	317.5
3812	317.5
3813	316.8
3814	317.8
3815	317.5
3816	318.6
3817	317.7
3818	317.9
3819	317.5
3820	318.3
3821	318
3822	317.6
3823	317.7
3824	317.6
3825	317.7
3826	318
3827	317.8
3828	318.1
3829	318.2
3830	317.8
3831	317.9
3832	317.2
3833	318.1
3834	317.1
3835	317.6
3836	317.9
3837	318.5
3838	317.9
3839	317.5
3840	316.9
3841	317.9
3842	318.3
3843	318.2
3844	318
3845	318.1
3846	317.7
3847	317.1
3848	318.5
3849	318
3850	316.9
3851	317.4
3852	317.9
3853	318.2
3854	318
3855	318.2
3856	317.3
3857	317.9
3858	317.7
3859	317.6
3860	317.2
3861	317.9
3862	317.9
3863	317.9
3864	317.9
3865	317.5
3866	317.6
3867	317.9
3868	317.5
3869	317.4
3870	316.8
3871	317.7
3872	316.9
3873	318
3874	317.2
3875	317.4
3876	318.8
3877	317.7
3878	318.3
3879	318.1
3880	317.5
3881	318.2
3882	319.1
3883	318.5
3884	317.7
3885	318.6
3886	319.1
3887	318.5
3888	318.9
3889	319.8
3890	320.5
3891	320.5
3892	321.8
3893	323
3894	324
3895	323.9
3896	324
3897	323.9
3898	325.2
3899	325
3900	325.2
3901	325.8
3902	325.7
3903	327
3904	327
3905	327.5
3906	328.5
3907	327.9
3908	327.5
3909	327.5
3910	327.8
3911	328.1
3912	328.5
3913	327.9
3914	329.2
3915	328
3916	329.4
3917	327.8
3918	328.9
3919	328.9
3920	329.4
3921	329.5
3922	329.4
3923	329.6
3924	328.9
3925	328.7
3926	329.1
3927	329.3
3928	329.1
3929	329.7
3930	329.4
3931	330.1
3932	329.3
3933	330.1
3934	330.1
3935	329.9
3936	329.7
3937	329.3
3938	329.5
3939	331
3940	331.4
3941	330.7
3942	330.6
3943	330.4
3944	330.8
3945	330.6
3946	331.3
3947	331.8
3948	331.2
3949	331.5
3950	331.1
3951	330.7
3952	331.4
3953	331.4
3954	331.1
3955	331.1
3956	331.4
3957	331.6
3958	331.4
3959	332
3960	331.9
3961	332.3
3962	331.1
3963	332
3964	331.4
3965	331.1
3966	330.8
3967	332.3
3968	332.5
3969	331.9
3970	331.9
3971	331.5
3972	331.5
3973	332.8
3974	332.7
3975	331.2
3976	333.1
3977	332
3978	332
3979	332
3980	331.7
3981	331.8
3982	332.6
3983	331.8
3984	332.4
3985	332.5
3986	330.9
3987	331.7
3988	331.7
3989	332
3990	332.2
3991	331.8
3992	331.7
3993	332.2
3994	332.1
3995	333
3996	332.1
3997	332.4
3998	332.3
3999	332.7
4000	332.7
4001	332.1
4002	333.3
4003	332.9
4004	332.6
4005	333
4006	332.2
4007	333.3
4008	333
4009	332.9
4010	332.5
4011	334
4012	333.2
4013	332.4
4014	332.5
4015	333.1
4016	333
4017	332
4018	332.6
4019	332.9
4020	332.7
4021	333
4022	332
4023	333.7
4024	333
4025	332.7
4026	332.7
4027	332.8
4028	333.5
4029	332.7
4030	333.6
4031	333.2
4032	333.2
4033	332.8
4034	332.2
4035	333.4
4036	333.3
4037	333.3
4038	332.6
4039	333.3
4040	332.5
4041	333.3
4042	332.7
4043	333.3
4044	332.9
4045	332.3
4046	333.2
4047	334
4048	333.6
4049	333.7
4050	333
4051	333.6
4052	333.8
4053	332.8
4054	332.7
4055	333.3
4056	332.7
4057	333.3
4058	333.6
4059	332.1
4060	332.7
4061	331.9
4062	332.6
4063	333.1
4064	332.4
4065	332.8
4066	332.2
4067	331.3
4068	331.2
4069	331
4070	329
4071	326.8
4072	325.5
4073	323
4074	318.8
4075	316.1
4076	313.9
4077	311.1
4078	309.2
4079	307.3
4080	306.9
4081	306.3
4082	306.6
4083	306.6
4084	306
4085	307.1
4086	307.9
4087	308.9
4088	307.6
4089	308.7
4090	310.1
4091	310.4
4092	310.8
4093	311.1
4094	312.1
4095	312.7
4096	312
4097	312.8
4098	314
4099	313.9
4100	314.3
4101	313.9
4102	314.3
4103	314.7
4104	314.5
4105	315.3
4106	315.6
4107	315.5
4108	315.4
4109	315.6
4110	316.4
4111	315.9
4112	315.9
4113	316.1
4114	316.6
4115	316.6
4116	315.3
4117	315.9
4118	317.3
4119	316.2
4120	316.7
4121	316.5
4122	316.9
4123	317.6
4124	316.7
4125	317.2
4126	317.6
4127	317.4
4128	317.2
4129	317
4130	317.7
4131	317.4
4132	317.2
4133	316.9
4134	317.6
4135	316.3
4136	317.3
4137	317.8
4138	315.9
4139	316.8
4140	317.4
4141	317.4
4142	317.3
4143	316.6
4144	316.8
4145	317.2
4146	317.7
4147	316.8
4148	316.9
4149	317.4
4150	317.8
4151	317.1
4152	317.5
4153	317.1
4154	317.5
4155	317.6
4156	316.6
4157	317.3
4158	317.7
4159	317.5
4160	318.2
4161	317.4
4162	317.2
4163	318.2
4164	317.9
4165	317.3
4166	317.2
4167	318.6
4168	317.9
4169	317.2
4170	316.9
4171	317.5
4172	317.4
4173	317.8
4174	317.2
4175	317.3
4176	317.5
4177	316.3
4178	317.4
4179	318.2
4180	316.9
4181	317.3
4182	317.9
4183	317
4184	316.8
4185	317.7
4186	317.7
4187	317.4
4188	317.7
4189	317.4
4190	317.5
4191	317.3
4192	317.2
4193	317.6
4194	317.5
4195	317.2
4196	317.9
4197	316.6
4198	317.8
4199	317.7
4200	316.6
4201	317.3
4202	317.9
4203	317.1
4204	317.1
4205	317.8
4206	317.1
4207	317.8
4208	316.9
4209	317.5
4210	316.9
4211	316.7
4212	317
4213	317.3
4214	317.2
4215	317.5
4216	317.5
4217	316.8
4218	316.5
4219	317.7
4220	317.2
4221	317.4
4222	317.9
4223	316.4
4224	317
4225	316.7
4226	316.6
4227	317.6
4228	318
4229	316.9
4230	316.5
4231	317.9
4232	317.2
4233	317.4
4234	317.8
4235	317.2
4236	317.3
4237	317.1
4238	316.8
4239	316.9
4240	317.5
4241	317.2
4242	317.4
4243	316.7
4244	316.7
4245	317
4246	317.8
4247	317.5
4248	317.5
4249	316.3
4250	316.8
4251	316.7
4252	317.1
4253	317.2
4254	317.9
4255	317
4256	317.2
4257	316.7
4258	316.7
4259	317.2
4260	317.3
4261	316.9
4262	316.7
4263	316.2
4264	316.2
4265	316.7
4266	316.4
4267	316.7
4268	315.8
4269	316.1
4270	315.6
4271	317.1
4272	316.5
4273	317.2
4274	316.2
4275	316.1
4276	315.8
4277	316.5
4278	315.9
4279	315.8
4280	316.6
4281	316.2
4282	316.6
4283	315.9
4284	316.5
4285	315.3
4286	316.2
4287	316.6
4288	315.8
4289	316.7
4290	316.3
4291	315.9
4292	316.2
4293	316.2
4294	316.5
4295	314.8
4296	315.9
4297	316.8
4298	315.3
4299	316.6
4300	316.2
4301	315.5
4302	316.1
4303	315.6
4304	315.8
4305	316.1
4306	315
4307	316.5
4308	316.2
4309	316.6
4310	317
4311	315.8
4312	315.4
4313	315.2
4314	315.8
4315	316
4316	315.9
4317	315.2
4318	315.5
4319	315.8
4320	315.6
4321	316.9
4322	315.1
4323	315.8
4324	315.6
4325	315.9
4326	314.7
4327	315.3
4328	315
4329	315
4330	315.8
4331	315.5
4332	315.6
4333	315
4334	315.3
4335	315
4336	315.9
4337	315.9
4338	315
4339	315.9
4340	314.9
4341	315
4342	315.3
4343	314.7
4344	315.1
4345	315.2
4346	315.3
4347	314.3
4348	315
4349	314.8
4350	314.2
4351	315.5
4352	315.4
4353	314.6
4354	315
4355	315.4
4356	314.9
4357	314.8
4358	315.1
4359	315
4360	315.4
4361	314.9
4362	315.9
4363	315.9
4364	317.3
4365	318.6
4366	319.4
4367	319.1
4368	319.7
4369	320
4370	320.6
4371	321.1
4372	321.6
4373	322.1
4374	323.1
4375	323.4
4376	323.2
4377	323.6
4378	324.1
4379	324.9
4380	324
4381	324.3
4382	324.2
4383	324.4
4384	324.6
4385	324.1
4386	325.4
4387	324.2
4388	324.6
4389	325.3
4390	325.2
4391	325.6
4392	324.6
4393	324.9
4394	324.7
4395	325.5
4396	324.8
4397	324.9
4398	326.3
4399	324.9
4400	325.5
4401	324.7
4402	325.6
4403	325.6
4404	325.2
4405	325.4
4406	325.2
4407	325.9
4408	325.1
4409	325.4
4410	326
4411	325.9
4412	325.9
4413	325.3
4414	326
4415	326.2
4416	325.9
4417	326.2
4418	327.5
4419	326.7
4420	326.7
4421	327.2
4422	326.7
4423	326.5
4424	325.9
4425	325.6
4426	325.9
4427	326.4
4428	326.5
4429	326.4
4430	326.5
4431	327
4432	327.1
4433	326.7
4434	326.9
4435	325.9
4436	326.3
4437	326.4
4438	326.5
4439	325.9
4440	326.3
4441	326.5
4442	326.8
4443	326.7
4444	326.6
4445	326.8
4446	326.1
4447	326.3
4448	325.1
4449	326.5
4450	325.8
4451	325.7
4452	326.4
4453	326.2
4454	326.6
4455	326.5
4456	326.4
4457	327
4458	326.9
4459	325.8
4460	326.8
4461	327.1
4462	325.9
4463	327.4
4464	327.1
4465	327.2
4466	327.2
4467	326.2
4468	326.5
4469	326.3
4470	326.9
4471	326.1
4472	326
4473	326.2
4474	325.9
4475	326.4
4476	326.6
4477	326.9
4478	326.6
4479	327.2
4480	325.7
4481	325.9
4482	326.1
4483	326.3
4484	325.6
4485	326.3
4486	326.1
4487	326.2
4488	326.2
4489	326.2
4490	326.5
4491	326.3
4492	327.2
4493	326.9
4494	326.6
4495	325.7
4496	326.1
4497	326.2
4498	326
4499	326.1
4500	325.9
4501	326.9
4502	326.2
4503	326.9
4504	326.7
4505	326.5
4506	326.8
4507	326.3
4508	326.5
4509	325.9
4510	326.2
4511	326
4512	326
4513	325.5
4514	325.9
4515	326.3
4516	326.1
4517	325.9
4518	326.1
4519	326.5
4520	326.7
4521	326.4
4522	325.6
4523	325.6
4524	326.5
4525	325.6
4526	325.9
4527	326.2
4528	325.9
4529	325.9
4530	325.8
4531	325.6
4532	326
4533	326.4
4534	326.5
4535	324.9
4536	325.3
4537	325.6
4538	325.2
4539	325.3
4540	325.3
4541	324.6
4542	324.7
4543	322.7
4544	321.8
4545	321.2
4546	317.8
4547	315.9
4548	313.1
4549	309.9
4550	307.3
4551	305
4552	303.5
4553	302.7
4554	301.8
4555	301.1
4556	301.5
4557	300.3
4558	302.2
4559	301.5
4560	302.1
4561	302.4
4562	302.7
4563	303.4
4564	303.8
4565	303.8
4566	305.6
4567	305.4
4568	305.3
4569	306.2
4570	306.5
4571	306.2
4572	307
4573	307.3
4574	307.4
4575	307.9
4576	308.3
4577	308
4578	308.7
4579	308
4580	308.1
4581	308.5
4582	309.2
4583	309.6
4584	309.4
4585	309.2
4586	309.3
4587	309.2
4588	309.3
4589	308.8
4590	309.6
4591	309.5
4592	309.5
4593	310.1
4594	309.5
4595	309.7
4596	309.5
4597	309.9
4598	310.4
4599	309.1
4600	309.7
4601	309.7
4602	309.8
4603	309.9
4604	310
4605	310.9
4606	309.6
4607	311
4608	310.1
4609	310.8
4610	311
4611	310.1
4612	310.7
4613	311.6
4614	310.4
4615	309.9
4616	309.5
4617	310.7
4618	310.8
4619	311
4620	310.6
4621	310.4
4622	310
4623	310.1
4624	310.6
4625	309.8
4626	310.9
4627	309.1
4628	310.2
4629	310.2
4630	310.3
4631	310.7
4632	311
4633	310.1
4634	311
4635	311.5
4636	310.4
4637	309.8
4638	309.8
4639	310.2
4640	310
4641	310.6
4642	310.3
4643	310.1
4644	311
4645	310.4
4646	310.7
4647	309.9
4648	310.2
4649	309.8
4650	309.8
4651	309.5
4652	310
4653	310.4
4654	310.5
4655	310.8
4656	309.8
4657	310.7
4658	310.6
4659	310.1
4660	310.5
4661	310.3
4662	310.6
4663	309
4664	310.3
4665	309.9
4666	309.7
4667	310.4
4668	310.7
4669	310.8
4670	309.7
4671	310.7
4672	309.9
4673	310.4
4674	310.2
4675	309.3
4676	310.3
4677	310.3
4678	309.9
4679	310.4
4680	311.4
4681	310.2
4682	309.6
4683	309.9
4684	310.4
4685	310.2
4686	310.9
4687	309.8
4688	310.4
4689	310.4
4690	310.5
4691	310.3
4692	311
4693	310.5
4694	310.4
4695	310.2
4696	310.8
4697	310.7
4698	310.8
4699	310.1
4700	310.6
4701	310.5
4702	310.8
4703	310.3
4704	310.3
4705	310.4
4706	310.6
4707	310.7
4708	310.8
4709	311.1
4710	310.3
4711	310.4
4712	310.8
4713	311
4714	310.4
4715	310.4
4716	311
4717	310
4718	311.7
4719	311.1
4720	310.3
4721	310.6
4722	310.3
4723	309.9
4724	309.9
4725	310.3
4726	310
4727	310.2
4728	310.4
4729	310.8
4730	310.9
4731	310.6
4732	309.7
4733	310.5
4734	309.9
4735	310.1
4736	310.7
4737	310.1
4738	310.1
4739	310
4740	311.1
4741	310.5
4742	311.1
4743	312.2
4744	310.4
4745	310.4
4746	310.8
4747	311.1
4748	311.2
4749	309.9
4750	310.8
4751	310.7
4752	310.2
4753	310.9
4754	310.7
4755	310.6
4756	310.4
4757	311
4758	311.1
4759	310.7
4760	310.4
4761	310.7
4762	309.8
4763	309.7
4764	310.1
4765	310.8
4766	309.4
4767	310.6
4768	311.1
4769	310.8
4770	310.4
4771	310.5
4772	310.2
4773	309.5
4774	309.8
4775	310.4
4776	309.4
4777	310.1
4778	310.8
4779	311.1
4780	310.4
4781	310.5
4782	310.6
4783	310.2
4784	310.4
4785	310.8
4786	310.3
4787	310.4
4788	311.4
4789	311.4
4790	310.8
4791	310.8
4792	310.4
4793	310.1
4794	310.1
4795	310.4
4796	310.1
4797	309.8
4798	309.9
4799	310.3
4800	310.1
4801	310
4802	310.5
4803	310.2
4804	310.8
4805	310.4
4806	310.5
4807	309.1
4808	309.8
4809	309.7
4810	309.8
4811	309.9
4812	310.1
4813	309.9
4814	311.1
4815	310.8
4816	310.5
4817	311.1
4818	310.4
4819	311.1
4820	310.7
4821	311.1
4822	310.9
4823	310.6
4824	310.1
4825	310.2
4826	310.8
4827	310.2
4828	310.2
4829	310.9
4830	310.4
4831	310.4
4832	309.9
4833	311.1
4834	310.9
4835	311.8
4836	311.7
4837	313.1
4838	313.7
4839	314.2
4840	315.5
4841	315.9
4842	316.8
4843	316.9
4844	317.5
4845	318.5
4846	318.1
4847	318.8
4848	319.5
4849	319.8
4850	320.1
4851	319.9
4852	319.7
4853	320.7
4854	321.8
4855	320.7
4856	320.4
4857	320.5
4858	321.2
4859	320.4
4860	321.2
4861	321.1
4862	321.4
4863	321.8
4864	321.7
4865	321.4
4866	321.1
4867	322
4868	322.4
4869	322
4870	321.6
4871	322.4
4872	322.4
4873	321.8
4874	321.7
4875	321.9
4876	322.4
4877	322.7
4878	322.7
4879	322.4
4880	323
4881	323
4882	322.5
4883	323.3
4884	322.7
4885	323.3
4886	323.3
4887	323.6
4888	322.7
4889	323
4890	323.5
4891	322.8
4892	322.7
4893	323.3
4894	322.9
4895	322.9
4896	323.1
4897	323.4
4898	322.5
4899	323.3
4900	323.1
4901	323.2
4902	323.7
4903	323.5
4904	323.3
4905	323.4
4906	323.8
4907	324.1
4908	324.2
4909	324.8
4910	324.4
4911	324.1
4912	323.8
4913	324.6
4914	324.4
4915	324
4916	324.2
4917	324.5
4918	324.7
4919	323.6
4920	323.9
4921	324
4922	324.5
4923	324.2
4924	324.3
4925	325.3
4926	324.3
4927	325.6
4928	324.6
4929	324.7
4930	324
4931	324.4
4932	324.2
4933	324.6
4934	324.3
4935	325.3
4936	325
4937	324.6
4938	324.9
4939	324.1
4940	325.3
4941	325.5
4942	325.9
4943	325.1
4944	325.4
4945	324.9
4946	325.5
4947	325.2
4948	325
4949	324.5
4950	326
4951	325.8
4952	325.3
4953	324.3
4954	325.2
4955	325.1
4956	325.6
4957	325.5
4958	325.6
4959	325.8
4960	325.1
4961	324.9
4962	325.9
4963	325.9
4964	325.6
4965	325.6
4966	325.1
4967	325.9
4968	325.5
4969	325.3
4970	325.5
4971	325.9
4972	326
4973	326.4
4974	326.3
4975	325.1
4976	325.8
4977	325.1
4978	325.5
4979	325.6
4980	325.3
4981	325.8
4982	325.8
4983	325.3
4984	325.3
4985	325.5
4986	325.9
4987	326.4
4988	326
4989	326.4
4990	325.7
4991	325.6
4992	326.8
4993	327.2
4994	326.6
4995	326.5
4996	326.9
4997	326.9
4998	326.8
4999	326.5
5000	326.2
5001	326.9
5002	326.2
5003	326.5
5004	326.9
5005	327.5
5006	326.6
5007	326.5
5008	326.5
5009	326
5010	325.9
5011	326.3
5012	325.5
5013	325.7
5014	326.3
5015	325.6
5016	324.7
5017	323.9
5018	320.9
5019	319.6
5020	316.6
5021	314.1
5022	312.4
5023	311
5024	307.9
5025	305.9
5026	304
5027	303.6
5028	302.3
5029	302.3
5030	302.3
5031	302.2
5032	303
5033	304
5034	302.6
5035	303.2
5036	303.4
5037	304.3
5038	305.2
5039	305.4
5040	306.5
5041	306.6
5042	307
5043	307.2
5044	308.4
5045	308.2
5046	308.6
5047	308
5048	309.2
5049	308.2
5050	309.2
5051	309
5052	309.8
5053	309.3
5054	310.3
5055	310.5
5056	310.6
5057	310.8
5058	311.7
5059	310.8
5060	310.8
5061	310.4
5062	311.1
5063	310.9
5064	310.7
5065	310.8
5066	310.9
5067	311.2
5068	310.8
5069	310.4
5070	310.8
5071	310.7
5072	311.7
5073	311.1
5074	311.4
5075	311
5076	311.3
5077	312
5078	310.8
5079	310.9
5080	311.4
5081	310.6
5082	311.1
5083	310.8
5084	311.8
5085	312.5
5086	311
5087	311.2
5088	311.6
5089	311.5
5090	311.7
5091	313
5092	311.4
5093	311.7
5094	311.2
5095	311.5
5096	311.3
5097	311.9
5098	311.3
5099	312.1
5100	312.1
5101	311.5
5102	310.8
5103	311.7
5104	311.4
5105	310.9
5106	311.6
5107	311.9
5108	311.7
5109	311.4
5110	311.7
5111	311.7
5112	311.4
5113	311.2
5114	311.7
5115	312.1
5116	311.6
5117	311.8
5118	311.2
5119	311.2
5120	311.7
5121	311.5
5122	311.4
5123	311.9
5124	311.2
5125	310.9
5126	311.8
5127	311.4
5128	311.1
5129	311.3
5130	311.7
5131	311
5132	310.9
5133	310.4
5134	311.4
5135	310.8
5136	311
5137	311
5138	310.5
5139	311.7
5140	312.1
5141	311.7
5142	311.8
5143	311.7
5144	311.8
5145	311.7
5146	311
5147	311.5
5148	311.2
5149	311.5
5150	311.4
5151	311
5152	311.1
5153	312.1
5154	310.8
5155	311.4
5156	311.5
5157	311.1
5158	310.8
5159	312.4
5160	311.5
5161	312
5162	311.4
5163	311.4
5164	312
5165	311.9
5166	312.1
5167	312
5168	311.7
5169	311.1
5170	311
5171	310.9
5172	311.4
5173	311.2
5174	311.3
5175	310.8
5176	311.4
5177	311.5
5178	312.1
5179	311.9
5180	311.9
5181	311.4
5182	311.2
5183	312.5
5184	311.5
5185	312
5186	311.1
5187	311.8
5188	312.2
5189	311.2
5190	311.9
5191	310.8
5192	311.6
5193	310.7
5194	311
5195	310.4
5196	311.6
5197	311.1
5198	311.1
5199	311.3
5200	311.1
5201	311
5202	311.8
5203	311.4
5204	311.1
5205	310.9
5206	311.1
5207	311.2
5208	311.1
5209	311
5210	311.3
5211	310.3
5212	311.7
5213	311.4
5214	311.2
5215	310.8
5216	311.4
5217	311.1
5218	311.6
5219	310.9
5220	311.5
5221	311.6
5222	311.4
5223	311
5224	311.4
5225	311.1
5226	311.4
5227	310.7
5228	311.7
5229	312
5230	311.7
5231	311.7
5232	311
5233	311.7
5234	311.2
5235	312.2
5236	311.4
5237	311
5238	311.2
5239	311.4
5240	311.4
5241	311.7
5242	311.5
5243	311.4
5244	310.9
5245	311.9
5246	311.4
5247	311.8
5248	312.1
5249	311.1
5250	311.7
5251	311.5
5252	311.4
5253	311.3
5254	311.8
5255	311.2
5256	311.4
5257	311.4
5258	312.1
5259	311.6
5260	311.5
5261	312.4
5262	310.5
5263	311.7
5264	311.4
5265	311.7
5266	310.5
5267	311.4
5268	311.1
5269	310.9
5270	310.9
5271	310.9
5272	310.8
5273	311
5274	311.4
5275	310.8
5276	310.9
5277	311.4
5278	310.6
5279	311.2
5280	310.9
5281	311.1
5282	312
5283	311.7
5284	311.4
5285	310.8
5286	312
5287	311.4
5288	312.2
5289	311.7
5290	311.4
5291	311.4
5292	310.8
5293	311.3
5294	311.5
5295	314.3
5296	311.7
5297	312.1
5298	312.1
5299	312
5300	311.4
5301	310.5
5302	311.6
5303	311.4
5304	311.3
5305	311.7
5306	312.3
5307	312.3
5308	312.8
5309	313.7
5310	313.9
5311	314.7
5312	315.4
5313	316.7
5314	316.6
5315	318.3
5316	318.3
5317	318.8
5318	319.1
5319	319.9
5320	319.8
5321	320.4
5322	321.1
5323	321.1
5324	321.9
5325	322.1
5326	322.3
5327	321.9
5328	321.7
5329	321.7
5330	322.4
5331	321.6
5332	322.3
5333	322.1
5334	323
5335	323
5336	322.5
5337	322.3
5338	323
5339	323.6
5340	323.4
5341	323.2
5342	322.8
5343	322.7
5344	323.9
5345	323.4
5346	323.3
5347	323.4
5348	324.6
5349	323.8
5350	324.6
5351	324.2
5352	324
5353	325.4
5354	325.4
5355	324.8
5356	324
5357	324.8
5358	323.9
5359	325.2
5360	324.7
5361	324.7
5362	324.9
5363	324.5
5364	324.4
5365	324.9
5366	325.4
5367	325.1
5368	325.5
5369	324.3
5370	324.6
5371	324.8
5372	325.2
5373	325.8
5374	325.6
5375	324.6
5376	325.6
5377	325.8
5378	326.1
5379	325.6
5380	325
5381	326.2
5382	326.4
5383	325.1
5384	326.8
5385	326.4
5386	325.6
5387	325.3
5388	326.2
5389	326.2
5390	325.3
5391	326.6
5392	325.7
5393	326
5394	326.5
5395	325.6
5396	325.2
5397	326.5
5398	326.5
5399	327.2
5400	325.7
5401	326.8
5402	326.3
5403	326.1
5404	326.2
5405	325.9
5406	326.4
5407	324.6
5408	325.8
5409	325.6
5410	326.3
5411	326.1
5412	326.5
5413	326.6
5414	326.9
5415	325.9
5416	327.4
5417	326.2
5418	327.7
5419	326.8
5420	327.6
5421	326.3
5422	326.7
5423	326.4
5424	326.2
5425	326.9
5426	326.9
5427	326.2
5428	327.5
5429	327.4
5430	327.1
5431	327.4
5432	327.2
5433	327.2
5434	326.7
5435	326.8
5436	327.5
5437	326.6
5438	327.9
5439	326.2
5440	327.2
5441	326.8
5442	326.8
5443	326.6
5444	327.3
5445	327.1
5446	327.8
5447	326.4
5448	327
5449	326.9
5450	327.3
5451	327.6
5452	327
5453	326.5
5454	326.5
5455	328
5456	327.3
5457	327.4
5458	327.1
5459	327.3
5460	327.3
5461	328
5462	327.6
5463	326.5
5464	327.4
5465	327.4
5466	328.2
5467	327.8
5468	326.4
5469	327.8
5470	328
5471	327.5
5472	327.6
5473	327.1
5474	327.2
5475	328
5476	328.2
5477	327.5
5478	327.3
5479	327.8
5480	328.2
5481	328
5482	327.2
5483	327.2
5484	327.3
5485	327.3
5486	326.4
5487	326.5
5488	326.3
5489	324.6
5490	323.6
5491	321.3
5492	318.5
5493	316.2
5494	312
5495	309.7
5496	307.3
5497	305.3
5498	303.1
5499	302.5
5500	300
5501	299.2
5502	296.9
5503	298
5504	298.9
5505	298.5
5506	300.5
5507	301.4
5508	302.5
5509	302.5
5510	303.9
5511	304
5512	305.5
5513	305.6
5514	307.1
5515	306.2
5516	307.8
5517	308.8
5518	307.9
5519	308.8
5520	308.8
5521	309.2
5522	309.4
5523	310.3
5524	310.1
5525	310.4
5526	310.3
5527	311.1
5528	311.3
5529	310.8
5530	311
5531	310.7
5532	311.3
5533	310.4
5534	311
5535	310.8
5536	312
5537	311.8
5538	312.1
5539	312
5540	312.4
5541	312.1
5542	310.8
5543	311.4
5544	311.3
5545	312.1
5546	312.2
5547	312.4
5548	311.5
5549	312
5550	311.4
5551	311.5
5552	311.7
5553	312.5
5554	311.9
5555	311.7
5556	312.6
5557	311.8
5558	312
5559	312.2
5560	311.8
5561	311.6
5562	311.7
5563	312.5
5564	312.1
5565	311.8
5566	311.8
5567	312.7
5568	312.7
5569	313
5570	313
5571	312.4
5572	312.7
5573	312.6
5574	312.9
5575	312.4
5576	312.2
5577	312.3
5578	311.9
5579	312.1
5580	312.5
5581	313.3
5582	313
5583	311.9
5584	312.9
5585	312.9
5586	313.2
5587	313
5588	312.1
5589	311.7
5590	312.4
5591	312.2
5592	312.8
5593	312.3
5594	312.1
5595	311.8
5596	312.7
5597	312.1
5598	312.7
5599	312.4
5600	313
5601	313.3
5602	312.4
5603	311.6
5604	312.4
5605	312.5
5606	313
5607	313.3
5608	312.2
5609	312.1
5610	311.9
5611	312.4
5612	313.1
5613	312.9
5614	312.7
5615	311.7
5616	313
5617	311.7
5618	312.3
5619	312.1
5620	312.4
5621	312.1
5622	313.2
5623	312.1
5624	312.7
5625	313.3
5626	313.3
5627	313
5628	312.6
5629	312.4
5630	312.2
5631	312.5
5632	312.8
5633	313.8
5634	312.7
5635	313.1
5636	312.8
5637	312.5
5638	313.2
5639	313.1
5640	313
5641	312.2
5642	312.6
5643	312.2
5644	312.9
5645	312.7
5646	313.3
5647	312.9
5648	313
5649	312.4
5650	312.6
5651	312.7
5652	313
5653	311.9
5654	312.2
5655	313.1
5656	313.3
5657	312.8
5658	313.3
5659	312.3
5660	312.1
5661	312.4
5662	312.4
5663	312.4
5664	313
5665	312.9
5666	313.1
5667	313.3
5668	312.9
5669	312.5
5670	312.4
5671	313
5672	313
5673	313
5674	312.7
5675	313.3
5676	312.7
5677	313.2
5678	312.1
5679	312.4
5680	312
5681	312.8
5682	312.4
5683	312.8
5684	312.8
5685	312.4
5686	313.3
5687	313.1
5688	313.2
5689	313.1
5690	313.7
5691	312.8
5692	313.1
5693	312.7
5694	313
5695	312.1
5696	313.3
5697	312.9
5698	313.3
5699	312.7
5700	313.7
5701	313.7
5702	312.9
5703	313.1
5704	313.2
5705	313.3
5706	311.7
5707	313
5708	313
5709	313.7
5710	313.2
5711	312.9
5712	312.4
5713	313.1
5714	313
5715	312.5
5716	312.7
5717	312
5718	312.8
5719	312.8
5720	313.3
5721	313
5722	313.9
5723	313.2
5724	312.6
5725	313.3
5726	312.6
5727	313.2
5728	312.1
5729	313.6
5730	313.3
5731	312.7
5732	311.7
5733	312.7
5734	312.9
5735	313.3
5736	313.7
5737	311.8
5738	313.2
5739	312.6
5740	313.2
5741	313.3
5742	312.9
5743	313.5
5744	312.4
5745	313.3
5746	312.8
5747	313.1
5748	313.1
5749	313.4
5750	312.4
5751	312.7
5752	312.4
5753	313.7
5754	313.5
5755	312.1
5756	312.7
5757	312.1
5758	312.7
5759	312.3
5760	313.1
5761	311.8
5762	313
5763	312.7
5764	312.5
5765	312.4
5766	313
5767	313.1
5768	313.6
5769	313.4
5770	312.7
5771	312.7
5772	312
5773	312.1
5774	312.1
5775	312.7
5776	313.2
5777	313.4
5778	314.2
5779	314
5780	314
5781	315.3
5782	314.9
5783	315.3
5784	316.2
5785	317.2
5786	319
5787	319.4
5788	319.9
5789	320.8
5790	320.4
5791	322
5792	322.7
5793	322.7
5794	322.8
5795	323.2
5796	323.3
5797	323.5
5798	323.4
5799	324.3
5800	323.9
5801	323.6
5802	323.5
5803	323.6
5804	324
5805	324.4
5806	324
5807	324.5
5808	324.3
5809	324.5
5810	324.5
5811	324.5
5812	324.9
5813	325
5814	325.2
5815	325
5816	325.1
5817	325.1
5818	325.9
5819	325.6
5820	325.6
5821	325.5
5822	325.3
5823	325.7
5824	325.4
5825	326.2
5826	325.9
5827	326
5828	325
5829	326
5830	325.3
5831	325.7
5832	325.9
5833	327
5834	325.7
5835	326
5836	326
5837	326.9
5838	326.7
5839	326.2
5840	326.2
5841	326.9
5842	326
5843	326.9
5844	326.8
5845	327.3
5846	326.8
5847	327.2
5848	327
5849	326.3
5850	326.9
5851	327.2
5852	327.1
5853	326.5
5854	326.8
5855	326.9
5856	327.6
5857	328.4
5858	326.8
5859	326.6
5860	326.4
5861	328
5862	327.2
5863	327.7
5864	327.2
5865	327.4
5866	327.8
5867	327.5
5868	327.9
5869	327.1
5870	327.3
5871	327.8
5872	327.3
5873	327.8
5874	328.5
5875	327.8
5876	327.5
5877	328.4
5878	328
5879	328.1
5880	328.5
5881	327.7
5882	327.6
5883	326.9
5884	326.9
5885	327.6
5886	328.8
5887	327.3
5888	328.2
5889	328.1
5890	326.9
5891	328
5892	327.8
5893	328.2
5894	328.8
5895	328.7
5896	328.6
5897	328.4
5898	328.8
5899	327.8
5900	328.5
5901	329
5902	329.1
5903	328.3
5904	328.2
5905	327.6
5906	329.1
5907	328.1
5908	328.1
5909	328.9
5910	328.8
5911	329.3
5912	328.3
5913	328.8
5914	327.8
5915	328.6
5916	329.1
5917	328.4
5918	328.7
5919	327.7
5920	328.4
5921	329.4
5922	328.1
5923	328.4
5924	328.9
5925	328.1
5926	329.8
5927	329
5928	328.2
5929	329.4
5930	329.1
5931	328.5
5932	329.1
5933	328.1
5934	329.2
5935	329.8
5936	329.7
5937	328.8
5938	329.4
5939	329.2
5940	329.3
5941	329.2
5942	329.4
5943	328.6
5944	329.7
5945	329.6
5946	328.8
5947	328.6
5948	329.3
5949	328.8
5950	329.3
5951	329.1
5952	328.7
5953	328.2
5954	329.1
5955	329.2
5956	328.3
5957	329
5958	329
5959	328.5
5960	327.8
5961	328.2
5962	327
5963	325.4
5964	323.1
5965	319.8
5966	317.5
5967	314.1
5968	311.8
5969	308.6
5970	307.9
5971	305.2
5972	304.3
5973	302.8
5974	303.3
5975	303.2
5976	303.6
5977	302.9
5978	303.7
5979	304
5980	305.1
5981	305.6
5982	304.7
5983	306
5984	306.1
5985	307.8
5986	308
5987	308.4
5988	308
5989	309.9
5990	310.1
5991	309.7
5992	310.9
5993	311.1
5994	311.1
5995	311.7
5996	312.1
5997	311.6
5998	312.1
5999	311.9
6000	312.4
6001	312.4
6002	312.1
6003	313
6004	312.2
6005	313
6006	313.4
6007	312.9
6008	313.3
6009	313.3
6010	312.8
6011	313.3
6012	314
6013	313.3
6014	313.3
6015	313.6
6016	313.2
6017	313.7
6018	312.7
6019	313.9
6020	314
6021	314
6022	312.7
6023	313.8
6024	313.7
6025	314.2
6026	314.1
6027	312.6
6028	313
6029	313.9
6030	314.2
6031	313.9
6032	313.5
6033	314.1
6034	313.5
6035	313.8
6036	313.9
6037	313.5
6038	314.1
6039	314
6040	313.5
6041	313.5
6042	313.9
6043	313.6
6044	313.5
6045	313.3
6046	313.8
6047	314.2
6048	314.3
6049	313.8
6050	313.3
6051	314
6052	314
6053	313.4
6054	313.2
6055	314.3
6056	314.7
6057	313.4
6058	313.4
6059	313.7
6060	314.2
6061	314.3
6062	312.8
6063	313.7
6064	313.9
6065	313.7
6066	313.3
6067	314.3
6068	315
6069	313.4
6070	313.7
6071	313.7
6072	314.2
6073	314.6
6074	313
6075	314
6076	313.4
6077	314.3
6078	313.5
6079	313
6080	313.4
6081	314.2
6082	313.3
6083	313.7
6084	312.9
6085	313.7
6086	313.2
6087	313
6088	313.9
6089	313.4
6090	314.1
6091	313.5
6092	313.6
6093	313.5
6094	313.7
6095	314
6096	313.7
6097	313.9
6098	313.8
6099	313.6
6100	313.5
6101	314.2
6102	312.9
6103	313.7
6104	313.3
6105	313.9
6106	313.3
6107	313.9
6108	314.4
6109	313.2
6110	313.4
6111	313.7
6112	314.2
6113	313.6
6114	313.3
6115	313.4
6116	313.8
6117	312.8
6118	313.7
6119	313.6
6120	313.7
6121	313.2
6122	313.7
6123	313.3
6124	314.1
6125	313.5
6126	313.3
6127	313.9
6128	313.8
6129	312.9
6130	313.9
6131	312.8
6132	313.8
6133	313.7
6134	313
6135	314
6136	313
6137	313.7
6138	313.7
6139	313.3
6140	313.5
6141	313.3
6142	313.7
6143	313
6144	313.7
6145	313.7
6146	313.4
6147	313.3
6148	312.3
6149	313.7
6150	314
6151	313
6152	313.9
6153	313.3
6154	313.3
6155	314.1
6156	313.7
6157	313.2
6158	313.4
6159	313
6160	313.7
6161	313.6
6162	313.1
6163	313.2
6164	312.9
6165	313.5
6166	313.3
6167	312.7
6168	313.8
6169	312
6170	313.3
6171	313.7
6172	313.8
6173	313
6174	312.9
6175	312.7
6176	314.1
6177	313.3
6178	313.2
6179	313.4
6180	314.1
6181	313.7
6182	312.6
6183	312.7
6184	313.6
6185	313.4
6186	313.8
6187	312.8
6188	313.2
6189	314.3
6190	312.8
6191	313.3
6192	312.4
6193	313.3
6194	313.5
6195	313.4
6196	313.8
6197	312.8
6198	313.3
6199	313
6200	313.2
6201	312.7
6202	312.8
6203	314.1
6204	314
6205	313
6206	313
6207	313
6208	313.2
6209	313.9
6210	313.4
6211	312.4
6212	313.3
6213	312.8
6214	313.8
6215	313.3
6216	312.8
6217	313.1
6218	312.4
6219	312.9
6220	313.5
6221	313.3
6222	312.4
6223	313
6224	313.3
6225	312.8
6226	313.6
6227	313.1
6228	313
6229	313.2
6230	312.7
6231	313.9
6232	312.6
6233	313.4
6234	313.2
6235	313.5
6236	313.6
6237	312.5
6238	313
6239	313.2
6240	313.3
6241	313.5
6242	313
6243	314.2
6244	312.7
6245	313.5
6246	312.9
6247	313.3
6248	313.6
6249	313.1
6250	313.1
6251	313.8
6252	313.3
6253	314.3
6254	314.3
6255	315.6
6256	315.9
6257	316.6
6258	316.2
6259	318.5
6260	318.9
6261	320.7
6262	320.4
6263	320.9
6264	321.5
6265	320.8
6266	321.7
6267	323.6
6268	322.4
6269	322.2
6270	322.7
6271	322.8
6272	323.3
6273	322.6
6274	324.2
6275	324.5
6276	323.6
6277	323.4
6278	324
6279	325
6280	324.6
6281	324.6
6282	323.8
6283	325.2
6284	324.3
6285	324.9
6286	325.7
6287	324.3
6288	324.5
6289	325.1
6290	324.9
6291	324.9
6292	325.6
6293	324.7
6294	326
6295	325.2
6296	324.9
6297	325.5
6298	325.3
6299	325.4
6300	325.3
6301	326.1
6302	325.9
6303	325.7
6304	326.2
6305	325.4
6306	325.9
6307	325.3
6308	325.9
6309	325.9
6310	326.2
6311	325.9
6312	325.8
6313	326.7
6314	326.8
6315	327.1
6316	327.3
6317	326.7
6318	325.9
6319	326.5
6320	327.3
6321	327
6322	326.8
6323	326.7
6324	326.5
6325	327.3
6326	326.6
6327	327.5
6328	326.9
6329	326.5
6330	326.9
6331	326.6
6332	327.5
6333	327.2
6334	326.9
6335	326.9
6336	327.6
6337	326.6
6338	327.1
6339	326.9
6340	327.5
6341	327.8
6342	327.1
6343	327.6
6344	327.2
6345	327.3
6346	327.6
6347	327.9
6348	327.1
6349	327.2
6350	327.2
6351	327.8
6352	328
6353	327.6
6354	328.1
6355	326.6
6356	327.7
6357	327.6
6358	327.7
6359	327.5
6360	328.4
6361	328.6
6362	328.2
6363	327.8
6364	327.7
6365	329.2
6366	328.7
6367	327.8
6368	328.6
6369	327.8
6370	328.7
6371	328.5
6372	327.5
6373	327.8
6374	327.8
6375	327.8
6376	328.2
6377	328.5
6378	328.8
6379	327.5
6380	329.1
6381	328.1
6382	329.4
6383	328.5
6384	327.6
6385	328.5
6386	327.8
6387	328.2
6388	328.9
6389	328.5
6390	327.8
6391	328.7
6392	328.4
6393	328.2
6394	327.9
6395	327.8
6396	328.7
6397	328.7
6398	327.9
6399	327.4
6400	328
6401	328
6402	328.8
6403	327.8
6404	328.1
6405	328.5
6406	328.8
6407	328.7
6408	328.2
6409	327.8
6410	328.5
6411	328.4
6412	328.6
6413	328.8
6414	328.5
6415	328.8
6416	328.2
6417	328.5
6418	328.7
6419	328.1
6420	328.6
6421	328.4
6422	328.9
6423	328.4
6424	328.8
6425	328.5
6426	328.3
6427	327.8
6428	328.6
6429	327.8
6430	328.7
6431	327.8
6432	328.9
6433	328.5
6434	327
6435	327.8
6436	326.3
6437	325.9
6438	324.6
6439	321.4
6440	320.6
6441	317.5
6442	315.4
6443	311.6
6444	309.4
6445	307.3
6446	305.3
6447	305.4
6448	303.2
6449	302.7
6450	302.7
6451	302.6
6452	303.4
6453	302.4
6454	303.9
6455	304.3
6456	305.3
6457	305.9
6458	305.6
6459	306.6
6460	307.2
6461	307.7
6462	308.3
6463	308.3
6464	308.4
6465	309.1
6466	309.4
6467	308.8
6468	309.7
6469	310.1
6470	310.5
6471	310.8
6472	310.9
6473	310.6
6474	311.3
6475	312.1
6476	311.3
6477	311.9
6478	311
6479	311.3
6480	311.9
6481	311.6
6482	312.2
6483	312.2
6484	312.7
6485	312.6
6486	312.7
6487	312
6488	312.8
6489	312.7
6490	312.3
6491	313.1
6492	312.8
6493	311.4
6494	312.6
6495	312
6496	312.5
6497	312.3
6498	311.9
6499	312.2
6500	311.8
6501	312.7
6502	312.3
6503	313.1
6504	313.5
6505	313.1
6506	314
6507	313.1
6508	313.9
6509	313.4
6510	312.5
6511	312.5
6512	312.8
6513	313.3
6514	313.7
6515	313.4
6516	313.7
6517	313.9
6518	314.3
6519	313.7
6520	313.3
6521	313.3
6522	313.3
6523	313
6524	313.2
6525	314.1
6526	313.3
6527	313.8
6528	313.5
6529	314
6530	313.4
6531	313.7
6532	313.5
6533	313.4
6534	313.7
6535	314
6536	314.3
6537	314.3
6538	314.9
6539	314.2
6540	314.2
6541	313.3
6542	314.1
6543	313.3
6544	314
6545	314.5
6546	313.4
6547	314.6
6548	313.2
6549	313.7
6550	312.7
6551	313.4
6552	313.6
6553	314.5
6554	314.5
6555	313.5
6556	314
6557	313.7
6558	313.7
6559	313.4
6560	314.1
6561	313.5
6562	314
6563	313.7
6564	314
6565	313.9
6566	313.8
6567	313.3
6568	314
6569	313.3
6570	313.3
6571	314.3
6572	314
6573	314.3
6574	314.6
6575	314
6576	314.8
6577	314.1
6578	314.1
6579	313.9
6580	314
6581	313.7
6582	313.8
6583	314
6584	314
6585	313.8
6586	314.2
6587	314.8
6588	313.8
6589	314.2
6590	312.9
6591	313.5
6592	312.7
6593	313.4
6594	312.9
6595	313.7
6596	313.2
6597	313.7
6598	314
6599	313.7
6600	314.2
6601	313.7
6602	314.6
6603	314.2
6604	314.6
6605	314.2
6606	314.7
6607	313.7
6608	314.5
6609	314.1
6610	314.6
6611	313.8
6612	314.3
6613	314.3
6614	314.2
6615	313.5
6616	314
6617	313.9
6618	313.5
6619	313
6620	313.4
6621	313.8
6622	313.9
6623	313.3
6624	314
6625	313.2
6626	313.7
6627	313.3
6628	314.1
6629	313.7
6630	313.8
6631	313.7
6632	313.7
6633	313.6
6634	313.4
6635	313.7
6636	313.6
6637	313.5
6638	313.8
6639	314.3
6640	313.7
6641	314.2
6642	313.9
6643	313.5
6644	313.9
6645	313.4
6646	314
6647	313.6
6648	314
6649	313.6
6650	313.4
6651	313.6
6652	313
6653	313.1
6654	313
6655	313.1
6656	312.9
6657	314
6658	314.1
6659	313
6660	313.2
6661	313.3
6662	313
6663	313.2
6664	313.4
6665	313.8
6666	314
6667	313.4
6668	314.2
6669	312.8
6670	313.5
6671	313.5
6672	313.5
6673	313.6
6674	314
6675	313.3
6676	313.8
6677	313.9
6678	314.3
6679	313.7
6680	313.9
6681	312.7
6682	313.5
6683	312.9
6684	313.9
6685	313.4
6686	313.7
6687	313.9
6688	313.8
6689	313.4
6690	312.7
6691	313.7
6692	313.7
6693	312.5
6694	313.4
6695	313.3
6696	313.3
6697	313.4
6698	313.5
6699	312.8
6700	312.9
6701	313.5
6702	313.7
6703	313.9
6704	314.4
6705	313.8
6706	314
6707	313.7
6708	313.3
6709	313.6
6710	313.3
6711	313.5
6712	313.5
6713	312.4
6714	313.3
6715	312.6
6716	313.5
6717	312.6
6718	313
6719	313.1
6720	313.7
6721	313.7
6722	314.1
6723	313.8
6724	314
6725	313.5
6726	313.9
6727	313.9
6728	314.4
6729	314.6
6730	315.3
6731	315.4
6732	316.6
6733	317
6734	317.6
6735	318.9
6736	319.7
6737	320.3
6738	321.1
6739	320.8
6740	321.9
6741	321.4
6742	321.9
6743	321.1
6744	323.3
6745	323.2
6746	323.2
6747	323
6748	324
6749	323.4
6750	323.4
6751	323.2
6752	322.9
6753	323.6
6754	324
6755	323.9
6756	324.1
6757	323.8
6758	324.1
6759	324.2
6760	324.3
6761	324.4
6762	324.4
6763	324.9
6764	324
6765	325.2
6766	324.6
6767	324.6
6768	325.1
6769	325.9
6770	325.5
6771	325.8
6772	325.6
6773	325.3
6774	325.7
6775	325.4
6776	325.6
6777	325.4
6778	325.9
6779	325.9
6780	325.2
6781	324.9
6782	325.6
6783	326.3
6784	326.1
6785	326.1
6786	325.2
6787	324.9
6788	325.3
6789	326.3
6790	325.9
6791	326.7
6792	325.5
6793	326.9
6794	326.3
6795	325.9
6796	325.8
6797	327.7
6798	326.2
6799	326.6
6800	326.5
6801	326.1
6802	326.1
6803	324.9
6804	326.8
6805	326.2
6806	326.4
6807	325.9
6808	326
6809	326
6810	325.6
6811	327
6812	326.6
6813	326.4
6814	326
6815	327.6
6816	326.9
6817	326.1
6818	325.9
6819	326.4
6820	327.2
6821	326.7
6822	326.9
6823	327.1
6824	327.2
6825	326.7
6826	327.6
6827	326.5
6828	327.2
6829	327
6830	326.8
6831	326.4
6832	327
6833	326.2
6834	327.8
6835	327.5
6836	327.6
6837	327.4
6838	326.9
6839	326.2
6840	327.1
6841	327.2
6842	327.9
6843	327.5
6844	327.3
6845	327.2
6846	327.1
6847	327.2
6848	328.5
6849	326.9
6850	327.3
6851	327.3
6852	326.9
6853	327.2
6854	326.2
6855	327.1
6856	326.6
6857	327.4
6858	327.3
6859	327.8
6860	327
6861	326.8
6862	326.1
6863	328
6864	326.8
6865	326.9
6866	327.4
6867	327.8
6868	327.4
6869	326.9
6870	326.9
6871	327.1
6872	327.5
6873	326.9
6874	326.6
6875	326
6876	326.4
6877	326.8
6878	327.6
6879	327.8
6880	327.2
6881	327
6882	326.5
6883	326.8
6884	327.4
6885	326.9
6886	326.5
6887	327.9
6888	327.8
6889	327.8
6890	327.4
6891	327.4
6892	326.7
6893	327.3
6894	327.5
6895	327.2
6896	327.6
6897	327.5
6898	327.2
6899	326.9
6900	326.6
6901	327.8
6902	327.2
6903	326.9
6904	327.1
6905	325.8
6906	326.3
6907	325.6
6908	325.3
6909	325
6910	325.2
6911	324.6
6912	322.4
6913	320.1
6914	317.7
6915	315.9
6916	313.3
6917	310.8
6918	308.4
6919	305.6
6920	304.3
6921	303.3
6922	303.3
6923	301.8
6924	302.1
6925	300.8
6926	301.9
6927	301.4
6928	301.5
6929	302.3
6930	303.2
6931	303.9
6932	303.8
6933	303.7
6934	304.1
6935	305.3
6936	306.1
6937	306.5
6938	306.4
6939	307.2
6940	306.6
6941	307.9
6942	307.7
6943	308.2
6944	307.5
6945	308.7
6946	307.8
6947	308.6
6948	309.2
6949	308.5
6950	308.8
6951	309.4
6952	308.8
6953	308.8
6954	309.1
6955	309.2
6956	309.3
6957	310.1
6958	309.2
6959	309.4
6960	308.7
6961	309.7
6962	309.2
6963	309.2
6964	308.8
6965	310.1
6966	309.5
6967	309.7
6968	310.1
6969	309.3
6970	309.4
6971	309.8
6972	309.8
6973	309.7
6974	309.4
6975	309.5
6976	310
6977	309.4
6978	309.2
6979	309.7
6980	309.3
6981	310.1
6982	309.1
6983	309.3
6984	309.9
6985	309.2
6986	310
6987	309.7
6988	309
6989	309.2
6990	310.1
6991	309.7
6992	309.9
6993	309.1
6994	310
6995	309.3
6996	309.2
6997	309.8
6998	309.3
6999	309.3
7000	309.5
7001	308.7
7002	309.6
7003	309.8
7004	309.2
7005	309.7
7006	309.7
7007	309.8
7008	308.8
7009	309.4
7010	309.8
7011	309.2
7012	309.7
7013	309.6
7014	308.8
7015	309.4
7016	309.3
7017	307.9
7018	309
7019	309.7
7020	309.5
7021	309.5
7022	308.2
7023	309.5
7024	308.3
7025	309.5
7026	309.1
7027	308.5
7028	308.8
7029	308.9
7030	309.5
7031	308.9
7032	309.5
7033	308.7
7034	308.4
7035	308.2
7036	308.8
7037	308.7
7038	308.9
7039	309.4
7040	308.4
7041	308.8
7042	308.5
7043	308.7
7044	307.7
7045	308.9
7046	308.9
7047	308.8
7048	308.3
7049	308.3
7050	308.7
7051	308.3
7052	308
7053	307.7
7054	309.2
7055	308.5
7056	308.8
7057	307.8
7058	308.9
7059	308.5
7060	309.2
7061	309.2
7062	308.4
7063	309
7064	308.8
7065	308
7066	308.6
7067	307.8
7068	309.6
7069	308.8
7070	308.2
7071	308.5
7072	308
7073	308.5
7074	308.2
7075	308.9
7076	309.1
7077	307.6
7078	308.5
7079	308.5
7080	308
7081	307.9
7082	308.8
7083	307.9
7084	308.1
7085	307.8
7086	308.7
7087	308.2
7088	307.9
7089	308.4
7090	308.5
7091	307.6
7092	308.2
7093	307.8
7094	307.9
7095	307.8
7096	306.8
7097	308.1
7098	308.2
7099	307.6
7100	306.7
7101	306.7
7102	307.6
7103	308.2
7104	307.6
7105	307.2
7106	307.9
7107	307.7
7108	306.9
7109	307.4
7110	307.8
7111	307.5
7112	306.8
7113	307.7
7114	307.7
7115	307.2
7116	307.7
7117	307.4
7118	307.6
7119	306.6
7120	305.9
7121	307.2
7122	307.9
7123	307
7124	307.2
7125	306.8