1	286.2900085
2	286.3399963
3	286.3800049
4	286.3599854
5	286.3599854
6	286.3999939
7	286.480011
8	286.4599915
9	286.4400024
10	286.3999939
11	286.3999939
12	286.3999939
13	286.4400024
14	286.4200134
15	286.4400024
16	286.4599915
17	286.5700073
18	286.5700073
19	286.5400085
20	286.5899963
21	286.6099854
22	286.5700073
23	286.5
24	286.5700073
25	286.5
26	286.519989
27	286.5400085
28	286.519989
29	286.519989
30	286.480011
31	286.480011
32	286.5
33	286.519989
34	286.519989
35	286.480011
36	286.3999939
37	286.4400024
38	286.480011
39	286.4400024
40	286.480011
41	286.5700073
42	286.5899963
43	286.5899963
44	286.5400085
45	286.5400085
46	286.5899963
47	286.6099854
48	286.5
49	286.5400085
50	286.5400085
51	286.5
52	286.5400085
53	286.5700073
54	286.5899963
55	286.5400085
56	286.5400085
57	286.5400085
58	286.5
59	286.5
60	286.5
61	286.5700073
62	286.5400085
63	286.5400085
64	286.5899963
65	286.5700073
66	286.5400085
67	286.480011
68	286.5
69	286.480011
70	286.5
71	286.5700073
72	286.5700073
73	286.5700073
74	286.5700073
75	286.519989
76	286.5
77	286.4400024
78	286.5
79	286.519989
80	286.519989
81	286.5400085
82	286.5400085
83	286.5700073
84	286.5700073
85	286.5899963
86	286.5700073
87	286.5400085
88	286.4599915
89	286.4599915
90	286.5
91	286.5899963
92	286.519989
93	286.519989
94	286.480011
95	286.480011
96	286.5700073
97	286.8999939
98	286.8999939
99	286.8599854
100	287.0299988
101	286.980011
102	287.0100098
103	287.0499878
104	287.0499878
105	287.1900024
106	287.4700012
107	287.6499939
108	287.8399963
109	288.0700073
110	288.2200012
111	288.6199951
112	288.9700012
113	289.2000122
114	289.2000122
115	289.5400085
116	289.7200012
117	289.7200012
118	289.8900146
119	290
120	290.0799866
121	290.0799866
122	290.25
123	290.2900085
124	290.3299866
125	290.3699951
126	290.4299927
127	290.5400085
128	290.5400085
129	290.6199951
130	290.6400146
131	290.730011
132	290.730011
133	290.8299866
134	290.8699951
135	290.8299866
136	290.8699951
137	290.9200134
138	290.9599915
139	290.9599915
140	290.8699951
141	290.980011
142	290.980011
143	291.0400085
144	291.0799866
145	291.1000061
146	291.1000061
147	291.0599976
148	291.0599976
149	291.1199951
150	291.019989
151	291.0799866
152	291.0799866
153	291.0799866
154	291.1700134
155	291.1199951
156	291.1000061
157	291.1000061
158	291.1700134
159	291.2099915
160	291.2099915
161	291.1499939
162	291.1499939
163	291.1700134
164	291.1499939
165	291.1900024
166	291.1900024
167	291.1700134
168	291.1700134
169	291.2099915
170	291.3099976
171	291.269989
172	291.25
173	291.3099976
174	291.25
175	291.25
176	291.25
177	291.2900085
178	291.2900085
179	291.230011
180	291.25
181	291.25
182	291.230011
183	291.269989
184	291.2900085
185	291.2900085
186	291.230011
187	291.269989
188	291.2900085
189	291.2900085
190	291.3299866
191	291.3299866
192	291.3299866
193	291.3500061
194	291.3800049
195	291.3800049
196	291.3500061
197	291.3999939
198	291.3500061
199	291.3500061
200	291.4400024
201	291.3999939
202	291.3999939
203	291.3800049
204	291.4200134
205	291.4200134
206	291.4400024
207	291.4400024
208	291.4400024
209	291.3800049
210	291.3299866
211	291.3500061
212	291.3500061
213	291.3999939
214	291.3299866
215	291.4200134
216	291.3800049
217	291.3800049
218	291.3299866
219	291.3500061
220	291.3999939
221	291.4400024
222	291.3800049
223	291.4200134
224	291.4200134
225	291.4200134
226	291.4200134
227	291.3099976
228	291.4200134
229	291.3500061
230	291.3999939
231	291.3999939
232	291.4400024
233	291.4599915
234	291.3800049
235	291.3800049
236	291.3800049
237	291.3999939
238	291.3999939
239	291.3500061
240	291.3099976
241	291.3500061
242	291.3999939
243	291.3800049
244	291.4200134
245	291.4200134
246	291.3800049
247	291.3999939
248	291.3299866
249	291.3800049
250	291.4200134
251	291.4200134
252	291.4599915
253	291.5
254	291.5
255	291.4599915
256	291.4400024
257	291.4200134
258	291.3500061
259	291.4200134
260	291.4400024
261	291.3500061
262	291.3800049
263	291.3800049
264	291.3800049
265	291.3999939
266	291.4200134
267	291.4599915
268	291.4400024
269	291.480011
270	291.480011
271	291.480011
272	291.3800049
273	291.25
274	291.1199951
275	291.0400085
276	290.980011
277	290.9400024
278	290.8699951
279	290.9200134
280	290.9400024
281	290.8299866
282	290.8699951
283	290.9400024
284	290.8500061
285	290.769989
286	290.5799866
287	290.1400146
288	289.3500061
289	288.8500061
290	287.6099854
291	286.8399963
292	285.0599976
293	283.2399902
294	281.6099854
295	281.6099854
296	279.6000061
297	278.6799927
298	278.3500061
299	277.7000122
300	277.3599854
301	277.2000122
302	277.2000122
303	277.3599854
304	277.5299988
305	277.6400146
306	277.8500061
307	278.1400146
308	278.2799988
309	278.2799988
310	279.0599976
311	279.3900146
312	279.519989
313	279.8099976
314	280.1199951
315	280.269989
316	280.4200134
317	280.8399963
318	280.9599915
319	281.230011
320	281.5
321	281.5499878
322	281.8200073
323	281.9899902
324	282.1700134
325	282.2799988
326	282.5499878
327	282.7000122
328	282.7399902
329	282.8399963
330	282.8599854
331	282.9899902
332	283.0700073
333	283.2999878
334	283.2999878
335	283.5499878
336	283.6400146
337	283.7200012
338	283.7600098
339	283.8900146
340	284.0400085
341	284.0400085
342	284.1400146
343	284.1799927
344	284.1400146
345	284.3099976
346	284.4100037
347	284.4299927
348	284.4299927
349	284.5599976
350	284.6600037
351	284.730011
352	284.769989
353	284.8500061
354	284.769989
355	284.8500061
356	285
357	285
358	285.019989
359	285
360	285.0400085
361	285.1199951
362	285.1400146
363	285.1600037
364	285.230011
365	285.2900085
366	285.2900085
367	285.230011
368	285.269989
369	285.3099976
370	285.3099976
371	285.3900146
372	285.4599915
373	285.4599915
374	285.519989
375	285.5
376	285.519989
377	285.5799866
378	285.5799866
379	285.5400085
380	285.5400085
381	285.6000061
382	285.6700134
383	285.6700134
384	285.6499939
385	285.7099915
386	285.730011
387	285.6900024
388	285.730011
389	285.8299866
390	285.8800049
391	285.8500061
392	285.8099976
393	285.8299866
394	285.8299866
395	285.9400024
396	285.9599915
397	285.9599915
398	286.019989
399	286
400	285.980011
401	285.9200134
402	285.8800049
403	285.9599915
404	285.980011
405	285.980011
406	286.019989
407	286.0400085
408	286.0799866
409	286.0400085
410	285.980011
411	285.9599915
412	285.9599915
413	286
414	286.0799866
415	286.0599976
416	286.0799866
417	286.0599976
418	286.1300049
419	286.1099854
420	286.1099854
421	286.0799866
422	286.1300049
423	286.1700134
424	286.1300049
425	286.1700134
426	286.1900024
427	286.2099915
428	286.2099915
429	286.1900024
430	286.1900024
431	286.1700134
432	286.1900024
433	286.269989
434	286.3099976
435	286.3099976
436	286.3599854
437	286.3599854
438	286.3399963
439	286.2900085
440	286.269989
441	286.2900085
442	286.25
443	286.2900085
444	286.2900085
445	286.2900085
446	286.2900085
447	286.269989
448	286.3099976
449	286.3599854
450	286.3599854
451	286.3599854
452	286.269989
453	286.2900085
454	286.230011
455	286.3099976
456	286.269989
457	286.25
458	286.2900085
459	286.3099976
460	286.3599854
461	286.3800049
462	286.3399963
463	286.3099976
464	286.269989
465	286.3099976
466	286.3099976
467	286.3599854
468	286.3099976
469	286.2900085
470	286.3099976
471	286.3599854
472	286.3599854
473	286.2900085
474	286.3399963
475	286.3999939
476	286.3999939
477	286.3599854
478	286.4200134
479	286.4200134
480	286.3599854
481	286.3599854
482	286.3599854
483	286.3599854
484	286.3999939
485	286.3599854
486	286.3800049
487	286.3800049
488	286.3800049
489	286.3599854
490	286.3599854
491	286.3099976
492	286.3800049
493	286.480011
494	286.4599915
495	286.3999939
496	286.4400024
497	286.4599915
498	286.480011
499	286.519989
500	286.5700073
501	286.519989
502	286.5700073
503	286.480011
504	286.5
505	286.4200134
506	286.3800049
507	286.3800049
508	286.4400024
509	286.480011
510	286.4599915
511	286.3999939
512	286.3999939
513	286.4200134
514	286.4400024
515	286.4400024
516	286.4400024
517	286.519989
518	286.480011
519	286.480011
520	286.519989
521	286.519989
522	286.519989
523	286.5
524	286.4200134
525	286.4400024
526	286.4599915
527	286.4599915
528	286.5
529	286.519989
530	286.5700073
531	286.519989
532	286.4200134
533	286.3999939
534	286.25
535	286.3099976
536	286.3599854
537	286.3800049
538	286.3800049
539	286.3999939
540	286.4400024
541	286.4200134
542	286.4200134
543	286.4400024
544	286.4599915
545	286.480011
546	286.5
547	286.5
548	286.519989
549	286.519989
550	286.480011
551	286.5
552	286.4400024
553	286.4599915
554	286.4599915
555	286.480011
556	286.5899963
557	286.5899963
558	286.5700073
559	286.5400085
560	286.519989
561	286.4599915
562	286.5400085
563	286.480011
564	286.4400024
565	286.480011
566	286.4200134
567	286.5899963
568	286.4599915
569	286.5899963
570	286.7099915
571	286.8999939
572	286.9200134
573	286.8800049
574	286.980011
575	286.9599915
576	287.0100098
577	287.0299988
578	287.1700134
579	287.3399963
580	287.4200134
581	287.7799988
582	287.8999939
583	288.2799988
584	288.5899963
585	288.9299927
586	288.9299927
587	289.3699951
588	289.6600037
589	289.6799927
590	289.9100037
591	290.0400085
592	290.1400146
593	290.1400146
594	290.3699951
595	290.4599915
596	290.4299927
597	290.5400085
598	290.5599976
599	290.5799866
600	290.519989
601	290.6400146
602	290.769989
603	290.8099976
604	290.8500061
605	290.9400024
606	290.9599915
607	291.019989
608	291
609	291.019989
610	291.0799866
611	291.1199951
612	291.1199951
613	291.1000061
614	291.1000061
615	291.1199951
616	291.1700134
617	291.230011
618	291.230011
619	291.25
620	291.269989
621	291.1900024
622	291.2099915
623	291.230011
624	291.269989
625	291.269989
626	291.25
627	291.2900085
628	291.269989
629	291.3099976
630	291.2900085
631	291.269989
632	291.269989
633	291.25
634	291.269989
635	291.3299866
636	291.3500061
637	291.3299866
638	291.3500061
639	291.3299866
640	291.2900085
641	291.3299866
642	291.4200134
643	291.3500061
644	291.3099976
645	291.3800049
646	291.3299866
647	291.3800049
648	291.3500061
649	291.3800049
650	291.3999939
651	291.3999939
652	291.3800049
653	291.3800049
654	291.3800049
655	291.3999939
656	291.4400024
657	291.4400024
658	291.4599915
659	291.3800049
660	291.4599915
661	291.4599915
662	291.4599915
663	291.4400024
664	291.4400024
665	291.4599915
666	291.4200134
667	291.3999939
668	291.4599915
669	291.4200134
670	291.4599915
671	291.4599915
672	291.4400024
673	291.4200134
674	291.4400024
675	291.4599915
676	291.4400024
677	291.5
678	291.4400024
679	291.4599915
680	291.4200134
681	291.480011
682	291.5
683	291.519989
684	291.480011
685	291.4599915
686	291.4200134
687	291.4400024
688	291.4400024
689	291.4400024
690	291.4400024
691	291.4400024
692	291.4400024
693	291.480011
694	291.4400024
695	291.4400024
696	291.4400024
697	291.480011
698	291.4400024
699	291.4200134
700	291.4400024
701	291.3999939
702	291.4400024
703	291.4400024
704	291.4400024
705	291.480011
706	291.5
707	291.480011
708	291.480011
709	291.480011
710	291.5599976
711	291.5400085
712	291.5400085
713	291.5400085
714	291.480011
715	291.480011
716	291.4400024
717	291.5
718	291.5400085
719	291.5
720	291.3999939
721	291.4400024
722	291.5
723	291.4599915
724	291.4599915
725	291.480011
726	291.4200134
727	291.4599915
728	291.4599915
729	291.4400024
730	291.519989
731	291.480011
732	291.519989
733	291.480011
734	291.480011
735	291.480011
736	291.519989
737	291.4400024
738	291.5
739	291.4599915
740	291.5
741	291.5
742	291.480011
743	291.480011
744	291.5400085
745	291.4200134
746	291.25
747	291.1499939
748	291.0599976
749	291.0400085
750	290.980011
751	290.8699951
752	290.9400024
753	290.980011
754	290.9200134
755	290.9400024
756	290.9599915
757	290.8099976
758	290.730011
759	290.5599976
760	290.25
761	289.9100037
762	289.1199951
763	288.4899902
764	286.8599854
765	285.1199951
766	283.3699951
767	283.3699951
768	280.8999939
769	279.6600037
770	279.0799866
771	278.2000122
772	277.6400146
773	277.3200073
774	277.3200073
775	277.1499939
776	277.1300049
777	277.2200012
778	277.4500122
779	277.7999878
780	277.9299927
781	278.0299988
782	278.3699951
783	278.4500122
784	278.8900146
785	279.25
786	279.480011
787	279.8299866
788	279.980011
789	280.4200134
790	280.5599976
791	280.9200134
792	281.1700134
793	281.230011
794	281.5
795	281.6300049
796	281.730011
797	281.9899902
798	282.2000122
799	282.2000122
800	282.6300049
801	282.7999878
802	282.9100037
803	283.0299988
804	283.1600037
805	283.3200073
806	283.3200073
807	283.4700012
808	283.5799866
809	283.5499878
810	283.6799927
811	283.8299866
812	283.9100037
813	283.9100037
814	284.1199951
815	284.1600037
816	284.269989
817	284.3500061
818	284.4700012
819	284.4500122
820	284.5
821	284.6000061
822	284.6400146
823	284.75
824	284.769989
825	284.8299866
826	284.769989
827	284.8500061
828	284.7900085
829	284.9100037
830	284.980011
831	285.0799866
832	285.1199951
833	285.1600037
834	285.1900024
835	285.230011
836	285.230011
837	285.269989
838	285.269989
839	285.25
840	285.230011
841	285.2900085
842	285.3099976
843	285.3900146
844	285.4599915
845	285.4599915
846	285.519989
847	285.5400085
848	285.5400085
849	285.5799866
850	285.5799866
851	285.6900024
852	285.7099915
853	285.7099915
854	285.75
855	285.730011
856	285.769989
857	285.7900085
858	285.7900085
859	285.769989
860	285.75
861	285.8299866
862	285.8500061
863	285.75
864	285.7900085
865	285.7900085
866	285.8299866
867	285.769989
868	285.7900085
869	285.9400024
870	285.9400024
871	285.980011
872	286
873	285.9599915
874	285.9400024
875	285.9400024
876	285.9599915
877	285.9599915
878	285.9599915
879	285.980011
880	285.980011
881	285.980011
882	285.980011
883	285.9599915
884	285.9599915
885	286
886	286.0400085
887	286.0799866
888	286.0799866
889	286
890	286.1099854
891	286.019989
892	286.0400085
893	286.019989
894	286.1499939
895	286.0799866
896	286.1300049
897	286.1700134
898	286.25
899	286.1700134
900	286.2099915
901	286.1900024
902	286.230011
903	286.230011
904	286.269989
905	286.1900024
906	286.1900024
907	286.2099915
908	286.1900024
909	286.1900024
910	286.1900024
911	286.1700134
912	286.269989
913	286.2900085
914	286.230011
915	286.230011
916	286.230011
917	286.269989
918	286.3599854
919	286.3800049
920	286.3999939
921	286.3599854
922	286.3399963
923	286.3399963
924	286.2900085
925	286.269989
926	286.2900085
927	286.269989
928	286.3099976
929	286.3399963
930	286.3099976
931	286.3599854
932	286.3099976
933	286.230011
934	286.230011
935	286.2099915
936	286.2099915
937	286.230011
938	286.3800049
939	286.2900085
940	286.2900085
941	286.2900085
942	286.25
943	286.3099976
944	286.3399963
945	286.3599854
946	286.25
947	286.3099976
948	286.3099976
949	286.3399963
950	286.3399963
951	286.3399963
952	286.2900085
953	286.25
954	286.3099976
955	286.3099976
956	286.3599854
957	286.3999939
958	286.480011
959	286.3399963
960	286.269989
961	286.3399963
962	286.3099976
963	286.3999939
964	286.4200134
965	286.3800049
966	286.269989
967	286.3099976
968	286.3599854
969	286.3399963
970	286.3399963
971	286.3599854
972	286.3999939
973	286.3800049
974	286.3800049
975	286.3599854
976	286.3599854
977	286.3099976
978	286.3099976
979	286.4200134
980	286.4200134
981	286.4200134
982	286.5400085
983	286.5
984	286.480011
985	286.4400024
986	286.4400024
987	286.4400024
988	286.2900085
989	286.1900024
990	286.1499939
991	286.269989
992	286.2099915
993	286.230011
994	286.269989
995	286.3800049
996	286.3999939
997	286.4200134
998	286.3999939
999	286.4200134
1000	286.4200134
1001	286.3599854
1002	286.269989
1003	286.3399963
1004	286.3800049
1005	286.3800049
1006	286.3800049
1007	286.3800049
1008	286.4599915
1009	286.4200134
1010	286.5
1011	286.5
1012	286.5
1013	286.4599915
1014	286.4200134
1015	286.3800049
1016	286.4200134
1017	286.3999939
1018	286.3399963
1019	286.3399963
1020	286.4200134
1021	286.4400024
1022	286.4200134
1023	286.4400024
1024	286.480011
1025	286.5
1026	286.5
1027	286.4400024
1028	286.5
1029	286.480011
1030	286.5
1031	286.5
1032	286.4400024
1033	286.4400024
1034	286.3999939
1035	286.3399963
1036	286.3999939
1037	286.4400024
1038	286.4400024
1039	286.4200134
1040	286.4400024
1041	286.3399963
1042	286.4400024
1043	286.6900024
1044	286.7999878
1045	286.8800049
1046	286.9400024
1047	286.9400024
1048	286.8800049
1049	286.9400024
1050	286.9599915
1051	286.9599915
1052	287.0899963
1053	287.2799988
1054	287.3599854
1055	287.7600098
1056	288.0499878
1057	288.5100098
1058	288.5100098
1059	289.0299988
1060	289.3099976
1061	289.4299927
1062	289.6199951
1063	289.7900085
1064	289.8900146
1065	289.9700012
1066	290.1799927
1067	290.3500061
1068	290.3299866
1069	290.4299927
1070	290.519989
1071	290.519989
1072	290.5599976
1073	290.6900024
1074	290.75
1075	290.769989
1076	290.769989
1077	290.769989
1078	290.8900146
1079	290.9599915
1080	290.980011
1081	290.980011
1082	291.0400085
1083	291.0799866
1084	291.019989
1085	291.0599976
1086	291.1000061
1087	291.0400085
1088	291.0599976
1089	291.1700134
1090	291.1700134
1091	291.1499939
1092	291.1499939
1093	291.1700134
1094	291.230011
1095	291.1900024
1096	291.2099915
1097	291.2099915
1098	291.230011
1099	291.2099915
1100	291.269989
1101	291.269989
1102	291.269989
1103	291.25
1104	291.230011
1105	291.230011
1106	291.2900085
1107	291.3099976
1108	291.2900085
1109	291.3500061
1110	291.3299866
1111	291.269989
1112	291.2900085
1113	291.3299866
1114	291.3800049
1115	291.4400024
1116	291.3999939
1117	291.3299866
1118	291.3800049
1119	291.3800049
1120	291.3999939
1121	291.3999939
1122	291.3999939
1123	291.4200134
1124	291.3999939
1125	291.4200134
1126	291.4400024
1127	291.4200134
1128	291.4400024
1129	291.4400024
1130	291.3800049
1131	291.3500061
1132	291.4599915
1133	291.4400024
1134	291.4599915
1135	291.4200134
1136	291.4200134
1137	291.4599915
1138	291.4200134
1139	291.3999939
1140	291.3999939
1141	291.5
1142	291.4400024
1143	291.3999939
1144	291.3999939
1145	291.3999939
1146	291.3800049
1147	291.3500061
1148	291.3299866
1149	291.3800049
1150	291.4200134
1151	291.4200134
1152	291.4400024
1153	291.4200134
1154	291.3999939
1155	291.4200134
1156	291.4200134
1157	291.4200134
1158	291.4400024
1159	291.4400024
1160	291.4200134
1161	291.4200134
1162	291.4400024
1163	291.3800049
1164	291.4599915
1165	291.3999939
1166	291.4400024
1167	291.4200134
1168	291.4200134
1169	291.4200134
1170	291.4400024
1171	291.480011
1172	291.519989
1173	291.480011
1174	291.5
1175	291.5
1176	291.4599915
1177	291.4599915
1178	291.5
1179	291.4599915
1180	291.4400024
1181	291.5
1182	291.4400024
1183	291.519989
1184	291.4599915
1185	291.519989
1186	291.519989
1187	291.5400085
1188	291.5599976
1189	291.5
1190	291.5400085
1191	291.480011
1192	291.4599915
1193	291.4599915
1194	291.519989
1195	291.4599915
1196	291.480011
1197	291.4599915
1198	291.480011
1199	291.4599915
1200	291.4599915
1201	291.519989
1202	291.480011
1203	291.5
1204	291.480011
1205	291.4200134
1206	291.480011
1207	291.480011
1208	291.4599915
1209	291.5
1210	291.519989
1211	291.480011
1212	291.480011
1213	291.480011
1214	291.519989
1215	291.5799866
1216	291.4599915
1217	291.3999939
1218	291.5
1219	291.4400024
1220	291.3500061
1221	291.25
1222	291.1199951
1223	291.1499939
1224	291.0599976
1225	291.0400085
1226	291.0400085
1227	291.019989
1228	291.019989
1229	290.9599915
1230	290.980011
1231	291
1232	291
1233	290.519989
1234	290.1600037
1235	289.8699951
1236	288.8500061
1237	287.4400024
1238	285.769989
1239	285.769989
1240	283.1400146
1241	281.4599915
1242	280.730011
1243	279.3900146
1244	278.4500122
1245	278.1000061
1246	277.8900146
1247	277.3399963
1248	277.2600098
1249	277.2999878
1250	277.5299988
1251	277.7000122
1252	277.8200073
1253	278.0100098
1254	278.3299866
1255	278.5799866
1256	278.9500122
1257	279.3099976
1258	279.5
1259	279.8500061
1260	280.019989
1261	280.2900085
1262	280.5799866
1263	280.8099976
1264	281.1300049
1265	281.230011
1266	281.4200134
1267	281.5299988
1268	281.7799988
1269	281.7999878
1270	281.8800049
1271	281.8800049
1272	282.3200073
1273	282.5700073
1274	282.6099854
1275	282.7799988
1276	282.9100037
1277	283.0899963
1278	283.0899963
1279	283.2799988
1280	283.2999878
1281	283.4500122
1282	283.5299988
1283	283.6000061
1284	283.6799927
1285	283.7000122
1286	283.9299927
1287	283.9100037
1288	284.0400085
1289	284.1400146
1290	284.2000122
1291	284.2900085
1292	284.2900085
1293	284.4299927
1294	284.5
1295	284.5599976
1296	284.5799866
1297	284.6000061
1298	284.6199951
1299	284.7000122
1300	284.769989
1301	284.769989
1302	284.8299866
1303	284.8299866
1304	284.8900146
1305	284.9299927
1306	284.8699951
1307	284.980011
1308	285.0799866
1309	285.1199951
1310	285.1199951
1311	285.1400146
1312	285.1000061
1313	285.1400146
1314	285.230011
1315	285.230011
1316	285.2099915
1317	285.2900085
1318	285.3900146
1319	285.4400024
1320	285.5
1321	285.480011
1322	285.5400085
1323	285.6000061
1324	285.480011
1325	285.6199951
1326	285.5599976
1327	285.519989
1328	285.5599976
1329	285.5400085
1330	285.5799866
1331	285.6000061
1332	285.6199951
1333	285.6700134
1334	285.6900024
1335	285.6499939
1336	285.6700134
1337	285.6499939
1338	285.6199951
1339	285.6199951
1340	285.730011
1341	285.769989
1342	285.769989
1343	285.8299866
1344	285.9200134
1345	285.8999939
1346	285.9200134
1347	285.8999939
1348	285.9400024
1349	285.9400024
1350	285.8299866
1351	285.8500061
1352	285.8299866
1353	285.8099976
1354	285.8999939
1355	285.8099976
1356	285.8500061
1357	285.8299866
1358	285.8500061
1359	285.980011
1360	285.980011
1361	285.9599915
1362	286
1363	285.980011
1364	286.0400085
1365	285.980011
1366	285.9599915
1367	286
1368	285.980011
1369	286.0400085
1370	286
1371	286.0599976
1372	286.019989
1373	286.0799866
1374	286.0799866
1375	286.1300049
1376	286.1300049
1377	286.0799866
1378	286.1300049
1379	286.1900024
1380	286.1700134
1381	286.1700134
1382	286.1700134
1383	286.1900024
1384	286.1499939
1385	286.1700134
1386	286.230011
1387	286.1700134
1388	286.1700134
1389	286.1300049
1390	286.1700134
1391	286.1499939
1392	286.1900024
1393	286.1700134
1394	286.230011
1395	286.2099915
1396	286.1900024
1397	286.1499939
1398	286.269989
1399	286.269989
1400	286.230011
1401	286.25
1402	286.269989
1403	286.269989
1404	286.230011
1405	286.2900085
1406	286.269989
1407	286.3399963
1408	286.1900024
1409	286.2900085
1410	286.3599854
1411	286.3599854
1412	286.3099976
1413	286.3099976
1414	286.3099976
1415	286.3599854
1416	286.4200134
1417	286.3999939
1418	286.3599854
1419	286.3599854
1420	286.3599854
1421	286.2900085
1422	286.3800049
1423	286.3800049
1424	286.3800049
1425	286.3999939
1426	286.4200134
1427	286.3599854
1428	286.3399963
1429	286.3800049
1430	286.3599854
1431	286.3599854
1432	286.3999939
1433	286.3599854
1434	286.3399963
1435	286.3399963
1436	286.2900085
1437	286.3999939
1438	286.3800049
1439	286.4200134
1440	286.4200134
1441	286.3999939
1442	286.3599854
1443	286.3399963
1444	286.3599854
1445	286.3599854
1446	286.3999939
1447	286.4200134
1448	286.3999939
1449	286.3599854
1450	286.3999939
1451	286.4200134
1452	286.4200134
1453	286.3800049
1454	286.3399963
1455	286.269989
1456	286.3599854
1457	286.4200134
1458	286.4400024
1459	286.4400024
1460	286.4200134
1461	286.4400024
1462	286.4400024
1463	286.4400024
1464	286.3999939
1465	286.3999939
1466	286.3800049
1467	286.3800049
1468	286.3800049
1469	286.3399963
1470	286.3999939
1471	286.3399963
1472	286.3800049
1473	286.4400024
1474	286.3999939
1475	286.3399963
1476	286.3999939
1477	286.3399963
1478	286.269989
1479	286.2900085
1480	286.3999939
1481	286.4599915
1482	286.4200134
1483	286.4200134
1484	286.4200134
1485	286.480011
1486	286.3999939
1487	286.4200134
1488	286.3800049
1489	286.3800049
1490	286.3599854
1491	286.3599854
1492	286.2900085
1493	286.4200134
1494	286.4400024
1495	286.3999939
1496	286.4400024
1497	286.480011
1498	286.480011
1499	286.4599915
1500	286.480011
1501	286.480011
1502	286.4400024
1503	286.3999939
1504	286.5
1505	286.480011
1506	286.5
1507	286.5
1508	286.4400024
1509	286.480011
1510	286.480011
1511	286.5
1512	286.519989
1513	286.5
1514	286.5
1515	286.4599915
1516	286.4599915
1517	286.7099915
1518	286.8399963
1519	286.9200134
1520	287.0100098
1521	286.9400024
1522	286.9400024
1523	286.9400024
1524	287.0499878
1525	287.0899963
1526	287.1499939
1527	287.4899902
1528	287.8599854
1529	288.2000122
1530	288.2000122
1531	288.7000122
1532	289.0799866
1533	289.2600098
1534	289.5100098
1535	289.6799927
1536	289.7399902
1537	289.8900146
1538	290.1000061
1539	290.230011
1540	290.3500061
1541	290.4599915
1542	290.5
1543	290.6199951
1544	290.5400085
1545	290.75
1546	290.7099915
1547	290.75
1548	290.8099976
1549	290.8299866
1550	290.8500061
1551	290.8500061
1552	290.9599915
1553	291
1554	290.980011
1555	290.980011
1556	291
1557	291.0799866
1558	291
1559	291.1000061
1560	291.1199951
1561	291.2099915
1562	291.2099915
1563	291.2099915
1564	291.1900024
1565	291.2099915
1566	291.230011
1567	291.25
1568	291.2099915
1569	291.230011
1570	291.25
1571	291.25
1572	291.2099915
1573	291.2900085
1574	291.269989
1575	291.269989
1576	291.230011
1577	291.269989
1578	291.269989
1579	291.2900085
1580	291.269989
1581	291.3299866
1582	291.3099976
1583	291.3099976
1584	291.3299866
1585	291.3800049
1586	291.3800049
1587	291.3500061
1588	291.3800049
1589	291.3800049
1590	291.3999939
1591	291.4400024
1592	291.4200134
1593	291.3500061
1594	291.3500061
1595	291.4200134
1596	291.4200134
1597	291.3999939
1598	291.480011
1599	291.4400024
1600	291.480011
1601	291.480011
1602	291.4400024
1603	291.4200134
1604	291.4200134
1605	291.4400024
1606	291.5
1607	291.519989
1608	291.519989
1609	291.519989
1610	291.5
1611	291.4599915
1612	291.5
1613	291.5400085
1614	291.519989
1615	291.5599976
1616	291.5400085
1617	291.5599976
1618	291.5400085
1619	291.5
1620	291.4599915
1621	291.5
1622	291.5
1623	291.5
1624	291.5400085
1625	291.5400085
1626	291.5400085
1627	291.5599976
1628	291.480011
1629	291.5599976
1630	291.5599976
1631	291.5599976
1632	291.5799866
1633	291.5799866
1634	291.519989
1635	291.5599976
1636	291.5599976
1637	291.6099854
1638	291.6300049
1639	291.519989
1640	291.519989
1641	291.5400085
1642	291.5599976
1643	291.5599976
1644	291.5799866
1645	291.5
1646	291.5799866
1647	291.519989
1648	291.519989
1649	291.5400085
1650	291.519989
1651	291.5400085
1652	291.5799866
1653	291.5599976
1654	291.519989
1655	291.6099854
1656	291.6099854
1657	291.5599976
1658	291.6099854
1659	291.6099854
1660	291.6700134
1661	291.5599976
1662	291.6099854
1663	291.6300049
1664	291.5799866
1665	291.5799866
1666	291.5799866
1667	291.6099854
1668	291.6499939
1669	291.6099854
1670	291.6499939
1671	291.6900024
1672	291.6900024
1673	291.5799866
1674	291.6099854
1675	291.6499939
1676	291.6300049
1677	291.6499939
1678	291.6099854
1679	291.6099854
1680	291.5799866
1681	291.6099854
1682	291.6300049
1683	291.6499939
1684	291.6499939
1685	291.6099854
1686	291.6300049
1687	291.6300049
1688	291.6300049
1689	291.6300049
1690	291.6700134
1691	291.6700134
1692	291.6099854
1693	291.5
1694	291.2900085
1695	291.1499939
1696	291.1199951
1697	291.1199951
1698	291.0400085
1699	291.1199951
1700	291.0599976
1701	291.0400085
1702	291
1703	290.8900146
1704	290.8900146
1705	290.730011
1706	290.3099976
1707	290.1000061
1708	289.2000122
1709	288.0700073
1710	286.8800049
1711	286.8800049
1712	284.2200012
1713	282.5700073
1714	281.730011
1715	280.230011
1716	279.0799866
1717	278.5400085
1718	278.1199951
1719	277.3599854
1720	277.2399902
1721	277.0499878
1722	277.0700073
1723	276.9700012
1724	277.0499878
1725	277.2399902
1726	277.7999878
1727	277.9299927
1728	278.3099976
1729	278.6799927
1730	278.9299927
1731	279.230011
1732	279.4100037
1733	279.769989
1734	280.0599976
1735	280.3800049
1736	280.3800049
1737	280.769989
1738	281.0899963
1739	281.1700134
1740	281.4400024
1741	281.6700134
1742	281.8999939
1743	281.8999939
1744	282.0899963
1745	282.2799988
1746	282.4299927
1747	282.6300049
1748	282.7200012
1749	282.7600098
1750	282.7999878
1751	283.0700073
1752	283.1600037
1753	283.2000122
1754	283.3200073
1755	283.4899902
1756	283.6400146
1757	283.6199951
1758	283.8299866
1759	283.8699951
1760	283.9500122
1761	284.0400085
1762	284.0400085
1763	284.1400146
1764	284.2000122
1765	284.269989
1766	284.4100037
1767	284.4299927
1768	284.5
1769	284.4700012
1770	284.5799866
1771	284.5599976
1772	284.5799866
1773	284.7000122
1774	284.769989
1775	284.769989
1776	284.75
1777	284.730011
1778	284.730011
1779	284.8299866
1780	284.9299927
1781	284.9599915
1782	284.9599915
1783	285
1784	285.0799866
1785	285.1000061
1786	285.1000061
1787	285.1400146
1788	285.1600037
1789	285.2099915
1790	285.269989
1791	285.3099976
1792	285.3099976
1793	285.3699951
1794	285.4200134
1795	285.3900146
1796	285.4599915
1797	285.4200134
1798	285.480011
1799	285.480011
1800	285.480011
1801	285.5
1802	285.5599976
1803	285.5599976
1804	285.5400085
1805	285.5599976
1806	285.6499939
1807	285.6499939
1808	285.6900024
1809	285.730011
1810	285.7099915
1811	285.769989
1812	285.769989
1813	285.8099976
1814	285.8099976
1815	285.769989
1816	285.769989
1817	285.8099976
1818	285.8299866
1819	285.8999939
1820	285.8999939
1821	285.9200134
1822	285.9400024
1823	285.9599915
1824	285.9200134
1825	285.8500061
1826	285.8299866
1827	285.9400024
1828	285.980011
1829	285.980011
1830	286.0599976
1831	286
1832	285.980011
1833	286.019989
1834	285.980011
1835	285.9599915
1836	286
1837	286.1099854
1838	286.1099854
1839	286.0400085
1840	286.0400085
1841	286.019989
1842	286
1843	285.980011
1844	286.019989
1845	286.0799866
1846	286.0799866
1847	286.1499939
1848	286.1700134
1849	286.1499939
1850	286.1700134
1851	286.230011
1852	286.1700134
1853	286.1700134
1854	286.1900024
1855	286.1300049
1856	286.0799866
1857	286.0799866
1858	286.1099854
1859	286.0799866
1860	286.1499939
1861	286.269989
1862	286.230011
1863	286.1900024
1864	286.25
1865	286.1900024
1866	286.1700134
1867	286.1700134
1868	286.1499939
1869	286.1900024
1870	286.25
1871	286.2099915
1872	286.1900024
1873	286.2099915
1874	286.1700134
1875	286.230011
1876	286.2099915
1877	286.2099915
1878	286.2099915
1879	286.230011
1880	286.1900024
1881	286.1499939
1882	286.1300049
1883	286.1499939
1884	286.1499939
1885	286.1499939
1886	286.1900024
1887	286.1900024
1888	286.1700134
1889	286.1300049
1890	286.1700134
1891	286.2099915
1892	286.2099915
1893	286.2099915
1894	286.2900085
1895	286.2900085
1896	286.25
1897	286.269989
1898	286.269989
1899	286.230011
1900	286.1700134
1901	286.1700134
1902	286.2099915
1903	286.2900085
1904	286.2099915
1905	286.1700134
1906	286.2099915
1907	286.230011
1908	286.25
1909	286.25
1910	286.1700134
1911	286.230011
1912	286.2099915
1913	286.2900085
1914	286.25
1915	286.3399963
1916	286.3399963
1917	286.3399963
1918	286.269989
1919	286.3399963
1920	286.3099976
1921	286.3099976
1922	286.3599854
1923	286.25
1924	286.25
1925	286.3099976
1926	286.2900085
1927	286.25
1928	286.230011
1929	286.269989
1930	286.1700134
1931	286.25
1932	286.1900024
1933	286.25
1934	286.2900085
1935	286.3399963
1936	286.3399963
1937	286.3599854
1938	286.3099976
1939	286.2900085
1940	286.2900085
1941	286.25
1942	286.269989
1943	286.2900085
1944	286.25
1945	286.269989
1946	286.269989
1947	286.269989
1948	286.2900085
1949	286.2900085
1950	286.1300049
1951	286.1900024
1952	286.269989
1953	286.3599854
1954	286.3099976
1955	286.3399963
1956	286.3399963
1957	286.230011
1958	286.2900085
1959	286.2900085
1960	286.269989
1961	286.3599854
1962	286.3999939
1963	286.3999939
1964	286.3399963
1965	286.3599854
1966	286.3599854
1967	286.3999939
1968	286.3800049
1969	286.3999939
1970	286.3999939
1971	286.2900085
1972	286.3599854
1973	286.4200134
1974	286.3800049
1975	286.3800049
1976	286.3099976
1977	286.25
1978	286.3099976
1979	286.3800049
1980	286.3099976
1981	286.3399963
1982	286.3099976
1983	286.3800049
1984	286.3599854
1985	286.3099976
1986	286.269989
1987	286.3099976
1988	286.3099976
1989	286.4200134
1990	286.6300049
1991	286.6499939
1992	286.730011
1993	286.7099915
1994	286.75
1995	286.75
1996	286.6700134
1997	286.7099915
1998	286.75
1999	286.980011
2000	287.1700134
2001	287.2399902
2002	287.3999939
2003	287.9899902
2004	288.3599854
2005	288.5499878
2006	288.7799988
2007	289.1000061
2008	289.2399902
2009	289.3699951
2010	289.7000122
2011	289.769989
2012	289.9299927
2013	290.0400085
2014	290.1000061
2015	290.25
2016	290.2900085
2017	290.4299927
2018	290.4599915
2019	290.5
2020	290.5
2021	290.5400085
2022	290.6900024
2023	290.6000061
2024	290.6600037
2025	290.8299866
2026	290.7900085
2027	290.7900085
2028	290.8900146
2029	290.9200134
2030	290.9200134
2031	290.8900146
2032	290.9400024
2033	291.019989
2034	291.019989
2035	291
2036	291.1000061
2037	291.0599976
2038	291.0799866
2039	291.0599976
2040	291.0799866
2041	291.0799866
2042	291.0799866
2043	291.1000061
2044	291.1499939
2045	291.25
2046	291.230011
2047	291.230011
2048	291.230011
2049	291.230011
2050	291.25
2051	291.1700134
2052	291.1900024
2053	291.1900024
2054	291.230011
2055	291.230011
2056	291.2099915
2057	291.269989
2058	291.230011
2059	291.230011
2060	291.1499939
2061	291.1900024
2062	291.2099915
2063	291.269989
2064	291.269989
2065	291.269989
2066	291.269989
2067	291.2900085
2068	291.3800049
2069	291.3500061
2070	291.3099976
2071	291.2900085
2072	291.3500061
2073	291.3999939
2074	291.3999939
2075	291.3500061
2076	291.3500061
2077	291.3999939
2078	291.3999939
2079	291.3999939
2080	291.4400024
2081	291.4400024
2082	291.4200134
2083	291.3500061
2084	291.4200134
2085	291.4400024
2086	291.4400024
2087	291.3800049
2088	291.4400024
2089	291.4599915
2090	291.3500061
2091	291.3800049
2092	291.4400024
2093	291.3999939
2094	291.3500061
2095	291.3800049
2096	291.4200134
2097	291.3999939
2098	291.3999939
2099	291.4400024
2100	291.4200134
2101	291.3999939
2102	291.3500061
2103	291.3500061
2104	291.4200134
2105	291.4200134
2106	291.3999939
2107	291.3299866
2108	291.3500061
2109	291.3800049
2110	291.3500061
2111	291.3999939
2112	291.3500061
2113	291.4200134
2114	291.480011
2115	291.4599915
2116	291.3999939
2117	291.3999939
2118	291.480011
2119	291.4400024
2120	291.3999939
2121	291.3800049
2122	291.3800049
2123	291.3800049
2124	291.4200134
2125	291.4200134
2126	291.4599915
2127	291.4200134
2128	291.3800049
2129	291.4599915
2130	291.4599915
2131	291.480011
2132	291.4400024
2133	291.4400024
2134	291.4599915
2135	291.480011
2136	291.4400024
2137	291.4400024
2138	291.4200134
2139	291.4200134
2140	291.4200134
2141	291.4200134
2142	291.4599915
2143	291.4400024
2144	291.4400024
2145	291.4599915
2146	291.4599915
2147	291.4200134
2148	291.4200134
2149	291.4400024
2150	291.519989
2151	291.5400085
2152	291.480011
2153	291.4200134
2154	291.5
2155	291.4400024
2156	291.4599915
2157	291.4200134
2158	291.4599915
2159	291.4200134
2160	291.3800049
2161	291.480011
2162	291.4200134
2163	291.4400024
2164	291.4200134
2165	291.480011
2166	291.3299866
2167	291.2099915
2168	291.1700134
2169	291.1700134
2170	291.1000061
2171	291.1000061
2172	291.0599976
2173	291.0799866
2174	291.1700134
2175	291.1499939
2176	291.1499939
2177	291.1499939
2178	291.019989
2179	290.9200134
2180	290.5599976
2181	289.9299927
2182	289.5100098
2183	289.0499878
2184	287.0899963
2185	286.2900085
2186	284.3500061
2187	282.4899902
2188	280.9400024
2189	280.25
2190	279.6000061
2191	278.1000061
2192	277.7600098
2193	277.2000122
2194	276.8999939
2195	276.8800049
2196	276.8999939
2197	276.9200134
2198	277.0499878
2199	277.2600098
2200	277.5299988
2201	277.5299988
2202	278.0799866
2203	278.4700012
2204	278.6400146
2205	279
2206	279.3299866
2207	279.7099915
2208	279.7099915
2209	280.230011
2210	280.5599976
2211	280.7099915
2212	280.980011
2213	281.1700134
2214	281.5
2215	281.5
2216	281.730011
2217	281.9200134
2218	281.9899902
2219	282.2399902
2220	282.4899902
2221	282.4899902
2222	282.6099854
2223	282.7999878
2224	282.8200073
2225	282.9700012
2226	283.1400146
2227	283.2399902
2228	283.4100037
2229	283.5100098
2230	283.5799866
2231	283.7200012
2232	283.7799988
2233	283.9100037
2234	283.9100037
2235	283.9500122
2236	283.9700012
2237	284.1799927
2238	284.2200012
2239	284.3299866
2240	284.3299866
2241	284.3500061
2242	284.4299927
2243	284.519989
2244	284.5400085
2245	284.519989
2246	284.5799866
2247	284.5799866
2248	284.6799927
2249	284.6799927
2250	284.75
2251	284.769989
2252	284.7900085
2253	284.8500061
2254	284.8900146
2255	284.8699951
2256	284.8500061
2257	284.9299927
2258	284.9299927
2259	285.0599976
2260	285.0599976
2261	285.0599976
2262	285.1400146
2263	285.1600037
2264	285.1199951
2265	285.230011
2266	285.25
2267	285.269989
2268	285.3099976
2269	285.269989
2270	285.269989
2271	285.3500061
2272	285.3500061
2273	285.4599915
2274	285.4599915
2275	285.5
2276	285.5
2277	285.5599976
2278	285.5799866
2279	285.5799866
2280	285.5599976
2281	285.5400085
2282	285.6000061
2283	285.6199951
2284	285.6499939
2285	285.6900024
2286	285.6900024
2287	285.6199951
2288	285.519989
2289	285.5599976
2290	285.730011
2291	285.730011
2292	285.730011
2293	285.6900024
2294	285.6900024
2295	285.7099915
2296	285.769989
2297	285.7900085
2298	285.7900085
2299	285.7900085
2300	285.769989
2301	285.8999939
2302	285.8800049
2303	285.8500061
2304	285.8299866
2305	285.8299866
2306	285.8099976
2307	285.730011
2308	285.769989
2309	285.8999939
2310	285.9200134
2311	285.9200134
2312	285.9200134
2313	285.9400024
2314	285.9400024
2315	285.8500061
2316	285.8299866
2317	285.9400024
2318	285.9400024
2319	285.8099976
2320	285.8800049
2321	285.9599915
2322	286.0599976
2323	286.0799866
2324	286.0799866
2325	286.0599976
2326	285.980011
2327	285.7900085
2328	285.7099915
2329	285.480011
2330	285.519989
2331	285.6199951
2332	285.7099915
2333	285.8500061
2334	285.8500061
2335	285.8099976
2336	285.8800049
2337	285.9200134
2338	285.9599915
2339	285.980011
2340	286.0799866
2341	286.0599976
2342	286.1099854
2343	286.1099854
2344	286.2099915
2345	286.1900024
2346	286.1700134
2347	286.1099854
2348	286.2099915
2349	286.1900024
2350	286.1900024
2351	286.1099854
2352	286.1300049
2353	286.1099854
2354	286.0799866
2355	286.0400085
2356	286.019989
2357	286.019989
2358	286.019989
2359	285.980011
2360	285.8800049
2361	285.7900085
2362	285.769989
2363	285.730011
2364	285.75
2365	285.7900085
2366	285.7900085
2367	285.8099976
2368	285.730011
2369	285.6900024
2370	285.6499939
2371	285.6700134
2372	285.6700134
2373	285.6499939
2374	285.6000061
2375	285.5599976
2376	285.5599976
2377	285.519989
2378	285.5400085
2379	285.6000061
2380	285.6700134
2381	285.6199951
2382	285.6199951
2383	285.6900024
2384	285.6199951
2385	285.6499939
2386	285.6499939
2387	285.6199951
2388	285.6000061
2389	285.6000061
2390	285.5799866
2391	285.519989
2392	285.5599976
2393	285.6000061
2394	285.6000061
2395	285.6499939
2396	285.6900024
2397	285.7099915
2398	285.7099915
2399	285.730011
2400	285.769989
2401	285.769989
2402	285.7900085
2403	285.8099976
2404	285.8999939
2405	285.8800049
2406	285.8800049
2407	285.8999939
2408	285.8800049
2409	285.9400024
2410	285.9400024
2411	285.9599915
2412	286.0599976
2413	286.0799866
2414	286.0599976
2415	286.0799866
2416	286.0400085
2417	286.0599976
2418	286.1300049
2419	286.1099854
2420	286.1499939
2421	286.1499939
2422	286.1499939
2423	286.1099854
2424	286.0599976
2425	286.1099854
2426	286.1499939
2427	286.2099915
2428	286.2099915
2429	286.3399963
2430	286.3599854
2431	286.3599854
2432	286.3399963
2433	286.25
2434	286.25
2435	286.269989
2436	286.3999939
2437	286.3999939
2438	286.480011
2439	286.519989
2440	286.5400085
2441	286.5400085
2442	286.6099854
2443	286.75
2444	286.7099915
2445	286.769989
2446	286.75
2447	286.8399963
2448	286.8999939
2449	286.8200073
2450	286.8800049
2451	286.8200073
2452	286.8599854
2453	286.8599854
2454	286.8800049
2455	286.9599915
2456	286.9400024
2457	286.8999939
2458	286.8999939
2459	286.8999939
2460	286.8999939
2461	286.9400024
2462	287.0100098
2463	287.0899963
2464	287.3399963
2465	287.3800049
2466	287.2999878
2467	287.2999878
2468	287.1900024
2469	287.1900024
2470	287.2600098
2471	287.3399963
2472	287.5299988
2473	287.6099854
2474	287.7200012
2475	288.1099854
2476	288.2000122
2477	288.4899902
2478	288.7399902
2479	288.8200073
2480	288.9899902
2481	289.0799866
2482	289.2399902
2483	289.4299927
2484	289.5599976
2485	289.5599976
2486	289.6400146
2487	289.6600037
2488	289.6799927
2489	289.7900085
2490	289.8500061
2491	289.8900146
2492	289.8900146
2493	290.0599976
2494	290.0799866
2495	290.1000061
2496	290.1199951
2497	290.1199951
2498	290.230011
2499	290.230011
2500	290.25
2501	290.2900085
2502	290.25
2503	290.25
2504	290.3699951
2505	290.4100037
2506	290.3500061
2507	290.3299866
2508	290.3699951
2509	290.3699951
2510	290.3699951
2511	290.3900146
2512	290.3500061
2513	290.3500061
2514	290.4599915
2515	290.4100037
2516	290.4599915
2517	290.4299927
2518	290.480011
2519	290.4599915
2520	290.4299927
2521	290.5
2522	290.5
2523	290.5400085
2524	290.5400085
2525	290.5599976
2526	290.5400085
2527	290.5799866
2528	290.5599976
2529	290.5799866
2530	290.5400085
2531	290.5400085
2532	290.5799866
2533	290.6000061
2534	290.5599976
2535	290.5599976
2536	290.5599976
2537	290.5799866
2538	290.5799866
2539	290.6400146
2540	290.519989
2541	290.6199951
2542	290.6400146
2543	290.6400146
2544	290.5799866
2545	290.6000061
2546	290.5799866
2547	290.6000061
2548	290.6400146
2549	290.6400146
2550	290.5799866
2551	290.6400146
2552	290.6000061
2553	290.6400146
2554	290.6900024
2555	290.6400146
2556	290.6600037
2557	290.6199951
2558	290.6900024
2559	290.6600037
2560	290.6199951
2561	290.6000061
2562	290.6400146
2563	290.6400146
2564	290.6900024
2565	290.730011
2566	290.6900024
2567	290.7099915
2568	290.7099915
2569	290.6900024
2570	290.6900024
2571	290.7099915
2572	290.5599976
2573	290.6600037
2574	290.6600037
2575	290.6600037
2576	290.6900024
2577	290.6600037
2578	290.6400146
2579	290.6900024
2580	290.730011
2581	290.6900024
2582	290.7099915
2583	290.6900024
2584	290.6900024
2585	290.7099915
2586	290.6600037
2587	290.6400146
2588	290.6400146
2589	290.6400146
2590	290.7099915
2591	290.6600037
2592	290.7099915
2593	290.730011
2594	290.75
2595	290.75
2596	290.75
2597	290.75
2598	290.7900085
2599	290.7900085
2600	290.769989
2601	290.8299866
2602	290.8299866
2603	290.75
2604	290.769989
2605	290.75
2606	290.730011
2607	290.7099915
2608	290.730011
2609	290.730011
2610	290.769989
2611	290.769989
2612	290.7099915
2613	290.75
2614	290.730011
2615	290.730011
2616	290.75
2617	290.6900024
2618	290.6900024
2619	290.7099915
2620	290.6900024
2621	290.6900024
2622	290.6900024
2623	290.730011
2624	290.6600037
2625	290.6600037
2626	290.6900024
2627	290.7099915
2628	290.6400146
2629	290.6600037
2630	290.730011
2631	290.730011
2632	290.730011
2633	290.730011
2634	290.730011
2635	290.75
2636	290.730011
2637	290.730011
2638	290.769989
2639	290.6400146
2640	290.4299927
2641	290.4299927
2642	290.3699951
2643	290.3299866
2644	290.3099976
2645	290.3099976
2646	290.2900085
2647	290.230011
2648	290.230011
2649	290.269989
2650	290.269989
2651	290.1600037
2652	290.0799866
2653	289.7200012
2654	289.4299927
2655	288.9700012
2656	287.4400024
2657	286.8399963
2658	285.519989
2659	284.0599976
2660	283.3500061
2661	282.1499939
2662	281.6499939
2663	280.8599854
2664	280.3500061
2665	280.1700134
2666	280
2667	279.9599915
2668	279.9599915
2669	280
2670	280.1199951
2671	280.3500061
2672	280.6099854
2673	280.6099854
2674	280.980011
2675	281.230011
2676	281.3800049
2677	281.6900024
2678	281.9400024
2679	282.1499939
2680	282.1499939
2681	282.5899963
2682	282.7799988
2683	282.7999878
2684	283.0499878
2685	283.3200073
2686	283.4899902
2687	283.5799866
2688	283.9899902
2689	284.0799866
2690	284.1600037
2691	284.3299866
2692	284.4700012
2693	284.5799866
2694	284.5400085
2695	284.7000122
2696	284.75
2697	284.9299927
2698	285
2699	285.0799866
2700	285.1600037
2701	285.1400146
2702	285.2099915
2703	285.3900146
2704	285.4599915
2705	285.4599915
2706	285.5799866
2707	285.6499939
2708	285.6199951
2709	285.769989
2710	285.8999939
2711	285.9200134
2712	285.9200134
2713	286.0599976
2714	286.1900024
2715	286.2099915
2716	286.25
2717	286.25
2718	286.3099976
2719	286.3099976
2720	286.4400024
2721	286.4400024
2722	286.480011
2723	286.519989
2724	286.5899963
2725	286.5400085
2726	286.6499939
2727	286.6499939
2728	286.6499939
2729	286.75
2730	286.8399963
2731	286.8599854
2732	286.8399963
2733	286.8599854
2734	286.769989
2735	286.8599854
2736	286.8800049
2737	286.8599854
2738	286.980011
2739	287.0499878
2740	287.0100098
2741	287.0299988
2742	287.0299988
2743	287.0499878
2744	287.0499878
2745	287.1700134
2746	287.1700134
2747	287.1900024
2748	287.2099915
2749	287.2399902
2750	287.2799988
2751	287.2799988
2752	287.2399902
2753	287.2600098
2754	287.2799988
2755	287.3200073
2756	287.3599854
2757	287.3599854
2758	287.3200073
2759	287.3200073
2760	287.3399963
2761	287.5499878
2762	287.4700012
2763	287.5100098
2764	287.4899902
2765	287.5299988
2766	287.5100098
2767	287.4899902
2768	287.5499878
2769	287.5299988
2770	287.6099854
2771	287.5100098
2772	287.4899902
2773	287.5700073
2774	287.5899963
2775	287.7399902
2776	287.7399902
2777	287.7200012
2778	287.6300049
2779	287.5899963
2780	287.6499939
2781	287.7200012
2782	287.7399902
2783	287.7399902
2784	287.7200012
2785	287.7000122
2786	287.7000122
2787	287.7600098
2788	287.7999878
2789	287.7399902
2790	287.7399902
2791	287.7799988
2792	287.8399963
2793	287.8399963
2794	287.8200073
2795	287.8399963
2796	287.9500122
2797	287.8999939
2798	287.8599854
2799	287.8800049
2800	287.8399963
2801	287.8399963
2802	287.8800049
2803	287.8999939
2804	287.7999878
2805	287.7799988
2806	287.7799988
2807	287.7799988
2808	287.8800049
2809	287.8599854
2810	287.8800049
2811	287.8800049
2812	287.8399963
2813	287.8200073
2814	287.8399963
2815	287.8399963
2816	287.9299927
2817	287.9299927
2818	287.8399963
2819	287.8200073
2820	287.9899902
2821	287.9700012
2822	287.9700012
2823	288.0700073
2824	288.0499878
2825	288.0100098
2826	287.8599854
2827	287.9899902
2828	288.0100098
2829	288.0899963
2830	288.0299988
2831	288.0700073
2832	288.0700073
2833	288.1300049
2834	288.0899963
2835	288.0899963
2836	288.0899963
2837	288.1600037
2838	288.0899963
2839	288.1099854
2840	288.0700073
2841	288.1099854
2842	288.0299988
2843	288.0499878
2844	288.1099854
2845	288.1300049
2846	288.0899963
2847	288.0899963
2848	288.1799927
2849	288.1799927
2850	288.0899963
2851	288.1099854
2852	288.1600037
2853	288.1300049
2854	288.1300049
2855	288.0700073
2856	288.0499878
2857	288.0899963
2858	288.1799927
2859	288.2999878
2860	288.1799927
2861	288.1799927
2862	288.1799927
2863	288.0899963
2864	288.0499878
2865	288.0299988
2866	288.1300049
2867	288.1300049
2868	288.1799927
2869	288.2200012
2870	288.2600098
2871	288.2799988
2872	288.2999878
2873	288.2999878
2874	288.2799988
2875	288.2000122
2876	288.1799927
2877	288.1300049
2878	288.1600037
2879	288.2200012
2880	288.1799927
2881	288.2799988
2882	288.2600098
2883	288.2399902
2884	288.2399902
2885	288.2799988
2886	288.2799988
2887	288.2200012
2888	288.2000122
2889	288.1300049
2890	288.2399902
2891	288.2600098
2892	288.1600037
2893	288.1600037
2894	288.1300049
2895	288.2000122
2896	288.1799927
2897	288.2799988
2898	288.2200012
2899	288.2799988
2900	288.2799988
2901	288.2999878
2902	288.2799988
2903	288.2999878
2904	288.2999878
2905	288.2799988
2906	288.2999878
2907	288.2999878
2908	288.3200073
2909	288.3200073
2910	288.2999878
2911	288.2999878
2912	288.2999878
2913	288.2600098
2914	288.3599854
2915	288.3900146
2916	288.3200073
2917	288.3200073
2918	288.2799988
2919	288.2999878
2920	288.3200073
2921	288.2799988
2922	288.3599854
2923	288.2799988
2924	288.3900146
2925	288.3900146
2926	288.4299927
2927	288.1799927
2928	288.2200012
2929	288.2399902
2930	288.2600098
2931	288.2999878
2932	288.2999878
2933	288.3599854
2934	288.3399963
2935	288.3599854
2936	288.5499878
2937	288.7200012
2938	288.7600098
2939	288.8200073
2940	288.8500061
2941	288.7799988
2942	288.7600098
2943	288.8200073
2944	288.9100037
2945	288.8900146
2946	288.9100037
2947	289.1199951
2948	289.2399902
2949	289.4500122
2950	289.6199951
2951	289.6400146
2952	289.7399902
2953	289.8699951
2954	289.9700012
2955	290.0799866
2956	290.1600037
2957	290.1600037
2958	290.269989
2959	290.3500061
2960	290.3500061
2961	290.4299927
2962	290.4100037
2963	290.4100037
2964	290.4100037
2965	290.519989
2966	290.5599976
2967	290.6199951
2968	290.5599976
2969	290.5799866
2970	290.6000061
2971	290.6000061
2972	290.6199951
2973	290.5400085
2974	290.6600037
2975	290.6400146
2976	290.7099915
2977	290.6400146
2978	290.6400146
2979	290.5799866
2980	290.7099915
2981	290.730011
2982	290.7099915
2983	290.6600037
2984	290.730011
2985	290.6900024
2986	290.730011
2987	290.769989
2988	290.7900085
2989	290.75
2990	290.769989
2991	290.7900085
2992	290.769989
2993	290.769989
2994	290.730011
2995	290.75
2996	290.75
2997	290.7900085
2998	290.75
2999	290.7900085
3000	290.7900085
3001	290.8699951
3002	290.8699951
3003	290.8699951
3004	290.8900146
3005	290.8699951
3006	290.8500061
3007	290.8500061
3008	290.8500061
3009	290.8500061
3010	290.8299866
3011	290.8500061
3012	290.8099976
3013	290.8299866
3014	290.9200134
3015	290.8699951
3016	290.8299866
3017	290.8299866
3018	290.9200134
3019	290.8699951
3020	290.9400024
3021	290.9200134
3022	290.8099976
3023	290.8699951
3024	290.8699951
3025	290.8699951
3026	290.9400024
3027	290.9400024
3028	290.9400024
3029	290.8699951
3030	290.8500061
3031	290.8500061
3032	290.8900146
3033	290.8900146
3034	290.9200134
3035	290.9200134
3036	290.9400024
3037	290.9400024
3038	291
3039	290.9200134
3040	290.9599915
3041	290.8900146
3042	290.8900146
3043	290.8900146
3044	290.8900146
3045	290.9200134
3046	290.8900146
3047	290.8900146
3048	290.8900146
3049	290.8900146
3050	290.8699951
3051	290.8699951
3052	290.9200134
3053	290.9200134
3054	290.9599915
3055	290.9200134
3056	290.9400024
3057	290.8699951
3058	290.8900146
3059	290.8900146
3060	290.9200134
3061	290.9200134
3062	290.9200134
3063	290.9599915
3064	290.9599915
3065	290.8900146
3066	290.9200134
3067	290.9200134
3068	290.9599915
3069	290.9400024
3070	290.9200134
3071	290.8900146
3072	290.9200134
3073	290.8900146
3074	290.8900146
3075	290.8900146
3076	290.8900146
3077	290.8699951
3078	290.9200134
3079	290.980011
3080	290.9400024
3081	291.019989
3082	291.0400085
3083	291
3084	291
3085	291.0599976
3086	290.980011
3087	291.0599976
3088	291.019989
3089	290.980011
3090	291.019989
3091	291
3092	290.980011
3093	290.9400024
3094	290.9400024
3095	290.9200134
3096	290.8299866
3097	290.8699951
3098	290.9200134
3099	290.9200134
3100	290.9599915
3101	290.8900146
3102	290.9200134
3103	290.9200134
3104	290.9400024
3105	290.9400024
3106	290.9400024
3107	290.8699951
3108	290.9200134
3109	290.9400024
3110	290.9599915
3111	290.980011
3112	290.8299866
3113	290.8299866
3114	290.6000061
3115	290.519989
3116	290.4100037
3117	290.4100037
3118	290.4100037
3119	290.3900146
3120	290.4100037
3121	290.5
3122	290.4299927
3123	290.3500061
3124	290.3099976
3125	290.1799927
3126	290.0799866
3127	289.9299927
3128	289.2600098
3129	288.8900146
3130	287.7799988
3131	286.4599915
3132	285.9200134
3133	284.9100037
3134	284.3900146
3135	283.5100098
3136	283.0100098
3137	282.6300049
3138	282.6300049
3139	282.3999939
3140	282.2799988
3141	282.2799988
3142	282.2999878
3143	282.3800049
3144	282.4899902
3145	282.4899902
3146	282.8900146
3147	283.1799927
3148	283.2600098
3149	283.4899902
3150	283.6400146
3151	283.7200012
3152	283.7799988
3153	284.1400146
3154	284.3299866
3155	284.4299927
3156	284.6799927
3157	284.8299866
3158	284.9599915
3159	285.019989
3160	285.1900024
3161	285.230011
3162	285.3900146
3163	285.6199951
3164	285.6499939
3165	285.769989
3166	285.8500061
3167	285.9200134
3168	286.0599976
3169	286.1099854
3170	286.25
3171	286.25
3172	286.3099976
3173	286.3099976
3174	286.480011
3175	286.5
3176	286.5400085
3177	286.5400085
3178	286.6900024
3179	286.769989
3180	286.769989
3181	286.7999878
3182	286.9200134
3183	287.0299988
3184	287.0299988
3185	287.1099854
3186	287.0700073
3187	287.0700073
3188	287.1300049
3189	287.2600098
3190	287.2799988
3191	287.3200073
3192	287.4200134
3193	287.3800049
3194	287.5299988
3195	287.4700012
3196	287.4200134
3197	287.3999939
3198	287.4700012
3199	287.5499878
3200	287.5700073
3201	287.5700073
3202	287.6499939
3203	287.7399902
3204	287.7799988
3205	287.7399902
3206	287.7999878
3207	287.8800049
3208	287.8599854
3209	287.8599854
3210	287.8599854
3211	287.9700012
3212	287.9299927
3213	287.8599854
3214	287.8800049
3215	287.9500122
3216	287.9500122
3217	287.9700012
3218	287.9899902
3219	287.9700012
3220	287.9299927
3221	287.9700012
3222	288.0299988
3223	288.0299988
3224	288.0700073
3225	288.0899963
3226	288.0899963
3227	288.0700073
3228	288.0499878
3229	288.1099854
3230	288.1099854
3231	288.0700073
3232	288.0700073
3233	288.0899963
3234	288.1600037
3235	288.0899963
3236	288.1799927
3237	288.1799927
3238	288.2799988
3239	288.2600098
3240	288.2399902
3241	288.2799988
3242	288.2799988
3243	288.2600098
3244	288.2999878
3245	288.3200073
3246	288.2600098
3247	288.2799988
3248	288.2799988
3249	288.2999878
3250	288.3599854
3251	288.3399963
3252	288.3900146
3253	288.3599854
3254	288.4100037
3255	288.4100037
3256	288.3900146
3257	288.3900146
3258	288.3900146
3259	288.3599854
3260	288.3599854
3261	288.3900146
3262	288.3900146
3263	288.4700012
3264	288.4299927
3265	288.4299927
3266	288.3599854
3267	288.4299927
3268	288.3399963
3269	288.3900146
3270	288.4100037
3271	288.3599854
3272	288.4100037
3273	288.3900146
3274	288.3900146
3275	288.3599854
3276	288.3599854
3277	288.4100037
3278	288.4700012
3279	288.5100098
3280	288.5100098
3281	288.5499878
3282	288.4700012
3283	288.5100098
3284	288.4700012
3285	288.5100098
3286	288.5499878
3287	288.5499878
3288	288.5899963
3289	288.5700073
3290	288.6199951
3291	288.5899963
3292	288.5700073
3293	288.5899963
3294	288.5899963
3295	288.5700073
3296	288.5700073
3297	288.5299988
3298	288.5499878
3299	288.5100098
3300	288.4899902
3301	288.5299988
3302	288.4500122
3303	288.4700012
3304	288.5100098
3305	288.5899963
3306	288.5899963
3307	288.5700073
3308	288.6400146
3309	288.6199951
3310	288.5700073
3311	288.5899963
3312	288.4700012
3313	288.5299988
3314	288.5700073
3315	288.5700073
3316	288.5899963
3317	288.5299988
3318	288.6199951
3319	288.6199951
3320	288.7000122
3321	288.6600037
3322	288.6199951
3323	288.5299988
3324	288.5299988
3325	288.5899963
3326	288.5899963
3327	288.6600037
3328	288.6400146
3329	288.7000122
3330	288.6199951
3331	288.5499878
3332	288.5700073
3333	288.6600037
3334	288.6600037
3335	288.6199951
3336	288.6799927
3337	288.5899963
3338	288.7000122
3339	288.6600037
3340	288.6600037
3341	288.6600037
3342	288.6400146
3343	288.5299988
3344	288.6400146
3345	288.5700073
3346	288.6400146
3347	288.6400146
3348	288.7000122
3349	288.7000122
3350	288.7600098
3351	288.7600098
3352	288.6799927
3353	288.6600037
3354	288.6799927
3355	288.5899963
3356	288.6199951
3357	288.6400146
3358	288.6400146
3359	288.7000122
3360	288.6799927
3361	288.6600037
3362	288.6199951
3363	288.6199951
3364	288.7000122
3365	288.7000122
3366	288.7399902
3367	288.7600098
3368	288.7999878
3369	288.7000122
3370	288.6600037
3371	288.6199951
3372	288.6600037
3373	288.6799927
3374	288.7000122
3375	288.7000122
3376	288.7200012
3377	288.7200012
3378	288.7399902
3379	288.7000122
3380	288.6799927
3381	288.7000122
3382	288.7000122
3383	288.7000122
3384	288.7600098
3385	288.7600098
3386	288.7399902
3387	288.7600098
3388	288.7000122
3389	288.6600037
3390	288.6600037
3391	288.7399902
3392	288.7399902
3393	288.6799927
3394	288.7200012
3395	288.7000122
3396	288.6799927
3397	288.6799927
3398	288.7399902
3399	288.8699951
3400	288.8200073
3401	288.8500061
3402	288.7600098
3403	288.7999878
3404	288.7999878
3405	288.7999878
3406	288.7999878
3407	288.8500061
3408	288.7999878
3409	288.8900146
3410	288.9700012
3411	289.1000061
3412	289.2200012
3413	289.2200012
3414	289.2799988
3415	289.2799988
3416	289.2799988
3417	289.3099976
3418	289.2600098
3419	289.3900146
3420	289.4500122
3421	289.6000061
3422	289.769989
3423	289.8299866
3424	289.9299927
3425	289.9700012
3426	290.1199951
3427	290.2000122
3428	290.269989
3429	290.269989
3430	290.4100037
3431	290.480011
3432	290.480011
3433	290.519989
3434	290.6000061
3435	290.6600037
3436	290.6600037
3437	290.6600037
3438	290.6600037
3439	290.75
3440	290.75
3441	290.8500061
3442	290.75
3443	290.75
3444	290.8500061
3445	290.8299866
3446	290.9200134
3447	290.8900146
3448	290.8699951
3449	290.9200134
3450	290.8299866
3451	290.8900146
3452	290.9200134
3453	290.8500061
3454	290.8900146
3455	290.9400024
3456	290.9200134
3457	290.9200134
3458	290.9200134
3459	290.8500061
3460	290.9400024
3461	290.9400024
3462	290.9400024
3463	290.9599915
3464	290.9200134
3465	290.980011
3466	290.9599915
3467	290.9599915
3468	290.9599915
3469	290.980011
3470	291
3471	290.980011
3472	290.9400024
3473	291.019989
3474	291.0599976
3475	291.0599976
3476	290.9599915
3477	290.9200134
3478	290.9599915
3479	291
3480	290.9599915
3481	291.0400085
3482	290.9599915
3483	291.0400085
3484	291.019989
3485	290.980011
3486	291.0400085
3487	290.980011
3488	291.019989
3489	291.0599976
3490	291.019989
3491	291.0400085
3492	291.0400085
3493	291.019989
3494	291.0400085
3495	291.0599976
3496	291
3497	291.019989
3498	290.980011
3499	291.0400085
3500	291.0400085
3501	291.0599976
3502	291
3503	291.0400085
3504	291.019989
3505	291.019989
3506	291.0599976
3507	291.0599976
3508	291.1000061
3509	291.0799866
3510	291.0799866
3511	291.0599976
3512	291.0599976
3513	291.0400085
3514	291.019989
3515	291.0599976
3516	291.0599976
3517	291.019989
3518	291.0599976
3519	291.1000061
3520	291.0599976
3521	291.0799866
3522	291.019989
3523	291.0599976
3524	291.0799866
3525	291.0599976
3526	291.0400085
3527	291.0599976
3528	291.1000061
3529	291.1199951
3530	291.019989
3531	291.0400085
3532	291.0400085
3533	291.0400085
3534	291.0400085
3535	291.0599976
3536	291.019989
3537	291.019989
3538	291.019989
3539	291.019989
3540	291.0400085
3541	291.1499939
3542	291.1199951
3543	291.1499939
3544	291.0799866
3545	291.0799866
3546	291.0799866
3547	291.1000061
3548	291.1199951
3549	291.1199951
3550	291.0799866
3551	291.019989
3552	291.1000061
3553	291.0799866
3554	291.0599976
3555	291.1000061
3556	291.0799866
3557	291.1000061
3558	291.0400085
3559	291.0400085
3560	291.0799866
3561	291.0400085
3562	291.0799866
3563	291.0599976
3564	291.0400085
3565	291.0400085
3566	291.019989
3567	291
3568	291.0599976
3569	291.0799866
3570	291.0400085
3571	291.0400085
3572	291.0799866
3573	291.1000061
3574	291.0799866
3575	290.9599915
3576	291
3577	291
3578	291
3579	291
3580	291.0599976
3581	291.0400085
3582	291.0599976
3583	291.0799866
3584	291.0599976
3585	291.0599976
3586	290.9200134
3587	290.75
3588	290.730011
3589	290.6600037
3590	290.519989
3591	290.5799866
3592	290.5599976
3593	290.5
3594	290.5
3595	290.5
3596	290.519989
3597	290.5599976
3598	290.480011
3599	290.4299927
3600	290.269989
3601	289.8699951
3602	289.2200012
3603	288.3599854
3604	287.8399963
3605	286.9599915
3606	286.6300049
3607	285.6000061
3608	284.8500061
3609	284.2000122
3610	284.2000122
3611	283.5499878
3612	283.2999878
3613	283.2799988
3614	283.2399902
3615	283.2399902
3616	283.2999878
3617	283.2999878
3618	283.5799866
3619	283.7000122
3620	283.8299866
3621	284.1000061
3622	284.3099976
3623	284.4299927
3624	284.5400085
3625	284.769989
3626	284.8299866
3627	285.019989
3628	285.1600037
3629	285.2099915
3630	285.3099976
3631	285.3900146
3632	285.6900024
3633	285.730011
3634	285.8999939
3635	286.0799866
3636	286.0799866
3637	286.1099854
3638	286.1300049
3639	286.230011
3640	286.3999939
3641	286.5
3642	286.5
3643	286.6099854
3644	286.769989
3645	286.8399963
3646	286.9200134
3647	286.980011
3648	286.9599915
3649	286.9599915
3650	287.0499878
3651	287.1300049
3652	287.1099854
3653	287.2600098
3654	287.2399902
3655	287.1900024
3656	287.1900024
3657	287.3599854
3658	287.3800049
3659	287.3800049
3660	287.4700012
3661	287.4899902
3662	287.5499878
3663	287.5899963
3664	287.7399902
3665	287.7799988
3666	287.6499939
3667	287.7000122
3668	287.7000122
3669	287.7799988
3670	287.7600098
3671	287.8599854
3672	287.8399963
3673	287.8999939
3674	287.9500122
3675	288.0100098
3676	288.0700073
3677	288.0299988
3678	288.0299988
3679	288.1099854
3680	288.0100098
3681	288.0100098
3682	288.0100098
3683	288.0499878
3684	288.0499878
3685	288.0499878
3686	288.0899963
3687	288.1099854
3688	288.1099854
3689	288.1799927
3690	288.2000122
3691	288.2000122
3692	288.2000122
3693	288.1300049
3694	288.1099854
3695	288.1300049
3696	288.1799927
3697	288.1300049
3698	288.1300049
3699	288.1799927
3700	288.2600098
3701	288.2600098
3702	288.2799988
3703	288.2799988
3704	288.2999878
3705	288.2799988
3706	288.3399963
3707	288.4299927
3708	288.4100037
3709	288.3900146
3710	288.3599854
3711	288.3399963
3712	288.3200073
3713	288.3200073
3714	288.3399963
3715	288.4299927
3716	288.4700012
3717	288.4100037
3718	288.5100098
3719	288.5100098
3720	288.5100098
3721	288.4700012
3722	288.4700012
3723	288.4500122
3724	288.5499878
3725	288.5499878
3726	288.5100098
3727	288.5100098
3728	288.3599854
3729	288.4100037
3730	288.4899902
3731	288.4899902
3732	288.4899902
3733	288.5100098
3734	288.5100098
3735	288.4299927
3736	288.4299927
3737	288.4700012
3738	288.5100098
3739	288.5299988
3740	288.6199951
3741	288.6600037
3742	288.6199951
3743	288.5899963
3744	288.5100098
3745	288.5299988
3746	288.5299988
3747	288.5700073
3748	288.5899963
3749	288.5700073
3750	288.5299988
3751	288.5100098
3752	288.5100098
3753	288.6400146
3754	288.6799927
3755	288.7000122
3756	288.5899963
3757	288.6600037
3758	288.5499878
3759	288.5499878
3760	288.6400146
3761	288.6600037
3762	288.6400146
3763	288.7000122
3764	288.7200012
3765	288.6600037
3766	288.6799927
3767	288.7600098
3768	288.7000122
3769	288.7000122
3770	288.6799927
3771	288.7000122
3772	288.7000122
3773	288.7000122
3774	288.6600037
3775	288.5899963
3776	288.6400146
3777	288.6199951
3778	288.6199951
3779	288.5899963
3780	288.6199951
3781	288.6600037
3782	288.6799927
3783	288.6799927
3784	288.6799927
3785	288.7200012
3786	288.7000122
3787	288.7200012
3788	288.7399902
3789	288.7600098
3790	288.7399902
3791	288.7399902
3792	288.8500061
3793	288.7799988
3794	288.7200012
3795	288.7399902
3796	288.6799927
3797	288.7000122
3798	288.7000122
3799	288.7200012
3800	288.7200012
3801	288.7399902
3802	288.7600098
3803	288.7399902
3804	288.7399902
3805	288.7999878
3806	288.7000122
3807	288.7799988
3808	288.6799927
3809	288.7200012
3810	288.6799927
3811	288.7000122
3812	288.7000122
3813	288.7000122
3814	288.7200012
3815	288.7000122
3816	288.6600037
3817	288.6400146
3818	288.7200012
3819	288.7399902
3820	288.7999878
3821	288.7999878
3822	288.7799988
3823	288.7799988
3824	288.7200012
3825	288.7200012
3826	288.7200012
3827	288.7399902
3828	288.7799988
3829	288.8200073
3830	288.8200073
3831	288.7999878
3832	288.8900146
3833	288.8699951
3834	288.8500061
3835	288.9100037
3836	288.8200073
3837	288.8900146
3838	288.8900146
3839	288.8500061
3840	288.8500061
3841	288.8900146
3842	288.8500061
3843	288.7999878
3844	288.7999878
3845	288.7999878
3846	288.8500061
3847	288.8699951
3848	288.8900146
3849	288.8500061
3850	288.8500061
3851	288.8500061
3852	288.7600098
3853	288.7000122
3854	288.7000122
3855	288.7000122
3856	288.7399902
3857	288.7600098
3858	288.7600098
3859	288.7799988
3860	288.8200073
3861	288.9100037
3862	288.9100037
3863	288.8500061
3864	288.8200073
3865	288.7600098
3866	288.7999878
3867	288.7600098
3868	288.7000122
3869	288.7000122
3870	288.7799988
3871	288.8699951
3872	288.8699951
3873	288.8200073
3874	288.8500061
3875	288.8200073
3876	288.7999878
3877	288.8699951
3878	288.8500061
3879	288.8699951
3880	288.8500061
3881	288.8900146
3882	288.8699951
3883	288.9299927
3884	289.2200012
3885	289.2799988
3886	289.3299866
3887	289.3099976
3888	289.3099976
3889	289.2600098
3890	289.2799988
3891	289.3500061
3892	289.3900146
3893	289.5599976
3894	289.5599976
3895	289.6799927
3896	289.7900085
3897	289.8699951
3898	290.0599976
3899	290.1799927
3900	290.2900085
3901	290.2900085
3902	290.3900146
3903	290.5
3904	290.4599915
3905	290.5599976
3906	290.5799866
3907	290.6400146
3908	290.6400146
3909	290.6400146
3910	290.6400146
3911	290.6600037
3912	290.7099915
3913	290.769989
3914	290.769989
3915	290.7099915
3916	290.7099915
3917	290.769989
3918	290.8299866
3919	290.75
3920	290.75
3921	290.8299866
3922	290.7900085
3923	290.8099976
3924	290.75
3925	290.7900085
3926	290.8099976
3927	290.8099976
3928	290.8299866
3929	290.8099976
3930	290.8900146
3931	290.8500061
3932	290.9200134
3933	290.9200134
3934	290.8900146
3935	290.8900146
3936	290.8699951
3937	290.8699951
3938	290.9599915
3939	291
3940	291
3941	290.9599915
3942	290.9400024
3943	290.8900146
3944	290.9200134
3945	290.980011
3946	290.980011
3947	290.9599915
3948	290.9200134
3949	291
3950	290.9400024
3951	290.980011
3952	290.980011
3953	291
3954	290.9200134
3955	290.980011
3956	290.9599915
3957	290.980011
3958	290.980011
3959	291
3960	290.980011
3961	291
3962	290.980011
3963	290.9400024
3964	291
3965	291
3966	290.980011
3967	290.980011
3968	290.9599915
3969	290.980011
3970	291.019989
3971	291.0400085
3972	291.0400085
3973	290.9200134
3974	290.9599915
3975	290.980011
3976	290.980011
3977	290.980011
3978	290.980011
3979	290.980011
3980	291
3981	291
3982	291
3983	290.9200134
3984	291
3985	291
3986	291
3987	290.9200134
3988	290.9400024
3989	290.9599915
3990	291
3991	290.9200134
3992	291
3993	291.0400085
3994	291.0400085
3995	291.0599976
3996	291.0400085
3997	291
3998	291.0400085
3999	291
4000	291.0599976
4001	291.0799866
4002	290.980011
4003	291.019989
4004	291.019989
4005	291.0599976
4006	291
4007	291.0400085
4008	291.0599976
4009	291.0400085
4010	290.9200134
4011	290.9200134
4012	291
4013	290.9400024
4014	291.019989
4015	290.9599915
4016	291
4017	291.0400085
4018	291.019989
4019	291.0400085
4020	290.980011
4021	291.0400085
4022	291
4023	291
4024	290.980011
4025	290.9599915
4026	291
4027	291.019989
4028	291.019989
4029	290.980011
4030	290.980011
4031	291.019989
4032	291.0400085
4033	290.980011
4034	290.9400024
4035	291.019989
4036	291.019989
4037	291.019989
4038	290.980011
4039	290.980011
4040	290.9200134
4041	291
4042	291
4043	291
4044	290.9400024
4045	291.019989
4046	290.980011
4047	291.019989
4048	291.0400085
4049	291.019989
4050	291.019989
4051	291
4052	291.0599976
4053	291.0599976
4054	291.019989
4055	291.019989
4056	291.019989
4057	291.019989
4058	291.1199951
4059	291.0599976
4060	290.8299866
4061	290.730011
4062	290.6600037
4063	290.519989
4064	290.5
4065	290.5599976
4066	290.5599976
4067	290.480011
4068	290.5799866
4069	290.5599976
4070	290.5
4071	290.5799866
4072	290.4599915
4073	290.3500061
4074	290.019989
4075	290.019989
4076	289.2200012
4077	288.4700012
4078	287.9899902
4079	286.980011
4080	286
4081	285.1199951
4082	285.1199951
4083	284.1400146
4084	283.8099976
4085	283.6799927
4086	283.4299927
4087	283.3500061
4088	283.3500061
4089	283.2600098
4090	283.4500122
4091	283.5499878
4092	283.6199951
4093	283.7399902
4094	283.8900146
4095	283.9899902
4096	284.1199951
4097	284.5
4098	284.5400085
4099	284.730011
4100	285
4101	285.0799866
4102	285.2900085
4103	285.4200134
4104	285.5799866
4105	285.7099915
4106	285.730011
4107	285.8299866
4108	285.8999939
4109	286.019989
4110	286.0599976
4111	286.1900024
4112	286.3800049
4113	286.5
4114	286.5
4115	286.6900024
4116	286.769989
4117	286.769989
4118	286.769989
4119	286.8999939
4120	286.9599915
4121	286.9599915
4122	287.1700134
4123	287.0499878
4124	287.1099854
4125	287.2099915
4126	287.2799988
4127	287.2999878
4128	287.3399963
4129	287.3999939
4130	287.4200134
4131	287.4899902
4132	287.6300049
4133	287.6499939
4134	287.7200012
4135	287.6700134
4136	287.7000122
4137	287.7200012
4138	287.7799988
4139	287.8599854
4140	287.8399963
4141	287.8200073
4142	287.8200073
4143	287.8200073
4144	287.9700012
4145	287.9899902
4146	287.9899902
4147	287.9899902
4148	287.9899902
4149	288.0100098
4150	288.0100098
4151	287.9899902
4152	287.9700012
4153	287.9700012
4154	288.0499878
4155	288.1600037
4156	288.0899963
4157	288.1099854
4158	288.2200012
4159	288.1799927
4160	288.1600037
4161	288.2000122
4162	288.2200012
4163	288.2200012
4164	288.2799988
4165	288.2600098
4166	288.2600098
4167	288.2999878
4168	288.2600098
4169	288.3399963
4170	288.2999878
4171	288.2399902
4172	288.2799988
4173	288.3200073
4174	288.3399963
4175	288.2799988
4176	288.2999878
4177	288.3200073
4178	288.3599854
4179	288.2600098
4180	288.2799988
4181	288.3200073
4182	288.3599854
4183	288.4700012
4184	288.4500122
4185	288.4500122
4186	288.3900146
4187	288.3599854
4188	288.4100037
4189	288.4700012
4190	288.3900146
4191	288.4500122
4192	288.4500122
4193	288.4299927
4194	288.4500122
4195	288.4299927
4196	288.5299988
4197	288.5100098
4198	288.5100098
4199	288.5100098
4200	288.5100098
4201	288.5499878
4202	288.5299988
4203	288.5100098
4204	288.5499878
4205	288.5299988
4206	288.5299988
4207	288.5700073
4208	288.4899902
4209	288.5899963
4210	288.5700073
4211	288.5499878
4212	288.6400146
4213	288.6400146
4214	288.6400146
4215	288.6799927
4216	288.6600037
4217	288.6600037
4218	288.6199951
4219	288.6600037
4220	288.5899963
4221	288.6199951
4222	288.7000122
4223	288.6600037
4224	288.6600037
4225	288.6400146
4226	288.7000122
4227	288.6600037
4228	288.6400146
4229	288.6199951
4230	288.5899963
4231	288.5899963
4232	288.5700073
4233	288.5899963
4234	288.5700073
4235	288.6199951
4236	288.6600037
4237	288.6400146
4238	288.6600037
4239	288.5899963
4240	288.6199951
4241	288.5499878
4242	288.6600037
4243	288.7000122
4244	288.6799927
4245	288.6600037
4246	288.6799927
4247	288.7000122
4248	288.7000122
4249	288.7200012
4250	288.6600037
4251	288.7600098
4252	288.7000122
4253	288.7399902
4254	288.6600037
4255	288.6600037
4256	288.6600037
4257	288.7399902
4258	288.7399902
4259	288.7200012
4260	288.5700073
4261	288.6600037
4262	288.6600037
4263	288.6600037
4264	288.6400146
4265	288.4700012
4266	288.4899902
4267	288.4700012
4268	288.5100098
4269	288.5100098
4270	288.5100098
4271	288.6799927
4272	288.6799927
4273	288.7200012
4274	288.6600037
4275	288.6799927
4276	288.6400146
4277	288.7600098
4278	288.7799988
4279	288.7999878
4280	288.7000122
4281	288.7000122
4282	288.6600037
4283	288.6799927
4284	288.7000122
4285	288.7799988
4286	288.7600098
4287	288.8200073
4288	288.8200073
4289	288.8200073
4290	288.8200073
4291	288.7799988
4292	288.7999878
4293	288.7600098
4294	288.7600098
4295	288.7600098
4296	288.7000122
4297	288.7600098
4298	288.7600098
4299	288.7600098
4300	288.7399902
4301	288.7200012
4302	288.7200012
4303	288.7600098
4304	288.7799988
4305	288.7799988
4306	288.7999878
4307	288.7200012
4308	288.7600098
4309	288.7399902
4310	288.7200012
4311	288.7399902
4312	288.7999878
4313	288.8200073
4314	288.7799988
4315	288.8200073
4316	288.7399902
4317	288.7600098
4318	288.8500061
4319	288.7399902
4320	288.6799927
4321	288.7600098
4322	288.7200012
4323	288.7200012
4324	288.8200073
4325	288.7999878
4326	288.8200073
4327	288.8200073
4328	288.8500061
4329	288.8200073
4330	288.7799988
4331	288.8500061
4332	288.7799988
4333	288.7600098
4334	288.7600098
4335	288.7799988
4336	288.7799988
4337	288.7999878
4338	288.8900146
4339	288.8500061
4340	288.8900146
4341	288.9500122
4342	288.9100037
4343	288.9100037
4344	288.9100037
4345	288.8900146
4346	288.9500122
4347	288.9500122
4348	288.9299927
4349	288.8900146
4350	288.8699951
4351	288.9100037
4352	288.8900146
4353	288.8900146
4354	288.9700012
4355	288.9899902
4356	288.9899902
4357	289.2200012
4358	289.3699951
4359	289.3699951
4360	289.3699951
4361	289.3699951
4362	289.4100037
4363	289.4899902
4364	289.4700012
4365	289.5100098
4366	289.5100098
4367	289.7200012
4368	289.8500061
4369	289.9100037
4370	290.0799866
4371	290.1600037
4372	290.2000122
4373	290.2000122
4374	290.3500061
4375	290.4599915
4376	290.5
4377	290.5
4378	290.5400085
4379	290.5799866
4380	290.5799866
4381	290.6400146
4382	290.6000061
4383	290.6400146
4384	290.769989
4385	290.769989
4386	290.769989
4387	290.769989
4388	290.8500061
4389	290.8299866
4390	290.8099976
4391	290.8299866
4392	290.8099976
4393	290.8500061
4394	290.8500061
4395	290.8900146
4396	290.8699951
4397	290.9599915
4398	290.9599915
4399	290.9400024
4400	290.8900146
4401	290.9400024
4402	290.9200134
4403	290.8900146
4404	290.8699951
4405	290.8699951
4406	290.8900146
4407	290.8699951
4408	290.9599915
4409	290.9400024
4410	290.980011
4411	290.9599915
4412	291.0400085
4413	290.980011
4414	290.980011
4415	291
4416	291
4417	291.0400085
4418	290.9200134
4419	290.980011
4420	291
4421	290.980011
4422	291
4423	291
4424	291
4425	291.019989
4426	291
4427	291
4428	291.0400085
4429	291.0599976
4430	291.0400085
4431	291.0599976
4432	291.019989
4433	291.0599976
4434	291.1000061
4435	291.1000061
4436	291.0599976
4437	291.0599976
4438	291.0599976
4439	291.0799866
4440	291.0599976
4441	290.9599915
4442	291.019989
4443	290.980011
4444	290.980011
4445	291.0599976
4446	291.019989
4447	291
4448	291.0799866
4449	291.0799866
4450	291.019989
4451	291
4452	291.019989
4453	291.019989
4454	291.1199951
4455	291.0799866
4456	291.019989
4457	291.0799866
4458	291.1199951
4459	291.019989
4460	291.0400085
4461	291.0599976
4462	291.0599976
4463	291
4464	291.0400085
4465	291.019989
4466	291.0599976
4467	291.0799866
4468	291.0400085
4469	291.0400085
4470	291.0400085
4471	291.1199951
4472	291.0799866
4473	291.0599976
4474	291.0799866
4475	291.0400085
4476	291.0400085
4477	291.0400085
4478	291
4479	291.0400085
4480	291.1000061
4481	291.0400085
4482	291.0799866
4483	291.1700134
4484	291.1499939
4485	291.1700134
4486	291.0799866
4487	291.1199951
4488	291.0799866
4489	291.0599976
4490	291.1000061
4491	291.1199951
4492	291.1700134
4493	291.1199951
4494	291.0599976
4495	291.1700134
4496	291.1700134
4497	291.1900024
4498	291.1499939
4499	291.1900024
4500	291.2099915
4501	291.1700134
4502	291.1900024
4503	291.1700134
4504	291.2099915
4505	291.2099915
4506	291.1900024
4507	291.2099915
4508	291.2099915
4509	291.1900024
4510	291.1900024
4511	291.2099915
4512	291.1900024
4513	291.2099915
4514	291.1900024
4515	291.1900024
4516	291.2099915
4517	291.230011
4518	291.230011
4519	291.2099915
4520	291.3099976
4521	291.269989
4522	291.2900085
4523	291.25
4524	291.2099915
4525	291.2099915
4526	291.269989
4527	291.230011
4528	291.230011
4529	291.25
4530	291.25
4531	291.2900085
4532	291.1700134
4533	291.1000061
4534	291
4535	290.980011
4536	290.8699951
4537	290.9200134
4538	290.8900146
4539	290.7900085
4540	290.7900085
4541	290.7900085
4542	290.769989
4543	290.7900085
4544	290.7099915
4545	290.5799866
4546	290.3500061
4547	290.3500061
4548	289.6799927
4549	289.0499878
4550	288.6199951
4551	287.5700073
4552	286.75
4553	285.8800049
4554	285.8800049
4555	284.730011
4556	284.3500061
4557	284.1199951
4558	283.8500061
4559	283.6600037
4560	283.6600037
4561	283.6799927
4562	283.7799988
4563	283.8699951
4564	283.9899902
4565	284.1799927
4566	284.2399902
4567	284.3699951
4568	284.5
4569	284.7000122
4570	284.9299927
4571	285.1600037
4572	285.3699951
4573	285.3900146
4574	285.5400085
4575	285.519989
4576	285.730011
4577	285.9400024
4578	286.1900024
4579	286.1900024
4580	286.3599854
4581	286.4599915
4582	286.5
4583	286.6499939
4584	286.75
4585	286.75
4586	286.75
4587	287.0100098
4588	287.0299988
4589	287.1300049
4590	287.1300049
4591	287.2399902
4592	287.3200073
4593	287.2799988
4594	287.4400024
4595	287.4899902
4596	287.5499878
4597	287.5499878
4598	287.5700073
4599	287.5899963
4600	287.6499939
4601	287.7999878
4602	287.7999878
4603	287.8599854
4604	287.8800049
4605	287.8800049
4606	287.9299927
4607	287.9899902
4608	288.0299988
4609	288.0700073
4610	288.0299988
4611	288.0299988
4612	288.1300049
4613	288.1600037
4614	288.1600037
4615	288.2399902
4616	288.1600037
4617	288.2600098
4618	288.2600098
4619	288.4100037
4620	288.4100037
4621	288.3900146
4622	288.4100037
4623	288.4700012
4624	288.3900146
4625	288.3900146
4626	288.4100037
4627	288.4700012
4628	288.4500122
4629	288.4299927
4630	288.5100098
4631	288.5100098
4632	288.5299988
4633	288.5899963
4634	288.6799927
4635	288.6799927
4636	288.5899963
4637	288.6199951
4638	288.5700073
4639	288.6199951
4640	288.5700073
4641	288.6400146
4642	288.5299988
4643	288.6799927
4644	288.6600037
4645	288.6799927
4646	288.7200012
4647	288.8200073
4648	288.7999878
4649	288.8699951
4650	288.8699951
4651	288.7799988
4652	288.7000122
4653	288.5899963
4654	288.6400146
4655	288.7600098
4656	288.7399902
4657	288.7399902
4658	288.7000122
4659	288.7200012
4660	288.7799988
4661	288.8200073
4662	288.6799927
4663	288.7399902
4664	288.7000122
4665	288.7399902
4666	288.7000122
4667	288.7200012
4668	288.7799988
4669	288.8699951
4670	288.7999878
4671	288.7999878
4672	288.7799988
4673	288.7399902
4674	288.7399902
4675	288.7799988
4676	288.8200073
4677	288.8900146
4678	288.8200073
4679	288.9100037
4680	288.9299927
4681	288.9899902
4682	288.9899902
4683	288.9299927
4684	288.9299927
4685	288.8699951
4686	288.9500122
4687	288.9100037
4688	288.9100037
4689	288.9100037
4690	288.9500122
4691	288.9899902
4692	288.9899902
4693	288.9299927
4694	288.8900146
4695	288.9299927
4696	288.9299927
4697	288.9500122
4698	288.8200073
4699	288.8900146
4700	288.9100037
4701	289.0100098
4702	289.0299988
4703	289.0299988
4704	289.0100098
4705	289.0799866
4706	289.0799866
4707	289.0499878
4708	289.0100098
4709	289.0299988
4710	289.0799866
4711	288.9700012
4712	288.9700012
4713	288.9299927
4714	289.0100098
4715	288.9700012
4716	289.0100098
4717	288.9899902
4718	289.1000061
4719	289.0499878
4720	288.9899902
4721	288.9899902
4722	289.0799866
4723	289.0100098
4724	289.0499878
4725	289.0100098
4726	289.0100098
4727	288.9700012
4728	288.9700012
4729	289.1000061
4730	289.1000061
4731	289.0799866
4732	288.9899902
4733	288.9500122
4734	288.9299927
4735	288.9700012
4736	289.0499878
4737	289.0799866
4738	289.0100098
4739	289.0299988
4740	289.0100098
4741	288.8900146
4742	289.0100098
4743	288.9899902
4744	289.0299988
4745	289.0100098
4746	288.9500122
4747	288.9500122
4748	288.8699951
4749	288.8699951
4750	289.0100098
4751	289.0499878
4752	289.1199951
4753	289.0799866
4754	289.0799866
4755	289.0100098
4756	289.0499878
4757	289.0100098
4758	289.1000061
4759	289.0299988
4760	289.0299988
4761	288.9500122
4762	288.9899902
4763	289.0100098
4764	288.9500122
4765	288.9700012
4766	289.0100098
4767	289.0100098
4768	289.0100098
4769	289.1600037
4770	289.1400146
4771	289.1400146
4772	289.1400146
4773	289.1600037
4774	289.1400146
4775	289.0499878
4776	289.0799866
4777	289.1199951
4778	289.1000061
4779	289.1000061
4780	289.1799927
4781	289.0100098
4782	288.9500122
4783	288.9700012
4784	288.9899902
4785	288.9899902
4786	289.0100098
4787	289.0499878
4788	289.0100098
4789	288.9299927
4790	288.9100037
4791	289.0100098
4792	289.0100098
4793	288.9899902
4794	289.0299988
4795	289.1199951
4796	289.0299988
4797	289.0499878
4798	289.0799866
4799	289.0799866
4800	289.0299988
4801	289.0499878
4802	288.9899902
4803	289.0799866
4804	289.1199951
4805	289.1600037
4806	289.1600037
4807	289.0799866
4808	288.9899902
4809	288.9899902
4810	289.0499878
4811	289.0100098
4812	289.0799866
4813	289.0299988
4814	289.0299988
4815	289.1400146
4816	289.1199951
4817	289.1799927
4818	289.1600037
4819	289.1199951
4820	289.1400146
4821	289.1000061
4822	289.0100098
4823	289.1199951
4824	289.1199951
4825	289.0499878
4826	289.1400146
4827	289.0799866
4828	289.0499878
4829	289.1000061
4830	289.4100037
4831	289.4100037
4832	289.4700012
4833	289.5100098
4834	289.6000061
4835	289.6000061
4836	289.5400085
4837	289.6600037
4838	289.6600037
4839	289.7000122
4840	289.7900085
4841	289.8900146
4842	290.019989
4843	290.1400146
4844	290.2900085
4845	290.3099976
4846	290.4599915
4847	290.480011
4848	290.6199951
4849	290.6600037
4850	290.730011
4851	290.730011
4852	290.75
4853	290.8900146
4854	290.8500061
4855	290.8699951
4856	290.9200134
4857	290.8900146
4858	290.9200134
4859	290.980011
4860	290.9400024
4861	291.019989
4862	290.9599915
4863	290.9599915
4864	291.0400085
4865	291.019989
4866	290.980011
4867	291.0400085
4868	291.0799866
4869	291.1000061
4870	291.1000061
4871	291.1000061
4872	291.1000061
4873	291.0599976
4874	291.1000061
4875	291.1199951
4876	291.1199951
4877	291.1199951
4878	291.1499939
4879	291.1700134
4880	291.1700134
4881	291.1199951
4882	291.1700134
4883	291.1700134
4884	291.1700134
4885	291.1000061
4886	291.1000061
4887	291.1700134
4888	291.1900024
4889	291.1499939
4890	291.1199951
4891	291.1199951
4892	291.1499939
4893	291.1700134
4894	291.25
4895	291.1700134
4896	291.1700134
4897	291.1499939
4898	291.1700134
4899	291.1700134
4900	291.2099915
4901	291.230011
4902	291.230011
4903	291.2099915
4904	291.230011
4905	291.25
4906	291.25
4907	291.230011
4908	291.230011
4909	291.230011
4910	291.2099915
4911	291.2099915
4912	291.1700134
4913	291.2099915
4914	291.25
4915	291.2099915
4916	291.1700134
4917	291.2099915
4918	291.1499939
4919	291.1900024
4920	291.2099915
4921	291.230011
4922	291.230011
4923	291.1900024
4924	291.230011
4925	291.2099915
4926	291.25
4927	291.230011
4928	291.230011
4929	291.1700134
4930	291.25
4931	291.269989
4932	291.1900024
4933	291.1900024
4934	291.25
4935	291.269989
4936	291.230011
4937	291.1900024
4938	291.230011
4939	291.269989
4940	291.2099915
4941	291.2099915
4942	291.230011
4943	291.2900085
4944	291.269989
4945	291.230011
4946	291.2099915
4947	291.1900024
4948	291.1900024
4949	291.25
4950	291.1499939
4951	291.25
4952	291.269989
4953	291.25
4954	291.230011
4955	291.269989
4956	291.2900085
4957	291.1700134
4958	291.2099915
4959	291.230011
4960	291.2099915
4961	291.2099915
4962	291.230011
4963	291.1900024
4964	291.2099915
4965	291.25
4966	291.230011
4967	291.230011
4968	291.2900085
4969	291.269989
4970	291.1900024
4971	291.2099915
4972	291.230011
4973	291.230011
4974	291.2900085
4975	291.2900085
4976	291.269989
4977	291.2900085
4978	291.2099915
4979	291.269989
4980	291.269989
4981	291.1900024
4982	291.25
4983	291.2900085
4984	291.1900024
4985	291.2099915
4986	291.230011
4987	291.25
4988	291.1900024
4989	291.2099915
4990	291.230011
4991	291.269989
4992	291.2099915
4993	291.2099915
4994	291.25
4995	291.269989
4996	291.230011
4997	291.230011
4998	291.1900024
4999	291.230011
5000	291.25
5001	291.269989
5002	291.2099915
5003	291.269989
5004	291.230011
5005	291.25
5006	291.230011
5007	291.1199951
5008	291.0799866
5009	290.9599915
5010	290.9200134
5011	290.8500061
5012	290.8500061
5013	290.8699951
5014	290.8500061
5015	290.8099976
5016	290.8500061
5017	290.8699951
5018	290.8900146
5019	290.8900146
5020	290.75
5021	290.3500061
5022	290.1199951
5023	289.3099976
5024	288.4100037
5025	287.9700012
5026	287.5100098
5027	286.1499939
5028	285.769989
5029	285.1199951
5030	284.5
5031	284.2900085
5032	284.1199951
5033	284.0599976
5034	283.9899902
5035	283.9899902
5036	284.0100098
5037	284.1000061
5038	284.1000061
5039	284.2900085
5040	284.3099976
5041	284.6000061
5042	284.7000122
5043	284.8099976
5044	284.8099976
5045	285.1000061
5046	285.2900085
5047	285.3900146
5048	285.5
5049	285.6499939
5050	285.8099976
5051	285.8099976
5052	286.0799866
5053	286.1900024
5054	286.3399963
5055	286.3999939
5056	286.4599915
5057	286.519989
5058	286.519989
5059	286.7099915
5060	286.8200073
5061	286.769989
5062	286.9200134
5063	287.0700073
5064	287.0499878
5065	287.1099854
5066	287.1300049
5067	287.1499939
5068	287.3200073
5069	287.2600098
5070	287.3200073
5071	287.3999939
5072	287.4200134
5073	287.5899963
5074	287.6700134
5075	287.6499939
5076	287.6700134
5077	287.6700134
5078	287.8200073
5079	287.8399963
5080	287.9299927
5081	287.8999939
5082	287.9700012
5083	287.9700012
5084	287.9899902
5085	287.9899902
5086	288.0299988
5087	288.0700073
5088	288.1600037
5089	288.0899963
5090	288.0899963
5091	288.2200012
5092	288.2399902
5093	288.2200012
5094	288.2000122
5095	288.2399902
5096	288.2000122
5097	288.1799927
5098	288.2999878
5099	288.2799988
5100	288.3200073
5101	288.3200073
5102	288.2999878
5103	288.2600098
5104	288.3399963
5105	288.4299927
5106	288.4500122
5107	288.4299927
5108	288.5100098
5109	288.4899902
5110	288.4500122
5111	288.4500122
5112	288.5499878
5113	288.5299988
5114	288.5100098
5115	288.5100098
5116	288.5499878
5117	288.5700073
5118	288.5700073
5119	288.5499878
5120	288.5700073
5121	288.6400146
5122	288.6400146
5123	288.5499878
5124	288.5499878
5125	288.5899963
5126	288.5700073
5127	288.5700073
5128	288.6600037
5129	288.6600037
5130	288.6600037
5131	288.6400146
5132	288.5899963
5133	288.6199951
5134	288.7200012
5135	288.6799927
5136	288.6799927
5137	288.6400146
5138	288.7000122
5139	288.6799927
5140	288.6600037
5141	288.6799927
5142	288.6799927
5143	288.7000122
5144	288.7399902
5145	288.7200012
5146	288.7600098
5147	288.7399902
5148	288.7399902
5149	288.7399902
5150	288.7999878
5151	288.7999878
5152	288.7200012
5153	288.8200073
5154	288.8200073
5155	288.8200073
5156	288.8500061
5157	288.8699951
5158	288.8699951
5159	288.7999878
5160	288.9100037
5161	288.9100037
5162	288.8500061
5163	288.7600098
5164	288.7799988
5165	288.7999878
5166	288.8699951
5167	288.8699951
5168	288.8699951
5169	288.8900146
5170	288.8200073
5171	288.8699951
5172	288.8900146
5173	288.8200073
5174	288.7999878
5175	288.8200073
5176	288.6600037
5177	288.7799988
5178	288.8699951
5179	288.8200073
5180	288.8699951
5181	288.8699951
5182	288.8500061
5183	288.8699951
5184	288.8500061
5185	288.8500061
5186	288.8500061
5187	288.7999878
5188	288.7999878
5189	288.8699951
5190	288.8200073
5191	288.9100037
5192	288.7999878
5193	288.7999878
5194	288.8500061
5195	288.9100037
5196	288.8500061
5197	288.8699951
5198	288.9100037
5199	288.8699951
5200	288.8699951
5201	288.8200073
5202	288.7799988
5203	288.7799988
5204	288.9299927
5205	288.9899902
5206	288.9700012
5207	288.9899902
5208	288.9700012
5209	288.9299927
5210	288.9500122
5211	288.9899902
5212	289.0100098
5213	288.9500122
5214	288.9299927
5215	288.9100037
5216	288.8900146
5217	288.8699951
5218	288.8500061
5219	288.8900146
5220	288.9299927
5221	288.8699951
5222	288.8900146
5223	288.9700012
5224	288.9100037
5225	288.9100037
5226	288.9500122
5227	288.9100037
5228	288.9299927
5229	288.8900146
5230	288.8900146
5231	288.9299927
5232	288.9299927
5233	288.9500122
5234	288.9700012
5235	288.8900146
5236	288.7999878
5237	288.8200073
5238	288.9100037
5239	288.9100037
5240	288.9299927
5241	288.9500122
5242	288.8900146
5243	288.9700012
5244	288.9500122
5245	288.9299927
5246	288.9299927
5247	288.9299927
5248	288.9100037
5249	288.9700012
5250	288.8900146
5251	288.9700012
5252	288.9100037
5253	288.9299927
5254	288.9700012
5255	289.0100098
5256	288.9500122
5257	288.9100037
5258	288.9100037
5259	288.9700012
5260	288.9899902
5261	288.9700012
5262	288.9899902
5263	288.9700012
5264	288.9700012
5265	288.9700012
5266	288.9500122
5267	289.0100098
5268	289.0499878
5269	288.9700012
5270	288.9299927
5271	288.9299927
5272	289.0100098
5273	289.0100098
5274	289.0100098
5275	288.9700012
5276	288.9899902
5277	289.0299988
5278	289.0299988
5279	289.1000061
5280	289.0799866
5281	288.9700012
5282	289.0100098
5283	288.9899902
5284	288.9500122
5285	289.0100098
5286	288.9299927
5287	289.0299988
5288	288.9899902
5289	288.8900146
5290	288.9100037
5291	289.0100098
5292	289.0299988
5293	289.0499878
5294	289.0799866
5295	289.0100098
5296	289.0100098
5297	288.9700012
5298	288.9500122
5299	288.9299927
5300	288.9299927
5301	288.9700012
5302	288.9500122
5303	288.9500122
5304	289.2399902
5305	289.4100037
5306	289.4299927
5307	289.4299927
5308	289.4299927
5309	289.4299927
5310	289.4299927
5311	289.4500122
5312	289.5400085
5313	289.5400085
5314	289.769989
5315	289.8699951
5316	289.9299927
5317	290.0400085
5318	290.269989
5319	290.3099976
5320	290.2900085
5321	290.4599915
5322	290.519989
5323	290.6000061
5324	290.5799866
5325	290.6600037
5326	290.6900024
5327	290.769989
5328	290.8099976
5329	290.8699951
5330	290.8900146
5331	290.8900146
5332	290.9599915
5333	290.9200134
5334	290.9200134
5335	290.9200134
5336	291
5337	290.9599915
5338	291
5339	290.980011
5340	291.019989
5341	291.0799866
5342	291.0799866
5343	291.0599976
5344	291.019989
5345	291.0400085
5346	291.0799866
5347	291.1000061
5348	291.1199951
5349	291.0400085
5350	291.1000061
5351	291.0599976
5352	291.0799866
5353	291.1499939
5354	291.1000061
5355	291.1199951
5356	291.1000061
5357	291.1199951
5358	291.1900024
5359	291.1499939
5360	291.1199951
5361	291.1499939
5362	291.230011
5363	291.1499939
5364	291.2099915
5365	291.1900024
5366	291.1199951
5367	291.1199951
5368	291.1700134
5369	291.1900024
5370	291.1499939
5371	291.0799866
5372	291.1900024
5373	291.1900024
5374	291.1900024
5375	291.2099915
5376	291.1499939
5377	291.1900024
5378	291.230011
5379	291.1900024
5380	291.2099915
5381	291.2099915
5382	291.25
5383	291.2099915
5384	291.2099915
5385	291.1900024
5386	291.1900024
5387	291.1900024
5388	291.25
5389	291.2099915
5390	291.2099915
5391	291.2099915
5392	291.230011
5393	291.230011
5394	291.25
5395	291.230011
5396	291.2099915
5397	291.230011
5398	291.25
5399	291.230011
5400	291.25
5401	291.1499939
5402	291.230011
5403	291.230011
5404	291.25
5405	291.269989
5406	291.269989
5407	291.269989
5408	291.269989
5409	291.25
5410	291.25
5411	291.3099976
5412	291.2900085
5413	291.2900085
5414	291.25
5415	291.3099976
5416	291.269989
5417	291.269989
5418	291.3500061
5419	291.3099976
5420	291.2099915
5421	291.230011
5422	291.269989
5423	291.269989
5424	291.2900085
5425	291.3099976
5426	291.230011
5427	291.230011
5428	291.269989
5429	291.230011
5430	291.25
5431	291.25
5432	291.2099915
5433	291.25
5434	291.230011
5435	291.2099915
5436	291.25
5437	291.25
5438	291.3099976
5439	291.269989
5440	291.3099976
5441	291.3500061
5442	291.269989
5443	291.3099976
5444	291.269989
5445	291.269989
5446	291.269989
5447	291.25
5448	291.1700134
5449	291.230011
5450	291.269989
5451	291.25
5452	291.25
5453	291.269989
5454	291.269989
5455	291.230011
5456	291.230011
5457	291.269989
5458	291.25
5459	291.269989
5460	291.269989
5461	291.2900085
5462	291.269989
5463	291.25
5464	291.25
5465	291.230011
5466	291.25
5467	291.25
5468	291.269989
5469	291.3099976
5470	291.269989
5471	291.2900085
5472	291.269989
5473	291.230011
5474	291.2099915
5475	291.2099915
5476	291.25
5477	291.25
5478	291.269989
5479	291.1900024
5480	291.1000061
5481	291.0400085
5482	290.9200134
5483	290.9200134
5484	290.9200134
5485	290.8699951
5486	290.8699951
5487	290.8500061
5488	290.8699951
5489	290.7900085
5490	290.8500061
5491	290.8500061
5492	290.75
5493	290.6199951
5494	290.5400085
5495	290.230011
5496	289.5799866
5497	289.1199951
5498	288.6799927
5499	286.9400024
5500	286.3999939
5501	285.4400024
5502	284.6799927
5503	284.4700012
5504	284.0400085
5505	283.8299866
5506	283.5100098
5507	283.4899902
5508	283.5499878
5509	283.6199951
5510	283.7000122
5511	283.7600098
5512	283.9500122
5513	284.1000061
5514	284.3299866
5515	284.5799866
5516	284.5799866
5517	284.8299866
5518	284.9599915
5519	285.019989
5520	285.269989
5521	285.3699951
5522	285.5799866
5523	285.5799866
5524	285.8299866
5525	285.9599915
5526	286.0599976
5527	286.230011
5528	286.269989
5529	286.3399963
5530	286.4200134
5531	286.5899963
5532	286.6300049
5533	286.6499939
5534	286.8399963
5535	286.8599854
5536	287.0100098
5537	287.1499939
5538	287.2600098
5539	287.1900024
5540	287.2600098
5541	287.4400024
5542	287.3800049
5543	287.3999939
5544	287.4700012
5545	287.5299988
5546	287.6099854
5547	287.7000122
5548	287.7000122
5549	287.8399963
5550	287.9899902
5551	287.9899902
5552	288.0499878
5553	288.0299988
5554	288.1099854
5555	288.1099854
5556	288.1300049
5557	288.2600098
5558	288.1799927
5559	288.2799988
5560	288.2200012
5561	288.2600098
5562	288.2600098
5563	288.2399902
5564	288.2600098
5565	288.2600098
5566	288.3200073
5567	288.4299927
5568	288.4100037
5569	288.4100037
5570	288.4899902
5571	288.4299927
5572	288.5100098
5573	288.5100098
5574	288.5499878
5575	288.5700073
5576	288.6600037
5577	288.7000122
5578	288.7200012
5579	288.7000122
5580	288.6400146
5581	288.6600037
5582	288.7000122
5583	288.7000122
5584	288.7000122
5585	288.7399902
5586	288.7000122
5587	288.7000122
5588	288.7000122
5589	288.6600037
5590	288.7200012
5591	288.7999878
5592	288.8699951
5593	288.8699951
5594	288.8699951
5595	288.9299927
5596	288.8900146
5597	288.7999878
5598	288.8500061
5599	288.8200073
5600	288.8500061
5601	288.8500061
5602	288.8900146
5603	288.8699951
5604	288.9299927
5605	288.9299927
5606	288.9700012
5607	289.0100098
5608	288.9500122
5609	288.9500122
5610	288.9100037
5611	289.0100098
5612	289.0100098
5613	289.0499878
5614	288.9100037
5615	288.9500122
5616	289.0299988
5617	289.0499878
5618	289.0100098
5619	289.0100098
5620	289.0100098
5621	288.9899902
5622	288.9700012
5623	289.0100098
5624	289.0499878
5625	288.9700012
5626	288.9700012
5627	289.0499878
5628	289.1000061
5629	289.1199951
5630	289.0799866
5631	289.1799927
5632	289.1000061
5633	289.1000061
5634	289.1400146
5635	289.1799927
5636	289.1400146
5637	289.1400146
5638	289.1400146
5639	289.1000061
5640	289.1400146
5641	289.1799927
5642	289.2000122
5643	289.1199951
5644	289.2000122
5645	289.2000122
5646	289.1600037
5647	289.1799927
5648	289.1799927
5649	289.0799866
5650	289.1400146
5651	289.1199951
5652	289.1799927
5653	289.2200012
5654	289.2200012
5655	289.2200012
5656	289.1400146
5657	289.1400146
5658	289.1400146
5659	289.1600037
5660	289.1400146
5661	289.1400146
5662	289.0799866
5663	289.1000061
5664	289.1600037
5665	289.1600037
5666	289.1400146
5667	289.2200012
5668	289.1600037
5669	289.2000122
5670	289.2000122
5671	289.2200012
5672	289.2399902
5673	289.2200012
5674	289.2000122
5675	289.2399902
5676	289.2600098
5677	289.2799988
5678	289.3699951
5679	289.3099976
5680	289.3699951
5681	289.3299866
5682	289.3299866
5683	289.2200012
5684	289.2200012
5685	289.1000061
5686	289.0799866
5687	289.1799927
5688	289.2399902
5689	289.2200012
5690	289.1600037
5691	289.1600037
5692	289.1799927
5693	289.2399902
5694	289.3099976
5695	289.3500061
5696	289.2600098
5697	289.2600098
5698	289.2399902
5699	289.1199951
5700	289.1199951
5701	289.1400146
5702	289.2000122
5703	289.2799988
5704	289.2799988
5705	289.2799988
5706	289.2799988
5707	289.2000122
5708	289.3099976
5709	289.3699951
5710	289.3099976
5711	289.3099976
5712	289.2799988
5713	289.2200012
5714	289.2000122
5715	289.3099976
5716	289.2799988
5717	289.2799988
5718	289.3099976
5719	289.2200012
5720	289.2000122
5721	289.1600037
5722	289.2000122
5723	289.3299866
5724	289.2600098
5725	289.2399902
5726	289.2000122
5727	289.2600098
5728	289.2200012
5729	289.2200012
5730	289.2600098
5731	289.2600098
5732	289.2000122
5733	289.2200012
5734	289.2200012
5735	289.2600098
5736	289.2600098
5737	289.2399902
5738	289.2799988
5739	289.2399902
5740	289.3500061
5741	289.3299866
5742	289.3500061
5743	289.3500061
5744	289.3099976
5745	289.2399902
5746	289.2399902
5747	289.1799927
5748	289.2399902
5749	289.2799988
5750	289.3299866
5751	289.3099976
5752	289.2799988
5753	289.3500061
5754	289.2399902
5755	289.2399902
5756	289.1799927
5757	289.2000122
5758	289.1400146
5759	289.2000122
5760	289.2399902
5761	289.1799927
5762	289.2399902
5763	289.2200012
5764	289.2600098
5765	289.2399902
5766	289.3699951
5767	289.3299866
5768	289.3299866
5769	289.2000122
5770	289.2799988
5771	289.2799988
5772	289.3500061
5773	289.3299866
5774	289.3500061
5775	289.3500061
5776	289.3099976
5777	289.5799866
5778	289.7200012
5779	289.7900085
5780	289.769989
5781	289.7399902
5782	289.7200012
5783	289.7000122
5784	289.8099976
5785	289.769989
5786	289.8699951
5787	289.9500122
5788	290
5789	290.1000061
5790	290.3299866
5791	290.3900146
5792	290.5400085
5793	290.6600037
5794	290.7099915
5795	290.8099976
5796	290.8299866
5797	290.9400024
5798	290.9599915
5799	290.980011
5800	290.980011
5801	291.0799866
5802	291.1199951
5803	291.0799866
5804	291.1700134
5805	291.1499939
5806	291.230011
5807	291.230011
5808	291.1900024
5809	291.1900024
5810	291.230011
5811	291.230011
5812	291.2900085
5813	291.230011
5814	291.230011
5815	291.269989
5816	291.2900085
5817	291.2900085
5818	291.3099976
5819	291.3099976
5820	291.3800049
5821	291.269989
5822	291.4200134
5823	291.4599915
5824	291.4400024
5825	291.4400024
5826	291.4400024
5827	291.4599915
5828	291.5
5829	291.4599915
5830	291.480011
5831	291.3500061
5832	291.4400024
5833	291.4200134
5834	291.4400024
5835	291.4200134
5836	291.4400024
5837	291.4599915
5838	291.4599915
5839	291.4599915
5840	291.5
5841	291.4200134
5842	291.480011
5843	291.4599915
5844	291.4400024
5845	291.5
5846	291.5
5847	291.519989
5848	291.519989
5849	291.4599915
5850	291.519989
5851	291.4599915
5852	291.5
5853	291.480011
5854	291.480011
5855	291.480011
5856	291.480011
5857	291.480011
5858	291.4599915
5859	291.4400024
5860	291.480011
5861	291.5400085
5862	291.480011
5863	291.5
5864	291.519989
5865	291.480011
5866	291.5
5867	291.4599915
5868	291.4400024
5869	291.4599915
5870	291.480011
5871	291.480011
5872	291.5400085
5873	291.519989
5874	291.519989
5875	291.519989
5876	291.5
5877	291.5400085
5878	291.5400085
5879	291.5
5880	291.5
5881	291.480011
5882	291.5
5883	291.5400085
5884	291.519989
5885	291.519989
5886	291.5400085
5887	291.5599976
5888	291.5599976
5889	291.5
5890	291.5799866
5891	291.5400085
5892	291.5400085
5893	291.5599976
5894	291.519989
5895	291.5799866
5896	291.480011
5897	291.5400085
5898	291.519989
5899	291.480011
5900	291.5
5901	291.5
5902	291.480011
5903	291.519989
5904	291.480011
5905	291.5
5906	291.480011
5907	291.5400085
5908	291.5400085
5909	291.5799866
5910	291.5799866
5911	291.5400085
5912	291.6099854
5913	291.5400085
5914	291.5799866
5915	291.5400085
5916	291.519989
5917	291.519989
5918	291.5
5919	291.5599976
5920	291.5
5921	291.6300049
5922	291.5799866
5923	291.5799866
5924	291.5599976
5925	291.6099854
5926	291.6300049
5927	291.5599976
5928	291.5599976
5929	291.5599976
5930	291.6099854
5931	291.5
5932	291.5400085
5933	291.5400085
5934	291.480011
5935	291.519989
5936	291.5599976
5937	291.5599976
5938	291.480011
5939	291.5599976
5940	291.5400085
5941	291.6300049
5942	291.6099854
5943	291.6099854
5944	291.5799866
5945	291.6499939
5946	291.5799866
5947	291.5599976
5948	291.5799866
5949	291.5799866
5950	291.5400085
5951	291.519989
5952	291.5599976
5953	291.3999939
5954	291.3099976
5955	291.1900024
5956	291.1900024
5957	291.0599976
5958	291.0799866
5959	291.1499939
5960	291.1000061
5961	291.1199951
5962	291.1000061
5963	291.1199951
5964	291
5965	291
5966	290.9200134
5967	290.5599976
5968	290.3500061
5969	289.6000061
5970	289.1000061
5971	287.4899902
5972	286.9599915
5973	286
5974	285.1900024
5975	284.8099976
5976	284.2900085
5977	284.0799866
5978	283.8900146
5979	283.7399902
5980	283.7200012
5981	283.7200012
5982	283.7600098
5983	283.9700012
5984	284.1199951
5985	284.2900085
5986	284.4500122
5987	284.6600037
5988	284.6600037
5989	284.980011
5990	285.25
5991	285.3299866
5992	285.4200134
5993	285.6900024
5994	285.8800049
5995	285.8800049
5996	286.0400085
5997	286.1700134
5998	286.2099915
5999	286.3999939
6000	286.5700073
6001	286.6499939
6002	286.6300049
6003	286.8599854
6004	286.9400024
6005	287.0499878
6006	287.1900024
6007	287.1099854
6008	287.2799988
6009	287.3200073
6010	287.3399963
6011	287.3599854
6012	287.4400024
6013	287.5499878
6014	287.6099854
6015	287.6700134
6016	287.7000122
6017	287.7399902
6018	287.7799988
6019	287.8599854
6020	287.8599854
6021	288.0299988
6022	288.0499878
6023	288.0700073
6024	288.0700073
6025	288.0700073
6026	288.1600037
6027	288.1600037
6028	288.2000122
6029	288.2600098
6030	288.2399902
6031	288.2600098
6032	288.3900146
6033	288.3399963
6034	288.3900146
6035	288.3599854
6036	288.3599854
6037	288.4299927
6038	288.5499878
6039	288.5100098
6040	288.4899902
6041	288.4700012
6042	288.5100098
6043	288.5299988
6044	288.5100098
6045	288.6199951
6046	288.5899963
6047	288.6600037
6048	288.6400146
6049	288.7399902
6050	288.7799988
6051	288.7799988
6052	288.7799988
6053	288.7200012
6054	288.7399902
6055	288.6799927
6056	288.6799927
6057	288.7000122
6058	288.7000122
6059	288.7000122
6060	288.7399902
6061	288.7799988
6062	288.8500061
6063	288.8699951
6064	288.8900146
6065	288.9500122
6066	288.9500122
6067	288.9500122
6068	288.9700012
6069	289.0100098
6070	289.0299988
6071	288.9899902
6072	288.9700012
6073	288.9700012
6074	289.0299988
6075	289.0299988
6076	288.9899902
6077	288.9299927
6078	288.9100037
6079	288.9299927
6080	288.9500122
6081	289.0100098
6082	288.9700012
6083	288.9700012
6084	289.0100098
6085	289.0100098
6086	288.9700012
6087	288.9700012
6088	288.9299927
6089	288.9899902
6090	288.9500122
6091	288.9500122
6092	288.9899902
6093	289.1000061