1	274.75
2	274.62
3	274.64999
4	274.75
5	274.75
6	274.62
7	274.60001
8	274.62
9	274.69
10	274.64999
11	274.69
12	274.67001
13	274.70999
14	274.62
15	274.75
16	274.64999
17	274.62
18	274.62
19	274.62
20	274.62
21	274.67001
22	274.73001
23	274.82999
24	274.81
25	274.76999
26	274.70999
27	274.73001
28	274.70999
29	274.73001
30	274.73001
31	274.76999
32	274.75
33	274.67001
34	274.5
35	274.37
36	274.37
37	274.37
38	274.44
39	274.60001
40	274.60001
41	274.57999
42	274.54001
43	274.60001
44	274.60001
45	274.57999
46	274.64999
47	274.67001
48	274.70999
49	274.69
50	274.73001
51	274.73001
52	274.64999
53	274.73001
54	274.51999
55	274.64999
56	274.64999
57	274.67001
58	274.64999
59	274.64999
60	274.69
61	274.62
62	274.62
63	274.57999
64	274.62
65	274.64999
66	274.73001
67	274.60001
68	274.56
69	274.56
70	274.62
71	274.57999
72	274.56
73	274.54001
74	274.57999
75	274.64999
76	274.64999
77	274.67001
78	274.69
79	274.69
80	274.73001
81	274.67001
82	274.67001
83	274.69
84	274.73001
85	274.70999
86	274.69
87	274.70999
88	274.73001
89	274.79001
90	274.81
91	274.60001
92	274.60001
93	274.51999
94	274.57999
95	274.64999
96	274.60001
97	274.67001
98	274.69
99	274.92001
100	274.95999
101	274.95999
102	275.20999
103	275.26999
104	275.35999
105	275.5
106	275.67001
107	275.73001
108	275.73001
109	275.88
110	276.04999
111	276.10999
112	276.26001
113	276.38
114	276.53
115	276.53
116	276.84
117	277.01001
118	277.10999
119	277.17999
120	277.28
121	277.35999
122	277.45001
123	277.32001
124	277.26001
125	277.32001
126	277.35999
127	277.41
128	277.41
129	277.47
130	277.53
131	277.51001
132	277.54999
133	277.54999
134	277.53
135	277.42999
136	277.39001
137	277.41
138	277.45001
139	277.42999
140	277.42999
141	277.45001
142	277.39001
143	277.42999
144	277.45001
145	277.45001
146	277.47
147	277.47
148	277.47
149	277.57001
150	277.54999
151	277.47
152	277.53
153	277.53
154	277.59
155	277.66
156	277.70001
157	277.70001
158	277.79999
159	277.78
160	277.76001
161	277.78
162	277.70001
163	277.70001
164	277.79999
165	277.64001
166	277.64001
167	277.57001
168	277.53
169	277.66
170	277.67999
171	277.72
172	277.72
173	277.54999
174	277.57001
175	277.47
176	277.41
177	277.22
178	277.26001
179	277.26001
180	277.22
181	277.14999
182	277.20001
183	277.28
184	277.29999
185	277.41
186	277.41
187	277.51001
188	277.53
189	277.54999
190	277.45001
191	277.54999
192	277.47
193	277.62
194	277.66
195	277.59
196	277.64001
197	277.59
198	277.62
199	277.62
200	277.62
201	277.66
202	277.82001
203	277.64001
204	277.57001
205	277.53
206	277.48999
207	277.47
208	277.41
209	277.47
210	277.53
211	277.53
212	277.53
213	277.54999
214	277.64001
215	277.59
216	277.48999
217	277.51001
218	277.51001
219	277.34
220	277.29999
221	277.35999
222	277.35999
223	277.39001
224	277.34
225	277.34
226	277.34
227	277.42999
228	277.47
229	277.57001
230	277.62
231	277.57001
232	277.48999
233	277.54999
234	277.64001
235	277.66
236	277.67999
237	277.59
238	277.67999
239	277.64001
240	277.66
241	277.62
242	277.51001
243	277.57001
244	277.67999
245	277.70001
246	277.70001
247	277.66
248	277.73999
249	277.62
250	277.62
251	277.78
252	277.82001
253	277.82001
254	277.89001
255	277.76001
256	277.70001
257	277.70001
258	277.59
259	277.57001
260	277.54999
261	277.54999
262	277.57001
263	277.51001
264	277.54999
265	277.45001
266	277.48999
267	277.62
268	277.73999
269	277.73999
270	277.54999
271	277.47
272	277.34
273	277.41
274	277.35999
275	277.34
276	277.28
277	277.29999
278	277.34
279	277.20001
280	277.14999
281	277.09
282	277.09
283	277.07001
284	276.98999
285	276.95001
286	276.85999
287	276.76001
288	276.54999
289	276.54999
290	275.69
291	274.81
292	274.16
293	272.92999
294	271.78
295	270.64999
296	270.64999
297	269.31
298	268.85001
299	268.73001
300	268.54001
301	268.42999
302	268.5
303	268.60001
304	268.79001
305	269.04001
306	269.26999
307	269.54001
308	269.75
309	270.04001
310	270.17001
311	270.42001
312	270.67001
313	270.92001
314	271.17001
315	271.19
316	271.47
317	271.51001
318	271.72
319	271.82001
320	272.03
321	272.03
322	272.26001
323	272.42999
324	272.51001
325	272.57999
326	272.67999
327	272.82999
328	272.82999
329	272.98999
330	273.07999
331	273.12
332	273.10001
333	273.10001
334	273.17999
335	273.29001
336	273.39001
337	273.39001
338	273.42999
339	273.41
340	273.51999
341	273.42999
342	273.54001
343	273.56
344	273.51999
345	273.54001
346	273.47
347	273.41
348	273.45001
349	273.42999
350	273.45001
351	273.54001
352	273.5
353	273.5
354	273.56
355	273.57999
356	273.51999
357	273.54001
358	273.57999
359	273.66
360	273.66
361	273.76999
362	273.79001
363	273.76999
364	273.82999
365	273.85001
366	273.91
367	273.91
368	273.87
369	273.98001
370	273.89001
371	273.89001
372	273.89001
373	273.91
374	273.95999
375	273.92999
376	274
377	273.98001
378	273.87
379	273.98001
380	273.98001
381	273.92999
382	274.01999
383	273.98001
384	273.95999
385	273.82999
386	273.91
387	274
388	274.01999
389	274.06
390	274.07999
391	274.07999
392	274.07999
393	274.07999
394	274.10001
395	274.04001
396	273.95999
397	274
398	274
399	274
400	273.91
401	273.82999
402	273.91
403	273.87
404	273.85001
405	273.89001
406	273.82999
407	273.98001
408	274.01999
409	273.95999
410	274.01999
411	273.98001
412	273.98001
413	274
414	274.04001
415	274.01999
416	274.07999
417	274.14001
418	274.14001
419	274.16
420	274.12
421	274.14001
422	274.06
423	274.06
424	274.06
425	274.01999
426	274.04001
427	274.01999
428	274
429	274.04001
430	273.98001
431	273.98001
432	274.07999
433	274.06
434	274.12
435	274.19
436	274.16
437	274.14001
438	274.14001
439	274.10001
440	274.12
441	274.10001
442	274.14001
443	274.01999
444	274.04001
445	274
446	274.01999
447	273.98001
448	273.92999
449	273.87
450	273.87
451	273.89001
452	273.92999
453	274.10001
454	274.06
455	274.07999
456	274.07999
457	274.12
458	274.12
459	274.16
460	274.19
461	274.16
462	274.06
463	274.06
464	274.06
465	274.04001
466	274.01999
467	274
468	274.04001
469	274.10001
470	274.10001
471	274.12
472	274.16
473	274.16
474	274.12
475	274.06
476	274.01999
477	274.01999
478	274
479	273.92999
480	273.95999
481	273.92999
482	273.98001
483	273.98001
484	273.95999
485	273.91
486	273.92999
487	273.92999
488	273.98001
489	273.95999
490	274.04001
491	274.04001
492	274.04001
493	274.01999
494	274.01999
495	273.98001
496	274
497	273.95999
498	273.98001
499	273.91
500	273.89001
501	273.98001
502	273.98001
503	274.01999
504	274.04001
505	274.04001
506	274.01999
507	274.04001
508	274.06
509	274.06
510	273.95999
511	273.87
512	273.87
513	273.92999
514	273.91
515	273.91
516	273.89001
517	274.04001
518	274.01999
519	274.04001
520	274.14001
521	274.14001
522	274.14001
523	274.16
524	274.19
525	274.23001
526	274.16
527	274.23001
528	274.20999
529	274.16
530	274.16
531	274.14001
532	274.19
533	274.10001
534	274.10001
535	274.06
536	274
537	273.98001
538	273.95999
539	273.92999
540	273.95999
541	273.95999
542	273.92999
543	274.04001
544	274.04001
545	274.19
546	274.19
547	274.20999
548	274.20999
549	274.16
550	274.23001
551	274.19
552	274.19
553	274.12
554	274.06
555	274.06
556	274.01999
557	274.04001
558	274.06
559	274.12
560	274.10001
561	274.10001
562	274.06
563	274.07999
564	274.14001
565	274.16
566	274.07999
567	274.01999
568	273.95999
569	274.06
570	274.01999
571	274.04001
572	274.12
573	274.12
574	274.25
575	274.29001
576	274.39001
577	274.62
578	274.75
579	274.75
580	274.75
581	275.13
582	275.34
583	275.51999
584	275.67001
585	275.76999
586	275.85999
587	275.95999
588	276.28
589	276.29999
590	276.42001
591	276.57001
592	276.73999
593	276.73999
594	276.73999
595	276.89999
596	276.97
597	276.98999
598	277.03
599	277.04999
600	277.07001
601	277.09
602	277.28
603	277.34
604	277.34
605	277.34
606	277.28
607	277.29999
608	277.32001
609	277.34
610	277.32001
611	277.39001
612	277.39001
613	277.34
614	277.42999
615	277.45001
616	277.35999
617	277.35999
618	277.42999
619	277.42999
620	277.45001
621	277.39001
622	277.42999
623	277.47
624	277.45001
625	277.47
626	277.42999
627	277.45001
628	277.45001
629	277.45001
630	277.42999
631	277.45001
632	277.42999
633	277.42999
634	277.51001
635	277.59
636	277.62
637	277.62
638	277.59
639	277.53
640	277.62
641	277.59
642	277.59
643	277.66
644	277.66
645	277.72
646	277.78
647	277.76001
648	277.76001
649	277.72
650	277.64001
651	277.64001
652	277.67999
653	277.62
654	277.54999
655	277.59
656	277.57001
657	277.62
658	277.66
659	277.78
660	277.79999
661	277.78
662	277.73999
663	277.67999
664	277.73999
665	277.73999
666	277.76001
667	277.76001
668	277.76001
669	277.72
670	277.73999
671	277.70001
672	277.66
673	277.66
674	277.67999
675	277.64001
676	277.66
677	277.64001
678	277.67999
679	277.64001
680	277.57001
681	277.62
682	277.62
683	277.62
684	277.59
685	277.64001
686	277.62
687	277.57001
688	277.48999
689	277.57001
690	277.57001
691	277.62
692	277.66
693	277.70001
694	277.62
695	277.59
696	277.53
697	277.53
698	277.53
699	277.47
700	277.45001
701	277.41
702	277.47
703	277.53
704	277.57001
705	277.66
706	277.62
707	277.64001
708	277.64001
709	277.64001
710	277.67999
711	277.67999
712	277.51001
713	277.59
714	277.62
715	277.62
716	277.67999
717	277.73999
718	277.70001
719	277.64001
720	277.70001
721	277.73999
722	277.73999
723	277.70001
724	277.66
725	277.70001
726	277.66
727	277.66
728	277.66
729	277.66
730	277.70001
731	277.70001
732	277.66
733	277.64001
734	277.62
735	277.67999
736	277.70001
737	277.54999
738	277.53
739	277.62
740	277.66
741	277.66
742	277.64001
743	277.70001
744	277.51001
745	277.34
746	277.34
747	277.35999
748	277.29999
749	277.28
750	277.26001
751	277.23999
752	277.26001
753	277.26001
754	277.26001
755	277.14999
756	277.14999
757	277.07001
758	277.13
759	277.10999
760	277.03
761	277.03
762	276.59
763	276.03
764	275.51999
765	274.48001
766	273.10001
767	272.39001
768	271.76001
769	269.79001
770	269.32999
771	268.54001
772	267.91
773	267.51001
774	267.37
775	267.32999
776	267.51001
777	267.60001
778	267.89001
779	268.23001
780	268.35001
781	268.70999
782	268.85001
783	269.10001
784	269.31
785	269.60999
786	269.60999
787	270.19
788	270.39999
789	270.48001
790	270.73001
791	270.94
792	271.28
793	271.28
794	271.54999
795	271.70001
796	271.76001
797	271.88
798	271.92999
799	272.10999
800	272.10999
801	272.17999
802	272.22
803	272.20001
804	272.37
805	272.45001
806	272.47
807	272.54999
808	272.60001
809	272.64001
810	272.66
811	272.76001
812	272.78
813	272.81
814	272.81
815	272.87
816	272.91
817	272.98999
818	273.01001
819	273.04001
820	273.07999
821	273.07999
822	273.14001
823	273.16
824	273.14001
825	273.14001
826	273.20001
827	273.17999
828	273.22
829	273.22
830	273.17999
831	273.20001
832	273.20001
833	273.26999
834	273.29001
835	273.29001
836	273.35001
837	273.41
838	273.37
839	273.32999
840	273.42999
841	273.45001
842	273.45001
843	273.41
844	273.47
845	273.5
846	273.45001
847	273.39001
848	273.42999
849	273.42999
850	273.47
851	273.51999
852	273.51999
853	273.57999
854	273.51999
855	273.62
856	273.62
857	273.62
858	273.66
859	273.64001
860	273.67999
861	273.67999
862	273.73001
863	273.67999
864	273.67999
865	273.70001
866	273.62
867	273.64001
868	273.62
869	273.66
870	273.67999
871	273.67999
872	273.73001
873	273.75
874	273.70001
875	273.79001
876	273.79001
877	273.76999
878	273.73001
879	273.70001
880	273.67999
881	273.73001
882	273.76999
883	273.79001
884	273.81
885	273.79001
886	273.75
887	273.75
888	273.73001
889	273.76999
890	273.76999
891	273.76999
892	273.73001
893	273.73001
894	273.73001
895	273.79001
896	273.79001
897	273.73001
898	273.64001
899	273.66
900	273.66
901	273.67999
902	273.73001
903	273.73001
904	273.76999
905	273.79001
906	273.81
907	273.79001
908	273.82999
909	273.79001
910	273.73001
911	273.75
912	273.70001
913	273.73001
914	273.75
915	273.79001
916	273.75
917	273.76999
918	273.73001
919	273.70001
920	273.70001
921	273.75
922	273.76999
923	273.81
924	273.70001
925	273.81
926	273.79001
927	273.67999
928	273.67999
929	273.67999
930	273.67999
931	273.70001
932	273.70001
933	273.73001
934	273.76999
935	273.76999
936	273.82999
937	273.79001
938	273.79001
939	273.81
940	273.76999
941	273.75
942	273.75
943	273.73001
944	273.75
945	273.70001
946	273.67999
947	273.75
948	273.70001
949	273.67999
950	273.73001
951	273.76999
952	273.64001
953	273.60001
954	273.62
955	273.67999
956	273.62
957	273.73001
958	273.70001
959	273.79001
960	273.75
961	273.79001
962	273.76999
963	273.76999
964	273.75
965	273.79001
966	273.85001
967	273.85001
968	273.67999
969	273.73001
970	273.73001
971	273.73001
972	273.76999
973	273.81
974	273.81
975	273.87
976	273.87
977	273.89001
978	273.95999
979	273.95999
980	273.85001
981	273.91
982	273.87
983	273.85001
984	273.76999
985	273.79001
986	273.79001
987	273.76999
988	273.79001
989	273.75
990	273.70001
991	273.67999
992	273.70001
993	273.76999
994	273.73001
995	273.75
996	273.75
997	273.82999
998	273.70001
999	273.70001
1000	273.70001
1001	273.79001
1002	273.79001
1003	273.82999
1004	273.81
1005	273.79001
1006	273.79001
1007	273.81
1008	273.87
1009	273.85001
1010	273.82999
1011	273.89001
1012	273.85001
1013	273.85001
1014	273.82999
1015	273.76999
1016	273.81
1017	273.82999
1018	273.92999
1019	273.87
1020	273.82999
1021	273.73001
1022	273.79001
1023	273.76999
1024	273.67999
1025	273.73001
1026	273.64001
1027	273.62
1028	273.67999
1029	273.67999
1030	273.67999
1031	273.70001
1032	273.73001
1033	273.82999
1034	273.79001
1035	273.85001
1036	273.82999
1037	273.85001
1038	273.85001
1039	273.82999
1040	273.85001
1041	273.91
1042	273.92999
1043	273.98001
1044	274.01999
1045	274.01999
1046	274.01999
1047	274.10001
1048	274.16
1049	274.07999
1050	274.25
1051	274.32999
1052	274.32999
1053	274.39001
1054	274.54001
1055	274.62
1056	274.64999
1057	274.76999
1058	274.89999
1059	274.95999
1060	275.17001
1061	275.19
1062	275.29001
1063	275.39999
1064	275.44
1065	275.51999
1066	275.54001
1067	275.59
1068	275.63
1069	275.79999
1070	275.85999
1071	275.92001
1072	275.94
1073	276.03
1074	276.13
1075	276.20999
1076	276.23001
1077	276.23001
1078	276.39999
1079	276.45999
1080	276.44
1081	276.53
1082	276.45999
1083	276.48999
1084	276.48999
1085	276.59
1086	276.60999
1087	276.63
1088	276.72
1089	276.60999
1090	276.54999
1091	276.60999
1092	276.60999
1093	276.67001
1094	276.69
1095	276.73999
1096	276.84
1097	276.85999
1098	276.82001
1099	276.79999
1100	276.78
1101	276.64999
1102	276.63
1103	276.69
1104	276.73999
1105	276.76001
1106	276.79999
1107	276.82001
1108	276.85999
1109	276.85999
1110	276.85999
1111	276.82001
1112	276.84
1113	276.84
1114	276.73999
1115	276.72
1116	276.72
1117	276.67001
1118	276.64999
1119	276.60999
1120	276.72
1121	276.73999
1122	276.84
1123	276.84
1124	276.89999
1125	276.88
1126	276.79999
1127	276.78
1128	276.78
1129	276.76001
1130	276.79999
1131	276.79999
1132	276.82001
1133	276.69
1134	276.78
1135	276.72
1136	276.76001
1137	276.72
1138	276.82001
1139	276.73999
1140	276.76001
1141	276.72
1142	276.67001
1143	276.67001
1144	276.60999
1145	276.67001
1146	276.59
1147	276.57001
1148	276.57001
1149	276.63
1150	276.60999
1151	276.60999
1152	276.60999
1153	276.60999
1154	276.53
1155	276.53
1156	276.51001
1157	276.54999
1158	276.57001
1159	276.57001
1160	276.64999
1161	276.63
1162	276.63
1163	276.63
1164	276.64999
1165	276.59
1166	276.60999
1167	276.60999
1168	276.63
1169	276.72
1170	276.76001
1171	276.69
1172	276.69
1173	276.76001
1174	276.69
1175	276.72
1176	276.64999
1177	276.64999
1178	276.63
1179	276.67001
1180	276.67001
1181	276.73999
1182	276.64999
1183	276.67001
1184	276.63
1185	276.54999
1186	276.54999
1187	276.54999
1188	276.53
1189	276.57001
1190	276.54999
1191	276.59
1192	276.51001
1193	276.48999
1194	276.48999
1195	276.53
1196	276.54999
1197	276.57001
1198	276.57001
1199	276.59
1200	276.63
1201	276.60999
1202	276.57001
1203	276.59
1204	276.60999
1205	276.54999
1206	276.54999
1207	276.59
1208	276.67001
1209	276.72
1210	276.69
1211	276.67001
1212	276.67001
1213	276.72
1214	277.22
1215	277.59
1216	277.67999
1217	277.41
1218	277.07001
1219	277.07001
1220	276.51001
1221	276.26001
1222	276.32001
1223	276.38
1224	276.64999
1225	276.76001
1226	276.76001
1227	276.95001
1228	276.95001
1229	276.92001
1230	276.89999
1231	276.84
1232	276.73999
1233	276.73999
1234	276
1235	275.13
1236	274.51999
1237	273.07999
1238	271.72
1239	271.01001
1240	270.26999
1241	268.48001
1242	268.04001
1243	267.47
1244	267.29999
1245	267.26001
1246	267.32999
1247	267.42999
1248	267.67999
1249	267.89001
1250	268.26999
1251	268.57999
1252	268.79001
1253	269.29001
1254	269.57999
1255	270.13
1256	270.39999
1257	270.64999
1258	270.64999
1259	271.13
1260	271.17001
1261	271.32001
1262	271.64999
1263	271.88
1264	272.16
1265	272.16
1266	272.51001
1267	272.67999
1268	272.81
1269	272.97
1270	273.06
1271	273.10001
1272	273.12
1273	273.12
1274	273.16
1275	273.17999
1276	273.23999
1277	273.29001
1278	273.35001
1279	273.41
1280	273.51999
1281	273.54001
1282	273.57999
1283	273.54001
1284	273.47
1285	273.42999
1286	273.42999
1287	273.47
1288	273.45001
1289	273.47
1290	273.47
1291	273.51999
1292	273.54001
1293	273.57999
1294	273.5
1295	273.47
1296	273.5
1297	273.5
1298	273.56
1299	273.60001
1300	273.54001
1301	273.62
1302	273.56
1303	273.70001
1304	273.70001
1305	273.79001
1306	273.81
1307	273.79001
1308	273.79001
1309	273.89001
1310	273.89001
1311	273.89001
1312	274.04001
1313	274.04001
1314	274.01999
1315	274
1316	273.91
1317	273.89001
1318	273.95999
1319	273.91
1320	273.95999
1321	273.95999
1322	273.95999
1323	273.89001
1324	274
1325	273.85001
1326	273.85001
1327	273.91
1328	273.92999
1329	273.92999
1330	274.16
1331	274.19
1332	274.19
1333	274.19
1334	274.25
1335	274.16
1336	274.16
1337	274.07999
1338	274.19
1339	274.19
1340	274.20999
1341	274.12
1342	274.06
1343	274.10001
1344	274.12
1345	274.06
1346	274.01999
1347	273.91
1348	273.89001
1349	273.87
1350	273.92999
1351	274.06
1352	274.01999
1353	274.04001
1354	274.12
1355	274.10001
1356	274.25
1357	274.29001
1358	274.29001
1359	274.32999
1360	274.32999
1361	274.32999
1362	274.29001
1363	274.23001
1364	274.26999
1365	274.29001
1366	274.26999
1367	274.29001
1368	274.29001
1369	274.42001
1370	274.42001
1371	274.44
1372	274.44
1373	274.39001
1374	274.26999
1375	274.26999
1376	274.31
1377	274.23001
1378	274.12
1379	274.12
1380	274.16
1381	274.16
1382	274.14001
1383	274.25
1384	274.23001
1385	274.29001
1386	274.26999
1387	274.29001
1388	274.29001
1389	274.26999
1390	274.14001
1391	274.23001
1392	274.29001
1393	274.20999
1394	274.23001
1395	274.44
1396	274.37
1397	274.39001
1398	274.39001
1399	274.39001
1400	274.39001
1401	274.35001
1402	274.29001
1403	274.25
1404	274.37
1405	274.45999
1406	274.44
1407	274.44
1408	274.39001
1409	274.5
1410	274.37
1411	274.32999
1412	274.37
1413	274.44
1414	272.64001
1415	272.60001
1416	272.60001
1417	272.64001
1418	272.82999
1419	272.81
1420	272.85001
1421	272.92999
1422	272.92999
1423	272.95001
1424	272.91
1425	272.82999
1426	272.81
1427	272.73999
1428	272.73999
1429	272.78
1430	272.87
1431	272.78
1432	272.82999
1433	272.82999
1434	272.81
1435	272.81
1436	272.91
1437	272.97
1438	272.91
1439	272.97
1440	272.95001
1441	272.98999
1442	272.98999
1443	273.01001
1444	272.98999
1445	273.04001
1446	272.98999
1447	272.97
1448	273.06
1449	273.06
1450	273.01001
1451	273.01001
1452	273.01001
1453	273.01001
1454	272.87
1455	272.89001
1456	272.85001
1457	272.81
1458	272.87
1459	272.82999
1460	272.87
1461	272.85001
1462	272.89001
1463	272.87
1464	272.85001
1465	272.92999
1466	272.89001
1467	272.89001
1468	272.91
1469	273.04001
1470	272.98999
1471	273.01001
1472	272.97
1473	272.89001
1474	272.89001
1475	272.82999
1476	272.82999
1477	272.82999
1478	272.78
1479	272.87
1480	272.91
1481	272.91
1482	272.85001
1483	272.82999
1484	272.82999
1485	272.87
1486	272.95001
1487	272.91
1488	272.95001
1489	273.01001
1490	273.01001
1491	272.98999
1492	272.95001
1493	272.97
1494	272.95001
1495	272.92999
1496	272.97
1497	272.89001
1498	272.92999
1499	272.92999
1500	272.85001
1501	272.82999
1502	272.81
1503	272.87
1504	272.97
1505	273.01001
1506	273.01001
1507	272.92999
1508	272.95001
1509	272.95001
1510	272.89001
1511	272.85001
1512	272.81
1513	272.81
1514	272.82999
1515	272.73999
1516	272.72
1517	272.72
1518	272.76001
1519	272.78
1520	272.70001
1521	272.81
1522	272.85001
1523	272.82999
1524	272.92999
1525	273.10001
1526	273.14001
1527	273.29001
1528	273.45001
1529	273.57999
1530	273.85001
1531	274.01999
1532	274.16
1533	274.29001
1534	274.48001
1535	274.75
1536	274.98001
1537	275.06
1538	275.23001
1539	275.29001
1540	275.5
1541	275.51999
1542	275.70999
1543	275.79999
1544	275.67001
1545	275.67001
1546	275.63
1547	275.57001
1548	275.67001
1549	275.67001
1550	275.70999
1551	275.76999
1552	275.76999
1553	275.79999
1554	275.82001
1555	275.73001
1556	275.64999
1557	275.60999
1558	275.73001
1559	275.73001
1560	276.03
1561	276.07001
1562	276.17001
1563	276.23001
1564	276.19
1565	276.07001
1566	276.09
1567	275.85999
1568	275.76999
1569	275.67001
1570	275.60999
1571	275.69
1572	275.64999
1573	275.60999
1574	275.60999
1575	275.5
1576	275.51999
1577	275.51999
1578	275.25
1579	275.14999
1580	275.19
1581	275.31
1582	275.38
1583	275.45999
1584	275.45999
1585	275.51999
1586	275.54001
1587	275.44
1588	275.45999
1589	275.48001
1590	275.5
1591	275.5
1592	275.44
1593	275.38
1594	275.39999
1595	275.39999
1596	275.51999
1597	275.54001
1598	275.63
1599	275.64999
1600	275.75
1601	275.75
1602	275.63
1603	275.64999
1604	275.63
1605	275.64999
1606	275.63
1607	275.63
1608	275.73001
1609	275.69
1610	275.76999
1611	275.67001
1612	275.70999
1613	275.67001
1614	275.63
1615	275.59
1616	275.59
1617	275.60999
1618	275.63
1619	275.63
1620	275.75
1621	275.82001
1622	275.85999
1623	275.85999
1624	275.88
1625	275.75
1626	275.67001
1627	275.60999
1628	275.63
1629	275.69
1630	275.69
1631	275.63
1632	275.73001
1633	275.60999
1634	275.51999
1635	275.38
1636	275.39999
1637	275.31
1638	275.31
1639	275.39999
1640	275.35999
1641	275.38
1642	275.34
1643	275.38
1644	275.45999
1645	275.59
1646	275.5
1647	275.5
1648	275.5
1649	275.45999
1650	275.5
1651	275.44
1652	275.5
1653	275.45999
1654	275.31
1655	275.31
1656	275.38
1657	275.39999
1658	275.45999
1659	275.54001
1660	275.5
1661	275.44
1662	275.44
1663	275.44
1664	275.42001
1665	275.48001
1666	275.54001
1667	275.5
1668	275.51999
1669	275.54001
1670	275.64999
1671	275.64999
1672	275.60999
1673	275.59
1674	275.60999
1675	275.57001
1676	275.57001
1677	275.5
1678	275.54001
1679	275.48001
1680	275.39999
1681	275.38
1682	275.31
1683	275.39999
1684	275.48001
1685	275.48001
1686	275.51999
1687	275.51999
1688	275.54001
1689	275.54001
1690	275.57001
1691	275.63
1692	275.69
1693	275.84
1694	275.84
1695	275.38
1696	275.19
1697	275.19
1698	275.13
1699	275.01999
1700	274.98001
1701	274.95999
1702	274.92001
1703	274.94
1704	274.92001
1705	274.81
1706	274.69
1707	274.75
1708	274.67001
1709	274.70999
1710	274.73001
1711	274.81
1712	274.60001
1713	274.5
1714	274.26999
1715	273.98001
1716	273.22
1717	272.09
1718	270.84
1719	270.84
1720	269
1721	268
1722	267.60001
1723	266.97
1724	266.59
1725	266.54999
1726	266.54999
1727	266.67999
1728	266.73999
1729	266.82001
1730	267.14001
1731	267.37
1732	267.57999
1733	267.57999
1734	267.95001
1735	268.26999
1736	268.45999
1737	268.76999
1738	269.06
1739	269.17001
1740	269.26999
1741	269.81
1742	269.89999
1743	270.20999
1744	270.39999
1745	270.54999
1746	270.67001
1747	270.73001
1748	270.78
1749	270.88
1750	271.01001
1751	271.13
1752	271.13
1753	271.19
1754	271.26001
1755	271.34
1756	271.47
1757	271.48999
1758	271.48999
1759	271.63
1760	271.72
1761	271.72
1762	271.70001
1763	271.73999
1764	271.79999
1765	271.79999
1766	271.78
1767	271.82001
1768	271.78
1769	271.88
1770	271.88
1771	271.91
1772	271.92999
1773	272.03
1774	272.07001
1775	272.10999
1776	272.10999
1777	272.23999
1778	272.23999
1779	272.22
1780	272.26001
1781	272.26001
1782	272.32001
1783	272.32001
1784	272.26001
1785	272.28
1786	272.34
1787	272.37
1788	272.29999
1789	272.29999
1790	272.26001
1791	272.29999
1792	272.26001
1793	272.32001
1794	272.34
1795	272.37
1796	272.39001
1797	272.39001
1798	272.34
1799	272.39001
1800	272.34
1801	272.39001
1802	272.42999
1803	272.47
1804	272.47
1805	272.57999
1806	272.51001
1807	272.48999
1808	272.53
1809	272.47
1810	272.51001
1811	272.57999
1812	272.57999
1813	272.51001
1814	272.54999
1815	272.51001
1816	272.47
1817	272.51001
1818	272.51001
1819	272.48999
1820	272.54999
1821	272.54999
1822	272.53
1823	272.54999
1824	272.53
1825	272.48999
1826	272.48999
1827	272.45001
1828	272.47
1829	272.47
1830	272.48999
1831	272.53
1832	272.57999
1833	272.60001
1834	272.62
1835	272.57999
1836	272.57999
1837	272.62
1838	272.60001
1839	272.60001
1840	272.64001
1841	272.70001
1842	272.66
1843	272.76001
1844	272.72
1845	272.70001
1846	272.70001
1847	272.66
1848	272.67999
1849	272.60001
1850	272.66
1851	272.62
1852	272.64001
1853	272.62
1854	272.64001
1855	272.64001
1856	272.64001
1857	272.54999
1858	272.62
1859	272.62
1860	272.64001
1861	272.62
1862	272.66
1863	272.57999
1864	272.60001
1865	272.64001
1866	272.66
1867	272.66
1868	272.66
1869	272.66
1870	272.60001
1871	272.60001
1872	272.60001
1873	272.66
1874	272.81
1875	272.81
1876	273.12
1877	273.20001
1878	273.22
1879	273.5
1880	273.60001
1881	273.56
1882	273.67999
1883	273.82999
1884	273.82999
1885	273.85001
1886	273.89001
1887	273.85001
1888	273.89001
1889	273.91
1890	273.91
1891	273.89001
1892	273.92999
1893	273.91
1894	273.91
1895	273.89001
1896	273.87
1897	273.87
1898	273.92999
1899	273.87
1900	273.87
1901	273.81
1902	273.82999
1903	273.87
1904	273.91
1905	273.87
1906	273.79001
1907	273.79001
1908	273.92999
1909	273.92999
1910	273.98001
1911	273.95999
1912	274.04001
1913	274.01999
1914	274.01999
1915	274.10001
1916	274.14001
1917	274.12
1918	274.14001
1919	274.07999
1920	274
1921	274.01999
1922	274.06
1923	274.06
1924	274.01999
1925	274
1926	273.98001
1927	274
1928	273.98001
1929	273.95999
1930	273.89001
1931	273.98001
1932	273.98001
1933	273.92999
1934	273.91
1935	273.92999
1936	273.98001
1937	274
1938	274
1939	274
1940	274
1941	273.98001
1942	273.98001
1943	273.98001
1944	274.01999
1945	274.04001
1946	274.04001
1947	274.06
1948	274.04001
1949	274.01999
1950	274
1951	273.98001
1952	274.01999
1953	273.95999
1954	273.98001
1955	273.95999
1956	273.91
1957	273.98001
1958	273.95999
1959	273.92999
1960	273.87
1961	273.91
1962	273.89001
1963	273.79001
1964	273.87
1965	273.91
1966	273.87
1967	273.85001
1968	273.95999
1969	273.98001
1970	273.95999
1971	273.95999
1972	274.04001
1973	274
1974	274.01999
1975	274.07999
1976	274.10001
1977	274.12
1978	274.12
1979	274.14001
1980	274.04001
1981	274.10001
1982	274.04001
1983	274.01999
1984	274.01999
1985	274.01999
1986	273.92999
1987	273.98001
1988	274
1989	274.01999
1990	273.95999
1991	273.98001
1992	273.91
1993	273.85001
1994	273.89001
1995	273.98001
1996	274.04001
1997	274.25
1998	274.35001
1999	274.45999
2000	274.5
2001	274.51999
2002	274.64999
2003	274.79001
2004	274.89999
2005	275.04001
2006	275.17001
2007	275.34
2008	275.48001
2009	275.57001
2010	275.57001
2011	275.85999
2012	276.17001
2013	276.28
2014	276.29999
2015	276.42001
2016	276.51001
2017	276.51001
2018	276.72
2019	276.76001
2020	276.79999
2021	276.84
2022	276.82001
2023	276.85999
2024	276.84
2025	276.82001
2026	276.84
2027	276.82001
2028	276.85999
2029	276.84
2030	276.85999
2031	276.97
2032	277.03
2033	277.04999
2034	277.10999
2035	277.07001
2036	277.09
2037	277.10999
2038	277.10999
2039	277.10999
2040	277.09
2041	277.09
2042	277.09
2043	277.22
2044	277.13
2045	277.14999
2046	277.14999
2047	277.23999
2048	277.26001
2049	277.26001
2050	277.23999
2051	277.23999
2052	277.28
2053	277.28
2054	277.41
2055	277.39001
2056	277.39001
2057	277.20001
2058	277.14999
2059	277.07001
2060	277.09
2061	277.14999
2062	277.09
2063	277.13
2064	277.13
2065	277.14999
2066	277.07001
2067	277.07001
2068	277.09
2069	277.14999
2070	277.10999
2071	277.09
2072	277.13
2073	277.10999
2074	277.10999
2075	277.20001
2076	277.14999
2077	277.09
2078	277.09
2079	277.17999
2080	277.22
2081	277.22
2082	277.23999
2083	277.17999
2084	277.22
2085	277.07001
2086	277.13
2087	277.14999
2088	277.14999
2089	277.23999
2090	277.26001
2091	277.29999
2092	277.23999
2093	277.26001
2094	277.28
2095	277.28
2096	277.23999
2097	277.26001
2098	277.23999
2099	277.22
2100	277.20001
2101	277.29999
2102	277.26001
2103	277.29999
2104	277.22
2105	277.13
2106	277.22
2107	277.23999
2108	277.22
2109	277.14999
2110	277.14999
2111	277.14999
2112	277.09
2113	277.04999
2114	277.01001
2115	277.01001
2116	277.01001
2117	276.98999
2118	276.98999
2119	277.04999
2120	277.04999
2121	277.09
2122	277.17999
2123	277.14999
2124	277.17999
2125	277.17999
2126	277.23999
2127	277.23999
2128	277.28
2129	277.26001
2130	277.14999
2131	277.14999
2132	277.03
2133	277.01001
2134	276.92001
2135	276.89999
2136	276.89999
2137	276.89999
2138	276.79999
2139	276.84
2140	276.79999
2141	276.84
2142	276.88
2143	277.03
2144	277.04999
2145	277.01001
2146	277.01001
2147	276.95001
2148	276.97
2149	276.95001
2150	276.82001
2151	276.78
2152	276.78
2153	276.84
2154	276.92001
2155	276.88
2156	276.92001
2157	277.01001
2158	276.98999
2159	276.98999
2160	277.03
2161	276.97
2162	276.97
2163	276.85999
2164	276.78
2165	276.82001
2166	276.82001
2167	276.78
2168	276.67001
2169	276.60999
2170	276.39999
2171	276.39999
2172	276.44
2173	276.54999
2174	276.54999
2175	276.44
2176	276.48999
2177	276.32001
2178	276.32001
2179	276.32001
2180	276.35999
2181	276.32001
2182	276.34
2183	276.29999
2184	276.17001
2185	275.98001
2186	275.63
2187	275.29001
2188	274.10001
2189	272.76001
2190	271.38
2191	271.38
2192	269.45999
2193	268.5
2194	268
2195	267.42999
2196	267.16
2197	267.12
2198	267.12
2199	267.26001
2200	267.56
2201	267.66
2202	267.95001
2203	268.25
2204	268.41
2205	268.73001
2206	269.23001
2207	269.57999
2208	269.79001
2209	270.07001
2210	270.34
2211	270.42001
2212	270.59
2213	270.89999
2214	271.09
2215	271.34
2216	271.51001
2217	271.63
2218	271.78
2219	271.85999
2220	271.98999
2221	272.16
2222	272.34
2223	272.34
2224	272.54999
2225	272.62
2226	272.70001
2227	272.70001
2228	272.81
2229	272.82999
2230	272.82999
2231	273.06
2232	273.16
2233	273.17999
2234	273.16
2235	273.22
2236	273.17999
2237	273.17999
2238	273.31
2239	273.32999
2240	273.39001
2241	273.35001
2242	273.41
2243	273.45001
2244	273.5
2245	273.57999
2246	273.57999
2247	273.70001
2248	273.64001
2249	273.67999
2250	273.64001
2251	273.75
2252	273.67999
2253	273.73001
2254	273.76999
2255	273.82999
2256	273.85001
2257	273.85001
2258	273.79001
2259	273.87
2260	273.87
2261	273.89001
2262	273.89001
2263	273.92999
2264	273.92999
2265	273.82999
2266	273.85001
2267	273.95999
2268	274
2269	274
2270	274.01999
2271	274.04001
2272	273.95999
2273	273.98001
2274	273.89001
2275	274
2276	273.91
2277	273.89001
2278	274.04001
2279	273.95999
2280	274.01999
2281	274.01999
2282	274.06
2283	274.10001
2284	274.12
2285	274.06
2286	274.12
2287	274.10001
2288	274.07999
2289	274.06
2290	274.07999
2291	273.92999
2292	273.95999
2293	273.92999
2294	273.95999
2295	273.92999
2296	274
2297	274.04001
2298	274.01999
2299	274.04001
2300	274.06
2301	274.06
2302	274.07999
2303	274.06
2304	274.06
2305	274.07999
2306	274.07999
2307	274.01999
2308	274.01999
2309	274.10001
2310	274.10001
2311	274.04001
2312	274.01999
2313	274.06
2314	274.04001
2315	274.07999
2316	274.01999
2317	274.10001
2318	274.14001
2319	274.07999
2320	274.12
2321	274.12
2322	274.06
2323	274.10001
2324	274.07999
2325	274.07999
2326	274.07999
2327	274.01999
2328	274.07999
2329	274.12
2330	274.12
2331	274.19
2332	274.16
2333	274.16
2334	274.16
2335	274.12
2336	274.12
2337	274.12
2338	274.16
2339	274.14001
2340	274.14001
2341	274.10001
2342	274.16
2343	274.12
2344	274.10001
2345	274.14001
2346	274.19
2347	274.19
2348	274.19
2349	274.20999
2350	274.25
2351	274.19
2352	274.12
2353	274.23001
2354	274.20999
2355	274.23001
2356	274.23001
2357	274.20999
2358	274.16
2359	274.20999
2360	274.14001
2361	274.10001
2362	274.12
2363	274.12
2364	274.07999
2365	274.07999
2366	274.06
2367	274.12
2368	274.06
2369	274.10001
2370	274.10001
2371	274.16
2372	274.16
2373	274.14001
2374	274.23001
2375	274.19
2376	274.16
2377	274.16
2378	274.20999
2379	274.20999
2380	274.14001
2381	274.14001
2382	274.12
2383	274.10001
2384	274.10001
2385	274.06
2386	274.19
2387	274.10001
2388	274.10001
2389	274.12
2390	274.16
2391	274.14001
2392	274.10001
2393	274.14001
2394	274.07999
2395	274.07999
2396	274.04001
2397	274.06
2398	274.06
2399	274.06
2400	274.06
2401	274.12
2402	274.19
2403	274.19
2404	274.19
2405	274.07999
2406	274.14001
2407	274.14001
2408	274.12
2409	274.10001
2410	274.07999
2411	274.07999
2412	274.20999
2413	274.10001
2414	274.20999
2415	274.12
2416	274.14001
2417	274.14001
2418	274.14001
2419	274.07999
2420	274.10001
2421	274.10001
2422	274.06
2423	274.10001
2424	274.12
2425	274.12
2426	274.19
2427	274.19
2428	274.23001
2429	274.29001
2430	274.14001
2431	274.12
2432	274.12
2433	274.07999
2434	274.04001
2435	274.06
2436	274.01999
2437	274.04001
2438	273.98001
2439	274.07999
2440	274.04001
2441	274.04001
2442	274.04001
2443	274.04001
2444	274.06
2445	273.91
2446	274
2447	273.98001
2448	273.91
2449	273.98001
2450	273.98001
2451	273.98001
2452	274
2453	273.95999
2454	274
2455	274.01999
2456	274.01999
2457	273.98001
2458	273.95999
2459	273.98001
2460	274
2461	274.01999
2462	274.04001
2463	274.07999
2464	273.95999
2465	273.98001
2466	274.01999
2467	274
2468	274.06
2469	274.04001
2470	274.10001
2471	274.16
2472	274.26999
2473	274.39001
2474	274.39001
2475	274.39001
2476	274.42001
2477	274.51999
2478	274.56
2479	274.60001
2480	274.75
2481	274.89999
2482	274.89999
2483	275.17001
2484	275.34
2485	275.42001
2486	275.63
2487	275.76999
2488	275.84
2489	275.84
2490	276.03
2491	276.10999
2492	276.07001
2493	276.28
2494	276.29999
2495	276.38
2496	276.38
2497	276.48999
2498	276.51001
2499	276.45999
2500	276.59
2501	276.54999
2502	276.63
2503	276.63
2504	276.72
2505	276.73999
2506	276.76001
2507	276.78
2508	276.82001
2509	276.78
2510	276.82001
2511	276.79999
2512	276.79999
2513	276.82001
2514	276.82001
2515	276.88
2516	276.95001
2517	276.88
2518	276.88
2519	276.85999
2520	276.82001
2521	276.82001
2522	276.85999
2523	276.92001
2524	276.92001
2525	276.88
2526	276.89999
2527	276.89999
2528	276.98999
2529	276.98999
2530	276.88
2531	276.97
2532	276.89999
2533	276.97
2534	277.07001
2535	277.01001
2536	276.95001
2537	277.04999
2538	276.95001
2539	276.88
2540	276.88
2541	276.79999
2542	276.84
2543	276.84
2544	276.92001
2545	276.92001
2546	276.88
2547	276.79999
2548	276.79999
2549	276.88
2550	276.89999
2551	276.82001
2552	276.85999
2553	276.85999
2554	276.97
2555	276.89999
2556	276.98999
2557	277.01001
2558	277.03
2559	277.14999
2560	277.14999
2561	277.14999
2562	277.17999
2563	277.03
2564	277.09
2565	277.03
2566	277.04999
2567	277.10999
2568	277.13
2569	277.09
2570	277.07001
2571	277.10999
2572	277.04999
2573	277.09
2574	277.13
2575	277.04999
2576	277.03
2577	276.92001
2578	277.03
2579	276.97
2580	276.98999
2581	276.98999
2582	277.04999
2583	277.13
2584	277.09
2585	277.09
2586	277.20001
2587	277.13
2588	277.23999
2589	277.28
2590	277.28
2591	277.26001
2592	277.26001
2593	277.28
2594	277.28
2595	277.20001
2596	277.20001
2597	277.14999
2598	277.13
2599	277.13
2600	277.10999
2601	277.13
2602	277.14999
2603	277.13
2604	277.10999
2605	277.26001
2606	277.17999
2607	277.20001
2608	277.20001
2609	277.20001
2610	277.20001
2611	277.13
2612	277.10999
2613	277.10999
2614	277.07001
2615	277.13
2616	277.22
2617	277.29999
2618	277.14999
2619	277.29999
2620	277.28
2621	277.20001
2622	277.34
2623	277.23999
2624	277.23999
2625	277.17999
2626	277.26001
2627	277.20001
2628	277.34
2629	277.32001
2630	277.42999
2631	277.42999
2632	277.42999
2633	277.39001
2634	277.34
2635	277.39001
2636	277.23999
2637	277.34
2638	277.34
2639	277.35999
2640	277.26001
2641	277.34
2642	277.13
2643	277.04999
2644	277.10999
2645	277.09
2646	277.04999
2647	277.09
2648	277.04999
2649	277.01001
2650	276.95001
2651	277.01001
2652	276.97
2653	276.89999
2654	276.85999
2655	276.89999
2656	276.89999
2657	276.63
2658	276.42001
2659	276.07001
2660	275.07999
2661	274.04001
2662	272.76001
2663	272.76001
2664	270.84
2665	269.57999
2666	269.06
2667	268.17999
2668	267.66
2669	267.28
2670	267.28
2671	267.16
2672	267.20001
2673	267.28
2674	267.62
2675	267.82999
2676	268
2677	268.17999
2678	268.73001
2679	268.92001
2680	269.26999
2681	269.60999
2682	269.73001
2683	270.09
2684	270.19
2685	270.53
2686	270.63
2687	270.95999
2688	271.19
2689	271.26001
2690	271.54999
2691	271.57001
2692	271.78
2693	271.91
2694	272.03
2695	272.03
2696	272.20001
2697	272.34
2698	272.47
2699	272.47
2700	272.53
2701	272.64001
2702	272.64001
2703	272.67999
2704	272.78
2705	272.82999
2706	272.82999
2707	272.97
2708	273.01001
2709	273.01001
2710	273.07999
2711	273.16
2712	273.14001
2713	273.22
2714	273.26999
2715	273.29001
2716	273.23999
2717	273.35001
2718	273.37
2719	273.39001
2720	273.45001
2721	273.42999
2722	273.42999
2723	273.5
2724	273.41
2725	273.51999
2726	273.37
2727	273.5
2728	273.47
2729	273.39001
2730	273.51999
2731	273.56
2732	273.54001
2733	273.54001
2734	273.54001
2735	273.60001
2736	273.64001
2737	273.70001
2738	273.62
2739	273.62
2740	273.64001
2741	273.64001
2742	273.60001
2743	273.62
2744	273.67999
2745	273.76999
2746	273.66
2747	273.67999
2748	273.67999
2749	273.73001
2750	273.70001
2751	273.70001
2752	273.70001
2753	273.75
2754	273.76999
2755	273.76999
2756	273.76999
2757	273.79001
2758	273.73001
2759	273.79001
2760	273.76999
2761	273.82999
2762	273.79001
2763	273.81
2764	273.79001
2765	273.79001
2766	273.79001
2767	273.70001
2768	273.62
2769	273.66
2770	273.73001
2771	273.76999
2772	273.79001
2773	273.79001
2774	273.85001
2775	273.81
2776	273.87
2777	273.87
2778	273.89001
2779	273.92999
2780	273.89001
2781	273.85001
2782	273.82999
2783	273.87
2784	273.82999
2785	273.87
2786	273.87
2787	273.85001
2788	273.79001
2789	273.76999
2790	273.70001
2791	273.87
2792	273.76999
2793	273.82999
2794	273.89001
2795	273.87
2796	273.87
2797	273.87
2798	273.89001
2799	273.82999
2800	273.82999
2801	273.85001
2802	273.87
2803	273.87
2804	273.81
2805	273.81
2806	273.87
2807	273.82999
2808	273.87
2809	273.87
2810	273.85001
2811	273.81
2812	273.81
2813	273.85001
2814	273.85001
2815	273.87
2816	273.89001
2817	273.91
2818	273.89001
2819	273.95999
2820	273.89001
2821	273.87
2822	273.87
2823	273.87
2824	273.82999
2825	273.89001
2826	273.85001
2827	273.76999
2828	273.89001
2829	273.82999
2830	273.87
2831	273.91
2832	273.87
2833	273.87
2834	273.89001
2835	273.82999
2836	273.85001
2837	273.85001
2838	273.85001
2839	273.85001
2840	273.79001
2841	273.85001
2842	273.91
2843	273.87
2844	273.87
2845	273.85001
2846	273.91
2847	273.91
2848	273.89001
2849	273.87
2850	273.91
2851	273.91
2852	273.87
2853	273.89001
2854	273.81
2855	273.87
2856	273.82999
2857	273.85001
2858	273.85001
2859	273.89001
2860	273.89001
2861	273.75
2862	273.87
2863	273.85001
2864	273.79001
2865	273.70001
2866	273.76999
2867	273.76999
2868	273.73001
2869	273.89001
2870	273.87
2871	273.85001
2872	273.91
2873	273.85001
2874	273.81
2875	273.82999
2876	273.82999
2877	273.81
2878	273.81
2879	273.81
2880	273.85001
2881	273.85001
2882	273.85001
2883	273.85001
2884	273.87
2885	273.92999
2886	273.87
2887	273.87
2888	273.87
2889	273.89001
2890	273.85001
2891	273.81
2892	273.82999
2893	273.85001
2894	273.76999
2895	273.75
2896	273.81
2897	273.79001
2898	273.75
2899	273.75
2900	273.79001
2901	273.82999
2902	273.73001
2903	273.81
2904	273.81
2905	273.79001
2906	273.79001
2907	273.81
2908	273.81
2909	273.81
2910	273.73001
2911	273.79001
2912	273.89001
2913	273.87
2914	273.95999
2915	273.95999
2916	273.92999
2917	273.91
2918	273.91
2919	273.81
2920	273.82999
2921	273.82999
2922	273.82999
2923	273.89001
2924	273.95999
2925	273.95999
2926	273.92999
2927	273.81
2928	273.81
2929	273.75
2930	273.82999
2931	273.81
2932	273.95999
2933	273.82999
2934	273.87
2935	273.73001
2936	273.64001
2937	273.66
2938	273.66
2939	273.79001
2940	273.76999
2941	273.70001
2942	273.73001
2943	273.70001
2944	273.87
2945	274
2946	274.12
2947	274.12
2948	274.16
2949	274.19
2950	274.19
2951	274.35001
2952	274.44
2953	274.51999
2954	274.51999
2955	274.81
2956	274.95999
2957	275.01999
2958	275.26999
2959	275.35999
2960	275.45999
2961	275.54001
2962	275.76999
2963	275.89999
2964	275.98001
2965	275.98001
2966	276.13
2967	276.13
2968	276.14999
2969	276.19
2970	276.23001
2971	276.26001
2972	276.23001
2973	276.29999
2974	276.28
2975	276.28
2976	276.23001
2977	276.29999
2978	276.34
2979	276.34
2980	276.29999
2981	276.34
2982	276.39999
2983	276.54999
2984	276.53
2985	276.42001
2986	276.42001
2987	276.44
2988	276.44
2989	276.44
2990	276.35999
2991	276.44
2992	276.45999
2993	276.45999
2994	276.44
2995	276.45999
2996	276.54999
2997	276.57001
2998	276.42001
2999	276.45999
3000	276.54999
3001	276.59
3002	276.57001
3003	276.59
3004	276.60999
3005	276.64999
3006	276.64999
3007	276.63
3008	276.67001
3009	276.73999
3010	276.69
3011	276.59
3012	276.53
3013	276.54999
3014	276.59
3015	276.51001
3016	276.51001
3017	276.59
3018	276.59
3019	276.57001
3020	276.59
3021	276.57001
3022	276.57001
3023	276.54999
3024	276.59
3025	276.59
3026	276.54999
3027	276.59
3028	276.64999
3029	276.63
3030	276.63
3031	276.63
3032	276.67001
3033	276.67001
3034	276.73999
3035	276.69
3036	276.73999
3037	276.72
3038	276.69
3039	276.72
3040	276.57001
3041	276.63
3042	276.63
3043	276.51001
3044	276.59
3045	276.67001
3046	276.59
3047	276.59
3048	276.60999
3049	276.54999
3050	276.59
3051	276.54999
3052	276.42001
3053	276.39999
3054	276.48999
3055	276.57001
3056	276.63
3057	276.63
3058	276.69
3059	276.73999
3060	276.73999
3061	276.64999
3062	276.67001
3063	276.59
3064	276.59
3065	276.53
3066	276.44
3067	276.53
3068	276.51001
3069	276.51001
3070	276.51001
3071	276.51001
3072	276.44
3073	276.51001
3074	276.54999
3075	276.44
3076	276.51001
3077	276.53
3078	276.54999
3079	276.53
3080	276.59
3081	276.63
3082	276.72
3083	276.72
3084	276.60999
3085	276.57001
3086	276.54999
3087	276.44
3088	276.51001
3089	276.51001
3090	276.51001
3091	276.48999
3092	276.45999
3093	276.39999
3094	276.51001
3095	276.51001
3096	276.51001
3097	276.51001
3098	276.53
3099	276.53
3100	276.44
3101	276.53
3102	276.53
3103	276.45999
3104	276.51001
3105	276.48999
3106	276.48999
3107	276.51001
3108	276.51001
3109	276.53
3110	276.57001
3111	276.59
3112	276.54999
3113	276.53
3114	276.48999
3115	276.48999
3116	276.34
3117	276.35999
3118	276.38
3119	276.39999
3120	276.45999
3121	276.53
3122	276.42001
3123	276.42001
3124	276.35999
3125	276.32001
3126	276.26001
3127	276.26001
3128	276.26001
3129	276.28
3130	276.23001
3131	276.29999
3132	275.64999
3133	274.14001
3134	272.34
3135	272.34
3136	269.48001
3137	268.04001
3138	267.64001
3139	266.84
3140	266.34
3141	266.20001
3142	266.14999
3143	266.47
3144	266.64001
3145	267.32999
3146	268.14001
3147	268.94
3148	269.10001
3149	269.20999
3150	269.54001
3151	269.73001
3152	270.04001
3153	270.35999
3154	270.5
3155	270.70999
3156	270.82001
3157	271.10999
3158	271.51001
3159	271.98999
3160	271.98999
3161	272.60001
3162	273.01001
3163	273.07999
3164	273.32999
3165	273.47
3166	273.62
3167	273.62
3168	273.79001
3169	273.85001
3170	273.95999
3171	274.06
3172	274.14001
3173	274.10001
3174	274.10001
3175	274.23001
3176	274.32999
3177	274.32999
3178	274.45999
3179	274.42001
3180	274.48001
3181	274.51999
3182	274.54001
3183	274.44
3184	274.51999
3185	274.54001
3186	274.54001
3187	274.60001
3188	274.60001
3189	274.56
3190	274.75
3191	274.69
3192	274.64999
3193	274.67001
3194	274.75
3195	274.67001
3196	274.70999
3197	274.75
3198	274.76999
3199	274.76999
3200	274.82999
3201	274.81
3202	274.88
3203	274.92001
3204	274.92001
3205	274.95999
3206	274.95999
3207	274.98001
3208	275
3209	274.92001
3210	274.92001
3211	274.98001
3212	275.06
3213	275.19
3214	275.13
3215	275.20999
3216	275.13
3217	275.07999
3218	275.19
3219	275.14999
3220	275.23001
3221	275.25
3222	275.31
3223	275.31
3224	275.35999
3225	275.35999
3226	275.34
3227	275.44
3228	275.42001
3229	275.45999
3230	275.45999
3231	275.45999
3232	275.51999
3233	275.59
3234	275.64999
3235	275.17001
3236	274.25
3237	273.70001
3238	273.70001
3239	273.75
3240	273.73001
3241	273.62
3242	273.14001
3243	272.81
3244	272.72
3245	272.72
3246	272.67999
3247	272.66
3248	272.57999
3249	272.53
3250	272.48999
3251	272.42999
3252	272.37
3253	272.28
3254	272.28
3255	272.20001
3256	272.17999
3257	272.16
3258	272.16
3259	272.20001
3260	272.14001
3261	272.10999
3262	272.17999
3263	272.17999
3264	272.07001
3265	272.16
3266	272.16
3267	272.14001
3268	272.09
3269	272.07001
3270	272.07001
3271	272.07001
3272	272.10999
3273	272.10999
3274	272.07001
3275	272.04999
3276	271.97
3277	271.97
3278	272.07001
3279	272.16
3280	272.09
3281	272.26001
3282	272.23999
3283	272.23999
3284	272.29999
3285	272.34
3286	272.29999
3287	272.28
3288	272.29999
3289	272.23999
3290	272.26001
3291	272.17999
3292	272.20001
3293	272.17999
3294	272.22
3295	272.22
3296	272.28
3297	272.20001
3298	272.20001
3299	272.32001
3300	272.22
3301	272.17999
3302	272.17999
3303	272.20001
3304	272.16
3305	272.16
3306	272.20001
3307	272.23999
3308	272.26001
3309	272.26001
3310	272.28
3311	272.23999
3312	272.23999
3313	272.26001
3314	272.29999
3315	272.29999
3316	272.29999
3317	272.39001
3318	272.42999
3319	272.39001
3320	272.41
3321	272.45001
3322	272.41
3323	272.45001
3324	272.34
3325	272.39001
3326	272.34
3327	272.37
3328	272.32001
3329	272.42999
3330	272.48999
3331	272.42999
3332	272.48999
3333	272.47
3334	272.41
3335	272.53
3336	272.45001
3337	272.47
3338	272.47
3339	272.53
3340	272.47
3341	272.47
3342	272.42999
3343	272.48999
3344	272.48999
3345	272.47
3346	272.41
3347	272.39001
3348	272.39001
3349	272.47
3350	272.47
3351	272.42999
3352	272.37
3353	272.39001
3354	272.39001
3355	272.39001
3356	272.42999
3357	272.37
3358	272.39001
3359	272.26001
3360	272.39001
3361	272.37
3362	272.34
3363	272.41
3364	272.41
3365	272.41
3366	272.41
3367	272.45001
3368	272.39001
3369	272.45001
3370	272.41
3371	272.39001
3372	272.39001
3373	272.41
3374	272.42999
3375	272.42999
3376	272.41
3377	272.34
3378	272.29999
3379	272.29999
3380	272.29999
3381	272.39001
3382	272.39001
3383	272.45001
3384	272.37
3385	272.47
3386	272.42999
3387	272.42999
3388	272.37
3389	272.23999
3390	272.37
3391	272.39001
3392	272.37
3393	272.41
3394	272.34
3395	272.28
3396	272.28
3397	272.32001
3398	272.34
3399	272.41
3400	272.47
3401	272.41
3402	272.48999
3403	272.41
3404	272.41
3405	272.32001
3406	272.41
3407	272.41
3408	272.42999
3409	272.42999
3410	272.53
3411	272.51001
3412	272.51001
3413	272.57999
3414	272.62
3415	272.64001
3416	272.82999
3417	272.92999
3418	273.07999
3419	273.07999
3420	273.01001
3421	273.04001
3422	273.12
3423	273.10001
3424	273.10001
3425	273.22
3426	273.22
3427	273.45001
3428	273.54001
3429	273.64001
3430	273.82999
3431	273.89001
3432	274.01999
3433	274.10001
3434	274.20999
3435	274.26999
3436	274.39001
3437	274.44
3438	274.42001
3439	274.51999
3440	274.56
3441	274.60001
3442	274.69
3443	274.75
3444	274.81
3445	274.76999
3446	274.75
3447	274.79001
3448	274.76999
3449	274.75
3450	274.73001
3451	274.73001
3452	274.76999
3453	274.76999
3454	274.75
3455	274.85001
3456	274.88
3457	274.85001
3458	274.85001
3459	274.82999
3460	274.79001
3461	274.85001
3462	274.88
3463	274.89999
3464	274.92001
3465	274.95999
3466	274.89999
3467	274.95999
3468	274.89999
3469	274.89999
3470	274.88
3471	274.95999
3472	274.85001
3473	274.94
3474	274.94
3475	275
3476	275.06
3477	275.07999
3478	275.07999
3479	275.10999
3480	275.04001
3481	274.98001
3482	275
3483	275
3484	275.01999
3485	275
3486	275.04001
3487	275.07999
3488	275.01999
3489	275.07999
3490	275.07999
3491	275
3492	274.98001
3493	275.01999
3494	274.94
3495	275
3496	274.92001
3497	274.92001
3498	274.85001
3499	274.82999
3500	274.88
3501	274.89999
3502	274.88
3503	274.94
3504	274.85001
3505	274.92001
3506	274.89999
3507	274.89999
3508	274.95999
3509	274.89999
3510	274.95999
3511	274.94
3512	274.89999
3513	274.89999
3514	275
3515	275.04001
3516	275
3517	275.10999
3518	275.07999
3519	275.01999
3520	275.01999
3521	275
3522	275
3523	275.01999
3524	274.98001
3525	275
3526	274.95999
3527	274.98001
3528	274.95999
3529	274.95999
3530	275.01999
3531	275
3532	275.01999
3533	274.98001
3534	274.98001
3535	275
3536	275.07999
3537	275.04001
3538	275.06
3539	275.04001
3540	275.07999
3541	275.06
3542	275.06
3543	275.10999
3544	275.01999
3545	275.01999
3546	275.01999
3547	275.01999
3548	275.04001
3549	275.04001
3550	274.98001
3551	274.98001
3552	275
3553	274.92001
3554	274.92001
3555	275
3556	275.04001
3557	274.98001
3558	274.95999
3559	275.01999
3560	275
3561	275
3562	274.98001
3563	274.95999
3564	274.95999
3565	275
3566	274.98001
3567	274.88
3568	274.88
3569	274.98001
3570	275
3571	275.01999
3572	275.10999
3573	275.01999
3574	275.07999
3575	275.04001
3576	275.14999
3577	275.10999
3578	275.14999
3579	275.13
3580	275.01999
3581	275.01999
3582	274.88
3583	274.92001
3584	275
3585	275.10999
3586	275.04001
3587	275.19
3588	274.88
3589	274.82999
3590	274.94
3591	275.07999
3592	275.34
3593	275.34
3594	275.25
3595	275.23001
3596	275.17001
3597	275.01999
3598	274.92001
3599	274.88
3600	274.88
3601	274.67001
3602	274.70999
3603	274.60001
3604	274.5
3605	274.32999
3606	274.10001
3607	273.95999
3608	272.72
3609	271.63
3610	270.85999
3611	269.48001
3612	268.16
3613	267.57999
3614	267.03
3615	265.78
3616	265.59
3617	265.14999
3618	264.94
3619	264.95999
3620	264.94
3621	265.07001
3622	265.28
3623	265.57001
3624	265.95001
3625	266.45001
3626	266.67999
3627	267.03
3628	267.29999
3629	267.66
3630	267.92999
3631	268.29001
3632	268.29001
3633	268.75
3634	268.92001
3635	269.10001
3636	269.31
3637	269.57999
3638	269.76999
3639	269.76999
3640	270.01999
3641	270.10999
3642	270.20999
3643	270.29999
3644	270.42001
3645	270.48001
3646	270.44
3647	270.64999
3648	270.69
3649	270.69
3650	270.78
3651	270.89999
3652	270.89999
3653	270.94
3654	271.01001
3655	271.10999
3656	271.10999
3657	271.19
3658	271.28
3659	271.29999
3660	271.38
3661	271.48999
3662	271.45001
3663	271.53
3664	271.53
3665	271.59
3666	271.67999
3667	271.63
3668	271.60999
3669	271.60999
3670	271.63
3671	271.63
3672	271.64999
3673	271.64999
3674	271.64999
3675	271.67999
3676	271.70001
3677	271.72
3678	271.72
3679	271.76001
3680	271.73999
3681	271.82001
3682	271.88
3683	271.78
3684	271.82001
3685	271.88
3686	271.95001
3687	272.01001
3688	272.07001
3689	272.04999
3690	272.07001
3691	271.98999
3692	272.01001
3693	271.97
3694	272.01001
3695	272.09
3696	272.01001
3697	272.09
3698	272.10999
3699	272.14001
3700	272.14001
3701	272.17999
3702	272.17999
3703	272.17999
3704	272.22
3705	272.16
3706	272.10999
3707	271.98999
3708	271.95001
3709	272.01001
3710	272.01001
3711	271.97
3712	271.98999
3713	271.95001
3714	271.95001
3715	271.98999
3716	272.04999
3717	271.97
3718	271.98999
3719	271.97
3720	272.04999
3721	272.07001
3722	272.04999
3723	272.17999
3724	272.10999
3725	272.22
3726	272.14001
3727	272.17999
3728	272.16
3729	272.22
3730	272.10999
3731	272.10999
3732	272.10999
3733	272.07001
3734	272.03
3735	272.03
3736	272.04999
3737	272.10999
3738	272.04999
3739	272.10999
3740	272.16
3741	272.22
3742	272.22
3743	272.17999
3744	272.28
3745	272.28
3746	272.29999
3747	272.32001
3748	272.23999
3749	272.23999
3750	272.20001
3751	272.17999
3752	272.22
3753	272.14001
3754	272.20001
3755	272.22
3756	272.26001
3757	272.17999
3758	272.26001
3759	272.20001
3760	272.28
3761	272.26001
3762	272.29999
3763	272.28
3764	272.16
3765	272.20001
3766	272.20001
3767	272.07001
3768	272.09
3769	272.22
3770	272.23999
3771	272.23999
3772	272.20001
3773	272.26001
3774	272.26001
3775	272.20001
3776	272.10999
3777	272.16
3778	272.17999
3779	272.20001
3780	272.28
3781	272.28
3782	272.32001
3783	272.34
3784	272.42999
3785	272.45001
3786	272.39001
3787	272.41
3788	272.39001
3789	272.34
3790	272.32001
3791	272.34
3792	272.28
3793	272.34
3794	272.28
3795	272.37
3796	272.23999
3797	272.23999
3798	272.20001
3799	272.20001
3800	272.23999
3801	272.22
3802	272.26001
3803	272.20001
3804	272.26001
3805	272.26001
3806	272.26001
3807	272.22
3808	272.22
3809	272.23999
3810	272.17999
3811	272.23999
3812	272.26001
3813	272.26001
3814	272.22
3815	272.23999
3816	272.22
3817	272.37
3818	272.28
3819	272.32001
3820	272.32001
3821	272.37
3822	272.34
3823	272.34
3824	272.26001
3825	272.28
3826	272.26001
3827	272.28
3828	272.28
3829	272.22
3830	272.23999
3831	272.29999
3832	272.29999
3833	272.39001
3834	272.42999
3835	272.34
3836	272.42999
3837	272.32001
3838	272.26001
3839	272.37
3840	272.26001
3841	272.22
3842	272.17999
3843	272.20001
3844	272.29999
3845	272.29999
3846	272.29999
3847	272.39001
3848	272.34
3849	272.37
3850	272.37
3851	272.37
3852	272.37
3853	272.34
3854	272.28
3855	272.32001
3856	272.37
3857	272.32001
3858	272.34
3859	272.41
3860	272.37
3861	272.39001
3862	272.37
3863	272.28
3864	272.32001
3865	272.29999
3866	272.32001
3867	272.22
3868	272.16
3869	272.09
3870	272.09
3871	272.16
3872	272.10999
3873	272.16
3874	272.17999
3875	272.29999
3876	272.28
3877	272.26001
3878	272.29999
3879	272.41
3880	272.41
3881	272.42999
3882	272.41
3883	272.42999
3884	272.42999
3885	272.34
3886	272.39001
3887	272.47
3888	272.48999
3889	272.54999
3890	272.64001
3891	272.64001
3892	272.76001
3893	272.78
3894	272.67999
3895	272.70001
3896	272.72
3897	272.76001
3898	272.85001
3899	273.01001
3900	273.07999
3901	273.17999
3902	273.31
3903	273.47
3904	273.45001
3905	273.54001
3906	273.73001
3907	273.79001
3908	273.87
3909	273.92999
3910	273.95999
3911	274.20999
3912	274.23001
3913	274.31
3914	274.35001
3915	274.39001
3916	274.39001
3917	274.42001
3918	274.31
3919	274.37
3920	274.45999
3921	274.48001
3922	274.5
3923	274.5
3924	274.69
3925	274.70999
3926	274.67001
3927	274.70999
3928	274.64999
3929	274.73001
3930	274.73001
3931	274.69
3932	274.79001
3933	274.85001
3934	274.79001
3935	274.81
3936	274.82999
3937	274.88
3938	274.88
3939	274.92001
3940	274.98001
3941	274.94
3942	274.98001
3943	274.95999
3944	274.95999
3945	274.92001
3946	275
3947	275.10999
3948	275.07999
3949	275.04001
3950	275.10999
3951	275.04001
3952	275.14999
3953	275.13
3954	275.04001
3955	275.04001
3956	275.17001
3957	275.19
3958	275.19
3959	275.17001
3960	275.06
3961	275.06
3962	275.06
3963	275.04001
3964	275
3965	275.06
3966	275.06
3967	275.07999
3968	275.10999
3969	275.01999
3970	275.04001
3971	275.14999
3972	275.14999
3973	275.04001
3974	275.01999
3975	275.04001
3976	274.98001
3977	275
3978	274.98001
3979	274.98001
3980	274.95999
3981	274.89999
3982	275
3983	275.04001
3984	275
3985	274.82999
3986	274.75
3987	274.75
3988	274.69
3989	274.79001
3990	274.82999
3991	274.94
3992	274.94
3993	274.88
3994	274.88
3995	274.79001
3996	274.76999
3997	274.76999
3998	274.81
3999	274.88
4000	274.88
4001	274.88
4002	275.01999
4003	275
4004	275.01999
4005	274.94
4006	274.82999
4007	274.81
4008	274.82999
4009	274.76999
4010	274.73001
4011	274.85001
4012	274.92001
4013	274.85001
4014	274.94
4015	274.89999
4016	274.89999
4017	274.82999
4018	274.94
4019	274.89999
4020	274.81
4021	274.82999
4022	274.85001
4023	274.94
4024	275
4025	274.98001
4026	274.98001
4027	274.89999
4028	274.82999
4029	274.81
4030	274.85001
4031	274.89999
4032	274.95999
4033	274.95999
4034	274.94
4035	274.92001
4036	274.88
4037	274.85001
4038	274.92001
4039	274.95999
4040	274.94
4041	274.94
4042	275
4043	275
4044	275.06
4045	275.04001
4046	275.06
4047	275.06
4048	275
4049	275
4050	275.04001
4051	275.01999
4052	274.95999
4053	275.04001
4054	274.95999
4055	275.01999
4056	275.04001
4057	275.04001
4058	275.01999
4059	275
4060	275.10999
4061	275.01999
4062	274.94
4063	274.98001
4064	275.17001
4065	275.17001
4066	275.07999
4067	275.10999
4068	275.14999
4069	275.14999
4070	275.14999
4071	275.14999
4072	275.14999
4073	275.17001
4074	275.10999
4075	275.01999
4076	274.95999
4077	274.85001
4078	274.73001
4079	274.62
4080	273.89001
4081	273.42999
4082	272.41
4083	271.19
4084	270.57001
4085	269.48001
4086	268.98001
4087	267.62
4088	267.37
4089	266.91
4090	266.72
4091	266.73999
4092	266.76001
4093	266.82001
4094	267.04999
4095	267.37
4096	267.56
4097	267.56
4098	267.95001
4099	268.20001
4100	268.29001
4101	268.57999
4102	268.82999
4103	269.10001
4104	269.10001
4105	269.48001
4106	269.70999
4107	269.81
4108	269.95999
4109	270.20999
4110	270.25
4111	270.29999
4112	270.54999
4113	270.69
4114	270.67001
4115	270.85999
4116	270.98999
4117	271.13
4118	271.10999
4119	271.26001
4120	271.35999
4121	271.45001
4122	271.47
4123	271.47
4124	271.57001
4125	271.60999
4126	271.63
4127	271.70001
4128	271.73999
4129	271.79999
4130	271.82001
4131	271.91
4132	271.98999
4133	272.04999
4134	272.10999
4135	272.10999
4136	272.10999
4137	272.20001
4138	272.23999
4139	272.22
4140	272.16
4141	272.07001
4142	272.09
4143	272.09
4144	272.04999
4145	272.03
4146	272.07001
4147	272.07001
4148	272.14001
4149	272.17999
4150	272.10999
4151	272.14001
4152	272.22
4153	272.16
4154	272.23999
4155	272.28
4156	272.26001
4157	272.32001
4158	272.41
4159	272.37
4160	272.34
4161	272.41
4162	272.45001
4163	272.39001
4164	272.37
4165	272.41
4166	272.39001
4167	272.39001
4168	272.39001
4169	272.39001
4170	272.37
4171	272.37
4172	272.34
4173	272.37
4174	272.42999
4175	272.42999
4176	272.41
4177	272.54999
4178	272.60001
4179	272.62
4180	272.54999
4181	272.57999
4182	272.57999
4183	272.51001
4184	272.54999
4185	272.54999
4186	272.62
4187	272.72
4188	272.66
4189	272.62
4190	272.64001
4191	272.66
4192	272.62
4193	272.57999
4194	272.64001
4195	272.64001
4196	272.70001
4197	272.57999
4198	272.62
4199	272.60001
4200	272.60001
4201	272.64001
4202	272.57999
4203	272.64001
4204	272.57999
4205	272.57999
4206	272.45001
4207	272.45001
4208	272.42999
4209	272.45001
4210	272.47
4211	272.60001
4212	272.67999
4213	272.73999
4214	272.73999
4215	272.73999
4216	272.73999
4217	272.81
4218	272.73999
4219	272.76001
4220	272.73999
4221	272.72
4222	272.62
4223	272.64001
4224	272.66
4225	272.64001
4226	272.64001
4227	272.60001
4228	272.54999
4229	272.60001
4230	272.51001
4231	272.57999
4232	272.48999
4233	272.45001
4234	272.48999
4235	272.51001
4236	272.60001
4237	272.64001
4238	272.70001
4239	272.70001
4240	272.53
4241	272.48999
4242	272.57999
4243	272.51001
4244	272.48999
4245	272.48999
4246	272.48999
4247	272.51001
4248	272.47
4249	272.48999
4250	272.48999
4251	272.53
4252	272.54999
4253	272.54999
4254	272.62
4255	272.62
4256	272.70001
4257	272.62
4258	272.67999
4259	272.76001
4260	272.76001
4261	272.78
4262	272.76001
4263	272.73999
4264	272.70001
4265	272.70001
4266	272.72
4267	272.62
4268	272.62
4269	272.57999
4270	272.60001
4271	272.62
4272	272.67999
4273	272.73999
4274	272.76001
4275	272.78
4276	272.81
4277	272.76001
4278	272.76001
4279	272.67999
4280	272.64001
4281	272.64001
4282	272.64001
4283	272.66
4284	272.64001
4285	272.64001
4286	272.57999
4287	272.57999
4288	272.57999
4289	272.53
4290	272.62
4291	272.66
4292	272.70001
4293	272.78
4294	272.82999
4295	272.87
4296	272.91
4297	272.91
4298	272.87
4299	272.85001
4300	272.70001
4301	272.73999
4302	272.70001
4303	272.76001
4304	272.78
4305	272.97
4306	272.91
4307	272.92999
4308	272.87
4309	272.82999
4310	272.82999
4311	272.85001
4312	272.85001
4313	272.82999
4314	272.85001
4315	272.92999
4316	272.95001
4317	272.95001
4318	272.91
4319	272.89001
4320	272.97
4321	272.91
4322	272.87
4323	272.97
4324	272.97
4325	273.07999
4326	273.06
4327	273.01001
4328	272.97
4329	272.91
4330	272.87
4331	272.78
4332	272.78
4333	272.76001
4334	272.82999
4335	272.97
4336	272.98999
4337	273.14001
4338	273.14001
4339	273.37
4340	273.51999
4341	273.64001
4342	273.76999
4343	273.85001
4344	274
4345	273.95999
4346	273.95999
4347	274
4348	274.10001
4349	274.10001
4350	274.07999
4351	274.23001
4352	274.25
4353	274.19
4354	274.23001
4355	274.12
4356	274.12
4357	274.14001
4358	274.01999
4359	274.14001
4360	274.26999
4361	274.26999
4362	274.35001
4363	274.35001
4364	274.57999
4365	274.85001
4366	274.95999
4367	275.20999
4368	275.45999
4369	275.51999
4370	275.60999
4371	276
4372	276
4373	276.19
4374	276.32001
4375	276.35999
4376	276.45999
4377	276.63
4378	276.76001
4379	277.09
4380	277.13
4381	277.28
4382	277.35999
4383	277.41
4384	277.47
4385	277.51001
4386	277.34
4387	277.32001
4388	277.32001
4389	277.32001
4390	277.41
4391	277.35999
4392	277.32001
4393	277.34
4394	277.39001
4395	277.39001
4396	277.45001
4397	277.53
4398	277.59
4399	277.59
4400	277.53
4401	277.57001
4402	277.51001
4403	277.53
4404	277.48999
4405	277.53
4406	277.57001
4407	277.51001
4408	277.41
4409	277.48999
4410	277.35999
4411	277.34
4412	277.26001
4413	277.32001
4414	277.22
4415	277.39001
4416	277.39001
4417	277.39001
4418	277.35999
4419	277.39001
4420	277.39001
4421	277.47
4422	277.39001
4423	277.41
4424	277.41
4425	277.39001
4426	277.39001
4427	277.39001
4428	277.51001
4429	277.51001
4430	277.54999
4431	277.53
4432	277.47
4433	277.53
4434	277.53
4435	277.47
4436	277.53
4437	277.59
4438	277.53
4439	277.51001
4440	277.53
4441	277.48999
4442	277.54999
4443	277.51001
4444	277.53
4445	277.53
4446	277.47
4447	277.41
4448	277.53
4449	277.54999
4450	277.53
4451	277.54999
4452	277.62
4453	277.64001
4454	277.64001
4455	277.57001
4456	277.54999
4457	277.51001
4458	277.45001
4459	277.45001
4460	277.51001
4461	277.57001
4462	277.54999
4463	277.57001
4464	277.53
4465	277.64001
4466	277.64001
4467	277.62
4468	277.62
4469	277.66
4470	277.66
4471	277.76001
4472	277.67999
4473	277.67999
4474	277.62
4475	277.59
4476	277.59
4477	277.59
4478	277.59
4479	277.57001
4480	277.53
4481	277.35999
4482	277.35999
4483	277.41
4484	277.42999
4485	277.42999
4486	277.57001
4487	277.53
4488	277.67999
4489	277.72
4490	277.70001
4491	277.70001
4492	277.64001
4493	277.64001
4494	277.73999
4495	277.62
4496	277.62
4497	277.51001
4498	277.51001
4499	277.57001
4500	277.67999
4501	277.59
4502	277.70001
4503	277.67999
4504	277.66
4505	277.66
4506	277.67999
4507	277.51001
4508	277.59
4509	277.53
4510	277.62
4511	277.59
4512	277.67999
4513	277.57001
4514	277.53
4515	277.54999
4516	277.54999
4517	277.54999
4518	277.48999
4519	277.51001
4520	277.48999
4521	277.53
4522	277.54999
4523	277.53
4524	277.48999
4525	277.51001
4526	277.42999
4527	277.41
4528	277.35999
4529	277.45001
4530	277.45001
4531	277.41
4532	277.47
4533	277.45001
4534	277.35999
4535	277.23999
4536	277.13
4537	277.13
4538	277.22
4539	277.22
4540	277.17999
4541	277.09
4542	276.98999
4543	276.98999
4544	276.95001
4545	276.88
4546	276.85999
4547	276.89999
4548	276.85999
4549	276.76001
4550	276.73999
4551	276.72
4552	276.23001
4553	275.88
4554	274.75
4555	273.42999
4556	272.64001
4557	271.39999
4558	270.70999
4559	269.56
4560	268.66
4561	267.97
4562	267.97
4563	267.60001
4564	267.66
4565	267.76999
4566	268
4567	268.35001
4568	268.69
4569	268.69
4570	269.25
4571	269.69
4572	269.88
4573	270.25
4574	270.63
4575	271.03
4576	271.03
4577	271.42001
4578	271.72
4579	271.78
4580	272.07001
4581	272.10999
4582	272.32001
4583	272.39001
4584	272.67999
4585	272.76001
4586	272.91
4587	272.95001
4588	273.10001
4589	273.12
4590	273.26999
4591	273.47
4592	273.54001
4593	273.57999
4594	273.64001
4595	273.64001
4596	273.75
4597	273.79001
4598	273.91
4599	274.10001
4600	274.25
4601	274.25
4602	274.45999
4603	274.60001
4604	274.56
4605	274.75
4606	274.64999
4607	274.76999
4608	274.76999
4609	274.81
4610	274.76999
4611	274.79001
4612	274.88
4613	274.82999
4614	274.85001
4615	274.95999
4616	275
4617	275.04001
4618	275.06
4619	275.04001
4620	275.13
4621	275.13
4622	275.13
4623	275.17001
4624	275.10999
4625	275.17001
4626	275.14999
4627	275.13
4628	275.19
4629	275.14999
4630	275.14999
4631	275.17001
4632	275.14999
4633	275.14999
4634	275.13
4635	275.14999
4636	275.19
4637	275.23001
4638	275.26999
4639	275.23001
4640	275.23001
4641	275.23001
4642	275.29001
4643	275.19
4644	275.17001
4645	275.25
4646	275.23001
4647	275.23001
4648	275.23001
4649	275.19
4650	275.19
4651	275.25
4652	275.31
4653	275.38
4654	275.35999
4655	275.35999
4656	275.26999
4657	275.35999
4658	275.35999
4659	275.35999
4660	275.35999
4661	275.29001
4662	275.44
4663	275.39999
4664	275.42001
4665	275.42001
4666	275.39999
4667	275.45999
4668	275.45999
4669	275.44
4670	275.42001
4671	275.39999
4672	275.39999
4673	275.38
4674	275.31
4675	275.26999
4676	275.29001
4677	275.35999
4678	275.23001
4679	275.23001
4680	275.48001
4681	275.38
4682	275.39999
4683	275.35999
4684	275.31
4685	275.26999
4686	275.25
4687	275.31
4688	275.34
4689	275.34
4690	275.31
4691	275.39999
4692	275.44
4693	275.48001
4694	275.51999
4695	275.51999
4696	275.42001
4697	275.48001
4698	275.42001
4699	275.45999
4700	275.48001
4701	275.45999
4702	275.51999
4703	275.5
4704	275.48001
4705	275.48001
4706	275.54001
4707	275.5
4708	275.57001
4709	275.59
4710	275.57001
4711	275.57001
4712	275.54001
4713	275.60999
4714	275.51999
4715	275.54001
4716	275.54001
4717	275.59
4718	275.59
4719	275.59
4720	275.44
4721	275.45999
4722	275.38
4723	275.35999
4724	275.39999
4725	275.44
4726	275.45999
4727	275.39999
4728	275.48001
4729	275.45999
4730	275.5
4731	275.54001
4732	275.60999
4733	275.67001
4734	275.64999
4735	275.67001
4736	275.70999
4737	275.64999
4738	275.63
4739	275.64999
4740	275.59
4741	275.64999
4742	275.5
4743	275.5
4744	275.48001
4745	275.57001
4746	275.5
4747	275.57001
4748	275.59
4749	275.57001
4750	275.57001
4751	275.59
4752	275.64999
4753	275.59
4754	275.67001
4755	275.63
4756	275.67001
4757	275.67001
4758	275.69
4759	275.64999
4760	275.64999
4761	275.64999
4762	275.75
4763	275.70999
4764	275.70999
4765	275.75
4766	275.70999
4767	275.73001
4768	275.70999
4769	275.73001
4770	275.79999
4771	275.69
4772	275.82001
4773	275.75
4774	275.92001
4775	275.92001
4776	275.85999
4777	275.82001
4778	275.84
4779	275.75
4780	275.76999
4781	275.76999
4782	275.76999
4783	275.79999
4784	275.75
4785	275.75
4786	275.76999
4787	275.84
4788	275.89999
4789	275.89999
4790	275.88
4791	275.85999
4792	275.76999
4793	275.70999
4794	275.84
4795	275.85999
4796	275.79999
4797	275.85999
4798	275.82001
4799	275.84
4800	275.88
4801	275.84
4802	275.89999
4803	275.76999
4804	275.84
4805	275.88
4806	275.89999
4807	275.85999
4808	275.84
4809	275.73001
4810	275.70999
4811	275.73001
4812	275.64999
4813	275.63
4814	275.63
4815	275.60999
4816	275.63
4817	275.64999
4818	275.64999
4819	275.63
4820	275.69
4821	275.69
4822	275.67001
4823	275.69
4824	275.57001
4825	275.70999
4826	275.70999
4827	275.64999
4828	275.64999
4829	275.73001
4830	275.70999
4831	275.59
4832	275.60999
4833	275.70999
4834	275.75
4835	275.75
4836	275.88
4837	276.03
4838	276.17001
4839	276.32001
4840	276.32001
4841	276.34
4842	276.39999
4843	276.57001
4844	276.67001
4845	276.88
4846	277.09
4847	277.13
4848	277.29999
4849	277.39001
4850	277.47
4851	277.54999
4852	277.64001
4853	277.64001
4854	277.87
4855	277.85001
4856	277.82001
4857	277.82001
4858	277.89001
4859	277.92999
4860	277.92999
4861	278.14001
4862	278.14001
4863	278.14001
4864	278.14001
4865	278.22
4866	278.17999
4867	278.31
4868	278.26001
4869	278.31
4870	278.31
4871	278.17999
4872	278.16
4873	278.17999
4874	278.17999
4875	278.26001
4876	278.23999
4877	278.28
4878	278.23999
4879	278.22
4880	278.23999
4881	278.23999
4882	278.28
4883	278.14001
4884	278.14001
4885	278.14001
4886	278.12
4887	278.20001
4888	278.16
4889	278.04999
4890	278.10001
4891	278.07999
4892	278.07999
4893	278.10001
4894	278.12
4895	277.98999
4896	278.10001
4897	278.10001
4898	278.17999
4899	278.17999
4900	278.12
4901	278.04999
4902	278.04999
4903	278.07999
4904	278.03
4905	277.97
4906	278.10001
4907	278.04999
4908	278.12
4909	278.12
4910	278.20001
4911	278.14001
4912	278.04999
4913	278.04999
4914	278.04999
4915	278.07999
4916	278.01001
4917	278.04999
4918	278.04999
4919	278.12
4920	278.04999
4921	278.14001
4922	278.16
4923	278.14001
4924	278.14001
4925	278.12
4926	278.23999
4927	278.37
4928	278.32999
4929	278.37
4930	278.47
4931	278.47
4932	278.37
4933	278.35001
4934	278.45001
4935	278.45001
4936	278.47
4937	278.45001
4938	278.35001
4939	278.32999
4940	278.26001
4941	278.28
4942	278.39001
4943	278.41
4944	278.39001
4945	278.41
4946	278.32999
4947	278.32999
4948	278.35001
4949	278.31
4950	278.32999
4951	278.28
4952	278.28
4953	278.31
4954	278.22
4955	278.22
4956	278.23999
4957	278.17999
4958	278.22
4959	278.22
4960	278.31
4961	278.31
4962	278.31
4963	278.31
4964	278.23999
4965	278.22
4966	278.23999
4967	278.26001
4968	278.31
4969	278.35001
4970	278.35001
4971	278.17999
4972	278.14001
4973	278.07999
4974	278.01001
4975	277.95001
4976	278.04999
4977	278.07999
4978	278.12
4979	278.07999
4980	278.07999
4981	278.04999
4982	278.03
4983	278.01001
4984	277.98999
4985	278.10001
4986	278.10001
4987	278.17999
4988	278.17999
4989	278.23999
4990	278.28
4991	278.26001
4992	278.28
4993	278.37
4994	278.45001
4995	278.45001
4996	278.23999
4997	278.22
4998	278.14001
4999	278.16
5000	278.07999
5001	278.04999
5002	278.04999
5003	278.14001
5004	278.12
5005	278.10001
5006	278.07999
5007	278.17999
5008	278.12
5009	278.12
5010	277.82001
5011	277.62
5012	277.47
5013	277.20001
5014	277.03
5015	276.97
5016	276.92001
5017	276.67001
5018	276.59
5019	276.45999
5020	276.32001
5021	276.32001
5022	276.28
5023	276.19
5024	276.10999
5025	275.82001
5026	275.29001
5027	274.10001
5028	273.47
5029	272.20001
5030	271.60999
5031	270.54999
5032	269.5
5033	268.69
5034	268.69
5035	267.92999
5036	267.60001
5037	267.47
5038	267.47
5039	267.64001
5040	268.20001
5041	268.20001
5042	270.19
5043	271.53
5044	272.28
5045	273.23999
5046	273.5
5047	273.26999
5048	273.07999
5049	272.70001
5050	272.62
5051	272.57999
5052	272.37
5053	272.16
5054	272.04999
5055	272.03
5056	271.91
5057	271.92999
5058	271.79999
5059	271.97
5060	271.88
5061	271.73999
5062	271.70001
5063	271.76001
5064	271.88
5065	272.17999
5066	272.17999
5067	272.29999
5068	272.23999
5069	272.22
5070	272.29999
5071	272.20001
5072	272.07001
5073	272.07001
5074	271.91
5075	271.64999
5076	271.63
5077	271.38
5078	271.19
5079	270.89999
5080	270.89999
5081	270.67001
5082	270.76001
5083	270.73001
5084	270.76001
5085	270.79999
5086	270.78
5087	270.82001
5088	270.88
5089	270.94
5090	270.85999
5091	270.88
5092	270.78
5093	270.79999
5094	270.79999
5095	270.82001
5096	270.78
5097	270.69
5098	270.57001
5099	270.48001
5100	270.32001
5101	270.26999
5102	270.19
5103	270.29999
5104	270.39999
5105	270.39999
5106	270.5
5107	270.5
5108	270.67001
5109	270.76001
5110	270.85999
5111	270.82001
5112	270.82001
5113	270.78
5114	270.67001
5115	270.73001
5116	270.78
5117	270.64999
5118	270.63
5119	270.53
5120	270.35999
5121	270.38
5122	270.59
5123	270.70999
5124	270.73001
5125	270.69
5126	270.63
5127	270.60999
5128	270.59
5129	270.60999
5130	270.57001
5131	270.63
5132	270.79999
5133	270.79999
5134	270.95999
5135	271.04999
5136	271.03
5137	271.10999
5138	271.13
5139	271.09
5140	271.03
5141	270.85999
5142	270.78
5143	270.69
5144	270.69
5145	270.78
5146	270.88
5147	270.95999
5148	271.01001
5149	271.17001
5150	271.28
5151	271.28
5152	271.26001
5153	271.14999
5154	271.14999
5155	271.17001
5156	271.09
5157	271.13
5158	271.14999
5159	271.10999
5160	271.07001
5161	271.01001
5162	270.95999
5163	271.04999
5164	271.10999
5165	271.07001
5166	271.10999
5167	271.03
5168	270.98999
5169	270.95999
5170	270.89999
5171	270.92001
5172	270.85999
5173	270.95999
5174	270.95999
5175	270.88
5176	270.88
5177	270.92001
5178	270.98999
5179	271.13
5180	270.95999
5181	271.01001
5182	271.03
5183	271.03
5184	271.10999
5185	271.04999
5186	271.01001
5187	270.92001
5188	270.73001
5189	270.76001
5190	270.78
5191	270.69
5192	270.78
5193	270.70999
5194	270.78
5195	270.76001
5196	270.73001
5197	270.79999
5198	270.73001
5199	270.73001
5200	270.88
5201	270.89999
5202	270.85999
5203	271.04999
5204	271.03
5205	271.07001
5206	271.07001
5207	271.04999
5208	270.95999
5209	271.01001
5210	270.88
5211	270.89999
5212	270.89999
5213	270.89999
5214	270.95999
5215	270.95999
5216	271.01001
5217	271.03
5218	270.98999
5219	270.89999
5220	270.88
5221	270.82001
5222	270.82001
5223	270.67001
5224	270.73001
5225	270.79999
5226	270.69
5227	270.53
5228	270.5
5229	270.54999
5230	270.76001
5231	270.84
5232	270.94
5233	270.89999
5234	270.92001
5235	270.98999
5236	271.01001
5237	271.03
5238	271.07001
5239	271.10999
5240	271.07001
5241	271.07001
5242	271.10999
5243	271.07001
5244	271.03
5245	271.04999
5246	271.04999
5247	271.04999
5248	271.01001
5249	270.89999
5250	270.89999
5251	270.89999
5252	270.92001
5253	270.85999
5254	270.85999
5255	270.94
5256	270.88
5257	270.88
5258	270.92001
5259	270.89999
5260	270.85999
5261	270.85999
5262	270.84
5263	270.92001
5264	270.94
5265	271.03
5266	271.04999
5267	271.01001
5268	271.03
5269	270.89999
5270	270.89999
5271	271.03
5272	271.04999
5273	271.09
5274	271.07001
5275	271.01001
5276	270.95999
5277	270.89999
5278	270.76001
5279	270.76001
5280	270.73001
5281	270.64999
5282	270.69
5283	270.64999
5284	270.73001
5285	270.78
5286	270.78
5287	270.78
5288	270.78
5289	270.84
5290	270.89999
5291	270.98999
5292	271.01001
5293	271.01001
5294	271.07001
5295	271.13
5296	271.19
5297	271.09
5298	270.98999
5299	270.98999
5300	270.98999
5301	270.84
5302	270.79999
5303	270.73001
5304	270.73001
5305	270.67001
5306	270.67001
5307	270.69
5308	270.78
5309	270.88
5310	271.13
5311	271.38
5312	271.54999
5313	271.72
5314	271.78
5315	271.98999
5316	272.23999
5317	272.34
5318	272.34
5319	272.54999
5320	272.62
5321	272.70001
5322	272.92999
5323	273.14001
5324	273.39001
5325	273.39001
5326	273.56
5327	273.70001
5328	273.76999
5329	273.91
5330	274.06
5331	274.16
5332	274.16
5333	274.16
5334	274.07999
5335	274.04001
5336	273.81
5337	273.82999
5338	273.85001
5339	273.82999
5340	273.89001
5341	273.91
5342	273.91
5343	273.92999
5344	273.98001
5345	274
5346	274.10001
5347	274.20999
5348	274.32999
5349	274.45999
5350	274.42001
5351	274.37
5352	274.45999
5353	274.5
5354	274.56
5355	274.5
5356	274.54001
5357	274.54001
5358	274.57999
5359	274.5
5360	274.39001
5361	274.35001
5362	274.19
5363	274.12
5364	274.12
5365	274.10001
5366	274.07999
5367	274.14001
5368	274.32999
5369	274.39001
5370	274.32999
5371	274.39001
5372	274.25
5373	274.29001
5374	274.26999
5375	274.31
5376	274.31
5377	274.45999
5378	274.57999
5379	274.67001
5380	274.73001
5381	274.69
5382	274.45999
5383	274.42001
5384	274.20999
5385	274.12
5386	273.85001
5387	273.82999
5388	273.82999
5389	273.89001
5390	273.92999
5391	274.07999
5392	274.20999
5393	274.29001
5394	274.25
5395	274.26999
5396	274.26999
5397	274.23001
5398	274.26999
5399	274.25
5400	274.45999
5401	274.57999
5402	274.54001
5403	274.54001
5404	274.56
5405	274.44
5406	274.45999
5407	274.35001
5408	274.16
5409	274.19
5410	274.19
5411	274.14001
5412	274.06
5413	274.07999
5414	274.31
5415	274.39001
5416	274.37
5417	274.37
5418	274.48001
5419	274.42001
5420	274.32999
5421	274.29001
5422	274.32999
5423	274.31
5424	274.31
5425	274.12
5426	274.04001
5427	274.07999
5428	274.07999
5429	274.07999
5430	274.19
5431	274.25
5432	274.42001
5433	274.35001
5434	274.20999
5435	274.20999
5436	274.01999
5437	273.89001
5438	273.89001
5439	273.87
5440	273.87
5441	273.89001
5442	273.89001
5443	274.12
5444	274.12
5445	274.16
5446	274.12
5447	274.12
5448	274.12
5449	274.16
5450	274.20999
5451	274.23001
5452	274.44
5453	274.57999
5454	274.60001
5455	274.70999
5456	274.62
5457	274.70999
5458	274.75
5459	274.69
5460	274.5
5461	274.48001
5462	274.51999
5463	274.44
5464	274.51999
5465	274.51999
5466	274.54001
5467	274.54001
5468	274.88
5469	274.81
5470	274.82999
5471	274.81
5472	274.95999
5473	274.89999
5474	274.89999
5475	274.88
5476	274.81
5477	274.76999
5478	274.73001
5479	274.76999
5480	274.62
5481	274.73001
5482	274.42001
5483	274.31
5484	274.12
5485	273.98001
5486	273.79001
5487	273.75
5488	273.70001
5489	273.56
5490	273.57999
5491	273.51999
5492	273.39001
5493	273.29001
5494	273.26999
5495	273.22
5496	273.16
5497	273.07999
5498	273.01001
5499	273.01001
5500	272.57999
5501	272.01001
5502	271.70001
5503	270.79999
5504	269.76999
5505	268.69
5506	268.69
5507	267.16
5508	266.26001
5509	265.95001
5510	265.29999
5511	265.04999
5512	265.04999
5513	265.04999
5514	265.26001
5515	265.48999
5516	265.63
5517	265.89999
5518	266.14999
5519	266.34
5520	266.48999
5521	266.89001
5522	267.03
5523	267.17999
5524	267.45001
5525	267.56
5526	267.67999
5527	267.73999
5528	268.20001
5529	268.32999
5530	268.64001
5531	268.82999
5532	268.95999
5533	269.04001
5534	269.06
5535	269.17001
5536	269.32999
5537	269.54001
5538	269.54001
5539	269.64999
5540	269.73001
5541	269.75
5542	269.75
5543	269.76999
5544	269.84
5545	269.84
5546	269.98001
5547	269.95999
5548	269.98001
5549	269.98001
5550	270.23001
5551	270.29999
5552	270.26999
5553	270.35999
5554	270.34
5555	270.29999
5556	270.29999
5557	270.29999
5558	270.34
5559	270.35999
5560	270.35999
5561	270.42001
5562	270.5
5563	270.57001
5564	270.59
5565	270.54999
5566	270.53
5567	270.38
5568	270.34
5569	270.29999
5570	270.29999
5571	270.42001
5572	270.5
5573	270.5
5574	270.57001
5575	270.5
5576	270.5
5577	270.5
5578	270.39999
5579	270.48001
5580	270.42001
5581	270.48001
5582	270.59
5583	270.67001
5584	270.67001
5585	270.85999
5586	270.92001
5587	270.94
5588	270.88
5589	270.79999
5590	270.76001
5591	270.70999
5592	270.69
5593	270.78
5594	270.76001
5595	270.70999
5596	270.70999
5597	270.59
5598	270.45999
5599	270.42001
5600	270.5
5601	270.53
5602	270.53
5603	270.45999
5604	270.54999
5605	270.59
5606	270.69
5607	270.78
5608	270.73001
5609	270.73001
5610	270.82001
5611	270.85999
5612	270.94
5613	270.92001
5614	270.85999
5615	271.01001
5616	271.01001
5617	270.84
5618	270.88
5619	270.84
5620	270.89999
5621	270.84
5622	270.82001
5623	270.78
5624	270.67001
5625	270.53
5626	270.53
5627	270.44
5628	270.45999
5629	270.45999
5630	270.38
5631	270.38
5632	270.38
5633	270.45999
5634	270.60999
5635	270.60999
5636	270.57001
5637	270.63
5638	270.5
5639	270.63
5640	270.69
5641	270.84
5642	270.79999
5643	270.78
5644	270.79999
5645	270.78
5646	270.82001
5647	270.85999
5648	270.85999
5649	270.85999
5650	270.89999
5651	270.94
5652	271.03
5653	270.92001
5654	270.88
5655	270.88
5656	270.84
5657	270.76001
5658	270.79999
5659	270.63
5660	270.54999
5661	270.64999
5662	270.63
5663	270.84
5664	270.82001
5665	270.79999
5666	270.82001
5667	270.82001
5668	270.73001
5669	270.78
5670	270.67001
5671	270.73001
5672	270.70999
5673	270.84
5674	270.82001
5675	270.79999
5676	270.92001
5677	270.84
5678	270.85999
5679	270.92001
5680	270.92001
5681	270.95999
5682	271.01001
5683	271.03
5684	270.98999
5685	270.92001
5686	270.79999
5687	270.79999
5688	270.78
5689	270.82001
5690	270.84
5691	270.89999
5692	270.95999
5693	271.03
5694	271.03
5695	271.13
5696	271.13
5697	271.13
5698	271.19
5699	271.19
5700	271.23999
5701	271.29999
5702	271.10999
5703	271.03
5704	270.94
5705	271.01001
5706	270.94
5707	270.88
5708	270.89999
5709	270.84
5710	270.70999
5711	270.82001
5712	270.89999
5713	270.95999
5714	270.94
5715	270.95999
5716	270.92001
5717	270.94
5718	271.01001
5719	271.01001
5720	270.98999
5721	270.92001
5722	270.84
5723	270.78
5724	270.82001
5725	270.89999
5726	270.89999
5727	271.01001
5728	271.01001
5729	271.04999
5730	271.10999
5731	271.04999
5732	271.09
5733	271.07001
5734	271.07001
5735	271.13
5736	271.10999
5737	270.98999
5738	270.94
5739	271.04999
5740	271.07001
5741	271.19
5742	271.17001
5743	271.10999
5744	271.19
5745	271.19
5746	271.19
5747	271.28
5748	271.22
5749	271.19
5750	271.23999
5751	271.23999
5752	271.22
5753	271.17001
5754	271.13
5755	271.10999
5756	271.01001
5757	270.95999
5758	270.95999
5759	270.89999
5760	270.88
5761	270.92001
5762	270.84
5763	270.85999
5764	270.92001
5765	270.92001
5766	270.94
5767	271.07001
5768	271.09
5769	271.17001
5770	271.17001
5771	271.17001
5772	271.09
5773	271.13
5774	271.10999
5775	271.10999
5776	271.03
5777	270.94
5778	270.85999
5779	270.88
5780	271.13
5781	271.10999
5782	271.34
5783	271.47
5784	271.51001
5785	271.67999
5786	271.76001
5787	271.95001
5788	272.09
5789	272.14001
5790	272.14001
5791	272.45001
5792	272.78
5793	272.87
5794	273.10001
5795	273.23999
5796	273.32999
5797	273.32999
5798	273.56
5799	273.62
5800	273.56
5801	273.60001
5802	273.5
5803	273.5
5804	273.51999
5805	273.62
5806	273.64001
5807	273.66
5808	273.67999
5809	273.70001
5810	273.70001
5811	273.75
5812	274.10001
5813	274.14001
5814	274.06
5815	274.12
5816	274.12
5817	273.98001
5818	273.98001
5819	273.95999
5820	273.92999
5821	273.92999
5822	273.92999
5823	274.12
5824	274.16
5825	274.12
5826	274.10001
5827	273.95999
5828	273.79001
5829	273.79001
5830	273.89001
5831	273.91
5832	273.92999
5833	273.95999
5834	274
5835	274.06
5836	274.06
5837	274.12
5838	274.16
5839	274.06
5840	274.07999
5841	274.10001
5842	274.20999
5843	274.20999
5844	274.19
5845	274.29001
5846	274.37
5847	274.32999
5848	274.31
5849	274.31
5850	274.42001
5851	274.19
5852	274.25
5853	274.20999
5854	274.32999
5855	274.5
5856	274.73001
5857	274.70999
5858	274.56
5859	274.5
5860	274.39001
5861	274.39001
5862	274.45999
5863	274.42001
5864	274.35001
5865	274.35001
5866	274.37
5867	274.42001
5868	274.42001
5869	274.19
5870	274.10001
5871	274.07999
5872	274.06
5873	274.04001
5874	274
5875	274.01999
5876	274.19
5877	274.23001
5878	274.20999
5879	274.26999
5880	274.42001
5881	274.45999
5882	274.45999
5883	274.73001
5884	274.88
5885	274.89999
5886	274.76999
5887	274.81
5888	274.73001
5889	274.75
5890	274.51999
5891	274.37
5892	274.12
5893	274.04001
5894	274.01999
5895	274.04001
5896	274
5897	274.06
5898	274
5899	273.89001
5900	273.89001
5901	273.82999
5902	273.95999
5903	274.10001
5904	274.23001
5905	274.39001
5906	274.45999
5907	274.45999
5908	274.37
5909	274.35001
5910	274.35001
5911	274.32999
5912	274.39001
5913	274.42001
5914	274.32999
5915	274.07999
5916	274
5917	274.10001
5918	274.23001
5919	274.35001
5920	274.39001
5921	274.45999
5922	274.29001
5923	274.32999
5924	274.44
5925	274.56
5926	274.54001
5927	274.39001
5928	274.26999
5929	273.92999
5930	273.91
5931	273.91
5932	273.91
5933	274.04001
5934	274.20999
5935	274.20999
5936	274.37
5937	274.62
5938	274.76999
5939	274.76999
5940	274.69
5941	274.64999
5942	274.57999
5943	274.56
5944	274.54001
5945	274.5
5946	274.51999
5947	274.39001
5948	274.32999
5949	274.29001
5950	274.19
5951	274.20999
5952	274.19
5953	274.29001
5954	274.57999
5955	274.54001
5956	274.45999
5957	274.32999
5958	274.26999
5959	274.10001
5960	274.06
5961	273.91
5962	273.82999
5963	273.75
5964	273.56
5965	273.37
5966	273.37
5967	273.41
5968	273.32999
5969	273.29001
5970	273.12
5971	273.12
5972	273.14001
5973	272.92999
5974	272.67999
5975	272.09
5976	271.28
5977	270.42001
5978	270.42001
5979	268.94
5980	267.97
5981	267.48999
5982	266.66
5983	266.01001
5984	265.73999
5985	265.63
5986	265.34
5987	265.35999
5988	265.45999
5989	265.63
5990	265.82001
5991	265.98999
5992	266.13
5993	266.67999
5994	266.82001
5995	267.10001
5996	267.47
5997	267.67999
5998	268.10001
5999	268.29001
6000	268.48001
6001	268.69
6002	268.81
6003	268.81
6004	269.12
6005	269.31
6006	269.48001
6007	269.60999
6008	269.73001
6009	269.89999
6010	269.89999
6011	270.04001
6012	270.04001
6013	270.09
6014	270.17001
6015	270.19
6016	270.19
6017	270.19
6018	270.34
6019	270.34
6020	270.38
6021	270.44
6022	270.54999
6023	270.57001
6024	270.54999
6025	270.57001
6026	270.60999
6027	270.64999
6028	270.63
6029	270.64999
6030	270.69
6031	270.67001
6032	270.69
6033	270.63
6034	270.67001
6035	270.70999
6036	270.73001
6037	270.78
6038	270.78
6039	270.79999
6040	270.73001
6041	270.67001
6042	270.67001
6043	270.69
6044	270.63
6045	270.57001
6046	270.64999
6047	270.60999
6048	270.5
6049	270.5
6050	270.57001
6051	270.64999
6052	270.70999
6053	270.79999
6054	270.73001
6055	270.64999
6056	270.73001
6057	270.76001
6058	270.82001
6059	270.79999
6060	270.95999
6061	270.89999
6062	270.94
6063	270.95999
6064	270.92001
6065	270.98999
6066	270.94
6067	271.03
6068	271.07001
6069	270.95999
6070	270.98999
6071	271.01001
6072	271.04999
6073	270.98999
6074	270.98999
6075	270.98999
6076	271.01001
6077	271.09
6078	271.19
6079	271.38
6080	271.53
6081	271.53
6082	271.82001
6083	271.88
6084	272.01001
6085	272.10999
6086	272.14001
6087	272.17999
6088	272.17999
6089	272.29999
6090	272.32001
6091	272.34
6092	272.42999
6093	272.41
6094	272.39001
6095	272.42999
6096	272.47
6097	272.51001
6098	272.45001
6099	272.41
6100	272.42999
6101	272.41
6102	272.37
6103	272.45001
6104	272.53
6105	272.48999
6106	272.62
6107	272.54999
6108	272.53
6109	272.62
6110	272.62
6111	272.57999
6112	272.57999
6113	272.57999
6114	272.51001
6115	272.48999
6116	272.48999
6117	272.45001
6118	272.39001
6119	272.37
6120	272.37
6121	272.26001
6122	272.32001
6123	272.28
6124	272.39001
6125	272.41
6126	272.37
6127	272.32001
6128	272.20001
6129	272.26001
6130	272.22
6131	272.23999
6132	272.26001
6133	272.28
6134	272.23999
6135	272.23999
6136	272.23999
6137	272.20001
6138	272.23999
6139	272.26001
6140	272.26001
6141	272.28
6142	272.32001
6143	272.23999
6144	272.28
6145	272.28
6146	272.23999
6147	272.23999
6148	272.29999
6149	272.26001
6150	272.32001
6151	272.29999
6152	272.29999
6153	272.34
6154	272.41
6155	272.39001
6156	272.34
6157	272.32001
6158	272.37
6159	272.37
6160	272.47
6161	272.48999
6162	272.48999
6163	272.45001
6164	272.45001
6165	272.48999
6166	272.37
6167	272.51001
6168	272.48999
6169	272.48999
6170	272.47
6171	272.39001
6172	272.37
6173	272.39001
6174	272.45001
6175	272.32001
6176	272.39001
6177	272.41
6178	272.41
6179	272.51001
6180	272.53
6181	272.48999
6182	272.53
6183	272.53
6184	272.53
6185	272.48999
6186	272.45001
6187	272.48999
6188	272.48999
6189	272.39001
6190	272.41
6191	272.41
6192	272.39001
6193	272.47
6194	272.39001
6195	272.39001
6196	272.28
6197	272.29999
6198	272.29999
6199	272.34
6200	272.37
6201	272.42999
6202	272.26001
6203	272.23999
6204	272.28
6205	272.29999
6206	272.45001
6207	272.53
6208	272.51001
6209	272.57999
6210	272.57999
6211	272.62
6212	272.57999
6213	272.64001
6214	272.57999
6215	272.54999
6216	272.54999
6217	272.51001
6218	272.42999
6219	272.42999
6220	272.42999
6221	272.37
6222	272.34
6223	272.34
6224	272.34
6225	272.29999
6226	272.32001
6227	272.32001
6228	272.28
6229	272.45001
6230	272.45001
6231	272.39001
6232	272.42999
6233	272.42999
6234	272.47
6235	272.39001
6236	272.42999
6237	272.37
6238	272.39001
6239	272.34
6240	272.28
6241	272.29999
6242	272.20001
6243	272.23999
6244	272.22
6245	272.20001
6246	272.26001
6247	272.29999
6248	272.32001
6249	272.26001
6250	272.37
6251	272.26001
6252	272.26001
6253	272.26001
6254	272.37
6255	272.37
6256	272.39001
6257	272.54999
6258	272.62
6259	272.81
6260	273.06
6261	273.16
6262	273.16
6263	273.14001
6264	273.32999
6265	273.37
6266	273.45001
6267	273.51999
6268	273.73001
6269	273.73001
6270	274.12
6271	274.39001
6272	274.48001
6273	274.57999
6274	274.69
6275	274.81
6276	274.76999
6277	274.79001
6278	274.75
6279	274.76999
6280	274.81
6281	274.79001
6282	274.95999
6283	275.04001
6284	275.10999
6285	275
6286	275.01999
6287	275.04001
6288	275.01999
6289	274.92001
6290	274.89999
6291	274.82999
6292	274.85001
6293	274.79001
6294	274.79001
6295	274.62
6296	274.70999
6297	274.64999
6298	274.89999
6299	275
6300	275
6301	275
6302	274.94
6303	274.89999
6304	274.85001
6305	274.92001
6306	274.95999
6307	274.92001
6308	275
6309	274.95999
6310	275.20999
6311	275.23001
6312	275.20999
6313	275.29001
6314	275.34
6315	275.34
6316	275.34
6317	275.34
6318	275.20999
6319	275.14999
6320	275.13
6321	275.10999
6322	275.14999
6323	275.04001
6324	274.95999
6325	274.92001
6326	274.92001
6327	274.98001
6328	274.92001
6329	274.94
6330	274.88
6331	274.88
6332	275.06
6333	275.06
6334	275.13
6335	275.10999
6336	275.04001
6337	275.19
6338	275.17001
6339	275.23001
6340	275.23001
6341	275.17001
6342	275.14999
6343	275.13
6344	275.04001
6345	275.07999
6346	275.07999
6347	275.07999
6348	275.13
6349	275.13
6350	275.17001
6351	275.13
6352	275.14999
6353	275.13
6354	275.06
6355	275.20999
6356	275.34
6357	275.38
6358	275.45999
6359	275.51999
6360	275.48001
6361	275.44
6362	275.35999
6363	275.42001
6364	275.34
6365	275.34
6366	275.31
6367	275.31
6368	275.29001
6369	275.29001
6370	275.20999
6371	275.25
6372	275.25
6373	275.25
6374	275.13
6375	275.10999
6376	275.13
6377	275.23001
6378	275.25
6379	275.25
6380	275.26999
6381	275.19
6382	275.20999
6383	275.06
6384	275.06
6385	274.98001
6386	275.10999
6387	275.23001
6388	275.29001
6389	275.34
6390	275.23001
6391	275.10999
6392	275.01999
6393	275.01999
6394	275.04001
6395	275.04001
6396	275.13
6397	275.13
6398	274.95999
6399	274.94
6400	274.98001
6401	274.95999
6402	275.04001
6403	275.25
6404	275.25
6405	275.34
6406	275.26999
6407	275.29001
6408	275.26999
6409	275.34
6410	275.39999
6411	275.39999
6412	275.35999
6413	275.29001
6414	275.26999
6415	275.23001
6416	275.14999
6417	275.06
6418	275.04001
6419	275.13
6420	275.13
6421	275.06
6422	275.01999
6423	275.06
6424	275.10999
6425	275.07999
6426	275.34
6427	275.38
6428	275.38
6429	275.10999
6430	274.88
6431	274.79001
6432	274.76999
6433	274.70999
6434	274.60001
6435	274.54001
6436	274.54001
6437	274.56
6438	274.54001
6439	274.57999
6440	274.54001
6441	274.5
6442	274.51999
6443	274.51999
6444	274.44
6445	274.5
6446	274.32999
6447	273.95999
6448	273.37
6449	272.92999
6450	272.47
6451	270.70999
6452	269.48001
6453	268.87
6454	267.79001
6455	266.98999
6456	266.60999
6457	266.47
6458	266.10999
6459	266.13
6460	266.20001
6461	266.41
6462	266.57001
6463	266.89001
6464	267.01001
6465	267.29999
6466	267.56
6467	267.95001
6468	268.23001
6469	268.35001
6470	268.73001
6471	268.89001
6472	269.35001
6473	269.54001
6474	269.79001
6475	269.79001
6476	270.07001
6477	270.26999
6478	270.35999
6479	270.5
6480	270.67001
6481	270.76001
6482	270.76001
6483	270.79999
6484	270.92001
6485	270.94
6486	270.98999
6487	271.04999
6488	271.13
6489	271.19
6490	271.28
6491	271.34
6492	271.42001
6493	271.48999
6494	271.53
6495	271.54999
6496	271.57001
6497	271.70001
6498	271.63
6499	271.72
6500	271.79999
6501	271.76001
6502	271.73999
6503	271.78
6504	271.76001
6505	271.72
6506	271.76001
6507	271.76001
6508	271.76001
6509	271.79999
6510	271.79999
6511	271.82001
6512	271.92999
6513	272.04999
6514	272.04999
6515	272.07001
6516	272.03
6517	271.92999
6518	271.88
6519	271.88
6520	271.98999
6521	271.98999
6522	272.01001
6523	272.07001
6524	272.04999
6525	271.98999
6526	272.10999
6527	272.10999
6528	272.09
6529	272.16
6530	272.17999
6531	272.17999
6532	272.10999
6533	272.10999
6534	272.09
6535	272.07001
6536	272.07001
6537	271.91
6538	271.97
6539	271.98999
6540	271.95001
6541	272.03
6542	272.01001
6543	272.03
6544	272.04999
6545	272.04999
6546	272.04999
6547	272.04999
6548	272.09
6549	272.14001
6550	272.16
6551	272.17999
6552	272.17999
6553	272.17999
6554	272.14001
6555	272.23999
6556	272.14001
6557	272.32001
6558	272.29999
6559	272.22
6560	272.23999
6561	272.29999
6562	272.23999
6563	272.34
6564	272.26001
6565	272.37
6566	272.39001
6567	272.39001
6568	272.23999
6569	272.28
6570	272.26001
6571	272.26001
6572	272.26001
6573	272.22
6574	272.32001
6575	272.29999
6576	272.32001
6577	272.29999
6578	272.29999
6579	272.26001
6580	272.32001
6581	272.32001
6582	272.34
6583	272.37
6584	272.34
6585	272.34
6586	272.34
6587	272.39001
6588	272.39001
6589	272.41
6590	272.48999
6591	272.53
6592	272.53
6593	272.45001
6594	272.51001
6595	272.47
6596	272.39001
6597	272.32001
6598	272.32001
6599	272.41
6600	272.39001
6601	272.37
6602	272.48999
6603	272.51001
6604	272.54999
6605	272.51001
6606	272.45001
6607	272.26001
6608	272.26001
6609	272.20001
6610	272.20001
6611	272.23999
6612	272.20001
6613	272.22
6614	272.20001
6615	272.26001
6616	272.28
6617	272.28
6618	272.37
6619	272.41
6620	272.42999
6621	272.32001
6622	272.39001
6623	272.37
6624	272.37
6625	272.34
6626	272.41
6627	272.45001
6628	272.45001
6629	272.51001
6630	272.53
6631	272.54999
6632	272.45001
6633	272.39001
6634	272.39001
6635	272.42999
6636	272.48999
6637	272.51001
6638	272.47
6639	272.39001
6640	272.47
6641	272.45001
6642	272.39001
6643	272.39001
6644	272.42999
6645	272.41
6646	272.39001
6647	272.39001
6648	272.39001
6649	272.39001
6650	272.28
6651	272.26001
6652	272.26001
6653	272.37
6654	272.41
6655	272.41
6656	272.41
6657	272.47
6658	272.42999
6659	272.47
6660	272.45001
6661	272.48999
6662	272.42999
6663	272.42999
6664	272.39001
6665	272.41
6666	272.34
6667	272.41
6668	272.41
6669	272.39001
6670	272.37
6671	272.48999
6672	272.39001
6673	272.42999
6674	272.39001
6675	272.48999
6676	272.48999
6677	272.48999
6678	272.51001
6679	272.51001
6680	272.47
6681	272.39001
6682	272.47
6683	272.42999
6684	272.39001
6685	272.37
6686	272.51001
6687	272.47
6688	272.47
6689	272.41
6690	272.34
6691	272.42999
6692	272.48999
6693	272.45001
6694	272.47
6695	272.47
6696	272.29999
6697	272.34
6698	272.41
6699	272.45001
6700	272.41
6701	272.41
6702	272.48999
6703	272.53
6704	272.51001
6705	272.47
6706	272.42999
6707	272.41
6708	272.41
6709	272.41
6710	272.37
6711	272.41
6712	272.42999
6713	272.41
6714	272.39001
6715	272.34
6716	272.37
6717	272.37
6718	272.39001
6719	272.37
6720	272.39001
6721	272.39001
6722	272.41
6723	272.34
6724	272.37
6725	272.29999
6726	272.28
6727	272.28
6728	272.34
6729	272.45001
6730	272.42999
6731	272.60001
6732	272.67999
6733	272.78
6734	272.78
6735	272.91
6736	272.89001
6737	272.91
6738	273.14001
6739	273.16
6740	273.26999
6741	273.29001
6742	273.41
6743	273.47
6744	273.66
6745	273.75
6746	273.91
6747	274
6748	274.10001
6749	274.32999
6750	274.37
6751	274.39001
6752	274.42001
6753	274.39001
6754	274.51999
6755	274.56
6756	274.56
6757	274.54001
6758	274.60001
6759	274.60001
6760	274.67001
6761	274.70999
6762	274.69
6763	274.73001
6764	274.76999
6765	274.81
6766	274.81
6767	274.82999
6768	274.92001
6769	274.92001
6770	274.89999
6771	274.89999
6772	274.85001
6773	274.85001
6774	274.70999
6775	274.81
6776	274.81
6777	274.89999
6778	274.98001
6779	274.98001
6780	274.94
6781	274.98001
6782	275
6783	274.98001
6784	274.95999
6785	274.89999
6786	275.01999
6787	274.98001
6788	275
6789	275.04001
6790	275.14999
6791	275.25
6792	275.19
6793	275.34
6794	275.23001
6795	275.26999
6796	275.23001
6797	275.34
6798	275.34
6799	275.34
6800	275.29001
6801	275.20999
6802	275.17001
6803	275.07999
6804	274.98001
6805	274.98001
6806	274.95999
6807	274.88
6808	274.89999
6809	274.89999
6810	274.88
6811	274.94
6812	274.82999
6813	274.81
6814	274.85001
6815	274.92001
6816	275.04001
6817	275.26999
6818	275.19
6819	275.19
6820	275.19
6821	275.17001
6822	275.10999
6823	274.95999
6824	275.01999
6825	275
6826	275.01999
6827	275.04001
6828	274.95999
6829	274.98001
6830	274.98001
6831	275.07999
6832	275.04001
6833	275.01999
6834	275.04001
6835	275.06
6836	275
6837	275
6838	274.94
6839	275.01999
6840	274.95999
6841	275.07999
6842	275.07999
6843	275.14999
6844	275.14999
6845	275.14999
6846	275.04001
6847	275
6848	275.06
6849	275
6850	275.06
6851	275.07999
6852	274.94
6853	274.94
6854	274.94
6855	274.92001
6856	274.94
6857	275.01999
6858	274.98001
6859	274.94
6860	274.94
6861	274.94
6862	274.82999
6863	274.85001
6864	274.81
6865	274.79001
6866	274.85001
6867	274.81
6868	274.88
6869	274.88
6870	274.81
6871	274.76999
6872	274.73001
6873	274.70999
6874	274.57999
6875	274.56
6876	274.56
6877	274.62
6878	274.62
6879	274.75
6880	274.88
6881	275.10999
6882	275.07999
6883	275.06
6884	275.06
6885	274.95999
6886	274.88
6887	274.76999
6888	274.70999
6889	274.81
6890	274.79001
6891	274.95999
6892	274.98001
6893	275.04001
6894	274.98001
6895	274.95999
6896	274.81
6897	274.76999
6898	274.81
6899	274.94
6900	274.88
6901	274.88
6902	274.69
6903	274.51999
6904	274.45999
6905	274.48001
6906	274.5
6907	274.45999
6908	274.45999
6909	274.39001
6910	274.32999
6911	274.37
6912	274.29001
6913	274.23001
6914	274.26999
6915	274.26999
6916	274.37
6917	274.39001
6918	274.35001
6919	274.29001
6920	274.10001
6921	273.79001
6922	273.5
6923	271.78
6924	271.14999
6925	269.85999
6926	268.69
6927	268.12
6928	267.20001
6929	266.79999
6930	266.10999
6931	265.89999
6932	265.79999
6933	265.85999
6934	265.85999
6935	265.85999
6936	265.95001
6937	266.04999
6938	266.23999
6939	266.64001
6940	266.95001
6941	266.95001
6942	267.57999
6943	267.89001
6944	268.07999
6945	268.41
6946	268.73001
6947	269.06
6948	269.06
6949	269.44
6950	269.73001
6951	269.81
6952	270
6953	270.17001
6954	270.26999
6955	270.38
6956	270.60999
6957	270.69
6958	270.76001
6959	270.82001
6960	270.88
6961	270.89999
6962	270.98999
6963	271.07001
6964	271.17001
6965	271.23999
6966	271.34
6967	271.42001
6968	271.42001
6969	271.54999
6970	271.54999
6971	271.60999
6972	271.76001
6973	271.79999
6974	271.79999
6975	271.82001
6976	271.85999
6977	271.95001
6978	271.91
6979	271.88
6980	271.88
6981	271.82001
6982	271.84
6983	271.85999
6984	271.88
6985	271.92999
6986	271.91
6987	271.91
6988	271.91
6989	271.84
6990	271.85999
6991	271.78
6992	271.91
6993	271.85999
6994	271.91
6995	271.85999
6996	271.88
6997	271.85999
6998	271.95001
6999	271.97
7000	272.04999
7001	272.03
7002	272.07001
7003	272.09
7004	272.10999
7005	272.10999
7006	272.10999
7007	272.16
7008	272.17999
7009	272.23999
7010	272.16
7011	272.14001
7012	272.14001
7013	272.09
7014	272.10999
7015	272.09
7016	272.16
7017	272.23999
7018	272.22
7019	272.22
7020	272.17999
7021	272.26001
7022	272.26001
7023	272.29999
7024	272.28
7025	272.28
7026	272.28
7027	272.37
7028	272.34
7029	272.32001
7030	272.32001
7031	272.34
7032	272.28
7033	272.26001
7034	272.28
7035	272.23999
7036	272.23999
7037	272.16
7038	272.10999
7039	272.09
7040	272.07001
7041	272.10999
7042	272.07001
7043	272.14001
7044	272.17999
7045	272.20001
7046	272.17999
7047	272.26001
7048	272.32001
7049	272.32001
7050	272.29999
7051	272.29999
7052	272.29999
7053	272.23999
7054	272.20001
7055	272.17999
7056	272.20001
7057	272.17999
7058	272.17999
7059	272.20001
7060	272.20001
7061	272.20001
7062	272.22
7063	272.22
7064	272.23999
7065	272.29999
7066	272.22
7067	272.10999
7068	272.26001
7069	272.37
7070	272.26001
7071	272.32001
7072	272.29999
7073	272.29999
7074	272.32001
7075	272.32001
7076	272.41
7077	272.32001
7078	272.34
7079	272.32001
7080	272.28
7081	272.28
7082	272.37
7083	272.37
7084	272.20001
7085	272.26001
7086	272.23999
7087	272.22
7088	272.20001
7089	272.20001
7090	272.20001
7091	272.16
7092	272.17999
7093	272.26001
7094	272.32001
7095	272.41
7096	272.41
7097	272.41
7098	272.32001
7099	272.37
7100	272.39001
7101	272.39001
7102	272.32001
7103	272.29999
7104	272.32001
7105	272.20001
7106	272.28
7107	272.28
7108	272.39001
7109	272.37
7110	272.39001
7111	272.39001
7112	272.39001
7113	272.41
7114	272.37
7115	272.32001
7116	272.26001
7117	272.23999
7118	272.28
7119	272.32001
7120	272.34
7121	272.29999
7122	272.29999
7123	272.29999
7124	272.37
7125	272.39001
7126	272.34
7127	272.34
7128	272.29999
7129	272.29999
7130	272.32001
7131	272.28
7132	272.29999
7133	272.41