1	307.59999
2	307.70001
3	308
4	308.2
5	308
6	308.2
7	308.2
8	308.29999
9	308.29999
10	308
11	308
12	308
13	308
14	308
15	307.79999
16	307.59999
17	307.5
18	307.3
19	307.20001
20	307.1
21	307.20001
22	307.1
23	307.00001
24	306.89999
25	306.89999
26	306.80001
27	306.80001
28	306.6
29	306.49999
30	306.2
31	306.4
32	306.49999
33	306.6
34	306.69999
35	306.80001
36	307.3
37	307.20001
38	307.3
39	307.3
40	307.3
41	307.3
42	307.3
43	307.3
44	307.3
45	306.80001
46	306.69999
47	306.6
48	306.10001
49	305.90001
50	305.99999
51	305.90001
52	306.30001
53	306.69999
54	306.69999
55	306.69999
56	306.4
57	306.4
58	306.49999
59	306.4
60	306.49999
61	306.89999
62	307.00001
63	307.1
64	307.1
65	307.3
66	307.1
67	306.89999
68	306.69999
69	306.30001
70	305.99999
71	305.7
72	305.79999
73	305.99999
74	306.10001
75	305.99999
76	306.10001
77	306.4
78	306.80001
79	306.6
80	306.4
81	306.4
82	306.4
83	306.30001
84	306.89999
85	306.69999
86	306.6
87	306.49999
88	306.30001
89	306.30001
90	306.6
91	306.69999
92	306.69999
93	306.4
94	306.10001
95	305.90001
96	306.10001
97	306.6
98	307.3
99	308.2
100	308.80001
101	309.39999
102	309.89999
103	310.40001
104	310.7
105	311.50001
106	312.7
107	314.59999
108	315.49999
109	317.60001
110	319.7
111	321.90001
112	322.60001
113	324.2
114	325.89999
115	326.5
116	327.69999
117	328.79999
118	330.00001
119	330.50001
120	331.2
121	331.60001
122	331.80001
123	331.99999
124	332.39999
125	332.70001
126	333.09999
127	333.20001
128	333.7
129	334.4
130	334.69999
131	334.89999
132	334.89999
133	335.00001
134	335.20001
135	335.39999
136	335.20001
137	335.00001
138	334.8
139	334.4
140	334.4
141	334.69999
142	335.20001
143	335.3
144	335.79999
145	336.29999
146	336.29999
147	336.29999
148	336.60001
149	337.00001
150	337.19999
151	337.3
152	337.3
153	337.1
154	337.00001
155	337.00001
156	336.69999
157	336.9
158	337.00001
159	337.00001
160	337.00001
161	337.1
162	337.59999
163	337.8
164	338.09999
165	338.09999
166	338.2
167	337.90001
168	338.09999
169	338.2
170	338.29999
171	338.09999
172	337.8
173	337.8
174	337.59999
175	337.8
176	337.90001
177	337.90001
178	337.90001
179	337.70001
180	337.59999
181	337.59999
182	337.50001
183	337.59999
184	337.59999
185	338
186	338.40001
187	338.40001
188	338.60001
189	338.2
190	338.2
191	338.29999
192	338.2
193	338.2
194	338.40001
195	338.2
196	338.2
197	338.2
198	338.2
199	337.90001
200	338
201	337.90001
202	338.09999
203	337.90001
204	338.09999
205	338.2
206	338.40001
207	338.49999
208	338.9
209	339.19999
210	338.9
211	338.60001
212	337.90001
213	337.59999
214	337.3
215	337.3
216	337.3
217	337.3
218	337.39999
219	337.59999
220	337.70001
221	337.70001
222	337.8
223	337.90001
224	338.2
225	338.09999
226	338.2
227	337.90001
228	337.90001
229	337.8
230	337.90001
231	337.90001
232	338
233	338.2
234	338.2
235	338.09999
236	338.09999
237	338.2
238	338.49999
239	338.49999
240	338.60001
241	338.7
242	338.80001
243	338.9
244	338.7
245	338.7
246	338.60001
247	338.80001
248	338.9
249	338.80001
250	338.7
251	338.60001
252	338.80001
253	338.7
254	338.29999
255	338.49999
256	338.40001
257	338.40001
258	338.40001
259	338.60001
260	338.60001
261	338.7
262	338.9
263	338.80001
264	338.80001
265	338.9
266	338.7
267	338.9
268	338.9
269	338.9
270	338.9
271	338.80001
272	338.40001
273	338
274	337.00001
275	336.2
276	335.90001
277	335.39999
278	335.1
279	334.8
280	334.69999
281	334.69999
282	334.4
283	333.99999
284	333.40001
285	332.39999
286	330.50001
287	328.20001
288	326.7
289	323.1
290	317.60001
291	312.00001
292	309.30001
293	303.5
294	298.00001
295	293.1
296	291.00001
297	287.49999
298	285.2
299	284.20001
300	282.99999
301	282.20001
302	281.89999
303	282.20001
304	282.5
305	283.30001
306	284.20001
307	284.90001
308	285.9
309	286.8
310	287.7
311	287.99999
312	289
313	289.79999
314	290.89999
315	291.20001
316	292
317	292.69999
318	293.19999
319	293.50001
320	293.70001
321	294.2
322	294.49999
323	294.80001
324	295.39999
325	295.89999
326	296
327	296.29999
328	296.40001
329	296.5
330	296.79999
331	297.10001
332	297.6
333	298.00001
334	298.3
335	298.40001
336	299.10001
337	299.29999
338	299.29999
339	299.49999
340	299.60001
341	299.69999
342	299.60001
343	299.80001
344	299.60001
345	299.29999
346	299.2
347	299.2
348	299.29999
349	299.29999
350	299.49999
351	299.4
352	299.80001
353	299.69999
354	300.00001
355	300.3
356	300.59999
357	300.8
358	301.2
359	301.09999
360	301.09999
361	301.2
362	301.2
363	301.2
364	301.2
365	301.40001
366	301.80001
367	301.99999
368	302.19999
369	302.50001
370	302.6
371	302.50001
372	302.6
373	302.39999
374	302.19999
375	302.1
376	302.19999
377	302.1
378	301.9
379	301.60001
380	301.49999
381	301.29999
382	301.2
383	301.40001
384	301.29999
385	301.49999
386	301.49999
387	301.99999
388	301.9
389	301.80001
390	301.80001
391	301.80001
392	301.49999
393	301.60001
394	301.9
395	301.99999
396	301.9
397	301.80001
398	301.9
399	301.80001
400	301.80001
401	301.80001
402	301.49999
403	301.49999
404	301.49999
405	302.19999
406	302.8
407	302.89999
408	302.8
409	302.6
410	302.6
411	302.50001
412	302.50001
413	302.8
414	302.8
415	302.70001
416	302.70001
417	302.8
418	302.8
419	302.8
420	302.6
421	302.50001
422	302.50001
423	302.50001
424	302.70001
425	302.50001
426	302.19999
427	302.50001
428	302.39999
429	302.50001
430	302.50001
431	302.39999
432	302.6
433	302.70001
434	302.8
435	302.70001
436	302.8
437	302.89999
438	303.09999
439	303.20001
440	303.29999
441	303.60001
442	303.79999
443	303.79999
444	303.7
445	303.7
446	303.60001
447	303.5
448	303.29999
449	303.5
450	303.29999
451	303.09999
452	302.89999
453	302.89999
454	303
455	302.8
456	302.8
457	302.39999
458	302.6
459	302.8
460	303.09999
461	303.5
462	303.5
463	303.79999
464	303.9
465	304.30001
466	304.6
467	304.8
468	304.8
469	304.50001
470	304.6
471	304.4
472	304.50001
473	304.50001
474	304.6
475	304.89999
476	304.8
477	304.8
478	304.69999
479	304.69999
480	304.4
481	304.10001
482	303.9
483	303.9
484	304.10001
485	304.30001
486	304.8
487	305.09999
488	305.00001
489	305.09999
490	305.3
491	305.3
492	305.40001
493	305.59999
494	305.7
495	305.7
496	305.59999
497	305.5
498	305.09999
499	304.8
500	304.50001
501	304.30001
502	304.30001
503	304.50001
504	304.50001
505	304.50001
506	304.50001
507	304.8
508	304.8
509	304.6
510	304.69999
511	304.8
512	304.69999
513	304.6
514	304.8
515	304.8
516	305.09999
517	305.09999
518	305.00001
519	304.89999
520	304.89999
521	304.8
522	304.69999
523	304.6
524	304.69999
525	304.8
526	304.8
527	305.09999
528	305.3
529	305.20001
530	305.20001
531	305.20001
532	305.20001
533	304.89999
534	304.8
535	304.8
536	304.8
537	304.8
538	304.8
539	304.50001
540	304.50001
541	304.4
542	304.4
543	304.6
544	304.8
545	304.89999
546	305.09999
547	305.00001
548	305.00001
549	305.00001
550	304.89999
551	305.09999
552	304.89999
553	304.8
554	304.69999
555	305.00001
556	305.00001
557	305.20001
558	305.09999
559	305.09999
560	305.09999
561	305.3
562	305.20001
563	305.09999
564	305.00001
565	305.00001
566	305.40001
567	305.40001
568	305.59999
569	305.79999
570	306.10001
571	306.49999
572	306.49999
573	307.00001
574	307.1
575	307.3
576	307.59999
577	308
578	308.9
579	310.09999
580	310.9
581	312.5
582	314.5
583	315.69999
584	317.7
585	319.99999
586	322
587	322.80001
588	324.29999
589	325.30001
590	325.8
591	326.09999
592	326.7
593	327.2
594	328.00001
595	328.39999
596	329.4
597	330.19999
598	330.59999
599	331.2
600	331.49999
601	331.60001
602	332.1
603	332.30001
604	332.39999
605	332.6
606	332.70001
607	332.70001
608	333
609	333.20001
610	333.09999
611	333.09999
612	333.40001
613	333.40001
614	333.5
615	333.7
616	334.10001
617	334.10001
618	334.30001
619	334.6
620	334.8
621	334.8
622	335.00001
623	335.20001
624	335.5
625	335.5
626	335.3
627	335.3
628	335.00001
629	334.89999
630	334.89999
631	334.89999
632	334.69999
633	334.69999
634	334.69999
635	334.50001
636	334.4
637	334.4
638	334.69999
639	334.69999
640	335.20001
641	335.20001
642	335.20001
643	335.39999
644	335.5
645	335.5
646	335.3
647	335.3
648	335.3
649	335.39999
650	335.39999
651	335.39999
652	335.59999
653	335.59999
654	335.70001
655	335.5
656	335.70001
657	335.70001
658	335.79999
659	335.90001
660	335.90001
661	336
662	336.10001
663	336.29999
664	336.49999
665	336.60001
666	336.80001
667	336.60001
668	336.4
669	336.2
670	335.90001
671	335.70001
672	335.70001
673	335.39999
674	335.59999
675	335.59999
676	335.59999
677	335.59999
678	336
679	336.2
680	336.4
681	336.29999
682	336.29999
683	336.10001
684	335.90001
685	336
686	335.70001
687	336
688	335.90001
689	336
690	336.10001
691	335.90001
692	336.10001
693	336.10001
694	336
695	336
696	336
697	336
698	336.29999
699	335.90001
700	335.79999
701	335.70001
702	335.70001
703	335.70001
704	336
705	336.29999
706	336
707	336
708	335.90001
709	335.70001
710	335.90001
711	336
712	336.10001
713	336.2
714	336
715	335.70001
716	335.59999
717	335.59999
718	335.5
719	335.90001
720	336
721	336.29999
722	336.2
723	336.29999
724	336.29999
725	336.60001
726	336.60001
727	336.49999
728	336.60001
729	336.60001
730	336.80001
731	336.60001
732	336.80001
733	336.80001
734	336.69999
735	336.4
736	336.29999
737	336.29999
738	336.10001
739	336
740	336
741	336
742	335.79999
743	336
744	336.10001
745	336
746	335.5
747	334.69999
748	334.69999
749	334.10001
750	333.7
751	333.40001
752	333.5
753	333.60001
754	333.7
755	333.40001
756	333.09999
757	332.39999
758	331
759	329.80001
760	326.7
761	322.80001
762	318.19999
763	313.10001
764	310
765	304.4
766	298.99999
767	296.60001
768	292.2
769	288.39999
770	285.49999
771	284.3
772	282.5
773	281.1
774	280.60001
775	280.49999
776	280.60001
777	281.30001
778	282.00001
779	282.20001
780	282.99999
781	283.89999
782	284.5
783	285.4
784	286.39999
785	287.40001
786	287.9
787	288.30001
788	288.89999
789	289.29999
790	289.60001
791	290.30001
792	291.59999
793	292.49999
794	292.80001
795	293.50001
796	294.09999
797	294.49999
798	294.7
799	295.1
800	295.39999
801	295.70001
802	295.8
803	296
804	296.20001
805	296.7
806	296.79999
807	296.99999
808	297.19999
809	297.4
810	297.4
811	297.4
812	297.8
813	298.00001
814	298.3
815	298.5
816	298.79999
817	298.59999
818	298.79999
819	298.99999
820	299.2
821	299.10001
822	299.49999
823	299.80001
824	300.1
825	299.9
826	300.00001
827	299.9
828	299.69999
829	299.9
830	299.80001
831	299.9
832	299.9
833	299.9
834	300.1
835	300.3
836	300.3
837	300.50001
838	300.59999
839	300.59999
840	300.8
841	300.50001
842	300.39999
843	300.59999
844	300.59999
845	300.70001
846	300.39999
847	300.39999
848	300.3
849	300.39999
850	300.59999
851	300.59999
852	300.8
853	300.70001
854	300.59999
855	300.90001
856	300.8
857	300.90001
858	300.90001
859	300.90001
860	301.09999
861	301.2
862	301.29999
863	301.49999
864	301.49999
865	301.49999
866	301.29999
867	301.40001
868	301.2
869	301.29999
870	301.49999
871	301.49999
872	301.80001
873	301.7
874	301.60001
875	301.80001
876	301.60001
877	301.49999
878	301.60001
879	301.60001
880	301.60001
881	301.49999
882	301.49999
883	301.7
884	301.60001
885	301.60001
886	301.49999
887	301.80001
888	301.60001
889	301.80001
890	301.80001
891	302.19999
892	301.9
893	301.9
894	301.60001
895	301.7
896	301.9
897	301.9
898	301.99999
899	301.9
900	301.9
901	301.80001
902	301.9
903	301.80001
904	301.80001
905	301.9
906	301.9
907	302.19999
908	302.19999
909	301.99999
910	301.9
911	301.80001
912	301.60001
913	301.7
914	301.7
915	302.1
916	302.1
917	302.1
918	302.19999
919	302.1
920	302.39999
921	302.30001
922	302.30001
923	302.30001
924	302.1
925	302.1
926	302.19999
927	302.39999
928	302.39999
929	302.39999
930	302.50001
931	302.50001
932	302.50001
933	302.50001
934	302.39999
935	302.50001
936	302.30001
937	302.19999
938	302.19999
939	301.99999
940	301.99999
941	301.9
942	301.9
943	302.1
944	302.19999
945	302.1
946	302.19999
947	302.19999
948	302.39999
949	302.19999
950	302.1
951	301.9
952	301.99999
953	301.99999
954	301.9
955	301.99999
956	302.19999
957	302.19999
958	302.19999
959	302.1
960	302.19999
961	301.99999
962	301.9
963	301.7
964	301.7
965	301.99999
966	302.1
967	302.39999
968	302.50001
969	302.50001
970	302.50001
971	302.50001
972	302.39999
973	302.30001
974	302.50001
975	302.50001
976	302.30001
977	302.39999
978	302.30001
979	302.30001
980	302.30001
981	302.6
982	302.70001
983	302.70001
984	302.70001
985	302.8
986	302.6
987	302.39999
988	302.50001
989	302.50001
990	302.39999
991	302.19999
992	302.1
993	301.9
994	301.9
995	301.99999
996	302.19999
997	302.1
998	302.30001
999	302.30001
1000	302.1
1001	302.39999
1002	302.19999
1003	301.9
1004	301.9
1005	301.9
1006	301.7
1007	301.9
1008	301.9
1009	301.9
1010	301.7
1011	301.9
1012	301.80001
1013	301.9
1014	301.99999
1015	302.1
1016	302.1
1017	301.99999
1018	302.1
1019	302.19999
1020	302.39999
1021	302.30001
1022	302.19999
1023	302.1
1024	301.9
1025	302.19999
1026	301.99999
1027	301.99999
1028	302.1
1029	302.50001
1030	302.39999
1031	302.30001
1032	302.19999
1033	301.99999
1034	301.99999
1035	301.9
1036	301.9
1037	301.9
1038	301.99999
1039	301.60001
1040	301.7
1041	301.7
1042	301.80001
1043	302.19999
1044	302.50001
1045	303.20001
1046	303.7
1047	303.79999
1048	303.99999
1049	304.10001
1050	304.50001
1051	304.8
1052	305.09999
1053	305.99999
1054	307.3
1055	308.29999
1056	310.5
1057	312.7
1058	314.1
1059	316.39999
1060	318.30001
1061	319.90001
1062	321.5
1063	322.10001
1064	323.1
1065	324.29999
1066	324.7
1067	325.39999
1068	326.3
1069	326.99999
1070	327.4
1071	327.89999
1072	328.3
1073	328.59999
1074	328.70001
1075	329.10001
1076	329.49999
1077	329.80001
1078	329.9
1079	330.39999
1080	330.50001
1081	330.59999
1082	330.8
1083	330.90001
1084	331.09999
1085	331.09999
1086	331
1087	330.90001
1088	331.29999
1089	331.49999
1090	331.9
1091	332.1
1092	332.50001
1093	332.70001
1094	332.8
1095	332.8
1096	333.09999
1097	333
1098	332.89999
1099	332.8
1100	332.50001
1101	332.70001
1102	332.39999
1103	332.39999
1104	332.19999
1105	332.39999
1106	332.6
1107	332.50001
1108	333
1109	333.09999
1110	333.5
1111	333.60001
1112	333.40001
1113	332.89999
1114	332.50001
1115	332.8
1116	332.70001
1117	332.8
1118	332.89999
1119	332.8
1120	332.70001
1121	332.89999
1122	332.6
1123	332.50001
1124	332.39999
1125	332.50001
1126	332.39999
1127	332.30001
1128	332.39999
1129	332.70001
1130	332.89999
1131	332.89999
1132	332.70001
1133	332.8
1134	333.09999
1135	332.89999
1136	333.09999
1137	332.89999
1138	332.89999
1139	333
1140	333.29999
1141	333.29999
1142	333.40001
1143	333.5
1144	333.40001
1145	333.29999
1146	332.89999
1147	333.09999
1148	333.09999
1149	333
1150	333.09999
1151	333.40001
1152	333.7
1153	333.99999
1154	333.9
1155	333.9
1156	334.10001
1157	333.60001
1158	333.60001
1159	333.40001
1160	333.60001
1161	333.5
1162	333.7
1163	333.79999
1164	333.7
1165	333.79999
1166	333.7
1167	333.7
1168	333.99999
1169	333.79999
1170	333.99999
1171	333.79999
1172	333.79999
1173	334.10001
1174	334.19999
1175	334.10001
1176	334.10001
1177	334.10001
1178	334.10001
1179	334.19999
1180	334.50001
1181	334.69999
1182	335.00001
1183	335.00001
1184	334.6
1185	334.4
1186	333.79999
1187	333.7
1188	333.7
1189	333.5
1190	333.79999
1191	333.40001
1192	333.40001
1193	333.29999
1194	333.29999
1195	333.29999
1196	333.5
1197	334.10001
1198	333.79999
1199	333.99999
1200	333.7
1201	333.79999
1202	333.79999
1203	333.7
1204	333.79999
1205	333.5
1206	333.40001
1207	333.7
1208	333.99999
1209	333.9
1210	333.7
1211	333.7
1212	333.5
1213	333.7
1214	333.5
1215	333.60001
1216	333.29999
1217	333.09999
1218	333
1219	332.89999
1220	332.50001
1221	331.7
1222	330.70001
1223	329.9
1224	329.49999
1225	329.2
1226	329
1227	329.2
1228	328.90001
1229	328.59999
1230	328.20001
1231	328.00001
1232	326.99999
1233	325.1
1234	322.80001
1235	321.79999
1236	318.30001
1237	313.89999
1238	308.09999
1239	304.8
1240	298.59999
1241	293.00001
1242	290.49999
1243	286.00001
1244	282.5
1245	279.70001
1246	277.59999
1247	277.00001
1248	276.2
1249	275.5
1250	275.09999
1251	275.20001
1252	275.5
1253	276.2
1254	276.80001
1255	278.49999
1256	280.29999
1257	281.8
1258	282.59999
1259	284.20001
1260	285.4
1261	286.70001
1262	287.29999
1263	288.30001
1264	289.40001
1265	289.9
1266	290.89999
1267	291.90001
1268	292.49999
1269	293.39999
1270	293.39999
1271	294.40001
1272	294.99999
1273	295.30001
1274	295.70001
1275	296.09999
1276	296.99999
1277	297.19999
1278	297.6
1279	297.8
1280	297.89999
1281	298.09999
1282	298.00001
1283	298.3
1284	298.3
1285	298.3
1286	298.3
1287	298.79999
1288	298.79999
1289	298.99999
1290	299.10001
1291	298.99999
1292	299.10001
1293	299.29999
1294	299.60001
1295	299.49999
1296	299.69999
1297	299.9
1298	300.19999
1299	300.3
1300	300.1
1301	300.19999
1302	300.3
1303	300.50001
1304	300.3
1305	300.50001
1306	300.50001
1307	300.50001
1308	300.90001
1309	300.70001
1310	300.90001
1311	301
1312	301.2
1313	301.2
1314	301.2
1315	301.29999
1316	301.49999
1317	301.2
1318	301.49999
1319	301.29999
1320	301.49999
1321	301.7
1322	301.7
1323	301.60001
1324	301.80001
1325	301.80001
1326	301.80001
1327	301.80001
1328	301.9
1329	301.9
1330	301.9
1331	301.80001
1332	301.49999
1333	301.49999
1334	301.49999
1335	301.80001
1336	301.99999
1337	302.19999
1338	302.19999
1339	302.19999
1340	302.19999
1341	302.19999
1342	301.99999
1343	302.30001
1344	302.19999
1345	302.1
1346	301.99999
1347	301.9
1348	302.1
1349	301.99999
1350	302.1
1351	301.9
1352	302.1
1353	302.1
1354	301.80001
1355	302.19999
1356	302.30001
1357	302.19999
1358	302.30001
1359	302.50001
1360	302.50001
1361	302.39999
1362	302.6
1363	303.5
1364	303.5
1365	303.40001
1366	303.5
1367	303.60001
1368	303.7
1369	303.79999
1370	303.79999
1371	304.10001
1372	304.19999
1373	304.10001
1374	304.30001
1375	304.4
1376	304.50001
1377	304.6
1378	304.69999
1379	304.69999
1380	304.69999
1381	304.8
1382	304.6
1383	304.69999
1384	304.30001
1385	304.19999
1386	304.10001
1387	304.19999
1388	304.4
1389	304.4
1390	304.8
1391	304.8
1392	304.8
1393	304.89999
1394	305.09999
1395	305.00001
1396	305.09999
1397	304.89999
1398	304.8
1399	304.89999
1400	305.09999
1401	305.09999
1402	305.09999
1403	305.09999
1404	305.09999
1405	305.3
1406	305.3
1407	305.40001
1408	305.3
1409	305.40001
1410	305.20001
1411	305.40001
1412	305.20001
1413	305.20001
1414	305.09999
1415	305.09999
1416	305.09999
1417	305.3
1418	305.20001
1419	305.09999
1420	305.40001
1421	305.40001
1422	305.40001
1423	305.40001
1424	305.09999
1425	305.20001
1426	305.09999
1427	305.09999
1428	304.89999
1429	305.09999
1430	305.00001
1431	305.00001
1432	305.00001
1433	305.00001
1434	304.8
1435	305.09999
1436	305.09999
1437	305.09999
1438	305.09999
1439	305.09999
1440	305.09999
1441	305.09999
1442	305.40001
1443	305.40001
1444	305.40001
1445	305.40001
1446	305.3
1447	305.5
1448	305.3
1449	305.20001
1450	305.20001
1451	305.09999
1452	305.09999
1453	305.00001
1454	305.00001
1455	304.89999
1456	304.89999
1457	305.09999
1458	305.00001
1459	305.09999
1460	305.09999
1461	305.09999
1462	305.09999
1463	305.09999
1464	305.3
1465	305.09999
1466	305.00001
1467	305.00001
1468	304.8
1469	305.00001
1470	305.00001
1471	304.89999
1472	305.00001
1473	304.89999
1474	305.00001
1475	305.00001
1476	304.8
1477	304.6
1478	304.8
1479	304.6
1480	304.6
1481	304.4
1482	304.50001
1483	304.4
1484	304.4
1485	304.19999
1486	304.4
1487	304.50001
1488	304.4
1489	304.69999
1490	304.8
1491	304.8
1492	304.8
1493	305.09999
1494	305.00001
1495	305.09999
1496	305.00001
1497	305.00001
1498	304.89999
1499	304.89999
1500	305.09999
1501	305.09999
1502	305.09999
1503	305.09999
1504	305.09999
1505	305.3
1506	305.20001
1507	305.20001
1508	305.3
1509	305.20001
1510	305.09999
1511	305.00001
1512	305.09999
1513	304.8
1514	305.09999
1515	305.09999
1516	305.09999
1517	304.8
1518	304.8
1519	304.6
1520	304.10001
1521	303.5
1522	303.29999
1523	303.40001
1524	303.5
1525	303.99999
1526	304.50001
1527	305.5
1528	307.1
1529	308.49999
1530	309.50001
1531	311.30001
1532	313.30001
1533	315.10001
1534	315.69999
1535	317.29999
1536	318.89999
1537	320.6
1538	321.39999
1539	322.4
1540	323.50001
1541	324.09999
1542	324.9
1543	325.70001
1544	326.3
1545	326.59999
1546	326.7
1547	327.30001
1548	327.6
1549	328.00001
1550	328.70001
1551	329.2
1552	329.49999
1553	329.69999
1554	329.60001
1555	329.69999
1556	329.80001
1557	329.80001
1558	329.9
1559	330.00001
1560	330.19999
1561	330.19999
1562	330.39999
1563	330.70001
1564	330.50001
1565	330.70001
1566	330.90001
1567	330.90001
1568	331.09999
1569	331.2
1570	331.49999
1571	331.29999
1572	331.2
1573	331.60001
1574	331.2
1575	331.49999
1576	331.49999
1577	332.1
1578	332.1
1579	331.99999
1580	332.1
1581	331.99999
1582	331.80001
1583	331.49999
1584	331.49999
1585	331.7
1586	331.49999
1587	331.40001
1588	331.49999
1589	331.49999
1590	331.49999
1591	331.49999
1592	331.49999
1593	331.49999
1594	331.49999
1595	331.49999
1596	331.60001
1597	331.49999
1598	331.29999
1599	331.2
1600	331.2
1601	331.49999
1602	331.49999
1603	331.40001
1604	331.49999
1605	331.9
1606	332.1
1607	331.99999
1608	331.99999
1609	331.99999
1610	331.9
1611	331.80001
1612	331.80001
1613	331.49999
1614	331.60001
1615	331.9
1616	332.30001
1617	332.39999
1618	332.30001
1619	332.39999
1620	332.1
1621	331.9
1622	331.80001
1623	331.80001
1624	332.1
1625	332.1
1626	332.1
1627	331.80001
1628	331.80001
1629	331.99999
1630	331.9
1631	331.9
1632	332.19999
1633	332.1
1634	332.30001
1635	332.30001
1636	332.8
1637	332.8
1638	332.8
1639	333.09999
1640	332.89999
1641	332.8
1642	333.20001
1643	332.89999
1644	333
1645	332.8
1646	332.6
1647	332.39999
1648	332.6
1649	332.6
1650	332.39999
1651	332.6
1652	332.39999
1653	332.39999
1654	332.39999
1655	332.39999
1656	332.50001
1657	332.39999
1658	332.39999
1659	332.39999
1660	332.6
1661	332.6
1662	332.6
1663	332.6
1664	332.8
1665	332.6
1666	332.70001
1667	332.70001
1668	332.70001
1669	332.8
1670	332.89999
1671	332.8
1672	332.8
1673	333
1674	332.8
1675	332.89999
1676	332.8
1677	333.09999
1678	332.89999
1679	333.09999
1680	333.09999
1681	332.89999
1682	332.8
1683	332.89999
1684	332.89999
1685	333.40001
1686	333.29999
1687	333.29999
1688	333.29999
1689	333.20001
1690	333.20001
1691	333.20001
1692	333.29999
1693	333.09999
1694	333.40001
1695	333.60001
1696	334.10001
1697	334.6
1698	334.89999
1699	335.00001
1700	335.3
1701	335.59999
1702	335.5
1703	335.00001
1704	334.10001
1705	331.40001
1706	327.4
1707	324.60001
1708	317.99999
1709	310.9
1710	307.1
1711	299.9
1712	293.1
1713	287.7
1714	285.2
1715	281.30001
1716	278.29999
1717	276.49999
1718	275.99999
1719	275.40001
1720	275.5
1721	275.79999
1722	275.99999
1723	276.89999
1724	277.90001
1725	278.4
1726	279.39999
1727	280.60001
1728	281.89999
1729	282.99999
1730	283.49999
1731	284.70001
1732	285.69999
1733	286.1
1734	287
1735	288.1
1736	289
1737	289.5
1738	290.10001
1739	291.1
1740	291.5
1741	291.79999
1742	292.4
1743	293.19999
1744	293.8
1745	294.2
1746	294.49999
1747	295.1
1748	295.39999
1749	295.8
1750	296.09999
1751	296.40001
1752	296.60001
1753	296.79999
1754	296.79999
1755	296.99999
1756	297.10001
1757	297.4
1758	297.69999
1759	298.00001
1760	298.00001
1761	298.3
1762	298.5
1763	298.59999
1764	298.59999
1765	298.79999
1766	298.90001
1767	299.10001
1768	299.2
1769	299.4
1770	299.60001
1771	299.60001
1772	299.80001
1773	299.69999
1774	299.9
1775	299.9
1776	299.9
1777	300.00001
1778	300.1
1779	300.00001
1780	299.9
1781	300.1
1782	300.19999
1783	300.00001
1784	300.19999
1785	300.3
1786	300.3
1787	300.39999
1788	300.59999
1789	300.90001
1790	301
1791	300.90001
1792	300.90001
1793	300.90001
1794	300.8
1795	300.8
1796	300.90001
1797	300.70001
1798	300.70001
1799	300.8
1800	300.90001
1801	300.70001
1802	300.70001
1803	300.90001
1804	300.90001
1805	300.59999
1806	300.90001
1807	300.8
1808	300.90001
1809	300.8
1810	300.8
1811	300.8
1812	301
1813	300.90001
1814	300.8
1815	301
1816	301
1817	300.90001
1818	300.90001
1819	301.2
1820	301.2
1821	301.2
1822	301.40001
1823	301.2
1824	301.29999
1825	301.29999
1826	301.49999
1827	301.49999
1828	301.49999
1829	301.60001
1830	301.40001
1831	301.40001
1832	301.29999
1833	301.49999
1834	301.40001
1835	301.29999
1836	301.49999
1837	301.49999
1838	301.49999
1839	301.40001
1840	301.49999
1841	301.2
1842	301.2
1843	301.29999
1844	301.29999
1845	301.49999
1846	301.2
1847	301.2
1848	301.29999
1849	301.29999
1850	301.49999
1851	301.40001
1852	301.49999
1853	301.49999
1854	301.49999
1855	301.49999
1856	301.49999
1857	301.49999
1858	301.60001
1859	301.2
1860	301.60001
1861	301.29999
1862	301.29999
1863	301.49999
1864	301.49999
1865	301.49999
1866	301.60001
1867	301.49999
1868	301.60001
1869	301.49999
1870	301.49999
1871	301.49999
1872	301.2
1873	301.40001
1874	301.29999
1875	301.40001
1876	301.49999
1877	301.60001
1878	301.7
1879	301.7
1880	301.60001
1881	301.7
1882	301.49999
1883	301.7
1884	301.49999
1885	301.49999
1886	301.49999
1887	301.49999
1888	301.49999
1889	301.7
1890	301.49999
1891	301.49999
1892	301.7
1893	301.60001
1894	301.7
1895	301.7
1896	301.80001
1897	301.7
1898	301.60001
1899	301.49999
1900	301.60001
1901	301.49999
1902	301.49999
1903	301.60001
1904	301.9
1905	301.60001
1906	301.60001
1907	301.80001
1908	301.80001
1909	301.80001
1910	301.7
1911	301.9
1912	301.80001
1913	301.99999
1914	301.7
1915	301.9
1916	301.80001
1917	301.9
1918	301.80001
1919	301.80001
1920	301.49999
1921	301.29999
1922	301.40001
1923	301.49999
1924	301.40001
1925	301.29999
1926	301.49999
1927	301.60001
1928	301.60001
1929	301.49999
1930	301.49999
1931	301.7
1932	301.49999
1933	301.2
1934	301.2
1935	301.2
1936	300.90001
1937	301
1938	301.2
1939	301.2
1940	301.2
1941	301.2
1942	301.40001
1943	301.49999
1944	301.40001
1945	301.80001
1946	301.2
1947	301.09999
1948	301.09999
1949	301.09999
1950	300.90001
1951	301.09999
1952	301
1953	301.2
1954	301.40001
1955	301.2
1956	301.29999
1957	301.29999
1958	301.29999
1959	301.2
1960	301.2
1961	301.2
1962	301.49999
1963	301.60001
1964	301.60001
1965	301.49999
1966	301.49999
1967	301.49999
1968	301.7
1969	301.60001
1970	301.60001
1971	301.7
1972	301.7
1973	301.49999
1974	301.2
1975	301.2
1976	301.2
1977	301.2
1978	301.29999
1979	301.49999
1980	301.49999
1981	301.49999
1982	301.49999
1983	301.49999
1984	301.49999
1985	301.40001
1986	301.49999
1987	301.49999
1988	301.49999
1989	301.49999
1990	301.29999
1991	301.09999
1992	300.70001
1993	299.9
1994	299.9
1995	299.69999
1996	299.49999
1997	299.49999
1998	299.49999
1999	299.60001
2000	300.50001
2001	301.2
2002	303
2003	305.20001
2004	307.00001
2005	308.40001
2006	309.50001
2007	311.69999
2008	313.4
2009	314.20001
2010	315.69999
2011	317.29999
2012	318.10001
2013	318.6
2014	319.59999
2015	320.49999
2016	321.20001
2017	321.5
2018	322.49999
2019	323.1
2020	323.8
2021	324.09999
2022	324.7
2023	324.80001
2024	324.99999
2025	325.1
2026	325.1
2027	324.99999
2028	325.39999
2029	325.50001
2030	325.89999
2031	326.00001
2032	326.20001
2033	326.20001
2034	326.59999
2035	326.7
2036	326.7
2037	326.99999
2038	327.2
2039	327.30001
2040	327.4
2041	326.99999
2042	327.30001
2043	327.6
2044	327.6
2045	327.89999
2046	327.80001
2047	327.89999
2048	327.89999
2049	328.1
2050	328.39999
2051	328.59999
2052	328.39999
2053	328.5
2054	328.59999
2055	328.79999
2056	328.79999
2057	328.59999
2058	328.70001
2059	328.79999
2060	329
2061	328.90001
2062	328.70001
2063	328.59999
2064	328.90001
2065	328.90001
2066	329
2067	328.79999
2068	328.79999
2069	328.70001
2070	328.70001
2071	328.79999
2072	328.79999
2073	328.59999
2074	328.59999
2075	328.3
2076	328.3
2077	328.39999
2078	328.3
2079	328.3
2080	328.5
2081	328.59999
2082	328.59999
2083	328.1
2084	328.1
2085	328.20001
2086	328.20001
2087	328.39999
2088	328.59999
2089	328.90001
2090	329.10001
2091	329.10001
2092	329.10001
2093	329.10001
2094	328.90001
2095	328.90001
2096	329.2
2097	329.2
2098	329.2
2099	329.29999
2100	329.2
2101	329.29999
2102	329.29999
2103	329.4
2104	329.60001
2105	329.49999
2106	329.60001
2107	329.69999
2108	329.60001
2109	329.49999
2110	329.49999
2111	329.49999
2112	329.49999
2113	329.4
2114	329.49999
2115	329.80001
2116	329.80001
2117	329.9
2118	330.39999
2119	330.50001
2120	330.50001
2121	330.50001
2122	330.3
2123	330.1
2124	330.1
2125	330.1
2126	330.1
2127	330.1
2128	330.00001
2129	329.9
2130	330.00001
2131	329.9
2132	330.00001
2133	329.69999
2134	330.1
2135	329.69999
2136	329.9
2137	329.9
2138	329.9
2139	330.19999
2140	330.19999
2141	330.39999
2142	330.19999
2143	330.39999
2144	330.19999
2145	330.19999
2146	330.50001
2147	330.39999
2148	330.50001
2149	330.19999
2150	330.39999
2151	330.3
2152	330.1
2153	330.1
2154	329.9
2155	329.9
2156	329.9
2157	329.9
2158	330.3
2159	330.50001
2160	330.39999
2161	330.19999
2162	330.1
2163	330.1
2164	330.19999
2165	330.00001
2166	329.9
2167	330.3
2168	330.8
2169	331.2
2170	331.2
2171	331.29999
2172	331.2
2173	331.2
2174	331.49999
2175	331.29999
2176	331.09999
2177	330.1
2178	329.2
2179	326.3
2180	321.5
2181	315.60001
2182	312.3
2183	305.99999
2184	299.2
2185	295.8
2186	289.40001
2187	284.1
2188	279.90001
2189	276.4
2190	274.8
2191	273.29999
2192	272.3
2193	272.3
2194	272.00001
2195	272.3
2196	273
2197	273.5
2198	274.6
2199	275.59999
2200	277.00001
2201	277.70001
2202	279.39999
2203	280.99999
2204	282.3
2205	282.90001
2206	283.80001
2207	284.39999
2208	284.79999
2209	285.69999
2210	286.1
2211	286.39999
2212	287
2213	287.09999
2214	287.7
2215	287.99999
2216	288.19999
2217	288.89999
2218	289.60001
2219	290.2
2220	290.30001
2221	290.89999
2222	291.20001
2223	291.20001
2224	291.39999
2225	291.59999
2226	291.90001
2227	291.90001
2228	292
2229	292.29999
2230	292.49999
2231	292.60001
2232	292.80001
2233	293.19999
2234	293.39999
2235	293.50001
2236	293.70001
2237	294
2238	294.09999
2239	294.2
2240	294.2
2241	294.49999
2242	294.80001
2243	294.80001
2244	295.1
2245	295.30001
2246	295.30001
2247	295.30001
2248	295.39999
2249	295.70001
2250	295.6
2251	295.39999
2252	295.70001
2253	295.8
2254	295.89999
2255	296.09999
2256	296.29999
2257	296.60001
2258	296.7
2259	296.79999
2260	296.7
2261	296.7
2262	296.5
2263	296.5
2264	296.5
2265	296.60001
2266	296.79999
2267	296.7
2268	297.10001
2269	297.30001
2270	297.30001
2271	297.19999
2272	297.30001
2273	296.99999
2274	297.10001
2275	297.10001
2276	297.10001
2277	297.30001
2278	297.30001
2279	296.99999
2280	296.99999
2281	297.4
2282	297.4
2283	297.4
2284	297.69999
2285	297.50001
2286	297.69999
2287	297.8
2288	297.69999
2289	297.6
2290	297.6
2291	297.69999
2292	297.8
2293	297.69999
2294	297.6
2295	297.69999
2296	297.8
2297	298.00001
2298	298.09999
2299	298.3
2300	298.3
2301	298.5
2302	298.5
2303	298.3
2304	298.00001
2305	297.89999
2306	297.69999
2307	297.8
2308	298.00001
2309	297.89999
2310	297.8
2311	297.69999
2312	297.69999
2313	297.69999
2314	298.00001
2315	297.89999
2316	297.89999
2317	298.00001
2318	298.00001
2319	297.8
2320	297.89999
2321	297.8
2322	297.69999
2323	297.69999
2324	297.30001
2325	297.4
2326	297.4
2327	297.4
2328	297.4
2329	297.69999
2330	297.50001
2331	297.4
2332	297.30001
2333	297.4
2334	297.69999
2335	297.89999
2336	298.3
2337	298.3
2338	298.3
2339	298.3
2340	298.3
2341	298.20001
2342	298.00001
2343	298.00001
2344	298.00001
2345	297.69999
2346	297.4
2347	297.50001
2348	297.4
2349	297.50001
2350	297.69999
2351	297.89999
2352	298.09999
2353	298.3
2354	298.20001
2355	298.09999
2356	298.3
2357	298.09999
2358	297.89999
2359	297.89999
2360	298.00001
2361	298.00001
2362	298.00001
2363	298.00001
2364	298.00001
2365	298.00001
2366	298.00001
2367	297.89999
2368	297.8
2369	297.8
2370	297.69999
2371	297.69999
2372	297.50001
2373	297.6
2374	297.69999
2375	297.69999
2376	297.69999
2377	297.69999
2378	297.69999
2379	297.4
2380	297.4
2381	297.6
2382	297.6
2383	297.6
2384	297.50001
2385	297.6
2386	297.69999
2387	297.69999
2388	297.69999
2389	297.89999
2390	297.89999
2391	297.69999
2392	297.69999
2393	297.69999
2394	297.50001
2395	297.6
2396	297.8
2397	297.4
2398	297.50001
2399	297.19999
2400	297.30001
2401	296.99999
2402	296.99999
2403	296.9
2404	296.99999
2405	296.9
2406	297.10001
2407	297.10001
2408	297.19999
2409	296.99999
2410	297.19999
2411	297.10001
2412	297.19999
2413	297.19999
2414	297.10001
2415	296.99999
2416	297.30001
2417	297.4
2418	297.4
2419	297.19999
2420	297.19999
2421	297.10001
2422	296.99999
2423	296.99999
2424	297.10001
2425	297.30001
2426	297.19999
2427	297.19999
2428	297.10001
2429	296.99999
2430	297.10001
2431	297.19999
2432	297.30001
2433	297.30001
2434	297.19999
2435	297.19999
2436	296.99999
2437	296.99999
2438	296.99999
2439	297.4
2440	297.6
2441	297.50001
2442	297.6
2443	297.4
2444	297.4
2445	297.19999
2446	296.99999
2447	297.19999
2448	297.10001
2449	296.99999
2450	297.10001
2451	297.30001
2452	297.30001
2453	297.4
2454	297.19999
2455	297.4
2456	297.19999
2457	296.99999
2458	296.9
2459	296.79999
2460	296.9
2461	297.10001
2462	297.10001
2463	296.99999
2464	297.19999
2465	296.99999
2466	296.9
2467	296.7
2468	296.60001
2469	296.40001
2470	296.29999
2471	296.5
2472	297.30001
2473	297.89999
2474	298.99999
2475	300.90001
2476	302.8
2477	303.9
2478	305.90001
2479	308
2480	309.89999
2481	310.9
2482	312.3
2483	313.69999
2484	314.39999
2485	315.69999
2486	316.90001
2487	317.99999
2488	318.89999
2489	319.59999
2490	320.2
2491	321.20001
2492	321.39999
2493	322.10001
2494	322.69999
2495	323.00001
2496	323.1
2497	323.50001
2498	323.70001
2499	323.8
2500	323.8
2501	324.2
2502	324.09999
2503	324.7
2504	324.7
2505	325.39999
2506	325.6
2507	325.8
2508	325.8
2509	325.70001
2510	325.50001
2511	325.39999
2512	325.50001
2513	325.70001
2514	325.89999
2515	326.00001
2516	326.09999
2517	326.00001
2518	326.09999
2519	326.09999
2520	326.40001
2521	326.79999
2522	326.7
2523	326.59999
2524	326.99999
2525	327.2
2526	327.6
2527	327.80001
2528	328.1
2529	328.59999
2530	328.59999
2531	328.90001
2532	328.90001
2533	328.90001
2534	329.10001
2535	329.10001
2536	328.90001
2537	328.59999
2538	328.59999
2539	328.5
2540	328.59999
2541	328.3
2542	328.59999
2543	328.39999
2544	328.20001
2545	328.00001
2546	327.89999
2547	327.89999
2548	328.00001
2549	328.20001
2550	328.1
2551	328.3
2552	328.3
2553	328.3
2554	327.89999
2555	327.6
2556	327.6
2557	327.6
2558	327.4
2559	327.69999
2560	327.6
2561	327.69999
2562	327.6
2563	327.49999
2564	327.6
2565	327.6
2566	327.6
2567	327.6
2568	327.80001
2569	327.89999
2570	327.89999
2571	327.80001
2572	327.80001
2573	327.6
2574	327.69999
2575	327.89999
2576	327.89999
2577	328.00001
2578	328.1
2579	328.3
2580	328.3
2581	328.3
2582	328.3
2583	328.3
2584	328.39999
2585	328.39999
2586	328.5
2587	328.39999
2588	328.39999
2589	328.59999
2590	328.39999
2591	328.3
2592	328.59999
2593	328.3
2594	328.5
2595	328.20001
2596	328.1
2597	327.89999
2598	327.89999
2599	328.1
2600	328.20001
2601	328.20001
2602	328.3
2603	328.3
2604	328.20001
2605	328.00001
2606	328.1
2607	328.20001
2608	328.3
2609	328.3
2610	328.5
2611	328.70001
2612	328.70001
2613	329
2614	328.79999
2615	328.90001
2616	328.59999
2617	328.39999
2618	328.39999
2619	328.39999
2620	328.39999
2621	328.3
2622	328.5
2623	328.39999
2624	328.39999
2625	328.59999
2626	328.59999
2627	328.59999
2628	328.5
2629	328.59999
2630	328.5
2631	328.3
2632	328.20001
2633	328.39999
2634	328.5
2635	328.39999
2636	328.3
2637	328.1
2638	328.00001
2639	327.80001
2640	327.80001
2641	328.39999
2642	328.90001
2643	329.4
2644	329.9
2645	330.19999
2646	330.8
2647	331.2
2648	331.40001
2649	330.50001
2650	330.00001
2651	327.80001
2652	324.7
2653	322.80001
2654	317.99999
2655	311.10001
2656	303.79999
2657	299.80001
2658	292.60001
2659	286.39999
2660	281.50001
2661	279.3
2662	276.2
2663	274.10001
2664	272.70001
2665	272.19999
2666	271.69999
2667	271.69999
2668	271.69999
2669	272.19999
2670	273.20001
2671	274.30001
2672	275.5
2673	275.79999
2674	276.80001
2675	277.70001
2676	278.2
2677	279.3
2678	280.29999
2679	281.4
2680	282.20001
2681	283.49999
2682	284.59999
2683	285.49999
2684	286.1
2685	286.8
2686	287.60001
2687	288.30001
2688	288.50001
2689	288.8
2690	289.20001
2691	289.29999
2692	289.60001
2693	289.60001
2694	289.9
2695	290.30001
2696	290.80001
2697	291.20001
2698	291.59999
2699	291.90001
2700	292.49999
2701	293.1
2702	293.19999
2703	293.50001
2704	293.50001
2705	293.50001
2706	293.39999
2707	293.3
2708	293.00001
2709	293.19999
2710	293.39999
2711	293.3
2712	293.70001
2713	294
2714	293.8
2715	293.8
2716	293.90001
2717	294
2718	294.09999
2719	294.2
2720	294.29999
2721	294.49999
2722	294.40001
2723	294.80001
2724	294.9
2725	294.99999
2726	295.1
2727	294.9
2728	295.1
2729	295.30001
2730	295.39999
2731	295.39999
2732	295.50001
2733	295.19999
2734	295.39999
2735	295.30001
2736	295.39999
2737	295.50001
2738	295.19999
2739	295.30001
2740	295.50001
2741	295.50001
2742	295.6
2743	295.6
2744	295.70001
2745	295.50001
2746	295.39999
2747	295.39999
2748	295.39999
2749	295.6
2750	295.39999
2751	295.1
2752	295.39999
2753	295.39999
2754	295.19999
2755	295.30001
2756	295.19999
2757	295.39999
2758	295.39999
2759	295.50001
2760	295.70001
2761	295.89999
2762	296.20001
2763	296.29999
2764	296.29999
2765	296.29999
2766	296.29999
2767	296.09999
2768	296.09999
2769	295.8
2770	295.89999
2771	295.8
2772	296
2773	295.89999
2774	296.09999
2775	296.09999
2776	296.09999
2777	296.20001
2778	296.5
2779	296.40001
2780	296.60001
2781	296.40001
2782	295.6
2783	294.99999
2784	294.40001
2785	294.60001
2786	294.99999
2787	295.19999
2788	295.1
2789	295.30001
2790	295.6
2791	295.6
2792	296
2793	296.09999
2794	296.40001
2795	296.29999
2796	296.20001
2797	296.20001
2798	296.09999
2799	296.09999
2800	295.8
2801	295.50001
2802	295.39999
2803	295.50001
2804	295.39999
2805	295.8
2806	295.89999
2807	295.89999
2808	295.89999
2809	295.8
2810	295.89999
2811	295.8
2812	295.50001
2813	295.39999
2814	295.30001
2815	295.1
2816	295.1
2817	294.9
2818	294.9
2819	294.9
2820	294.99999
2821	295.1
2822	295.1
2823	295.30001
2824	295.39999
2825	295.50001
2826	295.8
2827	296
2828	296.09999
2829	296.09999
2830	296.09999
2831	296.09999
2832	295.8
2833	295.89999
2834	295.8
2835	295.8
2836	296
2837	296.09999
2838	296.40001
2839	296.7
2840	296.79999
2841	296.9
2842	296.60001
2843	296.9
2844	296.79999
2845	296.5
2846	296.7
2847	296.7
2848	296.99999
2849	296.99999
2850	297.10001
2851	297.4
2852	297.4
2853	297.30001
2854	297.30001
2855	296.99999
2856	296.99999
2857	296.9
2858	296.99999
2859	297.30001
2860	297.30001
2861	297.4
2862	297.6
2863	297.69999
2864	297.89999
2865	298.00001
2866	297.8
2867	298.20001
2868	298.20001
2869	298.3
2870	298.3
2871	298.09999
2872	298.3
2873	298.00001
2874	297.89999
2875	297.89999
2876	297.8
2877	297.69999
2878	297.8
2879	297.6
2880	297.50001
2881	297.30001
2882	297.30001
2883	297.4
2884	297.50001
2885	297.69999
2886	297.89999
2887	297.89999
2888	297.89999
2889	298.09999
2890	298.20001
2891	298.20001
2892	298.20001
2893	298.40001
2894	298.59999
2895	298.5
2896	298.3
2897	298.20001
2898	298.00001
2899	298.00001
2900	298.3
2901	298.40001
2902	298.59999
2903	298.5
2904	298.79999
2905	298.79999
2906	298.79999
2907	298.99999
2908	299.4
2909	299.60001
2910	299.69999
2911	299.69999
2912	299.80001
2913	299.9
2914	299.9
2915	299.9
2916	299.80001
2917	299.80001
2918	299.69999
2919	299.80001
2920	300.1
2921	300.19999
2922	300.3
2923	300.3
2924	300.19999
2925	300.19999
2926	300.39999
2927	300.70001
2928	300.59999
2929	300.59999
2930	300.39999
2931	300.1
2932	301.9
2933	299.9
2934	299.80001
2935	299.60001
2936	299.69999
2937	299.60001
2938	299.4
2939	298.99999
2940	298.7
2941	298.7
2942	298.59999
2943	298.59999
2944	298.7
2945	299.29999
2946	300.19999
2947	301.7
2948	303.79999
2949	304.89999
2950	306.89999
2951	308.7
2952	309.50001
2953	311.50001
2954	313.30001
2955	314.90001
2956	315.69999
2957	317
2958	318.30001
2959	319.09999
2960	319.40001
2961	320.10001
2962	321.1
2963	321.90001
2964	322.4
2965	323.19999
2966	324
2967	324.2
2968	324.49999
2969	324.60001
2970	324.99999
2971	325.50001
2972	325.6
2973	325.39999
2974	325.39999
2975	325.50001
2976	325.50001
2977	325.6
2978	325.89999
2979	325.70001
2980	325.89999
2981	326.09999
2982	326.5
2983	326.3
2984	326.79999
2985	326.7
2986	326.99999
2987	326.99999
2988	327.30001
2989	327.6
2990	327.49999
2991	327.89999
2992	328.1
2993	328.3
2994	328.20001
2995	328.39999
2996	328.5
2997	328.5
2998	328.5
2999	328.5
3000	328.39999
3001	328.79999
3002	328.90001
3003	328.90001
3004	329
3005	328.90001
3006	329
3007	329.10001
3008	329.2
3009	329.2
3010	329.2
3011	329.4
3012	329.49999
3013	329.69999
3014	329.4
3015	329.49999
3016	329.29999
3017	329.10001
3018	328.90001
3019	329
3020	328.90001
3021	328.90001
3022	328.90001
3023	328.90001
3024	328.79999
3025	328.70001
3026	328.79999
3027	329
3028	328.90001
3029	328.90001
3030	328.90001
3031	329
3032	329.29999
3033	329
3034	328.90001
3035	328.90001
3036	329
3037	329.10001
3038	329.2
3039	329.2
3040	329.2
3041	329.29999
3042	329.2
3043	329.4
3044	329.29999
3045	329.49999
3046	329.49999
3047	329.80001
3048	329.69999
3049	329.69999
3050	329.49999
3051	329.60001
3052	329.9
3053	330.00001
3054	329.80001
3055	329.60001
3056	329.69999
3057	329.4
3058	329.9
3059	329.9
3060	330.19999
3061	330.39999
3062	330.70001
3063	330.8
3064	331
3065	331.09999
3066	330.90001
3067	330.8
3068	330.70001
3069	330.8
3070	330.90001
3071	330.8
3072	330.70001
3073	330.90001
3074	331
3075	330.90001
3076	330.70001
3077	330.70001
3078	330.59999
3079	330.8
3080	330.70001
3081	330.8
3082	330.8
3083	330.8
3084	330.70001
3085	330.59999
3086	330.50001
3087	330.70001
3088	330.8
3089	330.70001
3090	330.70001
3091	331.09999
3092	331.2
3093	331.40001
3094	331.2
3095	331.40001
3096	331.29999
3097	331.40001
3098	331.2
3099	331.49999
3100	331.49999
3101	331.49999
3102	331.49999
3103	331.49999
3104	331.2
3105	330.90001
3106	330.8
3107	330.50001
3108	330.50001
3109	330.39999
3110	330.19999
3111	330.19999
3112	330.1
3113	329.9
3114	330.39999
3115	330.8
3116	331.2
3117	331.40001
3118	331.80001
3119	331.99999
3120	332.1
3121	332.19999
3122	331.80001
3123	330.70001
3124	328.90001
3125	327.89999
3126	324.29999
3127	318.89999
3128	315.49999
3129	307.00001
3130	298.5
3131	290.89999
3132	284.79999
3133	281.8
3134	277.39999
3135	274.6
3136	273.5
3137	272.3
3138	271.9
3139	271.9
3140	272.19999
3141	272.89999
3142	273.9
3143	274.8
3144	275.5
3145	276.4
3146	277.20001
3147	278.2
3148	278.49999
3149	279.19999
3150	280
3151	280.2
3152	280.9
3153	282.09999
3154	282.79999
3155	284.20001
3156	284.5
3157	285.4
3158	286.39999
3159	287
3160	287.7
3161	288.30001
3162	289
3163	289.29999
3164	289.60001
3165	290.30001
3166	290.6
3167	290.89999
3168	291.20001
3169	291.59999
3170	291.70001
3171	292.10001
3172	292.49999
3173	293.3
3174	293.59999
3175	294.09999
3176	294.60001
3177	294.80001
3178	294.99999
3179	295.1
3180	295.39999
3181	295.70001
3182	295.70001
3183	295.89999
3184	296.29999
3185	296.40001
3186	296.60001
3187	296.9
3188	297.10001
3189	297.19999
3190	297.30001
3191	297.4
3192	297.30001
3193	297.4
3194	297.4
3195	297.4
3196	297.69999
3197	297.89999
3198	298.3
3199	298.40001
3200	298.3
3201	298.3
3202	298.3
3203	298.5
3204	298.40001
3205	298.40001
3206	298.59999
3207	298.79999
3208	298.99999
3209	299.2
3210	299.60001
3211	299.60001
3212	299.9
3213	300.1
3214	300.00001
3215	300.3
3216	300.3
3217	300.3
3218	300.19999
3219	300.3
3220	300.00001
3221	300.19999
3222	300.19999
3223	299.9
3224	300.1
3225	300.1
3226	300.3
3227	300.3
3228	300.59999
3229	300.50001
3230	300.59999
3231	300.70001
3232	300.8
3233	301
3234	300.90001
3235	300.70001
3236	300.90001
3237	300.90001
3238	301
3239	301
3240	301.2
3241	301.29999
3242	301.40001
3243	301.49999
3244	301.40001
3245	301.49999
3246	301.09999
3247	300.8
3248	300.70001
3249	300.70001
3250	300.59999
3251	300.59999
3252	300.59999
3253	300.59999
3254	300.90001
3255	301
3256	300.90001
3257	301.09999
3258	301.2
3259	301.2
3260	301.49999
3261	301.7
3262	301.60001
3263	301.9
3264	301.7
3265	301.60001
3266	301.40001
3267	301.2
3268	301
3269	301.2
3270	301.2
3271	301.2
3272	301.49999
3273	301.7
3274	301.80001
3275	301.99999
3276	301.9
3277	301.80001
3278	301.9
3279	302.19999
3280	301.9
3281	301.99999
3282	301.9
3283	301.9
3284	301.9
3285	301.9
3286	302.1
3287	302.1
3288	301.9
3289	301.99999
3290	301.9
3291	301.9
3292	301.9
3293	301.99999
3294	301.99999
3295	302.1
3296	301.9
3297	302.19999
3298	302.30001
3299	302.39999
3300	302.39999
3301	302.50001
3302	302.6
3303	302.50001
3304	302.19999
3305	302.30001
3306	302.19999
3307	302.19999
3308	302.19999
3309	302.30001
3310	302.19999
3311	302.19999
3312	302.19999
3313	302.19999
3314	302.39999
3315	302.50001
3316	302.50001
3317	302.70001
3318	302.8
3319	302.89999
3320	302.8
3321	302.6
3322	302.50001
3323	302.19999
3324	302.19999
3325	301.9
3326	302.19999
3327	302.30001
3328	302.39999
3329	302.39999
3330	302.30001
3331	302.70001
3332	302.8
3333	302.89999
3334	303
3335	303.20001
3336	303.29999
3337	303.29999
3338	303.5
3339	303.29999
3340	303.20001
3341	303.09999
3342	303.09999
3343	303
3344	302.89999
3345	302.70001
3346	302.89999
3347	303
3348	303.09999
3349	303
3350	303.20001
3351	303.29999
3352	303.5
3353	303.5
3354	303.5
3355	303.5
3356	303.40001
3357	303.29999
3358	303.20001
3359	303.29999
3360	303.40001
3361	303.40001
3362	303.20001
3363	303.20001
3364	303.5
3365	303.29999
3366	303.29999
3367	303.29999
3368	303.20001
3369	303.20001
3370	303.09999
3371	302.89999
3372	302.89999
3373	303.29999
3374	303.29999
3375	303.5
3376	303.7
3377	303.7
3378	303.79999
3379	303.7
3380	303.5
3381	303.5
3382	303.5
3383	303.5
3384	303.29999
3385	303
3386	303.20001
3387	303.09999
3388	303.09999
3389	303.09999
3390	303
3391	303.29999
3392	303.20001
3393	303.20001
3394	303.29999
3395	303.5
3396	303.5
3397	303.5
3398	303.60001
3399	303.5
3400	303.40001
3401	303.29999
3402	303.40001
3403	303.29999
3404	303.20001
3405	303.20001
3406	303.20001
3407	303.09999
3408	303.40001
3409	303.40001
3410	303.5
3411	303.5
3412	303.5
3413	303.29999
3414	303
3415	303
3416	303
3417	303.29999
3418	303.5
3419	304.69999
3420	305.40001
3421	306.89999
3422	308.60001
3423	310.7
3424	311.69999
3425	313.4
3426	315.10001
3427	316.00001
3428	317.79999
3429	319.40001
3430	321.00001
3431	322.10001
3432	322.80001
3433	323.70001
3434	324.40001
3435	324.49999
3436	324.99999
3437	325.70001
3438	326.00001
3439	326.00001
3440	326.3
3441	326.7
3442	326.99999
3443	327.2
3444	327.30001
3445	327.6
3446	327.80001
3447	327.69999
3448	327.89999
3449	327.89999
3450	328.00001
3451	328.20001
3452	328.59999
3453	328.59999
3454	328.59999
3455	328.59999
3456	328.79999
3457	328.79999
3458	329.2
3459	329.2
3460	329.10001
3461	329.2
3462	329.2
3463	329.49999
3464	329.29999
3465	329.49999
3466	329.49999
3467	329.9
3468	329.9
3469	329.9
3470	330.00001
3471	329.9
3472	330.00001
3473	330.00001
3474	330.19999
3475	330.50001
3476	330.50001
3477	330.50001
3478	330.19999
3479	330.39999
3480	330.39999
3481	330.19999
3482	330.3
3483	330.19999
3484	330.1
3485	330.1
3486	330.3
3487	330.50001
3488	330.8
3489	330.8
3490	330.8
3491	330.8
3492	330.70001
3493	330.8
3494	331
3495	331.2
3496	331.2
3497	331.09999
3498	331.2
3499	331.2
3500	331.2
3501	331.09999
3502	331.09999
3503	331
3504	331
3505	331.2
3506	331.40001
3507	331.2
3508	331
3509	331.40001
3510	331.2
3511	331.2
3512	331.29999
3513	331.40001
3514	331.7
3515	331.60001
3516	331.60001
3517	331.60001
3518	331.49999
3519	331.40001
3520	331.40001
3521	331.49999
3522	331.60001
3523	331.40001
3524	331.40001
3525	331.40001
3526	331.80001
3527	331.80001
3528	331.9
3529	331.80001
3530	331.80001
3531	331.7
3532	331.80001
3533	332.19999
3534	332.39999
3535	332.39999
3536	332.30001
3537	331.99999
3538	331.80001
3539	331.80001
3540	331.49999
3541	331.29999
3542	331.40001
3543	331.40001
3544	331
3545	331
3546	331.2
3547	331.2
3548	331.29999
3549	331.49999
3550	331.7
3551	331.7
3552	331.80001
3553	331.80001
3554	331.60001
3555	331.7
3556	331.9
3557	331.99999
3558	331.9
3559	331.60001
3560	331.7
3561	331.80001
3562	331.7
3563	331.9
3564	331.80001
3565	331.80001
3566	332.1
3567	332.1
3568	332.19999
3569	332.1
3570	332.1
3571	332.1
3572	331.7
3573	331.7
3574	331.7
3575	331.60001
3576	331.80001
3577	331.9
3578	332.1
3579	331.9
3580	331.9
3581	331.9
3582	331.80001
3583	332.30001
3584	331.99999
3585	331.99999
3586	331.9
3587	332.1
3588	332.39999
3589	332.50001
3590	333.20001
3591	333.40001
3592	333.60001
3593	333.60001
3594	333.7
3595	333.20001
3596	332.8
3597	332.1
3598	329.9
3599	325.70001
3600	322.49999
3601	315.80001
3602	307.39999
3603	299.4
3604	295.8
3605	289.09999
3606	283.89999
3607	279.50001
3608	277.79999
3609	275.20001
3610	273.60001
3611	273.20001
3612	272.89999
3613	273.20001
3614	273.5
3615	274.10001
3616	274.6
3617	275.79999
3618	277.1
3619	277.70001
3620	278.69999
3621	280
3622	281.19999
3623	281.8
3624	282.79999
3625	283.69999
3626	284.70001
3627	285.10001
3628	286.00001
3629	286.50001
3630	287.49999
3631	287.99999
3632	288.8
3633	289.60001
3634	289.79999
3635	290.4
3636	291.20001
3637	291.5
3638	291.70001
3639	292
3640	292.49999
3641	292.69999
3642	292.9
3643	293.19999
3644	293.59999
3645	294.09999
3646	294.60001
3647	295.30001
3648	295.50001
3649	295.1
3650	295.1
3651	294.60001
3652	294.29999
3653	294.09999
3654	294.09999
3655	294.49999
3656	294.49999
3657	294.9
3658	295.8
3659	297.10001
3660	298.3
3661	299.29999
3662	299.80001
3663	300.39999
3664	300.50001
3665	299.9
3666	299.29999
3667	298.09999
3668	297.19999
3669	297.10001
3670	297.69999
3671	299.60001
3672	301
3673	301.7
3674	302.89999
3675	303.5
3676	304.10001
3677	304.4
3678	304.8
3679	305.40001
3680	305.7
3681	305.90001
3682	305.99999
3683	306.4
3684	306.49999
3685	306.69999
3686	306.80001
3687	307.00001
3688	307.00001
3689	307.3
3690	307.20001
3691	307.59999
3692	307.70001
3693	307.70001
3694	307.90001
3695	308
3696	308
3697	308
3698	308
3699	308.2
3700	308.29999
3701	308.29999
3702	308.2
3703	308.49999
3704	308.29999
3705	308.40001
3706	308.60001
3707	308.80001
3708	308.9
3709	309.1
3710	309.30001
3711	309.19999
3712	309.1
3713	309.30001
3714	309.30001
3715	309.30001
3716	309.39999
3717	309.39999
3718	309.6
3719	309.6
3720	309.6
3721	309.8
3722	309.89999
3723	309.89999
3724	310.09999
3725	310
3726	310.20001
3727	310.5
3728	310.5
3729	310.60001
3730	310.5
3731	310.20001
3732	310.09999
3733	310.09999
3734	310
3735	310
3736	309.89999
3737	310.20001
3738	310.29999
3739	310.29999
3740	310.60001
3741	310.60001
3742	310.60001
3743	310.60001
3744	310.60001
3745	310.60001
3746	310.60001
3747	310.79999
3748	310.60001
3749	310.79999
3750	310.79999
3751	310.79999
3752	310.7
3753	310.9
3754	310.99999
3755	311.10001
3756	311.10001
3757	310.99999
3758	311.30001
3759	311.50001
3760	311.30001
3761	311.19999
3762	311.50001
3763	311.69999
3764	311.69999
3765	311.69999
3766	311.6
3767	311.50001
3768	311.50001
3769	311.6
3770	311.6
3771	311.50001
3772	311.69999
3773	311.50001
3774	311.50001
3775	311.8
3776	311.89999
3777	312.00001
3778	312.09999
3779	312.40001
3780	312.20001
3781	312.7
3782	312.59999
3783	312.79999
3784	312.79999
3785	312.99999
3786	313.10001
3787	312.99999
3788	312.90001
3789	312.99999
3790	312.79999
3791	312.7
3792	312.79999
3793	312.90001
3794	312.99999
3795	312.99999
3796	312.7
3797	312.7
3798	312.79999
3799	312.59999
3800	312.79999
3801	312.79999
3802	312.90001
3803	312.79999
3804	312.79999
3805	312.79999
3806	312.90001
3807	312.99999
3808	312.79999
3809	312.7
3810	312.99999
3811	312.99999
3812	313.10001
3813	312.90001
3814	313.2
3815	313.10001
3816	313.2
3817	313.30001
3818	313.10001
3819	313.10001
3820	313.10001
3821	313.10001
3822	313.10001
3823	313.2
3824	313.4
3825	313.4
3826	313.49999
3827	313.49999
3828	313.4
3829	313.10001
3830	313.10001
3831	313.10001
3832	313.10001
3833	313.2
3834	313.2
3835	313.10001
3836	313.30001
3837	313.49999
3838	313.4
3839	313.4
3840	313.10001
3841	313.2
3842	313.10001
3843	313.10001
3844	312.99999
3845	313.10001
3846	313.30001
3847	313.10001
3848	312.90001
3849	313.10001
3850	313.10001
3851	312.99999
3852	312.99999
3853	312.99999
3854	312.99999
3855	312.99999
3856	313.10001
3857	313.10001
3858	313.10001
3859	313.2
3860	313.10001
3861	313.10001
3862	313.10001
3863	313.2
3864	313.2
3865	313.10001
3866	313.10001
3867	313.10001
3868	313.2
3869	313.2
3870	313.2
3871	313.2
3872	313.10001
3873	313.2
3874	313.2
3875	313.30001
3876	313.10001
3877	313.10001
3878	313.10001
3879	313.10001
3880	313.2
3881	313.2
3882	313.49999
3883	313.49999
3884	313.30001
3885	312.79999
3886	312.5
3887	312.09999
3888	311.89999
3889	311.69999
3890	311.8
3891	312.20001
3892	312.79999
3893	314.1
3894	315.69999
3895	316.39999
3896	317.79999
3897	319.40001
3898	321.1
3899	321.59999
3900	323.1
3901	324.60001
3902	325.70001
3903	326.20001
3904	327.2
3905	327.89999
3906	328.59999
3907	329.2
3908	329.49999
3909	329.9
3910	330.19999
3911	330.3
3912	330.3
3913	330.59999
3914	330.8
3915	331
3916	331.2
3917	331.49999
3918	331.80001
3919	331.99999
3920	332.19999
3921	332.6
3922	332.70001
3923	332.8
3924	333.09999
3925	333.40001
3926	333.20001
3927	333.60001
3928	333.5
3929	333.60001
3930	333.7
3931	333.99999
3932	334.10001
3933	333.9
3934	333.79999
3935	333.79999
3936	334.19999
3937	334.50001
3938	334.4
3939	334.69999
3940	334.8
3941	335.00001
3942	335.00001
3943	335.20001
3944	335.1
3945	335.20001
3946	335.1
3947	335.39999
3948	335.59999
3949	335.79999
3950	335.90001
3951	335.79999
3952	335.79999
3953	335.90001
3954	336
3955	335.70001
3956	335.59999
3957	335.59999
3958	335.70001
3959	336
3960	336
3961	336.10001
3962	336.29999
3963	336.29999
3964	336.4
3965	336.29999
3966	336.60001
3967	336.9
3968	337.1
3969	337.00001
3970	337.00001
3971	337.19999
3972	337.19999
3973	337.3
3974	337.50001
3975	337.3
3976	337.3
3977	337.00001
3978	336.69999
3979	337.00001
3980	337.1
3981	337.19999
3982	337.00001
3983	336.80001
3984	336.9
3985	336.9
3986	337.00001
3987	337.00001
3988	337.19999
3989	337.00001
3990	337.1
3991	337.3
3992	337.00001
3993	337.00001
3994	337.00001
3995	337.1
3996	337.1
3997	337.3
3998	337.1
3999	337.19999
4000	337.19999
4001	337.19999
4002	337.19999
4003	337.1
4004	337.3
4005	337.3
4006	337.3
4007	337.1
4008	337.19999
4009	337.19999
4010	337.19999
4011	337.3
4012	337.39999
4013	337.50001
4014	337.59999
4015	337.59999
4016	337.50001
4017	337.59999
4018	337.70001
4019	337.8
4020	337.90001
4021	337.59999
4022	337.3
4023	337.3
4024	337.59999
4025	337.3
4026	337.59999
4027	337.70001
4028	337.70001
4029	337.70001
4030	337.70001
4031	337.59999
4032	337.90001
4033	337.90001
4034	338.2
4035	338.2
4036	338
4037	338.09999
4038	338.2
4039	338.2
4040	338.29999
4041	338.2
4042	338.49999
4043	338.29999
4044	338
4045	337.90001
4046	337.59999
4047	337.50001
4048	337.70001
4049	337.59999
4050	337.70001
4051	337.70001
4052	337.50001
4053	337.59999
4054	337.59999
4055	337.59999
4056	337.3
4057	337.39999
4058	337.59999
4059	337.59999
4060	337.70001
4061	338.09999
4062	338.49999
4063	338.7
4064	338.9
4065	339.1
4066	339.50001
4067	339.50001
4068	339.39999
4069	338.9
4070	337.70001
4071	336.69999
4072	332.8
4073	326.3
4074	318.89999
4075	311.19999
4076	307.1
4077	300.1
4078	294.09999
4079	291.59999
4080	287.2
4081	283.49999
4082	281.4
4083	280.7
4084	279.90001
4085	279.90001
4086	280.29999
4087	280.7
4088	282.00001
4089	283.30001
4090	284.79999
4091	285.49999
4092	286.8
4093	288.19999
4094	288.70001
4095	290.10001
4096	290.89999
4097	291.90001
4098	292.9
4099	293.50001
4100	294.60001
4101	295.39999
4102	296
4103	296.79999
4104	297.50001
4105	298.3
4106	298.59999
4107	299.2
4108	299.80001
4109	300.59999
4110	300.90001
4111	301.29999
4112	301.9
4113	302.19999
4114	302.70001
4115	303.20001
4116	303.5
4117	303.60001
4118	304.10001
4119	304.4
4120	304.8
4121	304.8
4122	304.8
4123	304.89999
4124	305.09999
4125	305.09999
4126	305.5
4127	305.7
4128	305.7
4129	305.99999
4130	306.10001
4131	306.4
4132	306.80001
4133	306.89999
4134	307.00001
4135	307.20001
4136	307.3
4137	307.39999
4138	307.5
4139	307.79999
4140	307.70001
4141	307.90001
4142	308
4143	308
4144	308.2
4145	308.40001
4146	308.60001
4147	308.60001
4148	308.60001
4149	308.80001
4150	308.80001
4151	308.9
4152	308.9
4153	308.99999
4154	309.30001
4155	309.1
4156	309.19999
4157	309.39999
4158	309.30001
4159	309.6
4160	309.70001
4161	309.70001
4162	309.8
4163	309.70001
4164	309.70001
4165	309.8
4166	309.50001
4167	309.6
4168	309.50001
4169	309.39999
4170	309.50001
4171	309.50001
4172	309.6
4173	309.89999
4174	309.70001
4175	309.89999
4176	309.89999
4177	310
4178	310
4179	310
4180	310.29999
4181	310.20001
4182	310.40001
4183	310.5
4184	310.99999
4185	310.20001
4186	309.70001
4187	308.7
4188	307.70001
4189	307.5
4190	307.59999
4191	307.00001
4192	304.69999
4193	303.29999
4194	302.50001
4195	301.9
4196	301.2
4197	300.70001
4198	300.3
4199	300.00001
4200	299.60001
4201	299.2
4202	299.29999
4203	299.29999
4204	299.10001
4205	298.90001
4206	298.99999
4207	298.7
4208	298.59999
4209	298.7
4210	298.3
4211	298.20001
4212	298.00001
4213	297.89999
4214	297.8
4215	298.00001
4216	298.09999
4217	298.09999
4218	298.20001
4219	298.20001
4220	298.20001
4221	298.3
4222	298.59999
4223	298.3
4224	297.89999
4225	297.69999
4226	297.30001
4227	297.4
4228	296.99999
4229	296.99999
4230	296.99999
4231	296.99999
4232	297.4
4233	297.4
4234	297.6
4235	297.69999
4236	297.69999
4237	297.69999
4238	297.69999
4239	297.6
4240	297.69999
4241	298.00001
4242	298.3
4243	298.40001
4244	298.20001
4245	298.09999
4246	297.69999
4247	297.19999
4248	296.99999
4249	296.5
4250	296.20001
4251	296.79999
4252	296.99999
4253	297.50001
4254	297.8
4255	298.00001
4256	298.20001
4257	298.00001
4258	297.89999
4259	297.6
4260	297.50001
4261	297.50001
4262	297.30001
4263	296.99999
4264	296.60001
4265	296.9
4266	297.10001
4267	297.4
4268	297.6
4269	298.00001
4270	298.3
4271	298.3
4272	298.7
4273	298.7
4274	298.90001
4275	298.90001
4276	298.90001
4277	298.59999
4278	298.59999
4279	298.59999
4280	298.90001
4281	298.90001
4282	298.7
4283	298.5
4284	298.00001
4285	297.69999
4286	297.4
4287	297.50001
4288	298.00001
4289	298.40001
4290	298.59999
4291	298.59999
4292	298.59999
4293	298.59999
4294	298.7
4295	299.10001
4296	299.10001
4297	298.99999
4298	298.99999
4299	298.5
4300	298.40001
4301	298.3
4302	298.3
4303	298.00001
4304	297.8
4305	298.00001
4306	298.3
4307	298.3
4308	298.5
4309	298.90001
4310	298.99999
4311	299.49999
4312	299.60001
4313	300.00001
4314	300.19999
4315	300.1
4316	300.19999
4317	299.9
4318	299.9
4319	300.19999
4320	300.39999
4321	300.59999
4322	300.39999
4323	300.19999
4324	300.1
4325	300.1
4326	300.00001
4327	299.9
4328	299.69999
4329	299.69999
4330	299.60001
4331	299.4
4332	299.29999
4333	299.4
4334	299.60001
4335	299.60001
4336	299.60001
4337	299.4
4338	298.99999
4339	298.99999
4340	299.29999
4341	299.60001
4342	299.9
4343	300.1
4344	300.00001
4345	300.3
4346	300.59999
4347	300.70001
4348	300.90001
4349	300.59999
4350	300.3
4351	300.3
4352	300.19999
4353	300.19999
4354	300.19999
4355	300.50001
4356	301
4357	301.9
4358	302.6
4359	303.09999
4360	303.79999
4361	304.4
4362	304.8
4363	305.00001
4364	305.90001
4365	307.1
4366	308.40001
4367	309.30001
4368	310.99999
4369	312.7
4370	313.30001
4371	315.10001
4372	316.50001
4373	317.60001
4374	318.89999
4375	319.90001
4376	321.20001
4377	322
4378	322.4
4379	323.1
4380	323.70001
4381	324.7
4382	324.7
4383	325.39999
4384	325.70001
4385	325.70001
4386	325.6
4387	325.70001
4388	326.00001
4389	326.20001
4390	326.3
4391	326.40001
4392	326.7
4393	326.79999
4394	326.99999
4395	327.2
4396	327.80001
4397	328.1
4398	328.1
4399	327.80001
4400	327.30001
4401	327.10001
4402	327.10001
4403	327.30001
4404	327.80001
4405	328.20001
4406	328.1
4407	327.89999
4408	327.80001
4409	327.69999
4410	327.80001
4411	328.3
4412	328.39999
4413	328.59999
4414	328.90001
4415	329
4416	328.90001
4417	328.79999
4418	328.70001
4419	328.79999
4420	328.90001
4421	328.90001
4422	328.90001
4423	328.59999
4424	328.70001
4425	328.5
4426	328.5
4427	328.70001
4428	329
4429	329.4
4430	329.60001
4431	329.49999
4432	329.69999
4433	329.69999
4434	329.49999
4435	329.60001
4436	329.69999
4437	329.80001
4438	329.9
4439	329.80001
4440	329.69999
4441	329.49999
4442	329.2
4443	329.29999
4444	329.4
4445	329.4
4446	329.29999
4447	329.60001
4448	329.69999
4449	329.9
4450	330.00001
4451	330.1
4452	330.50001
4453	330.70001
4454	330.59999
4455	330.8
4456	330.19999
4457	329.80001
4458	329.69999
4459	329.29999
4460	329.60001
4461	329.80001
4462	329.9
4463	329.9
4464	330.3
4465	330.3
4466	330.00001
4467	329.9
4468	329.69999
4469	329.60001
4470	329.60001
4471	329.9
4472	329.80001
4473	329.49999
4474	329.49999
4475	329.4
4476	329.69999
4477	329.69999
4478	329.69999
4479	329.9
4480	330.19999
4481	330.50001
4482	330.70001
4483	330.8
4484	330.70001
4485	330.8
4486	330.90001
4487	331.09999
4488	331.2
4489	331.2
4490	331.40001
4491	331.2
4492	331.2
4493	331.2
4494	331
4495	330.59999
4496	330.50001
4497	330.50001
4498	330.19999
4499	330.00001
4500	330.1
4501	330.19999
4502	330.39999
4503	330.8
4504	330.70001
4505	330.50001
4506	330.3
4507	330.50001
4508	330.50001
4509	330.50001
4510	330.50001
4511	330.70001
4512	330.8
4513	330.90001
4514	330.90001
4515	331
4516	331.09999
4517	330.8
4518	330.8
4519	330.90001
4520	330.90001
4521	330.90001
4522	330.8
4523	330.8
4524	330.8
4525	330.90001
4526	330.59999
4527	330.19999
4528	330.19999
4529	330.19999
4530	330.00001
4531	330.1
4532	329.9
4533	329.49999
4534	328.70001
4535	327.89999
4536	327.49999
4537	326.79999
4538	326.09999
4539	325.6
4540	324.99999
4541	324.9
4542	324.99999
4543	324.7
4544	324.40001
4545	323.19999
4546	321.1
4547	319.7
4548	315.9
4549	311.19999
4550	305.79999
4551	303
4552	297.4
4553	292.4
4554	289.9
4555	285.69999
4556	282.3
4557	279.70001
4558	277.70001
4559	277.00001
4560	276.10001
4561	275.59999
4562	275.20001
4563	275.00001
4564	275.40001
4565	275.90001
4566	276.4
4567	277.5
4568	278.49999
4569	279.59999
4570	280.2
4571	280.99999
4572	281.6
4573	282.5
4574	282.7
4575	283.80001
4576	284.70001
4577	284.79999
4578	285.10001
4579	285.49999
4580	286.1
4581	286.70001
4582	286.90001
4583	287.60001
4584	288.1
4585	288.70001
4586	289.5
4587	290.30001
4588	290.6
4589	290.80001
4590	291.00001
4591	291.20001
4592	291.1
4593	291.1
4594	291.5
4595	292
4596	292.9
4597	293.1
4598	293.50001
4599	294.09999
4600	294.29999
4601	294.7
4602	294.80001
4603	294.80001
4604	294.80001
4605	294.7
4606	294.60001
4607	294.29999
4608	293.90001
4609	293.59999
4610	293.90001
4611	294.49999
4612	294.80001
4613	295.39999
4614	295.8
4615	295.89999
4616	296.09999
4617	296.40001
4618	296.7
4619	296.7
4620	296.60001
4621	296.09999
4622	295.70001
4623	295.8
4624	295.30001
4625	295.39999
4626	295.89999
4627	296.60001
4628	296.7
4629	296.40001
4630	295.89999
4631	295.8
4632	295.39999
4633	295.19999
4634	295.39999
4635	295.19999
4636	295.1
4637	295.30001
4638	296.20001
4639	296.40001
4640	296.99999
4641	297.6
4642	298.00001
4643	298.00001
4644	298.3
4645	298.59999
4646	298.59999
4647	298.59999
4648	298.59999
4649	298.59999
4650	298.40001
4651	298.59999
4652	298.40001
4653	298.3
4654	298.00001
4655	297.8
4656	298.00001
4657	298.3
4658	298.3
4659	298.59999
4660	298.59999
4661	298.79999
4662	298.79999
4663	298.99999
4664	299.2
4665	299.29999
4666	299.29999
4667	299.4
4668	299.60001
4669	299.69999
4670	299.9
4671	299.9
4672	300.1
4673	300.39999
4674	300.50001
4675	300.70001
4676	300.70001
4677	300.70001
4678	300.50001
4679	300.19999
4680	299.9
4681	299.69999
4682	299.29999
4683	298.7
4684	298.00001
4685	297.69999
4686	297.30001
4687	297.4
4688	298.00001
4689	298.3
4690	298.59999
4691	298.90001
4692	299.10001
4693	299.29999
4694	299.29999
4695	299.29999
4696	299.10001
4697	298.99999
4698	299.29999
4699	299.60001
4700	299.80001
4701	299.9
4702	300.19999
4703	300.19999
4704	300.3
4705	300.00001
4706	299.80001
4707	299.69999
4708	299.49999
4709	299.4
4710	299.80001
4711	299.9
4712	300.3
4713	300.59999
4714	300.59999
4715	300.50001
4716	300.3
4717	299.80001
4718	299.60001
4719	299.80001
4720	299.9
4721	300.3
4722	300.59999
4723	300.70001
4724	300.90001
4725	301.2
4726	301.2
4727	301.09999
4728	301.09999
4729	301.29999
4730	301.40001
4731	301.2
4732	301.29999
4733	301.2
4734	301.49999
4735	301.60001
4736	301.7
4737	301.7
4738	301.49999
4739	301.29999
4740	301.2
4741	300.8
4742	300.19999
4743	299.9
4744	299.29999
4745	299.10001
4746	299.29999
4747	299.29999
4748	299.2
4749	299.10001
4750	299.2
4751	299.2
4752	298.99999
4753	299.2
4754	299.60001
4755	300.3
4756	301
4757	301.40001
4758	301.49999
4759	301.9
4760	301.99999
4761	302.19999
4762	301.9
4763	301.80001
4764	301.49999
4765	301.49999
4766	301.40001
4767	301.29999
4768	301.09999
4769	300.70001
4770	300.50001
4771	299.69999
4772	300.1
4773	299.9
4774	300.50001
4775	300.8
4776	300.90001
4777	301.2
4778	301.2
4779	301.29999
4780	301.2
4781	301.40001
4782	301.80001
4783	301.9
4784	301.9
4785	301.99999
4786	302.30001
4787	302.1
4788	301.9
4789	301.9
4790	302.1
4791	302.1
4792	302.19999
4793	302.19999
4794	302.50001
4795	302.30001
4796	302.50001
4797	302.19999
4798	301.99999
4799	301.99999
4800	301.9
4801	301.9
4802	301.80001
4803	301.9
4804	301.80001
4805	301.9
4806	301.7
4807	301.7
4808	301.2
4809	300.59999
4810	300.1
4811	300.19999
4812	300.59999
4813	300.90001
4814	301.09999
4815	301.2
4816	301.2
4817	301.29999
4818	301.40001
4819	301.49999
4820	301.49999
4821	301.80001
4822	301.80001
4823	301.80001
4824	301.9
4825	301.9
4826	301.80001
4827	301.60001
4828	301.9
4829	302.19999
4830	302.8
4831	303.5
4832	303.99999
4833	304.6
4834	305.20001
4835	305.40001
4836	305.7
4837	305.99999
4838	306.4
4839	307.79999
4840	309.39999
4841	311.4
4842	312.20001
4843	314.20001
4844	315.80001
4845	317
4846	317.7
4847	318.50001
4848	319.40001
4849	320.4
4850	320.89999
4851	321.90001
4852	322.9
4853	323.19999
4854	323.8
4855	324.09999
4856	324.29999
4857	324.7
4858	324.7
4859	324.9
4860	324.80001
4861	324.7
4862	324.99999
4863	325.6
4864	326.09999
4865	326.3
4866	326.40001
4867	326.3
4868	326.09999
4869	326.3
4870	326.20001
4871	326.7
4872	327.10001
4873	326.90001
4874	327.2
4875	327.4
4876	327.6
4877	328.00001
4878	328.20001
4879	328.3
4880	328.20001
4881	328.3
4882	328.3
4883	328.3
4884	328.5
4885	328.90001
4886	328.70001
4887	328.79999
4888	328.90001
4889	328.90001
4890	328.79999
4891	328.90001
4892	328.79999
4893	328.59999
4894	328.70001
4895	328.59999
4896	328.70001
4897	328.90001
4898	329
4899	329.10001
4900	328.5
4901	328.1
4902	327.80001
4903	328.20001
4904	328.3
4905	328.3
4906	328.20001
4907	328.3
4908	328.3
4909	328.79999
4910	329
4911	329
4912	329
4913	329.29999
4914	329.10001
4915	329
4916	329
4917	328.90001
4918	328.79999
4919	328.79999
4920	328.90001
4921	328.90001
4922	328.90001
4923	329.10001
4924	329
4925	328.70001
4926	328.59999
4927	328.59999
4928	328.59999
4929	328.5
4930	328.5
4931	328.5
4932	328.70001
4933	328.70001
4934	328.59999
4935	328.39999
4936	328.59999
4937	328.5
4938	328.5
4939	328.59999
4940	328.59999
4941	328.59999
4942	328.59999
4943	328.5
4944	328.59999
4945	328.5
4946	328.59999
4947	328.90001
4948	328.70001
4949	328.39999
4950	328.39999
4951	328.3
4952	328.79999
4953	328.79999
4954	328.90001
4955	328.79999
4956	329
4957	328.79999
4958	328.90001
4959	328.59999
4960	328.79999
4961	328.59999
4962	328.79999
4963	328.70001
4964	328.79999
4965	328.79999
4966	328.90001
4967	329
4968	329.2
4969	329.2
4970	328.79999
4971	328.90001
4972	328.90001
4973	329.2
4974	329.29999
4975	329.2
4976	329.4
4977	329.4
4978	329.4
4979	329.29999
4980	329.4
4981	329.49999
4982	329.4
4983	329.4
4984	329.49999
4985	329.49999
4986	329.4
4987	329.60001
4988	329.4
4989	329.2
4990	329.10001
4991	329.10001
4992	328.79999
4993	328.59999
4994	328.90001
4995	328.59999
4996	328.59999
4997	328.70001
4998	328.90001
4999	329.10001
5000	329.49999
5001	329.60001
5002	329.60001
5003	329.60001
5004	329.69999
5005	329.69999
5006	329
5007	328.5
5008	327.30001
5009	326.5
5010	326.20001
5011	326.00001
5012	325.89999
5013	326.00001
5014	326.00001
5015	326.20001
5016	325.70001
5017	324.7
5018	323.1
5019	321.90001
5020	318.8
5021	314.1
5022	311.50001
5023	305.7
5024	299.9
5025	294.2
5026	291.59999
5027	287
5028	282.79999
5029	279.70001
5030	278.10001
5031	276.10001
5032	275.40001
5033	276.10001
5034	276.69999
5035	277.1
5036	275.59999
5037	275.20001
5038	275.20001
5039	275.5
5040	276.2
5041	276.49999
5042	276.69999
5043	277.1
5044	277.90001
5045	278.2
5046	278.4
5047	278.80001
5048	278.9
5049	279.00001
5050	279.39999
5051	280
5052	280.7
5053	280.99999
5054	281.50001
5055	281.89999
5056	282.3
5057	282.5
5058	282.90001
5059	283.30001
5060	283.49999
5061	283.80001
5062	284.3
5063	284.5
5064	284.90001
5065	284.79999
5066	284.90001
5067	285
5068	285
5069	285.10001
5070	284.79999
5071	284.79999
5072	284.90001
5073	285.10001
5074	285.2
5075	285.2
5076	285.29999
5077	285.29999
5078	285.2
5079	285.49999
5080	286.00001
5081	286.19999
5082	286.59999
5083	286.90001
5084	287.09999
5085	287.29999
5086	287.29999
5087	286.90001
5088	286.8
5089	287.09999
5090	287.40001
5091	287.80001
5092	288.30001
5093	288.6
5094	288.70001
5095	288.6
5096	288.89999
5097	289.09999
5098	289.5
5099	289.60001
5100	289.9
5101	289.99999
5102	289.9
5103	290.10001
5104	289.99999
5105	289.99999
5106	290.2
5107	289.99999
5108	289.99999
5109	289.99999
5110	290.10001
5111	289.9
5112	289.7
5113	289.79999
5114	289.9
5115	289.60001
5116	289.79999
5117	289.79999
5118	289.99999
5119	290.10001
5120	290.4
5121	290.6
5122	290.6
5123	290.6
5124	290.80001
5125	290.6
5126	290.80001
5127	290.80001
5128	290.6
5129	290.69999
5130	290.80001
5131	291.00001
5132	291.00001
5133	291.20001
5134	291.20001
5135	291.5
5136	291.20001
5137	291.1
5138	290.89999
5139	291.1
5140	290.89999
5141	290.89999
5142	291.00001
5143	291.20001
5144	290.89999
5145	290.6
5146	290.30001
5147	289.9
5148	290.10001
5149	289.99999
5150	290.30001
5151	290.49999
5152	290.4
5153	290.80001
5154	290.89999
5155	291.3
5156	291.20001
5157	291.3
5158	291.20001
5159	291.20001
5160	291.59999
5161	291.3
5162	290.89999
5163	290.69999
5164	290.6
5165	290.80001
5166	290.89999
5167	291.20001
5168	291.00001
5169	291.3
5170	291.20001
5171	291.5
5172	291.59999
5173	291.1
5174	290.89999
5175	290.49999
5176	290.2
5177	290.30001
5178	290.6
5179	291.1
5180	291.20001
5181	291.3
5182	291.59999
5183	291.70001
5184	291.70001
5185	291.90001
5186	291.59999
5187	291.59999
5188	291.39999
5189	291.1
5190	291.3
5191	291.39999
5192	291.90001
5193	292.10001
5194	292.29999
5195	292.2
5196	292.29999
5197	292.4
5198	292.49999
5199	292.49999
5200	292.80001
5201	292.9
5202	292.49999
5203	292.49999
5204	292.4
5205	292.2
5206	292.2
5207	292.4
5208	292.2
5209	292.29999
5210	292.29999
5211	292.4
5212	292.10001
5213	291.70001
5214	291.59999
5215	290.89999
5216	290.80001
5217	290.80001
5218	291.00001
5219	291.20001
5220	291.3
5221	291.39999
5222	291.39999
5223	291.20001
5224	290.89999
5225	291.00001
5226	290.89999
5227	291.5
5228	291.79999
5229	292.2
5230	292.49999
5231	292.49999
5232	292.69999
5233	292.80001
5234	292.9
5235	293.1
5236	293.19999
5237	293.39999
5238	293.39999
5239	293.39999
5240	293.19999
5241	293.1
5242	292.9
5243	292.69999
5244	292.4
5245	292.49999
5246	292.4
5247	292.4
5248	291.70001
5249	291.39999
5250	291.39999
5251	291.59999
5252	292.10001
5253	292.49999
5254	292.60001
5255	292.80001
5256	292.80001
5257	293.00001
5258	293.19999
5259	293.19999
5260	293.00001
5261	293.3
5262	293.3
5263	293.19999
5264	293.19999
5265	293.00001
5266	293.00001
5267	293.1
5268	293.19999
5269	293.19999
5270	293.19999
5271	292.69999
5272	292.60001
5273	292
5274	291.79999
5275	291.79999
5276	291.59999
5277	291.79999
5278	292.2
5279	292.29999
5280	292.80001
5281	292.9
5282	293.1
5283	293.1
5284	293.19999
5285	293.39999
5286	293.59999
5287	293.59999
5288	293.39999
5289	293.50001
5290	293.59999
5291	293.70001
5292	293.50001
5293	293.39999
5294	293.50001
5295	293.50001
5296	293.3
5297	293.19999
5298	293.39999
5299	293.1
5300	292.49999
5301	292.4
5302	292.49999
5303	292.60001
5304	293.50001
5305	294
5306	294.2
5307	294.09999
5308	293.8
5309	294
5310	294.09999
5311	294.49999
5312	294.9
5313	295.19999
5314	296.20001
5315	297.30001
5316	298.99999
5317	300.59999
5318	301.49999
5319	303.20001
5320	304.4
5321	305.09999
5322	306.4
5323	307.3
5324	308.29999
5325	308.9
5326	309.8
5327	310.7
5328	311.4
5329	311.6
5330	312.09999
5331	312.5
5332	312.79999
5333	312.7
5334	313.10001
5335	313.10001
5336	313.10001
5337	313.49999
5338	313.80001
5339	313.49999
5340	313.30001
5341	313.4
5342	313.30001
5343	313.80001
5344	314.00001
5345	314.39999
5346	314.3
5347	313.80001
5348	313.69999
5349	313.80001
5350	313.89999
5351	314.20001
5352	314.39999
5353	314.5
5354	314.70001
5355	314.70001
5356	314.70001
5357	314.39999
5358	314.39999
5359	314.39999
5360	314.3
5361	314.3
5362	314.20001
5363	314.39999
5364	314.5
5365	315
5366	315.60001
5367	315.60001
5368	315.9
5369	315.69999
5370	315.2
5371	315.10001
5372	314.5
5373	314.1
5374	313.89999
5375	314.20001
5376	314.39999
5377	314.70001
5378	315.10001
5379	315.29999
5380	315.69999
5381	316.00001
5382	316.00001
5383	316.00001
5384	316.3
5385	316.3
5386	316.3
5387	316.3
5388	316.39999
5389	316.19999
5390	316.3
5391	316.70001
5392	316.8
5393	316.39999
5394	316.50001
5395	316.70001
5396	316.8
5397	316.8
5398	316.8
5399	316.50001
5400	316.00001
5401	315.60001
5402	315.4
5403	315.10001
5404	315.10001
5405	315.29999
5406	315.49999
5407	315.9
5408	316.00001
5409	316.00001
5410	316.1
5411	316.00001
5412	315.69999
5413	315.69999
5414	315.29999
5415	315.4
5416	315.4
5417	315.4
5418	315.49999
5419	315.29999
5420	315.4
5421	315.4
5422	315.2
5423	315.10001
5424	315.4
5425	315.49999
5426	315.69999
5427	315.80001
5428	315.9
5429	316.1
5430	316.50001
5431	316.70001
5432	316.59999
5433	316.59999
5434	316.39999
5435	316.39999
5436	316.39999
5437	316.70001
5438	316.39999
5439	316.19999
5440	316.00001
5441	315.69999
5442	315.4
5443	315.29999
5444	315.2
5445	315
5446	315
5447	315.4
5448	315.69999
5449	316.1
5450	316.39999
5451	316.8
5452	317
5453	317.40001
5454	317.5
5455	317.40001
5456	317.20001
5457	316.90001
5458	316.70001
5459	316.70001
5460	317.29999
5461	317.40001
5462	317.29999
5463	317.29999
5464	317
5465	317
5466	316.70001
5467	316.70001
5468	317
5469	316.90001
5470	316.50001
5471	316.3
5472	316.3
5473	316.39999
5474	316.70001
5475	316.59999
5476	316.00001
5477	315.4
5478	315.4
5479	315.4
5480	315.29999
5481	315.10001
5482	314.70001
5483	314.90001
5484	314.70001
5485	314.39999
5486	314.39999
5487	314.39999
5488	314.59999
5489	314.39999
5490	314.1
5491	313.49999
5492	311.19999
5493	307.5
5494	305.00001
5495	298.99999
5496	292.9
5497	289.60001
5498	283.2
5499	277.3
5500	272.50001
5501	268.7
5502	266.9
5503	264.49999
5504	263.20001
5505	262.6
5506	261.99999
5507	262.2
5508	262.6
5509	262.6
5510	263.20001
5511	263.90001
5512	265.19999
5513	266
5514	267.4
5515	268.99999
5516	270.70001
5517	271.4
5518	272.50001
5519	273.5
5520	273.9
5521	274.50001
5522	275.00001
5523	275.40001
5524	275.79999
5525	276.10001
5526	276.80001
5527	277.70001
5528	278.2
5529	279.1
5530	280.29999
5531	281.1
5532	281.30001
5533	281.69999
5534	281.89999
5535	281.89999
5536	281.89999
5537	282.3
5538	282.7
5539	282.7
5540	282.59999
5541	282.7
5542	282.79999
5543	282.7
5544	283.2
5545	283.49999
5546	284.5
5547	285.49999
5548	285.69999
5549	286.1
5550	286.39999
5551	286.50001
5552	286.8
5553	287
5554	287.40001
5555	287.40001
5556	287.9
5557	287.99999
5558	287.7
5559	287.7
5560	287.49999
5561	287.7
5562	287.99999
5563	288.1
5564	288.39999
5565	288.70001
5566	288.70001
5567	288.6
5568	288.39999
5569	288.39999
5570	289
5571	289.29999
5572	289.29999
5573	289.99999
5574	290.10001
5575	290.49999
5576	290.6
5577	290.6
5578	290.49999
5579	290.4
5580	290.80001
5581	291.20001
5582	291.20001
5583	291.1
5584	291.20001
5585	291.59999
5586	291.79999
5587	291.59999
5588	292
5589	292.10001
5590	291.90001
5591	291.90001
5592	291.5
5593	291.59999
5594	291.5
5595	291.59999
5596	291.59999
5597	291.59999
5598	291.79999
5599	291.70001
5600	291.39999
5601	291.3
5602	290.80001
5603	290.6
5604	290.69999
5605	290.80001
5606	291.20001
5607	291.5
5608	291.70001
5609	291.59999
5610	291.59999
5611	291.20001
5612	291.1
5613	290.6
5614	290.30001
5615	289.79999
5616	289.99999
5617	289.9
5618	290.6
5619	290.69999
5620	290.89999
5621	291.20001
5622	291.20001
5623	291.3
5624	291.5
5625	291.59999
5626	291.79999
5627	292.10001
5628	292
5629	292.29999
5630	292.49999
5631	292.9
5632	293.19999
5633	293.39999
5634	293.3
5635	293.50001
5636	293.70001
5637	293.70001
5638	293.70001
5639	293.8
5640	293.8
5641	293.8
5642	293.90001
5643	293.8
5644	294
5645	294.09999
5646	293.70001
5647	293.70001
5648	293.50001
5649	293.50001
5650	293.59999
5651	293.50001
5652	293.39999
5653	293.39999
5654	293.1
5655	292.80001
5656	292.69999
5657	292.49999
5658	292.80001
5659	292.69999
5660	292.60001
5661	292.10001
5662	291.90001
5663	291.59999
5664	291.3
5665	290.89999
5666	290.6
5667	290.4
5668	290.69999
5669	291.1
5670	291.59999
5671	292.2
5672	292.60001
5673	293.19999
5674	293.50001
5675	293.8
5676	294.09999
5677	294.2
5678	294.2
5679	294.29999
5680	294.2
5681	294.40001
5682	294.29999
5683	294.2
5684	294
5685	293.8
5686	293.70001
5687	293.19999
5688	292.49999
5689	292.60001
5690	292.49999
5691	292.80001
5692	292.49999
5693	292.49999
5694	292.2
5695	291.90001
5696	291.70001
5697	291.79999
5698	291.90001
5699	292.4
5700	292.49999
5701	292.80001
5702	293.00001
5703	293.3
5704	293.50001
5705	293.39999
5706	292.9
5707	292.49999
5708	292.2
5709	292.2
5710	292.60001
5711	293.1
5712	293.1
5713	293.19999
5714	293.50001
5715	293.50001
5716	293.59999
5717	293.8
5718	293.70001
5719	293.70001
5720	293.8
5721	293.8
5722	293.50001
5723	293.39999
5724	293.3
5725	292.60001
5726	292.49999
5727	292.4
5728	292.9
5729	293.1
5730	293.59999
5731	293.59999
5732	293.50001
5733	293.50001
5734	293.39999
5735	293.39999
5736	293.19999
5737	293.3
5738	293.39999
5739	293.19999
5740	292.69999
5741	292.49999
5742	292.49999
5743	292.69999
5744	293.00001
5745	293.50001
5746	294.09999
5747	294.29999
5748	294.40001
5749	294.29999
5750	294.09999
5751	294.2
5752	294.2
5753	294.49999
5754	294.7
5755	294.7
5756	294.80001
5757	294.49999
5758	294.29999
5759	293.8
5760	293.59999
5761	293.50001
5762	293.50001
5763	293.59999
5764	293.8
5765	293.70001
5766	293.70001
5767	293.70001
5768	293.8
5769	293.39999
5770	293.3
5771	292.9
5772	292.4
5773	292.49999
5774	292.49999
5775	292.9
5776	293.70001
5777	294.2
5778	294.2
5779	294.40001
5780	294.9
5781	294.9
5782	295.19999
5783	295.50001
5784	295.6
5785	295.6
5786	295.8
5787	296.40001
5788	296.99999
5789	297.50001
5790	298.79999
5791	300.3
5792	302.19999
5793	302.89999
5794	304.19999
5795	305.3
5796	305.99999
5797	307.1
5798	307.90001
5799	308.60001
5800	309.1
5801	309.39999
5802	309.89999
5803	310.20001
5804	310.40001
5805	310.9
5806	311.50001
5807	311.6
5808	311.6
5809	311.8
5810	311.89999
5811	312.20001
5812	312.20001
5813	312.40001
5814	312.7
5815	312.79999
5816	313.10001
5817	313.30001
5818	313.30001
5819	313.2
5820	313.30001
5821	313.30001
5822	313.49999
5823	313.69999
5824	313.49999
5825	313.49999
5826	313.4
5827	313.2
5828	312.99999
5829	312.99999
5830	312.90001
5831	312.79999
5832	312.90001
5833	313.10001
5834	313.30001
5835	313.10001
5836	313.4
5837	313.49999
5838	313.4
5839	313.2
5840	312.99999
5841	313.10001
5842	313.10001
5843	312.79999
5844	312.79999
5845	312.90001
5846	313.2
5847	313.49999
5848	313.89999
5849	314.3
5850	314.5
5851	314.39999
5852	314.39999
5853	314.59999
5854	314.70001
5855	314.59999
5856	314.59999
5857	314.1
5858	313.89999
5859	313.69999
5860	314.20001
5861	314.39999
5862	314.5
5863	315.10001
5864	315.60001
5865	315.69999
5866	315.69999
5867	315.69999
5868	315.69999
5869	315.49999
5870	315.4
5871	315.10001
5872	314.70001
5873	314.70001
5874	314.79999
5875	314.59999
5876	314.39999
5877	314.59999
5878	314.70001
5879	315
5880	314.79999
5881	314.79999
5882	314.39999
5883	314.3
5884	314.20001
5885	314.1
5886	313.89999
5887	313.80001
5888	314.00001
5889	314.3
5890	314.39999
5891	314.39999
5892	314.5
5893	314.39999
5894	314.59999
5895	314.70001
5896	315
5897	314.70001
5898	314.5
5899	314.1
5900	313.80001
5901	313.80001
5902	314.1
5903	314.1
5904	313.89999
5905	314.00001
5906	313.80001
5907	313.69999
5908	313.69999
5909	313.89999
5910	314.1
5911	314.1
5912	314.39999
5913	314.1
5914	314.00001
5915	314.1
5916	314.3
5917	314.39999
5918	314.39999
5919	314.70001
5920	314.90001
5921	315.10001
5922	314.79999
5923	314.70001
5924	314.39999
5925	314.1
5926	314.1
5927	314.3
5928	314.79999
5929	315.29999
5930	315.10001
5931	315.2
5932	315.4
5933	315.49999
5934	315.69999
5935	315.80001
5936	316.1
5937	316.1
5938	316.00001
5939	315.69999
5940	315.60001
5941	315.69999
5942	315.49999
5943	315.29999
5944	315
5945	314.70001
5946	314.90001
5947	315.2
5948	315.10001
5949	315.29999
5950	315.29999
5951	315.49999
5952	315.69999
5953	315.49999
5954	315.2
5955	314.5
5956	314.20001
5957	314.1
5958	314.5
5959	314.5
5960	314.70001
5961	314.70001
5962	314.5
5963	314.1
5964	312.7
5965	311.69999
5966	308.7
5967	304.19999
5968	298.99999
5969	296.09999
5970	289.99999
5971	283.89999
5972	278.60001
5973	276.10001
5974	271.9
5975	268.5
5976	265.8
5977	264.9
5978	263.20001
5979	261.99999
5980	261.59999
5981	261.5
5982	261.7
5983	262.49999
5984	263.00001
5985	263.90001
5986	264.9
5987	266.29999
5988	266.9
5989	268.40001
5990	269.80001
5991	271
5992	271.60001
5993	272.6
5994	273.9
5995	275.20001
5996	275.79999
5997	277.00001
5998	277.79999
5999	278.69999
6000	279.00001
6001	280.29999
6002	281.6
6003	282.40001
6004	283.6
6005	284.5
6006	285
6007	285.60001
6008	285.80001
6009	286.3
6010	287.09999
6011	287.09999
6012	287.60001
6013	287.99999
6014	288.30001
6015	288.50001
6016	288.8
6017	289.20001
6018	289.5
6019	289.60001
6020	289.99999
6021	290.4
6022	290.6
6023	290.80001
6024	290.89999
6025	291.00001
6026	290.89999
6027	291.00001
6028	291.39999
6029	291.59999
6030	291.5
6031	291.39999
6032	291.70001
6033	291.90001
6034	292
6035	292.49999
6036	293.00001
6037	293.00001
6038	293.19999
6039	293.3
6040	293.50001
6041	293.50001
6042	293.59999
6043	293.50001
6044	293.70001
6045	294
6046	294
6047	294.49999
6048	294.2
6049	294.09999
6050	294.09999
6051	293.8
6052	293.90001
6053	293.59999
6054	293.59999
6055	293.59999
6056	293.70001
6057	293.59999
6058	293.50001
6059	293.59999
6060	293.8
6061	293.8
6062	294
6063	294.09999
6064	294
6065	294.09999
6066	294.2
6067	294.49999
6068	294.49999
6069	294.49999
6070	294.40001
6071	294.49999
6072	294.60001
6073	294.49999
6074	294.49999
6075	294.49999
6076	294.60001
6077	294.80001
6078	294.9
6079	295.39999
6080	295.39999
6081	295.8
6082	296.29999
6083	296.29999
6084	296.09999
6085	296.09999
6086	295.8
6087	295.50001
6088	295.19999
6089	295.1
6090	294.99999
6091	294.9
6092	294.99999
6093	294.9
6094	294.9
6095	295.1
6096	295.1
6097	294.80001
6098	294.80001
6099	294.80001
6100	294.80001
6101	294.7
6102	294.80001
6103	294.99999
6104	295.30001
6105	295.50001
6106	295.8
6107	295.8
6108	295.6
6109	295.70001
6110	295.50001
6111	295.6
6112	295.8
6113	295.8
6114	295.8
6115	295.8
6116	295.70001
6117	295.8
6118	295.8
6119	295.8
6120	295.8
6121	296
6122	296.20001
6123	296
6124	296.20001
6125	296.40001
6126	296.7
6127	296.9
6128	296.99999
6129	297.10001
6130	296.99999
6131	297.10001
6132	296.99999
6133	296.79999
6134	296.7
6135	296.7
6136	296.60001
6137	296.60001
6138	296.7
6139	296.5
6140	296.60001
6141	296.7
6142	296.7
6143	296.79999
6144	296.99999
6145	296.99999
6146	296.79999
6147	296.7
6148	296.40001
6149	296.40001
6150	296.7
6151	296.20001
6152	296.40001
6153	296.40001
6154	296.40001
6155	296.5
6156	296.29999
6157	296.20001
6158	296.40001
6159	296.7
6160	296.5
6161	296.29999
6162	296.60001
6163	296.79999
6164	296.99999
6165	296.99999
6166	296.99999
6167	296.9
6168	297.10001
6169	297.19999
6170	297.10001
6171	297.10001
6172	297.10001
6173	297.19999
6174	296.99999
6175	296.9
6176	296.7
6177	296.99999
6178	297.19999
6179	297.4
6180	297.19999