1	47.64
2	48.02
3	47.93
4	47.68
5	47.81
6	47.7
7	47.91
8	47.99
9	48.14
10	47.7
11	47.7
12	47.83
13	47.76
14	48
15	47.64
16	47.68
17	47.66
18	47.79
19	47.72
20	47.91
21	48
22	47.72
23	47.55
24	47.6
25	47.78
26	47.91
27	48.04
28	47.97
29	47.79
30	47.76
31	47.76
32	47.76
33	47.93
34	48
35	47.78
36	47.58
37	47.55
38	47.66
39	47.81
40	48.12
41	47.85
42	47.66
43	47.79
44	47.78
45	47.85
46	47.85
47	47.81
48	47.89
49	47.55
50	47.49
51	47.68
52	47.87
53	47.97
54	47.97
55	47.68
56	47.57
57	47.68
58	47.81
59	47.99
60	47.81
61	47.83
62	47.99
63	47.79
64	48.1
65	47.91
66	47.64
67	47.78
68	48.21
69	48.12
70	47.68
71	47.78
72	47.66
73	48.06
74	48.12
75	47.51
76	47.72
77	47.76
78	47.72
79	47.89
80	47.32
81	47.32
82	47.51
83	47.47
84	47.28
85	47.34
86	47.37
87	47.68
88	47.62
89	47.34
90	47.6
91	47.53
92	47.58
93	47.2
94	47.68
95	47.6
96	47.49
97	47.7
98	47.53
99	47.57
100	47.93
101	47.7
102	47.58
103	47.78
104	48.25
105	47.97
106	47.95
107	48.14
108	48.16
109	48.2
110	48.46
111	48.65
112	48.46
113	48.46
114	48.67
115	48.71
116	48.69
117	48.56
118	48.73
119	48.73
120	48.86
121	49.15
122	48.65
123	48.73
124	48.81
125	48.96
126	48.82
127	48.69
128	48.77
129	48.9
130	49.03
131	48.88
132	49.19
133	49.23
134	49.07
135	48.77
136	48.84
137	49.09
138	48.81
139	49.03
140	49.07
141	48.92
142	48.84
143	48.84
144	49.02
145	49.03
146	48.98
147	48.86
148	49.09
149	49.42
150	49.11
151	48.94
152	48.92
153	48.81
154	49.02
155	49.05
156	49.03
157	49.03
158	49.17
159	49.32
160	49.19
161	48.92
162	48.88
163	49.02
164	49.09
165	48.96
166	49
167	49.05
168	49.32
169	49.11
170	48.92
171	49.03
172	48.94
173	49.07
174	49.03
175	48.98
176	49.23
177	49.24
178	49.53
179	49.13
180	48.98
181	49
182	49.21
183	49.13
184	49.09
185	49.05
186	49.05
187	49.36
188	49.43
189	49.26
190	49.3
191	49.43
192	49.45
193	49.34
194	48.86
195	48.9
196	49
197	49.07
198	49.17
199	49.23
200	48.86
201	48.9
202	48.9
203	49.03
204	49.09
205	49.55
206	49.36
207	49.17
208	48.92
209	49.13
210	49.09
211	49.3
212	49.4
213	49.26
214	49.03
215	48.94
216	49.13
217	49.4
218	49
219	48.94
220	49.05
221	49.38
222	49.28
223	49
224	49.13
225	49.32
226	49.19
227	49
228	49.09
229	49.15
230	49.19
231	48.84
232	49.07
233	49.36
234	49.02
235	49.02
236	49.09
237	49.13
238	48.96
239	49.07
240	49.13
241	49.55
242	49.11
243	49.17
244	49.34
245	49.09
246	49.17
247	49.19
248	49.03
249	49.05
250	49
251	49.19
252	48.86
253	49.19
254	49.45
255	49.34
256	49.09
257	49.09
258	49.19
259	49.21
260	48.98
261	49.11
262	49.38
263	49.51
264	49.32
265	49.07
266	49.13
267	49.03
268	48.94
269	49.13
270	49.13
271	48.79
272	48.75
273	48.6
274	48.77
275	48.73
276	48.67
277	48.73
278	48.92
279	48.73
280	48.56
281	48.61
282	48.63
283	48.27
284	48.27
285	48.2
286	48.25
287	47.87
288	47.62
289	47.53
290	47.28
291	46.84
292	46.86
293	46.55
294	46.29
295	46.04
296	45.98
297	45.62
298	45.3
299	45.07
300	44.95
301	44.72
302	44.86
303	44.97
304	44.76
305	44.8
306	45.16
307	45.31
308	45.07
309	45.14
310	45.09
311	44.93
312	45.01
313	45.18
314	45.45
315	45.58
316	45.35
317	45.24
318	45.41
319	45.33
320	45.7
321	45.49
322	45.52
323	45.49
324	45.75
325	46.12
326	45.7
327	45.54
328	45.89
329	46
330	45.94
331	45.66
332	45.81
333	45.98
334	45.66
335	45.87
336	46.1
337	46.15
338	46.29
339	45.96
340	46.19
341	46.29
342	45.81
343	46.19
344	46.52
345	46.21
346	46.04
347	45.96
348	46.46
349	46
350	46.29
351	46.52
352	46.17
353	46.14
354	46.55
355	46.25
356	46.23
357	46.46
358	46.12
359	46.36
360	46.25
361	46.59
362	46.4
363	46.36
364	46.36
365	46.44
366	46.15
367	46.29
368	46.31
369	46.36
370	46.78
371	46.21
372	46.33
373	46.38
374	46.76
375	46.86
376	46.27
377	46.31
378	46.33
379	46.44
380	46.67
381	46.54
382	46.52
383	46.15
384	46.17
385	46.27
386	46.27
387	46.25
388	46.52
389	46.38
390	46.63
391	46.9
392	46.84
393	46.63
394	46.34
395	46.33
396	46.36
397	46.34
398	46.36
399	46.59
400	46.48
401	46.4
402	46.46
403	46.61
404	46.78
405	46.84
406	46.84
407	46.5
408	46.57
409	46.71
410	46.59
411	46.31
412	46.31
413	46.34
414	46.46
415	46.54
416	46.55
417	46.88
418	46.82
419	46.84
420	46.42
421	46.54
422	46.48
423	46.5
424	46.44
425	46.52
426	46.31
427	46.36
428	46.44
429	46.46
430	46.84
431	46.44
432	46.38
433	46.5
434	46.54
435	46.82
436	46.27
437	46.54
438	46.46
439	46.88
440	46.29
441	46.59
442	46.69
443	46.84
444	46.44
445	46.54
446	46.54
447	46.9
448	46.36
449	46.48
450	46.96
451	46.52
452	46.48
453	46.5
454	46.76
455	46.55
456	46.5
457	46.73
458	46.63
459	46.75
460	46.55
461	46.78
462	46.38
463	46.59
464	46.78
465	46.55
466	46.76
467	46.71
468	46.73
469	46.42
470	46.55
471	47.03
472	46.78
473	46.65
474	46.99
475	46.76
476	46.63
477	46.61
478	46.69
479	46.94
480	46.88
481	46.5
482	46.48
483	46.54
484	46.76
485	46.94
486	46.8
487	46.55
488	46.55
489	46.78
490	46.94
491	46.4
492	46.52
493	46.59
494	46.65
495	46.94
496	46.65
497	46.63
498	46.5
499	46.61
500	46.67
501	46.86
502	46.84
503	46.75
504	46.92
505	46.44
506	46.59
507	46.27
508	46.23
509	46.29
510	46.44
511	46.46
512	46.42
513	46.27
514	46.25
515	46.21
516	46.34
517	46.34
518	46.34
519	46.25
520	46.29
521	46.34
522	46.52
523	46.12
524	46.12
525	46.17
526	46.46
527	46.29
528	46.5
529	46.55
530	46.36
531	46.31
532	46.21
533	46.34
534	46.25
535	46.21
536	46.14
537	46.19
538	46.4
539	46.57
540	46.38
541	46.17
542	45.98
543	46.19
544	46.25
545	46.34
546	46.42
547	46.14
548	46.19
549	46.15
550	46.23
551	46.54
552	46.31
553	46.17
554	46.25
555	46.25
556	46.59
557	46.52
558	46.19
559	46.48
560	46.23
561	46.52
562	46.54
563	46.46
564	46.23
565	46.46
566	46.73
567	46.99
568	46.5
569	46.67
570	46.59
571	46.99
572	46.9
573	46.67
574	46.82
575	46.9
576	47.17
577	47.07
578	47.15
579	47.3
580	47.28
581	47.37
582	47.72
583	47.74
584	47.49
585	47.57
586	48.02
587	48.16
588	47.78
589	47.79
590	48.16
591	48.2
592	47.89
593	48.06
594	48.18
595	48.31
596	48.14
597	48.16
598	48.31
599	48.29
600	48.4
601	48.14
602	48.29
603	48.2
604	48.29
605	48.5
606	48.39
607	48.14
608	48.37
609	48.29
610	48.21
611	48.18
612	48.18
613	48.35
614	48.2
615	48.21
616	48.44
617	48.52
618	48.48
619	48.37
620	48.37
621	48.29
622	48.42
623	48.67
624	48.42
625	48.44
626	48.46
627	48.58
628	48.56
629	48.63
630	48.33
631	48.27
632	48.33
633	48.39
634	48.61
635	48.48
636	48.48
637	48.33
638	48.6
639	48.69
640	48.61
641	48.33
642	48.42
643	48.35
644	48.77
645	48.5
646	48.27
647	48.35
648	48.69
649	48.92
650	48.39
651	48.29
652	48.58
653	48.65
654	48.63
655	48.52
656	48.4
657	48.46
658	48.52
659	48.69
660	48.63
661	48.44
662	48.39
663	48.67
664	48.65
665	48.31
666	48.48
667	48.54
668	48.96
669	48.56
670	48.37
671	48.54
672	48.65
673	48.77
674	48.4
675	48.4
676	48.54
677	48.71
678	48.67
679	48.69
680	48.35
681	48.48
682	48.69
683	48.4
684	48.44
685	48.54
686	48.56
687	48.46
688	48.54
689	48.52
690	48.58
691	48.5
692	48.4
693	48.46
694	48.6
695	48.35
696	48.46
697	48.37
698	48.67
699	48.39
700	48.6
701	48.75
702	48.71
703	48.44
704	48.52
705	48.56
706	48.77
707	48.75
708	48.46
709	48.48
710	48.67
711	48.71
712	48.63
713	48.56
714	48.37
715	48.54
716	48.42
717	48.86
718	48.86
719	48.35
720	48.65
721	48.58
722	48.58
723	48.9
724	48.84
725	48.81
726	48.56
727	48.39
728	48.69
729	48.61
730	48.39
731	48.67
732	48.79
733	48.69
734	48.35
735	48.4
736	48.54
737	48.79
738	48.39
739	48.56
740	48.73
741	48.35
742	48.18
743	48.27
744	48.35
745	48.16
746	48.27
747	48.25
748	48.27
749	48.25
750	47.91
751	48.04
752	48.1
753	47.95
754	48.12
755	48.06
756	48.33
757	48.1
758	47.83
759	47.7
760	47.45
761	47.07
762	46.75
763	46.48
764	46.38
765	46.04
766	45.7
767	45.35
768	45.05
769	45.03
770	44.84
771	44.65
772	44.49
773	44.44
774	44.42
775	44.67
776	44.44
777	44.27
778	44.32
779	44.28
780	44.36
781	44.49
782	44.49
783	44.38
784	44.57
785	44.48
786	44.65
787	44.9
788	44.93
789	44.91
790	44.72
791	44.74
792	44.97
793	44.88
794	44.97
795	45.22
796	44.9
797	44.9
798	45.24
799	45.24
800	45.24
801	45.41
802	45.14
803	45.33
804	45.22
805	45.6
806	45.45
807	45.2
808	45.28
809	45.24
810	45.41
811	45.51
812	45.68
813	45.72
814	45.45
815	45.54
816	45.56
817	45.7
818	45.73
819	45.51
820	45.7
821	45.6
822	45.81
823	45.94
824	45.45
825	45.79
826	45.72
827	45.6
828	45.96
829	45.77
830	45.51
831	45.75
832	45.73
833	45.91
834	45.81
835	45.58
836	45.87
837	45.83
838	45.64
839	45.91
840	45.79
841	46.25
842	45.73
843	45.81
844	45.94
845	46.02
846	45.73
847	45.93
848	45.98
849	46.06
850	45.83
851	45.87
852	45.87
853	46.29
854	45.75
855	45.85
856	46.14
857	45.77
858	45.83
859	45.94
860	46.25
861	45.7
862	46.04
863	45.96
864	46.1
865	45.85
866	46.02
867	45.96
868	46.1
869	45.83
870	45.83
871	46.02
872	45.85
873	46.15
874	45.96
875	45.87
876	46.04
877	46.08
878	46.06
879	46.04
880	46.14
881	46.21
882	45.98
883	46.06
884	46
885	46.06
886	46.21
887	46.1
888	45.91
889	46.1
890	45.93
891	45.91
892	46.1
893	45.91
894	45.93
895	45.98
896	45.96
897	46.19
898	46.23
899	46.21
900	45.91
901	45.96
902	46.15
903	46.31
904	46.34
905	45.96
906	45.93
907	46.06
908	46.15
909	45.96
910	46.21
911	45.87
912	46.02
913	46.08
914	46.08
915	46.33
916	46.08
917	46.02
918	46.15
919	46.31
920	45.98
921	46.46
922	46.29
923	46.12
924	46.08
925	46.1
926	46.27
927	46.63
928	46.23
929	45.98
930	45.96
931	46
932	46.25
933	46.34
934	46.27
935	46.1
936	46.14
937	46.15
938	46.36
939	46.12
940	46.17
941	46.21
942	46.23
943	46.23
944	46.46
945	46.27
946	46.02
947	46.17
948	46.15
949	46.23
950	46.4
951	46.4
952	46.23
953	46.17
954	46.12
955	46.17
956	46.42
957	46.36
958	46.04
959	46.19
960	46.27
961	46.17
962	46.44
963	46.31
964	46.12
965	46.12
966	46.17
967	46.17
968	46.27
969	46.25
970	46.4
971	46.46
972	46.14
973	46.27
974	46.1
975	46.46
976	46.06
977	46.02
978	46.06
979	46.1
980	46.4
981	46.23
982	46.1
983	46.12
984	46.23
985	46.38
986	46.42
987	46.14
988	46.25
989	46.06
990	46.15
991	46.19
992	46.4
993	46.27
994	46.15
995	46.21
996	46.23
997	46.42
998	46.5
999	46.08
1000	46.1
1001	46.17
1002	46.21
1003	46.33
1004	46.46
1005	46.36
1006	45.98
1007	46.08
1008	46.33
1009	46.54
1010	46.15
1011	46.08
1012	46.25
1013	46.44
1014	46.27
1015	46.12
1016	46.14
1017	46.31
1018	46.33
1019	46.52
1020	46.27
1021	46.36
1022	46.25
1023	46.54
1024	46.34
1025	46.19
1026	46.27
1027	46.25
1028	46.44
1029	46.1
1030	46.29
1031	46.27
1032	46.25
1033	46.29
1034	46.17
1035	46.4
1036	46.17
1037	46.42
1038	46.44
1039	46.67
1040	46.4
1041	46.48
1042	46.59
1043	46.78
1044	46.33
1045	46.63
1046	46.67
1047	46.92
1048	46.55
1049	46.63
1050	47.01
1051	46.76
1052	46.92
1053	47.41
1054	47.37
1055	47.22
1056	47.41
1057	47.7
1058	47.58
1059	47.53
1060	47.7
1061	48.02
1062	47.62
1063	47.74
1064	48
1065	47.89
1066	48.16
1067	47.87
1068	47.78
1069	47.99
1070	48.14
1071	47.79
1072	47.87
1073	48.21
1074	48.1
1075	48.08
1076	47.93
1077	47.93
1078	48.21
1079	47.87
1080	48
1081	48.02
1082	48.44
1083	48.23
1084	47.83
1085	48.2
1086	48.04
1087	48.48
1088	48.27
1089	48.08
1090	48.2
1091	48.18
1092	48.27
1093	48.08
1094	48.27
1095	48.18
1096	48.56
1097	48.06
1098	48.02
1099	48.08
1100	48.12
1101	48.37
1102	48.6
1103	48.1
1104	48.12
1105	48.39
1106	48.42
1107	48.31
1108	48.1
1109	48.29
1110	48.44
1111	48.23
1112	48.08
1113	48.25
1114	48.18
1115	48.46
1116	48.14
1117	48.2
1118	48.21
1119	48.5
1120	48.23
1121	48.06
1122	48.31
1123	48.31
1124	48.48
1125	48.16
1126	48.37
1127	48.29
1128	48.39
1129	48.2
1130	48.44
1131	48.44
1132	48.52
1133	48.2
1134	48.25
1135	48.6
1136	48.6
1137	48.25
1138	48.37
1139	48.39
1140	48.5
1141	48.31
1142	48.37
1143	48.35
1144	48.27
1145	48.52
1146	48.21
1147	48.42
1148	48.33
1149	48.42
1150	48.14
1151	48.27
1152	48.21
1153	48.42
1154	48.5
1155	48.4
1156	48.2
1157	48.31
1158	48.18
1159	48.46
1160	48.56
1161	48.48
1162	48.33
1163	48.16
1164	48.23
1165	48.29
1166	48.35
1167	48.54
1168	48.48
1169	48.48
1170	48.29
1171	48.39
1172	48.35
1173	48.31
1174	48.39
1175	48.65
1176	48.5
1177	48.39
1178	48.33
1179	48.18
1180	48.1
1181	48.37
1182	48.42
1183	48.37
1184	48.25
1185	48.37
1186	48.54
1187	48.54
1188	48.63
1189	48.44
1190	48.39
1191	48.5
1192	48.48
1193	48.27
1194	48.25
1195	48.4
1196	48.39
1197	48.25
1198	48.54
1199	48.58
1200	48.35
1201	48.39
1202	48.58
1203	48.61
1204	48.61
1205	48.48
1206	48.29
1207	48.37
1208	48.39
1209	48.39
1210	48.39
1211	48.42
1212	48.54
1213	48.54
1214	48.58
1215	48.21
1216	48.18
1217	48.27
1218	48.08
1219	48.14
1220	48.16
1221	48.04
1222	47.78
1223	47.85
1224	47.99
1225	47.89
1226	48.16
1227	47.81
1228	47.7
1229	47.66
1230	47.51
1231	47.83
1232	47.43
1233	47.11
1234	47.01
1235	46.76
1236	46.76
1237	46.57
1238	46.14
1239	45.66
1240	45.7
1241	45.28
1242	45.35
1243	44.93
1244	44.63
1245	44.55
1246	44.51
1247	44.46
1248	44.36
1249	44.27
1250	44.38
1251	44.3
1252	44.61
1253	44.19
1254	44.34
1255	44.4
1256	44.59
1257	44.72
1258	44.59
1259	44.51
1260	44.59
1261	44.55
1262	44.84
1263	44.61
1264	44.8
1265	44.88
1266	45.18
1267	44.86
1268	45.01
1269	45.43
1270	45.31
1271	45.05
1272	45.39
1273	45.66
1274	45.33
1275	45.09
1276	45.39
1277	45.62
1278	45.41
1279	45.22
1280	45.43
1281	45.6
1282	45.49
1283	45.37
1284	45.62
1285	45.81
1286	45.6
1287	45.58
1288	45.64
1289	45.98
1290	45.49
1291	45.75
1292	45.73
1293	45.89
1294	45.98
1295	45.64
1296	45.85
1297	45.77
1298	45.94
1299	45.83
1300	45.77
1301	45.83
1302	46.12
1303	46.02
1304	45.93
1305	45.94
1306	45.93
1307	45.93
1308	46.06
1309	46.02
1310	45.87
1311	45.83
1312	46
1313	46.15
1314	46.08
1315	46.06
1316	46
1317	46
1318	46.12
1319	46.06
1320	46.33
1321	46.14
1322	46.04
1323	46.02
1324	46.17
1325	46.44
1326	46.76
1327	46.08
1328	46.1
1329	46.33
1330	46.36
1331	46.23
1332	46.29
1333	46.27
1334	46.02
1335	45.93
1336	46
1337	45.98
1338	46.04
1339	46.27
1340	46.23
1341	45.89
1342	46.1
1343	45.94
1344	46.33
1345	46.27
1346	46.04
1347	46.02
1348	46.12
1349	46.1
1350	46.31
1351	46.42
1352	46.31
1353	46.17
1354	46.06
1355	46.12
1356	46.31
1357	46.23
1358	46.23
1359	46.14
1360	46.42
1361	46.27
1362	46.44
1363	46.36
1364	46.25
1365	46.14
1366	46.46
1367	46.31
1368	46.12
1369	46.27
1370	46.46
1371	46.46
1372	46.14
1373	46.17
1374	46.12
1375	46.5
1376	46.4
1377	46.38
1378	46.17
1379	46.36
1380	46.19
1381	46
1382	46.25
1383	46.5
1384	46.08
1385	46.06
1386	46.15
1387	46.27
1388	45.98
1389	46.1
1390	46.1
1391	46.14
1392	46.31
1393	46.14
1394	46.12
1395	46.1
1396	46.14
1397	46.06
1398	46.15
1399	46.17
1400	46.42
1401	46.02
1402	46.17
1403	46.21
1404	46.21
1405	46.57
1406	45.89
1407	46.29
1408	46.23
1409	46.31
1410	46.21
1411	46.19
1412	46.25
1413	46.31
1414	46.42
1415	46.12
1416	45.96
1417	46.17
1418	46.31
1419	46.4
1420	45.98
1421	46.38
1422	46.17
1423	46.25
1424	46.25
1425	46.12
1426	46.23
1427	46.34
1428	46.38
1429	46.02
1430	46.06
1431	46.17
1432	46.15
1433	46.42
1434	46.14
1435	46.17
1436	46.21
1437	46.21
1438	46.48
1439	46.15
1440	46.34
1441	46.4
1442	46.73
1443	46.15
1444	46.31
1445	46.36
1446	46.44
1447	46.25
1448	46.17
1449	46.29
1450	46.38
1451	46.61
1452	46.44
1453	46.36
1454	46.38
1455	46.36
1456	46.65
1457	46.1
1458	46.31
1459	46.59
1460	46.5
1461	46.34
1462	46.42
1463	46.5
1464	46.15
1465	46.29
1466	46.67
1467	46.36
1468	46.17
1469	46.25
1470	46.57
1471	46.29
1472	46.33
1473	46.27
1474	46.54
1475	46.14
1476	46.33
1477	46.57
1478	46.27
1479	46.14
1480	46.44
1481	46.65
1482	46.17
1483	46.29
1484	46.59
1485	46.15
1486	46.29
1487	46.38
1488	46.23
1489	46.52
1490	46.29
1491	46.23
1492	46.23
1493	46.52
1494	46.21
1495	46.21
1496	46.34
1497	46.48
1498	46.08
1499	46.31
1500	46.63
1501	46.5
1502	46.31
1503	46.12
1504	46.08
1505	46.36
1506	46.48
1507	46.17
1508	46.25
1509	46.38
1510	46.55
1511	46.67
1512	46.29
1513	46.31
1514	46.55
1515	46.44
1516	46.54
1517	46.48
1518	46.42
1519	46.55
1520	46.46
1521	46.71
1522	46.97
1523	46.76
1524	46.92
1525	46.78
1526	46.99
1527	47.01
1528	47.26
1529	47.26
1530	47.7
1531	47.57
1532	47.49
1533	47.58
1534	47.64
1535	47.57
1536	47.68
1537	47.6
1538	47.72
1539	47.78
1540	48.1
1541	47.89
1542	47.76
1543	47.6
1544	47.74
1545	47.97
1546	47.95
1547	47.78
1548	47.87
1549	47.91
1550	47.93
1551	47.91
1552	48.02
1553	48.1
1554	47.93
1555	47.91
1556	47.91
1557	47.97
1558	48.25
1559	48.08
1560	47.74
1561	47.93
1562	48
1563	48.12
1564	48.25
1565	48.21
1566	48
1567	47.95
1568	48.21
1569	48.31
1570	48
1571	48.1
1572	48.48
1573	48.08
1574	48.25
1575	48.04
1576	48.27
1577	48.1
1578	48.21
1579	48.61
1580	47.95
1581	48.04
1582	48.27
1583	48.12
1584	48.16
1585	48.31
1586	48.18
1587	48.12
1588	48.2
1589	48.35
1590	48.1
1591	48.2
1592	48.61
1593	48.18
1594	48.06
1595	48.52
1596	48.02
1597	48.29
1598	48.18
1599	48.56
1600	48.12
1601	48.18
1602	48.14
1603	48.44
1604	48.2
1605	48.27
1606	48.33
1607	48.56
1608	48.4
1609	48.25
1610	48.39
1611	48.44
1612	48.69
1613	48.54
1614	48.44
1615	48.37
1616	48.67
1617	48.61
1618	48.35
1619	48.5
1620	48.4
1621	48.58
1622	48.75
1623	48.58
1624	48.6
1625	48.48
1626	48.58
1627	48.67
1628	48.52
1629	48.42
1630	48.5
1631	48.4
1632	48.81
1633	48.4
1634	48.33
1635	48.52
1636	48.39
1637	49.03
1638	48.54
1639	48.27
1640	48.39
1641	48.54
1642	48.67
1643	48.81
1644	48.5
1645	48.44
1646	48.31
1647	48.44
1648	48.52
1649	48.61
1650	48.71
1651	48.39
1652	48.63
1653	48.5
1654	48.69
1655	48.4
1656	48.6
1657	48.52
1658	48.48
1659	48.84
1660	48.42
1661	48.56
1662	48.58
1663	48.46
1664	48.86
1665	48.6
1666	48.46
1667	48.52
1668	48.54
1669	48.75
1670	48.61
1671	48.37
1672	48.48
1673	48.65
1674	48.6
1675	48.82
1676	48.42
1677	48.35
1678	48.5
1679	48.67
1680	48.71
1681	48.73
1682	48.75
1683	48.46
1684	48.52
1685	48.37
1686	48.54
1687	48.52
1688	48.44
1689	48.65
1690	48.65
1691	48.44
1692	48.35
1693	48.16
1694	48.21
1695	48.2
1696	48.14
1697	48.14
1698	48.2
1699	48.14
1700	48.25
1701	48.08
1702	47.89
1703	47.87
1704	47.6
1705	47.49
1706	47.66
1707	47.34
1708	46.97
1709	46.78
1710	46.71
1711	46.54
1712	46.27
1713	45.81
1714	45.6
1715	44.99
1716	44.95
1717	44.82
1718	44.53
1719	44.44
1720	44.63
1721	44.19
1722	44.25
1723	44.25
1724	44.19
1725	44.17
1726	44.25
1727	44.44
1728	44.48
1729	44.04
1730	44.13
1731	44.32
1732	44.3
1733	44.53
1734	44.46
1735	44.84
1736	44.84
1737	44.8
1738	44.74
1739	44.78
1740	44.69
1741	44.63
1742	44.76
1743	44.74
1744	45.03
1745	45.11
1746	44.99
1747	44.76
1748	44.86
1749	45.3
1750	45.14
1751	44.99
1752	44.91
1753	45.14
1754	45.26
1755	45.24
1756	44.99
1757	45.28
1758	45.51
1759	45.35
1760	45.05
1761	45.33
1762	45.54
1763	45.12
1764	45.11
1765	45.3
1766	45.47
1767	45.11
1768	45.3
1769	45.47
1770	45.62
1771	45.22
1772	45.28
1773	45.93
1774	45.41
1775	45.39
1776	45.98
1777	45.73
1778	45.3
1779	45.54
1780	45.79
1781	45.83
1782	45.28
1783	45.43
1784	45.49
1785	45.43
1786	45.6
1787	45.73
1788	45.43
1789	45.37
1790	45.68
1791	45.6
1792	45.45
1793	45.51
1794	45.77
1795	45.56
1796	45.47
1797	45.52
1798	45.96
1799	45.45
1800	45.41
1801	45.49
1802	45.64
1803	45.89
1804	45.62
1805	45.58
1806	45.73
1807	45.77
1808	45.6
1809	45.66
1810	45.7
1811	45.73
1812	45.64
1813	45.56
1814	45.7
1815	45.64
1816	45.72
1817	45.7
1818	45.6
1819	45.62
1820	45.75
1821	45.72
1822	45.77
1823	45.91
1824	45.96
1825	46
1826	45.94
1827	45.64
1828	45.83
1829	45.72
1830	45.77
1831	45.79
1832	45.85
1833	45.94
1834	45.87
1835	45.73
1836	45.64
1837	45.81
1838	45.75
1839	45.72
1840	45.79
1841	45.83
1842	46
1843	45.83
1844	45.73
1845	45.87
1846	46.08
1847	46.06
1848	46.04
1849	45.87
1850	45.73
1851	46.08
1852	46.25
1853	46.04
1854	45.83
1855	45.91
1856	46.04
1857	46.19
1858	46.04
1859	45.96
1860	46.08
1861	46.14
1862	46
1863	46.08
1864	46.12
1865	45.68
1866	45.89
1867	46.04
1868	46.02
1869	46.14
1870	45.91
1871	45.81
1872	45.91
1873	46.19
1874	46.29
1875	46.25
1876	46.12
1877	45.91
1878	45.93
1879	46.12
1880	46.02
1881	46.31
1882	46.1
1883	46.04
1884	46.19
1885	46.1
1886	46.46
1887	46.29
1888	46.1
1889	46.02
1890	46.02
1891	46.15
1892	46.14
1893	46.31
1894	46.42
1895	45.93
1896	46.04
1897	46.17
1898	46.14
1899	46.04
1900	46.25
1901	46.29
1902	45.96
1903	46.08
1904	46.14
1905	46.1
1906	46.25
1907	46.33
1908	46.23
1909	46.15
1910	46.02
1911	46.1
1912	46.12
1913	46.14
1914	46.17
1915	46.25
1916	46.06
1917	46.04
1918	46
1919	46.06
1920	45.98
1921	46.04
1922	46.23
1923	46.25
1924	46.1
1925	46.04
1926	46
1927	45.85
1928	46.19
1929	45.98
1930	46.02
1931	46.1
1932	46.23
1933	46.23
1934	46.29
1935	45.96
1936	45.98
1937	45.94
1938	46.12
1939	45.91
1940	46.15
1941	46.23
1942	46.29
1943	46.33
1944	46.19
1945	46.15
1946	46.08
1947	46.1
1948	46.08
1949	46.34
1950	46.36
1951	46.1
1952	46.25
1953	46.06
1954	46.02
1955	46.33
1956	46.31
1957	46.06
1958	46.15
1959	46.15
1960	46.1
1961	46.27
1962	46.33
1963	46.04
1964	46.1
1965	46.1
1966	46.34
1967	46.21
1968	46.08
1969	46.08
1970	46.59
1971	46.33
1972	46.04
1973	46.08
1974	46.23
1975	46.38
1976	46.14
1977	45.91
1978	46.33
1979	46.54
1980	46.02
1981	46.21
1982	46.1
1983	45.98
1984	46.27
1985	46.27
1986	46.27
1987	46.48
1988	46.14
1989	46.4
1990	46.46
1991	46.44
1992	46.31
1993	46.42
1994	46.65
1995	46.42
1996	46.5
1997	46.67
1998	47.01
1999	46.76
2000	46.8
2001	46.9
2002	47.13
2003	47.2
2004	47.37
2005	47.18
2006	47.18
2007	47.34
2008	47.64
2009	47.58
2010	47.64
2011	47.7
2012	47.57
2013	47.81
2014	47.87
2015	47.47
2016	47.66
2017	47.87
2018	47.89
2019	47.74
2020	47.79
2021	47.78
2022	47.93
2023	47.66
2024	47.62
2025	47.72
2026	47.97
2027	48.02
2028	47.81
2029	47.79
2030	47.74
2031	47.79
2032	48.12
2033	48.02
2034	47.68
2035	47.85
2036	47.78
2037	47.81
2038	47.99
2039	47.68
2040	48.08
2041	47.83
2042	47.95
2043	47.89
2044	47.81
2045	47.89
2046	48.02
2047	48.14
2048	47.78
2049	48.02
2050	47.95
2051	47.97
2052	47.91
2053	47.85
2054	47.89
2055	47.87
2056	48
2057	48.23
2058	47.89
2059	47.89
2060	47.95
2061	47.95
2062	47.93
2063	47.74
2064	47.97
2065	47.91
2066	48.08
2067	47.79
2068	47.85
2069	48.02
2070	48.1
2071	48.37
2072	48.14
2073	47.76
2074	48.12
2075	48.33
2076	48.12
2077	47.79
2078	47.93
2079	47.87
2080	48.12
2081	47.91
2082	48.02
2083	47.95
2084	48.12
2085	48.2
2086	47.87
2087	47.91
2088	48.1
2089	48.29
2090	47.91
2091	48
2092	48.02
2093	48.1
2094	48.06
2095	47.81
2096	47.99
2097	47.99
2098	48.16
2099	47.97
2100	47.99
2101	47.97
2102	48.08
2103	47.83
2104	48.02
2105	48.1
2106	48.06
2107	48.39
2108	47.89
2109	47.95
2110	47.99
2111	48.04
2112	48.06
2113	47.97
2114	47.95
2115	48.02
2116	48.1
2117	47.99
2118	47.78
2119	47.95
2120	48.1
2121	48.23
2122	47.93
2123	48.1
2124	48.16
2125	47.95
2126	48.16
2127	48.02
2128	48
2129	48.08
2130	47.97
2131	48.27
2132	48.35
2133	47.91
2134	47.81
2135	47.89
2136	48.08
2137	48.25
2138	48.02
2139	47.97
2140	48.02
2141	48.21
2142	48.16
2143	48.1
2144	47.91
2145	48.1
2146	47.93
2147	48.14
2148	48.25
2149	47.87
2150	47.97
2151	47.93
2152	47.95
2153	47.95
2154	48.18
2155	48.29
2156	48.14
2157	48.02
2158	47.89
2159	47.89
2160	48.06
2161	48.02
2162	48.04
2163	47.99
2164	47.81
2165	47.87
2166	47.58
2167	47.6
2168	47.7
2169	47.64
2170	47.81
2171	47.62
2172	47.76
2173	47.91
2174	47.99
2175	47.76
2176	47.62
2177	47.6
2178	47.37
2179	47.15
2180	46.99
2181	46.65
2182	46.29
2183	45.96
2184	45.68
2185	45.51
2186	45.05
2187	44.95
2188	44.84
2189	44.8
2190	44.46
2191	44.15
2192	43.83
2193	44.08
2194	44.06
2195	43.9
2196	44.02
2197	44.21
2198	44.32
2199	44.13
2200	44.06
2201	44.08
2202	44.44
2203	44.4
2204	44.23
2205	44.7
2206	44.53
2207	44.28
2208	44.49
2209	44.72
2210	44.61
2211	45.05
2212	44.97
2213	44.8
2214	44.9
2215	44.95
2216	45.12
2217	44.93
2218	44.9
2219	44.88
2220	45.41
2221	45.33
2222	45.14
2223	45.14
2224	45.07
2225	45.18
2226	45.35
2227	45.11
2228	45.12
2229	45.2
2230	45.37
2231	45.58
2232	45.56
2233	45.33
2234	45.35
2235	45.56
2236	45.56
2237	45.45
2238	45.54
2239	45.83
2240	45.49
2241	45.41
2242	45.58
2243	45.85
2244	45.79
2245	45.51
2246	45.51
2247	45.66
2248	45.96
2249	45.94
2250	45.72
2251	45.6
2252	45.7
2253	45.83
2254	46.04
2255	45.91
2256	45.89
2257	45.81
2258	45.93
2259	46.27
2260	45.89
2261	45.93
2262	45.85
2263	45.98
2264	45.96
2265	46.02
2266	46.17
2267	46.25
2268	45.94
2269	45.98
2270	46.04
2271	46.1
2272	46.19
2273	46.04
2274	45.93
2275	46
2276	45.94
2277	45.93
2278	45.98
2279	46.14
2280	45.93
2281	45.79
2282	45.85
2283	45.85
2284	45.98
2285	46.08
2286	45.91
2287	45.62
2288	45.81
2289	45.75
2290	45.96
2291	46.1
2292	46
2293	45.77
2294	45.94
2295	46.19
2296	46.25
2297	45.91
2298	45.98
2299	46.04
2300	46.15
2301	46.12
2302	46.1
2303	46
2304	45.96
2305	46.27
2306	45.94
2307	45.93
2308	46.15
2309	46.12
2310	46.25
2311	45.87
2312	46.04
2313	46.06
2314	46.15
2315	46.17
2316	46.08
2317	45.98
2318	46.15
2319	46.34
2320	46.17
2321	46.08
2322	46.21
2323	46.27
2324	46.1
2325	45.98
2326	46.17
2327	46.21
2328	46.38
2329	46.23
2330	46.14
2331	46.33
2332	46.04
2333	46
2334	46.1
2335	46.19
2336	45.91
2337	45.96
2338	46
2339	46.36
2340	45.91
2341	45.79
2342	46.02
2343	46.27
2344	46.02
2345	45.87
2346	45.89
2347	45.89
2348	46.14
2349	46.06
2350	45.91
2351	46.06
2352	46.06
2353	46.15
2354	46.36
2355	46.02
2356	46.1
2357	46.12
2358	46.12
2359	46.31
2360	46.48
2361	46.33
2362	46
2363	45.98
2364	46.08
2365	46.08
2366	46.33
2367	46.38
2368	46.06
2369	45.93
2370	46.02
2371	46.14
2372	46.42
2373	46.29
2374	46.44
2375	46.19
2376	46.06
2377	46.4
2378	46.06
2379	46.06
2380	46.34
2381	46.04
2382	45.96
2383	46.06
2384	46
2385	46.29
2386	46.27
2387	46.23
2388	46.02
2389	46.04
2390	46.21
2391	46.52
2392	46.1
2393	45.98
2394	46.06
2395	46.23
2396	46.38
2397	46.23
2398	46.02
2399	46.1
2400	46.27
2401	46.4
2402	46.17
2403	46.17
2404	46.14
2405	46.25
2406	46.48
2407	46.34
2408	46.15
2409	46.23
2410	46.5
2411	46.27
2412	46.1
2413	46.27
2414	46.33
2415	46.42
2416	46.63
2417	46.23
2418	46.76
2419	46.54
2420	46.42
2421	46.63
2422	46.9
2423	46.97
2424	47.28
2425	47.2
2426	47.36
2427	47.17
2428	47.24
2429	47.41
2430	47.51
2431	47.53
2432	47.79
2433	47.83
2434	48.12
2435	47.93
2436	47.99
2437	47.85
2438	47.72
2439	47.87
2440	47.89
2441	47.87
2442	47.91
2443	48.06
2444	48.21
2445	48.23
2446	48.37
2447	48.29
2448	48.14
2449	48.18
2450	48.23
2451	48.23
2452	48.2
2453	48.48
2454	48.21
2455	48.25
2456	48.29
2457	48.63
2458	48.52
2459	48.39
2460	48.29
2461	48.39
2462	48.42
2463	48.46
2464	48.54
2465	48.56
2466	48.73
2467	48.63
2468	48.37
2469	48.31
2470	48.48
2471	48.46
2472	48.42
2473	48.54
2474	48.69
2475	48.61
2476	48.48
2477	48.54
2478	48.71
2479	48.52
2480	48.67
2481	48.9
2482	48.73
2483	48.6
2484	48.4
2485	48.65
2486	48.61
2487	48.61
2488	48.6
2489	48.94
2490	48.96
2491	48.79
2492	48.58
2493	48.5
2494	48.65
2495	48.67
2496	48.81
2497	48.92
2498	48.63
2499	48.63
2500	48.73
2501	48.86
2502	49.09
2503	48.54
2504	48.67
2505	48.82
2506	48.92
2507	48.86
2508	48.65
2509	48.61
2510	48.6
2511	48.75
2512	48.86
2513	49
2514	48.67
2515	48.82
2516	48.77
2517	48.88
2518	48.92
2519	48.69
2520	48.58
2521	48.75
2522	49.05
2523	48.98
2524	48.75
2525	48.63
2526	48.73
2527	48.79
2528	48.67
2529	49.07
2530	48.63
2531	48.67
2532	48.81
2533	49.05
2534	49.07
2535	48.71
2536	48.65
2537	49.19
2538	49.13
2539	48.75
2540	48.86
2541	48.69
2542	48.88
2543	48.94
2544	48.67
2545	48.79
2546	48.73
2547	48.98
2548	49
2549	48.6
2550	48.94
2551	48.79
2552	49.07
2553	49.02
2554	48.73
2555	48.73
2556	49.26
2557	49.09
2558	48.67
2559	48.9
2560	48.81
2561	48.98
2562	49
2563	48.61
2564	48.65
2565	48.65
2566	48.69
2567	49.09
2568	48.81
2569	48.58
2570	48.73
2571	48.73
2572	48.94
2573	48.71
2574	48.73
2575	48.96
2576	48.71
2577	49.19
2578	48.94
2579	48.63
2580	48.58
2581	48.73
2582	48.81
2583	48.88
2584	48.77
2585	48.71
2586	48.46
2587	48.46
2588	48.58
2589	48.61
2590	48.46
2591	48.61
2592	48.48
2593	48.52
2594	48.42
2595	48.67
2596	48.61
2597	48.2
2598	47.99
2599	47.34
2600	47.15
2601	46.76
2602	46.55
2603	46.42
2604	45.52
2605	45.47
2606	45.14
2607	44.99
2608	44.82
2609	44.82
2610	44.49
2611	44.46
2612	44.51
2613	44.69
2614	44.78
2615	44.91
2616	44.74
2617	44.63
2618	44.74
2619	45.18
2620	45.2
2621	45.24
2622	45.28
2623	45.03
2624	45.2
2625	45.33
2626	45.37
2627	45.54
2628	45.31
2629	45.28
2630	45.54
2631	45.62
2632	45.96
2633	45.73
2634	45.49
2635	45.41
2636	45.56
2637	45.81
2638	45.93
2639	45.96
2640	46.08
2641	45.72
2642	45.79
2643	45.85
2644	45.87
2645	45.91
2646	46.19
2647	46.19
2648	45.98
2649	45.93
2650	45.93
2651	46.23
2652	46.17
2653	46.14
2654	46.14
2655	46.02
2656	46.04
2657	46.17
2658	46.48
2659	46.36
2660	46.08
2661	46.04
2662	46.23
2663	46.08
2664	46.25
2665	46.23
2666	46.25
2667	46.4
2668	46.5
2669	46.21
2670	46.1
2671	46.06
2672	46.31
2673	46.25
2674	46.19
2675	46.36
2676	46.34
2677	46.31
2678	46.46
2679	46.63
2680	46.63
2681	46.71
2682	46.5
2683	46.42
2684	46.46
2685	46.46
2686	46.46
2687	46.46
2688	46.71
2689	46.71
2690	46.78
2691	46.63
2692	46.19
2693	46.23
2694	46.38
2695	46.55
2696	46.52
2697	46.54
2698	46.59
2699	46.57
2700	46.71
2701	46.42
2702	46.46
2703	46.55
2704	46.57
2705	46.5
2706	46.4
2707	46.59
2708	46.59
2709	46.75
2710	46.76
2711	46.38
2712	46.46
2713	46.55
2714	46.78
2715	46.75
2716	46.76
2717	46.78
2718	46.63
2719	46.59
2720	46.54
2721	46.46
2722	46.55
2723	46.48
2724	46.82
2725	46.82
2726	46.65
2727	46.54
2728	46.54
2729	46.71
2730	46.65
2731	46.94
2732	46.97
2733	47.01
2734	46.57
2735	46.54
2736	46.52
2737	46.59
2738	46.71
2739	46.78
2740	46.69
2741	46.8
2742	46.8
2743	46.9
2744	46.76
2745	46.63
2746	46.54
2747	46.48
2748	46.69
2749	46.73
2750	46.59
2751	46.82
2752	46.84
2753	46.9
2754	46.96
2755	46.84
2756	46.94
2757	46.9
2758	46.88
2759	46.92
2760	46.92
2761	46.67
2762	46.78
2763	46.52
2764	46.55
2765	46.57
2766	46.65
2767	46.67
2768	46.75
2769	46.96
2770	46.84
2771	46.88
2772	46.75
2773	46.75
2774	46.69
2775	47.03
2776	46.96
2777	47.05
2778	46.86
2779	46.67
2780	46.76
2781	46.9
2782	47.09
2783	47.2
2784	46.99
2785	46.76
2786	46.78
2787	46.71
2788	46.75
2789	47.01
2790	46.73
2791	46.86
2792	46.82
2793	46.76
2794	47.2
2795	46.96
2796	46.82
2797	46.59
2798	46.99
2799	46.78
2800	46.94
2801	47.13
2802	47.03
2803	46.73
2804	46.8
2805	46.8
2806	47.09
2807	47.17
2808	46.8
2809	46.67
2810	46.96
2811	46.96
2812	47.11
2813	46.8
2814	46.73
2815	46.67
2816	46.78
2817	46.86
2818	46.84
2819	47.09
2820	47.13
2821	46.86
2822	46.94
2823	46.9
2824	46.94
2825	47.26
2826	46.65
2827	46.92
2828	46.92
2829	46.9
2830	47.01
2831	46.99
2832	46.78
2833	46.78
2834	46.82
2835	47.11
2836	47.09
2837	46.92
2838	46.65
2839	46.88
2840	46.86
2841	47.03
2842	47.13
2843	46.84
2844	46.76
2845	47.01
2846	47.2
2847	46.88
2848	46.69
2849	46.76
2850	46.94
2851	47.17
2852	46.99
2853	46.71
2854	46.82
2855	46.86
2856	46.97
2857	46.92
2858	46.9
2859	46.86
2860	47.18
2861	46.88
2862	46.69
2863	46.9
2864	47.2
2865	46.71
2866	46.82
2867	46.86
2868	46.82
2869	46.86
2870	46.9
2871	46.84
2872	46.9
2873	46.94
2874	46.97
2875	47.13
2876	47.03
2877	46.69
2878	46.92
2879	47.15
2880	47.15
2881	46.96
2882	47.18
2883	47.2
2884	47.07
2885	47.13
2886	47.17
2887	47.24
2888	47.85
2889	47.51
2890	47.37
2891	47.91
2892	47.57
2893	47.6
2894	47.72
2895	47.68
2896	47.79
2897	47.87
2898	48.14
2899	48.1
2900	47.99
2901	48.1
2902	48.31
2903	47.93
2904	48
2905	48.33
2906	48.16
2907	48.06
2908	48.29
2909	48.5
2910	48.04
2911	48.1
2912	48.35
2913	48.25
2914	48.56
2915	48.27
2916	48.08
2917	48.35
2918	48.4
2919	48.37
2920	48.2
2921	48.25
2922	48.63
2923	48.04
2924	48.37
2925	48.35
2926	48.58
2927	48.52
2928	48.31
2929	48.48
2930	48.4
2931	48.63
2932	48.16
2933	48.33
2934	48.37
2935	48.65
2936	48.33
2937	48.27
2938	48.29
2939	48.77
2940	48.31
2941	48.31
2942	48.39
2943	48.69
2944	48.25
2945	48.46
2946	48.48
2947	48.52
2948	48.27
2949	48.42
2950	48.5
2951	48.48
2952	48.29
2953	48.61
2954	48.5
2955	48.63
2956	48.4
2957	48.39
2958	48.5
2959	48.84
2960	48.39
2961	48.69
2962	48.52
2963	48.69
2964	48.33
2965	48.42
2966	48.71
2967	48.69
2968	48.52
2969	48.5
2970	48.79
2971	48.75
2972	48.35
2973	48.33
2974	48.54
2975	48.5
2976	48.84
2977	48.46
2978	48.31
2979	48.54
2980	48.82
2981	48.35
2982	48.37
2983	48.58
2984	48.86
2985	48.67
2986	48.33
2987	48.54
2988	48.61
2989	48.63
2990	48.6
2991	48.29
2992	48.35
2993	48.5
2994	48.88
2995	48.69
2996	48.44
2997	48.44
2998	48.35
2999	48.46
3000	48.75
3001	48.61
3002	48.29
3003	48.48
3004	48.42
3005	48.46
3006	48.75
3007	48.58
3008	48.61
3009	48.48
3010	48.44
3011	48.33
3012	48.42
3013	48.33
3014	48.27
3015	48.46
3016	48.42
3017	48.5
3018	48.58
3019	48.46
3020	48.58
3021	48.73
3022	48.73
3023	48.69
3024	48.58
3025	48.75
3026	48.73
3027	48.77
3028	48.81
3029	48.58
3030	48.39
3031	48.37
3032	48.33
3033	48.31
3034	48.48
3035	48.58
3036	48.52
3037	48.54
3038	48.61
3039	48.5
3040	48.63
3041	48.4
3042	48.48
3043	48.54
3044	48.94
3045	48.86
3046	48.67
3047	48.4
3048	48.58
3049	48.46
3050	48.77
3051	48.65
3052	48.52
3053	48.37
3054	48.42
3055	48.42
3056	48.37
3057	48.44
3058	48.37
3059	48.2
3060	48.42
3061	48.25
3062	48.4
3063	48
3064	48.16
3065	48.27
3066	48.58
3067	48.31
3068	48.14
3069	48.29
3070	48.16
3071	48.06
3072	48.29
3073	47.81
3074	47.32
3075	47.17
3076	47.15
3077	46.76
3078	46.27
3079	46.48
3080	46.15
3081	45.98
3082	45.68
3083	45.77
3084	45.62
3085	45.6
3086	45.35
3087	45.66
3088	45.47
3089	45.79
3090	45.56
3091	45.54
3092	45.64
3093	45.49
3094	46
3095	45.72
3096	45.47
3097	45.66
3098	45.83
3099	46.12
3100	45.81
3101	45.77
3102	45.83
3103	46.04
3104	46.17
3105	45.98
3106	45.83
3107	46.06
3108	46.14
3109	46.12
3110	46.21
3111	46.4
3112	46.06
3113	46.23
3114	46.14
3115	46.44
3116	46.4
3117	46.1
3118	46.31
3119	46.29
3120	46.38
3121	46.48
3122	46.17
3123	46.25
3124	46.44
3125	46.36
3126	46.5
3127	46.15
3128	46.34
3129	46.42
3130	46.73
3131	46.42
3132	46.23
3133	46.48
3134	46.75
3135	46.61
3136	46.46
3137	46.61
3138	46.5
3139	46.31
3140	46.38
3141	46.67
3142	46.31
3143	46.48
3144	46.59
3145	46.25
3146	46.54
3147	46.57
3148	46.73
3149	46.48
3150	46.4
3151	46.86
3152	46.4
3153	46.57
3154	46.75
3155	46.44
3156	46.67
3157	46.84
3158	46.63
3159	46.59
3160	46.73
3161	46.9
3162	46.55
3163	46.61
3164	47.03
3165	46.88
3166	46.57
3167	46.67
3168	46.92
3169	47.18
3170	46.59
3171	46.67
3172	46.75
3173	46.71
3174	46.48
3175	46.65
3176	46.67
3177	46.61
3178	46.5
3179	46.69
3180	46.71
3181	46.96
3182	46.69
3183	46.5
3184	46.61
3185	46.65
3186	46.9
3187	47.01
3188	46.97
3189	46.78
3190	46.73
3191	46.69
3192	46.67
3193	46.75
3194	46.88
3195	47.01
3196	46.88
3197	46.78
3198	46.61
3199	46.69
3200	46.55
3201	46.78
3202	46.84
3203	46.84
3204	46.78
3205	46.97
3206	47.03
3207	46.99
3208	46.86
3209	46.76
3210	46.86
3211	46.78
3212	46.86
3213	46.86
3214	46.99
3215	46.96
3216	46.71
3217	46.63
3218	46.71
3219	46.67
3220	46.75
3221	46.82
3222	46.73
3223	47.2
3224	46.71
3225	46.59
3226	46.75
3227	46.8
3228	47.05
3229	47.01
3230	46.71
3231	46.75
3232	46.8
3233	47.05
3234	46.63
3235	46.75
3236	46.78
3237	46.99
3238	46.88
3239	46.86
3240	46.88
3241	47.2
3242	46.75
3243	46.84
3244	47.11
3245	46.94
3246	46.84
3247	46.84
3248	46.75
3249	46.86
3250	46.96
3251	46.88
3252	46.88
3253	47.05
3254	46.82
3255	46.9
3256	46.99
3257	46.84
3258	46.59
3259	46.86
3260	47.01
3261	46.71
3262	46.84
3263	47.09
3264	46.99
3265	46.8
3266	46.92
3267	47.11
3268	46.67
3269	46.78
3270	47.26
3271	46.92
3272	46.84
3273	46.82
3274	46.73
3275	46.78
3276	47.03
3277	46.94
3278	47.05
3279	46.82
3280	46.92
3281	46.92
3282	47.18
3283	46.78
3284	46.76
3285	46.88
3286	46.86
3287	47.13
3288	46.73
3289	46.88
3290	46.9
3291	47.18
3292	47.17
3293	46.82
3294	46.88
3295	46.94
3296	47.09
3297	46.69
3298	46.82
3299	46.84
3300	46.96
3301	47.2
3302	46.71
3303	46.8
3304	46.84
3305	46.92
3306	46.82
3307	46.8
3308	46.86
3309	46.84
3310	47.26
3311	47.01
3312	46.9
3313	46.96
3314	46.96
3315	46.97
3316	47.13
3317	46.76
3318	46.76
3319	46.9
3320	47.09
3321	46.99
3322	46.88
3323	46.69
3324	46.84
3325	46.9
3326	47.05
3327	46.9
3328	46.75
3329	46.9
3330	47.15
3331	47.22
3332	46.75
3333	46.78
3334	46.76
3335	47.09
3336	46.88
3337	46.69
3338	46.8
3339	46.97
3340	47.15
3341	46.92
3342	46.71
3343	46.88
3344	46.9
3345	47.09
3346	46.92
3347	46.94
3348	46.96
3349	46.94
3350	46.75
3351	46.8
3352	46.92
3353	47.11
3354	46.94
3355	47.15
3356	47.05
3357	47.22
3358	47.03
3359	47.15
3360	47.26
3361	47.57
3362	47.18
3363	47.18
3364	47.55
3365	47.87
3366	47.79
3367	47.83
3368	47.91
3369	48.12
3370	47.81
3371	47.93
3372	47.97
3373	48.02
3374	48.14
3375	48.33
3376	47.93
3377	47.99
3378	48.16
3379	48.08
3380	48.18
3381	48.44
3382	48.33
3383	48.06
3384	48.21
3385	48.52
3386	48.18
3387	48.2
3388	48.21
3389	48.16
3390	48.31
3391	48.21
3392	48.31
3393	48.27
3394	48.06
3395	48.27
3396	48.42
3397	48.39
3398	48.12
3399	48.35
3400	48.52
3401	48.18
3402	48.35
3403	48.33
3404	48.12
3405	48.29
3406	48.61
3407	48.1
3408	48.39
3409	48.58
3410	48.39
3411	48.37
3412	48.39
3413	48.2
3414	48.4
3415	48.48
3416	48.4
3417	48.31
3418	48.81
3419	48.63
3420	48.23
3421	48.39
3422	48.63
3423	48.21
3424	48.35
3425	48.61
3426	48.5
3427	48.35
3428	48.63
3429	48.16
3430	48.25
3431	48.61
3432	48.21
3433	48.42
3434	48.48
3435	48.48
3436	48.33
3437	48.5
3438	48.4
3439	48.2
3440	48.67
3441	48.56
3442	48.33
3443	48.31
3444	48.67
3445	48.33
3446	48.52
3447	48.5
3448	48.33
3449	48.39
3450	48.71
3451	48.37
3452	48.4
3453	48.33
3454	48.31
3455	48.39
3456	48.4
3457	48.71
3458	48.61
3459	48.27
3460	48.42
3461	48.48
3462	48.82
3463	48.42
3464	48.37
3465	48.65
3466	48.54
3467	48.21
3468	48.4
3469	48.81
3470	48.42
3471	48.27
3472	48.67
3473	48.67
3474	48.21
3475	48.25
3476	48.56
3477	48.94
3478	48.46
3479	48.23
3480	48.39
3481	48.4
3482	48.69
3483	48.18
3484	48.39
3485	48.4
3486	48.69
3487	48.46
3488	48.33
3489	48.5
3490	48.4
3491	48.58
3492	48.4
3493	48.4
3494	48.46
3495	48.37
3496	48.69
3497	48.73
3498	48.42
3499	48.52
3500	48.67
3501	48.82
3502	48.35
3503	48.37
3504	48.44
3505	48.58
3506	48.31
3507	48.46
3508	48.37
3509	48.44
3510	48.29
3511	48.58
3512	48.35
3513	48.6
3514	48.46
3515	48.69
3516	48.46
3517	48.73
3518	48.5
3519	48.37
3520	48.44
3521	48.75
3522	48.42
3523	48.39
3524	48.44
3525	48.58
3526	48.37
3527	48.48
3528	48.4
3529	48.58
3530	48.31
3531	48.44
3532	48.27
3533	48.46
3534	48.29
3535	48.14
3536	48.2
3537	48.48
3538	48.54
3539	48.14
3540	48.33
3541	48.29
3542	48.4
3543	48.14
3544	47.93
3545	47.81
3546	47.62
3547	47.68
3548	47.17
3549	46.8
3550	46.61
3551	46.48
3552	46.04
3553	46.08
3554	46.14
3555	45.81
3556	45.79
3557	45.87
3558	45.89
3559	45.98
3560	45.81
3561	45.52
3562	45.43
3563	45.52
3564	45.54
3565	45.7
3566	45.93
3567	45.93
3568	45.93
3569	45.93
3570	45.96
3571	45.96
3572	46.02
3573	45.96
3574	46.12
3575	46.14
3576	46.14
3577	46.1
3578	46.08
3579	46.4
3580	46.44
3581	46.4
3582	46.38
3583	46.33
3584	46
3585	46.31
3586	46.34
3587	46.52
3588	46.21
3589	46.34
3590	46.42
3591	46.44
3592	46.34
3593	46.65
3594	46.75
3595	46.55
3596	46.54
3597	46.48
3598	46.4
3599	46.38
3600	46.48
3601	46.48
3602	46.57
3603	46.46
3604	46.54
3605	46.67
3606	46.61
3607	46.88
3608	46.76
3609	46.71
3610	46.55
3611	46.38
3612	46.4
3613	46.5
3614	46.59
3615	46.38
3616	46.61
3617	46.65
3618	46.67
3619	46.63
3620	46.71
3621	46.65
3622	46.65
3623	46.48
3624	46.5
3625	46.73
3626	46.82
3627	46.63
3628	46.5
3629	46.69
3630	46.84
3631	46.97
3632	46.86
3633	47.03
3634	46.73
3635	46.96
3636	46.54
3637	46.59
3638	46.78
3639	46.8
3640	46.76
3641	46.9
3642	46.76
3643	46.71
3644	47.11
3645	46.9
3646	46.76
3647	46.8
3648	46.55
3649	46.73
3650	46.78
3651	46.8
3652	46.8
3653	46.88
3654	46.76
3655	46.78
3656	46.76
3657	46.92
3658	46.88
3659	46.84
3660	46.78
3661	46.84
3662	46.84
3663	47.15
3664	47.05
3665	47.03
3666	47.17
3667	46.88
3668	46.92
3669	46.94
3670	46.88
3671	47.15
3672	47.24
3673	47.01
3674	46.92
3675	46.88
3676	46.9
3677	47.11
3678	46.88
3679	47.01
3680	47.09
3681	46.97
3682	46.75
3683	46.67
3684	46.82
3685	46.99
3686	47.13
3687	47.36
3688	47.2
3689	47.18
3690	46.75
3691	46.82
3692	46.86
3693	46.88
3694	47.13
3695	47.22
3696	47.24
3697	47.3
3698	46.86
3699	47.01
3700	47.01
3701	46.96
3702	46.99
3703	47.07
3704	47.2
3705	47.17
3706	47.18
3707	46.97
3708	46.88
3709	47.03
3710	47.13
3711	46.97
3712	46.96
3713	47.05
3714	47.24
3715	47.05
3716	47.03
3717	46.88
3718	47.01
3719	46.97
3720	46.96
3721	47.03
3722	47.18
3723	47.3
3724	47.09
3725	47.11
3726	47.17
3727	46.88
3728	47.01
3729	46.94
3730	46.82
3731	47.11
3732	47.07
3733	46.92
3734	46.92
3735	47.09
3736	46.9
3737	46.99
3738	46.76
3739	46.97
3740	47.05
3741	47.2
3742	47.26
3743	47.2
3744	47.2
3745	46.86
3746	47.07
3747	46.96
3748	47.01
3749	47.09
3750	47.15
3751	47.2
3752	47.3
3753	47.07
3754	46.82
3755	47.05
3756	47.01
3757	47.28
3758	47.09
3759	46.97
3760	47.01
3761	47.03
3762	47.17
3763	47.26
3764	46.84
3765	47.07
3766	46.97
3767	46.99
3768	47.26
3769	47.2
3770	47.01
3771	46.84
3772	46.94
3773	46.94
3774	47.28
3775	47.28
3776	46.88
3777	46.8
3778	46.94
3779	47.01
3780	47.24
3781	47.09
3782	46.97
3783	46.99
3784	47.01
3785	47.47
3786	47.09
3787	46.73
3788	46.88
3789	47.01
3790	47.32
3791	46.82
3792	46.96
3793	47.03
3794	47.18
3795	46.88
3796	46.99
3797	47.03
3798	47.05
3799	46.84
3800	46.99
3801	47.07
3802	47.13
3803	46.92
3804	47.01
3805	47.22
3806	46.9
3807	46.97
3808	47.03
3809	47.17
3810	46.88
3811	47.01
3812	47.2
3813	46.96
3814	46.8
3815	47.22
3816	47.26
3817	46.88
3818	47.07
3819	47.45
3820	46.9
3821	46.92
3822	47.09
3823	47.17
3824	47.01
3825	47.01
3826	47.09
3827	47.15
3828	47.28
3829	47.11
3830	47.26
3831	47.39
3832	47.51
3833	47.26
3834	47.3
3835	47.41
3836	47.6
3837	47.78
3838	47.57
3839	47.74
3840	47.85
3841	47.83
3842	48.29
3843	48.04
3844	47.85
3845	47.93
3846	47.91
3847	48.1
3848	48.31
3849	48.06
3850	48.48
3851	48.4
3852	47.99
3853	48.25
3854	48.23
3855	48.18
3856	48.29
3857	48.23
3858	48.25
3859	48.08
3860	48.23
3861	48.44
3862	48.52
3863	48.33
3864	48.02
3865	48.1
3866	48.33
3867	48.63
3868	48.6
3869	48.23
3870	48.25
3871	48.56
3872	48.5
3873	48.06
3874	48.25
3875	48.35
3876	48.42
3877	48.27
3878	48.31
3879	48.46
3880	48.06
3881	48.27
3882	48.39
3883	48.54
3884	48.25
3885	48.27
3886	48.21
3887	48.61
3888	48.39
3889	48.73
3890	48.63
3891	48.23
3892	48.23
3893	48.48
3894	48.29
3895	48.35
3896	48.61
3897	48.42
3898	48.35
3899	48.71
3900	48.37
3901	48.4
3902	48.6
3903	48.33
3904	48.5
3905	48.6
3906	48.54
3907	48.35
3908	48.29
3909	48.77
3910	48.33
3911	48.39
3912	48.77
3913	48.44
3914	48.33
3915	48.52
3916	48.75
3917	48.23
3918	48.4
3919	48.52
3920	48.88
3921	48.35
3922	48.4
3923	48.58
3924	48.67
3925	48.39
3926	48.39
3927	48.5
3928	48.65
3929	48.23
3930	48.39
3931	48.61
3932	48.58
3933	48.33
3934	48.4
3935	48.75
3936	48.67
3937	48.58
3938	48.4
3939	48.5
3940	48.54
3941	48.69
3942	48.77
3943	48.54
3944	48.35
3945	48.33
3946	48.48
3947	48.5
3948	48.61
3949	48.61
3950	48.56
3951	48.5
3952	48.42
3953	48.46
3954	48.84
3955	48.77
3956	48.6
3957	48.39
3958	48.5
3959	48.58
3960	48.5
3961	48.79
3962	48.4
3963	48.42
3964	48.39
3965	48.44
3966	48.67
3967	48.6
3968	48.35
3969	48.46
3970	48.42
3971	48.69
3972	48.5
3973	48.52
3974	48.65
3975	48.56
3976	48.25
3977	48.54
3978	48.58
3979	48.77
3980	48.42
3981	48.65
3982	48.52
3983	48.79
3984	48.37
3985	48.54
3986	48.86
3987	48.4
3988	48.77
3989	48.86
3990	48.42
3991	48.48
3992	48.63
3993	48.29
3994	48.65
3995	48.73
3996	48.35
3997	48.71
3998	48.75
3999	48.35
4000	48.5
4001	48.71
4002	48.56
4003	48.31
4004	48.44
4005	48.52
4006	48.1
4007	48.29
4008	48.31
4009	48.2
4010	48.2
4011	48.48
4012	48.69
4013	48.08
4014	48.27
4015	48.52
4016	48.29
4017	47.97
4018	47.78
4019	47.85
4020	47.55
4021	47.07
4022	46.88
4023	46.8
4024	46.59
4025	46.17
4026	46.06
4027	46.15
4028	46.19
4029	45.83
4030	45.72
4031	45.85
4032	46
4033	46.17
4034	45.87
4035	45.72
4036	45.89
4037	45.85
4038	45.96
4039	46.17
4040	46.21
4041	45.98
4042	45.91
4043	46.06
4044	46.23
4045	46.15
4046	46.48
4047	46.23
4048	46.27
4049	46.27
4050	46.48
4051	46.67
4052	46.31
4053	46.34
4054	46.42
4055	46.55
4056	46.82
4057	46.73
4058	46.52
4059	46.46
4060	46.52
4061	46.57
4062	46.78
4063	46.63
4064	46.46
4065	46.69
4066	46.9
4067	46.55
4068	46.42
4069	46.57
4070	46.94
4071	46.67
4072	46.36
4073	46.71
4074	46.8
4075	46.55
4076	46.61
4077	46.67
4078	47.13
4079	46.9
4080	46.52
4081	46.8
4082	46.73
4083	46.5
4084	46.82
4085	46.94
4086	46.73
4087	46.75
4088	46.9
4089	46.84
4090	46.59
4091	46.75
4092	46.99
4093	46.61
4094	46.75
4095	46.8
4096	47.05
4097	46.76
4098	46.8
4099	47.09
4100	46.88
4101	46.69
4102	46.94
4103	47.07
4104	46.71
4105	46.63
4106	47.13
4107	46.75
4108	46.94
4109	46.94
4110	47.05
4111	46.82
4112	46.82
4113	47.07
4114	47.05
4115	46.8
4116	47.15
4117	47.07
4118	47.11
4119	46.73
4120	46.96
4121	46.88
4122	47.03
4123	47.05
4124	46.75
4125	47.05
4126	47.09
4127	47.13
4128	47.05
4129	46.84
4130	46.76
4131	46.97
4132	46.76
4133	46.96
4134	46.88
4135	47.05
4136	47.15
4137	47.13
4138	46.84
4139	46.82
4140	46.99
4141	46.9
4142	46.94
4143	47.09
4144	46.9
4145	46.8
4146	47.01
4147	46.97
4148	47.22
4149	47.11
4150	46.86
4151	46.99
4152	47.09
4153	47.28
4154	47.11
4155	46.78
4156	46.97
4157	47.01
4158	47.34
4159	47.15
4160	47.07
4161	46.96
4162	47.26
4163	47.13
4164	47.03
4165	47.05
4166	47.28
4167	46.99
4168	46.99
4169	46.99
4170	47.22
4171	47.17
4172	46.92
4173	47.03
4174	47.01
4175	47.15
4176	46.9
4177	46.96
4178	47.26
4179	46.97
4180	47.11
4181	47.05
4182	47.26
4183	47.03
4184	47.2
4185	47.01
4186	47.11
4187	47.09
4188	47.45
4189	47.05
4190	47.26
4191	47.15
4192	47.05
4193	47.36
4194	46.88
4195	47.07
4196	47.39
4197	47.03
4198	47.13
4199	47.34
4200	46.96
4201	47.05
4202	47.26
4203	46.92
4204	47.01
4205	47.11
4206	46.97
4207	47.11
4208	47.03
4209	47.24
4210	47.09
4211	47.43
4212	47.07
4213	47.09
4214	47.39
4215	47.15
4216	47.17
4217	47.17
4218	47.47
4219	47.01
4220	47.11
4221	47.15
4222	47.28
4223	47.05
4224	47.05
4225	47.03
4226	47.24
4227	47.39
4228	47.34
4229	47.13
4230	47.07
4231	47.15
4232	47.15
4233	47.13
4234	47.28
4235	47.13
4236	47.28
4237	47.41
4238	47.49
4239	47.26
4240	47.09
4241	46.99
4242	46.96
4243	46.97
4244	47.13
4245	47.15
4246	47.07
4247	47.13
4248	47.17
4249	47.26
4250	47.22
4251	47.24
4252	47.32
4253	47.37
4254	47.37
4255	47.43
4256	47.3
4257	47.37
4258	47.3
4259	47.3
4260	47.15
4261	47.09
4262	47.03
4263	47.07
4264	47.22
4265	47.13
4266	47.28
4267	47.43
4268	47.37
4269	47.36
4270	47.39
4271	47.47
4272	47.37
4273	47.13
4274	47.05
4275	47.01
4276	47.03
4277	47.15
4278	47.03
4279	47.32
4280	47.32
4281	47.07
4282	46.96
4283	47.03
4284	46.94
4285	46.97
4286	47.07
4287	47.15
4288	47.22
4289	47.09
4290	47.11
4291	47.2
4292	47.34
4293	47.36
4294	47.53
4295	47.01
4296	46.97
4297	47.15
4298	47.17
4299	47.17
4300	47.51
4301	47.43
4302	47.53
4303	47.28
4304	47.3
4305	47.32
4306	47.36
4307	47.36
4308	47.43
4309	47.85
4310	47.66
4311	47.53
4312	47.72
4313	47.66
4314	47.57
4315	47.83
4316	47.87
4317	47.99
4318	47.95
4319	48.02
4320	48.2
4321	48.46
4322	48.18
4323	48.02
4324	47.99
4325	48.02
4326	47.99
4327	47.99
4328	48.31
4329	48.14
4330	48.18
4331	48.33
4332	48.21
4333	48.18
4334	48.35
4335	48.23
4336	48.1
4337	48.44
4338	48.46
4339	48.44
4340	48.18
4341	48.14
4342	48.18
4343	48.16
4344	48.27
4345	48.48
4346	48.4
4347	48.12
4348	48.27
4349	48.2
4350	48.02
4351	48.25
4352	48.54
4353	48.54
4354	48.16
4355	48.25
4356	48.23
4357	48.46
4358	48.69
4359	48.48
4360	48.16
4361	48.42
4362	48.37
4363	48.29
4364	48.14
4365	48.18
4366	48.27
4367	48.29
4368	48.27
4369	48.65
4370	48.48
4371	48.35
4372	48.35
4373	48.52
4374	48.69
4375	48.2
4376	48.25
4377	48.39
4378	48.6
4379	48.33
4380	48.21
4381	48.37
4382	48.42
4383	48.61
4384	48.52
4385	48.23
4386	48.27
4387	48.5
4388	48.65
4389	48.5
4390	48.16
4391	48.35
4392	48.25
4393	48.69
4394	48.5
4395	48.35
4396	48.27
4397	48.48
4398	48.61
4399	48.31
4400	48.2
4401	48.48
4402	48.48
4403	48.52
4404	48.61
4405	48.71
4406	48.27
4407	48.2
4408	48.27
4409	48.29
4410	48.35
4411	48.31
4412	48.37
4413	48.44
4414	48.4
4415	48.54
4416	48.46
4417	48.46
4418	48.39
4419	48.48
4420	48.18
4421	48.23
4422	48.35
4423	48.25
4424	48.23
4425	48.25
4426	48.23
4427	48.39
4428	48.37
4429	48.39
4430	48.37
4431	48.48
4432	48.4
4433	48.37
4434	48.67
4435	48.6
4436	48.48
4437	48.29
4438	48.37
4439	48.46
4440	48.6
4441	48.6
4442	48.61
4443	48.33
4444	48.48
4445	48.33
4446	48.35
4447	48.67
4448	48.71
4449	48.4
4450	48.4
4451	48.21
4452	48.37
4453	48.67
4454	48.63
4455	48.39
4456	48.2
4457	48.33
4458	48.31
4459	48.42
4460	48.61
4461	48.33
4462	48.44
4463	48.42
4464	48.39
4465	48.39
4466	48.65
4467	48.65
4468	48.5
4469	48.25
4470	48.46
4471	48.33
4472	48.65
4473	48.63
4474	48.35
4475	48.37
4476	48.31
4477	48.33
4478	48.44
4479	48.29
4480	48.25
4481	48.18
4482	47.93
4483	48.06
4484	48.1
4485	48.33
4486	48.33
4487	48.44
4488	48.4
4489	48.18
4490	47.89
4491	47.78
4492	47.68
4493	47.45
4494	47.32
4495	46.99
4496	46.69
4497	46.63
4498	46.52
4499	46.31
4500	46.23
4501	46.33
4502	46.06
4503	45.77
4504	45.72
4505	45.62
4506	45.75
4507	45.7
4508	45.58
4509	45.54
4510	45.51
4511	45.58
4512	45.83
4513	45.77
4514	45.81
4515	45.89
4516	46.12
4517	46.31
4518	46.31
4519	46.23
4520	46.23
4521	46.12
4522	45.93
4523	46.21
4524	46.21
4525	46.1
4526	46.15
4527	46.23
4528	46.27
4529	46.42
4530	46.29
4531	46.55
4532	46.5
4533	46.21
4534	46.34
4535	46.38
4536	46.44
4537	46.71
4538	46.67
4539	46.59
4540	46.25
4541	46.61
4542	46.48
4543	46.48
4544	46.84
4545	46.61
4546	46.44
4547	46.34
4548	46.61
4549	46.61
4550	46.71
4551	46.78
4552	46.59
4553	46.36
4554	46.61
4555	46.55
4556	46.88
4557	46.97
4558	46.67
4559	46.69
4560	46.65
4561	46.78
4562	46.92
4563	46.84
4564	46.55
4565	46.59
4566	46.78
4567	46.9
4568	46.92
4569	46.61
4570	46.67
4571	46.69
4572	46.99
4573	46.8
4574	46.73
4575	46.63
4576	46.63
4577	46.71
4578	46.88
4579	47.03
4580	46.76
4581	46.75
4582	46.94
4583	46.76
4584	46.92
4585	46.92
4586	46.61
4587	46.78
4588	46.8
4589	46.82
4590	47.13
4591	46.59
4592	46.65
4593	46.67
4594	46.75
4595	47.2
4596	47.01
4597	46.71
4598	46.63
4599	46.65
4600	46.75
4601	46.76
4602	46.86
4603	46.73
4604	47.07
4605	47.17
4606	47.07
4607	46.96
4608	46.76
4609	46.73
4610	46.8
4611	46.73
4612	46.84
4613	46.86
4614	46.84
4615	47.15
4616	47.05
4617	47.03
4618	46.86
4619	46.78
4620	46.65
4621	46.57
4622	46.76
4623	46.61
4624	46.55
4625	46.75
4626	46.76
4627	46.8
4628	46.8
4629	46.94
4630	47.09
4631	47.13
4632	46.82
4633	46.78
4634	46.84
4635	46.84
4636	46.86
4637	46.9
4638	46.99
4639	47.24
4640	47.07
4641	46.75
4642	46.75
4643	46.73
4644	46.8
4645	46.86
4646	46.97
4647	47.05
4648	47.05
4649	46.96
4650	46.94
4651	46.8
4652	46.88
4653	47.22
4654	46.78
4655	47.09
4656	46.9
4657	46.73
4658	46.75
4659	46.73
4660	46.84
4661	46.92
4662	46.97
4663	46.9
4664	47.11
4665	46.88
4666	46.82
4667	46.76
4668	47.07
4669	46.96
4670	47.11
4671	47.13
4672	47.05
4673	46.96
4674	46.76
4675	46.99
4676	46.92
4677	46.92
4678	47.18
4679	47.11
4680	46.96
4681	46.86
4682	46.8
4683	46.92
4684	46.82
4685	46.94
4686	47.07
4687	47.18
4688	46.99
4689	46.84
4690	46.97
4691	46.99
4692	46.96
4693	47.2
4694	47.13
4695	47.05
4696	46.84
4697	46.96
4698	46.9
4699	47.09
4700	46.99
4701	47.22
4702	47.22
4703	47.32
4704	47.13
4705	46.86
4706	47.01
4707	47.01
4708	47.13
4709	47.13
4710	47.11
4711	47.07
4712	46.92
4713	46.84
4714	46.88
4715	47.03
4716	47.09
4717	46.9
4718	47.13
4719	47.05
4720	47.24
4721	47.24
4722	47.2
4723	47.05
4724	46.78
4725	47.11
4726	46.94
4727	47.41
4728	47.24
4729	46.84
4730	47.05
4731	47.03
4732	47.05
4733	47.22
4734	46.9
4735	46.92
4736	46.92
4737	47.03
4738	47.22
4739	47.07
4740	46.97
4741	47.11
4742	47.15
4743	47.24
4744	46.9
4745	46.82
4746	46.96
4747	47.05
4748	47.15
4749	46.8
4750	46.88
4751	46.96
4752	46.99
4753	46.88
4754	46.99
4755	46.92
4756	47.15
4757	47.03
4758	47.01
4759	46.96
4760	47.18
4761	46.88
4762	46.86
4763	46.88
4764	47.2
4765	46.9
4766	46.92
4767	47.15
4768	46.8
4769	46.8
4770	47.01
4771	47.24
4772	46.97
4773	46.94
4774	47.45
4775	47.05
4776	47.26
4777	47.39
4778	47.05
4779	47.11
4780	47.34
4781	47.18
4782	47.47
4783	47.62
4784	47.66
4785	47.43
4786	47.93
4787	47.58
4788	47.51
4789	47.79
4790	48.04
4791	47.7
4792	47.64
4793	47.79
4794	48.1
4795	47.78
4796	47.79
4797	47.93
4798	48.18
4799	47.91
4800	47.95
4801	47.87
4802	48.2
4803	47.81
4804	48
4805	48.08
4806	48.08
4807	47.89
4808	47.95
4809	48.18
4810	48.21
4811	47.85
4812	48.2
4813	48.31
4814	47.91
4815	48.12
4816	48.08
4817	48.2
4818	47.99
4819	48.23
4820	48.25
4821	48.35
4822	48
4823	48.29
4824	48.14
4825	47.87
4826	48.31
4827	48.08
4828	48.14
4829	48.21
4830	48.4
4831	48
4832	48.25
4833	48.12
4834	48.33
4835	48.18
4836	48.06
4837	48.35
4838	48.4
4839	48
4840	48.16
4841	48.48
4842	48.02
4843	48.14
4844	48.18
4845	48.56
4846	47.97
4847	48.23
4848	48.12
4849	48.25
4850	47.99
4851	48.12
4852	48
4853	48.21
4854	48.06
4855	48
4856	48.18
4857	48.18
4858	48.27
4859	47.95
4860	48.2
4861	48.12
4862	48.54
4863	48.21
4864	48.04
4865	48.29
4866	48.18
4867	48.1
4868	48.44
4869	48.23
4870	48.04
4871	48.04
4872	48.16
4873	48.31
4874	48.4
4875	48.37
4876	48.29
4877	48.18
4878	48.18
4879	48.35
4880	48.39
4881	48.44
4882	48.1
4883	48.06
4884	48.23
4885	48.27
4886	48.4
4887	48.39
4888	48.27
4889	48.04
4890	48.1
4891	48.25
4892	48.35
4893	48.54
4894	48.48
4895	48.06
4896	48.12
4897	48.33
4898	48.27
4899	48.46
4900	48.31
4901	48.08
4902	48.06
4903	48.27
4904	48.25
4905	48.42
4906	48.44
4907	48.46
4908	48.27
4909	48.1
4910	48.33
4911	48.2
4912	48.33
4913	48.33
4914	48.35
4915	48.48
4916	48.31
4917	48.06
4918	48.1
4919	48.37
4920	48.69
4921	48.44
4922	48.18
4923	48.2
4924	48.25
4925	48.61
4926	48.5
4927	48.08
4928	48.39
4929	48.23
4930	48.33
4931	48.52
4932	47.99
4933	48.23
4934	48.29
4935	48.33
4936	48.69
4937	48
4938	48.2
4939	48.33
4940	48.46
4941	48.5
4942	48.16
4943	48.21
4944	48.6
4945	48.54
4946	48.21
4947	48.42
4948	48.52
4949	48.23
4950	48.04
4951	48.14
4952	48.16
4953	48.18
4954	47.89
4955	48.27
4956	48.25
4957	47.87
4958	48
4959	48.23
4960	47.79
4961	47.95
4962	48.21
4963	47.81
4964	47.7
4965	47.87
4966	47.43
4967	47.24
4968	47.03
4969	46.86
4970	46.55
4971	46.52
4972	46.48
4973	46.12
4974	45.85
4975	45.73
4976	45.94
4977	45.66
4978	45.39
4979	45.7
4980	45.91
4981	45.6
4982	45.54
4983	45.52
4984	45.96
4985	45.81
4986	45.66
4987	45.56
4988	45.93
4989	46
4990	46.14
4991	46.15
4992	45.77
4993	45.96
4994	45.89
4995	46.08
4996	46.36
4997	46.12
4998	46.12
4999	46.15
5000	46.17
5001	46.4
5002	46.06
5003	46.14
5004	45.96
5005	46.02
5006	46.17
5007	46.27
5008	46.42
5009	46.61
5010	46.61
5011	46.46
5012	46.4
5013	46.15
5014	46.17
5015	46.14
5016	46.36
5017	46.34
5018	46.31
5019	46.57
5020	46.57
5021	46.69
5022	46.54
5023	46.54
5024	46.34
5025	46.23
5026	46.42
5027	46.4
5028	46.23
5029	46.33
5030	46.48
5031	46.54
5032	46.44
5033	46.33
5034	46.59
5035	46.73
5036	46.76
5037	46.65
5038	46.48
5039	46.31
5040	46.42
5041	46.38
5042	46.48
5043	46.78
5044	46.99
5045	46.78
5046	46.71
5047	46.61
5048	46.46
5049	46.34
5050	46.5
5051	46.61
5052	46.82
5053	46.73
5054	46.46
5055	46.38
5056	46.5
5057	46.67
5058	46.76
5059	46.61
5060	46.57
5061	46.34
5062	46.48
5063	46.55
5064	46.54
5065	46.82
5066	46.46
5067	46.52
5068	46.52
5069	46.52
5070	46.5
5071	46.75
5072	46.52
5073	46.38
5074	46.61
5075	46.52
5076	46.75
5077	46.54
5078	46.48
5079	46.48
5080	46.63
5081	46.8
5082	46.8
5083	46.55
5084	46.33
5085	46.57
5086	46.57
5087	46.8
5088	46.88
5089	46.57
5090	46.48
5091	46.71
5092	46.61
5093	46.59
5094	46.88
5095	46.63
5096	46.36
5097	46.52
5098	46.54
5099	46.76
5100	46.92
5101	46.8
5102	46.67
5103	46.54
5104	46.63
5105	46.65
5106	46.69
5107	46.84
5108	46.65
5109	46.55
5110	46.5
5111	46.67
5112	46.54
5113	46.82
5114	46.48
5115	46.48
5116	46.67
5117	46.86
5118	46.76
5119	46.44
5120	46.44
5121	46.61
5122	46.57
5123	46.82
5124	46.8
5125	46.57
5126	46.59
5127	46.69
5128	46.65
5129	46.55
5130	46.71
5131	46.96
5132	46.55
5133	46.44
5134	46.54
5135	46.59
5136	46.59
5137	46.8
5138	46.97
5139	46.9
5140	46.54
5141	46.57
5142	46.61
5143	46.61
5144	46.63
5145	46.67
5146	46.73
5147	46.8
5148	46.82
5149	46.5
5150	46.48
5151	46.55
5152	46.63
5153	46.67
5154	46.88
5155	46.75
5156	46.5
5157	46.55
5158	46.5
5159	46.71
5160	46.57
5161	46.63
5162	46.75
5163	46.84
5164	46.5
5165	46.44
5166	46.63
5167	46.67
5168	46.65
5169	46.86
5170	46.97
5171	46.69
5172	46.48
5173	46.69
5174	46.61
5175	46.84
5176	46.9
5177	46.61
5178	46.59
5179	46.59
5180	46.63
5181	46.52
5182	46.88
5183	46.78
5184	46.55
5185	46.5
5186	46.57
5187	46.57
5188	46.71
5189	46.69
5190	46.88
5191	46.55
5192	46.46
5193	46.69
5194	46.63
5195	46.48
5196	46.88
5197	46.8
5198	46.69
5199	46.44
5200	46.54
5201	46.69
5202	46.71
5203	46.67
5204	46.76
5205	46.86
5206	46.73
5207	46.65
5208	46.54
5209	46.46
5210	46.69
5211	46.9
5212	46.78
5213	46.73
5214	46.59
5215	46.52
5216	46.78
5217	46.9
5218	46.75
5219	46.5
5220	46.61
5221	46.61
5222	46.65
5223	46.67
5224	46.48
5225	46.46
5226	46.65
5227	46.61
5228	46.88
5229	46.75
5230	46.73
5231	46.54
5232	46.5
5233	46.48
5234	46.73
5235	46.82
5236	46.71
5237	46.65
5238	46.67
5239	46.67
5240	46.55
5241	46.71
5242	46.86
5243	46.94
5244	46.92
5245	46.67
5246	46.75
5247	46.78
5248	46.92
5249	46.86
5250	47.07
5251	46.86
5252	46.96
5253	46.76
5254	46.82