1	279.82999
2	279.92001
3	279.94
4	279.82999
5	279.60001
6	279.48001
7	279.41
8	279.51999
9	279.75
10	279.82999
11	279.94
12	280
13	279.92001
14	279.87
15	279.89001
16	279.92001
17	279.92001
18	279.76999
19	279.76999
20	279.37
21	279.29001
22	279.32999
23	279.41
24	279.66
25	279.98001
26	279.98001
27	280.04001
28	279.85001
29	279.73001
30	279.48001
31	279.37
32	279.39001
33	279.32999
34	279.41
35	279.41
36	279.57999
37	279.73001
38	279.81
39	279.95999
40	279.98001
41	279.94
42	280.04001
43	280.10001
44	280.17001
45	280.14999
46	280.10001
47	280.12
48	280.01999
49	279.98001
50	279.89001
51	279.89001
52	279.87
53	280.06
54	280
55	280.07999
56	279.95999
57	279.89001
58	279.89001
59	279.62
60	279.69
61	279.62
62	279.51999
63	279.60001
64	279.5
65	279.5
66	279.17999
67	279.07999
68	279
69	278.82999
70	278.73999
71	278.73999
72	278.91
73	279.20001
74	279.48001
75	279.75
76	279.82999
77	279.89001
78	279.89001
79	279.92001
80	280.07999
81	280.12
82	280.01999
83	279.85001
84	279.79001
85	279.73001
86	279.66
87	279.64001
88	279.82999
89	279.81
90	279.81
91	279.54001
92	279.51999
93	279.54001
94	279.41
95	279.41
96	279.51999
97	279.51999
98	280.95999
99	282.10999
100	282.47
101	282.91
102	283.37
103	283.57999
104	283.67999
105	284.41
106	284.98001
107	285.19
108	285.73001
109	286.04001
110	286.14999
111	286.20999
112	286.51999
113	286.54001
114	286.60999
115	286.60999
116	286.64999
117	286.75
118	286.95999
119	287.35999
120	287.38
121	287.42001
122	287.44
123	287.38
124	287.07001
125	286.89999
126	286.79999
127	286.82001
128	286.76999
129	286.76999
130	287.26001
131	287.48999
132	287.53
133	288.01001
134	288.62
135	288.85001
136	288.85001
137	288.59
138	288.47
139	288.59
140	288.92999
141	289.16
142	289.31
143	289.32999
144	289.47
145	289.57999
146	289.81
147	289.97
148	290.41
149	290.56
150	290.56
151	290.06
152	289.92999
153	289.76999
154	289.54001
155	289.37
156	288.95001
157	288.79999
158	288.91
159	289.14001
160	289.16
161	289.16
162	289.04999
163	288.79999
164	288.62
165	288.34
166	288.51001
167	288.57001
168	288.57001
169	289.22
170	289.51001
171	289.56
172	289.60001
173	289.60001
174	289.64001
175	289.57999
176	289.23999
177	288.76001
178	288.45001
179	288.03
180	287.89999
181	287.85999
182	287.89999
183	288.04999
184	288.03
185	288.17999
186	288.17999
187	288.09
188	287.97
189	287.95001
190	287.97
191	288.29999
192	288.47
193	288.91
194	289.14001
195	289.37
196	289.35001
197	288.89001
198	288.64001
199	288.32001
200	288.32001
201	288.04999
202	288.01001
203	287.89999
204	287.95001
205	287.89999
206	288.22
207	288.22
208	288.22
209	288.20001
210	288.22
211	288.45001
212	288.72
213	288.82001
214	288.89001
215	289.60001
216	289.87
217	289.82999
218	289.66
219	289.57999
220	289.48999
221	289.48999
222	289.41
223	289.26001
224	289.04999
225	289.17999
226	289.22
227	289.35001
228	289.48999
229	289.64001
230	289.62
231	289.48999
232	289.48999
233	289.51001
234	289.39001
235	289.45001
236	289.47
237	289.47
238	289.37
239	289.37
240	289.22
241	289.04999
242	288.92999
243	288.79999
244	288.64001
245	288.48999
246	288.48999
247	288.39001
248	288.42999
249	288.54999
250	288.72
251	288.64001
252	288.67999
253	288.54999
254	288.42999
255	288.42999
256	288.59
257	288.78
258	288.87
259	289.16
260	289.32999
261	289.82999
262	289.92999
263	289.89001
264	289.76999
265	289.81
266	289.76999
267	289.76999
268	289.26001
269	288.76001
270	288.64001
271	288.64001
272	288.87
273	288.72
274	288.51001
275	287.98999
276	287.44
277	287.14999
278	287.14999
279	286.69
280	286.34
281	286.19
282	285.79001
283	285.44
284	285.37
285	285.44
286	285.32999
287	285.23001
288	284.81
289	283.60001
290	281.82001
291	280.69
292	279.5
293	275.59
294	274.44
295	272.14001
296	269.79001
297	268.70999
298	266.97
299	266.34
300	265.20999
301	264.76999
302	264.63
303	264.63
304	264.5
305	264.69
306	264.95999
307	265.59
308	266.34
309	267.07001
310	267.07001
311	268.42999
312	269.31
313	269.73001
314	270.57001
315	271.23999
316	271.91
317	271.91
318	272.73999
319	273.17999
320	273.29001
321	273.64001
322	274.10001
323	274.31
324	274.51999
325	275.04001
326	275.19
327	275.54001
328	275.76999
329	275.82001
330	275.94
331	275.98001
332	276.29999
333	276.45999
334	276.64999
335	276.78
336	276.78
337	276.78
338	276.79999
339	277.17999
340	277.39001
341	277.51001
342	277.51001
343	277.66
344	277.72
345	277.66
346	277.76001
347	277.91
348	278.22
349	278.22
350	278.41
351	278.72
352	278.81
353	278.67999
354	278.48999
355	278.51001
356	278.45001
357	278.60001
358	278.56
359	278.47
360	278.28
361	278.37
362	278.31
363	278.28
364	278.47
365	278.62
366	278.72
367	278.91
368	278.97
369	279.06
370	279.01999
371	278.97
372	278.92999
373	278.89001
374	278.89001
375	278.73999
376	278.79001
377	278.87
378	278.79001
379	279.04001
380	279.16
381	279.16
382	279.26999
383	279.10001
384	279.06
385	279.04001
386	279.07999
387	279.01999
388	279.01999
389	278.95001
390	278.92999
391	278.81
392	278.62
393	278.51001
394	278.47
395	278.60001
396	278.73999
397	278.76999
398	278.92999
399	279.06
400	279.01999
401	279
402	279.04001
403	278.92999
404	278.82999
405	278.62
406	278.64001
407	278.76999
408	278.97
409	279.06
410	279.37
411	279.57999
412	279.56
413	279.56
414	279.54001
415	279.5
416	279.51999
417	279.62
418	279.94
419	280.01999
420	280.01999
421	279.79001
422	279.70999
423	279.66
424	279.45999
425	279.31
426	279.17999
427	279.17999
428	279.26999
429	279.31
430	279.32999
431	279.42999
432	279.39001
433	279.39001
434	279.41
435	279.56
436	279.60001
437	279.76999
438	279.87
439	279.85001
440	279.82999
441	279.82999
442	279.79001
443	279.57999
444	279.48001
445	279.42999
446	279.41
447	279.42999
448	279.37
449	279.29001
450	279.14001
451	279.12
452	279.12
453	279.29001
454	279.37
455	279.35001
456	279.26999
457	279.07999
458	279.10001
459	279.10001
460	279.35001
461	279.64001
462	279.79001
463	280
464	279.92001
465	279.82999
466	279.85001
467	279.98001
468	279.98001
469	280.07999
470	280.12
471	280.14999
472	280.06
473	280.01999
474	280.06
475	280.06
476	279.92001
477	279.87
478	279.75
479	279.82999
480	279.85001
481	279.87
482	280.14999
483	280.19
484	280.19
485	279.85001
486	279.76999
487	279.73001
488	279.76999
489	279.92001
490	279.89001
491	279.89001
492	279.82999
493	279.79001
494	279.62
495	279.56
496	279.54001
497	279.48001
498	279.48001
499	279.56
500	279.54001
501	279.48001
502	279.70999
503	279.85001
504	279.87
505	279.87
506	279.89001
507	279.92001
508	279.73001
509	279.64001
510	279.57999
511	279.60001
512	279.60001
513	279.70999
514	279.64001
515	279.60001
516	279.60001
517	279.70999
518	279.73001
519	279.70999
520	279.60001
521	279.66
522	279.70999
523	279.70999
524	279.89001
525	279.92001
526	279.95999
527	279.95999
528	279.98001
529	280.01999
530	280.01999
531	279.94
532	279.81
533	279.70999
534	279.69
535	279.70999
536	279.60001
537	279.56
538	279.54001
539	279.57999
540	279.62
541	279.81
542	279.98001
543	280.04001
544	280.04001
545	280
546	279.98001
547	280
548	280.14999
549	280.20999
550	280.17001
551	280.23001
552	280.23001
553	280.10001
554	279.95999
555	279.95999
556	279.70999
557	279.82999
558	279.87
559	279.98001
560	280
561	279.85001
562	279.85001
563	279.57999
564	279.56
565	279.60001
566	279.98001
567	280.04001
568	280.26999
569	280.26999
570	282.28
571	283.47
572	283.92999
573	284.66
574	285.23001
575	285.42001
576	285.51999
577	285.75
578	285.95999
579	286.26999
580	286.64999
581	286.76999
582	287.07001
583	287.14999
584	287.29999
585	287.63
586	287.92999
587	288.20001
588	288.39001
589	288.72
590	288.97
591	289.39001
592	289.64001
593	289.60001
594	289.60001
595	289.70001
596	289.72
597	289.76999
598	289.87
599	289.76999
600	289.60001
601	289.60001
602	289.48999
603	289.54001
604	289.70001
605	289.95001
606	289.95001
607	290
608	290
609	289.89001
610	289.95001
611	290.17999
612	290.32999
613	290.5
614	290.41
615	290.37
616	290.35001
617	290.29001
618	290.26999
619	290.35001
620	290.16
621	290
622	289.95001
623	289.73999
624	289.64001
625	289.70001
626	289.70001
627	289.42999
628	289.35001
629	289.47
630	289.56
631	289.60001
632	289.66
633	289.66
634	289.56
635	289.56
636	289.57999
637	289.62
638	289.57999
639	289.56
640	289.56
641	289.66
642	290.06
643	290.17999
644	290.29001
645	290.35001
646	290.35001
647	290.29001
648	290.20001
649	290.12
650	289.92999
651	289.97
652	290.01999
653	290.07999
654	290.01999
655	289.87
656	289.67999
657	289.23999
658	288.87
659	288.70001
660	288.41
661	288.39001
662	288.76001
663	289.07999
664	289.17999
665	289.17999
666	288.97
667	288.78
668	288.57001
669	288.39001
670	288.79999
671	289.28
672	289.28
673	289.82999
674	290.06
675	290.16
676	290.29001
677	290.23001
678	290
679	289.72
680	289.41
681	289.37
682	289.47
683	289.56
684	289.45001
685	289.42999
686	289.47
687	289.85001
688	289.91
689	290.06
690	290.16
691	290.17999
692	290.10001
693	290.01999
694	289.89001
695	290.04001
696	290.25
697	290.25
698	290.5
699	290.66
700	290.76999
701	290.66
702	290.45999
703	290.31
704	290.31
705	290.01999
706	289.97
707	289.95001
708	289.97
709	289.95001
710	289.95001
711	289.95001
712	290.16
713	290.23001
714	290.23001
715	290.20001
716	290.16
717	290.07999
718	289.97
719	289.85001
720	290.07999
721	290.39001
722	290.70999
723	290.75
724	290.76999
725	290.75
726	290.66
727	290.62
728	290.41
729	290.20001
730	290.16
731	289.87
732	289.82999
733	290.07999
734	290.26999
735	290.31
736	290.31
737	290.64001
738	290.85001
739	290.94
740	290.87
741	290.66
742	290.26999
743	290.26999
744	289.92999
745	289.91
746	289.85001
747	289.64001
748	289.10001
749	288.73999
750	288.42999
751	287.26001
752	286.69
753	286.45999
754	286.07999
755	285.70999
756	285.62
757	285.5
758	285.23001
759	285.16
760	284.87
761	284.06
762	283.57999
763	282.28
764	281.42001
765	279.73001
766	277.79999
767	275.79999
768	273.22
769	272.07001
770	269.92001
771	268.87
772	266.87
773	265.48999
774	264.63
775	264.63
776	264.17001
777	264.39999
778	264.63
779	265.35999
780	266.09
781	266.64001
782	266.64001
783	267.48999
784	268.16
785	268.5
786	269.19
787	269.73001
788	270.04001
789	270.26999
790	271.19
791	271.48999
792	272.10999
793	272.64001
794	273.32999
795	273.60001
796	273.76999
797	274.48001
798	274.69
799	275.10999
800	275.17001
801	275.19
802	275.5
803	275.60999
804	275.67001
805	275.79999
806	275.92001
807	275.92001
808	276.09
809	276.39999
810	276.54999
811	276.79999
812	276.98999
813	277.22
814	277.22
815	277.48999
816	277.54999
817	277.51001
818	277.51001
819	277.70001
820	277.95001
821	277.95001
822	278.23999
823	278.16
824	278.03
825	277.89001
826	277.92999
827	277.82001
828	277.82001
829	277.66
830	277.64001
831	277.54999
832	277.47
833	277.53
834	277.59
835	277.62
836	277.78
837	277.73999
838	277.70001
839	277.59
840	277.51001
841	277.48999
842	277.59
843	278.01001
844	278.35001
845	278.70001
846	278.70001
847	278.92999
848	278.89001
849	278.91
850	278.87
851	278.72
852	278.85001
853	278.85001
854	278.73999
855	278.89001
856	279
857	279.06
858	278.97
859	279
860	279
861	278.95001
862	278.87
863	278.81
864	278.79001
865	278.85001
866	278.79001
867	278.79001
868	278.79001
869	278.79001
870	278.81
871	278.81
872	278.85001
873	278.66
874	278.60001
875	278.41
876	278.47
877	278.76999
878	278.76999
879	279.25
880	279.41
881	279.48001
882	279.54001
883	279.41
884	279.35001
885	279.35001
886	279.51999
887	279.48001
888	279.41
889	279.37
890	279.25
891	279.23001
892	279.23001
893	279.32999
894	279.32999
895	279.32999
896	279.17999
897	279.06
898	279.01999
899	278.95001
900	279.01999
901	279.07999
902	279.06
903	279.06
904	279.10001
905	279.14001
906	279.23001
907	279.16
908	279.12
909	278.89001
910	278.91
911	278.95001
912	278.87
913	278.79001
914	278.45001
915	278.39001
916	278.20001
917	278.20001
918	278.07999
919	278.10001
920	278.16
921	278.41
922	278.42999
923	278.39001
924	278.39001
925	278.42999
926	278.54001
927	278.48999
928	278.41
929	278.39001
930	278.39001
931	278.41
932	278.62
933	278.79001
934	278.81
935	278.72
936	278.47
937	278.41
938	278.41
939	278.62
940	278.60001
941	278.67999
942	278.73999
943	278.76999
944	278.89001
945	279.04001
946	279.06
947	279.10001
948	279.25
949	279.25
950	279.23001
951	279.26999
952	279.26999
953	279.25
954	279.29001
955	279.35001
956	279.35001
957	279.51999
958	279.62
959	279.62
960	279.69
961	279.41
962	279.23001
963	279.23001
964	278.62
965	278.12
966	277.98999
967	277.79999
968	277.76001
969	277.87
970	277.95001
971	278.16
972	278.16
973	278.37
974	278.66
975	278.89001
976	278.89001
977	278.81
978	278.76999
979	278.79001
980	278.81
981	278.82999
982	278.79001
983	278.92999
984	278.79001
985	278.51001
986	278.56
987	278.70001
988	278.70001
989	278.92999
990	279.06
991	279.07999
992	279.07999
993	279.16
994	279.16
995	279.16
996	279.23001
997	279.26999
998	279.17999
999	279.10001
1000	278.95001
1001	278.91
1002	278.87
1003	278.64001
1004	278.72
1005	278.82999
1006	279.12
1007	279.25
1008	279.37
1009	279.42999
1010	279.51999
1011	279.45999
1012	279.35001
1013	279.37
1014	279.35001
1015	279.48001
1016	279.56
1017	279.62
1018	279.70999
1019	279.73001
1020	279.75
1021	279.69
1022	279.85001
1023	279.95999
1024	280.06
1025	279.94
1026	279.73001
1027	279.73001
1028	279.41
1029	279.26999
1030	279.25
1031	279.48001
1032	279.60001
1033	279.57999
1034	279.57999
1035	279.39001
1036	279.32999
1037	279.29001
1038	279.5
1039	279.85001
1040	280.04001
1041	280.17001
1042	281.20999
1043	281.98999
1044	283.51001
1045	284.95999
1046	285.60001
1047	285.79001
1048	285.88
1049	286
1050	286.04001
1051	286.07999
1052	286.44
1053	286.45999
1054	286.48001
1055	286.54001
1056	286.75
1057	286.95999
1058	287.23999
1059	287.23999
1060	287.82001
1061	287.82001
1062	287.82001
1063	287.97
1064	288.13
1065	288.32001
1066	288.32001
1067	288.29999
1068	288.32001
1069	288.29999
1070	288.35999
1071	288.62
1072	288.87
1073	288.87
1074	288.92999
1075	289.32999
1076	289.54001
1077	289.56
1078	289.62
1079	289.57999
1080	289.41
1081	289.04999
1082	288.98999
1083	288.91
1084	288.59
1085	288.54999
1086	288.66
1087	288.78
1088	289.03
1089	289.22
1090	289.22
1091	289.23999
1092	289.41
1093	289.72
1094	289.72
1095	289.62
1096	289.57999
1097	289.73999
1098	289.73999
1099	289.42999
1100	289.03
1101	288.92999
1102	289.03
1103	289.31
1104	289.39001
1105	289.39001
1106	289.20001
1107	289.01001
1108	289.04999
1109	289.22
1110	289.07999
1111	288.95001
1112	288.73999
1113	288.07001
1114	288.03
1115	287.82001
1116	287.73999
1117	288.01001
1118	288.16
1119	288.34
1120	288.26001
1121	288.29999
1122	288.23999
1123	288.59
1124	288.67999
1125	288.70001
1126	288.59
1127	288.89001
1128	289.35001
1129	290
1130	290
1131	290.35001
1132	290.14001
1133	290.12
1134	290.16
1135	290.29001
1136	290.32999
1137	290.32999
1138	290.17999
1139	290.14001
1140	290.06
1141	290.14001
1142	290.25
1143	290.14001
1144	290.14001
1145	289.67999
1146	289.54001
1147	289.54001
1148	289.57999
1149	289.42999
1150	289.42999
1151	289.35001
1152	289.17999
1153	289.28
1154	289.42999
1155	289.41
1156	289.42999
1157	289.42999
1158	289.39001
1159	289.62
1160	289.60001
1161	289.62
1162	289.76999
1163	289.72
1164	289.37
1165	289.07999
1166	288.82001
1167	288.57001
1168	288.64001
1169	288.64001
1170	289.32999
1171	289.72
1172	289.87
1173	290.04001
1174	289.92999
1175	289.64001
1176	289.64001
1177	289.16
1178	289.32999
1179	289.37
1180	289.54001
1181	289.81
1182	289.91
1183	289.92999
1184	289.92999
1185	289.92999
1186	289.95001
1187	289.87
1188	290.06
1189	290.17999
1190	290.06
1191	289.87
1192	289.76999
1193	289.56
1194	289.41
1195	289.47
1196	289.48999
1197	289.47
1198	289.39001
1199	289.70001
1200	289.82999
1201	289.82999
1202	289.64001
1203	289.56
1204	289.54001
1205	289.62
1206	289.60001
1207	289.67999
1208	289.67999
1209	289.95001
1210	289.92999
1211	289.82999
1212	289.42999
1213	289.16
1214	288.98999
1215	288.98999
1216	288.62
1217	288.91
1218	289.04999
1219	289.62
1220	289.73999
1221	289.62
1222	289.37
1223	288.54999
1224	288.23999
1225	287.51001
1226	286.76999
1227	286.48001
1228	285.92001
1229	285.67001
1230	285.19
1231	285.07999
1232	284.70001
1233	284.45001
1234	284.31
1235	283.97
1236	283.66
1237	282.45001
1238	280.73001
1239	278.66
1240	278.66
1241	274.76999
1242	272.39001
1243	271.19
1244	269.07999
1245	267.37
1246	266.10999
1247	266.10999
1248	264.79999
1249	264.59
1250	264.59
1251	264.75
1252	265
1253	265.20999
1254	265.54999
1255	266.57001
1256	267.22
1257	267.47
1258	268.31
1259	269.14999
1260	269.54001
1261	269.89999
1262	270.82001
1263	271.13
1264	271.63
1265	272.41
1266	272.67999
1267	273.23999
1268	273.42999
1269	273.82999
1270	274.14001
1271	274.51999
1272	274.88
1273	275
1274	275.26999
1275	275.42001
1276	275.73001
1277	276
1278	276.38
1279	276.38
1280	276.84
1281	276.95001
1282	276.98999
1283	276.84
1284	276.64999
1285	276.60999
1286	276.60999
1287	276.57001
1288	276.82001
1289	276.88
1290	277.03
1291	277.28
1292	277.29999
1293	277.34
1294	277.62
1295	277.67999
1296	277.76001
1297	277.91
1298	277.98999
1299	277.98999
1300	278.01001
1301	278.16
1302	278.12
1303	278.04999
1304	278.16
1305	278.16
1306	278.22
1307	278.23999
1308	278.14001
1309	278.01001
1310	277.76001
1311	277.76001
1312	277.82001
1313	278.04999
1314	278.12
1315	278.32999
1316	278.39001
1317	278.45001
1318	278.45001
1319	278.54001
1320	278.62
1321	278.62
1322	278.81
1323	278.72
1324	278.70001
1325	278.70001
1326	278.56
1327	278.37
1328	278.26001
1329	278.23999
1330	278.26001
1331	278.37
1332	278.47
1333	278.64001
1334	278.66
1335	278.64001
1336	278.66
1337	278.67999
1338	278.70001
1339	278.66
1340	278.79001
1341	278.79001
1342	278.76999
1343	278.64001
1344	278.62
1345	278.54001
1346	278.51001
1347	278.70001
1348	278.76999
1349	278.70001
1350	278.70001
1351	278.72
1352	278.51001
1353	278.57999
1354	278.48999
1355	278.31
1356	278.26001
1357	278.26001
1358	278.54001
1359	278.70001
1360	278.66
1361	278.70001
1362	278.95001
1363	278.91
1364	278.85001
1365	278.56
1366	278.60001
1367	278.62
1368	278.62
1369	278.47
1370	278.47
1371	278.41
1372	278.37
1373	278.48999
1374	278.60001
1375	278.81
1376	278.91
1377	278.95001
1378	278.91
1379	279
1380	278.82999
1381	278.66
1382	278.66
1383	278.45001
1384	278.45001
1385	278.54001
1386	278.64001
1387	278.47
1388	278.31
1389	278.31
1390	278.20001
1391	278.20001
1392	278.37
1393	278.72
1394	278.79001
1395	278.76999
1396	278.76999
1397	278.79001
1398	278.92999
1399	279.01999
1400	279.12
1401	278.97
1402	278.89001
1403	278.64001
1404	278.32999
1405	278.51001
1406	278.66
1407	278.67999
1408	278.70001
1409	278.66
1410	278.82999
1411	278.89001
1412	278.97
1413	278.91
1414	278.82999
1415	278.79001
1416	278.62
1417	278.72
1418	278.81
1419	279.01999
1420	279.01999
1421	279.01999
1422	278.92999
1423	278.73999
1424	278.64001
1425	278.56
1426	278.62
1427	278.76999
1428	278.76999
1429	279.07999
1430	279.23001
1431	279.26999
1432	279.29001
1433	279.29001
1434	279.20001
1435	279.16
1436	279
1437	278.95001
1438	278.87
1439	278.81
1440	278.70001
1441	278.73999
1442	278.73999
1443	279.01999
1444	278.97
1445	278.95001
1446	278.79001
1447	278.70001
1448	278.79001
1449	278.79001
1450	278.87
1451	278.76999
1452	278.79001
1453	278.97
1454	278.95001
1455	279.06
1456	279.10001
1457	279.04001
1458	278.85001
1459	278.82999
1460	278.82999
1461	279
1462	279.14001
1463	279.14001
1464	278.97
1465	278.72
1466	278.72
1467	278.72
1468	278.45001
1469	278.48999
1470	278.47
1471	278.41
1472	278.31
1473	278.23999
1474	278.17999
1475	278.12
1476	278.07999
1477	277.92999
1478	278.22
1479	278.45001
1480	278.41
1481	278.39001
1482	278.60001
1483	278.72
1484	278.81
1485	278.72
1486	278.64001
1487	278.66
1488	278.56
1489	278.62
1490	278.73999
1491	278.92999
1492	278.92999
1493	278.95001
1494	279.04001
1495	279.04001
1496	279.07999
1497	279.17999
1498	279.26999
1499	279.26999
1500	279.57999
1501	279.62
1502	279.60001
1503	279.42999
1504	279.23001
1505	279.07999
1506	279.04001
1507	279.16
1508	279.25
1509	279.26999
1510	279.29001
1511	279
1512	278.91
1513	278.87
1514	278.70001
1515	278.70001
1516	279.23001
1517	281.19
1518	282.17001
1519	283.62
1520	283.98999
1521	284.37
1522	284.60001
1523	284.73001
1524	284.98001
1525	285.10001
1526	285.29001
1527	285.26999
1528	285.25
1529	285.42001
1530	285.67001
1531	285.67001
1532	287.17001
1533	287.64999
1534	287.73999
1535	287.82001
1536	287.95001
1537	287.97
1538	287.97
1539	288.07001
1540	288.34
1541	288.48999
1542	288.62
1543	288.79999
1544	289.04999
1545	289.31
1546	289.85001
1547	289.92999
1548	289.97
1549	289.73999
1550	289.28
1551	289.14001
1552	289.10001
1553	289.54001
1554	289.67999
1555	289.70001
1556	289.41
1557	289.23999
1558	288.98999
1559	288.92999
1560	289.14001
1561	289.37
1562	289.42999
1563	289.42999
1564	289.57999
1565	289.70001
1566	289.79001
1567	289.79001
1568	289.73999
1569	289.48999
1570	289.48999
1571	288.85001
1572	288.98999
1573	289.22
1574	289.42999
1575	289.64001
1576	289.89001
1577	289.89001
1578	289.60001
1579	289.45001
1580	289.41
1581	289.45001
1582	289.37
1583	289.26001
1584	289.14001
1585	288.98999
1586	288.92999
1587	289.26001
1588	289.66
1589	289.76999
1590	289.85001
1591	289.92999
1592	289.85001
1593	289.67999
1594	289.73999
1595	290.14001
1596	290.29001
1597	290.31
1598	290.06
1599	289.64001
1600	289.57999
1601	289.70001
1602	289.70001
1603	289.82999
1604	289.70001
1605	289.56
1606	289.45001
1607	289.70001
1608	290.04001
1609	290.04001
1610	290.06
1611	290.04001
1612	290.10001
1613	290.29001
1614	290.17999
1615	290.06
1616	289.91
1617	289.66
1618	289.48999
1619	289.20001
1620	289.03
1621	288.82001
1622	288.67999
1623	288.54999
1624	288.22
1625	288.04999
1626	287.82001
1627	288.03
1628	288.13
1629	288.29999
1630	288.54999
1631	288.95001
1632	288.89001
1633	288.98999
1634	288.98999
1635	289.23999
1636	289.22
1637	289.12
1638	288.87
1639	288.97
1640	289.35001
1641	289.35001
1642	289.70001
1643	289.82999
1644	289.82999
1645	289.85001
1646	290.04001
1647	290.04001
1648	290.04001
1649	289.85001
1650	289.79001
1651	289.72
1652	289.48999
1653	289.32999
1654	289.16
1655	289.12
1656	288.89001
1657	288.85001
1658	288.66
1659	288.51001
1660	288.42999
1661	288.53
1662	288.62
1663	288.91
1664	288.89001
1665	288.82001
1666	288.42999
1667	288.29999
1668	287.95001
1669	287.98999
1670	288.23999
1671	288.48999
1672	288.57001
1673	288.57001
1674	288.59
1675	288.79999
1676	289.03
1677	289.17999
1678	289.14001
1679	289.26001
1680	289.26001
1681	289.31
1682	289.14001
1683	289.10001
1684	289.01001
1685	289.42999
1686	289.60001
1687	289.73999
1688	289.70001
1689	289.16
1690	289.01001
1691	288.72
1692	288.89001
1693	289.04999
1694	288.97
1695	288.34
1696	288.07001
1697	287.57001
1698	287.07001
1699	286.73001
1700	286.20999
1701	286.01999
1702	285.57999
1703	285.19
1704	284.81
1705	284.81
1706	284.60001
1707	284.35001
1708	284.16
1709	283.12
1710	281.89999
1711	280.20999
1712	280.20999
1713	276.54999
1714	274.01999
1715	272.82999
1716	270.57001
1717	268.69
1718	267.14001
1719	267.14001
1720	265.59
1721	265.10999
1722	264.94
1723	264.89999
1724	264.95999
1725	265.07001
1726	265.20999
1727	265.78
1728	265.97
1729	266.60999
1730	267.47
1731	267.91
1732	268.64001
1733	268.95999
1734	270.17001
1735	270.54999
1736	271.22
1737	271.84
1738	272.10999
1739	272.82999
1740	273.16
1741	273.62
1742	273.98001
1743	274.19
1744	274.19
1745	274.44
1746	274.57999
1747	274.69
1748	274.85001
1749	275.06
1750	275.31
1751	275.31
1752	275.59
1753	275.59
1754	275.64999
1755	275.88
1756	275.88
1757	275.89999
1758	275.98001
1759	276.19
1760	276.42001
1761	276.57001
1762	276.79999
1763	276.79999
1764	276.79999
1765	276.73999
1766	277.04999
1767	277.23999
1768	277.67999
1769	278.04999
1770	278.12
1771	278.12
1772	278.17999
1773	278.12
1774	278.07999
1775	278.01001
1776	277.95001
1777	277.98999
1778	277.98999
1779	278.01001
1780	278.04999
1781	277.91
1782	277.76001
1783	277.76001
1784	277.73999
1785	277.98999
1786	278.12
1787	278.31
1788	278.31
1789	278.31
1790	278.31
1791	278.31
1792	278.35001
1793	278.26001
1794	278.37
1795	278.62
1796	278.64001
1797	278.60001
1798	278.66
1799	278.73999
1800	278.76999
1801	278.82999
1802	278.81
1803	278.76999
1804	278.72
1805	278.76999
1806	278.81
1807	278.85001
1808	278.85001
1809	278.79001
1810	278.70001
1811	278.66
1812	278.67999
1813	278.79001
1814	279.01999
1815	279.01999
1816	279.32999
1817	279.35001
1818	279.16
1819	279.01999
1820	279.01999
1821	278.95001
1822	278.95001
1823	278.79001
1824	278.67999
1825	278.81
1826	278.92999
1827	278.97
1828	279.04001
1829	279.10001
1830	279.37
1831	279.35001
1832	279.26999
1833	279.10001
1834	278.89001
1835	278.81
1836	278.70001
1837	278.62
1838	278.64001
1839	278.62
1840	278.62
1841	278.56
1842	278.70001
1843	278.81
1844	279
1845	279.14001
1846	279.12
1847	279.04001
1848	279.17999
1849	279.23001
1850	279.35001
1851	279.5
1852	279.60001
1853	279.56
1854	279.56
1855	279.62
1856	279.5
1857	279.39001
1858	279.06
1859	278.73999
1860	278.48999
1861	278.48999
1862	278.62
1863	278.47
1864	278.45001
1865	278.48999
1866	278.62
1867	278.73999
1868	278.79001
1869	279
1870	279
1871	278.97
1872	279.14001
1873	279.35001
1874	279.42999
1875	279.42999
1876	279.31
1877	279.35001
1878	279.51999
1879	279.56
1880	279.56
1881	279.39001
1882	279.35001
1883	279.17999
1884	279.20001
1885	279.23001
1886	279.23001
1887	279.12
1888	279.14001
1889	279.12
1890	279.16
1891	279.06
1892	279.04001
1893	279.04001
1894	278.92999
1895	279.20001
1896	279.25
1897	279.5
1898	279.5
1899	279.10001
1900	279.10001
1901	278.51001
1902	278.20001
1903	278.17999
1904	278.12
1905	278.16
1906	278.14001
1907	278.07999
1908	278.35001
1909	278.47
1910	278.87
1911	279.12
1912	279.17999
1913	279.07999
1914	279.10001
1915	279.17999
1916	279.26999
1917	279.41
1918	279.51999
1919	279.45999
1920	279.29001
1921	279.04001
1922	278.76999
1923	278.79001
1924	279.01999
1925	279.01999
1926	279
1927	279.12
1928	279.17999
1929	279.39001
1930	279.42999
1931	279.41
1932	279.41
1933	279.16
1934	278.92999
1935	278.97
1936	279.10001
1937	279.35001
1938	279.42999
1939	279.41
1940	279.39001
1941	279.39001
1942	279.45999
1943	279.42999
1944	279.25
1945	279.17999
1946	279.17999
1947	279.48001
1948	279.60001
1949	279.92001
1950	280.06
1951	280.04001
1952	279.92001
1953	279.81
1954	279.54001
1955	279.45999
1956	279.35001
1957	279.35001
1958	279.26999
1959	279.20001
1960	279.20001
1961	279.29001
1962	279.29001
1963	279.35001
1964	279.35001
1965	279.35001
1966	279.29001
1967	279.32999
1968	279.32999
1969	279.23001
1970	279.14001
1971	279.14001
1972	279.06
1973	279.17999
1974	279.26999
1975	279.60001
1976	279.54001
1977	279.42999
1978	279.45999
1979	279.56
1980	279.69
1981	279.76999
1982	279.69
1983	279.66
1984	279.76999
1985	279.76999
1986	280
1987	280.01999
1988	280.10001
1989	280.23001
1990	280.29001
1991	280.75
1992	281.09
1993	281.79999
1994	282.23999
1995	282.42999
1996	282.42999
1997	282.66
1998	283.07001
1999	283.22
2000	283.57999
2001	284.04001
2002	284.41
2003	284.41
2004	284.51999
2005	284.57999
2006	284.62
2007	284.92999
2008	285.04001
2009	285.25
2010	285.45999
2011	286.10999
2012	286.35999
2013	286.51999
2014	286.95999
2015	287.28
2016	287.32001
2017	287.39999
2018	287.47
2019	287.57001
2020	287.89999
2021	288.35999
2022	288.41
2023	288.26001
2024	288.23999
2025	288.48999
2026	288.85001
2027	289.14001
2028	289.14001
2029	289.39001
2030	289.54001
2031	289.35001
2032	288.97
2033	288.47
2034	288.17999
2035	288.17999
2036	288.47
2037	288.59
2038	288.53
2039	288.45001
2040	288.35999
2041	288.39001
2042	288.39001
2043	288.48999
2044	288.41
2045	288.41
2046	288.22
2047	288.13
2048	288.01001
2049	287.98999
2050	288.04999
2051	288.07001
2052	287.89999
2053	287.79999
2054	287.88
2055	288.01001
2056	288.09
2057	288.29999
2058	288.39001
2059	288.67999
2060	288.92999
2061	288.87
2062	288.67999
2063	288.64001
2064	288.67999
2065	288.89001
2066	289.17999
2067	289.17999
2068	289.14001
2069	288.57001
2070	288.34
2071	288.10999
2072	287.98999
2073	288.10999
2074	288.10999
2075	288.45001
2076	288.82001
2077	288.98999
2078	289.03
2079	289.16
2080	289.16
2081	289.14001
2082	289.17999
2083	289.26001
2084	289.28
2085	289.35001
2086	289.35001
2087	289.32999
2088	289.32999
2089	289.22
2090	289.22
2091	289.31
2092	289.45001
2093	289.48999
2094	289.04999
2095	288.87
2096	288.85001
2097	289.20001
2098	289.32999
2099	289.17999
2100	289.14001
2101	288.79999
2102	288.64001
2103	288.39001
2104	288.23999
2105	288.22
2106	288.22
2107	288.67999
2108	288.66
2109	288.67999
2110	288.48999
2111	288.22
2112	288.09
2113	288.09
2114	288.26001
2115	288.54999
2116	288.67999
2117	288.70001
2118	288.82001
2119	289.03
2120	289.14001
2121	289.07999
2122	288.98999
2123	288.98999
2124	289.10001
2125	289.23999
2126	289.14001
2127	289.04999
2128	288.78
2129	288.67999
2130	288.39001
2131	288.45001
2132	288.57001
2133	288.95001
2134	289.01001
2135	288.89001
2136	288.54999
2137	288.54999
2138	288.54999
2139	289.04999
2140	289.39001
2141	289.41
2142	289.23999
2143	289.07999
2144	289.04999
2145	289.04999
2146	289.17999
2147	289.35001
2148	289.37
2149	289.64001
2150	289.92999
2151	290.04001
2152	290.04001
2153	289.73999
2154	289.57999
2155	289.54001
2156	289.32999
2157	289.14001
2158	289.03
2159	288.85001
2160	288.32001
2161	288.17999
2162	287.67001
2163	287.59
2164	287.76001
2165	288.28
2166	288.82001
2167	289.37
2168	289.20001
2169	288.79999
2170	288.32001
2171	288.09
2172	287.57001
2173	287.26001
2174	286.75
2175	286.51999
2176	286.38
2177	286.38
2178	286.04001
2179	285.98001
2180	285.85001
2181	285.14001
2182	284.04001
2183	282.38
2184	282.38
2185	279.37
2186	277.20001
2187	276.03
2188	273.60001
2189	271.42001
2190	270.45999
2191	269.51999
2192	267.03
2193	266.41
2194	265.51001
2195	264.89999
2196	264.51999
2197	264.57001
2198	264.59
2199	264.84
2200	265.09
2201	265.54999
2202	266.47
2203	266.95001
2204	267.85001
2205	268.31
2206	269.04001
2207	269.73001
2208	270.45999
2209	270.45999
2210	271.35999
2211	271.79999
2212	272.07001
2213	272.62
2214	273.20001
2215	273.51999
2216	273.51999
2217	274.20999
2218	274.51999
2219	274.73001
2220	274.85001
2221	275.01999
2222	275.35999
2223	275.35999
2224	275.85999
2225	276.26001
2226	276.35999
2227	276.48999
2228	276.78
2229	277.04999
2230	277.28
2231	277.92999
2232	278.04999
2233	278.20001
2234	278.22
2235	278.26001
2236	278.31
2237	278.35001
2238	278.35001
2239	278.32999
2240	278.23999
2241	278.31
2242	278.31
2243	278.32999
2244	278.41
2245	278.45001
2246	278.56
2247	278.66
2248	278.66
2249	279
2250	279.14001
2251	279.14001
2252	279.10001
2253	278.95001
2254	279
2255	279
2256	279
2257	279.07999
2258	279.12
2259	279.12
2260	278.95001
2261	278.89001
2262	278.87
2263	278.64001
2264	278.73999
2265	278.79001
2266	278.95001
2267	279.12
2268	279.17999
2269	279.31
2270	279.62
2271	279.56
2272	279.56
2273	279.70999
2274	279.70999
2275	279.76999
2276	279.75
2277	279.62
2278	279.41
2279	279.39001
2280	279.39001
2281	279.42999
2282	279.48001
2283	279.51999
2284	279.25
2285	279.07999
2286	279.10001
2287	279.10001
2288	279.17999
2289	279.31
2290	279.26999
2291	279.29001
2292	279.20001
2293	279.17999
2294	279.17999
2295	279.17999
2296	279.14001
2297	279.14001
2298	279.29001
2299	279.41
2300	279.41
2301	279.37
2302	279.23001
2303	279.17999
2304	279.26999
2305	279.35001
2306	279.5
2307	279.56
2308	279.62
2309	279.51999
2310	279.5
2311	279.29001
2312	279.16
2313	279.06
2314	278.91
2315	278.89001
2316	279
2317	279
2318	279.06
2319	279.06
2320	278.89001
2321	278.82999
2322	278.72
2323	278.76999
2324	278.91
2325	279.07999
2326	279.07999
2327	279.26999
2328	279.29001
2329	279.25
2330	279.51999
2331	279.54001
2332	279.35001
2333	279.35001
2334	279.31
2335	279.14001
2336	279.10001
2337	279.01999
2338	278.87
2339	278.79001
2340	278.70001
2341	279.01999
2342	279.07999
2343	279.25
2344	279.60001
2345	279.66
2346	279.70999
2347	279.70999
2348	279.54001
2349	279.41
2350	279.35001
2351	279.45999
2352	279.51999
2353	279.69
2354	279.73001
2355	279.82999
2356	279.95999
2357	279.95999
2358	279.95999
2359	279.95999
2360	279.87
2361	279.82999
2362	279.62
2363	279.35001
2364	279.32999
2365	279.32999
2366	279.37
2367	279.39001
2368	279.42999
2369	279.42999
2370	279.48001
2371	279.56
2372	279.57999
2373	280
2374	280.06
2375	279.98001
2376	279.64001
2377	279.60001
2378	279.62
2379	279.64001
2380	279.41
2381	279.31
2382	279.25
2383	279.39001
2384	279.48001
2385	279.69
2386	279.56
2387	279.42999
2388	279.39001
2389	279.62
2390	279.62
2391	280.04001
2392	280.12
2393	280.10001
2394	279.94
2395	279.66
2396	279.57999
2397	279.57999
2398	279.60001
2399	279.64001
2400	279.70999
2401	279.79001
2402	279.69
2403	279.57999
2404	279.57999
2405	279.81
2406	279.70999
2407	279.66
2408	279.5
2409	279.54001
2410	279.56
2411	279.51999
2412	279.57999
2413	279.56
2414	279.39001
2415	279.32999
2416	279.29001
2417	279.41
2418	279.41
2419	279.5
2420	279.62
2421	279.66
2422	279.57999
2423	279.57999
2424	279.76999
2425	279.76999
2426	279.73001
2427	279.60001
2428	279.5
2429	279.5
2430	279.51999
2431	279.57999
2432	279.60001
2433	279.62
2434	279.69
2435	279.75
2436	279.75
2437	279.69
2438	279.37
2439	279.29001
2440	279.01999
2441	278.95001
2442	278.92999
2443	278.85001
2444	278.76999
2445	278.85001
2446	278.89001
2447	279.16
2448	279.29001
2449	279.31
2450	279.37
2451	279.62
2452	279.70999
2453	279.89001
2454	279.81
2455	279.76999
2456	279.75
2457	279.70999
2458	279.57999
2459	279.76999
2460	280.07999
2461	280.07999
2462	280.07999
2463	280.32999
2464	280.75
2465	281.85999
2466	282.78
2467	283.28
2468	283.28
2469	283.51001
2470	283.62
2471	283.64001
2472	283.87
2473	284.12
2474	284.32999
2475	284.32999
2476	285.04001
2477	285.29001
2478	285.37
2479	285.51999
2480	285.95999
2481	286.23001
2482	286.51999
2483	287.03
2484	287.14999
2485	287.32001
2486	287.51001
2487	287.59
2488	287.70001
2489	287.72
2490	287.72
2491	287.67001
2492	287.64999
2493	287.73999
2494	287.82001
2495	288.16
2496	288.29999
2497	288.62
2498	288.73999
2499	288.53
2500	288.53
2501	288.39001
2502	288.32001
2503	288.17999
2504	287.98999
2505	287.72
2506	287.63
2507	287.63
2508	287.60999
2509	287.57001
2510	287.60999
2511	287.72
2512	287.89999
2513	288.10999
2514	288.28
2515	288.78
2516	289.17999
2517	289.23999
2518	289.04999
2519	288.85001
2520	288.67999
2521	288.51001
2522	288.20001
2523	288.09
2524	287.79999
2525	287.34
2526	287.34
2527	287.44
2528	287.48999
2529	287.70001
2530	287.82001
2531	287.60999
2532	287.67001
2533	287.73999
2534	287.95001
2535	288.16
2536	288.35999
2537	288.42999
2538	288.39001
2539	288.39001
2540	288.79999
2541	289.03
2542	289.03
2543	289.28
2544	289.26001
2545	289.26001
2546	289.26001
2547	289.23999
2548	289.20001
2549	289.28
2550	289.26001
2551	289.01001
2552	288.78
2553	288.66
2554	288.57001
2555	288.48999
2556	288.07001
2557	287.95001
2558	288.01001
2559	288.13
2560	288.17999
2561	288.16
2562	288.20001
2563	288.26001
2564	288.17999
2565	288.07001
2566	287.85999
2567	287.79999
2568	287.76001
2569	287.44
2570	287.34
2571	287.34
2572	287.38
2573	287.44
2574	287.44
2575	287.47
2576	287.78
2577	288.23999
2578	288.23999
2579	288.72
2580	288.73999
2581	288.62
2582	288.57001
2583	288.72
2584	289.07999
2585	289.07999
2586	289.22
2587	289.10001
2588	289.01001
2589	288.91
2590	288.82001
2591	288.73999
2592	288.72
2593	288.72
2594	288.62
2595	288.57001
2596	288.72
2597	288.82001
2598	288.95001
2599	288.87
2600	288.85001
2601	288.87
2602	288.92999
2603	289.04999
2604	288.98999
2605	288.76001
2606	288.70001
2607	288.66
2608	288.53
2609	288.47
2610	288.47
2611	288.20001
2612	288.16
2613	288.29999
2614	288.51001
2615	288.89001
2616	288.95001
2617	288.95001
2618	288.97
2619	288.78
2620	288.70001
2621	288.66
2622	288.85001
2623	288.97
2624	289.10001
2625	289.31
2626	289.39001
2627	289.47
2628	289.12
2629	288.79999
2630	288.73999
2631	288.66
2632	289.16
2633	289.32999
2634	289.64001
2635	289.37
2636	289.26001
2637	289.12
2638	289.28
2639	289.73999
2640	289.76999
2641	289.42999
2642	289.42999
2643	288.76001
2644	288.32001
2645	288.13
2646	287.64999
2647	287.23999
2648	286.95999
2649	286.95999
2650	286.5
2651	286.39999
2652	286.29001
2653	286.07999
2654	285.51999
2655	284.23999
2656	284.23999
2657	281.32001
2658	278.91
2659	277.70001
2660	275.13
2661	272.91
2662	271.84
2663	270.76001
2664	267.92999
2665	267.23999
2666	266.23999
2667	265.72
2668	265.42001
2669	265.09
2670	265.04999
2671	265.20999
2672	265.32001
2673	265.79999
2674	266.54999
2675	266.89001
2676	267.76999
2677	268.10001
2678	268.87
2679	269.57999
2680	270.38
2681	270.38
2682	271.57001
2683	272.07001
2684	272.28
2685	272.85001
2686	273.35001
2687	273.76999
2688	273.76999
2689	274.44
2690	274.85001
2691	275
2692	275.35999
2693	275.73001
2694	275.82001
2695	276
2696	276.09
2697	276.14999
2698	276.13
2699	276.48999
2700	276.72
2701	276.82001
2702	276.95001
2703	277.23999
2704	277.39001
2705	277.64001
2706	277.79999
2707	277.87
2708	277.97
2709	277.95001
2710	277.85001
2711	277.67999
2712	277.67999
2713	277.67999
2714	277.73999
2715	277.79999
2716	277.82001
2717	277.78
2718	277.62
2719	277.73999
2720	277.73999
2721	278.07999
2722	278.04999
2723	278.01001
2724	278.16
2725	278.45001
2726	278.47
2727	278.47
2728	278.45001
2729	278.54001
2730	278.57999
2731	278.54001
2732	278.60001
2733	278.62
2734	278.60001
2735	278.48999
2736	278.41
2737	278.42999
2738	278.42999
2739	278.48999
2740	278.48999
2741	278.57999
2742	278.70001
2743	278.81
2744	279.06
2745	279.26999
2746	279.32999
2747	279.31
2748	279.32999
2749	279.37
2750	279.26999
2751	279.25
2752	279.25
2753	279.14001
2754	279.29001
2755	279.5
2756	280.51999
2757	281.17001
2758	281.48001
2759	281.48001
2760	280.92001
2761	280.5
2762	280.48001
2763	280.48001
2764	280.57999
2765	280.70999
2766	280.70999
2767	280.85999
2768	280.85999
2769	280.92001
2770	280.98001
2771	281
2772	281.07001
2773	281.04001
2774	281.04001
2775	281.07001
2776	281.26999
2777	281.45999
2778	281.48001
2779	281.57001
2780	281.53
2781	281.42001
2782	281.25
2783	281.17001
2784	281.20999
2785	281.14999
2786	280.98001
2787	280.92001
2788	280.85999
2789	280.84
2790	280.79001
2791	280.79001
2792	280.84
2793	280.92001
2794	280.95999
2795	281.14999
2796	281.32001
2797	281.26999
2798	281.26999
2799	281.29999
2800	281.25
2801	281.26999
2802	281.42001
2803	281.53
2804	281.57001
2805	281.60999
2806	281.88
2807	281.88
2808	281.94
2809	281.84
2810	281.78
2811	281.63
2812	281.59
2813	281.38
2814	281.39999
2815	281.59
2816	281.79999
2817	281.82001
2818	281.94
2819	281.89999
2820	281.67001
2821	281.67001
2822	281.78
2823	281.78
2824	281.98999
2825	281.89999
2826	281.89999
2827	281.82001
2828	281.82001
2829	281.88
2830	281.88
2831	281.94
2832	282.09
2833	282.13
2834	281.92001
2835	281.69
2836	281.53
2837	281.53
2838	281.45999
2839	281.64999
2840	281.73001
2841	281.73001
2842	281.82001
2843	281.89999
2844	282.01001
2845	282.17001
2846	282.14999
2847	282.09
2848	282.04999
2849	282.03
2850	282.07001
2851	281.95999
2852	282.07001
2853	282.20001
2854	282.23999
2855	282.28
2856	282.22
2857	282.20001
2858	282.17001
2859	282.32001
2860	282.32001
2861	282.14999
2862	282.14999
2863	281.98999
2864	281.94
2865	281.92001
2866	282.03
2867	282.26001
2868	282.26001
2869	282.26001
2870	281.94
2871	281.70999
2872	281.78
2873	281.92001
2874	282.07001
2875	282.07001
2876	282.09
2877	282.13
2878	282.17001
2879	282.23999
2880	281.94
2881	281.79999
2882	281.73001
2883	281.70999
2884	281.63
2885	281.59
2886	281.69
2887	281.92001
2888	281.94
2889	282.07001
2890	282.03
2891	282.07001
2892	282.09
2893	282.04999
2894	282.04999
2895	281.98999
2896	282.03
2897	281.94
2898	281.67001
2899	281.59
2900	281.60999
2901	281.60999
2902	281.79999
2903	281.79999
2904	281.78
2905	281.78
2906	281.79999
2907	281.94
2908	281.94
2909	282.14999
2910	282.09
2911	282.04999
2912	282.13
2913	282.23999
2914	282.23999
2915	282.28
2916	282.29999
2917	282.26001
2918	282.23999
2919	282.47
2920	282.67999
2921	282.78
2922	282.82001
2923	282.84
2924	282.85999
2925	282.79999
2926	282.67999
2927	282.67999
2928	282.57001
2929	282.59
2930	282.38
2931	282.03
2932	282.01001
2933	282.01001
2934	281.92001
2935	282.53
2936	283.47
2937	285.48001
2938	286.54001
2939	286.95999
2940	286.95999
2941	287.48999
2942	288.45001
2943	288.82001
2944	289.35001
2945	289.57999
2946	289.66
2947	289.72
2948	290.14001
2949	290.41
2950	290.45999
2951	290.70999
2952	290.85001
2953	290.81
2954	290.76999
2955	290.57999
2956	290.56
2957	290.73001
2958	291.12
2959	291.26999
2960	291.51999
2961	291.54001
2962	291.60999
2963	291.69
2964	291.88
2965	291.88
2966	292.01999
2967	292.14999
2968	292.28
2969	292.20999
2970	292.29999
2971	292.25
2972	292.25
2973	291.94
2974	291.89999
2975	291.95999
2976	292.14999
2977	292.14999
2978	292.14999
2979	292.14999
2980	292.32001
2981	292.39999
2982	292.34
2983	292.25
2984	292.13
2985	292.14999
2986	292.07001
2987	292
2988	291.89999
2989	292.29999
2990	292.38
2991	292.28
2992	292
2993	291.82001
2994	291.54001
2995	291.57999
2996	291.82001
2997	291.98001
2998	291.92001
2999	291.92001
3000	291.88
3001	292
3002	292.13
3003	291.95999
3004	291.95999
3005	291.88
3006	291.89999
3007	291.94
3008	292.19
3009	292.14999
3010	292.01999
3011	292.01999
3012	291.84
3013	291.88
3014	291.95999
3015	291.92001
3016	291.85999
3017	291.82001
3018	291.70999
3019	291.56
3020	291.38
3021	291.35001
3022	291.44
3023	291.44
3024	291.45999
3025	291.42001
3026	291.5
3027	291.54001
3028	291.75
3029	291.75
3030	291.88
3031	291.98001
3032	292.07001
3033	292.17001
3034	292.09
3035	292.04999
3036	292.07001
3037	291.95999
3038	291.73001
3039	291.64999
3040	291.73001
3041	291.67001
3042	291.67001
3043	291.67001
3044	291.82001
3045	292.10999
3046	292.13
3047	292.19
3048	292.01999
3049	291.95999
3050	291.95999
3051	292.01999
3052	292.01999
3053	291.92001
3054	291.69
3055	291.67001
3056	291.67001
3057	291.70999
3058	291.79001
3059	291.73001
3060	291.64999
3061	291.51999
3062	291.42001
3063	291.31
3064	291.32999
3065	291.48001
3066	291.51999
3067	291.57999
3068	291.84
3069	291.98001
3070	292.38
3071	292.60999
3072	292.78
3073	292.54999
3074	292.17001
3075	292.17001
3076	292.09
3077	292.01999
3078	291.98001
3079	291.94
3080	292.10999
3081	292.39999
3082	292.39999
3083	292.38
3084	292.28
3085	292.20999
3086	292.13
3087	292.19
3088	292.25
3089	292.25
3090	292.07001
3091	291.95999
3092	291.88
3093	291.79001
3094	291.64999
3095	291.63
3096	291.44
3097	291.25
3098	291.31
3099	291.38
3100	291.44
3101	291.5
3102	291.64999
3103	291.84
3104	292.14999
3105	292.23001
3106	292.17001
3107	292.19
3108	292.14999
3109	291.82001
3110	291.76999
3111	291.75
3112	291.32999
3113	290.81
3114	290.81
3115	290.60001
3116	290.69
3117	290.5
3118	290
3119	289.82999
3120	289.87
3121	289.87
3122	289.47
3123	289.16
3124	288.95001
3125	288.45001
3126	287.59
3127	287.23999
3128	286.82001
3129	284.32999
3130	283.20001
3131	280.75
3132	277.98999
3133	275.44
3134	274.16
3135	272.95001
3136	269.42001
3137	268.35001
3138	266.60999
3139	265.35999
3140	265
3141	264.60999
3142	264.54001
3143	264.79999
3144	265.14999
3145	265.72
3146	265.72
3147	266.97
3148	267.76999
3149	268.17999
3150	269.31
3151	270.35999
3152	270.98999
3153	270.98999
3154	271.95001
3155	272.66
3156	272.97
3157	273.66
3158	273.95999
3159	274.35001
3160	274.35001
3161	275.04001
3162	275.44
3163	275.54001
3164	275.85999
3165	276.13
3166	276.17001
3167	276.23001
3168	276.79999
3169	277.07001
3170	277.39001
3171	277.66
3172	277.87
3173	278.04999
3174	278.14001
3175	278.10001
3176	278.10001
3177	278.20001
3178	278.42999
3179	278.42999
3180	278.64001
3181	278.81
3182	279.10001
3183	279.04001
3184	278.82999
3185	278.82999
3186	278.91
3187	278.91
3188	278.92999
3189	279.04001
3190	279.39001
3191	279.62
3192	279.62
3193	279.62
3194	279.45999
3195	279.45999
3196	279.69
3197	279.73001
3198	279.75
3199	279.66
3200	279.37
3201	279.48001
3202	279.51999
3203	279.56
3204	279.51999
3205	279.60001
3206	279.60001
3207	279.79001
3208	279.79001
3209	280.01999
3210	280.23001
3211	280.32999
3212	280.54001
3213	280.64999
3214	280.63
3215	280.56
3216	280.42001
3217	280.42001
3218	280.25
3219	280.31
3220	280.32999
3221	280.29001
3222	280.26999
3223	280.29001
3224	280.29001
3225	280.17001
3226	280.01999
3227	279.98001
3228	279.89001
3229	279.82999
3230	279.81
3231	279.81
3232	279.85001
3233	279.94
3234	280.01999
3235	280.23001
3236	280.42001
3237	280.42001
3238	280.48001
3239	280.56
3240	280.56
3241	280.39999
3242	280.45999
3243	280.63
3244	281
3245	281.13
3246	281.32001
3247	281.34
3248	281.32001
3249	281.01999
3250	280.84
3251	280.63
3252	280.56
3253	280.57999
3254	280.75
3255	280.84
3256	280.84
3257	280.70999
3258	280.54001
3259	280.48001
3260	280.26999
3261	280.25
3262	280.42001
3263	280.42001
3264	280.73001
3265	280.75
3266	280.75
3267	280.73001
3268	280.63
3269	280.56
3270	280.45999
3271	280.45999
3272	280.39999
3273	280.42001
3274	280.20999
3275	280.10001
3276	280.06
3277	280.12
3278	280.51999
3279	280.60999
3280	280.63
3281	280.54001
3282	280.5
3283	280.70999
3284	280.85999
3285	280.89999
3286	280.95999
3287	280.98001
3288	281.04001
3289	280.98001
3290	280.89999
3291	280.81
3292	280.88
3293	280.85999
3294	280.92001
3295	280.92001
3296	280.98001
3297	280.88
3298	280.84
3299	280.70999
3300	280.64999
3301	280.76999
3302	280.76999
3303	280.81
3304	280.85999
3305	280.95999
3306	280.98001
3307	281.01999
3308	280.95999
3309	280.92001
3310	281
3311	281.07001
3312	281.14999
3313	281.25
3314	281.17001
3315	280.94
3316	280.85999
3317	280.95999
3318	281
3319	281.19
3320	281.20999
3321	281.01999
3322	280.94
3323	281.04001
3324	281.10999
3325	281.14999
3326	281.13
3327	281.13
3328	280.85999
3329	280.63
3330	280.63
3331	280.56
3332	280.51999
3333	280.60999
3334	280.60999
3335	280.81
3336	280.88
3337	280.95999
3338	281.14999
3339	281.29999
3340	281.34
3341	281.44
3342	281.38
3343	281.14999
3344	281.01999
3345	280.95999
3346	280.92001
3347	281
3348	281.01999
3349	281.04001
3350	280.88
3351	280.60999
3352	280.35001
3353	280.29001
3354	280.39999
3355	280.38
3356	280.44
3357	280.25
3358	280.12
3359	280.14999
3360	280.20999
3361	280.51999
3362	280.64999
3363	280.76999
3364	280.85999
3365	281
3366	281
3367	280.92001
3368	280.75
3369	280.69
3370	280.64999
3371	280.51999
3372	280.45999
3373	280.45999
3374	280.39999
3375	280.48001
3376	280.51999
3377	280.64999
3378	280.70999
3379	280.60999
3380	280.48001
3381	279.98001
3382	279.95999
3383	279.95999
3384	280.23001
3385	280.45999
3386	280.51999
3387	280.51999
3388	280.48001
3389	280.51999
3390	280.48001
3391	280.60999
3392	280.5
3393	280.51999
3394	280.42001
3395	280.42001
3396	280.79001
3397	281.01999
3398	281.01999
3399	281.26999
3400	281.29999
3401	281.17001
3402	281.13
3403	281.09
3404	281.09
3405	281.09
3406	281.14999
3407	281.32001
3408	281.39999
3409	281.95999
3410	283.09
3411	283.92999
3412	283.92999
3413	284.75
3414	285.42001
3415	285.70999
3416	286.07999
3417	286
3418	285.92001
3419	285.92001
3420	286.10999
3421	286.10999
3422	286.20999
3423	286.19
3424	286.23001
3425	286.23001
3426	286.29001
3427	286.69
3428	286.94
3429	287.07001
3430	287.42001
3431	287.47
3432	287.84
3433	288.07001
3434	288.70001
3435	289.23999
3436	289.42999
3437	289.42999
3438	289.28
3439	289.20001
3440	289.20001
3441	289.31
3442	289.47
3443	289.45001
3444	289.45001
3445	289.10001
3446	289.10001
3447	289.17999
3448	289.35001
3449	289.48999
3450	289.60001
3451	289.66
3452	289.51001
3453	289.23999
3454	289.22
3455	289.20001
3456	289.28
3457	289.32999
3458	289.45001
3459	289.62
3460	289.62
3461	289.72
3462	289.85001
3463	289.85001
3464	289.62
3465	289.51001
3466	289.22
3467	288.92999
3468	288.45001
3469	288.45001
3470	288.04999
3471	287.88
3472	287.78
3473	287.70001
3474	287.85999
3475	288.17999
3476	288.17999
3477	288.57001
3478	288.79999
3479	288.78
3480	288.76001
3481	288.85001
3482	288.98999
3483	288.98999
3484	288.92999
3485	288.98999
3486	288.97
3487	288.91
3488	288.97
3489	289.04999
3490	289.16
3491	288.91
3492	288.95001
3493	288.85001
3494	288.73999
3495	288.67999
3496	288.59
3497	288.64001
3498	288.95001
3499	289.03
3500	289.03
3501	289.03
3502	289.07999
3503	289.31
3504	289.26001
3505	289.12
3506	288.92999
3507	288.92999
3508	288.92999
3509	288.85001
3510	289.04999
3511	289.32999
3512	289.60001
3513	289.56
3514	289.45001
3515	289.45001
3516	289.62
3517	289.31
3518	289.12
3519	288.95001
3520	288.82001
3521	288.78
3522	288.79999
3523	289.01001
3524	289.48999
3525	289.73999
3526	289.92999
3527	289.89001
3528	289.87
3529	290.04001
3530	289.97
3531	289.81
3532	289.57999
3533	289.35001
3534	289.12
3535	288.67999
3536	288.48999
3537	288.42999
3538	288.72
3539	288.95001
3540	288.95001
3541	288.95001
3542	288.87
3543	288.98999
3544	289.20001
3545	289.26001
3546	289.28
3547	289.28
3548	289.66
3549	289.62
3550	289.56
3551	289.57999
3552	289.47
3553	289.37
3554	289.37
3555	288.92999
3556	288.59
3557	288.51001
3558	288.47
3559	288.48999
3560	288.51001
3561	288.51001
3562	288.54999
3563	288.59
3564	288.76001
3565	288.72
3566	288.48999
3567	288.29999
3568	288.41
3569	288.79999
3570	288.82001
3571	288.73999
3572	288.73999
3573	288.78
3574	289.01001
3575	289.10001
3576	289.12
3577	289.03
3578	289.07999
3579	289.07999
3580	289.39001
3581	289.56
3582	289.41
3583	289.12
3584	289.23999
3585	289.91
3586	289.91
3587	290.56
3588	290.5
3589	290.39001
3590	289.73999
3591	289.04999
3592	288.59
3593	288.59
3594	287.92999
3595	287.48999
3596	287.47
3597	287.39999
3598	287.35999
3599	287.34
3600	287.17001
3601	286.25
3602	285.73001
3603	284.41
3604	282.60999
3605	281.64999
3606	279.48001
3607	278.31
3608	275.84
3609	273.57999
3610	271.59
3611	269.75
3612	269.12
3613	268.04001
3614	267.60001
3615	266.92999
3616	266.59
3617	266.76001
3618	266.76001
3619	267.28
3620	267.85001
3621	268.17999
3622	269.10001
3623	269.85999
3624	270.59
3625	270.59
3626	271.63
3627	272.04999
3628	272.39001
3629	273.06
3630	273.75
3631	274.10001
3632	274.35001
3633	275.48001
3634	275.85999
3635	276.54999
3636	277.13
3637	277.42999
3638	277.57001
3639	277.82001
3640	278.42999
3641	278.45001
3642	278.56
3643	278.70001
3644	278.85001
3645	279.12
3646	279.17999
3647	279.35001
3648	279.54001
3649	279.60001
3650	279.60001
3651	279.48001
3652	279.35001
3653	279.31
3654	279.42999
3655	279.64001
3656	279.82999
3657	279.82999
3658	279.82999
3659	280.01999
3660	280.17001
3661	280.07999
3662	279.94
3663	279.98001
3664	279.98001
3665	280.23001
3666	280.48001
3667	280.60999
3668	280.92001
3669	281.14999
3670	281.34
3671	281.34
3672	281.09
3673	281.01999
3674	280.76999
3675	280.51999
3676	280.5
3677	280.38
3678	280.32999
3679	280.25
3680	280.29001
3681	280.39999
3682	280.45999
3683	280.45999
3684	280.5
3685	280.51999
3686	280.60999
3687	280.67001
3688	280.70999
3689	280.70999
3690	280.57999
3691	280.54001
3692	280.51999
3693	280.35001
3694	280.39999
3695	280.45999
3696	280.45999
3697	280.75
3698	280.95999
3699	281.01999
3700	280.85999
3701	280.85999
3702	280.89999
3703	280.88
3704	280.92001
3705	280.79001
3706	280.63
3707	280.48001
3708	280.25
3709	280.23001
3710	280.25
3711	280.5
3712	280.54001
3713	280.63
3714	280.81
3715	280.89999
3716	281.10999
3717	281.10999
3718	281.20999
3719	281.35999
3720	281.26999
3721	281.26999
3722	281.39999
3723	281.60999
3724	281.64999
3725	281.63
3726	281.59
3727	281.48001
3728	281.48001
3729	281.38
3730	281.23001
3731	281.09
3732	281.01999
3733	280.98001
3734	280.92001
3735	280.92001
3736	280.94
3737	281.01999
3738	281.04001
3739	281.01999
3740	281.07001
3741	281.10999
3742	281
3743	280.98001
3744	280.92001
3745	280.84
3746	280.88
3747	280.84
3748	280.76999
3749	280.70999
3750	280.75
3751	280.88
3752	280.92001
3753	280.94
3754	281.01999
3755	281.17001
3756	281.20999
3757	281.10999
3758	281.04001
3759	280.88
3760	280.88
3761	280.79001
3762	280.81
3763	280.89999
3764	280.95999
3765	280.98001
3766	281.04001
3767	281.04001
3768	281
3769	281.01999
3770	281.04001
3771	281.01999
3772	281.04001
3773	281
3774	280.95999
3775	280.85999
3776	280.89999
3777	280.88
3778	280.79001
3779	280.70999
3780	280.57999
3781	280.63
3782	280.89999
3783	280.88
3784	280.98001
3785	281.14999
3786	281.17001
3787	281.29999
3788	281.35999
3789	281.54999
3790	281.88
3791	282.07001
3792	282.01001
3793	281.94
3794	281.82001
3795	281.82001
3796	281.76001
3797	281.73001
3798	281.64999
3799	281.64999
3800	281.42001
3801	281.42001
3802	281.5
3803	281.69
3804	281.76001
3805	281.82001
3806	281.82001
3807	281.78
3808	281.69
3809	281.57001
3810	281.59
3811	281.70999
3812	281.78
3813	281.79999
3814	281.54999
3815	281.48001
3816	281.19
3817	281.07001
3818	281.10999
3819	281.42001
3820	281.53
3821	281.69
3822	281.73001
3823	281.69
3824	281.60999
3825	281.54999
3826	281.29999
3827	281.26999
3828	281.32001
3829	281.20999
3830	281.14999
3831	281.14999
3832	281.25
3833	281.17001
3834	281.14999
3835	281.04001
3836	281.09
3837	281.29999
3838	281.29999
3839	281.59
3840	281.69
3841	281.59
3842	281.53
3843	281.44
3844	281.42001
3845	281.32001
3846	281.04001
3847	281.17001
3848	281.14999
3849	281.20999
3850	281.04001
3851	280.95999
3852	280.85999
3853	280.5
3854	280.44
3855	280.45999
3856	280.73001
3857	280.79001
3858	280.79001
3859	280.76999
3860	280.88
3861	281.07001
3862	281.42001
3863	281.63
3864	281.67001
3865	281.64999
3866	281.69
3867	281.94
3868	282.03
3869	281.89999
3870	281.89999
3871	281.59
3872	281.32001
3873	281.29999
3874	281.35999
3875	281.38
3876	281.25
3877	281.25
3878	280.89999
3879	281.14999
3880	281.26999
3881	281.73001
3882	281.94
3883	281.98999
3884	282.13
3885	282.78
3886	282.92999
3887	283.28
3888	283.62
3889	283.97
3890	284.07999
3891	284.16
3892	284.10001
3893	284.22
3894	284.70001
3895	285.32999
3896	285.62
3897	286.14999
3898	286.39999
3899	286.44
3900	286.57001
3901	286.75
3902	286.75
3903	287.53
3904	287.95001
3905	288.23999
3906	288.67999
3907	289.07999
3908	289.45001
3909	289.45001
3910	289.64001
3911	289.45001
3912	289.42999
3913	289.31
3914	289.20001
3915	289.10001
3916	289.10001
3917	288.76001
3918	288.57001
3919	288.41
3920	288.67999
3921	288.95001
3922	288.95001
3923	288.92999
3924	289.04999
3925	289.26001
3926	289.51001
3927	289.54001
3928	289.45001
3929	289.23999
3930	289.31
3931	289.48999
3932	289.47
3933	289.23999
3934	288.98999
3935	288.76001
3936	288.51001
3937	288.23999
3938	287.84
3939	287.64999
3940	287.53
3941	287.53
3942	287.63
3943	287.95001
3944	288.07001
3945	288.28
3946	288.73999
3947	289.07999
3948	289.07999
3949	289.16
3950	289.26001
3951	289.23999
3952	289.20001
3953	289.12
3954	289.10001
3955	289.07999
3956	289.10001
3957	289.26001
3958	289.28
3959	289.26001
3960	289.39001
3961	289.45001
3962	289.51001
3963	289.37
3964	289.39001
3965	289.37
3966	289.51001
3967	289.57999
3968	289.91
3969	289.92999
3970	289.57999
3971	289.35001
3972	288.98999
3973	288.98999
3974	288.78
3975	288.66
3976	288.48999
3977	288.48999
3978	288.78
3979	289.26001
3980	289.26001
3981	289.82999
3982	289.97
3983	290.07999
3984	290.25
3985	290.41
3986	290.56
3987	290.56
3988	290.76999
3989	290.87
3990	290.75
3991	290.48001
3992	290.20001
3993	290.06
3994	289.91
3995	289.82999
3996	289.87
3997	289.85001
3998	289.72
3999	289.89001
4000	290.29001
4001	290.35001
4002	290.12
4003	290.10001
4004	289.91
4005	289.79001
4006	289.70001
4007	289.56
4008	289.57999
4009	289.62
4010	289.54001
4011	289.48999
4012	289.48999
4013	289.70001
4014	289.85001
4015	289.91
4016	289.92999
4017	290.14001
4018	290.60001
4019	290.60001
4020	290.75
4021	290.87
4022	290.98001
4023	290.95999
4024	290.94
4025	291
4026	290.94
4027	290.92001
4028	290.85001
4029	290.76999
4030	290.5
4031	290.12
4032	289.82999
4033	289.56
4034	289.66
4035	289.82999
4036	289.76999
4037	289.45001
4038	289.20001
4039	289.03
4040	288.97
4041	289.16
4042	289.17999
4043	289.16
4044	288.95001
4045	288.85001
4046	288.98999
4047	289.07999
4048	289.17999
4049	289.26001
4050	289.48999
4051	289.48999
4052	290
4053	290.37
4054	290.54001
4055	290.39001
4056	290.20001
4057	290.16
4058	290.16
4059	290.95999
4060	291.10001
4061	290.92001
4062	290.45999
4063	289.91
4064	289.64001
4065	289.32999
4066	288.48999
4067	288.34
4068	287.88
4069	287.39999
4070	287.26001
4071	287.09
4072	286.92001
4073	286.45999
4074	286.31
4075	285.75
4076	284.64001
4077	283.87
4078	282.22
4079	281.29999
4080	279.06
4081	276.76001
4082	274.69
4083	274.69
4084	271.70001
4085	270.23001
4086	269.63
4087	268.62
4088	267.87
4089	267.47
4090	267.47
4091	267.37
4092	267.81
4093	268.04001
4094	268.51999
4095	269.17001
4096	269.48001
4097	269.85999
4098	271.23999
4099	272.10999
4100	272.51001
4101	273.14001
4102	273.57999
4103	273.81
4104	274.04001
4105	274.82999
4106	275.10999
4107	275.5
4108	275.73001
4109	275.85999
4110	276.07001
4111	276.14999
4112	276.23001
4113	276.53
4114	276.84
4115	276.98999
4116	277.07001
4117	277.26001
4118	277.35999
4119	277.54999
4120	277.76001
4121	278.22
4122	278.22
4123	278.62
4124	278.92999
4125	279.06
4126	279.26999
4127	279.37
4128	279.35001
4129	279.35001
4130	279.54001
4131	279.56
4132	279.60001
4133	279.5
4134	279.39001
4135	279.54001
4136	279.57999
4137	279.75
4138	279.76999
4139	279.85001
4140	280
4141	280.07999
4142	280.07999
4143	280.04001
4144	279.92001
4145	279.85001
4146	279.85001
4147	279.94
4148	279.94
4149	280.04001
4150	279.95999
4151	279.92001
4152	279.95999
4153	280.07999
4154	280.07999
4155	280.23001
4156	280.19
4157	280.17001
4158	280.01999
4159	280.10001
4160	280.14999
4161	280.14999
4162	280.39999
4163	280.56
4164	280.67001
4165	280.73001
4166	280.60999
4167	280.45999
4168	280.45999
4169	280.31
4170	280.32999
4171	280.42001
4172	280.44
4173	280.56
4174	280.60999
4175	280.63
4176	280.70999
4177	280.70999
4178	280.60999
4179	280.60999
4180	280.69
4181	280.94
4182	281.07001
4183	281.38
4184	281.44
4185	281.39999
4186	281.34
4187	281.26999
4188	281.19
4189	281.17001
4190	281.07001
4191	281.10999
4192	280.94
4193	280.94
4194	280.95999
4195	280.94
4196	280.89999
4197	280.76999
4198	280.67001
4199	280.48001
4200	280.48001
4201	280.25
4202	280.25
4203	280.31
4204	280.29001
4205	280.19
4206	280.19
4207	280.19
4208	280.5
4209	280.48001
4210	280.57999
4211	280.57999
4212	280.45999
4213	280.44
4214	280.42001
4215	280.5
4216	280.54001
4217	280.56
4218	280.60999
4219	280.56
4220	280.56
4221	280.5
4222	280.54001
4223	280.69
4224	280.95999
4225	280.95999
4226	281.5
4227	281.70999
4228	281.64999
4229	281.84
4230	281.63
4231	281.45999
4232	281.45999
4233	281.38
4234	281.25
4235	281.23001
4236	281.14999
4237	281.19
4238	281.17001
4239	281.17001
4240	280.89999
4241	280.63
4242	280.5
4243	280.26999
4244	280
4245	280
4246	279.92001
4247	279.82999
4248	279.89001
4249	279.95999
4250	279.95999
4251	279.82999
4252	279.75
4253	279.81
4254	280.17001
4255	280.19
4256	280.19
4257	280.14999
4258	280.12
4259	280.04001
4260	280.12
4261	280.12
4262	280.19
4263	280.14999
4264	280.14999
4265	280.26999
4266	280.32999
4267	280.29001
4268	280.42001
4269	280.63
4270	280.70999
4271	280.70999
4272	280.51999
4273	280.51999
4274	280.45999
4275	280.31
4276	280.19
4277	280.23001
4278	280.29001
4279	280.32999
4280	280.48001
4281	280.56
4282	280.89999
4283	281.09
4284	281.14999
4285	281.19
4286	281.19
4287	281.17001
4288	281.09
4289	281.19
4290	281.25
4291	281.09
4292	281.01999
4293	280.89999
4294	280.84
4295	280.85999
4296	280.85999
4297	280.79001
4298	280.85999
4299	280.79001
4300	280.67001
4301	280.60999
4302	280.5
4303	280.5
4304	280.44
4305	280.42001
4306	280.42001
4307	280.56
4308	280.38
4309	280.14999
4310	280.14999
4311	279.94
4312	279.82999
4313	279.81
4314	279.89001
4315	280.23001
4316	280.35001
4317	280.35001
4318	280.56
4319	280.60999
4320	280.70999
4321	280.79001
4322	280.85999
4323	280.75
4324	280.75
4325	280.60999
4326	280.69
4327	280.64999
4328	280.60999
4329	280.70999
4330	280.69
4331	280.63
4332	280.44
4333	280.35001
4334	280.29001
4335	280.29001
4336	280.26999
4337	280.12
4338	280.06
4339	279.94
4340	279.79001
4341	279.82999
4342	279.82999
4343	279.92001
4344	280.04001
4345	280.07999
4346	280.20999
4347	280.29001
4348	280.20999
4349	280.17001
4350	280.25
4351	280.42001
4352	280.60999
4353	280.94
4354	281.10999
4355	281.25
4356	281.59
4357	283.64001
4358	284.22
4359	285.16
4360	285.88
4361	286.13
4362	286.69
4363	286.85999
4364	287.23999
4365	287.63
4366	287.84
4367	287.95001
4368	287.92999
4369	287.73999
4370	287.78
4371	288.03
4372	288.07001
4373	288.28
4374	288.28
4375	288.66
4376	288.85001
4377	288.87
4378	288.66
4379	288.48999
4380	288.78
4381	288.78
4382	288.82001
4383	288.91
4384	289.07999
4385	289.45001
4386	289.76999
4387	289.72
4388	289.62
4389	289.12
4390	289.03
4391	289.03
4392	288.91
4393	288.97
4394	289.16
4395	289.32999
4396	289.57999
4397	289.51001
4398	289.45001
4399	289.37
4400	289.22
4401	289.07999
4402	289.07999
4403	289.22
4404	289.54001
4405	289.62
4406	289.62
4407	289.47
4408	289.26001
4409	289.23999
4410	289.10001
4411	289.01001
4412	289.12
4413	289.12
4414	288.85001
4415	288.59
4416	288.41
4417	288.01001
4418	287.64999
4419	287.76001
4420	287.76001
4421	288.07001
4422	288.32001
4423	288.32001
4424	288.42999
4425	288.78
4426	288.79999
4427	288.76001
4428	288.70001
4429	288.67999
4430	288.48999
4431	288.22
4432	288.01001
4433	287.79999
4434	287.84
4435	287.98999
4436	288.22
4437	288.48999
4438	289.10001
4439	289.31
4440	289.48999
4441	289.51001
4442	289.56
4443	289.32999
4444	288.89001
4445	288.89001
4446	288.47
4447	288.34
4448	288.29999
4449	288.23999
4450	288.28
4451	288.26001
4452	288.26001
4453	288.17999
4454	288.23999
4455	288.22
4456	288.29999
4457	288.16
4458	288.07001
4459	287.98999
4460	288.09
4461	288.09
4462	287.88
4463	287.63
4464	287.35999
4465	287.35999
4466	287.38
4467	287.64999
4468	287.76001
4469	288.17999
4470	288.45001
4471	288.51001
4472	288.64001
4473	288.67999
4474	288.72
4475	288.82001
4476	288.98999
4477	288.98999
4478	288.98999
4479	288.98999
4480	289.04999
4481	289.14001
4482	289.22
4483	289.35001
4484	289.35001
4485	289.64001
4486	289.56
4487	289.42999
4488	289.37
4489	289.10001
4490	288.66
4491	288.66
4492	288.35999
4493	288.23999
4494	288.20001
4495	288.41
4496	288.66
4497	288.66
4498	288.57001
4499	288.26001
4500	288.23999
4501	288.39001
4502	288.47
4503	288.51001
4504	288.59
4505	288.64001
4506	288.62
4507	288.48999
4508	288.39001
4509	288.64001
4510	288.85001
4511	289.28
4512	289.54001
4513	289.87
4514	289.89001
4515	289.70001
4516	289.70001
4517	289.51001
4518	289.47
4519	289.41
4520	289.37
4521	289.04999
4522	288.82001
4523	288.82001
4524	288.66
4525	288.42999
4526	288.41
4527	288.42999
4528	288.39001
4529	288.28
4530	288.42999
4531	289.07999
4532	289.87
4533	290.20001
4534	290.35001
4535	290.06
4536	289.73999
4537	289.45001
4538	288.41
4539	288.01001
4540	287.44
4541	286.92001
4542	286.70999
4543	286.54001
4544	286.51999
4545	286.42001
4546	286.29001
4547	285.88
4548	284.92999
4549	284.51999
4550	283.66
4551	283.12
4552	281.32001
4553	279.26999
4554	277.04999
4555	277.04999
4556	273.82999
4557	272.10999
4558	271.45001
4559	270.17001
4560	269.25
4561	268.56
4562	268.56
4563	268.12
4564	268
4565	268.01999
4566	268.06
4567	268.48001
4568	268.79001
4569	269.07999
4570	269.94
4571	270.14999
4572	270.84
4573	271.60999
4574	272.17999
4575	272.47
4576	272.67999
4577	273.47
4578	273.73001
4579	274.31
4580	274.94
4581	275.19
4582	275.57001
4583	275.79999
4584	276.34
4585	276.63
4586	276.88
4587	276.88
4588	277.22
4589	277.26001
4590	277.35999
4591	277.53
4592	277.67999
4593	277.76001
4594	277.76001
4595	278.04999
4596	278.39001
4597	278.48999
4598	278.62
4599	278.70001
4600	278.72
4601	278.76999
4602	278.87
4603	278.92999
4604	279
4605	279.06
4606	279.14001
4607	279.29001
4608	279.42999
4609	279.69
4610	279.66
4611	279.54001
4612	279.51999
4613	279.60001
4614	279.70999
4615	279.79001
4616	279.75
4617	279.89001
4618	280.25
4619	280.23001
4620	280.25
4621	280.17001
4622	280.07999
4623	280.06
4624	279.94
4625	280.10001
4626	280.10001
4627	280.20999
4628	280.26999
4629	280.29001
4630	280.45999
4631	280.70999
4632	280.76999
4633	280.76999
4634	281.14999
4635	281.23001
4636	281.29999
4637	281.26999
4638	281.19
4639	281.09
4640	281.04001
4641	280.89999
4642	280.81
4643	280.75
4644	280.67001
4645	280.73001
4646	280.70999
4647	280.76999
4648	280.32999
4649	280.25
4650	280.19
4651	280.26999
4652	280.17001
4653	280.07999
4654	280.14999
4655	279.92001
4656	279.75
4657	279.64001
4658	279.64001
4659	279.85001
4660	280.07999
4661	280.12
4662	280.31
4663	280.35001
4664	280.44
4665	280.44
4666	280.67001
4667	280.70999
4668	280.85999
4669	280.85999
4670	280.85999
4671	280.94
4672	280.94
4673	281.07001
4674	281.17001
4675	281.10999
4676	281.07001
4677	281.04001
4678	280.95999
4679	280.89999
4680	280.45999
4681	280.39999
4682	280.39999
4683	280.39999
4684	280.51999
4685	280.70999
4686	280.85999
4687	281.09
4688	281.17001
4689	281.10999
4690	280.94
4691	280.89999
4692	280.81
4693	280.79001
4694	280.70999
4695	280.81
4696	280.95999
4697	280.95999
4698	280.98001
4699	281.10999
4700	281.09
4701	281.04001
4702	280.94
4703	280.85999
4704	280.85999
4705	280.84
4706	280.75
4707	280.73001
4708	280.81
4709	280.88
4710	280.88
4711	280.84
4712	280.81
4713	280.75
4714	280.70999
4715	280.73001
4716	280.60999
4717	280.63
4718	280.64999
4719	280.69
4720	280.64999
4721	280.69
4722	280.63
4723	280.54001
4724	280.35001
4725	280.29001
4726	280.25
4727	280.31
4728	280.48001
4729	280.48001
4730	280.63
4731	280.73001
4732	280.70999
4733	280.73001
4734	280.75
4735	280.94
4736	280.94
4737	280.76999
4738	280.54001
4739	280.5
4740	280.38
4741	280.19
4742	280.12
4743	280.12
4744	280.12
4745	280.17001
4746	280.10001
4747	280.12
4748	280.17001
4749	280.14999
4750	280.19
4751	280.48001
4752	280.56
4753	280.69
4754	280.69
4755	280.69
4756	280.64999
4757	280.69
4758	280.79001
4759	280.88
4760	281
4761	281.07001
4762	281
4763	280.85999
4764	280.76999
4765	280.79001
4766	280.88
4767	280.94
4768	280.94
4769	280.95999
4770	280.89999
4771	280.89999
4772	280.73001
4773	280.57999
4774	280.51999
4775	280.51999
4776	280.19
4777	280.04001
4778	279.95999
4779	279.87
4780	279.81
4781	279.70999
4782	279.69
4783	279.64001
4784	279.70999
4785	279.76999
4786	280.01999
4787	280.14999
4788	280.07999
4789	280.01999
4790	279.95999
4791	280.04001
4792	280.17001
4793	280.20999
4794	280.31
4795	280.31
4796	280.26999
4797	280.17001
4798	280.19
4799	280.17001
4800	280.17001
4801	280.04001
4802	280.12
4803	280.17001
4804	280.51999
4805	280.57999
4806	280.56
4807	280.56
4808	280.85999
4809	281.04001
4810	281.07001
4811	281.07001
4812	280.92001
4813	281
4814	281
4815	281.07001
4816	281.25
4817	281.39999
4818	281.35999
4819	281.42001
4820	281.39999
4821	281.44
4822	281.38
4823	281.32001
4824	281.19
4825	281.07001
4826	281
4827	281.07001
4828	281.07001
4829	281
4830	281.17001
4831	281.69
4832	282.45001
4833	282.73999
4834	283.26001
4835	283.28
4836	283.28
4837	283.53
4838	283.92999
4839	283.92999
4840	284.45001
4841	284.70001
4842	284.79001
4843	285.29001
4844	285.94
4845	286.48001
4846	286.48001
4847	287.59
4848	288.07001
4849	288.28
4850	288.54999
4851	288.51001
4852	288.53
4853	288.45001
4854	288.07001
4855	288.01001
4856	287.97
4857	287.72
4858	287.54999
4859	287.44
4860	287.42001
4861	287.48999
4862	287.64999
4863	288.01001
4864	288.35999
4865	288.48999
4866	288.59
4867	288.57001
4868	288.53
4869	288.51001
4870	288.59
4871	288.70001
4872	288.82001
4873	288.97
4874	288.95001
4875	288.62
4876	288.48999
4877	288.09
4878	288.09
4879	287.72
4880	287.76001
4881	287.98999
4882	288.62
4883	288.72
4884	288.85001
4885	288.85001
4886	289.12
4887	289.28
4888	289.32999
4889	289.51001
4890	289.45001
4891	289.32999
4892	289.17999
4893	289.07999
4894	289.07999
4895	288.79999
4896	288.73999
4897	288.89001
4898	289.10001
4899	289.37
4900	290.04001
4901	290.10001
4902	290.12
4903	290.26999
4904	290.23001
4905	290.10001
4906	290
4907	289.72
4908	289.17999
4909	288.87
4910	288.87
4911	289.66
4912	290.10001
4913	290.16
4914	289.89001
4915	289.48999
4916	289.28
4917	289.28
4918	289.32999
4919	289.91
4920	290.20001
4921	290.69
4922	290.87
4923	290.87
4924	290.87
4925	290.26999
4926	289.87
4927	289.73999
4928	289.41
4929	289.26001
4930	289.35001
4931	289.31
4932	289.31
4933	289.23999
4934	288.87
4935	288.87
4936	288.91
4937	288.98999
4938	288.92999
4939	289.01001
4940	289.10001
4941	288.98999
4942	288.79999
4943	288.76001
4944	288.73999
4945	288.72
4946	288.53
4947	288.34
4948	288.16
4949	288.16
4950	287.72
4951	287.97
4952	288.42999
4953	289.10001
4954	289.35001
4955	289.70001
4956	289.70001
4957	289.87
4958	289.82999
4959	289.73999
4960	289.54001
4961	289.47
4962	289.42999
4963	289.41
4964	288.97
4965	288.78
4966	288.78
4967	289.22
4968	289.57999
4969	289.70001
4970	289.82999
4971	289.60001
4972	289.48999
4973	289.28
4974	289.16
4975	288.98999
4976	288.72
4977	288.64001
4978	288.70001
4979	288.73999
4980	288.70001
4981	288.70001
4982	288.73999
4983	288.41
4984	288.23999
4985	288.10999
4986	288.29999
4987	288.82001
4988	288.82001
4989	289.51001
4990	289.70001
4991	289.79001
4992	289.91
4993	289.73999
4994	289.81
4995	289.81
4996	289.89001
4997	289.66
4998	289.39001
4999	289.14001
5000	288.85001
5001	288.67999
5002	288.57001
5003	288.28
5004	288.41
5005	288.78
5006	289.20001
5007	289.35001
5008	289.35001
5009	289.23999
5010	288.89001
5011	288.87
5012	288.64001
5013	288.35999
5014	288.22
5015	287.82001
5016	287.59
5017	287.17001
5018	286.69
5019	286.29001
5020	286.29001
5021	285.48001
5022	284.70001
5023	284.22
5024	282.91
5025	281.19
5026	279.12
5027	279.12
5028	275.88
5029	274
5030	273.14001
5031	271.51001
5032	270.32001
5033	269.81
5034	269.39999
5035	268.5
5036	268.31
5037	268.29001
5038	268.56
5039	269.23001
5040	269.64999
5041	269.95999
5042	271.03
5043	271.26001
5044	271.82001
5045	272.29999
5046	272.51001
5047	272.97
5048	273.22
5049	273.75
5050	274.29001
5051	274.95999
5052	274.95999
5053	275.54001
5054	275.85999
5055	276.03
5056	276.48999
5057	276.78
5058	277.20001
5059	277.20001
5060	277.62
5061	277.73999
5062	277.85001
5063	277.89001
5064	278.04999
5065	278.32999
5066	278.32999
5067	278.45001
5068	278.60001
5069	278.64001
5070	278.67999
5071	278.79001
5072	278.91
5073	278.95001
5074	279.16
5075	279.26999
5076	279.37
5077	279.42999
5078	279.5
5079	279.60001
5080	279.69
5081	279.57999
5082	279.57999
5083	279.57999
5084	279.64001
5085	279.75
5086	279.89001
5087	279.92001
5088	279.92001
5089	279.81
5090	279.87
5091	279.87
5092	280.04001
5093	280.07999
5094	280.17001
5095	280.17001
5096	280.38
5097	280.63
5098	280.63
5099	280.89999
5100	280.73001
5101	280.67001
5102	280.60999
5103	280.57999
5104	280.63
5105	280.67001
5106	280.81
5107	280.98001
5108	280.98001
5109	280.76999
5110	280.42001
5111	280.29001
5112	280.20999
5113	280.01999
5114	280
5115	280.04001
5116	280.20999
5117	280.23001
5118	280.19
5119	280.25
5120	280.01999
5121	279.85001
5122	280.10001
5123	280.29001
5124	280.44
5125	280.56
5126	280.63
5127	280.63
5128	280.51999
5129	280.44
5130	280.44
5131	280.48001
5132	280.70999
5133	280.81
5134	280.98001
5135	281.09
5136	280.98001
5137	280.98001
5138	281
5139	280.98001
5140	281.01999
5141	281
5142	281.04001
5143	281.04001
5144	281.04001
5145	281
5146	281.07001
5147	281.10999
5148	281.14999
5149	281.13
5150	281.26999
5151	281.38
5152	281.17001
5153	281.01999
5154	280.95999
5155	280.76999
5156	280.70999
5157	280.60999
5158	280.48001
5159	280.57999
5160	280.56
5161	280.5
5162	280.5
5163	280.54001
5164	280.63
5165	280.67001
5166	280.69
5167	280.70999
5168	280.81
5169	280.81
5170	280.79001
5171	280.85999
5172	280.81
5173	280.73001
5174	280.70999
5175	280.73001
5176	280.79001
5177	280.89999
5178	280.85999
5179	280.81
5180	280.67001
5181	280.51999
5182	280.5
5183	280.60999
5184	280.60999
5185	280.64999
5186	280.81
5187	280.76999
5188	280.76999
5189	280.75
5190	280.70999
5191	280.56
5192	280.84
5193	281.01999
5194	281
5195	280.92001
5196	280.75
5197	280.70999
5198	280.70999
5199	280.56
5200	280.44
5201	280.44
5202	280.17001
5203	280.14999
5204	280.31
5205	280.42001
5206	280.51999
5207	280.54001
5208	280.54001
5209	280.63
5210	280.70999
5211	280.75
5212	280.75
5213	280.81
5214	280.79001
5215	280.81
5216	280.70999
5217	280.79001
5218	280.88
5219	280.85999
5220	280.81
5221	280.94
5222	280.94
5223	280.76999
5224	280.64999
5225	280.48001
5226	280.29001
5227	280.31
5228	280.17001
5229	280.12
5230	280.01999
5231	279.89001
5232	279.69
5233	279.69
5234	279.64001
5235	279.69
5236	279.82999
5237	279.87
5238	279.85001
5239	279.75
5240	279.75
5241	279.94
5242	280.07999
5243	280.20999
5244	280.44
5245	280.73001
5246	280.89999
5247	280.89999
5248	281.10999
5249	281.10999
5250	281.04001
5251	280.98001
5252	280.89999
5253	280.92001
5254	280.84
5255	280.51999
5256	280.51999
5257	280.39999
5258	280.39999
5259	280.35001
5260	280.32999
5261	280.31
5262	280.23001
5263	280.17001
5264	280.23001
5265	280.29001
5266	280.45999
5267	280.5
5268	280.5
5269	280.69
5270	280.85999
5271	280.92001
5272	280.92001
5273	280.95999
5274	281.17001
5275	281.23001
5276	281.32001
5277	281.34
5278	281.32001
5279	281.32001
5280	281.19
5281	281.32001
5282	281.45999
5283	281.39999
5284	281.26999
5285	281.13
5286	281.01999
5287	280.69
5288	280.5
5289	280.54001
5290	280.51999
5291	280.54001
5292	280.45999
5293	280.51999
5294	280.63
5295	280.73001
5296	280.75
5297	280.85999
5298	280.81
5299	281.01999
5300	281.19
5301	281.45999
5302	281.89999
5303	283.20001
5304	283.20001
5305	285.07999
5306	285.51999
5307	285.60001
5308	285.37
5309	285.23001
5310	285.35001
5311	285.35001
5312	285.37
5313	285.39001
5314	285.42001
5315	285.56
5316	285.51999
5317	285.69
5318	285.69
5319	286.25
5320	286.84
5321	286.95999
5322	287.10999
5323	287.29999
5324	287.38
5325	287.53
5326	287.76001
5327	287.72
5328	287.95001
5329	288.26001
5330	288.39001
5331	288.29999
5332	288.13
5333	287.72
5334	287.67001
5335	287.76001
5336	288.20001
5337	288.34
5338	288.62
5339	288.78
5340	288.97
5341	288.98999
5342	288.89001
5343	288.89001
5344	289.14001
5345	289.28
5346	289.32999
5347	289.37
5348	289.04999
5349	288.53
5350	288.53
5351	288.62
5352	288.78
5353	288.76001
5354	289.04999
5355	289.64001
5356	289.89001
5357	290.12
5358	290.75
5359	291.07999
5360	291.14999
5361	290.95999
5362	290.79001
5363	290.66
5364	290.70999
5365	290.87
5366	290.89001
5367	290.82999
5368	290.62
5369	290.35001
5370	290.07999
5371	289.91
5372	289.81
5373	289.76999
5374	289.66
5375	289.66
5376	289.60001
5377	289.51001
5378	289.45001
5379	289.47
5380	289.41
5381	289.47
5382	289.47
5383	289.72
5384	289.91
5385	289.97
5386	290.01999
5387	289.97
5388	289.87
5389	289.87
5390	289.79001
5391	289.54001
5392	289.60001
5393	289.73999
5394	290.17999
5395	290.26999
5396	290.26999
5397	289.79001
5398	289.64001
5399	289.26001
5400	288.72
5401	288.54999
5402	288.57001
5403	288.72
5404	289.47
5405	289.70001
5406	290.07999
5407	290.32999
5408	290.54001
5409	290.73001
5410	290.57999
5411	290.64001
5412	290.32999
5413	290.26999
5414	290.26999
5415	290.95999
5416	291.04001
5417	291.07999
5418	291
5419	290.57999
5420	290.06
5421	290.06
5422	289.45001
5423	289.39001
5424	289.32999
5425	289.39001
5426	289.37
5427	289.26001
5428	289.12
5429	289.07999
5430	289.01001
5431	289.04999
5432	289.41
5433	289.76999
5434	289.95001
5435	290.14001
5436	290.23001
5437	290.01999
5438	289.73999
5439	289.54001
5440	289.45001
5441	289.07999
5442	288.89001
5443	288.67999
5444	288.72
5445	288.62
5446	288.42999
5447	288.54999
5448	288.72
5449	288.72
5450	288.91
5451	289.07999
5452	289.12
5453	289.12
5454	288.78
5455	288.53
5456	288.47
5457	288.28
5458	288.22
5459	288.22
5460	288.22
5461	288.32001
5462	288.35999
5463	288.48999
5464	288.79999
5465	289.10001
5466	289.23999
5467	289.16
5468	288.85001
5469	288.87
5470	289.10001
5471	289.10001
5472	289.04999
5473	289.12
5474	288.97
5475	288.76001
5476	288.57001
5477	288.54999
5478	289.28
5479	289.64001
5480	289.97
5481	290.04001
5482	289.67999
5483	288.91
5484	288.39001
5485	288.39001
5486	287.57001
5487	287.13
5488	286.88
5489	286.64999
5490	286.39999
5491	286.14999
5492	286.14999
5493	285.85001
5494	285.82999
5495	285.75
5496	285
5497	283.78
5498	282.22
5499	282.22
5500	279.41
5501	277.53
5502	276.54999
5503	274.73001
5504	273.06
5505	272.29999
5506	271.70001
5507	270.01999
5508	269.64999
5509	269.04001
5510	268.87
5511	268.95999
5512	269.29001
5513	269.45999
5514	269.75
5515	270.10999
5516	270.64999
5517	271.32001
5518	271.60999
5519	272.09
5520	272.32001
5521	273.16
5522	273.89001
5523	274.37
5524	274.37
5525	274.64999
5526	275.06
5527	275.26999
5528	275.57001
5529	275.82001
5530	275.95999
5531	275.95999
5532	276.19
5533	276.45999
5534	276.59
5535	276.92001
5536	277.20001
5537	277.29999
5538	277.48999
5539	277.76001
5540	277.78
5541	278.04999
5542	278.22
5543	278.45001
5544	278.54001
5545	278.64001
5546	278.70001
5547	278.67999
5548	278.79001
5549	278.89001
5550	279.01999
5551	279.12
5552	279.25
5553	279.39001
5554	279.56
5555	279.73001
5556	279.73001
5557	279.87
5558	280
5559	279.98001
5560	279.82999
5561	279.75
5562	279.64001
5563	279.64001
5564	279.51999
5565	279.5
5566	279.60001
5567	279.73001
5568	279.82999
5569	279.76999
5570	279.76999
5571	279.60001
5572	279.66
5573	279.60001
5574	279.56
5575	279.66
5576	279.62
5577	279.70999
5578	280
5579	280.07999
5580	280.19
5581	280.19
5582	280.20999
5583	280.19
5584	280.23001
5585	280.10001
5586	280.12
5587	280.07999
5588	280.04001
5589	279.98001
5590	279.92001
5591	279.95999
5592	280.04001
5593	280.17001
5594	280.29001
5595	280.29001
5596	280.12
5597	279.94
5598	279.87
5599	279.85001
5600	279.76999
5601	279.87
5602	279.87
5603	280.14999
5604	280.42001
5605	280.48001
5606	280.64999
5607	280.98001
5608	281.09
5609	281.20999
5610	281.29999
5611	281.19
5612	281.20999
5613	281.29999
5614	281.17001
5615	281.07001
5616	281.01999
5617	280.94
5618	281
5619	281.07001
5620	281.01999
5621	280.85999
5622	280.73001
5623	280.64999
5624	280.73001
5625	280.79001
5626	280.69
5627	280.67001
5628	280.67001
5629	280.56
5630	280.5
5631	280.35001
5632	280.25
5633	280.25
5634	280.25
5635	280.20999
5636	280.42001
5637	280.54001
5638	280.60999
5639	280.70999
5640	280.81
5641	280.81
5642	280.92001
5643	281
5644	281.09
5645	280.98001
5646	280.94
5647	281.10999
5648	281.20999
5649	281.35999
5650	281.39999
5651	281.42001
5652	281.42001
5653	281.48001
5654	281.5
5655	281.38
5656	281.35999
5657	281.35999
5658	281.45999
5659	281.35999
5660	281.23001
5661	281
5662	280.98001
5663	280.88
5664	280.76999
5665	280.81
5666	280.81
5667	280.85999
5668	280.88
5669	280.95999
5670	280.94
5671	280.85999
5672	280.89999
5673	280.89999
5674	280.75
5675	280.84
5676	280.94
5677	281.17001
5678	281.14999
5679	281.14999
5680	281.19
5681	281.17001
5682	281.13
5683	281.04001
5684	281
5685	281.19
5686	281.17001
5687	281.17001
5688	281.07001
5689	280.98001
5690	280.85999
5691	280.84
5692	280.89999
5693	280.89999
5694	280.84
5695	280.79001
5696	280.79001
5697	280.85999
5698	280.84
5699	280.79001
5700	280.70999
5701	280.70999
5702	280.76999
5703	280.84
5704	280.88
5705	280.88
5706	280.89999
5707	281.04001
5708	281.07001
5709	281.13
5710	281.20999
5711	281.13
5712	281.13
5713	281.39999
5714	281.38
5715	281.48001
5716	281.48001
5717	281.44
5718	281.42001
5719	281.25
5720	281.20999
5721	281.20999
5722	281.13
5723	280.95999
5724	280.92001
5725	280.94
5726	280.94
5727	281.07001
5728	281.14999
5729	281.48001
5730	281.60999
5731	281.64999
5732	281.73001
5733	281.67001
5734	281.63
5735	281.64999
5736	281.63
5737	281.63
5738	281.42001
5739	281.26999
5740	281.23001
5741	281.20999
5742	281.14999
5743	281.17001
5744	281.17001
5745	281.25
5746	281.34
5747	281.39999
5748	281.32001
5749	281.19
5750	281.10999
5751	281.10999
5752	281.10999
5753	281.17001
5754	281.23001
5755	281.34
5756	281.29999
5757	281.25
5758	281.20999
5759	281
5760	280.92001
5761	280.79001
5762	280.94
5763	281.01999
5764	281.14999
5765	281.14999
5766	281.39999
5767	281.38
5768	281.48001
5769	281.45999
5770	281.39999
5771	281.25
5772	281.26999
5773	281.57001
5774	281.69
5775	281.98999
5776	281.98999
5777	283.81
5778	284.91
5779	285.23001
5780	285.54001
5781	285.44
5782	285.31
5783	285.31
5784	284.98001
5785	284.87
5786	284.89001
5787	285.23001
5788	286.19
5789	286.60999
5790	287.04999
5791	288.39001
5792	288.76001
5793	289.07999
5794	289.04999
5795	289.03
5796	289.17999
5797	289.22
5798	289.32999
5799	289.16
5800	288.91
5801	288.87
5802	288.98999
5803	289.23999
5804	289.39001
5805	289.45001
5806	289.14001
5807	288.73999
5808	288.73999
5809	288.23999
5810	288.22
5811	288.34
5812	288.66
5813	288.91
5814	288.87
5815	288.87
5816	288.82001
5817	288.91
5818	288.87
5819	288.91
5820	288.79999
5821	288.87
5822	288.87
5823	288.59
5824	288.51001
5825	288.34
5826	288.39001
5827	288.66
5828	288.76001
5829	288.78
5830	288.95001
5831	288.98999
5832	289.10001
5833	289.37
5834	289.35001
5835	289.23999
5836	289.07999
5837	288.72
5838	288.72
5839	288.78
5840	288.92999
5841	289.03
5842	289.07999
5843	289.12
5844	289.07999
5845	289.03
5846	288.97
5847	288.97
5848	288.59
5849	288.76001
5850	288.89001
5851	288.79999
5852	288.47
5853	288.34
5854	288.34
5855	288.47
5856	288.70001
5857	288.78
5858	288.78
5859	288.87
5860	289.01001
5861	289.07999
5862	289.28
5863	289.12
5864	289.04999
5865	288.72
5866	288.67999
5867	288.78
5868	289.10001
5869	290.07999
5870	290.26999
5871	290.70999
5872	290.51999
5873	290.31
5874	290.04001
5875	290.01999
5876	290.51999
5877	291.10001
5878	291.06
5879	291.06
5880	290.89001
5881	290.54001
5882	290.26999
5883	289.97
5884	289.89001
5885	289.73999
5886	289.73999
5887	289.79001
5888	289.92999
5889	290
5890	290.25
5891	290.17999
5892	289.87
5893	289.87
5894	289.39001
5895	289.14001
5896	289.07999
5897	289.14001
5898	289.26001
5899	289.28
5900	289.26001
5901	288.89001
5902	288.82001
5903	288.57001
5904	288.73999
5905	288.89001
5906	289.23999
5907	289.45001
5908	289.76999
5909	289.79001
5910	289.91
5911	289.91
5912	289.91
5913	289.89001
5914	289.95001
5915	290.10001
5916	290
5917	289.82999
5918	289.82999
5919	289.48999
5920	289.20001
5921	289.20001
5922	289.64001
5923	290.01999
5924	290.17999
5925	290.17999
5926	290.23001
5927	290.29001
5928	290.37
5929	290.26999
5930	290.25
5931	290.39001
5932	290.5
5933	290.54001
5934	290.73001
5935	290.76999
5936	290.87
5937	290.81
5938	290.70999
5939	290.62
5940	290.32999
5941	290.23001
5942	290.12
5943	289.76999
5944	289.66
5945	289.70001
5946	289.72
5947	289.67999
5948	289.72
5949	289.35001
5950	289.16
5951	289.23999
5952	289.66
5953	289.87
5954	289.85001
5955	289.51001
5956	289.12
5957	289.12
5958	288.42999
5959	287.92999
5960	287.73999
5961	287.28
5962	286.92001
5963	286.54001
5964	286.54001
5965	286.35999
5966	286.10999
5967	286.04001
5968	285.5
5969	285
5970	284.70001
5971	284.35001
5972	282.51001
5973	281.78
5974	280.06
5975	278.04999
5976	276.09
5977	275.14999
5978	274.31
5979	271.84
5980	271.23999
5981	270.23001
5982	269.51999
5983	269.38
5984	269.29001
5985	269.20999
5986	269.42001
5987	269.75
5988	270.32001
5989	270.32001
5990	271.13
5991	271.64999
5992	271.78
5993	272.32001
5994	272.87
5995	273.56
5996	273.56
5997	274.48001
5998	274.98001
5999	275.19
6000	275.64999
6001	275.95999
6002	276.35999
6003	276.35999
6004	276.88
6005	277.04999
6006	277.20001
6007	277.62
6008	277.87
6009	277.92999
6010	278.17999
6011	278.42999
6012	278.56
6013	278.70001
6014	278.89001
6015	278.89001
6016	278.97
6017	279.06
6018	279.45999
6019	279.66
6020	279.82999
6021	280
6022	279.92001
6023	279.98001
6024	279.89001
6025	279.76999
6026	279.64001
6027	279.54001
6028	279.54001
6029	279.32999
6030	279.29001
6031	279.20001
6032	279.17999
6033	279.25
6034	279.39001
6035	279.39001
6036	279.51999
6037	279.70999
6038	279.89001
6039	280.10001
6040	279.94
6041	279.94
6042	279.82999
6043	279.76999
6044	279.81
6045	279.85001
6046	280.07999
6047	280.29001
6048	280.32999
6049	280.31
6050	280.32999
6051	280.35001
6052	280.31
6053	280.35001
6054	280.29001
6055	280.14999
6056	280.10001
6057	280.01999
6058	279.98001
6059	279.87
6060	279.87
6061	280.12
6062	280.01999
6063	280
6064	280.06
6065	280.04001
6066	280.14999
6067	280.14999
6068	279.92001
6069	279.92001
6070	279.92001
6071	280
6072	280.06
6073	280.14999
6074	280.14999
6075	280.25
6076	280.29001
6077	280.32999
6078	280.38
6079	280.38
6080	280.38
6081	280.25
6082	280.10001
6083	280.07999
6084	280.17001
6085	280.26999
6086	280.45999
6087	280.35001
6088	280.32999
6089	280.23001
6090	280.14999
6091	280.14999
6092	280.38
6093	280.39999
6094	280.38
6095	280.44
6096	280.51999
6097	280.67001
6098	280.75
6099	280.75
6100	280.92001
6101	280.85999
6102	280.73001
6103	280.70999
6104	280.60999
6105	280.48001
6106	280.48001
6107	280.64999
6108	280.51999
6109	280.48001
6110	280.51999
6111	280.56
6112	280.67001
6113	280.75
6114	280.98001
6115	281.04001
6116	281.01999
6117	281.07001
6118	281.14999
6119	281.25
6120	281.25
6121	281.38
6122	281.45999
6123	281.53
6124	281.45999
6125	281.48001
6126	281.26999
6127	281.26999
6128	281.14999
6129	281.25
6130	281.13
6131	281.13
6132	281.19
6133	281.34
6134	281.44
6135	281.32001
6136	281.23001
6137	281.10999
6138	281.10999
6139	280.98001
6140	280.92001
6141	280.92001
6142	281.09
6143	281.25
6144	281.13
6145	281.13
6146	281.13
6147	281.09
6148	281.13
6149	281.13
6150	281
6151	281
6152	280.95999
6153	280.81
6154	280.79001
6155	280.94
6156	281.17001
6157	281.42001
6158	281.42001
6159	281.44
6160	281.26999
6161	281.29999
6162	281.29999
6163	281.23001
6164	281.14999
6165	281.19
6166	281.17001
6167	281.04001
6168	281.01999
6169	281.04001
6170	281.04001
6171	281
6172	281.01999
6173	281.13
6174	281.14999
6175	281.39999
6176	281.39999
6177	281.39999
6178	281
6179	280.75
6180	280.75
6181	280.70999
6182	280.64999
6183	280.64999
6184	280.69
6185	280.92001
6186	280.92001
6187	280.94
6188	280.88
6189	280.89999
6190	280.85999
6191	280.73001
6192	280.75
6193	280.81
6194	280.94
6195	281.07001
6196	281.20999
6197	281.13
6198	281.14999
6199	281.10999
6200	281.07001
6201	280.94
6202	281.29999
6203	281.29999
6204	281.19
6205	281.10999
6206	281.01999
6207	280.98001
6208	281.04001
6209	281.04001
6210	281.17001
6211	281.17001
6212	281.14999
6213	281.20999
6214	281.23001
6215	281.19
6216	281.19
6217	281.14999
6218	281.04001
6219	280.98001
6220	280.89999
6221	280.75
6222	280.69
6223	280.60999
6224	280.31
6225	280.42001
6226	280.45999
6227	280.67001
6228	280.64999
6229	280.51999
6230	280.38
6231	280.39999
6232	280.45999
6233	280.56
6234	280.69
6235	280.69
6236	280.57999
6237	280.63
6238	280.63
6239	280.70999
6240	280.81
6241	280.81
6242	280.88
6243	280.94
6244	280.94
6245	280.81
6246	281.09
6247	281.23001
6248	281.23001
6249	281.34
6250	281.70999
6251	282.13
6252	282.76001
6253	283.23999
6254	284.01001
6255	284.01001
6256	284.85001
6257	285.29001
6258	285.45999
6259	285.51999
6260	285.82999
6261	286.06
6262	286.34
6263	287.17001
6264	287.26001
6265	287.32001
6266	287.34
6267	287.39999
6268	287.63
6269	287.76001
6270	287.78
6271	287.78
6272	288.09
6273	288.34
6274	288.32001
6275	288.23999
6276	288.28
6277	288.47
6278	288.53
6279	288.48999
6280	288.48999
6281	288.76001
6282	289.31
6283	289.48999
6284	289.56
6285	289.72
6286	290.10001
6287	290.10001
6288	290.81
6289	290.39001
6290	290.10001
6291	289.45001
6292	289.20001
6293	289.22
6294	289.26001
6295	289.32999
6296	289.37
6297	289.54001
6298	289.64001
6299	289.60001
6300	289.66
6301	289.70001
6302	289.62
6303	289.67999
6304	289.92999
6305	290.12
6306	290.29001
6307	290.41
6308	290.31
6309	290.26999
6310	290.37
6311	290.29001
6312	290.29001
6313	289.97
6314	289.85001
6315	289.85001
6316	290.07999
6317	290.64001
6318	291.07999
6319	291.07999
6320	291.12
6321	290.70999
6322	290.48001
6323	290.5
6324	290.48001
6325	290.23001
6326	290.23001
6327	290.14001
6328	289.95001
6329	289.82999
6330	289.54001
6331	289.37
6332	289.32999
6333	289.35001
6334	289.20001
6335	289.26001
6336	289.92999
6337	291.07999
6338	291.63
6339	291.88
6340	291.84
6341	291.25
6342	291.17001
6343	290.42999
6344	290.06
6345	290.01999
6346	290.06
6347	290.12
6348	290.10001
6349	290
6350	289.87
6351	289.87
6352	289.81
6353	289.51001
6354	289.54001
6355	289.54001
6356	289.41
6357	289.28
6358	289.28
6359	289.04999
6360	288.79999
6361	288.62
6362	288.45001
6363	288.35999
6364	288.48999
6365	288.54999
6366	288.59
6367	288.67999
6368	288.73999
6369	289.01001
6370	289.60001
6371	289.87
6372	290.12
6373	290.64001
6374	290.82999
6375	291
6376	291.01999
6377	290.98001
6378	290.89001
6379	290.76999
6380	290.42999
6381	290.31
6382	290.17999
6383	290.17999
6384	289.57999
6385	289.39001
6386	289.42999
6387	289.47
6388	289.41
6389	289.48999
6390	289.48999
6391	290.06
6392	290.57999
6393	290.69
6394	290.54001
6395	290.20001
6396	289.87
6397	289.87
6398	289.51001
6399	289.42999
6400	289.42999
6401	289.17999
6402	289.10001
6403	289.04999
6404	288.98999
6405	289.12
6406	289.03
6407	289.12
6408	289.39001
6409	289.56
6410	289.91
6411	290.07999
6412	290.45999
6413	290.56
6414	290.64001
6415	290.32999
6416	290.12
6417	289.81
6418	289.67999
6419	289.42999
6420	289.23999
6421	289.12
6422	289.12
6423	288.48999
6424	288.41
6425	288.54999
6426	289.26001
6427	289.73999
6428	289.81
6429	289.81
6430	289.42999
6431	288.89001
6432	288.53
6433	287.85999
6434	287.34
6435	287.13
6436	287.01001
6437	286.67001
6438	286.51999
6439	286.44
6440	286.07999
6441	285.73001
6442	285.44
6443	285.14001
6444	283.89001
6445	283.41
6446	282.23999
6447	280.39999
6448	279.41
6449	277.39001
6450	276.35999
6451	274.29001
6452	272.64001
6453	271.42001
6454	270.42001
6455	270.09
6456	269.51999
6457	269.45999
6458	269.32999
6459	269.57999
6460	269.89999
6461	269.89999
6462	270.63
6463	271.29999
6464	271.60999
6465	272.26001
6466	272.82999
6467	273.45001
6468	273.45001
6469	274.14001
6470	274.56
6471	274.60001
6472	274.92001
6473	275.23001
6474	275.39999
6475	275.64999
6476	276.07001
6477	276.20999
6478	276.44
6479	276.72
6480	276.92001
6481	277.10999
6482	277.09
6483	277.67999
6484	277.89001
6485	278.35001
6486	278.51001
6487	278.54001
6488	278.66
6489	278.66
6490	278.82999
6491	279.12
6492	279.32999
6493	279.32999
6494	279.56
6495	279.51999
6496	279.54001
6497	279.54001
6498	279.57999
6499	279.94
6500	279.94
6501	280.42001
6502	280.38
6503	280.38
6504	280.35001
6505	280.29001
6506	280.29001
6507	280.29001
6508	280.51999
6509	280.51999
6510	280.54001
6511	280.42001
6512	280.31
6513	280.26999
6514	280.20999
6515	280.32999
6516	280.44
6517	280.73001
6518	280.89999
6519	280.94
6520	281.14999
6521	281.23001
6522	281.35999
6523	281.23001
6524	281.10999
6525	280.98001
6526	280.89999
6527	280.76999
6528	280.73001
6529	280.73001
6530	280.79001
6531	280.70999
6532	280.70999
6533	280.81
6534	280.98001
6535	281.09
6536	281.25
6537	281.20999
6538	281.26999
6539	281.26999
6540	281.42001
6541	281.53
6542	281.59
6543	281.54999
6544	281.59
6545	281.5
6546	281.5
6547	281.44
6548	281.45999
6549	281.38
6550	281.29999
6551	281.26999
6552	281.26999
6553	281.34
6554	281.34
6555	281.42001
6556	281.53
6557	281.5
6558	281.5
6559	281.53
6560	281.5
6561	281.45999
6562	281.44
6563	281.39999
6564	281.39999
6565	281.5
6566	281.48001
6567	281.53
6568	281.63
6569	281.76001
6570	281.78
6571	281.78
6572	281.60999
6573	281.45999
6574	281.42001
6575	281.09
6576	281.04001
6577	281.07001
6578	281.07001
6579	281.14999
6580	281.26999
6581	281.29999
6582	281.34
6583	281.45999
6584	281.5
6585	281.53
6586	281.54999
6587	281.5
6588	281.48001
6589	281.53
6590	281.54999
6591	281.57001
6592	281.67001
6593	281.89999
6594	281.95999
6595	281.94
6596	281.82001
6597	281.78
6598	281.60999
6599	281.5
6600	281.35999
6601	281.23001
6602	281.09
6603	281.09
6604	281
6605	280.92001
6606	280.84
6607	280.75
6608	280.75
6609	280.92001
6610	280.92001
6611	281
6612	281.10999
6613	281.10999
6614	281.13
6615	281.17001
6616	281.10999
6617	281.07001
6618	280.84
6619	280.81
6620	280.75
6621	280.76999
6622	280.88
6623	280.92001
6624	280.81
6625	280.94
6626	280.92001
6627	280.88
6628	280.94
6629	280.98001
6630	281.01999
6631	281.09
6632	281.13
6633	281.09
6634	281.09
6635	281.09
6636	280.95999
6637	281.01999
6638	281.19
6639	281.26999
6640	281.17001
6641	281.29999
6642	281.29999
6643	281.25
6644	281.35999
6645	281.39999
6646	281.38
6647	281.44
6648	281.38
6649	281.38
6650	281.39999
6651	281.20999
6652	281.26999
6653	281.42001
6654	281.5
6655	281.44
6656	281.48001
6657	281.23001
6658	281.04001
6659	281.04001
6660	280.94
6661	280.92001
6662	280.84
6663	280.81
6664	280.75
6665	280.85999
6666	280.92001
6667	281.04001
6668	281.07001
6669	281.29999
6670	281.39999
6671	281.5
6672	281.60999
6673	281.60999
6674	281.60999
6675	281.60999
6676	281.57001
6677	281.59
6678	281.57001
6679	281.69
6680	281.60999
6681	281.60999
6682	281.48001
6683	281.45999
6684	281.45999
6685	281.45999
6686	281.53
6687	281.60999
6688	281.60999
6689	281.64999
6690	281.63
6691	281.64999
6692	281.67001
6693	281.64999
6694	281.64999
6695	281.69
6696	281.78
6697	281.79999
6698	281.78
6699	281.85999
6700	281.94
6701	281.94
6702	281.94
6703	282.07001
6704	282.01001
6705	281.85999
6706	281.85999
6707	281.69
6708	281.57001
6709	281.48001
6710	281.42001
6711	281.48001
6712	281.5
6713	281.5
6714	281.5
6715	281.35999
6716	281.32001
6717	281.19
6718	281.20999
6719	281.42001
6720	281.42001
6721	281.85999
6722	282.03
6723	282.10999
6724	282.70001
6725	283.16
6726	283.29999
6727	283.39001
6728	284.42999
6729	284.76999
6730	285.45999
6731	286.17001
6732	286.73001
6733	287.03
6734	287.32001
6735	287.88
6736	288.13
6737	288.62
6738	288.59
6739	288.48999
6740	288.45001
6741	288.54999
6742	288.54999
6743	288.57001
6744	288.67999
6745	288.67999
6746	288.87
6747	288.78
6748	288.85001
6749	289.03
6750	288.95001
6751	288.97
6752	288.97
6753	289.32999
6754	289.54001
6755	289.54001
6756	289.62
6757	289.89001
6758	289.87
6759	290
6760	289.79001
6761	289.95001
6762	290.10001
6763	290.29001
6764	290.35001
6765	290.12
6766	290
6767	289.76999
6768	289.72
6769	289.47
6770	289.45001
6771	289.35001
6772	289.14001
6773	288.97
6774	288.82001
6775	288.89001
6776	288.76001
6777	288.54999
6778	288.53
6779	288.35999
6780	288.29999
6781	288.35999
6782	288.76001
6783	289.22
6784	289.22
6785	289.60001
6786	289.47
6787	289.39001
6788	289.26001
6789	289.26001
6790	289.56
6791	289.56
6792	289.66
6793	289.42999
6794	289.35001
6795	288.98999
6796	288.78
6797	288.72
6798	288.70001
6799	289.37
6800	289.62
6801	290.10001
6802	290.07999
6803	289.73999
6804	289.64001
6805	289.62
6806	289.64001
6807	289.64001
6808	289.67999
6809	289.48999
6810	289.37
6811	289.10001
6812	289.03
6813	289.12
6814	289.47
6815	289.95001
6816	289.95001
6817	290.35001
6818	290.54001
6819	290.54001
6820	290.31
6821	290.07999
6822	289.82999
6823	289.82999
6824	289.60001
6825	289.56
6826	289.57999
6827	289.92999
6828	290.07999
6829	290.04001
6830	290.04001
6831	290.07999
6832	289.92999
6833	290.14001
6834	290.57999
6835	290.75
6836	290.70999
6837	290.57999
6838	290.06
6839	290.01999
6840	289.82999
6841	289.95001
6842	289.91
6843	289.76999
6844	289.81
6845	289.70001
6846	289.73999
6847	289.64001
6848	289.45001
6849	289.32999
6850	289.32999
6851	289.28
6852	289.41
6853	289.51001
6854	289.42999
6855	289.42999
6856	289.81
6857	290.51999
6858	290.64001
6859	290.60001
6860	290.5
6861	290.48001
6862	290.48001
6863	290.60001
6864	290.95999
6865	291.29001
6866	291.57999
6867	291.56
6868	291.39999
6869	291.38
6870	290.98001
6871	290.69
6872	290.25
6873	289.70001
6874	289.62
6875	289.67999
6876	289.73999
6877	289.66
6878	289.62
6879	289.48999
6880	289.37
6881	289.42999
6882	289.51001
6883	289.66
6884	289.95001
6885	290.12
6886	290.16
6887	290.16
6888	290.07999
6889	290.14001
6890	290.17999
6891	290.45999
6892	290.26999
6893	289.85001
6894	289.85001
6895	289.35001
6896	288.98999
6897	288.97
6898	289.64001
6899	290.51999
6900	290.70999
6901	290.70999
6902	289.91
6903	289.17999
6904	288.85001
6905	288.09
6906	287.60999
6907	287.59
6908	287.38
6909	286.76999
6910	286.5
6911	286.23001
6912	286.14999
6913	286.10999
6914	286
6915	285.89999
6916	284.87
6917	284.26999
6918	282.89001
6919	281.19
6920	280.42001
6921	278.85001
6922	277.85001
6923	275.89999
6924	274.19
6925	272.57999
6926	272.57999
6927	270.82001
6928	270.04001
6929	269.73001
6930	269.38
6931	269.44
6932	269.73001
6933	269.73001
6934	270.53
6935	271.01001
6936	271.32001
6937	271.98999
6938	272.62
6939	272.87
6940	273.07999
6941	274.06
6942	274.62
6943	274.85001
6944	275.26999
6945	275.75
6946	275.94
6947	276.13
6948	276.76001
6949	276.89999
6950	277.10999
6951	277.22
6952	277.28
6953	277.32001
6954	277.39001
6955	277.59
6956	277.92999
6957	278.16
6958	278.41
6959	278.39001
6960	278.48999
6961	278.51001
6962	278.82999
6963	279.06
6964	279.20001
6965	279.20001
6966	279.51999
6967	279.69
6968	279.76999
6969	279.82999
6970	279.92001
6971	279.92001
6972	279.92001
6973	280.10001
6974	279.94
6975	279.98001
6976	279.98001
6977	280
6978	279.89001
6979	279.94
6980	279.69
6981	279.69
6982	279.60001
6983	279.69
6984	279.87
6985	280
6986	280.04001
6987	280.19
6988	280.23001
6989	280.12
6990	280.17001
6991	280.19
6992	280.23001
6993	280.14999
6994	280.23001
6995	280.20999
6996	280.23001
6997	280.23001
6998	280.14999
6999	280.26999
7000	280.35001
7001	280.64999
7002	280.84
7003	281
7004	281
7005	281.25
7006	281.25
7007	281.35999
7008	281.35999
7009	281.20999
7010	280.95999
7011	280.95999
7012	280.84
7013	280.56
7014	280.5
7015	280.42001
7016	280.42001
7017	280.5
7018	280.48001
7019	280.57999
7020	280.69
7021	280.81
7022	280.94
7023	280.94
7024	280.94
7025	280.89999
7026	280.92001
7027	281.07001
7028	280.92001
7029	280.88
7030	280.88
7031	280.70999
7032	280.73001
7033	280.56
7034	280.54001
7035	280.5
7036	280.5
7037	280.44
7038	280.51999
7039	280.63
7040	280.70999
7041	280.95999
7042	281.29999
7043	281.29999
7044	281.57001
7045	281.54999
7046	281.54999
7047	281.38
7048	281.23001
7049	281.14999
7050	281.10999
7051	280.95999
7052	280.98001
7053	281.01999
7054	280.98001
7055	281.09
7056	281.13
7057	281.04001
7058	280.94
7059	280.98001
7060	281.04001
7061	281.01999
7062	280.95999
7063	281.01999
7064	281.04001
7065	280.92001
7066	280.81
7067	280.88
7068	280.88
7069	280.85999
7070	280.92001
7071	280.98001
7072	281.14999
7073	281.17001
7074	281.09
7075	281.09
7076	281.04001
7077	280.95999
7078	280.94
7079	280.88
7080	280.92001
7081	281.01999
7082	281.01999
7083	281.09
7084	281.09
7085	281.26999
7086	281.54999
7087	281.73001
7088	281.76001
7089	281.82001
7090	281.89999
7091	281.85999
7092	281.84
7093	281.76001
7094	281.76001
7095	281.70999
7096	281.73001
7097	281.63
7098	281.60999
7099	281.57001
7100	281.70999
7101	281.79999
7102	281.89999
7103	281.94
7104	282.01001
7105	281.95999
7106	281.82001
7107	281.82001
7108	281.64999
7109	281.48001
7110	281.45999
7111	281.45999
7112	281.45999
7113	281.5
7114	281.5
7115	281.45999
7116	281.45999
7117	281.39999
7118	281.44
7119	281.5
7120	281.54999
7121	281.67001
7122	281.78
7123	281.73001
7124	281.64999
7125	281.42001
7126	281.44
7127	281.39999
7128	281.42001
7129	281.39999
7130	281.35999