1	71.69
2	72.06
3	71.98
4	72.15
5	72.04
6	72.48
7	72.51
8	71.81
9	71.87
10	71.92
11	71.89
12	72.32
13	72.06
14	71.79
15	72.19
16	72.36
17	71.64
18	72
19	72.36
20	72.38
21	71.87
22	72.29
23	71.87
24	72.67
25	72.06
26	71.81
27	72.29
28	71.66
29	72.3
30	72.4
31	71.9
32	71.89
33	72.65
34	71.62
35	72
36	71.83
37	71.81
38	72.57
39	72.29
40	72.3
41	72.71
42	71.62
43	72.25
44	71.6
45	72.13
46	72.72
47	71.83
48	72.59
49	72.29
50	71.92
51	72.29
52	72.59
53	72.17
54	72.23
55	72.11
56	71.96
57	72.23
58	71.85
59	71.71
60	72.04
61	71.31
62	71.98
63	72
64	71.47
65	71.54
66	72.3
67	71.77
68	71.87
69	71.94
70	72.06
71	71.68
72	72.17
73	72.48
74	71.83
75	71.69
76	72.29
77	72.29
78	72.06
79	71.71
80	72.51
81	73.12
82	72.27
83	72.4
84	72.19
85	72.57
86	73.01
87	73.32
88	73.14
89	73.12
90	72.97
91	73.35
92	73.56
93	73.26
94	73.12
95	73.68
96	73.53
97	73.6
98	73.79
99	73.07
100	73.7
101	73.33
102	73.75
103	73.83
104	74.02
105	74.21
106	73.89
107	73.32
108	73.53
109	74.21
110	74.23
111	74.59
112	74.29
113	73.89
114	73.98
115	73.77
116	74.23
117	74.61
118	74.1
119	73.66
120	73.75
121	74.02
122	73.87
123	73.98
124	73.96
125	73.83
126	73.95
127	73.81
128	73.96
129	73.87
130	73.32
131	73.45
132	73.96
133	73.98
134	74
135	73.91
136	73.98
137	74.17
138	74.21
139	74.31
140	74.25
141	74.35
142	74.35
143	74.12
144	74.14
145	74.21
146	74.63
147	74.52
148	74.52
149	74.21
150	74.35
151	74.84
152	74.35
153	74.59
154	74.38
155	74.48
156	74.36
157	74.48
158	74.31
159	74.75
160	74.96
161	75.09
162	74.46
163	74.94
164	74.48
165	74.35
166	74.38
167	74.06
168	74.36
169	74.77
170	74.75
171	74.54
172	74.98
173	75.53
174	74.96
175	74.73
176	74.77
177	74.12
178	74.31
179	74.1
180	74.61
181	74.08
182	74.54
183	74.84
184	74.17
185	74.33
186	74.31
187	74.33
188	74.67
189	74.78
190	74.08
191	74.48
192	74.52
193	74.71
194	75.01
195	74.4
196	74.44
197	74.57
198	74.61
199	75.26
200	74.33
201	75.07
202	74.99
203	75.09
204	74.96
205	74.69
206	74.98
207	74.69
208	75.09
209	74.88
210	74.44
211	75.05
212	75.07
213	75.45
214	74.73
215	75.51
216	74.82
217	74.94
218	75.18
219	74.54
220	74.99
221	75.13
222	74.75
223	74.73
224	74.5
225	74.61
226	75.28
227	74.94
228	74.96
229	74.48
230	74.92
231	75.13
232	74.73
233	75.28
234	74.31
235	74.27
236	74.69
237	74.86
238	74.35
239	74.29
240	74.99
241	74.35
242	75.62
243	75.13
244	75.09
245	74.67
246	75.09
247	74.73
248	75.26
249	75.05
250	74.42
251	74.59
252	74.86
253	74.71
254	74.8
255	74.4
256	74.82
257	74.46
258	74.21
259	74.65
260	74.88
261	74.9
262	74.27
263	74.48
264	74.42
265	74.56
266	73.98
267	73.75
268	72.97
269	72.99
270	72.19
271	71.64
272	71.47
273	71.12
274	71.03
275	70.57
276	70.3
277	70.05
278	69.75
279	69.71
280	69.94
281	69.96
282	69.96
283	70.23
284	70.17
285	69.86
286	69.86
287	70.42
288	69.73
289	70.63
290	70.44
291	70.38
292	70.36
293	70.57
294	70.61
295	70.49
296	70.24
297	70
298	71.01
299	71.03
300	70.97
301	71.29
302	71.39
303	71.43
304	71.22
305	71.62
306	71.66
307	71.22
308	71.27
309	71.69
310	71.98
311	71.98
312	71.9
313	71.64
314	71.89
315	71.75
316	71.79
317	71.79
318	71.94
319	71.87
320	71.77
321	71.73
322	72.06
323	71.9
324	72.04
325	71.66
326	71.6
327	72.06
328	72.09
329	72.04
330	72.06
331	72
332	72.4
333	72.13
334	72.29
335	72
336	71.75
337	71.77
338	72.06
339	72.06
340	72.25
341	71.47
342	72
343	72.06
344	72.15
345	72.17
346	71.14
347	71.24
348	71.6
349	72
350	71.45
351	71.48
352	71.77
353	72.02
354	71.27
355	71.56
356	71.6
357	72.13
358	71.66
359	71.87
360	72.13
361	71.77
362	72.04
363	72.17
364	71.6
365	72.06
366	72.34
367	71.77
368	72.5
369	72.72
370	72.04
371	72.15
372	72.29
373	71.9
374	72.13
375	72.08
376	72.15
377	72.97
378	72.19
379	72.27
380	72.44
381	72.06
382	72.32
383	71.73
384	72.5
385	72.3
386	71.87
387	72.09
388	72.72
389	72.8
390	72.11
391	72.53
392	72.36
393	72.04
394	72.13
395	72.36
396	72.76
397	72.29
398	72.63
399	72.65
400	72.13
401	72.25
402	72.53
403	72.67
404	72.36
405	72.46
406	72.92
407	72.34
408	72.32
409	72.51
410	72.8
411	72.67
412	72.61
413	72.32
414	72.65
415	72.88
416	72.59
417	72.44
418	71.52
419	71.85
420	72.25
421	72
422	72.51
423	72.06
424	72.42
425	72.34
426	71.98
427	72.55
428	72.32
429	72.61
430	72.57
431	72.74
432	72.8
433	72.44
434	72.34
435	72.32
436	72.27
437	72.32
438	72.29
439	72.17
440	72.08
441	72.17
442	72.36
443	72.25
444	72.51
445	72.15
446	72.78
447	72.29
448	72.32
449	72.86
450	72.21
451	72.04
452	72.15
453	72.44
454	72.67
455	72.29
456	72.44
457	72.78
458	72.57
459	72.53
460	73.11
461	72.9
462	72.55
463	72.78
464	72.78
465	72.51
466	72.5
467	72.74
468	72.82
469	72.25
470	72.59
471	72.3
472	72.34
473	72.5
474	72.29
475	72.02
476	72.27
477	72.48
478	72.74
479	72.84
480	72.17
481	72.13
482	71.69
483	72.19
484	72.67
485	72.61
486	72.44
487	72.72
488	72.5
489	72.71
490	72.04
491	72.25
492	72.29
493	72.46
494	72.65
495	72.09
496	72.61
497	72.46
498	72.71
499	72.93
500	72.27
501	72.46
502	72.36
503	71.98
504	73.14
505	72.72
506	72.82
507	72.23
508	72.93
509	72.51
510	72.63
511	72.97
512	72.13
513	72.51
514	73.01
515	72.53
516	73.2
517	72.42
518	72.57
519	72.95
520	72.38
521	72.76
522	72.71
523	72.27
524	73.12
525	72.57
526	72.3
527	72.8
528	72.88
529	72.19
530	72.72
531	72.71
532	73.51
533	72.3
534	72.63
535	72.88
536	72.38
537	72.3
538	72.46
539	72.76
540	72.13
541	72.63
542	72.5
543	72.99
544	72.99
545	72.65
546	72.57
547	72.67
548	72.46
549	72.42
550	71.98
551	72.09
552	72.46
553	73.03
554	72.69
555	72.11
556	72.63
557	73.01
558	73.11
559	72.74
560	73.24
561	73.43
562	73.47
563	73.16
564	73.22
565	73.64
566	74.15
567	73.98
568	73.45
569	73.45
570	74.46
571	74.19
572	74.44
573	74.14
574	73.75
575	74.04
576	74.21
577	74.46
578	74.44
579	74.19
580	74.48
581	74.69
582	74.44
583	74.77
584	74.63
585	74.23
586	73.87
587	74.23
588	74.57
589	74.36
590	74.44
591	74.8
592	75.24
593	74.65
594	74.02
595	73.98
596	74.1
597	74.65
598	74.35
599	75.03
600	74.98
601	74.67
602	74.4
603	74.71
604	74.69
605	74.54
606	74.86
607	74.57
608	74.21
609	74.42
610	74.02
611	74.98
612	73.98
613	74.19
614	74.44
615	74.25
616	74.38
617	74.1
618	74.38
619	74.21
620	74.29
621	74.14
622	74.19
623	74.23
624	74.23
625	74.73
626	74.9
627	74.29
628	74.44
629	74.73
630	74.29
631	74.92
632	74.82
633	74.57
634	75.2
635	75.17
636	74.9
637	75.15
638	74.65
639	74.9
640	74.88
641	74.98
642	75.11
643	74.61
644	74.86
645	74.75
646	74.88
647	74.92
648	74.94
649	75.15
650	75.09
651	74.61
652	74.94
653	74.75
654	74.9
655	75.6
656	74.96
657	74.86
658	74.67
659	74.75
660	74.92
661	75.39
662	74.71
663	75.22
664	74.61
665	74.98
666	75.45
667	74.78
668	74.86
669	74.96
670	74.88
671	74.38
672	74.5
673	74.42
674	74.99
675	74.31
676	74.46
677	75.18
678	75.2
679	74.98
680	74.67
681	74.84
682	75.57
683	75.55
684	74.65
685	75.28
686	75.24
687	75.51
688	74.42
689	74.86
690	74.92
691	74.78
692	75.15
693	75.2
694	74.77
695	74.92
696	75.26
697	74.9
698	75.01
699	75.34
700	75.01
701	75.15
702	75.26
703	75.55
704	75.17
705	74.98
706	75.03
707	74.92
708	74.88
709	75.39
710	75.05
711	75.05
712	75.57
713	75.43
714	75.36
715	75.45
716	74.8
717	75.07
718	75.41
719	75.01
720	74.94
721	74.94
722	74.75
723	74.33
724	74.38
725	74.88
726	74.96
727	74.92
728	74.8
729	75.2
730	74.67
731	75.11
732	75.36
733	74.98
734	75.26
735	75.05
736	75.17
737	74.23
738	74.59
739	74.77
740	74
741	74.06
742	73.7
743	73.09
744	72.5
745	72.15
746	71.89
747	71.01
748	70.86
749	71.24
750	71.48
751	70.42
752	70.51
753	70.49
754	70.82
755	70.34
756	70.45
757	71.12
758	71.01
759	70.3
760	70.7
761	70.8
762	71.22
763	71.29
764	70.78
765	70.66
766	71.62
767	71.47
768	71.43
769	72.02
770	71.62
771	71.33
772	71.71
773	71.56
774	71.79
775	72.09
776	72.21
777	72.36
778	72.38
779	72.06
780	72.09
781	71.6
782	71.69
783	72.29
784	72.72
785	72.15
786	72.08
787	72.17
788	72.44
789	71.9
790	71.89
791	72.15
792	71.9
793	71.94
794	71.83
795	72.27
796	72.57
797	72.69
798	72.59
799	72.34
800	72.42
801	72.53
802	72.5
803	72.38
804	72.38
805	71.94
806	72.3
807	72.15
808	72.27
809	72.42
810	72.84
811	72.69
812	72.5
813	72.57
814	72.8
815	72.02
816	72.13
817	72.57
818	72.84
819	72.63
820	72.67
821	72.53
822	72.71
823	72.5
824	72.65
825	72.93
826	72.72
827	72.82
828	72.27
829	72.17
830	72.34
831	72.4
832	71.92
833	72.36
834	72.42
835	72.51
836	72.5
837	72.63
838	72.63
839	72.51
840	72.27
841	72.63
842	72.29
843	72.46
844	73.58
845	71.87
846	71.87
847	72.08
848	72.67
849	71.79
850	71.69
851	72.17
852	72.9
853	72.11
854	72.04
855	72.74
856	72.61
857	72
858	72.44
859	72.67
860	72.9
861	72.32
862	72.27
863	73.05
864	72.61
865	72.93
866	73.18
867	72.27
868	72.55
869	72.59
870	72.17
871	72.93
872	72.61
873	72.23
874	72.36
875	72.34
876	72.71
877	72.29
878	72.34
879	72.09
880	72.57
881	73.16
882	72.48
883	72.67
884	72.61
885	72.21
886	72.67
887	72.21
888	72.61
889	72.99
890	72.4
891	72.93
892	72.36
893	72.67
894	72.59
895	72.86
896	72.72
897	72.02
898	72.5
899	72.23
900	72.36
901	72.15
902	72.44
903	72.25
904	71.98
905	72.48
906	72.72
907	71.85
908	72.65
909	72.48
910	72.13
911	72.3
912	72.86
913	72.13
914	72.25
915	72.36
916	72.21
917	72.51
918	72.4
919	72.44
920	72.82
921	72.34
922	72.86
923	73.09
924	73.09
925	72.74
926	72.88
927	72.84
928	73.09
929	72.55
930	72.38
931	72.72
932	73.09
933	72.92
934	72.3
935	72.69
936	72.84
937	72.84
938	72.93
939	72.76
940	72.38
941	72.51
942	72.69
943	72.74
944	72.63
945	72.69
946	73.05
947	72.13
948	72.51
949	72.48
950	72.44
951	73.05
952	72.72
953	72.48
954	72.61
955	72.32
956	72.27
957	72.02
958	71.98
959	72.25
960	72.42
961	72.5
962	72.13
963	71.9
964	72.08
965	72.74
966	72.76
967	72.78
968	72.61
969	72.32
970	72.53
971	72.32
972	72.53
973	72.78
974	72.53
975	72.11
976	72.53
977	72.69
978	72.82
979	72.61
980	72.5
981	72.46
982	73.01
983	72.82
984	72.69
985	72.42
986	72.92
987	72.95
988	72.9
989	72.99
990	72.8
991	73.26
992	72.88
993	72.97
994	73.05
995	72.5
996	72.59
997	72.25
998	72.72
999	72.51
1000	72.27
1001	72.23
1002	72.06
1003	72.44
1004	72.63
1005	72.65
1006	72.86
1007	72.5
1008	72.25
1009	72.55
1010	72.74
1011	72.38
1012	73.07
1013	72.82
1014	72.53
1015	72.21
1016	73.2
1017	72.69
1018	72.38
1019	72.46
1020	72.67
1021	73.18
1022	71.92
1023	72.42
1024	72.65
1025	72.42
1026	72.29
1027	72.23
1028	72.72
1029	72.17
1030	72.57
1031	72.97
1032	72.76
1033	73.35
1034	73.45
1035	73.2
1036	73.07
1037	73.72
1038	73.54
1039	73.54
1040	74.14
1041	73.64
1042	73.72
1043	73.47
1044	73.93
1045	74.15
1046	74.06
1047	74.04
1048	74.06
1049	73.98
1050	74.52
1051	73.98
1052	73.77
1053	74.12
1054	74.63
1055	74.52
1056	73.98
1057	74.4
1058	74.15
1059	74.35
1060	74.44
1061	74.02
1062	74.52
1063	74.14
1064	74.08
1065	74.38
1066	73.79
1067	73.77
1068	74.21
1069	74.15
1070	74.02
1071	74.29
1072	75.36
1073	74.42
1074	74.33
1075	74.78
1076	74.71
1077	74.04
1078	74.04
1079	74.99
1080	74.4
1081	74.23
1082	74.61
1083	74.46
1084	74.04
1085	73.91
1086	74
1087	74.02
1088	74.4
1089	73.54
1090	74.29
1091	74.75
1092	74.65
1093	75.18
1094	74.02
1095	73.89
1096	73.87
1097	74.57
1098	75.17
1099	74.71
1100	75.11
1101	74.86
1102	74.23
1103	74.98
1104	74.78
1105	74.38
1106	74.57
1107	75.26
1108	74.9
1109	74.98
1110	74.73
1111	74.78
1112	74.69
1113	74.86
1114	75.11
1115	74.92
1116	74.96
1117	74.92
1118	74.75
1119	74.48
1120	74.78
1121	74.75
1122	74.46
1123	74.84
1124	74.67
1125	74.67
1126	74.27
1127	74.59
1128	74.42
1129	74.5
1130	74.44
1131	74.52
1132	74.69
1133	75.09
1134	74.98
1135	75.01
1136	75.2
1137	74.77
1138	74.71
1139	74.73
1140	74.52
1141	74.44
1142	74.33
1143	74.67
1144	74.02
1145	74.35
1146	74.46
1147	74.17
1148	74.27
1149	74.4
1150	74.17
1151	74.56
1152	74.42
1153	74.52
1154	74.59
1155	74.8
1156	74.78
1157	74.35
1158	74.44
1159	74.92
1160	74.42
1161	74.77
1162	74.38
1163	74.56
1164	74.63
1165	74.54
1166	74.82
1167	75.18
1168	75.01
1169	74.92
1170	74.92
1171	75.49
1172	75.22
1173	75.68
1174	75.22
1175	75.18
1176	75.07
1177	74.99
1178	74.94
1179	75.32
1180	74.77
1181	74.84
1182	75.24
1183	75.24
1184	75.62
1185	74.9
1186	75.49
1187	75.41
1188	75.41
1189	74.5
1190	75.03
1191	75.03
1192	75.15
1193	74.67
1194	74.96
1195	75.43
1196	74.86
1197	74.82
1198	74.71
1199	74.57
1200	74.77
1201	74.67
1202	75.11
1203	74.36
1204	74.92
1205	74.98
1206	74.17
1207	74.67
1208	74.77
1209	75.53
1210	74.38
1211	74.57
1212	74.21
1213	73.87
1214	74.29
1215	73.96
1216	73.6
1217	73.35
1218	73.03
1219	72.17
1220	72.06
1221	71.98
1222	71.41
1223	71.1
1224	71.12
1225	71.16
1226	70.45
1227	70.57
1228	70.36
1229	70.24
1230	70.53
1231	70.44
1232	70.95
1233	70.11
1234	70.34
1235	70.45
1236	70.74
1237	70.49
1238	70.65
1239	70.53
1240	70.86
1241	70.66
1242	70.8
1243	70.84
1244	71.45
1245	71.64
1246	71.29
1247	71.35
1248	71.39
1249	71.26
1250	71.48
1251	71.54
1252	71.48
1253	71.71
1254	71.39
1255	71.71
1256	71.83
1257	71.37
1258	71.56
1259	71.81
1260	71.69
1261	71.12
1262	71.73
1263	71.26
1264	71.6
1265	71.83
1266	71.64
1267	71.68
1268	71.87
1269	71.94
1270	71.68
1271	72
1272	72.15
1273	72.25
1274	71.96
1275	71.92
1276	72.02
1277	71.71
1278	71.87
1279	71.98
1280	71.77
1281	72.04
1282	72.32
1283	72.3
1284	71.9
1285	72.38
1286	72.15
1287	72.3
1288	72.06
1289	72.46
1290	71.71
1291	72
1292	72.59
1293	72.25
1294	72
1295	72
1296	71.89
1297	71.73
1298	71.79
1299	71.71
1300	71.77
1301	71.85
1302	71.39
1303	72.21
1304	72.17
1305	72.25
1306	72.21
1307	72.17
1308	72.27
1309	71.64
1310	71.77
1311	72.21
1312	72.02
1313	71.98
1314	72.17
1315	71.98
1316	71.94
1317	71.89
1318	71.6
1319	72.11
1320	71.96
1321	72.5
1322	72.15
1323	71.58
1324	71.75
1325	71.79
1326	71.96
1327	72.3
1328	72.04
1329	72.29
1330	72.25
1331	71.73
1332	71.68
1333	72.21
1334	72.25
1335	72.38
1336	72.48
1337	71.94
1338	72.27
1339	72.42
1340	72.38
1341	72.38
1342	71.94
1343	72.21
1344	72.19
1345	72.08
1346	72.34
1347	72.48
1348	71.89
1349	72.04
1350	72
1351	72.4
1352	72.34
1353	72.3
1354	71.98
1355	71.87
1356	71.96
1357	71.87
1358	72.32
1359	72.08
1360	72.25
1361	72.69
1362	71.96
1363	71.79
1364	71.68
1365	72.08
1366	71.94
1367	72.06
1368	72.21
1369	72.02
1370	72.69
1371	72.4
1372	72.19
1373	72.19
1374	72.17
1375	72.25
1376	72.13
1377	72.32
1378	72.29
1379	72.57
1380	72.25
1381	72.21
1382	71.58
1383	71.87
1384	71.66
1385	72.08
1386	71.96
1387	72.42
1388	72.3
1389	72.59
1390	72.21
1391	72.15
1392	72
1393	72.17
1394	72.21
1395	72.29
1396	72.21
1397	73.05
1398	72.63
1399	72.19
1400	72.21
1401	72.27
1402	71.87
1403	72.19
1404	72.25
1405	71.98
1406	72.19
1407	72.15
1408	72.34
1409	72.76
1410	72.76
1411	71.6
1412	72.42
1413	72.32
1414	72.65
1415	72
1416	72.36
1417	72.95
1418	72.4
1419	72.19
1420	72.11
1421	72.27
1422	72.15
1423	72.61
1424	72.09
1425	72.34
1426	72.8
1427	72.29
1428	71.94
1429	72.13
1430	72.15
1431	72.08
1432	72.36
1433	72.9
1434	72.21
1435	72.13
1436	71.83
1437	71.54
1438	72.17
1439	71.77
1440	71.75
1441	71.9
1442	71.92
1443	72.23
1444	72.55
1445	72.23
1446	72.09
1447	72.29
1448	72.11
1449	72.3
1450	71.77
1451	71.68
1452	72.09
1453	72.59
1454	72.25
1455	72.38
1456	72.27
1457	72.08
1458	72.06
1459	71.92
1460	72.25
1461	72.42
1462	72
1463	72.11
1464	72.08
1465	72.48
1466	72.5
1467	72.42
1468	72.42
1469	72
1470	71.77
1471	72.23
1472	72.13
1473	71.9
1474	72.25
1475	72.19
1476	71.98
1477	71.92
1478	72.21
1479	71.96
1480	72.82
1481	72.72
1482	72.4
1483	72.48
1484	72.48
1485	72.63
1486	72.57
1487	72.25
1488	72.46
1489	72.74
1490	72.48
1491	72.46
1492	72.48
1493	72.42
1494	71.9
1495	72.19
1496	72.36
1497	72.88
1498	72.42
1499	72.53
1500	72.57
1501	72.97
1502	72.63
1503	72.8
1504	73.3
1505	72.67
1506	72.3
1507	72.88
1508	72.92
1509	72.88
1510	73.07
1511	72.99
1512	73.01
1513	73.14
1514	73.33
1515	73.54
1516	73.05
1517	73.39
1518	73.37
1519	73.33
1520	73.14
1521	73.96
1522	73.68
1523	73.62
1524	73.87
1525	74.17
1526	74.44
1527	73.49
1528	74.17
1529	74.1
1530	74.1
1531	74.42
1532	74.1
1533	74.52
1534	74.17
1535	74.31
1536	74.31
1537	74.31
1538	74.4
1539	74.46
1540	74.15
1541	74.15
1542	74.27
1543	74.12
1544	74.02
1545	74.71
1546	74.46
1547	74.36
1548	74.25
1549	73.91
1550	74.5
1551	74.5
1552	74.57
1553	74.38
1554	74.77
1555	74.59
1556	74.35
1557	74.59
1558	74.48
1559	74.17
1560	74.29
1561	74.36
1562	73.98
1563	73.91
1564	73.96
1565	74.17
1566	74.71
1567	74.25
1568	73.91
1569	73.79
1570	73.91
1571	73.91
1572	73.85
1573	74.02
1574	74.19
1575	73.93
1576	73.98
1577	74.14
1578	74.25
1579	74.19
1580	74.12
1581	74
1582	74.36
1583	74.78
1584	74.17
1585	74.27
1586	74.33
1587	74.5
1588	74.71
1589	74.15
1590	74.36
1591	74.94
1592	74.65
1593	74.71
1594	74.29
1595	74.36
1596	74.8
1597	74.63
1598	74.04
1599	74.48
1600	74.56
1601	74.82
1602	74.4
1603	74.25
1604	74.23
1605	74.59
1606	74.31
1607	74.25
1608	74.19
1609	74.78
1610	74.65
1611	74.46
1612	74.75
1613	74.63
1614	74.35
1615	74.52
1616	74.59
1617	74.94
1618	74.99
1619	74.94
1620	74.99
1621	74.52
1622	74.38
1623	74.23
1624	74.46
1625	74.14
1626	74.52
1627	74.21
1628	74.25
1629	74.73
1630	74.65
1631	74.82
1632	75.05
1633	75.28
1634	75.07
1635	75.13
1636	74.56
1637	74.8
1638	74.98
1639	75.34
1640	74.73
1641	74.59
1642	74.52
1643	74.36
1644	75.26
1645	74.84
1646	75.22
1647	75.13
1648	75.62
1649	74.8
1650	75.05
1651	74.73
1652	75.05
1653	74.94
1654	74.67
1655	75.05
1656	75.09
1657	75.13
1658	75.11
1659	75.43
1660	75.26
1661	75.22
1662	74.9
1663	74.54
1664	74.63
1665	74.63
1666	74.99
1667	74.75
1668	74.71
1669	75.26
1670	75.28
1671	74.57
1672	74.69
1673	74.59
1674	74.44
1675	74.71
1676	74.61
1677	75.18
1678	74.98
1679	75.13
1680	74.75
1681	74.67
1682	74.61
1683	74.94
1684	74.8
1685	74.17
1686	73.72
1687	73.14
1688	73.18
1689	72.72
1690	72.4
1691	72.46
1692	71.85
1693	71.77
1694	71.05
1695	71.05
1696	70.95
1697	70.86
1698	70.4
1699	70.05
1700	69.92
1701	69.83
1702	69.46
1703	70.03
1704	69.94
1705	69.83
1706	70.19
1707	69.83
1708	70.24
1709	70.55
1710	70.21
1711	70.4
1712	70.09
1713	70.76
1714	70.72
1715	70.61
1716	70.82
1717	70.61
1718	71.2
1719	71.06
1720	71.41
1721	71.41
1722	71.45
1723	71.39
1724	71.89
1725	71.81
1726	71.75
1727	71.71
1728	71.73
1729	71.69
1730	71.75
1731	71.6
1732	71.48
1733	71.87
1734	72.04
1735	71.94
1736	71.66
1737	71.94
1738	71.69
1739	72
1740	72.02
1741	72.09
1742	71.92
1743	71.9
1744	71.89
1745	72.13
1746	72.61
1747	72.32
1748	72.06
1749	71.68
1750	72.23
1751	72.4
1752	71.98
1753	72.21
1754	72.27
1755	72.09
1756	71.94
1757	71.66
1758	72.38
1759	71.33
1760	71.58
1761	72.04
1762	71.89
1763	71.81
1764	71.92
1765	71.54
1766	72.13
1767	71.9
1768	72.08
1769	71.69
1770	72.46
1771	71.98
1772	72.13
1773	71.79
1774	72.19
1775	71.96
1776	71.92
1777	72.74
1778	72
1779	72.67
1780	72.09
1781	72.15
1782	71.92
1783	72.29
1784	72.15
1785	72
1786	72.71
1787	72.32
1788	72.08
1789	72.71
1790	72.4
1791	72.46
1792	72.23
1793	72.29
1794	72.06
1795	72.17
1796	71.89
1797	72.8
1798	71.9
1799	72.11
1800	71.64
1801	72.76
1802	72.53
1803	72.11
1804	71.71
1805	72.78
1806	71.94
1807	72.15
1808	71.69
1809	72.8
1810	72.09
1811	72.11
1812	72.4
1813	72.13
1814	72.61
1815	72.3
1816	72.15
1817	72.25
1818	72.69
1819	72.3
1820	71.81
1821	71.54
1822	71.56
1823	71.73
1824	71.92
1825	71.64
1826	71.83
1827	72.48
1828	72.19
1829	72.06
1830	72.34
1831	72.86
1832	72.13
1833	72.42
1834	71.73
1835	72.63
1836	72.38
1837	72.15
1838	72.44
1839	72.17
1840	72.32
1841	72.63
1842	72.19
1843	72.65
1844	72.13
1845	71.96
1846	72.72
1847	71.87
1848	72.78
1849	71.96
1850	72.32
1851	72.48
1852	72.06
1853	71.83
1854	72.11
1855	72.06
1856	71.83
1857	72.51
1858	71.81
1859	71.9
1860	72.57
1861	73.24
1862	72.36
1863	72.27
1864	72.29
1865	72.06
1866	72.4
1867	72.51
1868	72.09
1869	72.15
1870	72.02
1871	72.15
1872	72.27
1873	72.46
1874	72.29
1875	72.38
1876	71.96
1877	71.89
1878	71.79
1879	72.23
1880	72.57
1881	72.46
1882	72.19
1883	71.85
1884	71.81
1885	71.47
1886	71.89
1887	72.65
1888	72.02
1889	71.96
1890	71.98
1891	72.08
1892	72.06
1893	71.6
1894	72.17
1895	73.24
1896	72.09
1897	72.36
1898	72.34
1899	72.53
1900	72.15
1901	72.04
1902	72.06
1903	71.73
1904	72.38
1905	72.61
1906	72.63
1907	72.71
1908	72.36
1909	72.25
1910	72.09
1911	71.94
1912	71.89
1913	71.96
1914	72.48
1915	72.69
1916	72.63
1917	72.48
1918	72.38
1919	72.5
1920	72.17
1921	72.09
1922	72.17
1923	71.81
1924	71.98
1925	72.09
1926	72.32
1927	72.4
1928	72.46
1929	72.27
1930	72.23
1931	72.29
1932	71.69
1933	72.55
1934	71.73
1935	72.21
1936	72.55
1937	72.69
1938	72.3
1939	72.11
1940	71.9
1941	71.96
1942	72.11
1943	72.11
1944	71.94
1945	71.85
1946	72.51
1947	72.32
1948	72.02
1949	72.38
1950	72.25
1951	72.3
1952	72.06
1953	72.04
1954	72.63
1955	71.89
1956	71.81
1957	71.94
1958	72.44
1959	72
1960	72.46
1961	72.08
1962	73.16
1963	72.36
1964	72.63
1965	72.71
1966	72.19
1967	72.36
1968	72.53
1969	72.11
1970	71.98
1971	71.96
1972	72.48
1973	72.53
1974	72.76
1975	72.55
1976	73.12
1977	72.69
1978	72.76
1979	73.01
1980	73.12
1981	72.97
1982	72.84
1983	73.54
1984	73.68
1985	73.83
1986	73.37
1987	73.68
1988	73.53
1989	73.7
1990	73.28
1991	73.37
1992	73.89
1993	73.43
1994	73.98
1995	73.81
1996	73.79
1997	73.22
1998	73.3
1999	73.74
2000	73.33
2001	73.47
2002	73.47
2003	74.23
2004	73.96
2005	74.12
2006	73.81
2007	73.72
2008	74.04
2009	73.66
2010	73.74
2011	74.23
2012	74.12
2013	74.15
2014	74.12
2015	74.29
2016	73.95
2017	74.29
2018	74.06
2019	73.98
2020	73.75
2021	74.48
2022	74.31
2023	74.59
2024	74.46
2025	74.38
2026	74.33
2027	74.12
2028	73.96
2029	74.61
2030	74.44
2031	74.99
2032	74.52
2033	74.46
2034	74.48
2035	74.21
2036	74.17
2037	74.63
2038	74.9
2039	74.73
2040	74.36
2041	74.27
2042	74.08
2043	74.23
2044	74.33
2045	74.15
2046	74.17
2047	74.04
2048	74.25
2049	73.77
2050	74.61
2051	74.67
2052	74.38
2053	74.15
2054	74.5
2055	73.93
2056	74.48
2057	74.67
2058	74.57
2059	74.35
2060	73.96
2061	74.71
2062	74.88
2063	74.56
2064	74.52
2065	74.61
2066	74.82
2067	74.86
2068	74.54
2069	74.54
2070	74.61
2071	74.86
2072	74.71
2073	74.63
2074	74.5
2075	74.33
2076	74.56
2077	74.92
2078	75.13
2079	74.78
2080	74.54
2081	74.94
2082	75.11
2083	74.69
2084	74.88
2085	74.48
2086	75.05
2087	74.86
2088	74.82
2089	74.31
2090	74.08
2091	74.35
2092	74.96
2093	74.56
2094	74.73
2095	74.42
2096	74.61
2097	75.07
2098	74.48
2099	74.8
2100	74.57
2101	74.33
2102	75.05
2103	74.78
2104	75.07
2105	74.75
2106	74.78
2107	74.92
2108	75.3
2109	75.34
2110	74.78
2111	74.65
2112	74.9
2113	74.71
2114	75.3
2115	74.77
2116	75.09
2117	74.69
2118	74.67
2119	74.67
2120	75.32
2121	74.92
2122	74.69
2123	74.63
2124	74.67
2125	75.32
2126	74.99
2127	74.98
2128	74.86
2129	74.92
2130	75.39
2131	75.43
2132	75.32
2133	74.88
2134	75.09
2135	74.94
2136	75.32
2137	75.55
2138	75.28
2139	75.26
2140	74.94
2141	75.07
2142	75.22
2143	74.48
2144	74.84
2145	74.63
2146	74.46
2147	74.56
2148	75.01
2149	74.94
2150	74.5
2151	74.04
2152	73.95
2153	74.12
2154	73.7
2155	73.85
2156	74.61
2157	75.01
2158	74.27
2159	74.4
2160	74.27
2161	74.19
2162	73.87
2163	73.51
2164	73.74
2165	73.41
2166	72.44
2167	72.08
2168	72
2169	71.58
2170	70.93
2171	71.43
2172	71.22
2173	70.97
2174	70.47
2175	70.61
2176	70.17
2177	70.03
2178	69.9
2179	70.28
2180	70.28
2181	70.19
2182	70.4
2183	70.66
2184	70.28
2185	70.63
2186	70.4
2187	70.45
2188	70.66
2189	70.78
2190	70.91
2191	71.56
2192	71.22
2193	71.58
2194	71.24
2195	71.05
2196	71.22
2197	71.06
2198	71.52
2199	71.31
2200	71.31
2201	71.2
2202	71.89
2203	72.13
2204	72.17
2205	72.15
2206	72.19
2207	71.9
2208	71.71
2209	71.94
2210	72
2211	71.79
2212	71.69
2213	71.52
2214	71.81
2215	71.77
2216	71.75
2217	71.9
2218	71.69
2219	71.39
2220	70.99
2221	71.33
2222	71.06
2223	70.93
2224	71.33
2225	71.1
2226	71.47
2227	71.45
2228	72.27
2229	71.96
2230	72
2231	72.06
2232	71.98
2233	72.36
2234	71.75
2235	71.92
2236	71.41
2237	71.96
2238	72.21
2239	72.09
2240	71.94
2241	71.77
2242	71.9
2243	71.98
2244	72
2245	71.81
2246	71.94
2247	72.67
2248	72.04
2249	71.96
2250	71.73
2251	72.02
2252	72.04
2253	71.89
2254	72.23
2255	71.92
2256	72.34
2257	72.25
2258	72.44
2259	72.32
2260	72
2261	72.21
2262	72.15
2263	72.04
2264	72
2265	72.06
2266	71.89
2267	72.17
2268	72.38
2269	72.15
2270	72.09
2271	72.4
2272	72.3
2273	72.15
2274	72.02
2275	71.98
2276	72
2277	71.64
2278	71.73
2279	71.87
2280	72.17
2281	71.79
2282	71.96
2283	72.15
2284	72.21
2285	71.68
2286	71.96
2287	71.58
2288	72.61
2289	72.5
2290	72.19
2291	72.93
2292	72.25
2293	72.21
2294	72.36
2295	72.3
2296	72.13
2297	72
2298	71.66
2299	71.81
2300	71.6
2301	71.26
2302	72.29
2303	71.6
2304	71.83
2305	71.89
2306	71.89
2307	71.6
2308	71.92
2309	71.92
2310	72.21
2311	72.11
2312	72.38
2313	72.53
2314	72.09
2315	72.13
2316	72.04
2317	71.9
2318	72
2319	72
2320	71.87
2321	71.89
2322	72
2323	72.78
2324	72.34
2325	72.69
2326	72.4
2327	72.69
2328	72.44
2329	72.15
2330	72.08
2331	72.04
2332	72.08
2333	72.27
2334	71.47
2335	72.29
2336	72.17
2337	72.4
2338	72.29
2339	72.72
2340	72.65
2341	72.55
2342	72.21
2343	72.61
2344	72.53
2345	72.13
2346	72.3
2347	72.27
2348	72.27
2349	72.23
2350	72
2351	72.11
2352	71.73
2353	71.96
2354	72.04
2355	71.98
2356	72.04
2357	72.4
2358	71.94
2359	72.23
2360	72.23
2361	72.57
2362	72.36
2363	72.34
2364	71.83
2365	72.09
2366	72.48
2367	71.73
2368	71.71
2369	71.79
2370	72.27
2371	72.08
2372	72.17
2373	72.61
2374	72.21
2375	72.38
2376	71.92
2377	72.34
2378	72.23
2379	72.57
2380	71.92
2381	72.09
2382	72
2383	71.94
2384	71.83
2385	71.68
2386	71.89
2387	72.15
2388	72.3
2389	72.02
2390	72.08
2391	72.34
2392	72.3
2393	72.44
2394	72.27
2395	72.11
2396	72.8
2397	72.19
2398	72.29
2399	72.21
2400	72.15
2401	71.79
2402	71.77
2403	72.11
2404	72.17
2405	71.81
2406	72.21
2407	72.09
2408	72.48
2409	72.57
2410	72.32
2411	71.83
2412	71.94
2413	71.94
2414	71.89
2415	72.08
2416	71.94
2417	71.87
2418	72.06
2419	72.51
2420	71.83
2421	71.31
2422	71.39
2423	71.73
2424	72.08
2425	72.15
2426	71.87
2427	72.15
2428	72.11
2429	72.04
2430	71.81
2431	72.27
2432	71.79
2433	71.6
2434	71.98
2435	72.23
2436	71.81
2437	72.44
2438	72.34
2439	73.01
2440	72.02
2441	72.17
2442	72.25
2443	72.32
2444	72.67
2445	72.09
2446	72.46
2447	72.8
2448	72.32
2449	72.51
2450	72.46
2451	72.32
2452	72.44
2453	72.57
2454	72.86
2455	72.97
2456	73.39
2457	73.81
2458	73.47
2459	73.79
2460	73.7
2461	73.47
2462	73.43
2463	73.51
2464	73.98
2465	73.72
2466	73.75
2467	73.62
2468	73.79
2469	74.19
2470	73.72
2471	73.89
2472	73.53
2473	73.87
2474	73.79
2475	73.81
2476	73.98
2477	73.49
2478	73.66
2479	73.6
2480	73.79
2481	73.72
2482	73.85
2483	74.17
2484	74.35
2485	74.57
2486	73.49
2487	73.72
2488	73.81
2489	73.98
2490	73.74
2491	74.44
2492	74.19
2493	73.93
2494	74.31
2495	73.96
2496	74.02
2497	74.44
2498	74.35
2499	74.36
2500	74.25
2501	73.74
2502	74.17
2503	74.36
2504	74.19
2505	74.36
2506	74.38
2507	74.63
2508	74.21
2509	74.44
2510	74.14
2511	74.36
2512	74.42
2513	74.21
2514	74.35
2515	74.57
2516	74.14
2517	74.25
2518	74.06
2519	74.06
2520	74.38
2521	74.46
2522	74.71
2523	74.65
2524	74.29
2525	73.81
2526	73.66
2527	73.89
2528	73.83
2529	73.74
2530	74
2531	74.04
2532	74
2533	74.15
2534	74.35
2535	73.85
2536	74.06
2537	73.81
2538	74.35
2539	74.33
2540	74.84
2541	74.78
2542	74.92
2543	74.29
2544	74.31
2545	74.36
2546	74.94
2547	75.07
2548	74.46
2549	75.38
2550	74.92
2551	74.96
2552	74.94
2553	74.48
2554	74.35
2555	74.42
2556	74.84
2557	74.73
2558	74.96
2559	74.82
2560	74.78
2561	74.57
2562	74.77
2563	74.98
2564	74.94
2565	74.82
2566	75.05
2567	74.92
2568	74.56
2569	74.44
2570	74.61
2571	75.01
2572	75.17
2573	75.24
2574	74.86
2575	74.67
2576	75.05
2577	75.26
2578	74.46
2579	74.88
2580	74.92
2581	74.84
2582	75.09
2583	74.98
2584	75.09
2585	74.96
2586	74.86
2587	75.3
2588	74.56
2589	74.73
2590	74.48
2591	74.73
2592	74.96
2593	73.75
2594	74.33
2595	74.88
2596	74.29
2597	74.44
2598	74.84
2599	75.2
2600	74.46
2601	74.67
2602	74.46
2603	74.67
2604	75.34
2605	74.42
2606	74.42
2607	74.8
2608	75.07
2609	74.56
2610	74.78
2611	74.96
2612	75.05
2613	74.59
2614	74.75
2615	74.71
2616	75.18
2617	74.04
2618	74.82
2619	74.73
2620	74.88
2621	74.54
2622	74.56
2623	74.92
2624	74.9
2625	74.59
2626	74.38
2627	74.5
2628	74.94
2629	74.63
2630	73.85
2631	74.08
2632	74.61
2633	73.49
2634	73.16
2635	73.24
2636	72.46
2637	72.29
2638	71.98
2639	71.83
2640	70.93
2641	70.78
2642	70.86
2643	70.89
2644	70
2645	70.13
2646	70.97
2647	70.34
2648	69.71
2649	70.24
2650	70.55
2651	70.11
2652	70.24
2653	70.34
2654	70.45
2655	70.23
2656	70.11
2657	70.63
2658	70.82
2659	70.11
2660	70.19
2661	70.74
2662	70.61
2663	71.26
2664	70.68
2665	70.93
2666	71.2
2667	71.41
2668	71.43
2669	70.87
2670	71.58
2671	71.68
2672	71.33
2673	71.35
2674	71.58
2675	71.54
2676	71.69
2677	71.14
2678	71.77
2679	71.69
2680	72.25
2681	71.5
2682	72.15
2683	71.75
2684	71.9
2685	72.55
2686	71.58
2687	71.73
2688	72
2689	72.08
2690	71.73
2691	71.83
2692	72.21
2693	71.81
2694	71.71
2695	72.08
2696	72.51
2697	71.81
2698	71.45
2699	71.56
2700	71.6
2701	72.38
2702	72.02
2703	71.92
2704	71.83
2705	71.62
2706	72.11
2707	71.87
2708	72.15
2709	71.47
2710	72.09
2711	71.98
2712	72.21
2713	71.89
2714	71.92
2715	71.9
2716	71.89
2717	72.15
2718	72.59
2719	72.36
2720	71.89
2721	71.71
2722	71.77
2723	71.92
2724	71.9
2725	72.99
2726	72.3
2727	71.98
2728	71.9
2729	72.19
2730	72.09
2731	72.72
2732	72
2733	71.85
2734	72.04
2735	72.51
2736	72.82
2737	71.85
2738	72.11
2739	72.15
2740	72.4
2741	72.67
2742	72.38
2743	72
2744	72.19
2745	71.94
2746	72.23
2747	72.34
2748	72.65
2749	71.96
2750	71.68
2751	72.09
2752	72.02
2753	71.98
2754	72.13
2755	71.96
2756	71.64
2757	71.41
2758	71.75
2759	72.11
2760	72.08
2761	72.44
2762	72.15
2763	72.27
2764	72.44
2765	72.02
2766	71.96
2767	72.63
2768	72.36
2769	72.13
2770	71.92
2771	72.3
2772	71.62
2773	72.19
2774	71.9
2775	71.96
2776	72.46
2777	72.34
2778	72.59
2779	72.23
2780	72.63
2781	72.4
2782	72.32
2783	72.29
2784	71.56
2785	71.87
2786	71.83
2787	72.02
2788	72.13
2789	72.46
2790	72.32
2791	72.53
2792	72.36
2793	72.21
2794	72.08
2795	72.04
2796	71.92
2797	71.68
2798	71.89
2799	71.81
2800	71.77
2801	72.21
2802	71.83
2803	71.75
2804	71.9
2805	72.04
2806	72.13
2807	71.75
2808	72.13
2809	71.96
2810	72.19
2811	71.9
2812	72.4
2813	71.81
2814	71.77
2815	71.18
2816	71.6
2817	71.45
2818	71.9
2819	71.75
2820	71.9
2821	71.87
2822	71.85
2823	71.81
2824	72.04
2825	72.15
2826	71.94
2827	71.89
2828	72.09
2829	72.63
2830	72.3
2831	72.02
2832	72.09
2833	71.73
2834	71.64
2835	71.98
2836	71.83
2837	72.46
2838	72.48
2839	71.77
2840	72.48
2841	71.92
2842	71.79
2843	72.04
2844	72.25
2845	72.21
2846	71.75
2847	72.02
2848	71.83
2849	72.15
2850	72.02
2851	72.23
2852	72.55
2853	72.5
2854	72.5
2855	72.04
2856	72.09
2857	71.98
2858	71.98
2859	71.96
2860	72.34
2861	72.32
2862	72.09
2863	72.08
2864	71.83
2865	71.35
2866	71.79
2867	71.83
2868	71.6
2869	71.56
2870	71.85
2871	71.66
2872	71.87
2873	71.64
2874	71.64
2875	71.92
2876	71.81
2877	71.66
2878	71.66
2879	71.9
2880	71.69
2881	71.9
2882	72.48
2883	72.74
2884	72.25
2885	71.85
2886	72.25
2887	72.42
2888	72.67
2889	72.51
2890	72.27
2891	71.73
2892	71.92
2893	71.68
2894	71.73
2895	71.77
2896	71.94
2897	72.27
2898	71.62
2899	71.73
2900	72.34
2901	71.94
2902	72.44
2903	72.02
2904	72.23
2905	72.13
2906	72.23
2907	71.92
2908	72.15
2909	71.69
2910	71.64
2911	71.98
2912	71.71
2913	72.34
2914	72.29
2915	72.48
2916	71.96
2917	72.11
2918	72.02
2919	72.36
2920	72.02
2921	72.3
2922	72.17
2923	72.5
2924	72.97
2925	72.86
2926	72.92
2927	72.57
2928	72.82
2929	72.76
2930	72.76
2931	72.48
2932	73.03
2933	73.05
2934	72.92
2935	72.82
2936	73.2
2937	73.3
2938	73.75
2939	73.45
2940	73.62
2941	73.45
2942	73.37
2943	73.47
2944	73.26
2945	73.22
2946	73.35
2947	73.87
2948	73.96
2949	73.45
2950	73.85
2951	73.7
2952	73.39
2953	73.64
2954	73.22
2955	73.81
2956	73.93
2957	73.93
2958	74.06
2959	73.66
2960	73.85
2961	73.62
2962	74.23
2963	73.54
2964	74
2965	74.15
2966	74.14
2967	74.02
2968	73.83
2969	73.64
2970	73.28
2971	73.72
2972	73.26
2973	73.79
2974	74.23
2975	73.58
2976	73.54
2977	73.51
2978	73.75
2979	73.47
2980	73.45
2981	73.81
2982	74.23
2983	74.19
2984	74.12
2985	74.23
2986	74.21
2987	73.96
2988	74.02
2989	74.06
2990	73.75
2991	74.02
2992	73.58
2993	74.02
2994	74.67
2995	74.56
2996	74.44
2997	74.25
2998	74.12
2999	74.08
3000	74.46
3001	74
3002	73.79
3003	74.78
3004	74.69
3005	74.63
3006	75.03
3007	74.57
3008	74.38
3009	74.25
3010	74.8
3011	74.5
3012	74.36
3013	74
3014	75.03
3015	74.65
3016	74.94
3017	74.61
3018	74.69
3019	74.61
3020	74.59
3021	74.61
3022	74.27
3023	74.61
3024	74.63
3025	74.04
3026	74.21
3027	74.38
3028	73.74
3029	74.42
3030	74.02
3031	74.52
3032	74.77
3033	74.98
3034	74.21
3035	74.54
3036	74.17
3037	74.33
3038	74.02
3039	74.27
3040	74.86
3041	74.75
3042	74.88
3043	74.4
3044	74.4
3045	74.25
3046	74.57
3047	74.54
3048	74.67
3049	74.96
3050	74.48
3051	74.65
3052	74.77
3053	74.25
3054	74.77
3055	75.07
3056	75.26
3057	74.96
3058	74.94
3059	74.44
3060	74.94
3061	74.33
3062	74.99
3063	74.75
3064	74.67
3065	74.61
3066	74.29
3067	74.96
3068	75.24
3069	74.71
3070	74.98
3071	74.65
3072	74.48
3073	74.99
3074	74.98
3075	74
3076	73.98
3077	74.48
3078	74.44
3079	74.94
3080	74.23
3081	74.15
3082	74.8
3083	74.94
3084	74.15
3085	74.29
3086	74.92
3087	74.86
3088	75.09
3089	74.65
3090	74.46
3091	74.67
3092	74.42
3093	74.19
3094	74.8
3095	74.42
3096	74.35
3097	74.31
3098	75.09
3099	74.52
3100	74.19
3101	74.44
3102	74.63
3103	74.1
3104	74.38
3105	74.35
3106	73.81
3107	72.95
3108	73.24
3109	73.11
3110	72.55
3111	72.15
3112	71.92
3113	71.03
3114	71.69
3115	70.89
3116	70.63
3117	70.02
3118	70.26
3119	70.24
3120	70.03
3121	70.34
3122	70.17
3123	70.26
3124	69.86
3125	70.42
3126	69.98
3127	70.23
3128	70.15
3129	70.95
3130	70.68
3131	70.17
3132	71.06
3133	71.03
3134	70.66
3135	70.68
3136	70.82
3137	70.55
3138	70.84
3139	71.03
3140	71.37
3141	70.82
3142	71.45
3143	71.2
3144	71.48
3145	70.93
3146	71.45
3147	70.78
3148	71.56
3149	71.39
3150	71.54
3151	71.81
3152	71.79
3153	71.77
3154	71.33
3155	71.92
3156	71.58
3157	71.85
3158	71.83
3159	72.29
3160	71.77
3161	72.27
3162	71.62
3163	71.52
3164	72.06
3165	71.98
3166	71.75
3167	71.79
3168	71.87
3169	72.02
3170	72.11
3171	72.3
3172	71.96
3173	72.21
3174	72.4
3175	71.69
3176	71.85
3177	71.92
3178	72.13
3179	71.89
3180	72.06
3181	71.81
3182	72.13
3183	71.77
3184	71.85
3185	71.75
3186	72.63
3187	71.73
3188	71.41
3189	72
3190	72.02
3191	72.06
3192	72.5
3193	71.96
3194	71.75
3195	72.11
3196	72.97
3197	72.19
3198	71.98
3199	71.77
3200	72.69
3201	71.87
3202	71.75
3203	72.29
3204	72.42
3205	72.32
3206	72.36
3207	72.42
3208	72.27
3209	72.08
3210	72.34
3211	72.44
3212	72.15
3213	72.27
3214	72.34
3215	71.98
3216	71.92
3217	72.4
3218	72.63
3219	72.23
3220	72.34
3221	72.38
3222	72.74
3223	72.21
3224	72.3
3225	72.27
3226	72.4
3227	73.01
3228	72.3
3229	72.15
3230	72.74
3231	72.11
3232	72.88
3233	72.21
3234	72.06
3235	72.17
3236	72.8
3237	72.38
3238	72
3239	71.98
3240	71.92
3241	71.75
3242	71.75
3243	72.29
3244	71.71
3245	71.77
3246	72.4
3247	72.57
3248	72.3
3249	72.15
3250	72.02
3251	72.46
3252	72.69
3253	72.17
3254	72.93
3255	72.17
3256	72.59
3257	72.04
3258	72.04
3259	72.25
3260	72.65
3261	72.25
3262	72.65
3263	72.48
3264	72.27
3265	72.36
3266	72.8
3267	73.03
3268	72.76
3269	72.25
3270	72.67
3271	72.11
3272	72.17
3273	72.34
3274	71.9
3275	72.29
3276	73.41
3277	72.55
3278	72.8
3279	72.27
3280	72.57
3281	72.04
3282	72.61
3283	71.9
3284	72.55
3285	72.63
3286	72.46
3287	72.38
3288	72.32
3289	72.13
3290	71.48
3291	72.17
3292	71.45
3293	72.13
3294	72.25
3295	72.48
3296	72.76
3297	72.32
3298	72.17
3299	72.13
3300	72.25
3301	72.09
3302	72.02
3303	72.06
3304	72.82
3305	72.42
3306	72.34
3307	72.4
3308	72.63
3309	72.46
3310	72.63
3311	72.72
3312	72.57
3313	72.38
3314	72.51
3315	71.92
3316	72.42
3317	72.34
3318	72.76
3319	72.97
3320	73.12
3321	72.82
3322	72.63
3323	73.01
3324	72.63
3325	72.53
3326	72.38
3327	72.21
3328	72.32
3329	72.06
3330	72.63
3331	72.74
3332	72.82
3333	73.03
3334	72.42
3335	72.06
3336	72.4
3337	72.15
3338	72.51
3339	72.25
3340	72.29
3341	72.46
3342	73.01
3343	73.22
3344	72.76
3345	72.59
3346	72.55
3347	72.51
3348	72.11
3349	72.55
3350	72.71
3351	72.63
3352	72.53
3353	72.38
3354	72.46
3355	71.98
3356	71.77
3357	72.23
3358	72.08
3359	72.3
3360	72.19
3361	72.72
3362	72.74
3363	72.42
3364	72.44
3365	72.42
3366	71.98
3367	72.27
3368	72.3
3369	72.32
3370	72.32
3371	73.03
3372	72.29
3373	72.34
3374	72.3
3375	72.19
3376	72.42
3377	71.96
3378	72.36
3379	72.3
3380	72.38
3381	72.51
3382	72.48
3383	72.27
3384	72.42
3385	72.51
3386	72.67
3387	72.88
3388	72.97
3389	72.74
3390	72.63
3391	72.57
3392	72.53
3393	72.88
3394	72.9
3395	72.84
3396	72.99
3397	72.99
3398	72.95
3399	73.14
3400	73.85
3401	72.99
3402	72.82
3403	72.97
3404	73.14
3405	73.54
3406	73.26
3407	73.53
3408	73.7
3409	73.39
3410	73.39
3411	73.87
3412	73.75
3413	73.93
3414	73.75
3415	73.45
3416	73.45
3417	74
3418	73.39
3419	73.79
3420	73.24
3421	73.53
3422	73.66
3423	74.06
3424	73.26
3425	74.04
3426	73.95
3427	73.56
3428	73.53
3429	74.1
3430	74.21
3431	74.02
3432	74.65
3433	74.04
3434	73.75
3435	73.96
3436	73.43
3437	73.49
3438	74
3439	74.12
3440	73.83
3441	74.08
3442	74.27
3443	74.5
3444	74.4
3445	74.33
3446	74.33
3447	74.36
3448	73.79
3449	74.25
3450	74.02
3451	74.44
3452	74.46
3453	73.98
3454	74.4
3455	74.31
3456	74.75
3457	74.23
3458	73.89
3459	73.64
3460	73.81
3461	73.66
3462	74.06
3463	73.98
3464	74.46
3465	74.15
3466	74.02
3467	73.96
3468	74.15
3469	73.91
3470	74.15
3471	74.04
3472	73.89
3473	73.85
3474	74.19
3475	74.23
3476	74.78
3477	74.12
3478	73.77
3479	73.77
3480	74.17
3481	74.69
3482	74.59
3483	73.98
3484	74.27
3485	74.17
3486	74.61
3487	74.14
3488	74.19
3489	74.02
3490	74.98
3491	74.44
3492	74.08
3493	74.19
3494	74.19
3495	74.52
3496	74.23
3497	74
3498	74.48
3499	74.8
3500	74.25
3501	74.29
3502	73.85
3503	74.1
3504	74.86
3505	74.33
3506	74.1
3507	74.48
3508	74.63
3509	74.33
3510	73.81
3511	73.77
3512	74.27
3513	74.42
3514	74.61
3515	74.1
3516	74.21
3517	74.15
3518	74.23
3519	74.84
3520	74.52
3521	74.36
3522	74.29
3523	74.52
3524	74.5
3525	74.36
3526	74.23
3527	74.31
3528	74.56
3529	74.77
3530	74.67
3531	74.33
3532	74.4
3533	74.48
3534	74.86
3535	74.86
3536	74.77
3537	74.88
3538	74.17
3539	74.61
3540	74.27
3541	74.02
3542	74.56
3543	74.52
3544	74.69
3545	74.4
3546	74.27
3547	74.42
3548	74.42
3549	74.73
3550	73.77
3551	74.15
3552	74.1
3553	74.65
3554	73.72
3555	74.06
3556	74.02
3557	74.78
3558	73.98
3559	74.12
3560	74.17
3561	74.54
3562	73.96
3563	74
3564	74.5
3565	74.1
3566	74.5
3567	74.25
3568	74.48
3569	74.31
3570	74.21
3571	74.54
3572	74.12
3573	74.54
3574	75.03
3575	73.89
3576	74.12
3577	74.5
3578	73.49
3579	73.89
3580	74.69
3581	72.99
3582	73.6
3583	72.67
3584	72.3
3585	72.65
3586	71.69
3587	71.58
3588	71.43
3589	70.89
3590	71.14
3591	70.95
3592	70.87
3593	70.63
3594	70.65
3595	70.26
3596	70.95
3597	70.95
3598	70.47
3599	70.63
3600	70.53
3601	70.72
3602	70.49
3603	70.38
3604	71.18
3605	70.99
3606	71.16
3607	70.95
3608	71.89
3609	70.82
3610	71.71
3611	71.56
3612	71.69
3613	71.14
3614	71.94
3615	71.98
3616	71.79
3617	71.75
3618	71.08
3619	71.92
3620	71.56
3621	72.04
3622	72.19
3623	71.47
3624	71.79
3625	72.17
3626	71.6
3627	72.42
3628	71.81
3629	72.11
3630	71.89
3631	72.13
3632	72.67
3633	72.4
3634	72.57
3635	71.98
3636	71.87
3637	71.66
3638	72.57
3639	72.11
3640	71.71
3641	72.63
3642	71.94
3643	72.06
3644	71.94
3645	71.75
3646	72.27
3647	72
3648	71.81
3649	72.5
3650	72.17
3651	72.23
3652	72.11
3653	72.02
3654	72.11
3655	72.06
3656	71.52
3657	71.89
3658	71.66
3659	71.79
3660	72.29
3661	72.21
3662	72.51
3663	72.06
3664	72.08
3665	72.17
3666	72.36
3667	72.32
3668	72.4
3669	71.98
3670	72.71
3671	72.13
3672	72.19
3673	72.29
3674	71.73
3675	72.67
3676	72.42
3677	71.89
3678	72.9
3679	72.57
3680	72.02
3681	72.25
3682	72.74
3683	71.9
3684	72.29
3685	72.4
3686	71.87
3687	72.42
3688	72.27
3689	72.36
3690	72.32
3691	73.11
3692	72
3693	72.15
3694	72.59
3695	72.8
3696	71.75
3697	72.57
3698	72.71
3699	71.89
3700	72.23
3701	72.34
3702	72.04
3703	72.21
3704	72.44
3705	72.55
3706	71.64
3707	72.09
3708	72.25
3709	71.85
3710	71.83
3711	71.98
3712	72.32
3713	71.87
3714	71.62
3715	72.06
3716	72.48
3717	71.73
3718	72.27
3719	72.78
3720	72.4
3721	71.94
3722	72.19
3723	72.46
3724	72.46
3725	72.32
3726	72.59
3727	72.59
3728	71.85
3729	71.98
3730	72.3
3731	72.69
3732	72.17
3733	72.27
3734	72.76
3735	72.25
3736	72.23
3737	72.11
3738	72.71
3739	71.79
3740	72.02
3741	72.38
3742	72.5
3743	72.34
3744	72.46
3745	72.55
3746	71.77
3747	72.09
3748	72.53
3749	72.29
3750	71.9
3751	72
3752	72.21
3753	71.77
3754	71.92
3755	72.08
3756	71.9
3757	71.75
3758	71.98
3759	72.4
3760	71.85
3761	72.34
3762	72.08
3763	72.57
3764	72
3765	72.13
3766	72.25
3767	72.19
3768	72.27
3769	72.11
3770	72.36
3771	72.65
3772	71.94
3773	71.94
3774	72.32
3775	72.34
3776	71.83
3777	72.25
3778	72.67
3779	72.65
3780	71.98
3781	72.15
3782	72.74
3783	72.69
3784	72.48
3785	72.09
3786	72.27
3787	72.38
3788	72.23
3789	72
3790	72.53
3791	72.19
3792	72.34
3793	72.65
3794	71.58
3795	72.44
3796	72.17
3797	71.5
3798	72.02
3799	72.61
3800	72.57
3801	71.69
3802	72.06
3803	71.98
3804	72.55
3805	72.25
3806	72.09
3807	72.11
3808	72.34
3809	71.79
3810	71.6
3811	71.92
3812	71.9
3813	71.73
3814	71.66
3815	71.92
3816	72.04
3817	72.42
3818	72.08
3819	72.13
3820	72.36
3821	72.67
3822	72.23
3823	71.87
3824	72.34
3825	72.06
3826	72.23
3827	72.57
3828	72.67
3829	72.08
3830	71.81
3831	72.36
3832	72.27
3833	72.99
3834	72.11
3835	72.08
3836	72.17
3837	72.38
3838	72.36
3839	72.63
3840	72.48
3841	72.21
3842	72.51
3843	72.4
3844	72.74
3845	72.02
3846	72.34
3847	72.44
3848	72.4
3849	72.61
3850	72.36
3851	71.85
3852	72.34
3853	72.42
3854	72.46
3855	72.72
3856	72.25
3857	72.21
3858	72.71
3859	72.48
3860	73.18
3861	72.48
3862	72.67
3863	72.4
3864	72.71
3865	72.57
3866	72.95
3867	72.15
3868	72.76
3869	72.99
3870	72.82
3871	72.57
3872	72.74
3873	72.21
3874	72.34
3875	73.24
3876	72.67
3877	73.32
3878	73.12
3879	73.56
3880	73.03
3881	73.28
3882	73.09
3883	73.37
3884	73.45
3885	73.41
3886	73.09
3887	73.24
3888	73.3
3889	73.7
3890	73.7
3891	73.85
3892	73.64
3893	73.79
3894	73.74
3895	74.08
3896	73.53
3897	73.98
3898	73.95
3899	73.74
3900	73.77
3901	73.68
3902	74.4
3903	73.79
3904	73.95
3905	74.27
3906	74.27
3907	74.12
3908	74.12
3909	73.96
3910	73.64
3911	73.54
3912	73.39
3913	73.47
3914	73.45
3915	73.95
3916	73.6
3917	73.79
3918	73.66
3919	73.74
3920	73.56
3921	73.35
3922	73.32
3923	73.37
3924	73.51
3925	73.66
3926	73.91
3927	73.91
3928	73.49
3929	73.64
3930	74.19
3931	73.37
3932	73.22
3933	73.79
3934	73.62
3935	73.89
3936	73.58
3937	73.58
3938	73.89
3939	73.68
3940	73.79
3941	74.02
3942	73.72
3943	73.37
3944	73.72
3945	73.47
3946	73.45
3947	73.81
3948	74.06
3949	73.87
3950	73.66
3951	73.98
3952	74.65
3953	74.1
3954	73.54
3955	73.95
3956	74.17
3957	74.46
3958	73.96
3959	73.81
3960	74.14
3961	74.98
3962	73.96
3963	73.62
3964	73.89
3965	74.29
3966	74
3967	73.96
3968	74.38
3969	74.06
3970	73.75
3971	74.02
3972	74.35
3973	74.04
3974	74
3975	74.35
3976	74.25
3977	74.4
3978	74.54
3979	73.87
3980	73.66
3981	73.62
3982	73.45
3983	73.26
3984	73.6
3985	73.39
3986	74.21
3987	73.22
3988	73.66
3989	74.25
3990	73.33
3991	73.85
3992	73.53
3993	74.12
3994	74.12
3995	74.15
3996	73.56
3997	74.56
3998	73.72
3999	74.06
4000	74.27
4001	74.1
4002	73.87
4003	74.21
4004	74.63
4005	73.93
4006	73.74
4007	74.57
4008	74.12
4009	73.81
4010	73.83
4011	74.1
4012	74.02
4013	74.15
4014	74.65
4015	74.33
4016	73.96
4017	74.38
4018	74.04
4019	74
4020	74.29
4021	74.33
4022	74.02
4023	73.56
4024	74.06
4025	74.17
4026	73.87
4027	73.89
4028	74.33
4029	74.78
4030	74.04
4031	74.21
4032	73.58
4033	74.04
4034	74.23
4035	74.08
4036	74.52
4037	74.56
4038	74.1
4039	74.63
4040	74.04
4041	74.25
4042	73.95
4043	73.26
4044	73.74
4045	73.68
4046	73.68
4047	73.6
4048	73.7
4049	73.77
4050	74.42
4051	74.19
4052	73.98
4053	73.85
4054	74.52
4055	73.93
4056	74.57
4057	73.32
4058	73.26
4059	73.03
4060	72.46
4061	71.9
4062	72.4
4063	71.9
4064	71.52
4065	71.31
4066	70.99
4067	71.27
4068	70.74
4069	70.86
4070	70.4
4071	70.59
4072	70.57
4073	70.44
4074	70.4
4075	70.42
4076	70.74
4077	70.78
4078	70.84
4079	70.53
4080	71.2
4081	71.01
4082	70.76
4083	71.14
4084	70.89
4085	71.37
4086	71.14
4087	71.5
4088	71.22
4089	71.24
4090	70.57
4091	70.97
4092	70.74
4093	70.97
4094	71.01
4095	71.39
4096	71.52
4097	71.41
4098	71.81
4099	71.75
4100	71.66
4101	71.54
4102	72.27
4103	72.08
4104	71.71
4105	71.47
4106	71.92
4107	71.41
4108	71.68
4109	71.92
4110	72.06
4111	72.44
4112	71.83
4113	72.5
4114	72.17
4115	72.23
4116	71.48
4117	71.5
4118	72.21
4119	71.83
4120	71.69
4121	71.94
4122	71.98
4123	71.48
4124	71.81
4125	71.64
4126	71.52
4127	72.17
4128	71.47
4129	71.64
4130	71.85
4131	71.92
4132	72.08
4133	71.43
4134	72.15
4135	71.9
4136	72.4
4137	72.08
4138	71.29
4139	72.19
4140	72
4141	71.96
4142	71.94
4143	71.75
4144	71.71
4145	71.03
4146	71.47
4147	72
4148	71.79
4149	71.52
4150	72.59
4151	71.45
4152	71.75
4153	72.23
4154	71.9
4155	71.85
4156	71.83
4157	72.13
4158	71.79
4159	72.19
4160	71.94
4161	71.9
4162	72.63
4163	71.69
4164	71.81
4165	71.77
4166	72.09
4167	71.87
4168	72.42
4169	72
4170	71.66
4171	72.09
4172	71.37
4173	71.81
4174	72.09
4175	71.64
4176	71.73
4177	72.11
4178	72.04
4179	72.06
4180	71.85
4181	72
4182	71.62
4183	71.6
4184	71.54
4185	72.29
4186	71.64
4187	71.75
4188	71.92
4189	71.9
4190	72.21
4191	71.87
4192	72.19
4193	72.02
4194	71.54
4195	71.71
4196	71.96
4197	71.89
4198	72.19
4199	71.94
4200	72.02
4201	71.26
4202	71.48
4203	71.45
4204	71.56
4205	71.33
4206	71.52
4207	71.94
4208	71.81
4209	72
4210	72.17
4211	72.23
4212	72.38
4213	72.3
4214	72.08
4215	72.25
4216	71.92
4217	72.17
4218	71.9
4219	71.54
4220	71.54
4221	71.75
4222	71.48
4223	72.13
4224	71.69
4225	71.92
4226	71.62
4227	71.66
4228	71.85
4229	71.48
4230	71.77
4231	71.5
4232	72.08
4233	71.81
4234	71.69
4235	71.68
4236	71.64
4237	71.64
4238	71.56
4239	71.27
4240	71.31
4241	71.69
4242	71.37
4243	71.71
4244	71.75
4245	71.56
4246	71.77
4247	71.89
4248	71.77
4249	71.62
4250	71.54
4251	71.03
4252	71.31
4253	71.37
4254	71.08
4255	71.41
4256	71.6
4257	71.75
4258	71.27
4259	71.64
4260	71.5
4261	71.85
4262	71.5
4263	71.96
4264	71.37
4265	71.52
4266	71.68
4267	71.94
4268	71.64
4269	72.19
4270	72.21
4271	71.5
4272	71.71
4273	71.5
4274	71.41
4275	71.43
4276	71.62
4277	71.54
4278	72.02
4279	71.96
4280	71.77
4281	71.87
4282	71.33
4283	71.96
4284	71.69
4285	71.94
4286	71.66
4287	71.58
4288	71.77
4289	72.13
4290	71.83
4291	71.68
4292	71.45
4293	72.04
4294	71.98
4295	71.54
4296	71.56
4297	71.68
4298	72.06
4299	71.41
4300	71.5
4301	71.66
4302	72.11
4303	71.73
4304	71.66
4305	72.09
4306	71.64
4307	71.1
4308	71.66
4309	71.64
4310	71.03
4311	71.58
4312	72.02
4313	71.37
4314	71.83
4315	71.45
4316	71.52
4317	71.5
4318	71.68
4319	72.11
4320	71.64
4321	71.62
4322	72.11
4323	71.29
4324	71.41
4325	71.33
4326	71.08
4327	71.71
4328	72.09
4329	72.34
4330	72.09
4331	71.94
4332	72.25
4333	71.54
4334	71.96
4335	72.17
4336	71.94
4337	71.69
4338	71.9
4339	72.11
4340	71.45
4341	71.89
4342	72.53
4343	72.32
4344	72.34
4345	72.86
4346	72.25
4347	72.08
4348	72.46
4349	72.63
4350	72.51
4351	72.08
4352	72.44
4353	72.27
4354	72.38
4355	72.55
4356	73.09
4357	72.99
4358	72.55
4359	72.76
4360	73.33
4361	72.53
4362	72.86
4363	73.54
4364	73.03
4365	72.8
4366	72.84
4367	73.16
4368	72.63
4369	72.44
4370	72.86
4371	72.61
4372	73.51
4373	73.07
4374	72.51
4375	72.57
4376	72.61
4377	73.37
4378	72.84
4379	73.09
4380	72.76
4381	73.12
4382	73.03
4383	73.53
4384	73.95
4385	73.35
4386	72.92
4387	72.65
4388	72.67
4389	73.3
4390	72.88
4391	72.44
4392	73.01
4393	72.53
4394	72.99
4395	72.97
4396	72.63
4397	72.63
4398	73.2
4399	72.78
4400	73.07
4401	72.71
4402	73.09
4403	73.43
4404	73.45
4405	73.05
4406	72.95
4407	73.16
4408	72.8
4409	73.26
4410	72.97
4411	73.05
4412	73.39
4413	73.37
4414	73.14
4415	73.24
4416	73.2
4417	73.22
4418	73.77
4419	73.54
4420	73.54
4421	73.66
4422	73.14
4423	72.53
4424	72.74
4425	72.51
4426	73.18
4427	73.07
4428	73.26
4429	72.9
4430	73.22
4431	73.37
4432	73.12
4433	73.03
4434	72.88
4435	73.24
4436	73.05
4437	73.26
4438	72.86
4439	72.92
4440	72.95
4441	73.35
4442	72.63
4443	72.67
4444	72.57
4445	73.41
4446	73.2
4447	72.51
4448	72.93
4449	73.11
4450	72.82
4451	73.03
4452	73.66
4453	72.95
4454	73.26
4455	73.75
4456	72.84
4457	73.03
4458	73.54
4459	72.86
4460	72.99
4461	73.66
4462	72.93
4463	73.47
4464	73.16
4465	73.32
4466	73.62
4467	73.62
4468	73.14
4469	73.77
4470	73.64
4471	73.3
4472	73.64
4473	73.66
4474	73.75
4475	73.83
4476	73.16
4477	73.39
4478	73.79
4479	73.35
4480	73.49
4481	73.68
4482	73.2
4483	73.32
4484	73.58
4485	72.88
4486	73.47
4487	73.75
4488	73.54
4489	73.45
4490	73.09
4491	73.16
4492	73.03
4493	73.39
4494	73.2
4495	73.39
4496	72.74
4497	73.26
4498	73.66
4499	72.86
4500	73.2
4501	73.33
4502	73.62
4503	73.3
4504	72.95
4505	73.47
4506	73.64
4507	73.43
4508	73.37
4509	73.37
4510	73.07
4511	73.56
4512	73.6
4513	73.39
4514	73.05
4515	73.16
4516	73.51
4517	73.58
4518	73.43
4519	72.97
4520	73.14
4521	73.54
4522	73.28
4523	73.26
4524	73.47
4525	73.68
4526	73.56
4527	73.2
4528	73.03
4529	72.23
4530	72.21
4531	71.43
4532	70.99
4533	71.16
4534	71.1
4535	70.76
4536	71.1
4537	70.4
4538	70.17
4539	70.3
4540	70.24
4541	69.86
4542	69.98
4543	69.81
4544	70.07
4545	69.86
4546	69.73
4547	69.94
4548	70.21
4549	70.07
4550	70.26
4551	69.92
4552	70.11
4553	70.74
4554	70.23
4555	70.19
4556	70.28
4557	70.65
4558	70.82
4559	71.12
4560	70.38
4561	70.87
4562	70.97
4563	70.86
4564	70.68
4565	70.53
4566	70.68
4567	71.31
4568	70.78
4569	70.93
4570	70.74
4571	70.93
4572	71.08
4573	70.91
4574	71.06
4575	71.45
4576	71.22
4577	70.97
4578	71.08
4579	71.06
4580	71.26
4581	71.33
4582	71.45
4583	71.64
4584	70.97
4585	71.1
4586	71.16
4587	71.45
4588	71.05
4589	70.84
4590	71.16
4591	70.97
4592	71.33
4593	71.16
4594	71.24
4595	71.62
4596	70.76
4597	71.29
4598	71.92
4599	71.35
4600	71.47
4601	71.81
4602	71.5
4603	71.29
4604	71.5
4605	71.16
4606	71.62
4607	71.31
4608	71.26
4609	71.56
4610	71.26
4611	71.37
4612	71.79
4613	71.68
4614	71.83
4615	71.85
4616	71.26
4617	71.68
4618	71.24
4619	71.2
4620	71.75
4621	71.06
4622	71.48
4623	71.69
4624	71.71
4625	71.31
4626	71.41
4627	71.33
4628	71.56
4629	71.22
4630	71.54
4631	71.58
4632	71.73
4633	71.98
4634	71.5
4635	71.68
4636	71.94
4637	71.27
4638	71.2
4639	71.64
4640	71.48
4641	71.6
4642	72.08
4643	71.37
4644	71.29
4645	71.5
4646	71.01
4647	70.84
4648	71.2
4649	71.64
4650	71.08
4651	71.16
4652	71.87
4653	71.64
4654	71.79
4655	71.48
4656	71.27
4657	71.33
4658	71.62
4659	71.5
4660	71.75
4661	71.62
4662	72.34
4663	71.89
4664	71.52
4665	71.43
4666	71.08
4667	71.26
4668	71.22
4669	71.71
4670	71.56
4671	71.54
4672	71.33
4673	71.77
4674	71.52
4675	71.66
4676	71.94
4677	71.89
4678	71.54
4679	71.52
4680	71.33
4681	71.47
4682	71.37
4683	71.69
4684	71.31
4685	71.14
4686	71.64
4687	71.9
4688	71.62
4689	71.33
4690	71.66
4691	71.58
4692	71.48
4693	71.54
4694	71.52
4695	71.58
4696	71.64
4697	71.64
4698	71.56
4699	71.37
4700	71.54
4701	71.92
4702	71.77
4703	71.43
4704	71.05
4705	71.03
4706	71.62
4707	71.27
4708	71.27
4709	71.52
4710	71.39
4711	71.79
4712	72.38
4713	71.27
4714	71.43
4715	71.43
4716	71.27
4717	71.73
4718	72.02
4719	71.6
4720	71.66
4721	71.12
4722	71.45
4723	72.11
4724	72.04
4725	71.64
4726	71.26
4727	71.45
4728	71.87
4729	71.26
4730	71.41
4731	71.71
4732	72.21
4733	71.03
4734	71.85
4735	72.3
4736	71.89
4737	71.87
4738	72
4739	71.35
4740	71.81
4741	71.03
4742	71.48
4743	71.69
4744	71.69
4745	71.1
4746	71.71
4747	70.82
4748	71.41
4749	71.47
4750	71.73
4751	71.05
4752	71.5
4753	71.83
4754	71.16
4755	71.79
4756	71.73
4757	71.08
4758	71.79
4759	71.14
4760	71.12
4761	71.18
4762	71.68
4763	71.71
4764	71.14
4765	71.83
4766	71.81
4767	71.31
4768	71.69
4769	72.02
4770	71.03
4771	71.68
4772	71.68
4773	71.89
4774	71.18
4775	71.68
4776	71.29
4777	72.17
4778	71.47
4779	71.81
4780	71.75
4781	71.52
4782	71.48
4783	71.73
4784	71.98
4785	71.41
4786	71.83
4787	71.35
4788	72.11
4789	71.1
4790	71.54
4791	71.33
4792	72.09
4793	71.1
4794	71.24
4795	71.68
4796	71.64
4797	71.26
4798	71.2
4799	71.87
4800	71.48
4801	71.64
4802	70.82
4803	71.16
4804	71.22
4805	71.26
4806	71.48
4807	71.45
4808	71.39
4809	71.37
4810	71.62
4811	71.89
4812	71.33
4813	71.6
4814	71.35
4815	71.81
4816	71.94
4817	72.08
4818	72.23
4819	72.34
4820	71.9
4821	71.87
4822	72.34
4823	72.51
4824	72.61
4825	72.72
4826	72.67
4827	72.71
4828	72.67
4829	71.98
4830	72.23
4831	72.3
4832	72.51
4833	72.04
4834	72.17
4835	72.36
4836	72.3
4837	72.48
4838	72.55
4839	72.59
4840	72.9
4841	72.93
4842	73.26
4843	72.34
4844	72.48
4845	72.53
4846	73.03
4847	73.22
4848	72.55
4849	72.36
4850	72.67
4851	72.34
4852	72.84
4853	72.27
4854	72.9
4855	72.61
4856	73.01
4857	72.06
4858	72.42
4859	72.34
4860	72.86
4861	72.72
4862	72.88
4863	72.61
4864	72.67
4865	73.26
4866	73.05
4867	72.88
4868	72.3
4869	72.63
4870	72.86
4871	72.9
4872	72.63
4873	72.9
4874	72.78
4875	72.92
4876	72.82
4877	73.07
4878	72.82
4879	73.22
4880	73.45
4881	73.22
4882	73.58
4883	73.16
4884	73.83
4885	73.58
4886	73.33
4887	72.76
4888	72.8
4889	72.74
4890	72.48
4891	72.57
4892	72.38
4893	72.53
4894	72.61
4895	72.84
4896	72.4
4897	72.88
4898	73.03
4899	73.03
4900	73.01
4901	73.54
4902	73.14
4903	72.78
4904	73.35
4905	73.3
4906	73.3
4907	73.3
4908	72.86
4909	73.09
4910	72.86
4911	73.64
4912	73.37
4913	72.82
4914	73.03
4915	72.93
4916	73.18
4917	73.39
4918	73.09
4919	72.8
4920	73.07
4921	73.09
4922	73.28
4923	73.22
4924	73.45
4925	73.11
4926	73.81
4927	73.49
4928	73.14
4929	73.16
4930	73.16
4931	73.56
4932	73.2
4933	73.54
4934	73.22
4935	72.84
4936	72.93
4937	72.93
4938	73.14
4939	73.33
4940	73.18
4941	73.03
4942	72.99
4943	73.18
4944	73.03
4945	73.33
4946	72.78
4947	72.92
4948	73.12
4949	73.37
4950	73.32
4951	73.35
4952	73.33
4953	73.49
4954	72.97
4955	73.01
4956	73.47
4957	73.49
4958	73.37
4959	73.32
4960	72.74
4961	73.37
4962	73.37
4963	73.54
4964	73.12
4965	73.26
4966	73.24
4967	73.56
4968	73.77
4969	72.97
4970	73.33
4971	73.24
4972	73.22
4973	73.22
4974	73.33
4975	73.75
4976	73.18
4977	73.3
4978	73.72
4979	72.88
4980	73.16
4981	73.32
4982	72.46
4983	72.93
4984	72.76
4985	72.51
4986	73.24
4987	72.63
4988	73.12
4989	73.75
4990	72.67
4991	72.97
4992	73.56
4993	72.92
4994	73.18
4995	72.86
4996	72.69
4997	73.28
4998	73.18
4999	72.63
5000	73.3
5001	72.61
5002	72.67
5003	72.32
5004	72.48
5005	71.45
5006	71.81
5007	71.52
5008	71.87
5009	70.82
5010	70.65
5011	70.66
5012	70.87
5013	70.09
5014	70.24
5015	70.3
5016	70.68
5017	70.42
5018	69.98
5019	70.24
5020	70.15
5021	70.38
5022	70.53
5023	69.73
5024	70.13
5025	70.45
5026	70.59
5027	70.38
5028	70.55
5029	70.87
5030	70.82
5031	71.58
5032	70.26
5033	70.47
5034	70.86
5035	71.03
5036	70.65
5037	71.22
5038	71.01
5039	71.27
5040	70.95
5041	70.74
5042	70.91
5043	70.66
5044	71.18
5045	71.06
5046	71.1
5047	71.81
5048	71.05
5049	71.33
5050	70.86
5051	70.97
5052	71.03
5053	70.74
5054	71.27
5055	71.26
5056	70.82
5057	71.43
5058	71.29
5059	71.71
5060	71.12
5061	71.62
5062	71.68
5063	71.96
5064	71.52
5065	71.85
5066	71.43
5067	71.48
5068	71.2
5069	71.5
5070	71.79
5071	71.5
5072	71.73
5073	71.43
5074	71.68
5075	71.68
5076	71.9
5077	71.31
5078	71.29
5079	71.52
5080	71.06
5081	71.22
5082	71.98
5083	71.87
5084	71.73
5085	71.54
5086	71.45
5087	72.17
5088	71.68
5089	71.6
5090	72.13
5091	71.71
5092	72.02
5093	71.73
5094	71.56
5095	71.06
5096	71.73
5097	71.58
5098	71.5
5099	72
5100	71.26
5101	71.66
5102	71.77
5103	71.58
5104	71.79
5105	71.73
5106	71.43
5107	71.79
5108	71.96
5109	71.52
5110	71.79
5111	71.64
5112	71.5
5113	71.92
5114	71.6
5115	72.06
5116	71.94
5117	71.54
5118	71.56
5119	71.75
5120	71.75
5121	71.68
5122	71.39
5123	71.41
5124	70.93
5125	71.48
5126	71.68
5127	71.75
5128	71.9
5129	71.14
5130	71.9
5131	71.41
5132	71.68
5133	72.02
5134	71.5
5135	71.5
5136	71.64
5137	71.79
5138	71.56
5139	71.14
5140	71.75
5141	71.5
5142	71.31
5143	71.22
5144	71.12
5145	70.97
5146	70.82
5147	71.5
5148	71.31
5149	71.24
5150	71.14
5151	71.75
5152	71.18
5153	71.39
5154	71.05
5155	71.05
5156	71.26
5157	71.52
5158	71.68
5159	71.71
5160	71.6
5161	71.48
5162	71.5
5163	71.85
5164	71.69
5165	71.43
5166	71.94
5167	72.4
5168	71.94
5169	72.21
5170	71.43
5171	71.27
5172	71.33
5173	71.31
5174	71.62
5175	71.48
5176	71.54
5177	71.81
5178	71.39
5179	71.96
5180	71.68
5181	72.23
5182	71.94
5183	72.04
5184	71.71
5185	71.14
5186	71.87
5187	71.85
5188	71.31
5189	71.77
5190	71.68
5191	71.75
5192	71.35
5193	71.48
5194	72.04
5195	71.77
5196	71.79
5197	71.92
5198	71.79
5199	71.43
5200	71.6
5201	71.47
5202	71.5
5203	71.29
5204	70.91
5205	71.03
5206	71.08
5207	70.95
5208	71.26
5209	71.39
5210	71.43
5211	71.47
5212	71.83
5213	71.81
5214	71.47
5215	72.04
5216	71.68
5217	71.62
5218	71.98
5219	71.56
5220	72.27
5221	71.85
5222	72.11
5223	72.09
5224	71.96
5225	71.62
5226	71.58
5227	71.62
5228	71.33
5229	71.73
5230	71.68
5231	72.08
5232	71.6
5233	72.11
5234	71.96
5235	72.5
5236	71.83
5237	71.64
5238	71.5
5239	71.45
5240	71.69
5241	71.45
5242	71.45
5243	71.33
5244	71.45
5245	71.12
5246	71.56
5247	71.43
5248	71.35
5249	71.83
5250	71.56
5251	71.39
5252	71.6
5253	71.41
5254	71.54
5255	71.68
5256	71.39
5257	71.6
5258	71.41
5259	71.58
5260	71.79
5261	71.43
5262	71.69
5263	71.58
5264	71.83
5265	71.73
5266	71.66
5267	71.56
5268	71.5
5269	71.64
5270	71.58
5271	71.43
5272	71.68
5273	71.41
5274	71.08
5275	71.47
5276	71.22
5277	71.68
5278	71.87
5279	71.24
5280	71.64
5281	71.9
5282	72.11
5283	71.69
5284	71.69
5285	71.6
5286	71.66
5287	71.89
5288	71.81
5289	72.09
5290	72.25
5291	71.94
5292	71.94
5293	72.08
5294	72.02
5295	71.94
5296	72.63
5297	72.51
5298	72.46
5299	72.38
5300	72.29
5301	72.36
5302	72.13
5303	72.48
5304	72.46
5305	72.44
5306	72.32
5307	72.3
5308	72.34
5309	72.46
5310	72.8
5311	72.25
5312	72.59
5313	72.48
5314	72.5
5315	72.82
5316	72.63
5317	72.61
5318	72.55
5319	72.55
5320	72.82
5321	72.51
5322	72.76
5323	72.48
5324	72.4
5325	72.44
5326	72.63
5327	73.18
5328	72.4
5329	72.93
5330	73.6
5331	73.24
5332	73.37
5333	73.09
5334	72.86
5335	72.5
5336	72.51
5337	72.61
5338	72.86
5339	72.34
5340	72.5
5341	71.92
5342	72.27
5343	71.9
5344	72.5
5345	72.38
5346	72.55
5347	72.4
5348	72.86
5349	73.09
5350	73.32
5351	72.72
5352	72.93
5353	73.28
5354	72.92
5355	73.2
5356	72.92
5357	72.9
5358	72.5
5359	72.8
5360	72.55
5361	72.42
5362	72.67
5363	72.65
5364	72.93
5365	72.84
5366	72.67
5367	73.37
5368	73.09
5369	73.51
5370	73.37
5371	73.39
5372	72.99
5373	73.14
5374	73.24
5375	73.03
5376	73.11
5377	72.99
5378	73.18
5379	72.82
5380	72.78
5381	72.69
5382	72.9
5383	72.84
5384	72.63
5385	73.01
5386	73.47
5387	73.07
5388	72.9
5389	73.28
5390	73.18
5391	72.93
5392	73.24
5393	73.24
5394	72.78
5395	73.43
5396	73.05
5397	72.86
5398	72.76
5399	72.84
5400	72.69
5401	73.22
5402	72.69
5403	73.05
5404	72.93
5405	73.09
5406	73.79
5407	73.12
5408	73.49
5409	73.47
5410	73.49
5411	73.53
5412	73.12
5413	73.45
5414	73.3
5415	72.99
5416	72.61
5417	73.07
5418	72.67
5419	73.39
5420	72.92
5421	72.8
5422	73.05
5423	73.26
5424	73.7
5425	72.92
5426	73.43
5427	73.51
5428	73.28
5429	73.51
5430	73.35
5431	73.53
5432	73.68
5433	73.98
5434	73.47
5435	73.39
5436	73.33
5437	72.92
5438	72.97
5439	72.76
5440	73.62
5441	72.9
5442	73.28
5443	72.48
5444	73.18
5445	73.24
5446	72.65
5447	72.72
5448	72.97
5449	73.12
5450	72.69
5451	72.84
5452	73.11
5453	72.95
5454	73.32
5455	73.26
5456	73.66
5457	73.41
5458	73.91
5459	73.39
5460	73.54
5461	73.51
5462	73.47
5463	73.49
5464	73.2
5465	73.45
5466	73.22
5467	73.24
5468	73.2
5469	73.12
5470	72.8
5471	72.88
5472	72.93
5473	73.09
5474	72.72
5475	72.44
5476	72.21
5477	72.17
5478	71.68
5479	70.55
5480	71.06
5481	70.97
5482	70.55
5483	70.66
5484	70.03
5485	70.32
5486	70.65
5487	70.09
5488	69.9
5489	69.94
5490	70.03
5491	70.05
5492	70.15
5493	69.79
5494	70.21
5495	70.13
5496	69.84
5497	69.98
5498	70.38
5499	69.94
5500	70.36
5501	70.45
5502	70.95
5503	70.72
5504	70.55
5505	70.84
5506	71.2
5507	71.14
5508	71.52
5509	71.33
5510	71.2
5511	70.91
5512	70.82
5513	70.74
5514	70.7
5515	70.89
5516	71.22
5517	71.08
5518	70.91
5519	71.6
5520	71.64
5521	71.27
5522	71.48
5523	71.33
5524	71.45
5525	71.08
5526	71.26
5527	71.6
5528	71.16
5529	71.37
5530	71.1
5531	71.14
5532	70.99
5533	71.18
5534	71.81
5535	71.24
5536	71.52
5537	71.5
5538	71.06
5539	71.33
5540	71.1
5541	71.35
5542	71.29
5543	71.48
5544	71.06
5545	71.05
5546	70.97
5547	71.89
5548	71.37
5549	71.87
5550	71.92
5551	71.62
5552	71.77
5553	71.45
5554	71.52
5555	71.73
5556	71.52
5557	71.22
5558	71.06
5559	71.56
5560	71.48
5561	71.66
5562	71.85
5563	71.89
5564	71.89
5565	72.09
5566	71.6
5567	71.58
5568	71.66
5569	71.29
5570	71.71
5571	71.16
5572	71.94
5573	71.26
5574	71.43
5575	70.86
5576	71.31
5577	71.06
5578	71.18
5579	71.5
5580	71.66
5581	71.52
5582	71.5
5583	71.98
5584	71.64
5585	70.95
5586	71.43
5587	71.31
5588	71.06
5589	71.35
5590	71.06
5591	71.16
5592	71.48
5593	71.73
5594	71.77
5595	71.56
5596	71.73
5597	71.6
5598	71.56
5599	71.56
5600	71.75
5601	71.71
5602	71.5
5603	70.97
5604	71.18
5605	70.91
5606	71.35
5607	72.11
5608	71.56
5609	71.69
5610	71.37
5611	71.22
5612	71.35
5613	71.5
5614	71.48
5615	70.91
5616	71.52
5617	71.71
5618	71.68
5619	71.48
5620	71.73
5621	71.62
5622	71.79
5623	71.98
5624	71.79
5625	71.5
5626	71.41
5627	71.48
5628	71.14
5629	71.58
5630	71.08
5631	70.93
5632	70.78
5633	71.14
5634	71.12
5635	71.87
5636	71.75
5637	71.64
5638	71.64
5639	71.41
5640	71.31
5641	71.64
5642	71.79
5643	71.41
5644	70.89
5645	71.43
5646	71.56
5647	71.58
5648	71.94
5649	71.77
5650	71.52
5651	71.41
5652	71.85
5653	71.31
5654	70.91
5655	71.58
5656	71.24
5657	71.08
5658	72.32
5659	71.79
5660	71.96
5661	71.69
5662	71.43
5663	71.6
5664	71.56
5665	71.71
5666	71.01
5667	71.71
5668	71.9
5669	71.6
5670	71.52
5671	71.83
5672	71.75
5673	71.31
5674	71.41
5675	71.29
5676	71.24
5677	71.39
5678	71.66
5679	71.1
5680	71.37
5681	71.27
5682	71.39
5683	71.06
5684	70.93
5685	71.45
5686	71.08
5687	71.24
5688	71.39
5689	71.48
5690	71.6
5691	71.06
5692	71.73
5693	71.64
5694	71.6
5695	70.97
5696	71.33
5697	71.62
5698	71.5
5699	72.04
5700	71.39
5701	71.39
5702	71.39
5703	71.83
5704	71.27
5705	71.64
5706	72.02
5707	71.81
5708	72.02
5709	71.47
5710	71.26
5711	71.5
5712	71.39
5713	71.68
5714	71.89
5715	71.73
5716	72.11
5717	71.85
5718	71.45
5719	71.33
5720	71.26
5721	71.35
5722	71.69
5723	71.58
5724	71.85
5725	71.87
5726	71.68
5727	71.24
5728	71.73
5729	71.48
5730	71.45
5731	71.79
5732	71.47
5733	71.62
5734	71.31
5735	71.56
5736	71.66
5737	71.31
5738	71.71
5739	71.06
5740	70.74
5741	70.7
5742	70.87
5743	71.54
5744	71.41
5745	71.39
5746	71.77
5747	71.58
5748	71.41
5749	71.9
5750	71.58
5751	71.37
5752	71.05
5753	71.26
5754	71.48
5755	71.83
5756	71.77
5757	72.17
5758	71.62
5759	71.56
5760	71.69
5761	71.52
5762	71.75
5763	71.75
5764	71.77
5765	71.73
5766	71.52
5767	71.92
5768	72.11
5769	72.4
5770	72.27
5771	72.38
5772	72.59
5773	72.38
5774	72.55
5775	72.15
5776	72.42
5777	72.23
5778	72.04
5779	72.36
5780	71.98
5781	72.09
5782	72.21
5783	72.11
5784	72.51
5785	72.21
5786	72.84
5787	72.32
5788	72.29
5789	72.27
5790	72.04
5791	72.57
5792	72.32
5793	72.04
5794	72.48
5795	72.82
5796	72.5
5797	72.17
5798	72.36
5799	71.85
5800	72.38
5801	72.36
5802	72.78
5803	72.71
5804	72.95
5805	72.36
5806	72.69
5807	72.32
5808	72.84
5809	72.97
5810	72.93
5811	72.76
5812	73.47
5813	72.65
5814	72.67
5815	73.05
5816	72.88
5817	72.99
5818	72.71
5819	72.63
5820	72.48
5821	72.4
5822	72.21
5823	72.23
5824	72.55
5825	72.61
5826	72.36
5827	72.51
5828	72.32
5829	72.84
5830	72.4
5831	72.9
5832	72.17
5833	72.29
5834	72.38
5835	72.36
5836	72.65
5837	73.01
5838	73.01
5839	73.32
5840	73.14
5841	72.51
5842	72.63
5843	72.74
5844	72.69
5845	72.78
5846	72.92
5847	72.99
5848	73.11
5849	73.16
5850	72.86
5851	73.3
5852	73.28
5853	73.09
5854	73.56
5855	72.65
5856	73.14
5857	72.65
5858	72.78
5859	72.59
5860	72.95
5861	72.57
5862	72.63
5863	72.5
5864	72.57
5865	72.9
5866	72.61
5867	72.8
5868	72.38
5869	72.44
5870	72.59
5871	72.55
5872	72.3
5873	72.4
5874	72.97
5875	72.95
5876	72.76
5877	72.76
5878	72.5
5879	72.74
5880	72.95
5881	72.4
5882	72.55
5883	72.65
5884	72.78
5885	73.09
5886	72.93
5887	73.43
5888	73.11
5889	73.16
5890	73.68
5891	73.14
5892	72.67
5893	72.69
5894	72.42
5895	73.01
5896	72.88
5897	72.61
5898	72.93
5899	73.24
5900	73.22
5901	72.93
5902	72.82
5903	72.51
5904	72.78
5905	72.99
5906	73.05
5907	73.33
5908	73.16
5909	73.07
5910	73.16
5911	72.82
5912	72.63
5913	72.67
5914	72.93
5915	72.65
5916	72.82
5917	72.5
5918	72.57
5919	73.33
5920	72.61
5921	72.59
5922	72.4
5923	72.82
5924	73.51
5925	72.55
5926	72.9
5927	73.03
5928	72.71
5929	72.67
5930	72.69
5931	72.82
5932	72.99
5933	73.33
5934	73.22
5935	72.71
5936	72.97
5937	72.65
5938	72.84
5939	73.11
5940	72.76
5941	72.78
5942	73.49
5943	73.35
5944	73.3
5945	72.55
5946	72.65
5947	72.38
5948	72.59
5949	72.36
5950	71.94
5951	71.6
5952	71.12
5953	70.91
5954	70.8
5955	70.95
5956	70.91
5957	70.53
5958	70.15
5959	69.9
5960	70.17
5961	69.73
5962	70.26
5963	70.17
5964	70.03
5965	70.09
5966	70.47
5967	70.03
5968	70.11
5969	70.65
5970	70.53
5971	70.34
5972	70.45
5973	70.68
5974	70.34
5975	70.55
5976	70.55
5977	70.53
5978	70.65
5979	71.14
5980	70.17
5981	70.82
5982	70.76
5983	70.8
5984	71.22
5985	71.14
5986	70.7
5987	70.84
5988	71.12
5989	71.71
5990	70.91
5991	70.86
5992	70.86
5993	71.39
5994	71.56
5995	71.01
5996	70.84
5997	71.1
5998	71.37
5999	71.43
6000	71.58
6001	71.43
6002	71.5
6003	71.37
6004	71.69
6005	71.56
6006	70.97
6007	71.39
6008	71.73
6009	71.58
6010	71.47
6011	71.98
6012	71.14
6013	71.24
6014	71.1
6015	71.73
6016	71.18
6017	71.24
6018	71.27
6019	71.06
6020	70.93
6021	70.97
6022	71.03
6023	70.78
6024	70.87
6025	71.05
6026	71.52
6027	71.33
6028	70.95
6029	70.97
6030	71.08
6031	71.43
6032	71.56
6033	72
6034	71.37
6035	71.1
6036	71.03
6037	71.45
6038	71.69
6039	71.92
6040	71.45
6041	71.64
6042	71.08
6043	71.52
6044	71.56
6045	71.62
6046	71.52
6047	71.64
6048	71.41
6049	71.47
6050	70.86
6051	70.65
6052	70.93
6053	71.43
6054	71.22
6055	71.06
6056	71.39
6057	71.6
6058	71.66
6059	71.16
6060	71.03
6061	70.78
6062	70.93
6063	71.35
6064	71.22
6065	71.14
6066	71.14
6067	70.74
6068	70.86
6069	70.76
6070	71.06
6071	71.24
6072	71.56
6073	71.68
6074	71.69
6075	71.62
6076	70.8
6077	71.62
6078	70.89
6079	71.2
6080	71.1
6081	71.14
6082	71.01
6083	71.58
6084	71.68
6085	71.52
6086	71.14
6087	71.22
6088	71.01
6089	71.1
6090	71.05
6091	71.48
6092	71.56
6093	71.54
6094	71.41
6095	71.08
6096	71.06
6097	71.29
6098	71.45
6099	71.69
6100	71.58
6101	72
6102	71.47
6103	71.26
6104	71.05
6105	71.1
6106	71.48
6107	71.31
6108	71.29
6109	71.54
6110	71.33
6111	71.48
6112	71.71
6113	71.18
6114	70.86
6115	70.99
6116	70.86
6117	71.47
6118	70.87
6119	70.8
6120	71.31
6121	71.08
6122	70.65
6123	71.1
6124	71.08
6125	71.18
6126	71.14
6127	71.22
6128	71.43
6129	71.08
6130	71.5
6131	71.43
6132	71.1
6133	71.56
6134	70.99
6135	71.1
6136	71.41
6137	71.62
6138	71.41
6139	71.29
6140	71.2
6141	70.97
6142	71.2
6143	71.16
6144	71.24
6145	71.26
6146	71.14
6147	71.26
6148	71.47
6149	71.83
6150	71.75
6151	71.35
6152	71.06
6153	71.39
6154	71.39
6155	71.18
6156	71.52
6157	71.14
6158	70.99
6159	70.95
6160	71.14
6161	71.41
6162	71.06
6163	71.37
6164	71.69
6165	71.66
6166	71.31
6167	71.5
6168	71.26
6169	70.82
6170	70.55
6171	71.33
6172	71.05
6173	70.76
6174	71.37
6175	70.84
6176	70.84
6177	70.68
6178	71.18
6179	71.01
6180	71.06
6181	71.48
6182	70.99
6183	71.18
6184	71.05
6185	71.03
6186	71.5
6187	71.5
6188	71.69
6189	71.56
6190	71.12
6191	71.37
6192	71.41
6193	71.71
6194	71.48
6195	71.1
6196	71.1
6197	71.26
6198	71.2
6199	71.22
6200	71.14
6201	71.58
6202	71.41
6203	71.6
6204	71.43
6205	71.39
6206	70.89
6207	70.97
6208	70.72
6209	70.82
6210	70.8
6211	70.99
6212	70.7
6213	70.84
6214	70.82
6215	70.93
6216	70.91
6217	70.63
6218	71.27
6219	70.87
6220	70.93
6221	71.29
6222	71.54
6223	71.06
6224	70.97
6225	71.77
6226	71.43
6227	71.2
6228	71.64
6229	71.18
6230	70.86
6231	71.1
6232	71.14
6233	71.43
6234	71.27
6235	71.94
6236	71.64
6237	71.48
6238	71.75
6239	71.79
6240	71.79
6241	72.36
6242	72.51
6243	71.79
6244	71.9
6245	72.02
6246	72.32
6247	72.57
6248	72.42
6249	72.06
6250	71.64
6251	71.68
6252	71.96
6253	72.17
6254	72.59
6255	72.13
6256	71.92
6257	72.06
6258	72.36
6259	72.29
6260	71.98
6261	71.58
6262	71.9
6263	71.58
6264	71.92
6265	72.38
6266	71.47
6267	71.62
6268	71.85
6269	71.79
6270	72.27
6271	72.71
6272	71.94
6273	72.08
6274	72.23
6275	72.34
6276	72.29
6277	72
6278	71.56
6279	72.02
6280	72.15
6281	72.51
6282	72.19
6283	71.81
6284	71.83
6285	72.3
6286	72.08
6287	72.32
6288	72.3
6289	72.11
6290	71.92
6291	72.21
6292	72.25
6293	72.59
6294	72.21
6295	72.02
6296	72.06
6297	71.73
6298	72.72
6299	71.52
6300	71.81
6301	71.89
6302	71.87
6303	72.55
6304	71.81
6305	71.96
6306	72.17
6307	72.13
6308	72.48
6309	72.3
6310	72.27
6311	72.11
6312	72.48
6313	72.76
6314	72.02
6315	72.25
6316	72.32
6317	72.5
6318	72.46
6319	72.09
6320	72.69
6321	72.61
6322	72.21
6323	71.94
6324	72.57
6325	72.21
6326	72.17
6327	72.8
6328	72.65
6329	72.21
6330	72.99
6331	72.17
6332	72.32
6333	72.55
6334	72.95
6335	71.85
6336	72.57
6337	72.44
6338	73.03
6339	72.46
6340	72.61
6341	72.65
6342	72.42
6343	72.11
6344	72.48
6345	72.08
6346	72.69
6347	71.77
6348	71.9
6349	72.25
6350	72.71
6351	71.9
6352	72.48
6353	72.71
6354	72.97
6355	71.75
6356	72.53
6357	72.67
6358	72.69
6359	72.51
6360	72.23
6361	72.67
6362	72.51
6363	72.48
6364	72.5
6365	72.84
6366	72.5
6367	72.74
6368	72.61
6369	72.76
6370	72.59
6371	72.74
6372	72.69
6373	72.84
6374	72.32
6375	72.74
6376	72.4
6377	72.4
6378	72.32
6379	72.65
6380	72.69
6381	72.53
6382	71.73
6383	72.02
6384	72.36
6385	72.55
6386	72.61
6387	72.42
6388	72
6389	72.06
6390	72.9
6391	72.3
6392	72.19
6393	72.53
6394	72.88
6395	72.29
6396	72.4
6397	72.88
6398	72.65
6399	72.17
6400	72.71
6401	72.61
6402	72.78
6403	72.46
6404	72.76
6405	72.38
6406	72.25
6407	72.55
6408	72.76
6409	72.63
6410	72.15
6411	72.38
6412	72.51
6413	72.29
6414	72.44
6415	72.63
6416	72.19
6417	71.94
6418	72.27
6419	72.19
6420	71.94
6421	71.81
6422	71.79
6423	71.73
6424	72.04
6425	71.89
6426	70.74
6427	70.7
6428	70.95
6429	70.68
6430	69.77
6431	70.13
6432	70.17
6433	69.83
6434	69.46
6435	69.75
6436	69.9
6437	69.18
6438	69.79
6439	69.88
6440	70
6441	69.6
6442	69.54
6443	70.07
6444	70.51
6445	69.35
6446	70.21
6447	70
6448	70.11
6449	69.84
6450	69.84
6451	70.15
6452	70.7
6453	70.23
6454	70.09
6455	70.65
6456	70.47
6457	70.66
6458	69.96
6459	70.65
6460	70.87
6461	70.59
6462	70.42
6463	70.7
6464	70.51
6465	70.68
6466	70.91
6467	70.09
6468	70.55
6469	70.38
6470	70.07
6471	70.34
6472	70.91
6473	71.01
6474	70.3
6475	70.93
6476	71.37
6477	70.87
6478	70.91
6479	70.86
6480	70.65
6481	70.51
6482	70.78
6483	70.8
6484	70.76
6485	70.84
6486	70.74
6487	70.74
6488	70.82
6489	70.44
6490	70.66
6491	70.8
6492	71.06
6493	71.22
6494	71.45
6495	70.53
6496	70.95
6497	70.89
6498	70.95
6499	71.27
6500	70.78
6501	71.2
6502	70.91
6503	71.35
6504	71.06
6505	70.95
6506	70.53
6507	71.22
6508	70.74
6509	70.68
6510	70.72
6511	70.63
6512	70.86
6513	70.99
6514	70.8
6515	70.87
6516	70.97
6517	70.65
6518	71.12
6519	70.84
6520	70.51
6521	71.06
6522	70.72
6523	70.47
6524	70.63
6525	70.57
6526	70.53
6527	70.4
6528	70.36
6529	70.47
6530	70.78
6531	70.59
6532	70.63
6533	70.65
6534	71.08
6535	70.89
6536	71.2
6537	70.72
6538	71.22
6539	71.22
6540	71.37
6541	70.78
6542	70.87
6543	70.66
6544	70.57
6545	70.74
6546	70.57
6547	70.57
6548	70.87
6549	71.31
6550	71.64
6551	71.39
6552	70.4
6553	70.74
6554	70.91
6555	71.06
6556	70.97
6557	71.1
6558	71.2
6559	71.03
6560	71.47
6561	70.55
6562	70.87
6563	70.45
6564	70.65
6565	70.91
6566	70.86
6567	71.43
6568	71.22
6569	70.78
6570	70.57
6571	70.32
6572	70.65
6573	70.19
6574	70.4
6575	70.65
6576	70.57
6577	70.09
6578	70.68
6579	70.76
6580	70.65
6581	70.99
6582	71.12
6583	70.89
6584	70.34
6585	70.44
6586	70.76
6587	70.91
6588	71.6
6589	70.99
6590	70.8
6591	70.42
6592	70.78
6593	70.8
6594	71.05
6595	71.01
6596	70.93
6597	70.36
6598	70.57
6599	70.61
6600	70.86
6601	71.03
6602	71.05
6603	70.61
6604	70.89
6605	70.74
6606	70.78
6607	71.05
6608	70.99
6609	71.1
6610	70.95
6611	71.33
6612	70.59
6613	70.76
6614	70.86
6615	70.8
6616	70.49
6617	70.89
6618	70.47
6619	70.13
6620	70.09
6621	70.59
6622	70.45
6623	70.74
6624	70.8
6625	71.03
6626	70.32
6627	70.63
6628	70.24
6629	70.84
6630	70.78
6631	71.06
6632	70.42
6633	70.4
6634	70.55
6635	70.78
6636	71.12
6637	71.2
6638	70.74
6639	70.63
6640	71.03
6641	70.55
6642	70.84
6643	70.55
6644	70.4
6645	70.57
6646	70.51
6647	70.68
6648	70.68
6649	70.84
6650	70.42
6651	70.36
6652	70.65
6653	70.47
6654	71.1
6655	70.38
6656	70.24
6657	70.53
6658	70.72
6659	70.72
6660	70.65
6661	70.59
6662	70.44
6663	70.38
6664	71.37
6665	70.53
6666	70.44
6667	70.61
6668	70.78
6669	71.05
6670	70.15
6671	69.98
6672	70.4
6673	71.24
6674	70.21
6675	70.3
6676	70.44
6677	70.66
6678	70.24
6679	71.35
6680	70.55
6681	70.57
6682	70.8
6683	70.95
6684	70.86
6685	70.47
6686	70.59
6687	70.8
6688	70.91
6689	70.38
6690	70.34
6691	70.89
6692	70.89
6693	70.89
6694	70.23
6695	70.7
6696	71.35
6697	71.47
6698	70.72
6699	70.49
6700	70.86
6701	70.7
6702	71.22
6703	70.7
6704	70.74
6705	71.14
6706	71.56
6707	70.44
6708	70.91
6709	71.16
6710	71.35
6711	70.63
6712	70.84
6713	71.31
6714	71.12
6715	71.79
6716	71.24
6717	71.1
6718	71.08
6719	71.08
6720	71.43
6721	71.2
6722	71.03
6723	71.08
6724	71.08
6725	71.62
6726	70.91
6727	70.95
6728	71.27
6729	71.56
6730	71.98
6731	71.75
6732	71.77
6733	71.52
6734	71.77
6735	72.02
6736	71.5
6737	71.43
6738	71.54
6739	71.75
6740	71.85
6741	71.47
6742	71.83
6743	71.81
6744	71.92
6745	71.77
6746	71.94
6747	71.69
6748	72.15
6749	71.58
6750	71.69
6751	71.75
6752	71.77
6753	72.11
6754	71.89
6755	71.64
6756	71.87
6757	71.68
6758	72.17
6759	72.21
6760	71.47
6761	71.27
6762	71.56
6763	71.77
6764	71.54
6765	71.01
6766	71.41
6767	71.69
6768	71.77
6769	71.12
6770	71.14
6771	71.85
6772	71.87
6773	72.19
6774	71.83
6775	71.68
6776	71.62
6777	72.25
6778	71.89
6779	71.83
6780	72.08
6781	71.66
6782	71.94
6783	71.35
6784	72.34
6785	71.98
6786	72.08
6787	72.61
6788	72.5
6789	72.08
6790	72.36
6791	71.71
6792	71.79
6793	72.15
6794	72.36
6795	71.48
6796	71.35
6797	71.6
6798	71.79
6799	71.66
6800	71.75
6801	71.58
6802	71.9
6803	71.16
6804	72.4
6805	71.89
6806	71.45
6807	71.73
6808	72.29
6809	72.19
6810	72.08
6811	72.4
6812	72.25
6813	72.27
6814	71.98
6815	71.79
6816	72.27
6817	72.17
6818	71.83
6819	72.02
6820	72.11
6821	71.81
6822	72.19
6823	72.13
6824	72.32
6825	71.89
6826	72.02
6827	72.29
6828	72.32
6829	71.87
6830	72.23
6831	72.74
6832	71.85
6833	72.08
6834	72.53
6835	72.34
6836	71.96
6837	72.15
6838	72.59
6839	72.65
6840	71.71
6841	71.98
6842	72.46
6843	72.36
6844	72.04
6845	72.02
6846	72.38
6847	72.06
6848	71.41
6849	71.9
6850	71.77
6851	71.68
6852	71.9
6853	71.58
6854	71.81
6855	72.15
6856	72.34
6857	71.68
6858	71.87
6859	72.09
6860	72.99
6861	72.48
6862	72.08
6863	71.79
6864	72.57
6865	72.48
6866	72.38
6867	72.36
6868	72.65
6869	72.93
6870	72.71
6871	72.06
6872	72.04
6873	72.5
6874	72.4
6875	72.11
6876	72.5
6877	72.13
6878	72.3
6879	72.46
6880	72.25
6881	72.09
6882	72.23
6883	72.61
6884	72.11
6885	72.13
6886	72.09
6887	71.81
6888	72.15
6889	72
6890	71.71
6891	71.92
6892	72.92
6893	72.17
6894	72.04
6895	72.04
6896	72.15
6897	72.19
6898	71.12
6899	70.87
6900	71.27
6901	70.53
6902	70.57
6903	70.13
6904	70.32
6905	69.92
6906	70.17
6907	69.41
6908	69.56
6909	69.88
6910	70.55
6911	69.92
6912	69.44
6913	69.52
6914	69.54
6915	69.96
6916	69.04
6917	69.65
6918	70.09
6919	70.05
6920	69.79
6921	69.31
6922	69.62
6923	70.3
6924	70.02
6925	69.63
6926	70.38
6927	70.26
6928	70.3
6929	69.77
6930	70.49
6931	70.51
6932	70
6933	69.88
6934	70.11
6935	70.38
6936	70.09
6937	69.73
6938	70.09
6939	70.53
6940	69.63
6941	70.03
6942	70.51
6943	70
6944	70.36
6945	70.61
6946	70.4
6947	69.94
6948	70.49
6949	70.55
6950	70.21
6951	70.57
6952	70.72
6953	70.66
6954	70.19
6955	70.65
6956	71.03
6957	70.34
6958	70.76
6959	70.99
6960	70.03
6961	70.44
6962	70.57
6963	70.66
6964	70.28
6965	70.49
6966	70.49
6967	70.51
6968	70.45
6969	70.44
6970	70.59
6971	71.08
6972	70.59
6973	70.57
6974	70.53
6975	70.38
6976	71.31
6977	69.98
6978	70.55
6979	71.08
6980	70.97
6981	70.68
6982	70.34
6983	70.59
6984	70.49
6985	70.76
6986	69.96
6987	70.47
6988	70.13
6989	70.32
6990	70.51
6991	70.03
6992	69.84
6993	70.23
6994	70.19
6995	70.51
6996	70.3
6997	70.66
6998	70.63
6999	70.57
7000	70.42
7001	70.3