1	370.1
2	370.1
3	370.1
4	370.2
5	370.2
6	370.2
7	370.3
8	370.2
9	370.3
10	370.2
11	370.2
12	370.3
13	370.4
14	370.2
15	370.4
16	370.4
17	370.4
18	370.4
19	370.3
20	370.4
21	370.4
22	370.1
23	370.2
24	370.3
25	370.3
26	370.2
27	370.2
28	370.3
29	370
30	370.2
31	370.4
32	370.3
33	370.2
34	370.4
35	370.3
36	370.2
37	370.2
38	370.3
39	370.3
40	370.3
41	370.3
42	370.2
43	370.3
44	370.1
45	370
46	369.9
47	369.8
48	369.6
49	369.6
50	369.8
51	369.8
52	369.6
53	369.8
54	369.8
55	369.8
56	369.8
57	369.9
58	369.8
59	370.1
60	369.9
61	370.1
62	370
63	370.3
64	370.4
65	370.3
66	370.3
67	370.4
68	370.4
69	370.2
70	370.4
71	370.2
72	370
73	369.9
74	369.9
75	369.9
76	369.9
77	369.9
78	369.8
79	369.9
80	369.8
81	370.1
82	369.9
83	370
84	369.8
85	370.1
86	370.1
87	370.3
88	370.1
89	370.2
90	370.2
91	370.2
92	370.5
93	370.6
94	370.6
95	370.4
96	370.7
97	370.4
98	370.4
99	370.5
100	370.4
101	370.2
102	370.3
103	370.2
104	370.4
105	370.6
106	371.1
107	371.4
108	371.7
109	371.8
110	372.1
111	372.4
112	372.4
113	372.3
114	372.5
115	373
116	373.1
117	373.4
118	373.7
119	373.9
120	373.9
121	374
122	374.3
123	374.3
124	374.8
125	375.1
126	375.4
127	375.2
128	375.3
129	375.6
130	375.7
131	375.9
132	376
133	375.9
134	375.9
135	375.8
136	376
137	376.1
138	376.1
139	375.9
140	376.3
141	376.5
142	376.5
143	376.8
144	376.8
145	376.9
146	376.9
147	376.9
148	376.6
149	376.8
150	376.5
151	376.5
152	376.2
153	376.4
154	376.3
155	376.2
156	376
157	376.2
158	376.2
159	376.2
160	376.2
161	376.4
162	376.4
163	376.2
164	376.2
165	375.9
166	375.9
167	375.8
168	375.7
169	375.6
170	375.7
171	375.7
172	375.6
173	375.4
174	375.4
175	375.3
176	375.2
177	375
178	375.1
179	375.1
180	375.3
181	375.4
182	375.7
183	375.9
184	376
185	376.2
186	376.2
187	376.4
188	376.4
189	376.3
190	376.5
191	376.2
192	376.2
193	376.3
194	376.2
195	376.2
196	376
197	376.2
198	375.9
199	376
200	376
201	376.2
202	376.5
203	376.7
204	376.6
205	377.3
206	376.5
207	376.3
208	376.5
209	377
210	377.3
211	377.7
212	377.8
213	378.3
214	378.2
215	378.2
216	377.8
217	377.5
218	377.2
219	377.1
220	377.2
221	377
222	377.2
223	377.2
224	377.2
225	377.3
226	377.5
227	377.5
228	377.4
229	377.4
230	377.5
231	377.5
232	377.3
233	377.7
234	378
235	378.1
236	378
237	378.2
238	378
239	377.9
240	377.8
241	377.8
242	377.9
243	377.5
244	377.6
245	377.7
246	377.7
247	377.8
248	378.1
249	378.1
250	378.1
251	378.1
252	377.8
253	377.8
254	377.7
255	377.5
256	377.7
257	377.8
258	377.7
259	377.7
260	377.8
261	377.8
262	378.1
263	378.5
264	378.5
265	378.3
266	378.2
267	378.4
268	378.5
269	378.6
270	378.2
271	378.3
272	378
273	377.9
274	377.9
275	378.4
276	378.4
277	378.4
278	378.3
279	378.2
280	378
281	377.4
282	376.9
283	375.7
284	375.6
285	375
286	374.6
287	374.6
288	374.4
289	374.6
290	374.5
291	374.6
292	374.4
293	374.3
294	373.5
295	372.5
296	371.7
297	369.8
298	367.6
299	365.4
300	364.6
301	362.7
302	361.3
303	360.6
304	359.8
305	359.1
306	359
307	358.8
308	359.2
309	359.5
310	359.7
311	360
312	360.5
313	360.9
314	361.6
315	361.9
316	362.4
317	362.8
318	363.5
319	363.7
320	364
321	364.6
322	365
323	365.1
324	365.5
325	365.7
326	366
327	366.2
328	366.5
329	366.6
330	366.6
331	366.9
332	367.3
333	367.3
334	367.3
335	367.5
336	367.4
337	367.6
338	367.4
339	367.4
340	367.4
341	367.5
342	367.4
343	367.6
344	367.9
345	368.2
346	368.2
347	368.2
348	368.3
349	368.3
350	368.2
351	368.4
352	368.2
353	368.3
354	368.5
355	368.5
356	368.4
357	368.3
358	368.4
359	368.8
360	368.8
361	368.8
362	369.1
363	369
364	369
365	369
366	369
367	369
368	369
369	369
370	369.1
371	369
372	369.1
373	369
374	368.9
375	368.9
376	369
377	369
378	368.9
379	369.1
380	368.8
381	368.8
382	368.9
383	368.9
384	368.8
385	368.8
386	368.8
387	368.8
388	368.6
389	368.8
390	368.8
391	368.8
392	368.9
393	368.9
394	368.8
395	368.8
396	368.8
397	368.7
398	368.6
399	368.8
400	368.7
401	368.6
402	368.6
403	368.7
404	368.5
405	368.7
406	368.8
407	368.8
408	368.9
409	368.8
410	368.9
411	369.1
412	369.1
413	369.3
414	369.2
415	369.4
416	369.1
417	369.1
418	369.2
419	369.1
420	369.3
421	369.1
422	369.2
423	369.2
424	369.3
425	369.5
426	369.5
427	369.6
428	369.5
429	369.4
430	369.3
431	369.3
432	369.3
433	369
434	368.8
435	368.8
436	368.8
437	369.1
438	368.8
439	369
440	369.1
441	369.3
442	369.4
443	369.5
444	369.5
445	369.4
446	369.1
447	369.3
448	368.8
449	369.2
450	369.1
451	369.1
452	369.4
453	369.4
454	369.5
455	369.3
456	369.3
457	369.2
458	369.4
459	369.2
460	369.3
461	369.2
462	369.3
463	369.5
464	369.5
465	369.5
466	369.2
467	368.8
468	368.7
469	368.3
470	368.5
471	368.5
472	368.5
473	368.6
474	368.6
475	368.7
476	368.7
477	369
478	369
479	368.9
480	368.9
481	369
482	369
483	369
484	368.8
485	369.1
486	368.9
487	368.9
488	368.7
489	368.6
490	368.5
491	368.5
492	368.4
493	368.4
494	368.4
495	368.5
496	368.7
497	368.6
498	368.7
499	368.5
500	368.4
501	368.5
502	368.3
503	368.3
504	368.2
505	368.2
506	368.5
507	368.5
508	368.4
509	368.4
510	368.5
511	368.5
512	368.4
513	368.4
514	368.2
515	368.4
516	368.4
517	368.4
518	368.4
519	368.5
520	368.5
521	368.5
522	368.7
523	368.3
524	368.2
525	368.3
526	368.3
527	368.5
528	368.4
529	368.4
530	368.5
531	368.4
532	368.3
533	368.2
534	368.1
535	368.1
536	368.1
537	367.9
538	368
539	367.9
540	368
541	368
542	368.2
543	368.2
544	368.1
545	368.3
546	368.1
547	368.4
548	368.5
549	368.4
550	368.2
551	368.2
552	368.3
553	368.1
554	368.2
555	368
556	367.8
557	367.9
558	367.7
559	367.6
560	367.8
561	367.8
562	367.8
563	367.8
564	367.9
565	367.7
566	367.6
567	367.6
568	367.5
569	367.5
570	367.5
571	367.5
572	367.5
573	367.5
574	367.8
575	367.5
576	367.5
577	367.5
578	367.5
579	368.2
580	368.6
581	369.5
582	369.7
583	370.2
584	370.4
585	370.8
586	371
587	371.6
588	371.9
589	372.4
590	372.9
591	373.1
592	373.3
593	373.7
594	373.9
595	374.5
596	375.1
597	375.5
598	375.6
599	375.7
600	375.9
601	376
602	375.9
603	376.1
604	376.2
605	376.2
606	376.1
607	376.2
608	376.2
609	376.2
610	375.9
611	375.8
612	375.6
613	375.5
614	375.2
615	375.5
616	375.9
617	376.1
618	376.2
619	376
620	376
621	375.7
622	375.4
623	375.8
624	375.9
625	376.2
626	376.2
627	376.3
628	376.3
629	376.4
630	376.4
631	376.3
632	376.2
633	376.4
634	376.5
635	376.6
636	376.9
637	377.2
638	377.1
639	376.9
640	376.9
641	376.9
642	376.8
643	376.9
644	376.7
645	376.9
646	376.8
647	376.9
648	376.5
649	376.4
650	376.1
651	375.9
652	375.9
653	375.6
654	375.6
655	375.8
656	376.4
657	376.6
658	377
659	377.4
660	377.8
661	377.4
662	377.5
663	377.4
664	377.5
665	377.3
666	377.3
667	377.1
668	377
669	376.9
670	376.8
671	377
672	376.9
673	376.6
674	376.5
675	376.5
676	376.4
677	376.5
678	376.4
679	376.3
680	376.5
681	376.5
682	376.4
683	376.4
684	376.3
685	376.2
686	376.2
687	376.1
688	376
689	375.9
690	375.9
691	375.9
692	375.9
693	376.1
694	376.2
695	376.5
696	376.5
697	376.6
698	376.6
699	376.3
700	376.3
701	376.2
702	376.3
703	376.3
704	376.5
705	376.4
706	376.2
707	376
708	375.7
709	375.8
710	375.9
711	376.1
712	376.3
713	376.5
714	376.8
715	376.9
716	376.9
717	376.5
718	376.3
719	376.2
720	375.9
721	376
722	375.9
723	375.9
724	376.2
725	376.4
726	376.3
727	376.2
728	376.4
729	376.2
730	376.3
731	376.4
732	376.5
733	376.9
734	376.7
735	376.5
736	376.3
737	376.5
738	376.4
739	376.7
740	376.6
741	376.5
742	376.3
743	376.1
744	375.9
745	375.9
746	375.7
747	375.9
748	375.9
749	376
750	375.9
751	374.2
752	376.1
753	376.2
754	376
755	375.9
756	375.8
757	375.6
758	375.3
759	374.9
760	374.6
761	374.1
762	374.1
763	374
764	374
765	373.8
766	373.8
767	373
768	372
769	370.4
770	369.5
771	366.7
772	364.2
773	362.9
774	361.1
775	359.4
776	358.1
777	357.9
778	357.2
779	356.9
780	357
781	357.2
782	357.3
783	357.9
784	358.2
785	358.7
786	359.1
787	359.5
788	360.2
789	360.4
790	361
791	361.4
792	362
793	362.2
794	362.5
795	362.7
796	363
797	363.3
798	363.7
799	364
800	364.1
801	364.5
802	364.6
803	364.9
804	365
805	365.3
806	365.2
807	365.5
808	365.6
809	365.9
810	366.1
811	366.2
812	366.4
813	366.5
814	366.5
815	366.6
816	366.6
817	366.6
818	366.9
819	366.8
820	366.9
821	366.9
822	366.9
823	366.8
824	367.1
825	366.9
826	366.8
827	366.8
828	366.9
829	366.8
830	366.7
831	366.9
832	366.9
833	366.8
834	367.2
835	367
836	367.3
837	367.3
838	367.2
839	367.5
840	367.3
841	367.7
842	367.5
843	367.5
844	367.7
845	367.6
846	367.8
847	367.7
848	367.9
849	367.9
850	367.8
851	367.9
852	367.9
853	367.8
854	367.9
855	368
856	368.2
857	368.2
858	368.2
859	368.2
860	367.9
861	368
862	367.9
863	367.7
864	367.7
865	367.7
866	367.7
867	367.7
868	367.8
869	367.7
870	367.8
871	367.6
872	367.9
873	367.5
874	367.5
875	367.5
876	367.4
877	367.5
878	367.2
879	367.3
880	367.2
881	367.6
882	367.8
883	367.8
884	367.5
885	367.5
886	367.5
887	367.6
888	367.6
889	367.6
890	367.5
891	367.7
892	367.6
893	367.5
894	367.8
895	367.5
896	367.5
897	367.7
898	367.7
899	367.7
900	367.8
901	367.8
902	368
903	368.1
904	368.1
905	368.2
906	368.2
907	368.4
908	368.6
909	368.5
910	368.5
911	368.7
912	368.8
913	368.5
914	368.5
915	368.6
916	368.6
917	368.5
918	368.5
919	368.6
920	368.5
921	368.5
922	368.6
923	368.6
924	368.8
925	368.4
926	368.5
927	368.4
928	368.4
929	368.2
930	368.3
931	368.1
932	368.2
933	368.2
934	368.1
935	368.1
936	368.1
937	368.2
938	368.2
939	368.2
940	368.2
941	368.2
942	368.2
943	368.3
944	368.3
945	368.4
946	368.2
947	367.9
948	367.8
949	367.8
950	367.7
951	367.9
952	367.5
953	367.9
954	367.7
955	367.8
956	367.7
957	367.6
958	367.6
959	367.7
960	367.8
961	367.7
962	367.7
963	367.6
964	367.5
965	367.7
966	367.5
967	367.5
968	367.7
969	367.5
970	367.6
971	367.8
972	367.6
973	367.6
974	367.7
975	367.7
976	367.3
977	367.5
978	367.6
979	367.7
980	367.9
981	367.9
982	367.7
983	367.8
984	368
985	367.8
986	368
987	367.9
988	367.9
989	367.9
990	367.9
991	367.9
992	368
993	367.8
994	367.7
995	367.6
996	367.7
997	367.8
998	367.9
999	367.9
1000	368.2
1001	367.9
1002	368
1003	368.1
1004	368
1005	367.9
1006	367.9
1007	367.9
1008	368.2
1009	368.3
1010	368.2
1011	368.4
1012	368.3
1013	368.3
1014	368.3
1015	368.2
1016	368.5
1017	368.4
1018	368.3
1019	368.4
1020	368.3
1021	368.1
1022	368.2
1023	368
1024	368
1025	368.1
1026	367.9
1027	367.9
1028	367.8
1029	367.8
1030	367.8
1031	367.9
1032	367.5
1033	367.6
1034	367.6
1035	367.7
1036	368
1037	368
1038	368.2
1039	368.3
1040	368.3
1041	368.4
1042	368.3
1043	368.2
1044	368.1
1045	367.9
1046	368
1047	367.9
1048	368.1
1049	367.9
1050	368.2
1051	368.8
1052	369.5
1053	370.1
1054	371.1
1055	371.4
1056	371.7
1057	371.9
1058	372.2
1059	372.7
1060	372.9
1061	373.2
1062	373.6
1063	374
1064	374.4
1065	375
1066	375.2
1067	375.4
1068	375.7
1069	376
1070	376.2
1071	376.1
1072	376
1073	376
1074	376.2
1075	376.4
1076	376.5
1077	376.8
1078	376.2
1079	376.4
1080	375.9
1081	375.9
1082	375.7
1083	375.9
1084	376.1
1085	376.5
1086	376.7
1087	376.7
1088	376.5
1089	376.5
1090	376.5
1091	375.9
1092	376
1093	375.9
1094	376
1095	375.9
1096	375.9
1097	376
1098	376.2
1099	376.1
1100	375.9
1101	375.6
1102	375.6
1103	375.6
1104	375.3
1105	375.1
1106	375.2
1107	375.3
1108	375.7
1109	375.9
1110	375.9
1111	375.9
1112	375.7
1113	375.7
1114	375.7
1115	375.9
1116	376.2
1117	376
1118	376.6
1119	376.8
1120	376.5
1121	376.6
1122	376.4
1123	375.6
1124	375.3
1125	375.3
1126	375.1
1127	375.2
1128	375.6
1129	375.6
1130	375.9
1131	376.2
1132	376.2
1133	376.2
1134	376.2
1135	376.2
1136	376.2
1137	376.2
1138	376.2
1139	376.5
1140	376.4
1141	376.7
1142	376.8
1143	376.9
1144	377
1145	376.8
1146	376.9
1147	376.9
1148	376.6
1149	376.5
1150	376.5
1151	376.2
1152	376.2
1153	376.2
1154	376.2
1155	376.2
1156	376.1
1157	375.7
1158	375.9
1159	375.8
1160	375.9
1161	375.7
1162	375.9
1163	375.8
1164	375.6
1165	375.5
1166	375.5
1167	375.6
1168	375.4
1169	375.3
1170	375.1
1171	375.2
1172	375.3
1173	375.4
1174	375.1
1175	374.8
1176	374.4
1177	374.3
1178	374.3
1179	374.2
1180	374.4
1181	374.7
1182	374.8
1183	374.6
1184	374.9
1185	375
1186	375.2
1187	375.4
1188	375.5
1189	375.5
1190	375.6
1191	375.5
1192	375.6
1193	375.6
1194	375.5
1195	375.5
1196	375.3
1197	375.5
1198	375.5
1199	375.7
1200	376
1201	375.9
1202	375.9
1203	375.9
1204	375.6
1205	375.6
1206	375.4
1207	375.3
1208	375.1
1209	375.4
1210	375.7
1211	375.6
1212	375.8
1213	375.7
1214	375.7
1215	376
1216	376.1
1217	375.9
1218	376.2
1219	376.1
1220	375.9
1221	375.7
1222	375.5
1223	375.6
1224	375.6
1225	375.9
1226	375.5
1227	375.3
1228	374.8
1229	374.1
1230	373.8
1231	373.1
1232	373
1233	372.6
1234	372.4
1235	372.4
1236	372.4
1237	372.5
1238	372.5
1239	372.4
1240	372.4
1241	371.8
1242	370.7
1243	370.1
1244	368.3
1245	366
1246	363.8
1247	362.7
1248	360.4
1249	358.6
1250	357.2
1251	356.6
1252	356.1
1253	355.6
1254	355.8
1255	355.6
1256	356.1
1257	356.4
1258	357.1
1259	357.4
1260	358.1
1261	358.5
1262	359.1
1263	359.2
1264	359.8
1265	360.2
1266	360.5
1267	360.8
1268	361.5
1269	361.7
1270	361.9
1271	362.3
1272	362.5
1273	363.1
1274	363.1
1275	363.4
1276	363.7
1277	364
1278	363.9
1279	364.3
1280	364.5
1281	364.6
1282	364.9
1283	364.9
1284	364.9
1285	365.2
1286	365.2
1287	365.3
1288	365.5
1289	365.3
1290	365.6
1291	365.7
1292	365.6
1293	365.6
1294	365.8
1295	365.6
1296	366
1297	365.9
1298	365.8
1299	366
1300	365.9
1301	365.8
1302	366.1
1303	366.2
1304	366
1305	365.9
1306	366
1307	365.9
1308	366.1
1309	366.2
1310	366.1
1311	366.2
1312	366
1313	365.9
1314	365.9
1315	366
1316	365.9
1317	366.1
1318	366
1319	366.2
1320	366.2
1321	366.2
1322	366.2
1323	366.2
1324	366.3
1325	366.5
1326	366.2
1327	366.6
1328	366.6
1329	366.5
1330	366.9
1331	366.2
1332	366.3
1333	366.2
1334	366.2
1335	366.2
1336	366.2
1337	366.4
1338	366.5
1339	366.6
1340	366.6
1341	366.4
1342	366.5
1343	366.3
1344	366.4
1345	366.4
1346	366.3
1347	366.2
1348	366.3
1349	366.3
1350	366.4
1351	366.4
1352	366.3
1353	366.4
1354	366.3
1355	366.5
1356	366.4
1357	366.4
1358	366.2
1359	366.3
1360	366.2
1361	366.3
1362	366.4
1363	366.4
1364	366.3
1365	366.4
1366	366.3
1367	366.3
1368	366.2
1369	366.2
1370	366.4
1371	366.3
1372	366.4
1373	366.3
1374	366.2
1375	366.4
1376	366.2
1377	366.2
1378	366.3
1379	366.6
1380	366.6
1381	366.6
1382	366.7
1383	366.6
1384	366.6
1385	366.6
1386	366.5
1387	366.6
1388	366.5
1389	366.6
1390	366.6
1391	366.6
1392	366.6
1393	366.5
1394	366.4
1395	366.2
1396	366.2
1397	366.2
1398	366.2
1399	366.3
1400	366.3
1401	366.4
1402	366.4
1403	366.7
1404	366.8
1405	366.6
1406	366.7
1407	366.6
1408	366.5
1409	366.3
1410	366.2
1411	366.5
1412	366.4
1413	366.4
1414	366.4
1415	366.2
1416	366.2
1417	366.3
1418	366.3
1419	366.3
1420	366.2
1421	366.3
1422	366.3
1423	366.2
1424	366.1
1425	365.9
1426	366
1427	366
1428	366.1
1429	366.2
1430	366.2
1431	366.3
1432	366.2
1433	366.4
1434	366.5
1435	366.4
1436	366.7
1437	366.6
1438	366.7
1439	366.6
1440	366.7
1441	366.9
1442	366.9
1443	366.8
1444	366.9
1445	367
1446	366.9
1447	366.9
1448	367
1449	367
1450	366.9
1451	367
1452	367
1453	367.2
1454	367.3
1455	367.5
1456	367.4
1457	367.2
1458	367.4
1459	367.3
1460	367.2
1461	367
1462	367.1
1463	367.2
1464	367.3
1465	367.2
1466	367.1
1467	367.2
1468	366.9
1469	366.9
1470	366.9
1471	366.9
1472	366.9
1473	366.9
1474	366.8
1475	366.7
1476	366.7
1477	366.7
1478	366.8
1479	366.9
1480	366.9
1481	366.9
1482	366.9
1483	367
1484	367.1
1485	367.2
1486	367.2
1487	367.2
1488	367.2
1489	367.4
1490	367.5
1491	367.5
1492	367.5
1493	367.6
1494	367.6
1495	367.5
1496	367.5
1497	367.5
1498	367.8
1499	367.9
1500	368
1501	368.2
1502	368.2
1503	368.2
1504	368.4
1505	368.4
1506	368.5
1507	368.5
1508	368.5
1509	368.6
1510	368.5
1511	368.5
1512	368.5
1513	368.5
1514	368.6
1515	368.5
1516	368.5
1517	368.5
1518	368.5
1519	368.4
1520	368.3
1521	368.1
1522	368.2
1523	368.1
1524	368.1
1525	368.5
1526	369.1
1527	369
1528	369.6
1529	369.7
1530	369.9
1531	370.4
1532	371
1533	371.4
1534	371.4
1535	371.7
1536	372.3
1537	372.7
1538	373
1539	373.3
1540	373.6
1541	373.8
1542	373.7
1543	374.1
1544	375.3
1545	375.4
1546	375.4
1547	375.7
1548	375.7
1549	375.8
1550	375.7
1551	375.8
1552	375.9
1553	375.7
1554	376
1555	376.4
1556	376.4
1557	376.3
1558	376.3
1559	376.4
1560	376.3
1561	376.5
1562	376.5
1563	376.5
1564	376.5
1565	376.5
1566	376.4
1567	376
1568	375.6
1569	375.6
1570	375.6
1571	375.3
1572	375.1
1573	375.3
1574	375.4
1575	375.6
1576	375.8
1577	376
1578	376.2
1579	376.2
1580	376
1581	376.1
1582	376.2
1583	376.2
1584	376.4
1585	376.3
1586	376.2
1587	376.1
1588	376.2
1589	376.1
1590	376.2
1591	376.1
1592	375.9
1593	375.7
1594	375.8
1595	375.9
1596	376.1
1597	376.2
1598	376.3
1599	376.4
1600	376
1601	375.6
1602	375.5
1603	375.5
1604	375.6
1605	375.8
1606	375.7
1607	375.7
1608	375.8
1609	375.9
1610	375.7
1611	375.8
1612	375.9
1613	376.2
1614	376.1
1615	376
1616	376.1
1617	376.2
1618	376.1
1619	375.6
1620	375.6
1621	375.6
1622	375.8
1623	375.4
1624	375
1625	374.9
1626	374.9
1627	375
1628	374.9
1629	375.2
1630	375.1
1631	375.3
1632	375.8
1633	375.9
1634	375.9
1635	375.9
1636	375.7
1637	375.6
1638	375.6
1639	375.2
1640	375.2
1641	375
1642	375
1643	375.3
1644	375.7
1645	375.6
1646	375.8
1647	375.7
1648	375.4
1649	375.4
1650	375.2
1651	375.5
1652	375.8
1653	375.7
1654	375.8
1655	375.6
1656	375.6
1657	375.6
1658	375.4
1659	375.5
1660	375.6
1661	375.8
1662	375.8
1663	375.7
1664	375.9
1665	376.1
1666	376.1
1667	375.7
1668	375.6
1669	375.5
1670	375.4
1671	375.6
1672	375.6
1673	375.5
1674	375.6
1675	375.6
1676	375.6
1677	375.9
1678	375.9
1679	376.1
1680	376.2
1681	376
1682	375.9
1683	375.9
1684	375.6
1685	375.3
1686	375.3
1687	375.5
1688	375.3
1689	375.3
1690	375.3
1691	375.5
1692	375.6
1693	375.9
1694	376.1
1695	376.3
1696	376.5
1697	376.5
1698	376.5
1699	376.4
1700	376.4
1701	376
1702	375.6
1703	375.3
1704	374.9
1705	374.3
1706	374
1707	373.6
1708	373.3
1709	373.1
1710	373
1711	373
1712	373
1713	372.5
1714	372.1
1715	371.3
1716	370.2
1717	368.5
1718	367.7
1719	365.4
1720	363
1721	361.1
1722	360.2
1723	358.7
1724	357.8
1725	357.2
1726	356.8
1727	356.8
1728	356.9
1729	357
1730	357.6
1731	358.2
1732	358.7
1733	359.1
1734	359.7
1735	360.1
1736	360.8
1737	361.1
1738	361.7
1739	362.3
1740	362.5
1741	362.7
1742	363
1743	363.2
1744	363.3
1745	363.3
1746	363.7
1747	364
1748	364.1
1749	364.2
1750	364.3
1751	364.6
1752	364.6
1753	365
1754	364.8
1755	365.1
1756	365.2
1757	365.2
1758	365.3
1759	365.3
1760	365.4
1761	365.5
1762	365.7
1763	365.5
1764	365.6
1765	365.9
1766	365.9
1767	366
1768	366
1769	365.9
1770	366
1771	366
1772	366.1
1773	366.2
1774	366.2
1775	366.3
1776	366.3
1777	366.6
1778	366.6
1779	366.6
1780	366.5
1781	366.6
1782	366.7
1783	366.8
1784	366.8
1785	366.8
1786	366.6
1787	366.6
1788	366.5
1789	366.6
1790	366.5
1791	366.5
1792	366.4
1793	366.3
1794	366.3
1795	366.4
1796	366.4
1797	366.3
1798	366.2
1799	366.4
1800	366.2
1801	366.2
1802	366.2
1803	366.3
1804	366.5
1805	366.5
1806	366.6
1807	366.5
1808	366.6
1809	366.6
1810	366.7
1811	366.8
1812	366.6
1813	366.8
1814	366.7
1815	366.8
1816	366.9
1817	366.6
1818	366.6
1819	366.5
1820	366.5
1821	366.6
1822	366.6
1823	366.5
1824	366.3
1825	366.4
1826	366.7
1827	366.5
1828	366.6
1829	366.6
1830	366.5
1831	366.4
1832	366.5
1833	366.5
1834	366.6
1835	366.6
1836	366.6
1837	366.6
1838	366.7
1839	366.8
1840	366.6
1841	366.7
1842	366.8
1843	366.6
1844	366.6
1845	366.6
1846	366.6
1847	366.6
1848	366.6
1849	366.7
1850	366.6
1851	366.6
1852	366.7
1853	366.6
1854	366.7
1855	366.7
1856	366.9
1857	366.6
1858	366.6
1859	366.6
1860	366.5
1861	366.6
1862	366.4
1863	366.5
1864	366.5
1865	366.6
1866	366.6
1867	366.6
1868	366.8
1869	366.9
1870	366.7
1871	366.6
1872	366.7
1873	366.8
1874	366.9
1875	366.9
1876	366.9
1877	366.8
1878	366.7
1879	366.7
1880	366.8
1881	366.9
1882	366.9
1883	367.1
1884	367.1
1885	366.9
1886	367.2
1887	367
1888	367.3
1889	367.2
1890	367.2
1891	366.9
1892	366.9
1893	366.9
1894	366.9
1895	367.1
1896	367
1897	367
1898	367
1899	367.2
1900	367.2
1901	367.4
1902	367.5
1903	367.4
1904	367.5
1905	367.5
1906	367.4
1907	367.2
1908	367.2
1909	367.2
1910	367.1
1911	366.9
1912	367
1913	367
1914	367
1915	366.8
1916	366.8
1917	366.7
1918	366.8
1919	367
1920	366.9
1921	367.1
1922	367.2
1923	367.2
1924	367
1925	366.9
1926	366.9
1927	366.9
1928	366.9
1929	366.9
1930	367
1931	367
1932	367
1933	366.9
1934	366.9
1935	367
1936	367.1
1937	367.3
1938	367.2
1939	367.2
1940	367.1
1941	367.2
1942	367.5
1943	367.5
1944	367.5
1945	367.5
1946	367.6
1947	367.5
1948	367.6
1949	367.8
1950	367.9
1951	367.9
1952	367.8
1953	367.6
1954	367.4
1955	367.4
1956	367.3
1957	367.2
1958	367.1
1959	366.9
1960	366.9
1961	366.7
1962	366.7
1963	366.8
1964	366.6
1965	367
1966	367.1
1967	367.1
1968	367
1969	367.2
1970	367.2
1971	367.2
1972	367.2
1973	367.2
1974	367
1975	367.1
1976	366.9
1977	366.9
1978	366.9
1979	366.9
1980	366.9
1981	366.9
1982	366.9
1983	366.8
1984	366.6
1985	366.7
1986	366.9
1987	366.9
1988	366.9
1989	366.9
1990	366.8
1991	367.1
1992	367.1
1993	367
1994	367.1
1995	367.2
1996	366.9
1997	367
1998	367.6
1999	367.9
2000	368.3
2001	368.7
2002	369.3
2003	369.5
2004	369.6
2005	370
2006	370.4
2007	371.1
2008	371.4
2009	371.9
2010	372.4
2011	372.8
2012	373.1
2013	373.6
2014	373.9
2015	374.2
2016	374.3
2017	374.7
2018	374.9
2019	374.8
2020	374.6
2021	374.7
2022	374.7
2023	374.7
2024	374.7
2025	374.7
2026	374.9
2027	374.9
2028	375.3
2029	375.3
2030	375.3
2031	375.2
2032	375.1
2033	374.9
2034	374.9
2035	375
2036	374.9
2037	374.9
2038	374.8
2039	375.1
2040	375.3
2041	375.3
2042	375.3
2043	375
2044	375.1
2045	375.1
2046	375.1
2047	375.1
2048	374.9
2049	374.5
2050	374.3
2051	374.3
2052	374.8
2053	374.8
2054	374.8
2055	374.6
2056	374.6
2057	374.7
2058	375.1
2059	375.2
2060	375.3
2061	375.5
2062	375.5
2063	375.6
2064	375.8
2065	375.8
2066	375.6
2067	375
2068	375
2069	375.2
2070	375.4
2071	375.5
2072	375.6
2073	375.7
2074	375.6
2075	375.6
2076	375.5
2077	375.6
2078	375.8
2079	375.6
2080	375.5
2081	375.3
2082	375.2
2083	374.9
2084	374.7
2085	374.6
2086	374.6
2087	374.7
2088	374.8
2089	374.9
2090	375.1
2091	375.7
2092	375.8
2093	375.9
2094	376.1
2095	376.2
2096	376.1
2097	375.7
2098	375.8
2099	375.8
2100	375.9
2101	376.1
2102	376.1
2103	376.2
2104	376.2
2105	376
2106	375.8
2107	375.8
2108	375.7
2109	375.6
2110	375.6
2111	375.5
2112	375.6
2113	375.7
2114	375.7
2115	375.8
2116	376
2117	376.2
2118	376.2
2119	376.1
2120	376
2121	376
2122	375.9
2123	375.9
2124	375.7
2125	375.6
2126	375.7
2127	375.6
2128	375.8
2129	375.7
2130	375.6
2131	375.6
2132	375.7
2133	375.6
2134	375.6
2135	375.5
2136	375.6
2137	375.9
2138	375.9
2139	375.9
2140	375.7
2141	375.7
2142	375.6
2143	375.9
2144	376.2
2145	375.9
2146	375.7
2147	375.5
2148	375.6
2149	375.6
2150	375.9
2151	376.2
2152	376.3
2153	376.5
2154	376.5
2155	376.2
2156	375.7
2157	375.6
2158	375.5
2159	375.4
2160	375.5
2161	375.3
2162	375.3
2163	375.6
2164	375.7
2165	375.9
2166	376.3
2167	376.5
2168	376.6
2169	376.6
2170	376.7
2171	376.4
2172	375.8
2173	375.9
2174	375.7
2175	375.2
2176	375
2177	374.3
2178	373.8
2179	373.3
2180	373
2181	372.7
2182	372.7
2183	372.6
2184	372.7
2185	372.9
2186	373
2187	372.8
2188	372.4
2189	371.1
2190	369.3
2191	367.3
2192	366.2
2193	363.8
2194	361.7
2195	360.7
2196	359
2197	357.6
2198	356.9
2199	356.6
2200	356.3
2201	356.6
2202	357
2203	357.2
2204	357.8
2205	358.4
2206	359
2207	359.3
2208	360
2209	360.5
2210	361.1
2211	361.4
2212	362
2213	362.2
2214	362.7
2215	363
2216	363.3
2217	363.6
2218	363.7
2219	363.9
2220	363.9
2221	364.3
2222	364.5
2223	364.3
2224	364.7
2225	365
2226	365.3
2227	365.2
2228	365.3
2229	365.3
2230	365.3
2231	365.4
2232	365.3
2233	365.3
2234	365.4
2235	365.3
2236	365.5
2237	365.6
2238	365.6
2239	365.9
2240	365.8
2241	366.2
2242	366.3
2243	366.5
2244	366.4
2245	366.5
2246	366.4
2247	366.4
2248	366.4
2249	366.2
2250	366.3
2251	366.2
2252	366.3
2253	366.5
2254	366.9
2255	366.9
2256	366.9
2257	367
2258	367
2259	367.2
2260	367.2
2261	367.2
2262	367.1
2263	367.2
2264	367.2
2265	367.2
2266	367.2
2267	367.2
2268	367.2
2269	367.2
2270	367.4
2271	367.4
2272	367.2
2273	367.5
2274	367.5
2275	367.5
2276	367.3
2277	367.4
2278	367.4
2279	367.5
2280	367.5
2281	367.5
2282	367.5
2283	367.5
2284	367.6
2285	367.9
2286	367.5
2287	367.7
2288	367.7
2289	367.8
2290	367.8
2291	367.9
2292	367.8
2293	367.8
2294	367.7
2295	367.9
2296	367.7
2297	367.8
2298	367.9
2299	367.7
2300	367.5
2301	367.7
2302	367.6
2303	367.5
2304	367.3
2305	367.3
2306	367.3
2307	367.2
2308	367.1
2309	367
2310	367.1
2311	367.2
2312	367.2
2313	367.2
2314	367.3
2315	367.2
2316	367.3
2317	367.5
2318	367.4
2319	367.5
2320	367.5
2321	367.5
2322	367.6
2323	367.6
2324	367.6
2325	367.6
2326	367.5
2327	367.4
2328	367.4
2329	367.3
2330	367.4
2331	367.5
2332	367.5
2333	367.4
2334	367.4
2335	367.5
2336	367.6
2337	367.5
2338	367.2
2339	367.3
2340	367.2
2341	367.2
2342	367.2
2343	367.2
2344	367.4
2345	367.5
2346	367.5
2347	367.5
2348	367.5
2349	367.5
2350	367.4
2351	367.4
2352	367.4
2353	367.3
2354	367.2
2355	367.2
2356	367.1
2357	367.2
2358	367.2
2359	367.2
2360	367.2
2361	367.2
2362	367.2
2363	367.2
2364	367.2
2365	366.9
2366	366.9
2367	366.9
2368	366.9
2369	366.6
2370	366.6
2371	366.6
2372	366.7
2373	366.9
2374	366.9
2375	366.9
2376	367
2377	367.1
2378	367.1
2379	367
2380	367
2381	367
2382	367.2
2383	367.2
2384	367.2
2385	367.2
2386	367.1
2387	367.2
2388	367.3
2389	367.3
2390	367.6
2391	367.5
2392	367.8
2393	367.9
2394	367.7
2395	367.5
2396	367.6
2397	367.4
2398	367.4
2399	367.4
2400	367.4
2401	367.5
2402	367.2
2403	367.3
2404	367.3
2405	367.2
2406	366.9
2407	366.8
2408	366.8
2409	366.9
2410	367
2411	367.2
2412	367.1
2413	367.2
2414	367.1
2415	367.2
2416	367.4
2417	367.5
2418	367.2
2419	367.2
2420	367.2
2421	367.2
2422	367.2
2423	367.2
2424	367.4
2425	367.3
2426	367
2427	366.9
2428	367
2429	367
2430	366.9
2431	366.9
2432	366.8
2433	366.9
2434	366.9
2435	367.2
2436	367.2
2437	367.3
2438	367.4
2439	367.3
2440	367.2
2441	367.2
2442	367.2
2443	367.1
2444	367
2445	367.3
2446	367.4
2447	367.5
2448	367.4
2449	367.4
2450	367.4
2451	367.4
2452	367.2
2453	367.2
2454	367.2
2455	367
2456	367.2
2457	367.2
2458	367.3
2459	367.4
2460	367.5
2461	367.5
2462	367.5
2463	367.5
2464	367.5
2465	367.5
2466	367.6
2467	367.7
2468	367.5
2469	367.3
2470	367.3
2471	367.4
2472	367.9
2473	368.7
2474	369.1
2475	369.7
2476	370.4
2477	371
2478	371.1
2479	371.3
2480	371.6
2481	372
2482	372.3
2483	372.7
2484	373.4
2485	374
2486	374.1
2487	374.6
2488	374.9
2489	375
2490	374.9
2491	374.9
2492	375
2493	374.9
2494	374.9
2495	374.9
2496	375.1
2497	375.3
2498	375.7
2499	375.6
2500	375.5
2501	375.4
2502	375.6
2503	375.4
2504	375
2505	374.9
2506	374.8
2507	374.9
2508	375.3
2509	375.4
2510	375.7
2511	376
2512	376.1
2513	376.1
2514	376
2515	376.2
2516	375.9
2517	375.9
2518	376
2519	376.2
2520	376.3
2521	376.6
2522	376.3
2523	376
2524	375.9
2525	375.5
2526	375.3
2527	375.3
2528	375.6
2529	375.9
2530	375.9
2531	376
2532	376
2533	375.9
2534	376.1
2535	376.2
2536	376.1
2537	375.9
2538	376
2539	375.9
2540	375.6
2541	375.6
2542	375.6
2543	375.6
2544	375.6
2545	375.6
2546	375.5
2547	375.5
2548	375.3
2549	375.3
2550	375.6
2551	375.7
2552	376
2553	376
2554	375.9
2555	375.9
2556	375.9
2557	375.9
2558	376.1
2559	376.1
2560	376.2
2561	376.3
2562	376.2
2563	376
2564	375.9
2565	375.9
2566	375.9
2567	375.7
2568	375.7
2569	375.7
2570	375.6
2571	375.3
2572	375.3
2573	375.5
2574	375.3
2575	375.6
2576	375.6
2577	375.9
2578	376
2579	376.3
2580	376.8
2581	376.8
2582	376.6
2583	376.5
2584	376.5
2585	376.5
2586	376.2
2587	375.9
2588	375.8
2589	375.8
2590	375.8
2591	375.6
2592	375.7
2593	375.5
2594	375.7
2595	375.9
2596	375.9
2597	375.9
2598	375.7
2599	375.7
2600	375.6
2601	375.6
2602	375.6
2603	375.9
2604	375.9
2605	375.9
2606	375.9
2607	376
2608	376
2609	376.4
2610	376.3
2611	376.3
2612	376.2
2613	376.2
2614	376
2615	376.2
2616	376.1
2617	376.2
2618	376.2
2619	376.4
2620	376.3
2621	376.4
2622	376.2
2623	376.1
2624	376
2625	375.6
2626	375.6
2627	375.6
2628	375.6
2629	375.6
2630	375.9
2631	375.7
2632	375.6
2633	375.6
2634	375.6
2635	375.7
2636	375.8
2637	376.3
2638	376.6
2639	376.6
2640	377
2641	376.9
2642	376.5
2643	376.4
2644	376.2
2645	376
2646	376.2
2647	376
2648	375.9
2649	375.4
2650	375.4
2651	374.9
2652	374.4
2653	374.2
2654	374
2655	373.9
2656	373.9
2657	373.6
2658	373.4
2659	373.5
2660	373
2661	372.1
2662	371.4
2663	369.3
2664	366.9
2665	364.4
2666	363.1
2667	361.1
2668	359.5
2669	358.8
2670	357.7
2671	356.9
2672	356.6
2673	356.4
2674	356.5
2675	357.1
2676	357.5
2677	357.7
2678	358.2
2679	358.7
2680	359.1
2681	359.2
2682	359.8
2683	360.3
2684	360.8
2685	361.1
2686	361.9
2687	362.1
2688	362.4
2689	362.6
2690	363
2691	363.7
2692	363.8
2693	364.1
2694	365.2
2695	364.8
2696	364.9
2697	365
2698	365
2699	365.2
2700	365.3
2701	365.3
2702	365.2
2703	365.4
2704	365.4
2705	365.8
2706	365.7
2707	365.8
2708	365.8
2709	366
2710	365.6
2711	365.5
2712	365.6
2713	365.3
2714	365.7
2715	365.6
2716	365.9
2717	365.9
2718	366.4
2719	366.2
2720	366.2
2721	366.1
2722	366
2723	365.9
2724	366
2725	365.9
2726	366.2
2727	366.1
2728	366.2
2729	366.2
2730	366.2
2731	366.1
2732	366.3
2733	366.4
2734	366.4
2735	366.6
2736	366.5
2737	366.9
2738	367.6
2739	367.1
2740	367.1
2741	367
2742	366.9
2743	366.9
2744	366.6
2745	366.7
2746	366.6
2747	366.8
2748	366.7
2749	366.5
2750	366.7
2751	366.6
2752	366.6
2753	366.7
2754	366.5
2755	366.4
2756	366.4
2757	366.2
2758	366.2
2759	366.2
2760	366.3
2761	366.2
2762	366.6
2763	366.6
2764	366.7
2765	366.6
2766	366.6
2767	366.6
2768	366.5
2769	366.5
2770	366.5
2771	366.6
2772	366.5
2773	366.6
2774	366.7
2775	366.6
2776	366.7
2777	366.7
2778	366.9
2779	367
2780	367.1
2781	367.1
2782	367
2783	366.9
2784	367
2785	367
2786	367.1
2787	367.1
2788	367.2
2789	367.3
2790	367.3
2791	367
2792	367.2
2793	367.1
2794	366.9
2795	367.1
2796	367.2
2797	367.2
2798	367.2
2799	367.2
2800	367.3
2801	367.1
2802	367.1
2803	367
2804	367.2
2805	367.2
2806	367.5
2807	367.5
2808	367.3
2809	367.3
2810	367.1
2811	367
2812	366.9
2813	366.7
2814	367
2815	366.9
2816	366.7
2817	366.6
2818	366.6
2819	366.7
2820	367
2821	367.1
2822	367.2
2823	367.4
2824	367.5
2825	367.5
2826	367.3
2827	367.2
2828	367.2
2829	367.1
2830	367.1
2831	367.1
2832	367
2833	366.9
2834	366.9
2835	367
2836	367
2837	366.9
2838	367
2839	366.9
2840	366.9
2841	366.9
2842	366.9
2843	367.1
2844	366.9
2845	366.9
2846	366.9
2847	366.8
2848	366.9
2849	367
2850	367.2
2851	367.1
2852	367
2853	366.9
2854	366.8
2855	366.8
2856	366.7
2857	366.9
2858	366.9
2859	366.9
2860	367
2861	367.1
2862	367.2
2863	367.2
2864	367.2
2865	367.2
2866	367.1
2867	366.9
2868	366.9
2869	367.1
2870	367.1
2871	367.4
2872	367.2
2873	367.3
2874	367.5
2875	367.6
2876	367.7
2877	367.6
2878	367.4
2879	367.5
2880	367.4
2881	367.4
2882	367.2
2883	367.2
2884	367.2
2885	366.9
2886	367
2887	367
2888	366.9
2889	367
2890	366.9
2891	367
2892	367.1
2893	366.9
2894	367.2
2895	367
2896	366.9
2897	366.9
2898	366.7
2899	366.7
2900	366.8
2901	366.7
2902	366.9
2903	367.1
2904	366.9
2905	367.2
2906	367
2907	366.9
2908	367
2909	367
2910	367
2911	367.1
2912	366.7
2913	366.9
2914	366.8
2915	366.7
2916	366.9
2917	366.7
2918	366.6
2919	366.7
2920	366.8
2921	366.8
2922	366.8
2923	366.6
2924	366.9
2925	366.9
2926	366.8
2927	366.9
2928	366.8
2929	366.8
2930	366.7
2931	366.8
2932	366.8
2933	366.9
2934	366.6
2935	366.6
2936	366.4
2937	366.3
2938	366.2
2939	366.4
2940	366.3
2941	366.4
2942	366.5
2943	366.5
2944	367
2945	367.3
2946	367.6
2947	368.2
2948	368.5
2949	368.9
2950	369.5
2951	369.6
2952	369.9
2953	370.5
2954	370.9
2955	371.6
2956	371.8
2957	372.4
2958	372.7
2959	373.2
2960	373.5
2961	373.9
2962	373.8
2963	373.9
2964	374
2965	374.1
2966	374.2
2967	374.3
2968	374.5
2969	374.7
2970	375
2971	375.1
2972	375.2
2973	375.3
2974	375.9
2975	375.8
2976	375.9
2977	376.2
2978	376
2979	376.1
2980	376.3
2981	376.5
2982	376.3
2983	376.5
2984	376.3
2985	376.2
2986	375.9
2987	375.9
2988	375.8
2989	375.9
2990	375.7
2991	376
2992	376
2993	375.9
2994	375.9
2995	375.7
2996	375.6
2997	375.4
2998	375.2
2999	375.3
3000	375.3
3001	375.3
3002	375.3
3003	374.9
3004	374.7
3005	374.6
3006	374.7
3007	374.9
3008	375
3009	374.9
3010	374.9
3011	375
3012	375.1
3013	375
3014	375.3
3015	375.4
3016	375.6
3017	375.8
3018	375.7
3019	375.7
3020	375.6
3021	375.6
3022	375.5
3023	375.2
3024	375
3025	375.2
3026	375.2
3027	375
3028	375.3
3029	374.9
3030	375.2
3031	375.1
3032	375.3
3033	374.9
3034	375.1
3035	375.1
3036	374.9
3037	375.3
3038	375.5
3039	375.4
3040	375.6
3041	375.4
3042	374.9
3043	374.9
3044	374.7
3045	374.7
3046	374.5
3047	374.1
3048	374
3049	374.3
3050	374.1
3051	374
3052	374.2
3053	374.3
3054	374.5
3055	374.9
3056	374.8
3057	375
3058	374.9
3059	374.9
3060	374.7
3061	374.8
3062	374.9
3063	374.8
3064	375
3065	374.9
3066	374.9
3067	374.9
3068	375.1
3069	375.3
3070	375.1
3071	375.1
3072	375
3073	375.4
3074	375.3
3075	375.2
3076	375
3077	375.2
3078	375.3
3079	375.3
3080	375.2
3081	375.3
3082	375.3
3083	375.6
3084	375.6
3085	375.8
3086	375.7
3087	375.9
3088	375.9
3089	375.8
3090	375.7
3091	375.6
3092	375.4
3093	375.6
3094	375.8
3095	375.9
3096	376.1
3097	375.9
3098	375.7
3099	375.5
3100	375.3
3101	375
3102	374.7
3103	374.5
3104	374.6
3105	374.5
3106	374.4
3107	374.6
3108	374.6
3109	374.6
3110	374.6
3111	374.6
3112	374.6
3113	374.6
3114	374.6
3115	374.5
3116	374.9
3117	374.8
3118	375.2
3119	375.2
3120	374.9
3121	374.4
3122	373.9
3123	373.3
3124	373.2
3125	372.7
3126	372.4
3127	372.1
3128	371.9
3129	371.7
3130	372
3131	372.1
3132	372
3133	372
3134	371.2
3135	369.8
3136	369.1
3137	367.6
3138	365.7
3139	363.5
3140	362.3
3141	360.1
3142	358.5
3143	357.2
3144	356.6
3145	355.3
3146	355.4
3147	355.3
3148	355.1
3149	355.6
3150	355.6
3151	356.2
3152	356.4
3153	357.2
3154	357.9
3155	358.1
3156	358.8
3157	359.4
3158	360
3159	360.2
3160	360.7
3161	361.1
3162	361.5
3163	361.6
3164	361.9
3165	362.1
3166	362.2
3167	362.5
3168	362.7
3169	363
3170	363.2
3171	363.6
3172	363.6
3173	363.8
3174	363.9
3175	363.9
3176	364
3177	364.1
3178	364.3
3179	364.2
3180	364.3
3181	364.5
3182	364.5
3183	364.6
3184	364.8
3185	364.8
3186	364.8
3187	365.1
3188	365.1
3189	365
3190	365.2
3191	365.6
3192	365.3
3193	365.5
3194	365.5
3195	365.3
3196	365.3
3197	365.2
3198	365.2
3199	365.3
3200	365.2
3201	365.3
3202	365.4
3203	365.4
3204	365.2
3205	365.3
3206	365.5
3207	365.4
3208	365.3
3209	365.5
3210	365.3
3211	365.3
3212	365.2
3213	365.1
3214	365
3215	365.2
3216	365.1
3217	365
3218	365.2
3219	365
3220	365
3221	365
3222	365
3223	365
3224	364.7
3225	364.6
3226	364
3227	363.7
3228	363.7
3229	363
3230	362.8
3231	362.5
3232	362.4
3233	362.1
3234	361.7
3235	361.7
3236	361.2
3237	361.1
3238	361.1
3239	361.1
3240	360.8
3241	360.8
3242	360.6
3243	360.5
3244	360.6
3245	360.7
3246	360.7
3247	360.7
3248	360.7
3249	360.5
3250	360.5
3251	360.6
3252	360.5
3253	360.6
3254	360.6
3255	360.9
3256	360.6
3257	360.8
3258	360.7
3259	360.8
3260	361.1
3261	361.3
3262	361.3
3263	361.4
3264	361.5
3265	361.6
3266	361.4
3267	361.6
3268	361.7
3269	361.7
3270	361.8
3271	361.7
3272	361.9
3273	362
3274	362.1
3275	362.1
3276	362.2
3277	362.4
3278	362.4
3279	362.4
3280	362.4
3281	362.4
3282	362.6
3283	362.6
3284	362.7
3285	362.7
3286	362.7
3287	362.6
3288	362.6
3289	362.7
3290	362.6
3291	362.4
3292	362.5
3293	362.4
3294	362.6
3295	362.9
3296	363
3297	362.9
3298	363
3299	363.1
3300	363
3301	363.1
3302	363.3
3303	363.3
3304	363.3
3305	363.5
3306	363.3
3307	363.7
3308	363.7
3309	363.5
3310	363.4
3311	363.6
3312	363.5
3313	363.6
3314	363.6
3315	363.4
3316	363.8
3317	363.6
3318	363.5
3319	363.5
3320	363.6
3321	363.6
3322	363.5
3323	363.5
3324	363.7
3325	363.9
3326	363.9
3327	364
3328	364.1
3329	364
3330	364
3331	364.2
3332	364.1
3333	364.1
3334	364.2
3335	364.1
3336	364.3
3337	364.2
3338	364
3339	364.3
3340	364.6
3341	365
3342	365
3343	365
3344	365
3345	364.6
3346	364.8
3347	364.9
3348	364.6
3349	364.4
3350	364.6
3351	364.7
3352	364.3
3353	364.5
3354	364.5
3355	364.4
3356	364.6
3357	364.4
3358	364.6
3359	364.6
3360	364.9
3361	364.6
3362	364.9
3363	365.1
3364	365
3365	364.9
3366	365
3367	365
3368	365
3369	365.1
3370	365.1
3371	365
3372	365
3373	365
3374	365
3375	365
3376	365
3377	365
3378	365
3379	365.1
3380	365
3381	365
3382	365.3
3383	365.4
3384	365.5
3385	365.5
3386	365.5
3387	365.6
3388	365.7
3389	365.8
3390	365.3
3391	365.5
3392	365.5
3393	365.6
3394	365.3
3395	365.5
3396	365.4
3397	365.5
3398	365.4
3399	365.4
3400	365.3
3401	365.5
3402	365.6
3403	365.3
3404	365.5
3405	365.4
3406	365.5
3407	365.6
3408	366
3409	365.9
3410	365.9
3411	365.9
3412	365.9
3413	366.2
3414	366
3415	366
3416	366.2
3417	366.3
3418	366.6
3419	367
3420	367.6
3421	368.3
3422	368.8
3423	368.9
3424	369.3
3425	369.8
3426	369.8
3427	369.8
3428	370.4
3429	371
3430	371.3
3431	371.8
3432	372.5
3433	372.9
3434	373.4
3435	373.5
3436	373.3
3437	373.3
3438	373.3
3439	373.4
3440	373.1
3441	373.3
3442	373.2
3443	373.5
3444	373.3
3445	373.6
3446	374
3447	374
3448	374
3449	374
3450	373.8
3451	373.4
3452	373
3453	372.7
3454	372.7
3455	372.6
3456	372.7
3457	372.7
3458	373
3459	373.3
3460	373.3
3461	373.3
3462	373.3
3463	373.3
3464	373.1
3465	373.3
3466	373.6
3467	373.9
3468	374
3469	374.2
3470	374
3471	374
3472	373.9
3473	374
3474	374.6
3475	374.4
3476	374.7
3477	374.9
3478	374.7
3479	374.7
3480	374.8
3481	374.6
3482	374.5
3483	374.6
3484	374.7
3485	374.4
3486	374.6
3487	374.8
3488	374.9
3489	374.9
3490	374.8
3491	374.9
3492	374.9
3493	374.6
3494	374.3
3495	374
3496	374
3497	374
3498	374
3499	374.1
3500	374
3501	374
3502	374.3
3503	374.3
3504	374.5
3505	374.5
3506	374.6
3507	374.5
3508	374.6
3509	374.6
3510	374.3
3511	374.3
3512	374.7
3513	374.6
3514	374.7
3515	374.6
3516	374.6
3517	374.8
3518	374.7
3519	374.7
3520	374.9
3521	375.1
3522	375.1
3523	375.1
3524	375
3525	374.9
3526	374.9
3527	374.8
3528	374.4
3529	374
3530	374
3531	374
3532	374.3
3533	374.7
3534	374.7
3535	374.5
3536	374.3
3537	374.1
3538	374.4
3539	374.1
3540	374.1
3541	374.2
3542	374.3
3543	374.3
3544	374.3
3545	374.4
3546	374.5
3547	374.6
3548	374.5
3549	374.3
3550	374.3
3551	374.4
3552	374.6
3553	374.9
3554	374.7
3555	374.6
3556	374.6
3557	374.6
3558	374.3
3559	374.3
3560	374.5
3561	374.6
3562	374.7
3563	374.6
3564	374.5
3565	374.6
3566	374.9
3567	375
3568	375.2
3569	375.2
3570	374.9
3571	375
3572	374.9
3573	374.7
3574	374.5
3575	374.6
3576	374.9
3577	374.8
3578	374.9
3579	374.7
3580	374.8
3581	374.9
3582	374.7
3583	374.8
3584	375.3
3585	375.1
3586	375.1
3587	375.1
3588	375.1
3589	375.2
3590	375.1
3591	375.2
3592	374.9
3593	375
3594	375
3595	375
3596	374.9
3597	374.6
3598	374.4
3599	374.1
3600	373.6
3601	373.6
3602	373.6
3603	373.1
3604	372.7
3605	372.7
3606	372.3
3607	371.9
3608	371.1
3609	370.1
3610	369.2
3611	367.4
3612	365.8
3613	363.7
3614	362.8
3615	361.1
3616	359.8
3617	358.8
3618	358.5
3619	358.1
3620	357.9
3621	357.9
3622	357.9
3623	358.3
3624	358.7
3625	359
3626	359.5
3627	359.8
3628	360.4
3629	360.8
3630	361.1
3631	361.5
3632	361.9
3633	362.2
3634	362.7
3635	362.9
3636	363.4
3637	363.5
3638	364
3639	364.3
3640	364.5
3641	364.6
3642	365
3643	365.1
3644	365.1
3645	365.3
3646	365.3
3647	365.6
3648	365.7
3649	365.9
3650	366
3651	365.9
3652	366.2
3653	366.3
3654	366.5
3655	366.8
3656	366.9
3657	366.9
3658	367
3659	366.9
3660	367.1
3661	367.2
3662	367.2
3663	367.5
3664	367.6
3665	367.6
3666	367.7
3667	367.6
3668	367.9
3669	367.9
3670	368
3671	367.9
3672	367.9
3673	368
3674	368.1
3675	368.3
3676	368.2
3677	368.2
3678	368.2
3679	368.2
3680	368.5
3681	368.2
3682	368.2
3683	368.4
3684	368.4
3685	368.5
3686	368.5
3687	368.3
3688	368.2
3689	368.2
3690	368.4
3691	368.5
3692	368.5
3693	368.7
3694	368.6
3695	368.5
3696	368.6
3697	368.6
3698	368.6
3699	368.5
3700	368.8
3701	368.8
3702	368.8
3703	368.9
3704	369
3705	368.8
3706	368.9
3707	369.1
3708	369.3
3709	369.1
3710	369.1
3711	369.1
3712	368.9
3713	368.8
3714	368.8
3715	368.7
3716	368.6
3717	369
3718	369.1
3719	368.8
3720	368.9
3721	369
3722	369.1
3723	368.9
3724	368.9
3725	369.1
3726	369.1
3727	369.1
3728	369.2
3729	369.4
3730	369.2
3731	369.1
3732	369.1
3733	369.3
3734	369
3735	369.2
3736	369.1
3737	369.2
3738	369.1
3739	369.1
3740	369.3
3741	369.1
3742	369.1
3743	369
3744	369
3745	369
3746	368.8
3747	368.9
3748	368.8
3749	368.5
3750	368.8
3751	368.5
3752	368.5
3753	368.6
3754	368.5
3755	368.7
3756	368.6
3757	368.8
3758	368.7
3759	368.6
3760	368.8
3761	368.8
3762	368.5
3763	368.5
3764	368.4
3765	368.4
3766	368.2
3767	368.1
3768	368.1
3769	368.2
3770	368.2
3771	368.2
3772	368.1
3773	368.1
3774	368.1
3775	368
3776	367.9
3777	368
3778	367.9
3779	368.2
3780	368.2
3781	368.1
3782	368
3783	368.1
3784	368
3785	367.9
3786	367.9
3787	367.7
3788	367.7
3789	367.9
3790	367.9
3791	367.8
3792	367.7
3793	367.8
3794	367.9
3795	367.8
3796	367.9
3797	367.9
3798	367.9
3799	368
3800	368
3801	368.1
3802	368.2
3803	368.3
3804	368.2
3805	368.2
3806	368.3
3807	368.2
3808	368.3
3809	368.4
3810	368.3
3811	368.3
3812	368.2
3813	368.4
3814	368.3
3815	368.4
3816	368.5
3817	368.3
3818	368.2
3819	368.3
3820	368.5
3821	368.5
3822	368.4
3823	368.3
3824	368.5
3825	368.4
3826	368.7
3827	368.6
3828	368.6
3829	368.8
3830	368.6
3831	368.4
3832	368.2
3833	368.3
3834	368.4
3835	368.5
3836	368.5
3837	368.4
3838	368.2
3839	368.3
3840	368.1
3841	368.2
3842	368.2
3843	368.2
3844	368.4
3845	368.4
3846	368.2
3847	368.3
3848	368.5
3849	368.4
3850	368.4
3851	368.5
3852	368.2
3853	368.3
3854	368.2
3855	368.2
3856	368.3
3857	368.4
3858	368.4
3859	368.4
3860	368.4
3861	368.5
3862	368.5
3863	368.5
3864	368.7
3865	368.8
3866	368.5
3867	368.6
3868	368.6
3869	368.6
3870	368.8
3871	368.8
3872	368.8
3873	368.8
3874	368.8
3875	368.8
3876	368.8
3877	368.8
3878	368.7
3879	368.7
3880	368.5
3881	368.3
3882	368.4
3883	368.3
3884	368.2
3885	368.2
3886	368.4
3887	368.4
3888	368.2
3889	368.2
3890	368.4
3891	368.5
3892	369.2
3893	369.3
3894	369.8
3895	370.2
3896	370.5
3897	370.8
3898	371.7
3899	372.4
3900	372.5
3901	373
3902	373.2
3903	373.3
3904	373.3
3905	373.7
3906	374.3
3907	374.7
3908	374.7
3909	375
3910	375.3
3911	375.5
3912	375.6
3913	375.9
3914	376.2
3915	376.2
3916	376.2
3917	376.5
3918	376.6
3919	376.7
3920	376.5
3921	376.5
3922	376.3
3923	376.2
3924	376.2
3925	376.2
3926	376.2
3927	376.2
3928	376.2
3929	376.4
3930	376.2
3931	376.1
3932	376.1
3933	376.2
3934	375.9
3935	375.9
3936	375.7
3937	375.9
3938	375.8
3939	375.6
3940	375.9
3941	376.1
3942	376.1
3943	376.3
3944	376.4
3945	376.7
3946	376.9
3947	376.6
3948	376.7
3949	376.5
3950	376.6
3951	376.9
3952	377.2
3953	376.9
3954	376.9
3955	376.7
3956	376.9
3957	377
3958	377.1
3959	377.3
3960	377.2
3961	376.9
3962	376.9
3963	376.6
3964	376.7
3965	376.7
3966	376.5
3967	376.5
3968	376.3
3969	376.2
3970	375.9
3971	376
3972	376
3973	376.2
3974	376.6
3975	376.9
3976	376.8
3977	376.8
3978	376.8
3979	377
3980	377.2
3981	377.2
3982	376.9
3983	376.9
3984	376.7
3985	376.9
3986	376.8
3987	376.6
3988	376.7
3989	376.8
3990	376.7
3991	376.6
3992	376.7
3993	376.9
3994	376.7
3995	376.8
3996	376.9
3997	377
3998	376.7
3999	376.5
4000	376.6
4001	376.5
4002	376.6
4003	376.5
4004	376.6
4005	376.7
4006	376.8
4007	376.9
4008	376.9
4009	376.7
4010	376.5
4011	376.5
4012	376.5
4013	376.5
4014	376.4
4015	376.3
4016	376
4017	375.9
4018	376.2
4019	376.2
4020	376.4
4021	376.8
4022	376.8
4023	376.9
4024	377
4025	377.2
4026	377.1
4027	377
4028	377.2
4029	377.2
4030	377.4
4031	377.5
4032	377.7
4033	377.5
4034	377.5
4035	377.2
4036	377
4037	376.7
4038	376.6
4039	376.7
4040	376.8
4041	376.9
4042	376.8
4043	376.7
4044	376.8
4045	377
4046	377.1
4047	377.2
4048	377.4
4049	377.4
4050	377.2
4051	377.2
4052	377
4053	376.9
4054	376.9
4055	376.6
4056	376.8
4057	376.8
4058	376.9
4059	376.6
4060	376.5
4061	376.5
4062	376.5
4063	376.3
4064	376.2
4065	376.3
4066	376.2
4067	376.2
4068	375.6
4069	375.5
4070	375
4071	374.6
4072	374.3
4073	374.3
4074	374.1
4075	374
4076	373.6
4077	373.6
4078	373.4
4079	373.3
4080	373.3
4081	372.5
4082	371.5
4083	370.1
4084	369.5
4085	367.7
4086	365.9
4087	364.3
4088	363.7
4089	362.2
4090	361.4
4091	360.8
4092	360.5
4093	360.3
4094	360.5
4095	360.7
4096	361
4097	361.6
4098	362.2
4099	362.4
4100	362.9
4101	363.3
4102	363.9
4103	364.2
4104	364.4
4105	364.9
4106	365.1
4107	365.3
4108	365.4
4109	365.6
4110	365.8
4111	365.9
4112	366.3
4113	366.5
4114	366.6
4115	366.7
4116	366.9
4117	367.1
4118	367.2
4119	367.3
4120	367.3
4121	367.4
4122	367.5
4123	367.3
4124	367.5
4125	367.9
4126	367.7
4127	367.7
4128	367.8
4129	368
4130	367.9
4131	368
4132	368
4133	368
4134	368.2
4135	368
4136	368.2
4137	368.1
4138	368.2
4139	368.3
4140	368.3
4141	368.5
4142	368.5
4143	368.5
4144	368.5
4145	368.5
4146	368.5
4147	368.6
4148	368.4
4149	368.6
4150	368.8
4151	368.6
4152	368.7
4153	368.6
4154	368.8
4155	368.8
4156	368.9
4157	368.9
4158	369
4159	368.9
4160	368.8
4161	368.8
4162	368.9
4163	369
4164	369
4165	369.3
4166	369.2
4167	369.3
4168	369.4
4169	369.8
4170	369.7
4171	369.6
4172	369.5
4173	369.5
4174	369.6
4175	369.5
4176	369.6
4177	369.5
4178	369.5
4179	369.7
4180	369.5
4181	369.6
4182	369.7
4183	369.7
4184	369.8
4185	370
4186	369.9
4187	369.8
4188	370.1
4189	370.3
4190	370
4191	369.9
4192	369.6
4193	369.8
4194	369.6
4195	369.7
4196	369.5
4197	369.5
4198	369.8
4199	369.7
4200	369.7
4201	369.6
4202	369.5
4203	369.5
4204	369.7
4205	369.7
4206	369.8
4207	369.8
4208	370
4209	369.9
4210	369.8
4211	369.8
4212	370.1
4213	369.9
4214	370.1
4215	369.8
4216	370
4217	369.9
4218	370.1
4219	370
4220	370
4221	370.1
4222	370.1
4223	370.4
4224	370.4
4225	370.4
4226	370.4
4227	370.2
4228	370.1
4229	370.2
4230	370.2
4231	370.1
4232	370.4
4233	370.5
4234	370.5
4235	370.5
4236	370.3
4237	370.5
4238	370.3
4239	370.4
4240	370.4
4241	370.4
4242	370.5
4243	370.4
4244	370.3
4245	370.5
4246	370.7
4247	370.7
4248	370.9
4249	370.7
4250	370.6
4251	370.7
4252	370.7
4253	370.4
4254	370.4
4255	370.4
4256	370.3
4257	370.3
4258	370.4
4259	370.3
4260	370.4
4261	370.4
4262	370.3
4263	370.3
4264	370.4
4265	370.2
4266	370.1
4267	370.1
4268	370
4269	370.1
4270	370.1
4271	370.1
4272	370.1
4273	370.2
4274	369.8
4275	370.1
4276	370.1
4277	370
4278	370.1
4279	370.1
4280	370.1
4281	370.1
4282	370.1
4283	370.3
4284	370.4
4285	370.5
4286	370.4
4287	370.4
4288	370.6
4289	370.4
4290	370.4
4291	370.3
4292	370.4
4293	370.4
4294	370.7
4295	370.4
4296	370.4
4297	370.3
4298	370.2
4299	370.1
4300	370
4301	370
4302	369.8
4303	370.1
4304	370
4305	369.9
4306	370.1
4307	370.1
4308	370.1
4309	370.2
4310	370.1
4311	370.3
4312	370.4
4313	370.4
4314	370.3
4315	370.4
4316	370.4
4317	370.3
4318	370.4
4319	370.4
4320	370.3
4321	370.4
4322	370.4
4323	370.6
4324	370.5
4325	370.4
4326	370.6
4327	370.5
4328	370.4
4329	370.4
4330	370.4
4331	370.1
4332	370.1
4333	370.2
4334	370.2
4335	370.1
4336	370
4337	369.9
4338	370.1
4339	370.1
4340	369.9
4341	370.1
4342	370.1
4343	370.1
4344	370.1
4345	370.4
4346	370.1
4347	370.4
4348	370.3
4349	370.4
4350	370.3
4351	370.4
4352	370.4
4353	370.4
4354	370.1
4355	370.3
4356	370.2
4357	370.3
4358	370.1
4359	370.2
4360	370.1
4361	370
4362	370
4363	370.1
4364	369.8
4365	370.1
4366	370.7
4367	371.2
4368	371.4
4369	372.4
4370	372.8
4371	373.3
4372	373.4
4373	374
4374	374.3
4375	374.4
4376	374.9
4377	375.6
4378	375.6
4379	375.8
4380	375.6
4381	375.6
4382	375.8
4383	376
4384	376.3
4385	376.4
4386	376.4
4387	376.6
4388	377
4389	377
4390	377.1
4391	377.2
4392	377.2
4393	377.2
4394	377.5
4395	377.3
4396	377.2
4397	377.2
4398	377
4399	377
4400	376.9
4401	376.9
4402	376.9
4403	376.8
4404	376.5
4405	376.4
4406	376.5
4407	376.9
4408	376.9
4409	376.9
4410	377
4411	377.5
4412	377.2
4413	377.4
4414	377.2
4415	377.5
4416	377.6
4417	377.8
4418	377.7
4419	377.5
4420	377.1
4421	376.9
4422	376.9
4423	377.2
4424	377.1
4425	377.2
4426	376.9
4427	376.8
4428	376.5
4429	376.3
4430	375.9
4431	375.9
4432	375.8
4433	375.8
4434	376
4435	376.5
4436	376.2
4437	376.2
4438	376.2
4439	376.5
4440	376.9
4441	376.9
4442	377
4443	376.9
4444	377.1
4445	376.9
4446	376.6
4447	376.5
4448	376.6
4449	376.7
4450	376.9
4451	377.2
4452	377.2
4453	377.2
4454	377.3
4455	377.3
4456	377.2
4457	377.4
4458	377.5
4459	377.5
4460	377.5
4461	377.2
4462	377.3
4463	377.5
4464	377.5
4465	377.4
4466	377.3
4467	377.5
4468	377.8
4469	377.5
4470	377.7
4471	377.5
4472	377.4
4473	377.4
4474	377.6
4475	377.9
4476	378.3
4477	378.2
4478	377.8
4479	377.8
4480	377.6
4481	377.8
4482	378
4483	378.2
4484	378
4485	377.9
4486	377.9
4487	378.1
4488	378.5
4489	378.5
4490	378.7
4491	378.5
4492	378
4493	377.8
4494	377.4
4495	377.4
4496	377.2
4497	376.9
4498	377
4499	377.1
4500	376.7
4501	376.5
4502	376.2
4503	376.1
4504	376.2
4505	376.3
4506	376.2
4507	376.2
4508	376.2
4509	376.5
4510	376.6
4511	376.5
4512	376.8
4513	376.8
4514	376.7
4515	376.8
4516	376.9
4517	376.9
4518	377.2
4519	377.2
4520	377.4
4521	377.6
4522	377.6
4523	377.8
4524	377.8
4525	377.5
4526	377.1
4527	377
4528	377.2
4529	377.4
4530	377.5
4531	377.5
4532	377.5
4533	377.6
4534	377.5
4535	377.7
4536	377.5
4537	377.7
4538	377.5
4539	378.1
4540	377.8
4541	377.5
4542	377.4
4543	376.9
4544	376.6
4545	376.3
4546	376.2
4547	375.8
4548	375.6
4549	375.3
4550	375.4
4551	375.4
4552	375.3
4553	374.9
4554	374.6
4555	373.7
4556	372.3
4557	370.6
4558	369.8
4559	368.2
4560	366.7
4561	365.3
4562	365
4563	364
4564	363.4
4565	362.9
4566	362.7
4567	363
4568	362.8
4569	363
4570	363.5
4571	363.9
4572	364.3
4573	364.7
4574	365.2
4575	365.5
4576	365.6
4577	365.9
4578	366.3
4579	366.6
4580	366.7
4581	367.1
4582	367.2
4583	367.4
4584	367.5
4585	367.5
4586	367.8
4587	367.9
4588	367.9
4589	368.1
4590	368.3
4591	368.2
4592	368.5
4593	368.4
4594	368.7
4595	368.9
4596	368.9
4597	368.9
4598	369.1
4599	368.9
4600	369.1
4601	369
4602	368.8
4603	368.8
4604	368.8
4605	369
4606	368.8
4607	368.9
4608	368.8
4609	368.9
4610	368.8
4611	368.8
4612	369.1
4613	369.1
4614	369.5
4615	369.4
4616	369.5
4617	369.2
4618	369.4
4619	369.5
4620	369.5
4621	369.8
4622	369.7
4623	369.6
4624	369.8
4625	369.8
4626	369.5
4627	369.7
4628	369.9
4629	369.7
4630	369.8
4631	369.8
4632	369.9
4633	369.6
4634	369.6
4635	369.6
4636	369.6
4637	369.8
4638	369.8
4639	369.8
4640	370.1
4641	369.8
4642	370
4643	369.8
4644	369.8
4645	369.5
4646	369.5
4647	369.7
4648	369.8
4649	369.9
4650	369.8
4651	369.7
4652	369.7
4653	369.8
4654	369.8
4655	369.7
4656	369.7
4657	369.6
4658	369.7
4659	369.8
4660	369.9
4661	369.9
4662	370
4663	370
4664	369.8
4665	369.9
4666	369.8
4667	369.8
4668	369.5
4669	369.8
4670	369.8
4671	370
4672	370
4673	369.8
4674	369.9
4675	369.8
4676	370
4677	370.1
4678	369.9
4679	369.8
4680	369.9
4681	370
4682	369.8
4683	370
4684	370.1
4685	369.9
4686	370
4687	370.1
4688	370.1
4689	370.1
4690	370.1
4691	370.1
4692	370
4693	370.1
4694	370
4695	370.1
4696	370.1
4697	370.2
4698	370.1
4699	370.1
4700	370.2
4701	370
4702	370
4703	370
4704	369.8
4705	369.8
4706	369.8
4707	369.8
4708	369.9
4709	369.9
4710	369.8
4711	369.8
4712	369.7
4713	369.9
4714	369.9
4715	369.9
4716	369.8
4717	370
4718	369.8
4719	370.2
4720	370.1
4721	370.3
4722	370.3
4723	370.2
4724	370.2
4725	370.1
4726	370.2
4727	370.1
4728	370.2
4729	370.3
4730	370.1
4731	370.1
4732	370.1
4733	370.4
4734	370.4
4735	370.3
4736	370.4
4737	370.4
4738	370.5
4739	370.5
4740	370.6
4741	370.6
4742	370.4
4743	370.5
4744	370.6
4745	370.6
4746	370.5
4747	370.3
4748	370.4
4749	370.2
4750	370.1
4751	370.4
4752	370.1
4753	370.2
4754	370.2
4755	370.2
4756	370.2
4757	370.1
4758	370.1
4759	370.3
4760	370.3
4761	370.3
4762	370.3
4763	370.2
4764	370.2
4765	370.2
4766	370.1
4767	370
4768	370.1
4769	370.1
4770	370.2
4771	370.1
4772	370.3
4773	370.1
4774	370.2
4775	370.1
4776	370.1
4777	370
4778	370.1
4779	370.1
4780	370.1
4781	370.1
4782	370.1
4783	370.1
4784	370.1
4785	370.1
4786	370.2
4787	370.2
4788	370.4
4789	370.2
4790	370.1
4791	370.2
4792	370.1
4793	370.1
4794	370
4795	370.1
4796	370.1
4797	370.1
4798	370.1
4799	370.1
4800	370.2
4801	370.4
4802	370.4
4803	370.3
4804	370.6
4805	371.1
4806	371
4807	370.9
4808	371
4809	371
4810	370.8
4811	370.7
4812	370.7
4813	370.7
4814	370.8
4815	370.9
4816	371
4817	371
4818	371
4819	371
4820	371.1
4821	370.9
4822	370.8
4823	370.8
4824	370.8
4825	370.9
4826	370.7
4827	370.7
4828	370.6
4829	370.4
4830	370.7
4831	370.6
4832	370.4
4833	370.5
4834	370.4
4835	370.4
4836	370.5
4837	370.5
4838	370.7
4839	370.7
4840	371.5
4841	371.8
4842	372.5
4843	373.1
4844	373.6
4845	373.7
4846	374.2
4847	374.6
4848	374.7
4849	374.7
4850	375.3
4851	375.9
4852	375.9
4853	376.2
4854	376.5
4855	376.6
4856	376.9
4857	377
4858	377.6
4859	377.9
4860	378.2
4861	378.1
4862	377.6
4863	377.6
4864	377.5
4865	377.9
4866	378.4
4867	378.4
4868	378.4
4869	377.9
4870	378.2
4871	378.2
4872	378.5
4873	378.8
4874	379
4875	378.9
4876	378.8
4877	378.8
4878	378.5
4879	378.4
4880	378.5
4881	378.6
4882	378.2
4883	378.2
4884	378.4
4885	378.3
4886	378.4
4887	378.2
4888	378.4
4889	378.2
4890	377.9
4891	377.5
4892	377.4
4893	377.6
4894	377.7
4895	378
4896	378.2
4897	378.3
4898	378.2
4899	378.4
4900	378.5
4901	378.6
4902	378.5
4903	378.4
4904	378.3
4905	378.4
4906	378.3
4907	378.4
4908	378.5
4909	378.7
4910	378.5
4911	378.7
4912	378.7
4913	378.7
4914	378.5
4915	378.8
4916	379.1
4917	379.1
4918	379.4
4919	379.2
4920	379.2
4921	379.1
4922	379
4923	379.1
4924	378.8
4925	378.7
4926	378.8
4927	379.1
4928	379.1
4929	379.2
4930	379.3
4931	379.6
4932	379.7
4933	379.6
4934	379.8
4935	380
4936	380.2
4937	380.1
4938	380.1
4939	379.8
4940	379.4
4941	379
4942	378.5
4943	378.8
4944	378.8
4945	378.8
4946	378.8
4947	378.7
4948	378.6
4949	378.5
4950	378.8
4951	378.3
4952	378.2
4953	378.5
4954	378.5
4955	378.7
4956	378.6
4957	378.9
4958	378.9
4959	379
4960	378.5
4961	378.2
4962	378.1
4963	378.2
4964	378.2
4965	378.1
4966	378.3
4967	378.4
4968	378.6
4969	379
4970	379
4971	379.2
4972	379
4973	379.4
4974	379.4
4975	379.4
4976	379.5
4977	379.3
4978	379.2
4979	378.7
4980	379.1
4981	379.1
4982	379
4983	378.8
4984	378.9
4985	378.8
4986	378.8
4987	378.8
4988	378.6
4989	378.5
4990	378.4
4991	378
4992	378.2
4993	378.5
4994	378.8
4995	379.1
4996	379.2
4997	379.1
4998	379
4999	378.8
5000	378.8
5001	378.8
5002	378.7
5003	378.8
5004	378.8
5005	378.7
5006	378.6
5007	378.5
5008	378.7
5009	378.8
5010	378.5
5011	378.5
5012	378.5
5013	378.2
5014	378.1
5015	377.7
5016	377.3
5017	377.1
5018	376.7
5019	376.2
5020	376.2
5021	375.6
5022	375.7
5023	375.5
5024	375.5
5025	375.3
5026	375.3
5027	374.9
5028	374.4
5029	373.3
5030	372.2
5031	371
5032	370.3
5033	368.8
5034	367.7
5035	366.4
5036	366
5037	365.2
5038	364.6
5039	364.2
5040	364
5041	364
5042	364
5043	364.3
5044	364.6
5045	365
5046	365.1
5047	365.3
5048	365.9
5049	366.3
5050	366.9
5051	367.1
5052	367.3
5053	367.5
5054	368.1
5055	368.1
5056	368.2
5057	368.3
5058	368.5
5059	368.5
5060	368.5
5061	368.8
5062	368.7
5063	368.7
5064	368.8
5065	368.8
5066	368.8
5067	368.9
5068	369.2
5069	369.4
5070	369.6
5071	369.5
5072	369.9
5073	369.8
5074	369.9
5075	369.9
5076	370.1
5077	370
5078	370.1
5079	369.9
5080	369.8
5081	369.8
5082	369.8
5083	369.8
5084	370.1
5085	369.9
5086	370
5087	370.2
5088	370.3
5089	370.4
5090	370.4
5091	370.6
5092	370.5
5093	370.6
5094	370.6
5095	370.9
5096	370.7
5097	370.6
5098	370.8
5099	370.5
5100	370.6
5101	370.5
5102	370.6
5103	370.7
5104	370.9
5105	371
5106	371
5107	371.2
5108	371.3
5109	371.3
5110	371.2
5111	371.1
5112	371.2
5113	371.3
5114	371.4
5115	371.4
5116	371.4
5117	371.2
5118	371
5119	371.1
5120	371
5121	371.1
5122	371.1
5123	370.9
5124	371.1
5125	371.2
5126	371.1
5127	371.1
5128	371.2
5129	371.2
5130	371.1
5131	371.4
5132	371.2
5133	371.1
5134	371.1
5135	371.1
5136	370.7
5137	371.1
5138	371.1
5139	371.1
5140	371.2
5141	371.2
5142	371.3
5143	371.3
5144	371.4
5145	371.4
5146	371.3
5147	371.4
5148	371.1
5149	371
5150	371
5151	371.1
5152	371.2
5153	371.2
5154	371.1
5155	371.1
5156	371.2
5157	370.9
5158	371.2
5159	371.1
5160	371.1
5161	371.1
5162	371.1
5163	371.1
5164	371.2
5165	371.2
5166	371.1
5167	371.2
5168	371
5169	370.8
5170	370.8
5171	371.1
5172	370.9
5173	371
5174	371.1
5175	371.3
5176	371.2
5177	371.1
5178	371.4
5179	371
5180	371.2
5181	371
5182	371.1
5183	371.1
5184	371.1
5185	371.2
5186	371.1
5187	371.2
5188	371.1
5189	371
5190	371
5191	371.1
5192	371.1
5193	371.2
5194	371.2
5195	371.4
5196	371.4
5197	371.2
5198	371
5199	370.8
5200	371
5201	371.1
5202	371.3
5203	371.2
5204	371.4
5205	371.3
5206	371.1
5207	371.1
5208	371.1
5209	371
5210	371.2
5211	371.1
5212	371.3
5213	371.4
5214	371.5
5215	371.7
5216	371.6
5217	371.6
5218	371.6
5219	371.5
5220	372
5221	371.7
5222	371.7
5223	371.5
5224	371.9
5225	372
5226	371.7
5227	371.7
5228	371.7
5229	371.7
5230	371.7
5231	371.7
5232	371.7
5233	371.7
5234	371.6
5235	371.7
5236	371.7
5237	371.5
5238	371.7
5239	371.6
5240	371.8
5241	371.6
5242	371.9
5243	371.7
5244	371.7
5245	371.3
5246	371.4
5247	371.2
5248	371
5249	370.9
5250	371
5251	370.8
5252	371.1
5253	371.1
5254	371.2
5255	370.9
5256	371
5257	371
5258	371.1
5259	371.2
5260	371.1
5261	370.8
5262	371.1
5263	371.1
5264	371.2
5265	371.1
5266	371.4
5267	371.3
5268	371.3
5269	371.4
5270	371.1
5271	371.1
5272	370.8
5273	370.8
5274	370.9
5275	370.7
5276	371
5277	370.9
5278	370.9
5279	370.7
5280	370.8
5281	370.9
5282	371
5283	371.2
5284	371.1
5285	371.3
5286	371.2
5287	371.2
5288	371.1
5289	371.2
5290	371.1
5291	371
5292	371.1
5293	371.3
5294	371.1
5295	371.1
5296	371.3
5297	371.4
5298	371.4
5299	371.5
5300	371.4
5301	371.4
5302	371.3
5303	371.3
5304	371.1
5305	371.4
5306	371
5307	371
5308	370.9
5309	370.9
5310	371.1
5311	371.1
5312	371.3
5313	371.7
5314	372.3
5315	372.7
5316	373.8
5317	373.7
5318	373.9
5319	374.1
5320	374.7
5321	375.3
5322	375.4
5323	375.3
5324	375.4
5325	375.8
5326	375.9
5327	376.1
5328	376.1
5329	376.2
5330	376.3
5331	376.9
5332	377.2
5333	377.4
5334	377.4
5335	377.7
5336	377.8
5337	377.8
5338	377.8
5339	377.8
5340	378
5341	378.2
5342	378.1
5343	378.3
5344	378.7
5345	378.6
5346	378.3
5347	378.2
5348	378.4
5349	378.4
5350	379
5351	378.4
5352	378.5
5353	378.5
5354	378.5
5355	378.8
5356	378.8
5357	379
5358	378.8
5359	378.9
5360	378.9
5361	379.1
5362	379.1
5363	378.9
5364	378.7
5365	378.7
5366	378.5
5367	378.5
5368	378.5
5369	378.3
5370	377.9
5371	377.6
5372	377.7
5373	377.7
5374	377.8
5375	377.9
5376	377.9
5377	378
5378	378.2
5379	378.4
5380	378.5
5381	378.8
5382	379.1
5383	379.1
5384	378.9
5385	378.8
5386	378.5
5387	378.4
5388	378.7
5389	379
5390	379.1
5391	378.9
5392	378.9
5393	378.9
5394	378.7
5395	378.5
5396	378.3
5397	378.3
5398	378.3
5399	378.4
5400	378.5
5401	378.7
5402	378.7
5403	378.5
5404	378.4
5405	378.4
5406	377.9
5407	377.9
5408	377.9
5409	377.8
5410	377.8
5411	377.8
5412	377.5
5413	377.8
5414	377.8
5415	378
5416	378
5417	378.2
5418	378.2
5419	378.2
5420	377.7
5421	377.3
5422	377.3
5423	377.5
5424	377.6
5425	377.6
5426	377.5
5427	377.5
5428	377.5
5429	377.3
5430	377.2
5431	377.3
5432	377.3
5433	377.2
5434	377.3
5435	377.5
5436	377.5
5437	377.7
5438	377.7
5439	377.7
5440	377.5
5441	377.6
5442	378
5443	378.1
5444	378.6
5445	378.7
5446	378.8
5447	379
5448	378.8
5449	378.7
5450	378.7
5451	378.6
5452	378.6
5453	378.6
5454	378.6
5455	378.8
5456	378.8
5457	379
5458	379.1
5459	379.2
5460	379.4
5461	379.4
5462	379.8
5463	379.8
5464	379.6
5465	379.9
5466	379.9
5467	379.9
5468	380
5469	379.6
5470	379.4
5471	379.2
5472	379
5473	379.1
5474	379.4
5475	379.8
5476	379.8
5477	379.8
5478	379.8
5479	379.9
5480	379.9
5481	380
5482	380.1
5483	380.1
5484	380.4
5485	380.3
5486	380.2
5487	380.1
5488	379.8
5489	379.4
5490	379
5491	378.8
5492	378.5
5493	377.9
5494	377.8
5495	377.6
5496	377.4
5497	377.3
5498	377.1
5499	377.1
5500	376.8
5501	376.1
5502	375.5
5503	374.3
5504	372.7
5505	371
5506	370.1
5507	368.4
5508	367.2
5509	366.1
5510	365.7
5511	365.4
5512	365
5513	364.9
5514	364.9
5515	365
5516	365.3
5517	365.7
5518	365.9
5519	366.4
5520	367.1
5521	367.5
5522	367.8
5523	368.2
5524	368.5
5525	368.8
5526	369
5527	369.1
5528	369.3
5529	369.5
5530	369.8
5531	369.8
5532	370.1
5533	370.2
5534	370.4
5535	370.5
5536	370.6
5537	370.7
5538	370.8
5539	370.8
5540	370.8
5541	371
5542	370.9
5543	371
5544	371.1
5545	371.2
5546	371.3
5547	371.3
5548	371.4
5549	371.4
5550	371.5
5551	371.5
5552	371.6
5553	371.8
5554	371.7
5555	371.7
5556	371.7
5557	371.7
5558	371.7
5559	371.6
5560	371.7
5561	371.6
5562	371.6
5563	371.6
5564	371.7
5565	371.7
5566	371.6
5567	371.5
5568	371.6
5569	371.7
5570	371.9
5571	371.8
5572	371.8
5573	371.9
5574	371.6
5575	371.7
5576	371.7
5577	371.7
5578	371.8
5579	371.7
5580	371.7
5581	371.7
5582	371.7
5583	371.7
5584	371.7
5585	371.7
5586	371.6
5587	371.7
5588	371.6
5589	371.6
5590	371.5
5591	371.4
5592	371.5
5593	371.4
5594	371.4
5595	371.3
5596	371.3
5597	371.3
5598	371.2
5599	371.3
5600	371.4
5601	371.1
5602	371.2
5603	371.1
5604	371.1
5605	371.2
5606	371.2
5607	371.2
5608	371.1
5609	371.1
5610	371.1
5611	371.3
5612	371.2
5613	371.2
5614	371.1
5615	371.2
5616	371.1
5617	371.1
5618	371.1
5619	371.1
5620	371.1
5621	371.1
5622	371.1
5623	371
5624	370.8
5625	370.7
5626	370.7
5627	370.6
5628	370.7
5629	370.6
5630	370.7
5631	370.7
5632	370.9
5633	370.7
5634	370.9
5635	370.7
5636	370.7
5637	370.9
5638	371
5639	370.7
5640	370.7
5641	370.7
5642	370.7
5643	370.6
5644	370.7
5645	370.7
5646	370.7
5647	370.7
5648	370.7
5649	370.7
5650	370.5
5651	370.5
5652	370.5
5653	370.7
5654	370.6
5655	370.5
5656	370.6
5657	370.7
5658	370.8
5659	371.1
5660	371
5661	371.1
5662	371
5663	371.2
5664	371.1
5665	371.1
5666	371
5667	371.1
5668	371.1
5669	371.1
5670	371.1
5671	371.1
5672	371.2
5673	371.2
5674	371.1
5675	371.2
5676	371
5677	371
5678	371
5679	370.8
5680	370.9
5681	370.6
5682	370.7
5683	370.7
5684	370.7
5685	370.8
5686	370.8
5687	370.7
5688	370.7
5689	370.6
5690	370.7
5691	370.8
5692	370.7
5693	370.5
5694	370.7
5695	370.7
5696	370.7
5697	370.7
5698	370.7
5699	370.9
5700	370.7
5701	371
5702	371.1
5703	371
5704	371
5705	371.2
5706	371.1
5707	371.1
5708	370.9
5709	370.8
5710	371
5711	371.1
5712	371
5713	371
5714	371
5715	371
5716	370.7
5717	370.7
5718	370.8
5719	370.7
5720	370.8
5721	370.8
5722	370.8
5723	370.8
5724	370.7
5725	370.7
5726	370.7
5727	370.8
5728	370.7
5729	370.7
5730	370.6
5731	370.7
5732	370.7
5733	370.7
5734	370.7
5735	370.7
5736	370.7
5737	370.8
5738	370.8
5739	371
5740	371
5741	371.1
5742	371
5743	370.9
5744	371.1
5745	370.9
5746	370.8
5747	370.7
5748	370.7
5749	370.7
5750	370.7
5751	370.7
5752	370.7
5753	370.7
5754	370.6
5755	370.7
5756	370.7
5757	370.7
5758	370.8
5759	370.8
5760	370.8
5761	370.7
5762	370.6
5763	370.5
5764	370.7
5765	370.7
5766	370.6
5767	370.6
5768	370.7
5769	370.6
5770	370.7
5771	370.5
5772	370.6
5773	370.7
5774	370.7
5775	370.8
5776	370.7
5777	370.7
5778	371
5779	371
5780	370.9
5781	370.9
5782	370.9
5783	370.9
5784	371.1
5785	371.7
5786	372
5787	372.7
5788	373.1
5789	373.3
5790	373.3
5791	373.6
5792	374.3
5793	374.7
5794	374.9
5795	375.2
5796	375.4
5797	375.7
5798	375.9
5799	376.1
5800	376.2
5801	376.4
5802	376.7
5803	376.9
5804	377.2
5805	377.2
5806	377.2
5807	377.3
5808	377.5
5809	377.5
5810	377.5
5811	377.6
5812	377.3
5813	377.5
5814	377.6
5815	378
5816	378.2
5817	378.3
5818	378.5
5819	378.5
5820	378.4
5821	378.3
5822	378.2
5823	378
5824	378.1
5825	378.3
5826	378.3
5827	378.2
5828	378.2
5829	378.2
5830	378.2
5831	377.8
5832	377.7
5833	377.9
5834	378.2
5835	378.4
5836	378.4
5837	378.2
5838	378.2
5839	378.1
5840	378.1
5841	378.1
5842	378.3
5843	378.4
5844	378.2
5845	377.8
5846	377.9
5847	377.9
5848	377.7
5849	377.7
5850	377.8
5851	377.8
5852	377.6
5853	377.5
5854	377.4
5855	377.5
5856	377.4
5857	377.6
5858	378
5859	378
5860	378.1
5861	378.2
5862	378.2
5863	378.5
5864	378.5
5865	378.7
5866	378.8
5867	378.7
5868	378.7
5869	378.7
5870	378.6
5871	378.5
5872	378.2
5873	378.4
5874	378.5
5875	378.5
5876	378.5
5877	378.7
5878	378.9
5879	379.1
5880	379.1
5881	379.1
5882	379
5883	378.8
5884	378.7
5885	379
5886	379
5887	378.8
5888	378.6
5889	378.5
5890	378.3
5891	378.5
5892	378.8
5893	378.9
5894	379
5895	378.6
5896	378.2
5897	378.1
5898	378
5899	378
5900	377.8
5901	377.8
5902	377.9
5903	377.9
5904	378.1
5905	378.1
5906	377.8
5907	378.1
5908	378.1
5909	378.1
5910	378.1
5911	378.2
5912	378.1
5913	377.8
5914	377.5
5915	377.2
5916	377.2
5917	377.3
5918	377.5
5919	377.6
5920	377.8
5921	377.6
5922	377.8
5923	377.8
5924	377.9
5925	377.8
5926	377.9
5927	378.1
5928	378.1
5929	377.8
5930	377.9
5931	377.7
5932	377.6
5933	377.9
5934	377.9
5935	378.1
5936	378.1
5937	378.2
5938	378
5939	378
5940	378.2
5941	378.4
5942	378.5
5943	378.6
5944	378.8
5945	378.9
5946	378.5
5947	378.5
5948	378.5
5949	378.5
5950	378.5
5951	378.5
5952	378.5
5953	378.4
5954	378.5
5955	378.5
5956	378.5
5957	378.3
5958	377.9
5959	377.9
5960	377.8
5961	377.5
5962	377.2
5963	377
5964	376.5
5965	376.2
5966	375.9
5967	375.6
5968	375.4
5969	375.3
5970	375.3
5971	375.3
5972	375.2
5973	375
5974	374.6
5975	373.9
5976	372.7
5977	371.4
5978	370.4
5979	368.8
5980	367.3
5981	366.1
5982	365.6
5983	364.7
5984	364
5985	363.8
5986	363.4
5987	363.3
5988	363.6
5989	363.6
5990	363.9
5991	364.3
5992	364.7
5993	364.6
5994	365.1
5995	365.5
5996	365.6
5997	365.9
5998	366.4
5999	366.9
6000	367.3
6001	367.5
6002	367.8
6003	368.1
6004	368.2
6005	368.3
6006	368.5
6007	368.8
6008	368.8
6009	368.8
6010	369.1
6011	369.2
6012	369.1
6013	369.4
6014	369.5
6015	369.7
6016	369.8
6017	369.8
6018	369.8
6019	369.8
6020	369.8
6021	369.8
6022	369.8
6023	369.9
6024	369.9
6025	370
6026	370.3
6027	370.1
6028	370.1
6029	370
6030	370.1
6031	369.9
6032	369.8
6033	369.7
6034	369.8
6035	369.7
6036	369.8
6037	369.7
6038	369.8
6039	369.8
6040	369.8
6041	369.9
6042	370.1
6043	369.9
6044	370.1
6045	370
6046	370.1
6047	370.2
6048	370.1
6049	370.3
6050	370.2
6051	370.2
6052	370.3
6053	370.1
6054	370.1
6055	370.3
6056	370.2
6057	370.3
6058	370.2
6059	370.4
6060	370.1
6061	370
6062	369.9
6063	369.9
6064	370.1
6065	370.1
6066	370.1
6067	370.1
6068	370.4
6069	370.1
6070	370.3
6071	370.3
6072	370.3
6073	370.2
6074	370.2
6075	370.3
6076	370.1
6077	370.1
6078	369.9
6079	369.9
6080	369.8
6081	369.8
6082	369.6
6083	369.8
6084	369.8
6085	370
6086	370.1
6087	370.1
6088	370.1
6089	370.1
6090	370.1
6091	370.1
6092	370.1
6093	370.2
6094	370.2
6095	370.3
6096	370.2
6097	370.1
6098	370
6099	370
6100	370
6101	370
6102	369.8
6103	369.9
6104	369.8
6105	369.8
6106	369.8
6107	369.8
6108	369.8
6109	370
6110	370
6111	369.9
6112	369.8
6113	369.8
6114	370
6115	369.9
6116	369.8
6117	369.8
6118	369.7
6119	369.9
6120	369.9
6121	369.8
6122	369.9
6123	369.9
6124	369.8
6125	369.9
6126	369.8
6127	369.9
6128	369.9
6129	370
6130	369.9
6131	370.1
6132	370.1
6133	370.2
6134	370.1
6135	370.1
6136	370.1
6137	370.1
6138	370.2
6139	370.1
6140	370.1
6141	370.1
6142	370.1
6143	370.1
6144	370
6145	370
6146	370.1
6147	370.1
6148	370.1
6149	370.1
6150	370.1
6151	370.1
6152	370.2
6153	370.3
6154	370.3
6155	370.4
6156	370.4
6157	370.2
6158	370.2
6159	370.1
6160	370.1
6161	370
6162	370
6163	370.2
6164	370.1
6165	370.1
6166	370.1
6167	370
6168	369.8
6169	370
6170	370.1
6171	370.1
6172	370
6173	370.1
6174	370.3
6175	370.3
6176	370.4
6177	370.6
6178	370.4
6179	370.2
6180	370.2
6181	370.1
6182	370.1
6183	370
6184	369.8
6185	370
6186	370
6187	369.8
6188	370
6189	370
6190	369.8
6191	369.9
6192	370
6193	369.8
6194	370
6195	370.1
6196	370.2
6197	370.2
6198	370.2
6199	370.1
6200	370.1
6201	370.1