1	283.83
2	283.85
3	283.74
4	283.83
5	283.83
6	283.91
7	283.83
8	283.81
9	283.83
10	283.78
11	283.83
12	283.85
13	283.81
14	283.83
15	283.83
16	283.89
17	283.85
18	283.85
19	283.97
20	284.01
21	283.95
22	283.99
23	284.04
24	283.97
25	283.97
26	283.87
27	283.87
28	283.89
29	283.91
30	283.95
31	283.99
32	283.91
33	284.01
34	283.97
35	284.01
36	283.97
37	283.89
38	283.95
39	283.91
40	283.99
41	284.08
42	284.01
43	283.87
44	283.91
45	283.89
46	283.89
47	283.85
48	283.78
49	283.74
50	283.74
51	283.76
52	283.76
53	283.89
54	283.87
55	283.85
56	283.81
57	283.81
58	283.81
59	283.87
60	283.87
61	283.85
62	283.83
63	283.81
64	283.81
65	283.81
66	283.81
67	283.76
68	283.81
69	283.97
70	284.16
71	284.35
72	284.73
73	284.79
74	285
75	285.1
76	285.16
77	285.37
78	285.52
79	285.79
80	285.96
81	286.25
82	286.42
83	286.48
84	286.61
85	286.67
86	286.84
87	286.92
88	286.98
89	286.98
90	286.98
91	287.01
92	286.98
93	287.01
94	287.11
95	287.21
96	287.21
97	287.3
98	287.3
99	287.36
100	287.38
101	287.34
102	287.38
103	287.4
104	287.42
105	287.53
106	287.44
107	287.57
108	287.61
109	287.57
110	287.53
111	287.38
112	287.34
113	287.34
114	287.42
115	287.4
116	287.42
117	287.36
118	287.42
119	287.42
120	287.44
121	287.44
122	287.47
123	287.59
124	287.63
125	287.63
126	287.63
127	287.59
128	287.59
129	287.65
130	287.65
131	287.8
132	287.72
133	287.72
134	287.67
135	287.67
136	287.57
137	287.55
138	287.55
139	287.57
140	287.51
141	287.49
142	287.53
143	287.59
144	287.67
145	287.63
146	287.76
147	287.72
148	287.76
149	287.8
150	287.65
151	287.72
152	287.65
153	287.61
154	287.7
155	287.61
156	287.7
157	287.8
158	287.72
159	287.74
160	287.74
161	287.72
162	287.67
163	287.7
164	287.72
165	287.67
166	287.7
167	287.7
168	287.72
169	287.72
170	287.7
171	287.72
172	287.72
173	287.7
174	287.67
175	287.61
176	287.72
177	287.76
178	287.8
179	287.95
180	287.97
181	287.95
182	287.82
183	287.74
184	287.74
185	287.72
186	287.8
187	287.82
188	287.8
189	287.82
190	287.84
191	287.9
192	287.9
193	287.9
194	287.9
195	287.82
196	287.76
197	287.74
198	287.65
199	287.65
200	287.76
201	287.78
202	287.78
203	287.88
204	287.88
205	287.76
206	287.76
207	287.67
208	287.7
209	287.7
210	287.72
211	287.78
212	287.8
213	287.74
214	287.9
215	287.88
216	287.84
217	287.86
218	287.86
219	287.86
220	287.82
221	287.76
222	287.7
223	287.7
224	287.63
225	287.72
226	287.74
227	287.74
228	287.76
229	287.72
230	287.74
231	287.74
232	287.67
233	287.72
234	287.72
235	287.65
236	287.57
237	287.51
238	287.51
239	287.47
240	287.55
241	287.59
242	287.57
243	287.4
244	287.28
245	287.13
246	286.84
247	286.61
248	286.54
249	286.59
250	286.61
251	286.59
252	286.57
253	286.59
254	286.59
255	286.42
256	285.85
257	285.42
258	284.33
259	283.72
260	282.22
261	280.61
262	279.1
263	277.7
264	277.2
265	276.57
266	276.26
267	275.96
268	275.86
269	275.94
270	275.94
271	276.34
272	276.76
273	277.01
274	277.45
275	277.72
276	277.87
277	277.87
278	278.33
279	278.77
280	278.93
281	279.27
282	279.5
283	279.52
284	279.64
285	279.81
286	280
287	280.23
288	280.35
289	280.4
290	280.48
291	280.52
292	280.86
293	280.98
294	281.13
295	281.11
296	281.19
297	281.27
298	281.3
299	281.44
300	281.5
301	281.55
302	281.55
303	281.71
304	281.82
305	281.8
306	281.86
307	282.03
308	282.05
309	282.05
310	282.01
311	282.09
312	282.15
313	282.28
314	282.34
315	282.57
316	282.57
317	282.55
318	282.47
319	282.47
320	282.47
321	282.51
322	282.57
323	282.55
324	282.72
325	282.76
326	282.86
327	282.8
328	282.91
329	282.89
330	282.89
331	282.72
332	282.7
333	282.61
334	282.66
335	282.76
336	282.76
337	282.76
338	282.72
339	282.61
340	282.63
341	282.63
342	282.8
343	282.74
344	282.78
345	282.82
346	282.89
347	282.93
348	282.93
349	282.86
350	282.84
351	282.78
352	282.95
353	283.09
354	283.12
355	283.12
356	283.12
357	283.14
358	283.14
359	283.01
360	282.99
361	282.91
362	282.97
363	283.05
364	283.09
365	283.03
366	283.2
367	283.16
368	283.2
369	283.22
370	283.2
371	283.18
372	283.18
373	283.18
374	283.2
375	283.18
376	283.18
377	283.2
378	283.07
379	283.12
380	283.12
381	283.07
382	283.12
383	283.12
384	283.09
385	283.14
386	283.12
387	283.12
388	283.12
389	283.16
390	283.07
391	283.05
392	283.12
393	283.12
394	283.14
395	283.03
396	283.03
397	282.99
398	283.05
399	283.12
400	283.09
401	283.03
402	283.18
403	283.14
404	283.24
405	283.37
406	283.41
407	283.14
408	283.07
409	282.95
410	282.91
411	282.93
412	282.93
413	283.12
414	283.2
415	283.2
416	283.32
417	283.28
418	283.32
419	283.32
420	283.32
421	283.22
422	283.18
423	283.14
424	283.28
425	283.28
426	283.28
427	283.2
428	283.12
429	283.05
430	283.12
431	283.24
432	283.26
433	283.28
434	283.26
435	283.28
436	283.32
437	283.37
438	283.51
439	283.45
440	283.43
441	283.45
442	283.43
443	283.47
444	283.53
445	283.64
446	283.74
447	283.74
448	283.62
449	283.49
450	283.51
451	283.51
452	283.6
453	283.53
454	283.53
455	283.49
456	283.51
457	283.6
458	283.6
459	283.66
460	283.58
461	283.51
462	283.43
463	283.39
464	283.37
465	283.41
466	283.32
467	283.37
468	283.41
469	283.32
470	283.28
471	283.26
472	283.28
473	283.41
474	283.43
475	283.45
476	283.53
477	283.51
478	283.58
479	283.55
480	283.66
481	283.62
482	283.53
483	283.53
484	283.49
485	283.55
486	283.55
487	283.49
488	283.45
489	283.39
490	283.39
491	283.43
492	283.51
493	283.55
494	283.53
495	283.47
496	283.41
497	283.41
498	283.43
499	283.41
500	283.37
501	283.43
502	283.41
503	283.43
504	283.37
505	283.45
506	283.47
507	283.55
508	283.55
509	283.51
510	283.55
511	283.47
512	283.43
513	283.45
514	283.58
515	283.45
516	283.47
517	283.53
518	283.45
519	283.41
520	283.45
521	283.55
522	283.55
523	283.45
524	283.6
525	283.53
526	283.53
527	283.58
528	283.6
529	283.6
530	283.47
531	283.41
532	283.37
533	283.43
534	283.47
535	283.47
536	283.55
537	283.53
538	283.45
539	283.49
540	283.58
541	283.6
542	283.62
543	283.66
544	283.97
545	283.99
546	284.1
547	284.27
548	284.33
549	284.45
550	284.6
551	284.85
552	285.23
553	285.52
554	285.52
555	285.94
556	286.19
557	286.36
558	286.44
559	286.52
560	286.63
561	286.63
562	286.75
563	286.82
564	286.75
565	286.94
566	287.11
567	287.15
568	287.15
569	287.24
570	287.32
571	287.3
572	287.32
573	287.34
574	287.38
575	287.38
576	287.36
577	287.28
578	287.19
579	287.21
580	287.28
581	287.3
582	287.34
583	287.32
584	287.3
585	287.32
586	287.3
587	287.17
588	287.28
589	287.32
590	287.44
591	287.49
592	287.55
593	287.55
594	287.59
595	287.55
596	287.57
597	287.65
598	287.67
599	287.78
600	287.78
601	287.67
602	287.55
603	287.47
604	287.44
605	287.42
606	287.44
607	287.47
608	287.44
609	287.42
610	287.47
611	287.57
612	287.59
613	287.65
614	287.61
615	287.63
616	287.7
617	287.65
618	287.61
619	287.67
620	287.59
621	287.61
622	287.55
623	287.59
624	287.53
625	287.42
626	287.4
627	287.44
628	287.51
629	287.53
630	287.53
631	287.59
632	287.59
633	287.7
634	287.72
635	287.65
636	287.55
637	287.51
638	287.57
639	287.57
640	287.67
641	287.67
642	287.76
643	287.8
644	287.82
645	287.84
646	287.88
647	287.88
648	287.84
649	287.86
650	287.84
651	287.82
652	287.78
653	287.8
654	287.9
655	287.93
656	287.95
657	287.9
658	287.99
659	287.88
660	287.86
661	287.72
662	287.67
663	287.78
664	287.78
665	287.84
666	287.84
667	287.78
668	287.72
669	287.7
670	287.63
671	287.63
672	287.65
673	287.72
674	287.8
675	287.78
676	287.82
677	287.82
678	287.82
679	287.72
680	287.7
681	287.74
682	287.84
683	287.86
684	287.88
685	287.84
686	287.9
687	287.82
688	287.84
689	287.88
690	287.84
691	287.93
692	287.93
693	287.93
694	287.93
695	287.93
696	287.9
697	287.84
698	287.88
699	287.86
700	287.93
701	287.86
702	287.88
703	287.88
704	287.86
705	287.86
706	287.88
707	287.84
708	287.78
709	287.59
710	287.59
711	287.76
712	287.86
713	287.84
714	287.8
715	287.59
716	287.53
717	287.42
718	287.11
719	287.09
720	286.92
721	286.82
722	286.73
723	286.69
724	286.73
725	286.73
726	286.69
727	286.57
728	286.38
729	286.23
730	285.71
731	285.27
732	283.97
733	282.51
734	281.07
735	281.07
736	278.87
737	277.78
738	277.43
739	276.69
740	276.4
741	276.38
742	276.38
743	276.42
744	276.65
745	276.76
746	276.95
747	277.22
748	277.66
749	277.66
750	278.24
751	278.54
752	278.68
753	278.91
754	279
755	279.14
756	279.12
757	279.56
758	279.71
759	279.85
760	280.1
761	280.25
762	280.4
763	280.46
764	280.77
765	280.98
766	281.11
767	281.25
768	281.25
769	281.38
770	281.42
771	281.59
772	281.65
773	281.67
774	281.67
775	281.73
776	281.82
777	281.88
778	282.01
779	282.03
780	282.13
781	282.13
782	282.15
783	282.2
784	282.24
785	282.38
786	282.47
787	282.43
788	282.43
789	282.57
790	282.55
791	282.47
792	282.43
793	282.47
794	282.51
795	282.55
796	282.66
797	282.63
798	282.59
799	282.63
800	282.68
801	282.72
802	282.8
803	282.93
804	282.97
805	283.03
806	283.03
807	282.91
808	282.84
809	282.84
810	282.8
811	282.84
812	282.8
813	282.8
814	282.63
815	282.59
816	282.61
817	282.59
818	282.7
819	282.78
820	282.78
821	282.89
822	282.84
823	282.82
824	282.93
825	283.03
826	283.09
827	283.14
828	283.2
829	283.2
830	283.28
831	283.28
832	283.26
833	283.2
834	283.18
835	283.14
836	283.16
837	283.2
838	283.28
839	283.28
840	283.35
841	283.3
842	283.32
843	283.32
844	283.3
845	283.3
846	283.18
847	283.18
848	283.16
849	283.07
850	283.12
851	283.18
852	283.18
853	283.37
854	283.26
855	283.43
856	283.35
857	283.41
858	283.37
859	283.37
860	283.39
861	283.45
862	283.41
863	283.32
864	283.3
865	283.24
866	283.24
867	283.22
868	283.3
869	283.39
870	283.49
871	283.49
872	283.51
873	283.45
874	283.58
875	283.64
876	283.58
877	283.58
878	283.6
879	283.53
880	283.49
881	283.49
882	283.43
883	283.39
884	283.39
885	283.58
886	283.62
887	283.64
888	283.53
889	283.47
890	283.45
891	283.45
892	283.53
893	283.6
894	283.62
895	283.62
896	283.72
897	283.66
898	283.62
899	283.41
900	283.43
901	283.45
902	283.51
903	283.47
904	283.62
905	283.7
906	283.62
907	283.6
908	283.53
909	283.55
910	283.53
911	283.55
912	283.53
913	283.58
914	283.55
915	283.6
916	283.6
917	283.78
918	283.72
919	283.76
920	283.58
921	283.66
922	283.72
923	283.72
924	283.7
925	283.76
926	283.7
927	283.68
928	283.68
929	283.64
930	283.55
931	283.64
932	283.58
933	283.58
934	283.53
935	283.66
936	283.7
937	283.7
938	283.6
939	283.58
940	283.68
941	283.64
942	283.64
943	283.6
944	283.53
945	283.53
946	283.53
947	283.62
948	283.68
949	283.6
950	283.72
951	283.72
952	283.7
953	283.7
954	283.7
955	283.7
956	283.87
957	283.85
958	283.85
959	283.83
960	283.81
961	283.85
962	283.85
963	283.76
964	283.72
965	283.66
966	283.6
967	283.72
968	283.68
969	283.74
970	283.72
971	283.72
972	283.78
973	283.87
974	283.91
975	283.85
976	283.87
977	283.7
978	283.66
979	283.58
980	283.47
981	283.49
982	283.47
983	283.49
984	283.45
985	283.47
986	283.45
987	283.45
988	283.51
989	283.45
990	283.43
991	283.47
992	283.51
993	283.64
994	283.64
995	283.45
996	283.43
997	283.45
998	283.45
999	283.51
1000	283.66
1001	283.66
1002	283.81
1003	283.83
1004	283.76
1005	283.81
1006	283.74
1007	283.7
1008	283.58
1009	283.49
1010	283.53
1011	283.47
1012	283.47
1013	283.55
1014	283.66
1015	283.72
1016	283.91
1017	284.12
1018	284.18
1019	284.35
1020	284.37
1021	284.6
1022	284.77
1023	284.98
1024	285.14
1025	285.35
1026	285.35
1027	285.77
1028	286.17
1029	286.27
1030	286.59
1031	286.8
1032	286.9
1033	286.9
1034	287.03
1035	287.03
1036	287.03
1037	287.11
1038	287.17
1039	287.15
1040	287.09
1041	287.28
1042	287.28
1043	287.28
1044	287.3
1045	287.36
1046	287.44
1047	287.42
1048	287.49
1049	287.47
1050	287.55
1051	287.59
1052	287.72
1053	287.78
1054	287.88
1055	287.84
1056	287.95
1057	287.86
1058	287.86
1059	287.72
1060	287.8
1061	287.74
1062	287.78
1063	287.78
1064	287.82
1065	287.82
1066	287.78
1067	287.8
1068	287.84
1069	287.82
1070	287.9
1071	287.88
1072	287.88
1073	287.78
1074	287.74
1075	287.72
1076	287.82
1077	287.76
1078	287.76
1079	287.8
1080	287.65
1081	287.72
1082	287.65
1083	287.65
1084	287.63
1085	287.76
1086	287.8
1087	287.7
1088	287.7
1089	287.61
1090	287.59
1091	287.55
1092	287.57
1093	287.72
1094	287.78
1095	287.78
1096	287.82
1097	287.82
1098	287.93
1099	287.97
1100	288.03
1101	288.07
1102	287.93
1103	287.97
1104	287.97
1105	287.9
1106	287.84
1107	287.88
1108	287.97
1109	288.07
1110	288.05
1111	288.07
1112	287.93
1113	287.97
1114	288.05
1115	287.88
1116	287.88
1117	287.99
1118	287.93
1119	287.97
1120	287.99
1121	288.01
1122	287.95
1123	287.9
1124	287.93
1125	287.93
1126	287.88
1127	287.9
1128	287.9
1129	287.9
1130	287.9
1131	287.93
1132	287.9
1133	287.93
1134	287.9
1135	287.95
1136	287.95
1137	287.9
1138	287.88
1139	287.86
1140	287.86
1141	287.86
1142	287.93
1143	287.93
1144	287.84
1145	287.82
1146	287.84
1147	287.9
1148	287.82
1149	287.8
1150	287.72
1151	287.74
1152	287.8
1153	287.84
1154	287.9
1155	287.82
1156	287.97
1157	288.01
1158	287.97
1159	287.97
1160	287.99
1161	287.93
1162	287.93
1163	287.84
1164	287.93
1165	288.01
1166	288.01
1167	288.03
1168	288.03
1169	287.95
1170	288.01
1171	287.97
1172	288.01
1173	287.88
1174	287.86
1175	287.86
1176	287.97
1177	288.01
1178	288.01
1179	287.86
1180	287.95
1181	287.95
1182	287.99
1183	287.9
1184	288.01
1185	288.01
1186	288.05
1187	288.07
1188	288.11
1189	288.09
1190	287.74
1191	287.63
1192	287.38
1193	287.24
1194	287.24
1195	287.09
1196	287.09
1197	286.9
1198	286.9
1199	286.82
1200	286.63
1201	286.57
1202	286.21
1203	286.13
1204	285.06
1205	283.55
1206	281.92
1207	281.92
1208	279.33
1209	277.97
1210	277.34
1211	276.46
1212	275.84
1213	275.63
1214	275.63
1215	275.75
1216	276.05
1217	276.19
1218	276.53
1219	276.78
1220	276.99
1221	277.13
1222	277.64
1223	277.82
1224	278.14
1225	278.45
1226	278.56
1227	278.74
1228	278.87
1229	279.31
1230	279.5
1231	279.79
1232	279.89
1233	280
1234	280.08
1235	280.12
1236	280.35
1237	280.5
1238	280.65
1239	280.65
1240	280.98
1241	281.11
1242	281.11
1243	281.07
1244	281.11
1245	281.19
1246	281.19
1247	281.27
1248	281.53
1249	281.61
1250	281.8
1251	281.84
1252	281.92
1253	281.92
1254	281.96
1255	281.99
1256	281.92
1257	282.15
1258	282.28
1259	282.28
1260	282.32
1261	282.36
1262	282.38
1263	282.43
1264	282.38
1265	282.36
1266	282.34
1267	282.34
1268	282.4
1269	282.43
1270	282.53
1271	282.66
1272	282.66
1273	282.74
1274	282.72
1275	282.61
1276	282.55
1277	282.61
1278	282.61
1279	282.86
1280	282.97
1281	283.03
1282	283.03
1283	283.01
1284	283.03
1285	283.03
1286	283.3
1287	283.3
1288	283.37
1289	283.26
1290	283.32
1291	283.28
1292	283.3
1293	283.24
1294	283.24
1295	283.22
1296	283.28
1297	283.28
1298	283.35
1299	283.39
1300	283.35
1301	283.39
1302	283.49
1303	283.51
1304	283.45
1305	283.24
1306	283.24
1307	283.32
1308	283.39
1309	283.47
1310	283.47
1311	283.32
1312	283.22
1313	283.24
1314	283.2
1315	283.18
1316	283.07
1317	283.07
1318	283.3
1319	283.41
1320	283.43
1321	283.45
1322	283.32
1323	283.2
1324	283.2
1325	283.18
1326	283.14
1327	283.16
1328	283.12
1329	283.2
1330	283.2
1331	283.22
1332	283.26
1333	283.28
1334	283.32
1335	283.37
1336	283.32
1337	283.35
1338	283.32
1339	283.43
1340	283.43
1341	283.51
1342	283.6
1343	283.6
1344	283.66
1345	283.62
1346	283.58
1347	283.39
1348	283.22
1349	283.22
1350	283.32
1351	283.41
1352	283.53
1353	283.55
1354	283.51
1355	283.6
1356	283.6
1357	283.6
1358	283.62
1359	283.6
1360	283.53
1361	283.55
1362	283.6
1363	283.6
1364	283.64
1365	283.64
1366	283.6
1367	283.55
1368	283.58
1369	283.62
1370	283.62
1371	283.66
1372	283.7
1373	283.64
1374	283.53
1375	283.49
1376	283.41
1377	283.51
1378	283.55
1379	283.66
1380	283.76
1381	283.76
1382	283.74
1383	283.74
1384	283.7
1385	283.6
1386	283.62
1387	283.62
1388	283.62
1389	283.7
1390	283.81
1391	283.85
1392	283.83
1393	283.74
1394	283.76
1395	283.76
1396	283.72
1397	283.7
1398	283.68
1399	283.7
1400	283.64
1401	283.6
1402	283.62
1403	283.64
1404	283.58
1405	283.58
1406	283.51
1407	283.58
1408	283.64
1409	283.78
1410	283.83
1411	283.78
1412	283.72
1413	283.74
1414	283.72
1415	283.7
1416	283.66
1417	283.7
1418	283.74
1419	283.76
1420	283.76
1421	283.78
1422	283.83
1423	283.74
1424	283.72
1425	283.64
1426	283.62
1427	283.62
1428	283.68
1429	283.7
1430	283.66
1431	283.66
1432	283.6
1433	283.62
1434	283.66
1435	283.74
1436	283.72
1437	283.76
1438	283.72
1439	283.64
1440	283.64
1441	283.62
1442	283.6
1443	283.55
1444	283.62
1445	283.62
1446	283.64
1447	283.62
1448	283.62
1449	283.76
1450	283.81
1451	283.83
1452	283.85
1453	283.83
1454	283.85
1455	283.89
1456	283.87
1457	283.74
1458	283.7
1459	283.7
1460	283.74
1461	283.78
1462	283.91
1463	283.87
1464	283.76
1465	283.83
1466	283.83
1467	283.66
1468	283.64
1469	283.62
1470	283.62
1471	283.68
1472	283.74
1473	283.72
1474	283.81
1475	283.68
1476	283.78
1477	283.74
1478	283.7
1479	283.72
1480	283.74
1481	283.74
1482	283.76
1483	283.83
1484	283.76
1485	283.74
1486	283.72
1487	283.68
1488	283.74
1489	283.97
1490	284.33
1491	284.33
1492	284.73
1493	284.91
1494	284.98
1495	285.12
1496	285.31
1497	285.67
1498	285.67
1499	286.04
1500	286.17
1501	286.15
1502	286.21
1503	286.46
1504	286.52
1505	286.54
1506	286.67
1507	286.8
1508	286.84
1509	287.07
1510	287.24
1511	287.26
1512	287.24
1513	287.21
1514	287.26
1515	287.32
1516	287.32
1517	287.38
1518	287.42
1519	287.42
1520	287.38
1521	287.44
1522	287.49
1523	287.47
1524	287.55
1525	287.67
1526	287.7
1527	287.7
1528	287.65
1529	287.7
1530	287.7
1531	287.65
1532	287.72
1533	287.7
1534	287.7
1535	287.78
1536	287.84
1537	287.84
1538	287.76
1539	287.76
1540	287.72
1541	287.8
1542	287.8
1543	287.84
1544	287.9
1545	287.86
1546	287.88
1547	287.9
1548	287.86
1549	287.88
1550	287.88
1551	287.88
1552	287.8
1553	287.88
1554	287.84
1555	287.86
1556	287.86
1557	287.88
1558	287.88
1559	287.86
1560	287.86
1561	287.82
1562	287.82
1563	287.82
1564	287.88
1565	287.93
1566	287.86
1567	287.84
1568	287.82
1569	287.82
1570	287.76
1571	287.84
1572	287.97
1573	287.95
1574	288.01
1575	288.01
1576	288.01
1577	287.95
1578	287.97
1579	287.88
1580	287.82
1581	287.82
1582	287.8
1583	287.8
1584	287.78
1585	287.86
1586	287.93
1587	287.88
1588	287.88
1589	287.97
1590	287.99
1591	287.9
1592	287.9
1593	287.9
1594	288.03
1595	288.03
1596	288.11
1597	288.05
1598	287.99
1599	287.95
1600	287.95
1601	287.95
1602	287.99
1603	287.97
1604	287.97
1605	287.95
1606	287.95
1607	288.01
1608	288.01
1609	287.9
1610	287.95
1611	287.9
1612	287.99
1613	287.97
1614	287.99
1615	288.01
1616	287.93
1617	287.99
1618	287.86
1619	287.76
1620	287.78
1621	287.84
1622	287.84
1623	287.84
1624	287.84
1625	287.9
1626	288.03
1627	287.97
1628	287.97
1629	287.99
1630	288.01
1631	287.95
1632	287.88
1633	287.88
1634	287.78
1635	287.82
1636	287.76
1637	287.74
1638	287.74
1639	287.78
1640	287.78
1641	287.8
1642	287.72
1643	287.84
1644	287.86
1645	287.9
1646	287.9
1647	287.9
1648	287.84
1649	287.84
1650	287.86
1651	287.93
1652	287.93
1653	287.95
1654	287.95
1655	288.03
1656	288.03
1657	288.05
1658	288.03
1659	288.05
1660	288.09
1661	287.99
1662	287.8
1663	287.61
1664	287.42
1665	287.21
1666	287.11
1667	286.9
1668	286.82
1669	286.82
1670	286.84
1671	286.84
1672	286.84
1673	286.88
1674	286.86
1675	286.84
1676	286.63
1677	286.27
1678	285.46
1679	285.46
1680	283.26
1681	281.67
1682	280.92
1683	279.39
1684	278.31
1685	277.8
1686	277.39
1687	276.51
1688	276.32
1689	276.34
1690	276.49
1691	276.8
1692	276.95
1693	277.09
1694	277.55
1695	277.7
1696	277.99
1697	278.41
1698	278.64
1699	278.93
1700	279.06
1701	279.37
1702	279.54
1703	279.73
1704	279.73
1705	280.06
1706	280.31
1707	280.42
1708	280.58
1709	280.65
1710	280.75
1711	280.75
1712	280.94
1713	281.19
1714	281.25
1715	281.36
1716	281.38
1717	281.48
1718	281.48
1719	281.71
1720	281.67
1721	281.69
1722	281.71
1723	281.82
1724	281.86
1725	281.92
1726	282.07
1727	282.09
1728	282.17
1729	282.2
1730	282.22
1731	282.2
1732	282.26
1733	282.28
1734	282.24
1735	282.32
1736	282.34
1737	282.34
1738	282.4
1739	282.51
1740	282.53
1741	282.57
1742	282.63
1743	282.63
1744	282.53
1745	282.43
1746	282.4
1747	282.34
1748	282.4
1749	282.55
1750	282.55
1751	282.74
1752	282.76
1753	282.78
1754	282.72
1755	282.7
1756	282.59
1757	282.68
1758	282.63
1759	282.68
1760	282.76
1761	282.76
1762	282.74
1763	282.74
1764	282.78
1765	282.93
1766	282.93
1767	283.07
1768	283.2
1769	283.2
1770	283.14
1771	283.09
1772	283.16
1773	283.18
1774	283.09
1775	283.12
1776	283.16
1777	283.2
1778	283.18
1779	283.01
1780	283.01
1781	283.05
1782	283.05
1783	283.16
1784	283.18
1785	283.22
1786	283.24
1787	283.24
1788	283.24
1789	283.24
1790	283.09
1791	283.12
1792	283.09
1793	283.09
1794	283.14
1795	283.14
1796	283.18
1797	283.26
1798	283.35
1799	283.37
1800	283.3
1801	283.26
1802	283.3
1803	283.18
1804	283.39
1805	283.39
1806	283.35
1807	283.24
1808	283.2
1809	283.22
1810	283.28
1811	283.28
1812	283.43
1813	283.47
1814	283.47
1815	283.43
1816	283.45
1817	283.47
1818	283.43
1819	283.28
1820	283.16
1821	283.16
1822	283.16
1823	283.18
1824	283.22
1825	283.37
1826	283.32
1827	283.32
1828	283.32
1829	283.32
1830	283.28
1831	283.3
1832	283.41
1833	283.51
1834	283.53
1835	283.39
1836	283.43
1837	283.45
1838	283.32
1839	283.35
1840	283.32
1841	283.28
1842	283.24
1843	283.26
1844	283.18
1845	283.18
1846	283.22
1847	283.32
1848	283.47
1849	283.62
1850	283.55
1851	283.66
1852	283.6
1853	283.6
1854	283.6
1855	283.64
1856	283.64
1857	283.62
1858	283.66
1859	283.68
1860	283.68
1861	283.62
1862	283.62
1863	283.6
1864	283.53
1865	283.39
1866	283.35
1867	283.26
1868	283.39
1869	283.39
1870	283.49
1871	283.55
1872	283.55
1873	283.6
1874	283.64
1875	283.72
1876	283.72
1877	283.68
1878	283.7
1879	283.74
1880	283.7
1881	283.6
1882	283.62
1883	283.58
1884	283.6
1885	283.6
1886	283.47
1887	283.37
1888	283.32
1889	283.32
1890	283.39
1891	283.41
1892	283.41
1893	283.35
1894	283.45
1895	283.45
1896	283.51
1897	283.49
1898	283.43
1899	283.43
1900	283.35
1901	283.37
1902	283.43
1903	283.39
1904	283.35
1905	283.3
1906	283.3
1907	283.26
1908	283.18
1909	283.16
1910	283.26
1911	283.3
1912	283.45
1913	283.39
1914	283.55
1915	283.49
1916	283.6
1917	283.49
1918	283.39
1919	283.43
1920	283.43
1921	283.51
1922	283.49
1923	283.47
1924	283.47
1925	283.47
1926	283.55
1927	283.55
1928	283.66
1929	283.62
1930	283.62
1931	283.62
1932	283.64
1933	283.49
1934	283.53
1935	283.62
1936	283.55
1937	283.49
1938	283.55
1939	283.55
1940	283.49
1941	283.47
1942	283.43
1943	283.35
1944	283.35
1945	283.35
1946	283.32
1947	283.35
1948	283.37
1949	283.32
1950	283.3
1951	283.32
1952	283.32
1953	283.41
1954	283.47
1955	283.58
1956	283.51
1957	283.51
1958	283.49
1959	283.47
1960	283.55
1961	283.55
1962	283.7
1963	283.7
1964	284.1
1965	284.37
1966	284.43
1967	284.58
1968	284.79
1969	285
1970	285
1971	285.44
1972	285.6
1973	285.75
1974	285.94
1975	286.13
1976	286.27
1977	286.29
1978	286.46
1979	286.54
1980	286.61
1981	286.8
1982	286.9
1983	287.03
1984	287.05
1985	287.13
1986	287.11
1987	287.21
1988	287.26
1989	287.26
1990	287.36
1991	287.38
1992	287.44
1993	287.38
1994	287.42
1995	287.42
1996	287.53
1997	287.59
1998	287.53
1999	287.59
2000	287.65
2001	287.55
2002	287.55
2003	287.59
2004	287.53
2005	287.57
2006	287.57
2007	287.63
2008	287.67
2009	287.57
2010	287.57
2011	287.67
2012	287.63
2013	287.67
2014	287.74
2015	287.82
2016	287.72
2017	287.8
2018	287.7
2019	287.67
2020	287.63
2021	287.65
2022	287.61
2023	287.65
2024	287.8
2025	287.88
2026	287.9
2027	287.84
2028	287.84
2029	287.72
2030	287.7
2031	287.57
2032	287.61
2033	287.63
2034	287.63
2035	287.67
2036	287.78
2037	287.74
2038	287.74
2039	287.8
2040	287.78
2041	287.78
2042	287.86
2043	287.9
2044	287.86
2045	287.8
2046	287.8
2047	287.82
2048	287.84
2049	287.95
2050	287.9
2051	287.93
2052	287.8
2053	287.82
2054	287.78
2055	287.8
2056	287.86
2057	287.88
2058	287.88
2059	287.88
2060	287.95
2061	287.97
2062	287.93
2063	287.99
2064	287.93
2065	287.97
2066	287.97
2067	288.03
2068	288.01
2069	288.07
2070	288.11
2071	288.07
2072	288.03
2073	288.03
2074	287.97
2075	288.09
2076	288.09
2077	288.11
2078	288.18
2079	288.09
2080	288.09
2081	288.2
2082	288.07
2083	288.05
2084	288.09
2085	288.09
2086	288.09
2087	288.05
2088	288.05
2089	287.97
2090	287.99
2091	287.95
2092	287.97
2093	287.86
2094	287.8
2095	287.95
2096	288.01
2097	287.97
2098	287.93
2099	287.97
2100	288.03
2101	288.05
2102	288.09
2103	288.13
2104	288.13
2105	288.13
2106	288.01
2107	288.03
2108	287.99
2109	287.99
2110	288.05
2111	288.09
2112	288.09
2113	288.07
2114	288.07
2115	288.03
2116	288.01
2117	288.03
2118	288.05
2119	288.07
2120	288.03
2121	288.03
2122	287.95
2123	287.84
2124	287.9
2125	287.88
2126	287.95
2127	288.01
2128	288.05
2129	288.01
2130	287.9
2131	287.86
2132	287.8
2133	287.82
2134	287.86
2135	287.86
2136	287.76
2137	287.76
2138	287.44
2139	287.17
2140	287.01
2141	286.84
2142	286.77
2143	286.75
2144	286.75
2145	286.92
2146	286.94
2147	286.84
2148	286.57
2149	286.17
2150	285.75
2151	285.75
2152	285.02
2153	283.93
2154	283.24
2155	281.55
2156	280.06
2157	279.37
2158	278.95
2159	277.53
2160	277.26
2161	276.76
2162	276.53
2163	276.57
2164	276.67
2165	276.74
2166	277.09
2167	277.28
2168	277.62
2169	278.01
2170	278.12
2171	278.41
2172	278.54
2173	278.89
2174	279.1
2175	279.2
2176	279.2
2177	279.31
2178	279.52
2179	279.52
2180	279.71
2181	279.89
2182	280.1
2183	280.1
2184	280.38
2185	280.56
2186	280.63
2187	280.75
2188	280.86
2189	280.9
2190	280.96
2191	281.13
2192	281.34
2193	281.44
2194	281.63
2195	281.8
2196	281.82
2197	281.84
2198	281.92
2199	281.99
2200	282.13
2201	282.26
2202	282.32
2203	282.28
2204	282.24
2205	282.3
2206	282.43
2207	282.47
2208	282.47
2209	282.53
2210	282.57
2211	282.59
2212	282.61
2213	282.61
2214	282.66
2215	282.66
2216	282.61
2217	282.72
2218	282.72
2219	282.76
2220	282.78
2221	282.84
2222	282.84
2223	282.86
2224	282.93
2225	282.93
2226	282.91
2227	282.84
2228	282.86
2229	282.91
2230	282.97
2231	282.97
2232	283.03
2233	283.18
2234	283.18
2235	283.22
2236	283.18
2237	283.18
2238	283.18
2239	283.05
2240	282.99
2241	282.99
2242	283.12
2243	283.18
2244	283.26
2245	283.32
2246	283.41
2247	283.41
2248	283.37
2249	283.37
2250	283.41
2251	283.45
2252	283.47
2253	283.47
2254	283.47
2255	283.53
2256	283.39
2257	283.43
2258	283.37
2259	283.39
2260	283.41
2261	283.47
2262	283.37
2263	283.45
2264	283.47
2265	283.47
2266	283.45
2267	283.45
2268	283.37
2269	283.6
2270	283.58
2271	283.66
2272	283.64
2273	283.66
2274	283.6
2275	283.6
2276	283.6
2277	283.6
2278	283.55
2279	283.49
2280	283.41
2281	283.45
2282	283.45
2283	283.53
2284	283.6
2285	283.51
2286	283.51
2287	283.49
2288	283.51
2289	283.6
2290	283.7
2291	283.62
2292	283.45
2293	283.45
2294	283.45
2295	283.49
2296	283.53
2297	283.51
2298	283.58
2299	283.64
2300	283.64
2301	283.53
2302	283.53
2303	283.41
2304	283.51
2305	283.51
2306	283.62
2307	283.66
2308	283.78
2309	283.76
2310	283.83
2311	283.81
2312	283.78
2313	283.72
2314	283.72
2315	283.68
2316	283.64
2317	283.7
2318	283.7
2319	283.78
2320	283.74
2321	283.7
2322	283.62
2323	283.62
2324	283.66
2325	283.66
2326	283.76
2327	283.87
2328	283.87
2329	283.83
2330	283.78
2331	283.72
2332	283.7
2333	283.74
2334	283.83
2335	283.74
2336	283.64
2337	283.68
2338	283.64
2339	283.68
2340	283.53
2341	283.6
2342	283.66
2343	283.74
2344	283.72
2345	283.64
2346	283.72
2347	283.7
2348	283.81
2349	283.78
2350	283.74
2351	283.68
2352	283.68
2353	283.68
2354	283.64
2355	283.55
2356	283.6
2357	283.6
2358	283.62
2359	283.7
2360	283.7
2361	283.72
2362	283.64
2363	283.62
2364	283.62
2365	283.51
2366	283.49
2367	283.55
2368	283.68
2369	283.76
2370	283.74
2371	283.72
2372	283.76
2373	283.76
2374	283.81
2375	283.85
2376	283.91
2377	283.89
2378	283.89
2379	283.91
2380	283.89
2381	283.93
2382	283.87
2383	283.83
2384	283.81
2385	283.72
2386	283.7
2387	283.85
2388	283.87
2389	283.87
2390	283.7
2391	283.7
2392	283.78
2393	283.78
2394	283.7
2395	283.62
2396	283.62
2397	283.66
2398	283.74
2399	283.78
2400	283.93
2401	283.91
2402	283.95
2403	283.95
2404	283.83
2405	283.83
2406	283.81
2407	283.7
2408	283.66
2409	283.66
2410	283.7
2411	283.7
2412	283.7
2413	283.68
2414	283.7
2415	283.66
2416	283.64
2417	283.55
2418	283.62
2419	283.7
2420	283.72
2421	283.74
2422	283.72
2423	283.74
2424	283.74
2425	283.78
2426	283.76
2427	283.78
2428	283.78
2429	283.78
2430	283.81
2431	283.81
2432	283.83
2433	283.95
2434	283.89
2435	283.89
2436	284.14
2437	284.29
2438	284.43
2439	284.62
2440	284.83
2441	284.87
2442	284.98
2443	285.35
2444	285.46
2445	285.73
2446	286.02
2447	286.13
2448	286.27
2449	286.29
2450	286.61
2451	286.65
2452	286.77
2453	286.82
2454	286.84
2455	286.96
2456	287.05
2457	287.15
2458	287.24
2459	287.21
2460	287.21
2461	287.11
2462	287.13
2463	287.19
2464	287.34
2465	287.44
2466	287.55
2467	287.55
2468	287.63
2469	287.67
2470	287.74
2471	287.67
2472	287.59
2473	287.65
2474	287.65
2475	287.8
2476	287.88
2477	287.9
2478	287.97
2479	287.99
2480	287.9
2481	287.88
2482	287.82
2483	287.82
2484	287.86
2485	287.82
2486	287.78
2487	287.72
2488	287.8
2489	287.78
2490	287.78
2491	287.82
2492	287.86
2493	287.88
2494	287.88
2495	287.95
2496	288.03
2497	287.99
2498	287.97
2499	287.97
2500	287.84
2501	287.93
2502	287.95
2503	287.97
2504	287.99
2505	288.03
2506	288.03
2507	287.97
2508	287.86
2509	287.9
2510	287.95
2511	287.93
2512	287.93
2513	287.86
2514	287.86
2515	287.82
2516	287.9
2517	287.9
2518	287.93
2519	287.97
2520	287.97
2521	288.01
2522	287.99
2523	287.99
2524	287.93
2525	287.95
2526	287.95
2527	287.97
2528	287.95
2529	287.95
2530	287.99
2531	287.99
2532	287.88
2533	287.8
2534	287.8
2535	287.86
2536	287.86
2537	287.93
2538	287.93
2539	288.03
2540	287.97
2541	288.01
2542	288.05
2543	288.11
2544	288.05
2545	288.05
2546	287.93
2547	287.97
2548	287.9
2549	288.01
2550	288.01
2551	288.03
2552	288.01
2553	288.05
2554	288.03
2555	287.93
2556	287.93
2557	287.86
2558	287.93
2559	287.84
2560	287.84
2561	287.9
2562	287.93
2563	287.84
2564	287.84
2565	287.9
2566	287.86
2567	287.84
2568	287.82
2569	287.84
2570	287.84
2571	287.93
2572	287.99
2573	287.95
2574	288.07
2575	288.07
2576	287.97
2577	287.97
2578	287.93
2579	287.99
2580	287.93
2581	287.86
2582	287.88
2583	287.9
2584	287.9
2585	287.82
2586	287.88
2587	287.8
2588	287.93
2589	287.97
2590	287.93
2591	287.9
2592	287.82
2593	287.84
2594	287.9
2595	287.88
2596	287.88
2597	287.97
2598	287.97
2599	287.95
2600	288.01
2601	288.01
2602	288.01
2603	288.03
2604	287.97
2605	288.05
2606	288.03
2607	288.03
2608	287.97
2609	287.97
2610	287.61
2611	287.28
2612	287.24
2613	287.01
2614	286.92
2615	286.86
2616	286.86
2617	286.77
2618	286.75
2619	286.77
2620	286.71
2621	286.65
2622	286.59
2623	286.42
2624	285.65
2625	285.21
2626	284.33
2627	283.2
2628	281.88
2629	281.17
2630	280.46
2631	278.58
2632	278.05
2633	277.3
2634	276.84
2635	276.67
2636	276.61
2637	276.65
2638	276.86
2639	277.03
2640	277.24
2641	277.24
2642	277.76
2643	277.97
2644	278.16
2645	278.41
2646	278.72
2647	278.87
2648	278.87
2649	279.23
2650	279.54
2651	279.79
2652	279.98
2653	280.15
2654	280.35
2655	280.35
2656	280.58
2657	280.63
2658	280.63
2659	280.84
2660	281.02
2661	281.13
2662	281.21
2663	281.44
2664	281.46
2665	281.59
2666	281.63
2667	281.61
2668	281.71
2669	281.78
2670	281.96
2671	282.07
2672	282.15
2673	282.2
2674	282.17
2675	282.32
2676	282.32
2677	282.4
2678	282.32
2679	282.4
2680	282.4
2681	282.34
2682	282.3
2683	282.38
2684	282.4
2685	282.47
2686	282.55
2687	282.55
2688	282.49
2689	282.55
2690	282.51
2691	282.63
2692	282.8
2693	282.82
2694	282.86
2695	282.86
2696	282.86
2697	282.86
2698	282.8
2699	282.7
2700	282.68
2701	282.61
2702	282.57
2703	282.53
2704	282.7
2705	282.82
2706	282.93
2707	283.01
2708	283.01
2709	283.01
2710	282.97
2711	283.12
2712	283.12
2713	283.09
2714	283.16
2715	283.09
2716	283.14
2717	283.09
2718	283.18
2719	283.18
2720	283.28
2721	283.35
2722	283.26
2723	283.28
2724	283.28
2725	283.24
2726	283.24
2727	283.22
2728	283.14
2729	283.14
2730	283.16
2731	283.18
2732	283.2
2733	283.18
2734	283.28
2735	283.28
2736	283.3
2737	283.32
2738	283.32
2739	283.18
2740	283.18
2741	283.2
2742	283.39
2743	283.43
2744	283.55
2745	283.58
2746	283.55
2747	283.55
2748	283.45
2749	283.51
2750	283.43
2751	283.43
2752	283.39
2753	283.35
2754	283.41
2755	283.51
2756	283.49
2757	283.35
2758	283.32
2759	283.3
2760	283.37
2761	283.37
2762	283.35
2763	283.35
2764	283.43
2765	283.43
2766	283.55
2767	283.51
2768	283.53
2769	283.55
2770	283.58
2771	283.53
2772	283.47
2773	283.45
2774	283.41
2775	283.35
2776	283.41
2777	283.39
2778	283.43
2779	283.51
2780	283.49
2781	283.53
2782	283.6
2783	283.66
2784	283.62
2785	283.58
2786	283.55
2787	283.58
2788	283.6
2789	283.53
2790	283.53
2791	283.49
2792	283.55
2793	283.47
2794	283.55
2795	283.55
2796	283.58
2797	283.58
2798	283.55
2799	283.49
2800	283.51
2801	283.55
2802	283.53
2803	283.51
2804	283.47
2805	283.39
2806	283.37
2807	283.28
2808	283.41
2809	283.45
2810	283.49
2811	283.51
2812	283.49
2813	283.55
2814	283.62
2815	283.55
2816	283.55
2817	283.49
2818	283.49
2819	283.53
2820	283.53
2821	283.45
2822	283.45
2823	283.47
2824	283.47
2825	283.47
2826	283.53
2827	283.53
2828	283.7
2829	283.7
2830	283.81
2831	283.7
2832	283.72
2833	283.68
2834	283.6
2835	283.58
2836	283.58
2837	283.62
2838	283.58
2839	283.6
2840	283.62
2841	283.53
2842	283.58
2843	283.55
2844	283.64
2845	283.66
2846	283.58
2847	283.6
2848	283.58
2849	283.53
2850	283.49
2851	283.55
2852	283.41
2853	283.43
2854	283.47
2855	283.49
2856	283.47
2857	283.47
2858	283.55
2859	283.49
2860	283.47
2861	283.47
2862	283.47
2863	283.49
2864	283.58
2865	283.6
2866	283.64
2867	283.64
2868	283.64
2869	283.64
2870	283.72
2871	283.7
2872	283.64
2873	283.6
2874	283.51
2875	283.45
2876	283.45
2877	283.45
2878	283.39
2879	283.39
2880	283.47
2881	283.41
2882	283.43
2883	283.64
2884	283.7
2885	283.7
2886	283.64
2887	283.62
2888	283.53
2889	283.6
2890	283.58
2891	283.62
2892	283.66
2893	283.66
2894	283.7
2895	283.72
2896	283.66
2897	283.58
2898	283.64
2899	283.72
2900	283.72
2901	283.72
2902	283.62
2903	283.55
2904	283.55
2905	283.55
2906	283.64
2907	283.64
2908	283.76
2909	283.91
2910	284.04
2911	284.18
2912	284.33
2913	284.33
2914	284.41
2915	284.66
2916	284.75
2917	285.02
2918	285.31
2919	285.37
2920	285.6
2921	285.65
2922	286.08
2923	286.21
2924	286.48
2925	286.54
2926	286.63
2927	286.8
2928	286.86
2929	287.01
2930	287.17
2931	287.24
2932	287.24
2933	287.21
2934	287.09
2935	287.11
2936	287.21
2937	287.34
2938	287.38
2939	287.38
2940	287.53
2941	287.55
2942	287.53
2943	287.51
2944	287.57
2945	287.51
2946	287.55
2947	287.49
2948	287.51
2949	287.51
2950	287.65
2951	287.65
2952	287.72
2953	287.67
2954	287.7
2955	287.7
2956	287.61
2957	287.72
2958	287.76
2959	287.86
2960	287.8
2961	287.78
2962	287.74
2963	287.74
2964	287.74
2965	287.78
2966	287.8
2967	287.82
2968	287.78
2969	287.76
2970	287.82
2971	287.82
2972	287.67
2973	287.7
2974	287.72
2975	287.67
2976	287.72
2977	287.74
2978	287.74
2979	287.55
2980	287.59
2981	287.59
2982	287.67
2983	287.74
2984	287.65
2985	287.67
2986	287.59
2987	287.63
2988	287.72
2989	287.93
2990	287.88
2991	287.84
2992	287.86
2993	287.82
2994	287.86
2995	287.88
2996	287.99
2997	288.07
2998	288.11
2999	288.09
3000	288.09
3001	288.16
3002	288.09
3003	288.09
3004	288.01
3005	287.97
3006	288.01
3007	288.07
3008	288.03
3009	287.88
3010	287.88
3011	287.88
3012	287.84
3013	287.88
3014	287.78
3015	287.78
3016	287.78
3017	287.82
3018	287.82
3019	287.86
3020	287.84
3021	287.82
3022	287.88
3023	287.88
3024	287.9
3025	287.88
3026	287.99
3027	288.05
3028	288.03
3029	288.01
3030	287.99
3031	288.01
3032	287.95
3033	287.88
3034	287.9
3035	287.9
3036	287.8
3037	287.93
3038	287.99
3039	287.95
3040	287.95
3041	287.9
3042	287.9
3043	287.99
3044	287.93
3045	287.95
3046	287.84
3047	287.8
3048	287.82
3049	287.82
3050	287.95
3051	287.97
3052	288.07
3053	288.03
3054	288.05
3055	288.03
3056	287.99
3057	288.01
3058	288.03
3059	287.97
3060	287.99
3061	287.93
3062	288.01
3063	287.95
3064	288.07
3065	288.11
3066	288.16
3067	288.13
3068	288.05
3069	288.03
3070	288.03
3071	287.97
3072	287.99
3073	287.93
3074	287.93
3075	287.97
3076	288.09
3077	288.13
3078	288.11
3079	288.09
3080	288.07
3081	288.07
3082	288.07
3083	287.95
3084	287.88
3085	287.61
3086	287.38
3087	287.34
3088	287.28
3089	287.11
3090	287.03
3091	286.98
3092	286.94
3093	286.92
3094	286.84
3095	286.84
3096	286.36
3097	286.21
3098	285.67
3099	284.83
3100	284.2
3101	282.76
3102	282.07
3103	280.61
3104	279.25
3105	278.18
3106	277.3
3107	277.01
3108	276.46
3109	276.28
3110	276.09
3111	276.23
3112	276.44
3113	276.44
3114	277.03
3115	277.43
3116	277.59
3117	277.99
3118	278.18
3119	278.33
3120	278.33
3121	278.7
3122	278.79
3123	278.93
3124	279.12
3125	279.29
3126	279.43
3127	279.56
3128	279.98
3129	280.08
3130	280.31
3131	280.46
3132	280.52
3133	280.65
3134	280.63
3135	280.86
3136	280.96
3137	281.07
3138	281.23
3139	281.23
3140	281.4
3141	281.48
3142	281.5
3143	281.69
3144	281.82
3145	281.82
3146	282.17
3147	282.13
3148	282.13
3149	282.2
3150	282.15
3151	282.11
3152	282.11
3153	282.11
3154	282.26
3155	282.3
3156	282.53
3157	282.61
3158	282.72
3159	282.72
3160	282.7
3161	282.8
3162	282.8
3163	282.72
3164	282.59
3165	282.57
3166	282.55
3167	282.66
3168	282.68
3169	282.76
3170	282.82
3171	282.86
3172	282.91
3173	283.01
3174	282.99
3175	282.99
3176	283.01
3177	283.18
3178	283.16
3179	283.24
3180	283.2
3181	283.26
3182	283.3
3183	283.28
3184	283.28
3185	283.16
3186	283.14
3187	283.12
3188	283.24
3189	283.26
3190	283.24
3191	283.24
3192	283.3
3193	283.45
3194	283.43
3195	283.45
3196	283.41
3197	283.43
3198	283.41
3199	283.41
3200	283.35
3201	283.35
3202	283.28
3203	283.37
3204	283.43
3205	283.45
3206	283.53
3207	283.62
3208	283.66
3209	283.64
3210	283.66
3211	283.6
3212	283.66
3213	283.49
3214	283.35
3215	283.3
3216	283.3
3217	283.39
3218	283.47
3219	283.49
3220	283.58
3221	283.55
3222	283.58
3223	283.58
3224	283.6
3225	283.6
3226	283.6
3227	283.64
3228	283.66
3229	283.76
3230	283.76
3231	283.72
3232	283.72
3233	283.68
3234	283.72
3235	283.74
3236	283.74
3237	283.74
3238	283.62
3239	283.6
3240	283.62
3241	283.51
3242	283.43
3243	283.53
3244	283.51
3245	283.58
3246	283.58
3247	283.7
3248	283.72
3249	283.72
3250	283.78
3251	283.76
3252	283.81
3253	283.83
3254	283.83
3255	283.83
3256	283.81
3257	283.87
3258	283.93
3259	283.87
3260	283.78
3261	283.68
3262	283.68
3263	283.72
3264	283.74
3265	283.76
3266	283.81
3267	283.99
3268	283.91
3269	283.97
3270	283.78
3271	283.78
3272	283.81
3273	283.91
3274	283.93
3275	283.93
3276	283.85
3277	283.78
3278	283.74
3279	283.81
3280	283.72
3281	283.6
3282	283.58
3283	283.45
3284	283.49
3285	283.47
3286	283.6
3287	283.62
3288	283.62
3289	283.66
3290	283.66
3291	283.64
3292	283.68
3293	283.7
3294	283.7
3295	283.76
3296	283.76
3297	283.76
3298	283.72
3299	283.7
3300	283.62
3301	283.62
3302	283.72
3303	283.76
3304	283.81
3305	283.83
3306	283.89
3307	283.87
3308	283.91
3309	283.93
3310	283.97
3311	283.93
3312	283.85
3313	283.91
3314	283.83
3315	283.76
3316	283.78
3317	283.78
3318	283.83
3319	283.87
3320	283.85
3321	283.95
3322	284.01
3323	284.08
3324	284.1
3325	284.06
3326	284.06
3327	283.99
3328	283.97
3329	283.99
3330	283.95
3331	283.97
3332	284.01
3333	284.01
3334	284.01
3335	283.97
3336	283.93
3337	283.93
3338	283.95
3339	283.95
3340	283.93
3341	283.87
3342	283.91
3343	283.89
3344	283.87
3345	283.81
3346	283.78
3347	283.81
3348	283.72
3349	283.68
3350	283.74
3351	283.76
3352	283.85
3353	283.85
3354	283.97
3355	283.93
3356	283.95
3357	283.99
3358	283.83
3359	283.89
3360	283.85
3361	283.91
3362	283.89
3363	283.97
3364	283.95
3365	283.95
3366	284.12
3367	284.08
3368	284.1
3369	284.01
3370	283.97
3371	283.95
3372	283.95
3373	283.93
3374	283.97
3375	283.99
3376	284.08
3377	284.12
3378	284.1
3379	284.1
3380	283.97
3381	283.93
3382	283.99
3383	284.14
3384	284.41
3385	284.52
3386	284.62
3387	284.89
3388	285.06
3389	285.14
3390	285.23
3391	285.44
3392	285.71
3393	285.88
3394	286.25
3395	286.44
3396	286.61
3397	286.61
3398	286.84
3399	286.94
3400	287.01
3401	287.05
3402	286.94
3403	286.9
3404	286.9
3405	287.05
3406	287.17
3407	287.17
3408	287.26
3409	287.17
3410	287.21
3411	287.21
3412	287.3
3413	287.24
3414	287.3
3415	287.4
3416	287.4
3417	287.47
3418	287.4
3419	287.55
3420	287.59
3421	287.63
3422	287.67
3423	287.7
3424	287.67
3425	287.7
3426	287.76
3427	287.7
3428	287.63
3429	287.7
3430	287.7
3431	287.74
3432	287.78
3433	287.84
3434	287.82
3435	287.82
3436	287.82
3437	287.86
3438	287.82
3439	287.84
3440	287.82
3441	287.95
3442	287.9
3443	287.9
3444	287.88
3445	287.93
3446	287.88
3447	287.93
3448	287.9
3449	287.88
3450	287.88
3451	287.74
3452	287.67
3453	287.63
3454	287.67
3455	287.72
3456	287.76
3457	287.78
3458	287.8
3459	287.84
3460	287.86
3461	287.82
3462	287.78
3463	287.8
3464	287.78
3465	287.78
3466	287.88
3467	287.88
3468	287.88
3469	287.9
3470	287.78
3471	287.78
3472	287.86
3473	287.88
3474	287.86
3475	287.86
3476	287.9
3477	287.95
3478	288.01
3479	288.01
3480	287.97
3481	287.93
3482	287.93
3483	287.88
3484	287.88
3485	287.93
3486	287.95
3487	287.95
3488	287.97
3489	287.95
3490	287.9
3491	287.99
3492	288.01
3493	287.99
3494	288.03
3495	288.01
3496	287.99
3497	288.05
3498	288.01
3499	287.99
3500	288.01
3501	288.01
3502	287.99
3503	287.93
3504	287.84
3505	287.8
3506	287.72
3507	287.72
3508	287.57
3509	287.63
3510	287.67
3511	287.72
3512	287.7
3513	287.67
3514	287.67
3515	287.72
3516	287.78
3517	287.82
3518	287.88
3519	287.95
3520	287.97
3521	287.93
3522	287.88
3523	287.97
3524	288.03
3525	288.05
3526	287.95
3527	287.95
3528	287.86
3529	287.84
3530	287.9
3531	287.95
3532	287.93
3533	287.9
3534	287.8
3535	287.86
3536	288.01
3537	287.97
3538	287.88
3539	287.88
3540	287.9
3541	287.99
3542	288.05
3543	288.05
3544	288.13
3545	288.2
3546	288.2
3547	288.22
3548	288.28
3549	288.2
3550	288.11
3551	288.13
3552	288.13
3553	288.13
3554	288.11
3555	288.07
3556	287.99
3557	287.76
3558	287.53
3559	287.44
3560	287.4
3561	287.19
3562	287.28
3563	287.17
3564	287.17
3565	287.17
3566	287.03
3567	287.05
3568	286.8
3569	286.61
3570	285.94
3571	285
3572	284.56
3573	283.62
3574	283.07
3575	281.71
3576	280.54
3577	279.33
3578	279.33
3579	277.91
3580	277.43
3581	277.3
3582	277.03
3583	276.97
3584	276.92
3585	276.92
3586	277.01
3587	277.2
3588	277.28
3589	277.57
3590	277.91
3591	278.08
3592	278.24
3593	278.66
3594	278.91
3595	279.02
3596	279.37
3597	279.77
3598	279.89
3599	279.96
3600	280.33
3601	280.4
3602	280.48
3603	280.61
3604	280.75
3605	280.92
3606	281.02
3607	281.13
3608	281.3
3609	281.46
3610	281.69
3611	281.78
3612	282.05
3613	282.11
3614	282.26
3615	282.34
3616	282.45
3617	282.45
3618	282.53
3619	282.49
3620	282.55
3621	282.47
3622	282.45
3623	282.59
3624	282.59
3625	282.8
3626	282.86
3627	282.91
3628	282.97
3629	282.93
3630	283.01
3631	282.99
3632	283.24
3633	283.28
3634	283.32
3635	283.39
3636	283.41
3637	283.41
3638	283.37
3639	283.24
3640	283.22
3641	283.32
3642	283.35
3643	283.32
3644	283.39
3645	283.41
3646	283.53
3647	283.62
3648	283.72
3649	283.72
3650	283.66
3651	283.6
3652	283.68
3653	283.78
3654	283.85
3655	283.83
3656	283.83
3657	283.78
3658	283.91
3659	283.85
3660	283.91
3661	283.91
3662	283.91
3663	283.91
3664	283.83
3665	283.85
3666	283.85
3667	283.83
3668	283.93
3669	283.91
3670	283.85
3671	283.87
3672	283.89
3673	283.85
3674	283.87
3675	283.87
3676	283.93
3677	283.91
3678	283.93
3679	283.91
3680	283.85
3681	283.87
3682	283.89
3683	283.83
3684	283.76
3685	283.76
3686	283.66
3687	283.7
3688	283.7
3689	283.91
3690	283.99
3691	284.01
3692	283.99
3693	283.95
3694	283.95
3695	283.95
3696	284.16
3697	284.1
3698	284.18
3699	284.08
3700	284.1
3701	284.04
3702	284.04
3703	284.16
3704	284.12
3705	284.18
3706	284.2
3707	284.27
3708	284.18
3709	284.2
3710	284.14
3711	284.24
3712	284.2
3713	284.2
3714	284.24
3715	284.2
3716	284.22
3717	284.12
3718	283.95
3719	284.01
3720	284.01
3721	284.14
3722	284.18
3723	284.16
3724	284.04
3725	284.08
3726	284.1
3727	284.1
3728	284.12
3729	284.18
3730	284.18
3731	284.18
3732	284.2
3733	284.24
3734	284.24
3735	284.22
3736	284.24
3737	284.22
3738	284.18
3739	284.2
3740	284.18
3741	284.2
3742	284.1
3743	284.14
3744	284.16
3745	284.16
3746	284.14
3747	284.18
3748	284.22
3749	284.27
3750	284.27
3751	284.29
3752	284.16
3753	284.14
3754	284.08
3755	284.14
3756	284.18
3757	284.16
3758	284.16
3759	284.16
3760	284.18
3761	284.24
3762	284.29
3763	284.22
3764	284.18
3765	284.22
3766	284.22
3767	284.24
3768	284.27
3769	284.22
3770	284.16
3771	284.16
3772	284.16
3773	284.2
3774	284.24
3775	284.2
3776	284.22
3777	284.33
3778	284.29
3779	284.22
3780	284.24
3781	284.08
3782	284.12
3783	284.1
3784	284.12
3785	284.14
3786	284.14
3787	284.1
3788	284.04
3789	284.01
3790	284.01
3791	283.95
3792	283.89
3793	283.99
3794	284.01
3795	284.06
3796	284.16
3797	284.14
3798	284.14
3799	284.1
3800	284.01
3801	283.95
3802	283.95
3803	283.95
3804	284.01
3805	284.01
3806	283.99
3807	284.04
3808	284.01
3809	284.12
3810	284.1
3811	283.99
3812	283.99
3813	283.91
3814	283.91
3815	283.89
3816	283.91
3817	283.95
3818	283.93
3819	283.97
3820	284.06
3821	283.97
3822	284.04
3823	284.06
3824	284.16
3825	284.24
3826	284.27
3827	284.22
3828	284.14
3829	284.08
3830	284.08
3831	284.06
3832	284.04
3833	284.08
3834	284.08
3835	284.08
3836	284.08
3837	284.08
3838	284.18
3839	284.14
3840	284.14
3841	284.2
3842	284.22
3843	284.31
3844	284.2
3845	284.22
3846	284.24
3847	284.22
3848	284.22
3849	284.2
3850	284.14
3851	284.08
3852	283.99
3853	283.95
3854	284.04
3855	284.31
3856	284.41
3857	284.87
3858	284.87
3859	285.04
3860	285.08
3861	285.19
3862	285.5
3863	285.6
3864	285.79
3865	285.9
3866	286.11
3867	286.42
3868	286.69
3869	286.69
3870	286.92
3871	287.03
3872	287.03
3873	287.11
3874	287.13
3875	287.17
3876	287.17
3877	287.19
3878	287.24
3879	287.24
3880	287.3
3881	287.28
3882	287.36
3883	287.38
3884	287.47
3885	287.53
3886	287.59
3887	287.55
3888	287.53
3889	287.49
3890	287.55
3891	287.55
3892	287.51
3893	287.55
3894	287.51
3895	287.53
3896	287.53
3897	287.57
3898	287.7
3899	287.72
3900	287.76
3901	287.76
3902	287.76
3903	287.72
3904	287.67
3905	287.67
3906	287.74
3907	287.82
3908	287.82
3909	287.86
3910	287.99
3911	287.99
3912	287.97
3913	287.95
3914	287.95
3915	287.95
3916	287.78
3917	287.74
3918	287.63
3919	287.72
3920	287.78
3921	287.88
3922	287.9
3923	287.86
3924	287.9
3925	287.93
3926	287.9
3927	287.95
3928	287.97
3929	287.93
3930	287.97
3931	287.95
3932	287.99
3933	287.93
3934	287.95
3935	287.88
3936	287.93
3937	287.88
3938	287.86
3939	287.86
3940	287.86
3941	287.88
3942	287.88
3943	287.95
3944	287.88
3945	287.93
3946	287.97
3947	287.97
3948	288.01
3949	287.99
3950	288.03
3951	287.93
3952	287.9
3953	287.86
3954	287.88
3955	287.82
3956	287.76
3957	287.65
3958	287.67
3959	287.74
3960	287.76
3961	287.74
3962	287.84
3963	287.86
3964	287.84
3965	287.8
3966	287.8
3967	287.76
3968	287.8
3969	287.82
3970	287.82
3971	287.82
3972	287.82
3973	287.93
3974	287.95
3975	288.01
3976	288.03
3977	288.05
3978	288.07
3979	288.07
3980	288.13
3981	288.07
3982	288.05
3983	287.95
3984	287.93
3985	287.97
3986	287.97
3987	288.03
3988	287.97
3989	288.05
3990	288.01
3991	287.99
3992	288.03
3993	287.99
3994	287.93
3995	287.97
3996	288.05
3997	288.05
3998	287.99
3999	287.95
4000	287.86
4001	287.84
4002	287.84
4003	287.76
4004	287.8
4005	287.78
4006	287.78
4007	287.76
4008	287.76
4009	287.74
4010	287.76
4011	287.76
4012	287.76
4013	287.82
4014	287.82
4015	287.93
4016	287.97
4017	287.97
4018	287.97
4019	287.97
4020	287.99
4021	288.03
4022	288.01
4023	288.03
4024	288.01
4025	287.97
4026	287.99
4027	287.97
4028	287.95
4029	287.86
4030	287.67
4031	287.57
4032	287.44
4033	287.19
4034	287.19
4035	287.07
4036	286.96
4037	286.92
4038	286.86
4039	286.77
4040	286.69
4041	286.75
4042	286.67
4043	286.67
4044	286.21
4045	285.73
4046	285.39
4047	284.39
4048	283.26
4049	281.96
4050	281.96
4051	280.17
4052	279.25
4053	278.81
4054	278.05
4055	277.57
4056	277.34
4057	277.34
4058	277.41
4059	277.47
4060	277.53
4061	277.87
4062	278.2
4063	278.31
4064	278.47
4065	278.83
4066	278.91
4067	279.12
4068	279.37
4069	279.56
4070	279.87
4071	280.04
4072	280.46
4073	280.5
4074	280.67
4075	280.88
4076	280.96
4077	281.23
4078	281.34
4079	281.48
4080	281.48
4081	281.67
4082	281.67
4083	282.01
4084	282.2
4085	282.32
4086	282.34
4087	282.38
4088	282.53
4089	282.53
4090	282.63
4091	282.66
4092	282.68
4093	282.8
4094	282.78
4095	282.8
4096	282.76
4097	282.86
4098	283.01
4099	283.07
4100	283.22
4101	283.37
4102	283.43
4103	283.43
4104	283.43
4105	283.43
4106	283.45
4107	283.37
4108	283.3
4109	283.2
4110	283.24
4111	283.3
4112	283.47
4113	283.6
4114	283.6
4115	283.58
4116	283.55
4117	283.53
4118	283.58
4119	283.62
4120	283.68
4121	283.68
4122	283.85
4123	283.83
4124	283.89
4125	283.95
4126	283.95
4127	283.91
4128	283.91
4129	283.97
4130	284.01
4131	284.01
4132	284.06
4133	284.08
4134	284.04
4135	284.12
4136	284.04
4137	283.95
4138	283.81
4139	283.81
4140	283.89
4141	283.89
4142	283.97
4143	284.08
4144	284.06
4145	283.99
4146	283.97
4147	284.04
4148	284.06
4149	284.06
4150	283.89
4151	283.87
4152	283.83
4153	283.83
4154	283.91
4155	284.04
4156	284.01
4157	284.04
4158	284.12
4159	284.16
4160	284.16
4161	284.24
4162	284.24
4163	284.24
4164	284.22
4165	284.1
4166	284.1
4167	284.1
4168	284.12
4169	284.2
4170	284.18
4171	284.18
4172	284.2
4173	284.16
4174	284.1
4175	283.95
4176	283.93
4177	283.93
4178	284.04
4179	284.01
4180	284.1
4181	284.08
4182	284.2
4183	284.14
4184	284.12
4185	284.14
4186	283.99
4187	284.04
4188	284.18
4189	284.27
4190	284.24
4191	284.2
4192	284.2
4193	284.27
4194	284.33
4195	284.35
4196	284.37
4197	284.35
4198	284.35
4199	284.35
4200	284.35
4201	284.16
4202	284.12
4203	284.14
4204	284.2
4205	284.27
4206	284.18
4207	284.33
4208	284.39
4209	284.33
4210	284.37
4211	284.31
4212	284.35
4213	284.35
4214	284.31
4215	284.41
4216	284.39
4217	284.37
4218	284.41
4219	284.37
4220	284.33
4221	284.29
4222	284.31
4223	284.31
4224	284.31
4225	284.24
4226	284.31
4227	284.29
4228	284.33
4229	284.33
4230	284.39
4231	284.39
4232	284.35
4233	284.43
4234	284.39
4235	284.37
4236	284.29
4237	284.33
4238	284.33
4239	284.33
4240	284.18
4241	284.2
4242	284.24
4243	284.2
4244	284.14
4245	284.18
4246	284.24
4247	284.24
4248	284.24
4249	284.22
4250	284.29
4251	284.39
4252	284.41
4253	284.33
4254	284.33
4255	284.24
4256	284.33
4257	284.43
4258	284.45
4259	284.47
4260	284.5
4261	284.5
4262	284.5
4263	284.5
4264	284.58
4265	284.58
4266	284.58
4267	284.54
4268	284.47
4269	284.5
4270	284.5
4271	284.5
4272	284.62
4273	284.64
4274	284.66
4275	284.54
4276	284.5
4277	284.54
4278	284.54
4279	284.45
4280	284.54
4281	284.47
4282	284.43
4283	284.5
4284	284.5
4285	284.35
4286	284.33
4287	284.27
4288	284.31
4289	284.29
4290	284.33
4291	284.33
4292	284.37
4293	284.37
4294	284.39
4295	284.39
4296	284.41
4297	284.39
4298	284.45
4299	284.43
4300	284.35
4301	284.35
4302	284.35
4303	284.39
4304	284.45
4305	284.43
4306	284.33
4307	284.39
4308	284.45
4309	284.45
4310	284.43
4311	284.43
4312	284.47
4313	284.45
4314	284.47
4315	284.52
4316	284.5
4317	284.43
4318	284.47
4319	284.47
4320	284.54
4321	284.52
4322	284.52
4323	284.56
4324	284.39
4325	284.35
4326	284.29
4327	284.43
4328	284.52
4329	284.62
4330	284.7
4331	285
4332	285.25
4333	285.46
4334	285.46
4335	285.65
4336	285.73
4337	285.77
4338	285.88
4339	286.13
4340	286.4
4341	286.4
4342	286.86
4343	287.03
4344	287.13
4345	287.26
4346	287.28
4347	287.36
4348	287.36
4349	287.36
4350	287.47
4351	287.4
4352	287.47
4353	287.53
4354	287.59
4355	287.65
4356	287.7
4357	287.65
4358	287.65
4359	287.7
4360	287.61
4361	287.65
4362	287.72
4363	287.78
4364	287.82
4365	287.9
4366	287.88
4367	287.88
4368	287.88
4369	287.76
4370	287.76
4371	287.78
4372	287.8
4373	287.8
4374	287.82
4375	287.8
4376	287.8
4377	287.84
4378	287.99
4379	287.97
4380	287.97
4381	288.03
4382	287.95
4383	287.97
4384	287.97
4385	287.97
4386	287.97
4387	287.9
4388	287.97
4389	287.97
4390	288.01
4391	288.05
4392	288.05
4393	288.03
4394	288.03
4395	287.97
4396	288.01
4397	287.93
4398	287.95
4399	287.99
4400	287.99
4401	287.95
4402	287.99
4403	287.97
4404	287.93
4405	287.93
4406	287.88
4407	287.95
4408	287.99
4409	288.07
4410	288.11
4411	288.05
4412	288.05
4413	287.99
4414	287.99
4415	287.97
4416	288.01
4417	288.01
4418	288.05
4419	288.05
4420	287.99
4421	288.03
4422	288.03
4423	288.11
4424	288.18
4425	288.18
4426	288.18
4427	288.07
4428	287.99
4429	288.01
4430	287.95
4431	287.97
4432	287.97
4433	287.99
4434	287.99
4435	287.99
4436	287.97
4437	287.99
4438	287.99
4439	288.05
4440	288.07
4441	288.03
4442	288.09
4443	287.97
4444	287.97
4445	287.95
4446	287.84
4447	287.86
4448	287.86
4449	287.95
4450	287.9
4451	287.9
4452	287.93
4453	287.9
4454	287.9
4455	287.99
4456	288.05
4457	288.13
4458	288.16
4459	288.03
4460	287.86
4461	287.8
4462	287.86
4463	287.84
4464	287.78
4465	287.72
4466	287.67
4467	287.7
4468	287.76
4469	287.88
4470	287.86
4471	287.88
4472	287.9
4473	287.82
4474	287.88
4475	287.82
4476	287.82
4477	287.82
4478	287.9
4479	287.93
4480	288.01
4481	287.95
4482	287.99
4483	287.99
4484	287.99
4485	287.93
4486	287.82
4487	287.84
4488	287.84
4489	287.84
4490	287.84
4491	287.82
4492	287.88
4493	287.84
4494	287.84
4495	287.9
4496	287.95
4497	288.01
4498	287.9
4499	287.88
4500	287.86
4501	287.93
4502	287.9
4503	287.84
4504	287.7
4505	287.38
4506	287.3
4507	287.19
4508	287.11
4509	287.05
4510	286.94
4511	286.9
4512	286.9
4513	286.92
4514	286.9
4515	286.9
4516	286.65
4517	286.23
4518	285.85
4519	285
4520	283.7
4521	282.24
4522	282.24
4523	279.98
4524	278.97
4525	278.49
4526	277.82
4527	277.53
4528	277.43
4529	277.41
4530	277.55
4531	277.87
4532	277.99
4533	278.33
4534	278.74
4535	278.97
4536	279.2
4537	279.71
4538	279.77
4539	280.04
4540	280.19
4541	280.33
4542	280.46
4543	280.48
4544	280.61
4545	280.75
4546	280.94
4547	281.11
4548	281.19
4549	281.34
4550	281.48
4551	281.63
4552	281.76
4553	281.9
4554	281.9
4555	282.2
4556	282.36
4557	282.38
4558	282.57
4559	282.63
4560	282.82
4561	282.82
4562	282.8
4563	282.84
4564	282.82
4565	282.82
4566	282.86
4567	282.97
4568	282.99
4569	282.97
4570	283.03
4571	283.12
4572	283.18
4573	283.28
4574	283.32
4575	283.37
4576	283.55
4577	283.62
4578	283.68
4579	283.72
4580	283.74
4581	283.72
4582	283.81
4583	283.81
4584	283.93
4585	283.91
4586	283.91
4587	283.89
4588	283.95
4589	283.93
4590	284.1
4591	284.08
4592	284.08
4593	284.08
4594	284.12
4595	284.31
4596	284.31
4597	284.24
4598	284.16
4599	284.16
4600	284.16
4601	284.06
4602	284.01
4603	284.1
4604	284.1
4605	284.16
4606	284.2
4607	284.2
4608	284.14
4609	284.18
4610	284.2
4611	284.12
4612	284.18
4613	284.14
4614	284.14
4615	284.22
4616	284.24
4617	284.16
4618	284.18
4619	284.18
4620	284.22
4621	284.22
4622	284.39
4623	284.37
4624	284.41
4625	284.41
4626	284.5
4627	284.52
4628	284.52
4629	284.39
4630	284.33
4631	284.27
4632	284.27
4633	284.37
4634	284.37
4635	284.37
4636	284.33
4637	284.31
4638	284.41
4639	284.5
4640	284.5
4641	284.43
4642	284.5
4643	284.56
4644	284.66
4645	284.62
4646	284.68
4647	284.79
4648	284.73
4649	284.58
4650	284.52
4651	284.5
4652	284.33
4653	284.29
4654	284.35
4655	284.43
4656	284.52
4657	284.52
4658	284.52
4659	284.45
4660	284.43
4661	284.56
4662	284.64
4663	284.66
4664	284.66
4665	284.58
4666	284.62
4667	284.64
4668	284.7
4669	284.7
4670	284.66
4671	284.66
4672	284.85
4673	284.85
4674	284.87
4675	284.85
4676	284.87
4677	284.79
4678	284.81
4679	284.81
4680	284.77
4681	284.75
4682	284.81
4683	284.81
4684	284.81
4685	284.83
4686	284.73
4687	284.73
4688	284.7
4689	284.75
4690	284.73
4691	284.73
4692	284.83
4693	284.85
4694	284.87
4695	284.89
4696	284.89
4697	285.02
4698	285
4699	285.02
4700	284.87
4701	284.77
4702	284.81
4703	284.81
4704	284.87
4705	284.81
4706	284.85
4707	284.93
4708	284.87
4709	284.85
4710	284.75
4711	284.68
4712	284.77
4713	284.83
4714	284.83
4715	284.83
4716	284.79
4717	284.81
4718	284.7
4719	284.68
4720	284.79
4721	284.73
4722	284.81
4723	284.89
4724	284.89
4725	284.85
4726	284.83
4727	284.75
4728	284.75
4729	284.64
4730	284.52
4731	284.43
4732	284.37
4733	284.5
4734	284.54
4735	284.54
4736	284.66
4737	284.77
4738	284.75
4739	284.77
4740	284.77
4741	284.7
4742	284.7
4743	284.68
4744	284.77
4745	284.66
4746	284.7
4747	284.68
4748	284.77
4749	284.73
4750	284.81
4751	284.77
4752	284.75
4753	284.6
4754	284.47
4755	284.45
4756	284.37
4757	284.43
4758	284.47
4759	284.6
4760	284.6
4761	284.56
4762	284.66
4763	284.7
4764	284.7
4765	284.58
4766	284.58
4767	284.58
4768	284.52
4769	284.52
4770	284.5
4771	284.47
4772	284.47
4773	284.54
4774	284.54
4775	284.75
4776	284.77
4777	284.79
4778	284.77
4779	284.75
4780	284.68
4781	284.68
4782	284.6
4783	284.68
4784	284.75
4785	284.73
4786	284.66
4787	284.7
4788	284.7
4789	284.83
4790	284.83
4791	284.77
4792	284.7
4793	284.64
4794	284.7
4795	284.79
4796	284.85
4797	284.81
4798	284.68
4799	284.6
4800	284.62
4801	284.66
4802	284.79
4803	284.98
4804	285.33
4805	285.48
4806	285.48
4807	285.58
4808	285.71
4809	285.71
4810	285.79
4811	285.9
4812	286.11
4813	286.11
4814	286.44
4815	286.65
4816	286.75
4817	286.94
4818	286.96
4819	287.05
4820	287.09
4821	287.32
4822	287.32
4823	287.36
4824	287.51
4825	287.49
4826	287.51
4827	287.51
4828	287.51
4829	287.53
4830	287.55
4831	287.63
4832	287.67
4833	287.72
4834	287.76
4835	287.74
4836	287.65
4837	287.65
4838	287.65
4839	287.72
4840	287.78
4841	287.74
4842	287.61
4843	287.67
4844	287.74
4845	287.74
4846	287.9
4847	287.82
4848	287.84
4849	287.84
4850	287.88
4851	287.93
4852	287.97
4853	287.97
4854	287.93
4855	287.84
4856	287.84
4857	287.88
4858	287.88
4859	287.9
4860	287.8
4861	287.88
4862	287.93
4863	287.99
4864	287.97
4865	287.97
4866	288.01
4867	288.03
4868	288.01
4869	287.95
4870	287.93
4871	287.95
4872	287.95
4873	287.97
4874	287.84
4875	287.88
4876	288.01
4877	288.01
4878	288.01
4879	288.05
4880	288.03
4881	288.03
4882	287.97
4883	287.76
4884	287.76
4885	287.78
4886	287.74
4887	287.74
4888	287.7
4889	287.72
4890	287.63
4891	287.67
4892	287.82
4893	287.82
4894	287.9
4895	288.09
4896	288.03
4897	288.05
4898	288.05
4899	288.01
4900	288.05
4901	288.11
4902	288.05
4903	288.05
4904	288.01
4905	287.97
4906	288.03
4907	288.07
4908	288.07
4909	288.07
4910	288.09
4911	288.07
4912	288.13
4913	288.16
4914	288.11
4915	288.11
4916	288.11
4917	288.09
4918	288.16
4919	288.16
4920	288.13
4921	288.16
4922	288.22
4923	288.22
4924	288.11
4925	288.07
4926	288.09
4927	288.09
4928	287.95
4929	287.95
4930	287.93
4931	287.95
4932	287.99
4933	287.97
4934	287.99
4935	288.07
4936	288.05
4937	288.07
4938	288.09
4939	288.07
4940	288.07
4941	288.07
4942	288.11
4943	288.09
4944	288.11
4945	288.16
4946	288.16
4947	288.13
4948	288.13
4949	288.11
4950	288.11
4951	288.03
4952	288.05
4953	288.13
4954	288.07
4955	288.07
4956	288.13
4957	288.11
4958	288.05
4959	288.05
4960	288.03
4961	288.05
4962	288.09
4963	288.11
4964	288.11
4965	288.09
4966	288.09
4967	288.05
4968	288.03
4969	288.01
4970	288.11
4971	288.13
4972	288.11
4973	288.09
4974	288.09
4975	288.03
4976	287.97
4977	287.78
4978	287.59
4979	287.3
4980	287.3
4981	287.19
4982	287.17
4983	287.11
4984	286.96
4985	287.03
4986	287.01
4987	287.01
4988	286.73
4989	286.69
4990	286.59
4991	286.04
4992	285.02
4993	283.89
4994	283.89
4995	282.4
4996	281.55
4997	281.17
4998	280.4
4999	279.64
5000	279.29
5001	279.04
5002	278.6
5003	278.54
5004	278.56
5005	278.72
5006	278.85
5007	279.1
5008	279.18
5009	279.39
5010	279.46
5011	279.64
5012	279.92
5013	279.98
5014	280.19
5015	280.29
5016	280.46
5017	280.67
5018	280.9
5019	280.9
5020	281.27
5021	281.4
5022	281.5
5023	281.69
5024	281.71
5025	281.92
5026	281.92
5027	282.2
5028	282.32
5029	282.4
5030	282.47
5031	282.57
5032	282.57
5033	282.66
5034	282.91
5035	283.03
5036	283.01
5037	283.09
5038	283.14
5039	283.18
5040	283.24
5041	283.37
5042	283.43
5043	283.45
5044	283.66
5045	283.66
5046	283.7
5047	283.66
5048	283.62
5049	283.62
5050	283.64
5051	283.64
5052	283.76
5053	283.76
5054	283.78
5055	283.74
5056	283.66
5057	283.74
5058	283.74
5059	283.81
5060	283.89
5061	283.87
5062	283.89
5063	283.95
5064	284.04
5065	284.04
5066	284.01
5067	284.16
5068	284.16
5069	284.18
5070	284.22
5071	284.2
5072	284.24
5073	284.24
5074	284.24
5075	284.33
5076	284.35
5077	284.41
5078	284.43
5079	284.39
5080	284.35
5081	284.37
5082	284.31
5083	284.31
5084	284.27
5085	284.43
5086	284.35
5087	284.22
5088	284.12
5089	284.06
5090	284.06
5091	284.22
5092	284.33
5093	284.37
5094	284.45
5095	284.52
5096	284.62
5097	284.62
5098	284.5
5099	284.43
5100	284.39
5101	284.47
5102	284.5
5103	284.5
5104	284.52
5105	284.6
5106	284.64
5107	284.7
5108	284.75
5109	284.56
5110	284.52
5111	284.47
5112	284.31
5113	284.29
5114	284.31
5115	284.37
5116	284.47
5117	284.54
5118	284.6
5119	284.7
5120	284.73
5121	284.83
5122	284.85
5123	284.81
5124	284.75
5125	284.75
5126	284.77
5127	284.81
5128	284.75
5129	284.75
5130	284.77
5131	284.77
5132	284.79
5133	284.81
5134	284.81
5135	284.73
5136	284.73
5137	284.83
5138	284.98
5139	284.98
5140	284.89
5141	284.81
5142	284.81
5143	284.81
5144	284.79
5145	284.73
5146	284.83
5147	284.81
5148	284.81
5149	284.75
5150	284.66
5151	284.77
5152	284.77
5153	284.87
5154	284.89
5155	284.85
5156	284.93
5157	284.81
5158	284.89
5159	284.93
5160	284.87
5161	284.87
5162	284.87
5163	284.87
5164	284.85
5165	284.79
5166	284.85
5167	284.81
5168	284.81
5169	284.85
5170	284.98
5171	285.06
5172	285
5173	284.89
5174	284.93
5175	284.89
5176	284.98
5177	284.91
5178	284.91
5179	284.96
5180	284.98
5181	284.93
5182	284.98
5183	284.91
5184	284.89
5185	284.87
5186	284.73
5187	284.75
5188	284.7
5189	284.7
5190	284.77
5191	284.79
5192	284.81
5193	284.85
5194	284.83
5195	284.83
5196	284.81
5197	284.87
5198	285
5199	285
5200	285
5201	284.93
5202	284.85
5203	284.79
5204	284.89
5205	284.98
5206	285.02
5207	285.02
5208	285
5209	284.98
5210	284.91
5211	284.98
5212	284.98
5213	284.93
5214	284.87
5215	284.79
5216	284.81
5217	284.85
5218	284.85
5219	284.85
5220	284.96
5221	284.96
5222	285.1
5223	285.08
5224	285.04
5225	285
5226	285.02
5227	284.96
5228	284.89
5229	284.87
5230	284.85
5231	284.89
5232	284.89
5233	284.89
5234	284.89
5235	284.87
5236	284.87
5237	284.89
5238	284.96
5239	284.96
5240	285
5241	285
5242	285.02
5243	285.02
5244	285.02
5245	284.89
5246	284.89
5247	285
5248	285.06
5249	285.06
5250	285.1
5251	284.98
5252	284.87
5253	284.79
5254	284.7
5255	284.73
5256	284.85
5257	284.91
5258	284.98
5259	285
5260	285.02
5261	285.04
5262	284.98
5263	284.93
5264	284.93
5265	284.96
5266	284.96
5267	284.96
5268	284.85
5269	284.85
5270	284.87
5271	284.87
5272	284.83
5273	284.81
5274	284.85
5275	284.87
5276	285.06
5277	285.29
5278	285.29
5279	285.65
5280	285.79
5281	285.83
5282	286.06
5283	286.21
5284	286.29
5285	286.36
5286	286.59
5287	286.8
5288	286.73
5289	286.96
5290	287.11
5291	287.19
5292	287.26
5293	287.34
5294	287.38
5295	287.38
5296	287.44
5297	287.47
5298	287.4
5299	287.44
5300	287.47
5301	287.49
5302	287.49
5303	287.49
5304	287.63
5305	287.74
5306	287.76
5307	287.86
5308	287.9
5309	287.84
5310	287.84
5311	287.84
5312	287.63
5313	287.61
5314	287.7
5315	287.74
5316	287.76
5317	287.76
5318	287.9
5319	287.93
5320	287.93
5321	287.93
5322	287.86
5323	287.95
5324	287.88
5325	287.97
5326	287.99
5327	288.07
5328	288.05
5329	288.05
5330	288.09
5331	288.03
5332	288.07
5333	288.05
5334	287.99
5335	287.93
5336	287.93
5337	287.86
5338	287.88
5339	287.95
5340	287.88
5341	287.88
5342	287.88
5343	287.82
5344	287.9
5345	287.93
5346	287.9
5347	287.97
5348	287.93
5349	287.93
5350	288.01
5351	288.07
5352	288.09
5353	288.09
5354	288.07
5355	288.09
5356	288.13
5357	288.18
5358	288.09
5359	288.11
5360	288.07
5361	288.01
5362	288.09
5363	288.03
5364	287.9
5365	287.97
5366	287.95
5367	287.99
5368	287.99
5369	288.07
5370	288.11
5371	288.07
5372	288.03
5373	287.99
5374	287.99
5375	288.01
5376	287.99
5377	288.03
5378	287.93
5379	287.97
5380	287.99
5381	287.99
5382	287.95
5383	287.86
5384	287.84
5385	287.8
5386	287.86
5387	287.88
5388	287.88
5389	287.86
5390	287.95
5391	288.01
5392	287.99
5393	288.01
5394	287.97
5395	288.09
5396	288.05
5397	288.13
5398	288.07
5399	287.99
5400	287.97
5401	287.95
5402	287.97
5403	287.99
5404	287.95
5405	287.97
5406	287.93
5407	287.97
5408	287.95
5409	287.97
5410	287.95
5411	287.93
5412	288.01
5413	288.01
5414	287.99
5415	288.01
5416	288.01
5417	288.09
5418	288.13
5419	288.13
5420	288.13
5421	288.13
5422	288.07
5423	288.16
5424	288.13
5425	288.18
5426	288.18
5427	288.13
5428	288.07
5429	288.05
5430	288.11
5431	288.09
5432	288.11
5433	288.05
5434	288.13
5435	288.16
5436	288.11
5437	288.18
5438	288.09
5439	288.09
5440	288.09
5441	288.11
5442	288.2
5443	288.13
5444	288.11
5445	288.13
5446	288.18
5447	288.18
5448	288.11
5449	288.07
5450	287.95
5451	287.76
5452	287.76
5453	287.42
5454	287.32
5455	287.21
5456	287.11
5457	287.03
5458	286.88
5459	286.88
5460	286.88
5461	286.96
5462	286.98
5463	286.8
5464	286.42
5465	286.15
5466	285.9
5467	284.73
5468	284.22
5469	283.22
5470	281.96
5471	281.02
5472	280.61
5473	280.19
5474	279.1
5475	278.85
5476	278.49
5477	278.33
5478	278.35
5479	278.47
5480	278.64
5481	278.91
5482	279.23
5483	279.54
5484	279.54
5485	280
5486	280.12
5487	280.31
5488	280.61
5489	280.86
5490	281.09
5491	281.09
5492	281.34
5493	281.5
5494	281.59
5495	281.8
5496	281.99
5497	282.07
5498	282.07
5499	282.22
5500	282.36
5501	282.36
5502	282.47
5503	282.63
5504	282.7
5505	282.84
5506	283.01
5507	283.07
5508	283.18
5509	283.28
5510	283.32
5511	283.28
5512	283.26
5513	283.28
5514	283.3
5515	283.49
5516	283.51
5517	283.58
5518	283.74
5519	283.78
5520	283.83
5521	283.83
5522	283.78
5523	283.78
5524	283.89
5525	283.89
5526	283.89
5527	283.97
5528	283.97
5529	284.04
5530	284.04
5531	283.99
5532	283.99
5533	284.01
5534	283.91
5535	283.95
5536	283.95
5537	283.99
5538	284.12
5539	284.16
5540	284.2
5541	284.22
5542	284.22
5543	284.22
5544	284.1
5545	284.18
5546	284.18
5547	284.29
5548	284.29
5549	284.18
5550	284.12
5551	284.22
5552	284.35
5553	284.41
5554	284.43
5555	284.43
5556	284.41
5557	284.37
5558	284.43
5559	284.47
5560	284.52
5561	284.56
5562	284.56
5563	284.58
5564	284.6
5565	284.62
5566	284.6
5567	284.5
5568	284.37
5569	284.37
5570	284.29
5571	284.24
5572	284.27
5573	284.24
5574	284.29
5575	284.35
5576	284.41
5577	284.52
5578	284.52
5579	284.5
5580	284.58
5581	284.54
5582	284.68
5583	284.54
5584	284.62
5585	284.62
5586	284.58
5587	284.64
5588	284.68
5589	284.66
5590	284.73
5591	284.68
5592	284.6
5593	284.45
5594	284.45
5595	284.45
5596	284.47
5597	284.52
5598	284.6
5599	284.64
5600	284.75
5601	284.75
5602	284.79
5603	284.77
5604	284.79
5605	284.77
5606	284.79
5607	284.79
5608	284.77
5609	284.75
5610	284.75
5611	284.68
5612	284.79
5613	284.83
5614	284.85
5615	284.79
5616	284.91
5617	284.98
5618	285.02
5619	285.02
5620	284.93
5621	285.04
5622	285.02
5623	284.87
5624	284.81
5625	284.89
5626	284.89
5627	284.98
5628	284.96
5629	284.98
5630	284.96
5631	284.96
5632	284.98
5633	284.98
5634	285.04
5635	284.93
5636	284.89
5637	284.83
5638	284.77
5639	284.77
5640	284.77
5641	284.85
5642	284.81
5643	284.85
5644	284.89
5645	284.93
5646	284.87
5647	284.87
5648	284.87
5649	284.87
5650	284.96
5651	284.98
5652	285
5653	285.02
5654	285
5655	284.89
5656	284.91
5657	284.96
5658	285.02
5659	285.04
5660	285.04
5661	285.08
5662	285.06
5663	285.08
5664	285.06
5665	285.06
5666	284.87
5667	284.85
5668	284.83
5669	284.77
5670	284.81
5671	284.83
5672	284.83
5673	284.75
5674	284.77
5675	284.85
5676	284.98
5677	285.06
5678	284.98
5679	285.02
5680	285.1
5681	285.14
5682	285.16
5683	285.12
5684	285.16
5685	285.16
5686	285.21
5687	285.23
5688	285.16
5689	285.14
5690	285.08
5691	285.02
5692	284.93
5693	284.98
5694	285.06
5695	285.06
5696	285.02
5697	285
5698	285.02
5699	285.04
5700	285.06
5701	285.02
5702	285
5703	284.96
5704	284.96
5705	284.89
5706	284.89
5707	284.83
5708	284.81
5709	284.85
5710	284.83
5711	284.83
5712	284.75
5713	284.75
5714	284.73
5715	284.77
5716	284.87
5717	284.87
5718	284.91
5719	284.96
5720	285
5721	284.96
5722	284.87
5723	284.96
5724	285.02
5725	285
5726	284.89
5727	284.85
5728	284.89
5729	284.85
5730	284.87
5731	285
5732	284.96
5733	284.93
5734	284.87
5735	284.87
5736	284.87
5737	285.06
5738	285.06
5739	285.12
5740	285.06
5741	284.91
5742	284.93
5743	284.93
5744	284.91
5745	284.89
5746	284.93
5747	284.96
5748	284.96
5749	285.08
5750	285.08
5751	285.56
5752	285.73
5753	285.77
5754	285.9
5755	286.11
5756	286.15
5757	286.29
5758	286.46
5759	286.54
5760	286.71
5761	286.9
5762	286.92
5763	287.09
5764	287.07
5765	287.15
5766	287.21
5767	287.28
5768	287.38
5769	287.36
5770	287.38
5771	287.4
5772	287.42
5773	287.44
5774	287.53
5775	287.53
5776	287.7
5777	287.8
5778	287.86
5779	287.82
5780	287.78
5781	287.74
5782	287.74
5783	287.7
5784	287.74
5785	287.78
5786	287.86
5787	287.86
5788	287.8
5789	287.84
5790	287.8
5791	287.82
5792	287.82
5793	287.88
5794	287.86
5795	287.9
5796	287.93
5797	287.97
5798	287.99
5799	288.01
5800	287.99
5801	287.95
5802	288.01
5803	288.03
5804	288.01
5805	287.97
5806	287.97
5807	287.97
5808	287.99
5809	287.99
5810	287.99
5811	287.93
5812	288.05
5813	287.9
5814	287.9
5815	287.95
5816	287.9
5817	287.97
5818	287.88
5819	287.88
5820	287.95
5821	287.95
5822	287.84
5823	287.76
5824	287.82
5825	287.78
5826	287.84
5827	287.93
5828	287.99
5829	288.01
5830	288.01
5831	288.01
5832	288.07
5833	287.99
5834	288.05
5835	288.05
5836	288.03
5837	287.97
5838	288.07
5839	288.09
5840	288.01
5841	288.09
5842	288.11
5843	288.07
5844	288.01
5845	287.97
5846	287.97
5847	288.03
5848	288.03
5849	288.01
5850	287.9
5851	287.86
5852	287.78
5853	287.78
5854	287.72
5855	287.82
5856	287.88
5857	288.05
5858	288.2
5859	288.09
5860	288.09
5861	288.18
5862	288.11
5863	288.11
5864	288.11
5865	288.11
5866	288.05
5867	288.11
5868	288.05
5869	288.05
5870	288.01
5871	287.99
5872	288.01
5873	287.97
5874	287.97
5875	288.05
5876	288.05
5877	288.09
5878	288.13
5879	288.11
5880	288.09
5881	288.05
5882	287.93
5883	287.9
5884	288.01
5885	288.01
5886	287.97
5887	287.95
5888	287.97
5889	288.05
5890	288.09
5891	288.05
5892	288.05
5893	288.18
5894	288.11
5895	288.07
5896	287.99
5897	287.95
5898	287.97
5899	287.99
5900	287.93
5901	287.93
5902	288.01
5903	288.2
5904	288.26
5905	288.26
5906	288.2
5907	288.24
5908	288.22
5909	288.18
5910	288.18
5911	288.22
5912	288.16
5913	288.16
5914	288.18
5915	288.18
5916	288.09
5917	288.09
5918	288.03
5919	287.93
5920	287.95
5921	288.01
5922	288.07
5923	287.86
5924	287.86
5925	287.57
5926	287.38
5927	287.28
5928	287.21
5929	287.19
5930	287.28
5931	287.3
5932	287.11
5933	286.88
5934	286.9
5935	286.8
5936	286.86
5937	286.71
5938	286.52
5939	285.14
5940	284.56
5941	283.35
5942	282.09
5943	281.61
5944	280.65
5945	280.27
5946	279.48
5947	279.02
5948	278.58
5949	278.51
5950	278.41
5951	278.51
5952	278.54
5953	278.58
5954	278.74
5955	278.95
5956	278.95
5957	279.33
5958	279.58
5959	279.64
5960	279.87
5961	280.08
5962	280.29
5963	280.29
5964	280.73
5965	280.92
5966	280.96
5967	281.13
5968	281.21
5969	281.36
5970	281.42
5971	281.65
5972	281.71
5973	281.96
5974	282.15
5975	282.34
5976	282.47
5977	282.51
5978	282.68
5979	282.72
5980	282.76
5981	282.89
5982	282.91
5983	283.01
5984	283.12
5985	283.22
5986	283.35
5987	283.53
5988	283.53
5989	283.64
5990	283.62
5991	283.66
5992	283.64
5993	283.66
5994	283.78
5995	283.78
5996	283.97
5997	284.06
5998	284.06
5999	284.08
6000	284.04
6001	283.99
6002	283.99
6003	283.95
6004	284.04
6005	283.99
6006	284.12
6007	284.18
6008	284.22
6009	284.22
6010	284.27
6011	284.31
6012	284.37
6013	284.41
6014	284.39
6015	284.41
6016	284.43
6017	284.41
6018	284.39
6019	284.31
6020	284.24
6021	284.24
6022	284.29
6023	284.24
6024	284.35
6025	284.31
6026	284.39
6027	284.39
6028	284.45
6029	284.52
6030	284.52
6031	284.52
6032	284.45
6033	284.54
6034	284.54
6035	284.6
6036	284.66
6037	284.66
6038	284.7
6039	284.7
6040	284.73
6041	284.68
6042	284.62
6043	284.64
6044	284.6
6045	284.7
6046	284.85
6047	284.79
6048	284.85
6049	284.68
6050	284.68
6051	284.77
6052	284.75
6053	284.79
6054	284.81
6055	284.81
6056	284.89
6057	284.87
6058	284.85
6059	284.85
6060	284.87
6061	284.77
6062	284.68
6063	284.58
6064	284.62
6065	284.66
6066	284.66
6067	284.7
6068	284.79
6069	284.75
6070	284.81
6071	284.81
6072	284.75
6073	284.75
6074	284.79
6075	284.85
6076	284.81
6077	284.73
6078	284.64
6079	284.64
6080	284.58
6081	284.58
6082	284.64
6083	284.66
6084	284.68
6085	284.68
6086	284.7
6087	284.7
6088	284.91
6089	284.87
6090	284.91
6091	284.75
6092	284.6
6093	284.64
6094	284.7
6095	284.7
6096	284.77
6097	284.77
6098	284.77
6099	284.83
6100	284.81
6101	284.87
6102	284.93
6103	284.93
6104	284.93
6105	284.93
6106	285
6107	284.89
6108	284.91
6109	284.89
6110	284.98
6111	284.96
6112	284.98
6113	285
6114	285.06
6115	285.06
6116	284.96
6117	284.98
6118	284.91
6119	284.98
6120	284.87
6121	284.93
6122	284.93
6123	284.89
6124	284.89
6125	284.91
6126	284.85
6127	284.93
6128	284.93
6129	284.96
6130	285.04
6131	285.06
6132	285.08
6133	285.1
6134	285.02
6135	284.91
6136	284.85
6137	284.85
6138	284.77
6139	284.7
6140	284.73
6141	284.7
6142	284.62
6143	284.68
6144	284.68
6145	284.89
6146	285
6147	285.02
6148	285.02
6149	285
6150	284.98
6151	285.02
6152	285.04
6153	285.02
6154	285.06
6155	285.04
6156	285
6157	284.98
6158	284.96
6159	284.81
6160	284.89
6161	284.96
6162	285
6163	284.98
6164	285.02
6165	285.04
6166	284.87
6167	284.91
6168	284.93
6169	284.93
6170	284.96
6171	284.98
6172	285.06
6173	285.16
6174	285.12
6175	285.12
6176	285.12
6177	285.16
6178	285.19
6179	285.08
6180	285.14
6181	285.04
6182	285.08
6183	285.06
6184	285
6185	285.02
6186	285.02
6187	285.06
6188	285.08
6189	285.12
6190	285.06
6191	285.06
6192	285
6193	285.04
6194	284.93
6195	285.02
6196	285.02
6197	285.02
6198	285.02
6199	285.14
6200	285.19
6201	285.12
6202	285.14
6203	285.08
6204	285.04
6205	285.02
6206	285.02
6207	285.1
6208	285.1
6209	285.14
6210	285.04
6211	285.04
6212	284.91
6213	284.93
6214	284.93
6215	284.93
6216	285.02
6217	284.98
6218	284.93
6219	284.87
6220	285.02
6221	285.02
6222	285.04
6223	285.31
6224	285.5
6225	285.67
6226	285.83
6227	285.96
6228	286.04
6229	286.04
6230	286.17
6231	286.25
6232	286.25
6233	286.5
6234	286.63
6235	286.82
6236	286.8
6237	286.9
6238	287.03
6239	287.26
6240	287.26
6241	287.49
6242	287.49
6243	287.51
6244	287.44
6245	287.53
6246	287.65
6247	287.65
6248	287.72
6249	287.67
6250	287.61
6251	287.67
6252	287.7
6253	287.74
6254	287.74
6255	287.74
6256	287.76
6257	287.78
6258	287.8
6259	287.88
6260	287.84
6261	287.86
6262	287.9
6263	287.97
6264	288.05
6265	288.05
6266	288.05
6267	288.09
6268	288.11
6269	288.01
6270	288.03
6271	287.99
6272	288.05
6273	288.07
6274	288.09
6275	288.09
6276	288.09
6277	288.16
6278	288.09
6279	288.09
6280	287.95
6281	287.8
6282	287.8
6283	287.88
6284	287.95
6285	287.93
6286	287.93
6287	288.09
6288	288.16
6289	288.13
6290	288.16
6291	288.11
6292	288.05
6293	288.09
6294	288.11
6295	288.16
6296	288.07
6297	288.11
6298	288.13
6299	288.11
6300	288.18
6301	288.05
6302	288.03
6303	288.03
6304	288.05
6305	288.05
6306	288.07
6307	288.03
6308	288.01
6309	288.05
6310	288.05
6311	288.05
6312	288.01
6313	287.99
6314	287.99
6315	287.93
6316	287.8
6317	287.78
6318	287.78
6319	288.05
6320	288.01
6321	288.05
6322	288.07
6323	287.97
6324	287.9
6325	287.9
6326	287.8
6327	287.8
6328	287.78
6329	287.86
6330	287.84
6331	287.9
6332	287.88
6333	287.95
6334	287.9
6335	288.01
6336	288.09
6337	288.11
6338	288.13
6339	288.09
6340	288.01
6341	288.01
6342	288.05
6343	288.03
6344	287.97
6345	287.97
6346	288.05
6347	288.09
6348	288.13
6349	288.07
6350	288.07
6351	288.11
6352	288.16
6353	288.13
6354	288.11
6355	288.13
6356	288.09
6357	288.09
6358	288.22
6359	288.28
6360	288.28
6361	288.26
6362	288.32
6363	288.32
6364	288.3
6365	288.18
6366	288.18
6367	288.11
6368	288.09
6369	288.13
6370	288.18
6371	288.11
6372	288.13
6373	288.16
6374	288.18
6375	288.2
6376	288.22
6377	288.22
6378	288.22
6379	288.18
6380	288.09
6381	288.2
6382	288.2
6383	288.24
6384	288.24
6385	288.2
6386	288.24
6387	288.22
6388	288.11
6389	288.11
6390	288.22
6391	288.26
6392	288.18
6393	288.22
6394	288.16
6395	288.22
6396	288.22
6397	287.97
6398	287.72
6399	287.59
6400	287.44
6401	287.28
6402	287.21
6403	287.17
6404	287.21
6405	287.13
6406	287.09
6407	286.96
6408	286.92
6409	286.92
6410	286.8
6411	286.27
6412	285.96
6413	285.19
6414	283.83
6415	283.14
6416	281.92
6417	281.53
6418	280.5
6419	279.81
6420	279.29
6421	279.29
6422	278.95
6423	278.95
6424	278.85
6425	278.91
6426	279.06
6427	279.23
6428	279.23
6429	279.66
6430	279.98
6431	280.17
6432	280.38
6433	280.67
6434	280.71
6435	280.92
6436	281.15
6437	281.23
6438	281.42
6439	281.65
6440	281.78
6441	281.92
6442	281.9
6443	282.13
6444	282.2
6445	282.4
6446	282.47
6447	282.55
6448	282.63
6449	282.7
6450	282.74
6451	282.78
6452	282.78
6453	282.97
6454	283.01
6455	283.12
6456	283.12
6457	283.26
6458	283.41
6459	283.49
6460	283.49
6461	283.51
6462	283.55
6463	283.55
6464	283.7
6465	283.72
6466	283.81
6467	283.81
6468	283.97
6469	284.01
6470	284.01
6471	284.06
6472	284.06
6473	284.04
6474	284.1
6475	284.12
6476	284.14
6477	284.12
6478	284.12
6479	284.2
6480	284.29
6481	284.35
6482	284.37
6483	284.41
6484	284.47
6485	284.56
6486	284.58
6487	284.6
6488	284.6
6489	284.54
6490	284.54
6491	284.56
6492	284.56
6493	284.54
6494	284.58
6495	284.66
6496	284.54
6497	284.54
6498	284.52
6499	284.52
6500	284.6
6501	284.58
6502	284.54
6503	284.58
6504	284.54
6505	284.58
6506	284.64
6507	284.7
6508	284.73
6509	284.75
6510	284.62
6511	284.56
6512	284.56
6513	284.54
6514	284.47
6515	284.5
6516	284.45
6517	284.43
6518	284.52
6519	284.52
6520	284.56
6521	284.6
6522	284.7
6523	284.77
6524	284.73
6525	284.62
6526	284.66
6527	284.66
6528	284.73
6529	284.77
6530	284.75
6531	284.75
6532	284.79
6533	284.7
6534	284.73
6535	284.73
6536	284.77
6537	284.91
6538	284.91
6539	284.89
6540	285.06
6541	285.08
6542	285
6543	284.85
6544	284.81
6545	284.79
6546	284.7
6547	284.7
6548	284.79
6549	284.79
6550	284.73
6551	284.77
6552	284.73
6553	284.77
6554	284.7
6555	284.81
6556	284.85
6557	284.83
6558	284.89
6559	284.96
6560	284.87
6561	284.79
6562	284.73
6563	284.73
6564	284.77
6565	284.83
6566	284.83
6567	284.85
6568	284.89
6569	284.83
6570	284.83
6571	284.79
6572	284.87
6573	284.96
6574	284.91
6575	284.81
6576	284.79
6577	284.79
6578	284.85
6579	284.98
6580	284.98
6581	285.02
6582	284.93
6583	284.98
6584	284.91
6585	284.85
6586	284.87
6587	284.85
6588	285
6589	284.98
6590	284.96
6591	284.93
6592	285.02
6593	285.14
6594	285.16
6595	285.1
6596	285.06
6597	285.12
6598	285.1
6599	285.16
6600	285.16
6601	285.08
6602	285.08
6603	284.93
6604	285.04
6605	285
6606	285.02
6607	285
6608	284.98
6609	284.98
6610	284.89
6611	284.96
6612	284.96
6613	285
6614	285
6615	285.04
6616	285.04
6617	284.93
6618	284.98
6619	284.93
6620	284.87
6621	284.73
6622	284.79
6623	284.75
6624	284.87
6625	284.96
6626	285.02
6627	285.14
6628	285.16
6629	285.19
6630	285.08
6631	284.91
6632	284.98
6633	285
6634	285
6635	285.02
6636	285.06
6637	285.1
6638	285.02
6639	284.96
6640	284.89
6641	284.89
6642	284.89
6643	284.91
6644	284.98
6645	285.1
6646	285
6647	285.02
6648	285.02
6649	285.06
6650	285.08
6651	285.04
6652	284.91
6653	284.75
6654	284.75
6655	284.83
6656	285.04
6657	285.08
6658	285.04
6659	285.1
6660	285.02
6661	284.98
6662	284.93
6663	284.93
6664	285.04
6665	285.12
6666	285.16
6667	285.1
6668	285.08
6669	285.04
6670	284.98
6671	285
6672	285
6673	285
6674	285
6675	284.98
6676	285
6677	285.1
6678	285.16
6679	285.08
6680	285.08
6681	285.12
6682	285.12
6683	285.14
6684	285.1
6685	285.1
6686	285.02
6687	285.04
6688	285.14
6689	285.25
6690	285.25
6691	285.25
6692	285.19
6693	285.14
6694	285.16
6695	285.42
6696	285.42
6697	285.54
6698	285.85
6699	285.88
6700	285.98
6701	286.11
6702	286.36
6703	286.57
6704	286.63
6705	286.63
6706	286.84
6707	286.96
6708	287.09
6709	287.26
6710	287.44
6711	287.53
6712	287.53
6713	287.61
6714	287.7
6715	287.61
6716	287.65
6717	287.78
6718	287.84
6719	287.84
6720	287.76
6721	287.76
6722	287.72
6723	287.65
6724	287.55
6725	287.63
6726	287.67
6727	287.76
6728	287.8
6729	287.84
6730	287.88
6731	287.9
6732	287.9
6733	287.95
6734	287.95
6735	287.99
6736	288.05
6737	288.07
6738	288.05
6739	287.97
6740	287.93
6741	287.86
6742	287.82
6743	287.78
6744	287.78
6745	287.84
6746	287.86
6747	287.9
6748	288.03
6749	288.07
6750	288.09
6751	288.09
6752	288.03
6753	288.16
6754	288.18
6755	288.13
6756	288.11
6757	288.2
6758	288.16
6759	288.11
6760	288.13
6761	288.18
6762	288.13
6763	288.09
6764	288.16
6765	288.13
6766	288.22
6767	288.24
6768	288.09
6769	287.9
6770	287.86
6771	287.82
6772	287.8
6773	287.88
6774	287.93
6775	287.97
6776	288.05
6777	288.13
6778	288.05
6779	288.03
6780	287.97
6781	287.9
6782	287.93
6783	287.93
6784	288.03
6785	288.16
6786	288.18
6787	288.2
6788	288.07
6789	287.97
6790	287.97
6791	287.93
6792	287.97
6793	287.99
6794	288.05
6795	288.01
6796	287.99
6797	287.97
6798	287.95
6799	287.9
6800	287.95
6801	288.01
6802	288.13
6803	288.09
6804	288.13
6805	288.16
6806	288.24
6807	288.11
6808	288.16
6809	288.13
6810	288.11
6811	288.07
6812	288.16
6813	288.2
6814	288.26
6815	288.26
6816	288.28
6817	288.24
6818	288.2
6819	288.18
6820	288.07
6821	288.09
6822	288.09
6823	288.16
6824	288.16
6825	288.18
6826	288.32
6827	288.28
6828	288.22
6829	288.22
6830	288.26
6831	288.22
6832	288.26
6833	288.26
6834	288.3
6835	288.26
6836	288.26
6837	288.2
6838	288.11
6839	287.99
6840	287.99
6841	287.97
6842	288.03
6843	288.09
6844	288.11
6845	288.11
6846	288.2
6847	288.16
6848	288.2
6849	288.2
6850	288.26
6851	288.16
6852	288.13
6853	288.18
6854	288.18
6855	288.28
6856	288.2
6857	288.2
6858	288.16
6859	288.13
6860	288.11
6861	288.11
6862	288.07
6863	288.13
6864	288.22
6865	288.2
6866	288.22
6867	288.16
6868	288.13
6869	288.07
6870	288.03
6871	287.8
6872	287.63
6873	287.55
6874	287.49
6875	287.38
6876	287.3
6877	287.24
6878	287.17
6879	287.01
6880	286.96
6881	286.86
6882	286.86
6883	286.86
6884	286.77
6885	286.44
6886	286.44
6887	285.56
6888	284.52
6889	283.83
6890	282.26
6891	281.09
6892	280.23
6893	280.23
6894	279.37
6895	279.14
6896	279.08
6897	279.04
6898	279.23
6899	279.37
6900	279.37
6901	279.54
6902	279.75
6903	279.81
6904	279.92
6905	280.1
6906	280.23
6907	280.31
6908	280.67
6909	280.77
6910	281.07
6911	281.25
6912	281.38
6913	281.69
6914	281.8
6915	282.09
6916	282.2
6917	282.28
6918	282.53
6919	282.63
6920	282.82
6921	282.91
6922	283.01
6923	283.16
6924	283.24
6925	283.24
6926	283.45
6927	283.55
6928	283.58
6929	283.51
6930	283.49
6931	283.53
6932	283.53
6933	283.55
6934	283.6
6935	283.72
6936	283.78
6937	283.95
6938	284.01
6939	283.97
6940	283.99
6941	284.01
6942	284.06
6943	284.08
6944	284.18
6945	284.2
6946	284.27
6947	284.2
6948	284.18
6949	284.24
6950	284.27
6951	284.31
6952	284.35
6953	284.31
6954	284.35
6955	284.39
6956	284.39
6957	284.39
6958	284.37
6959	284.43
6960	284.47
6961	284.62
6962	284.66
6963	284.64
6964	284.64
6965	284.5
6966	284.5
6967	284.56
6968	284.56
6969	284.62
6970	284.75
6971	284.75
6972	284.68
6973	284.75
6974	284.81
6975	284.83
6976	284.81
6977	284.83
6978	284.83
6979	284.81
6980	284.77
6981	284.7
6982	284.68
6983	284.7
6984	284.79
6985	284.79
6986	284.93
6987	285.02
6988	285.02
6989	284.98
6990	284.96
6991	285
6992	285.08
6993	285.06
6994	285.06
6995	285
6996	285
6997	284.89
6998	284.89
6999	284.89
7000	284.91
7001	284.96
7002	284.96
7003	284.96
7004	284.89
7005	284.81
7006	284.85
7007	284.68
7008	284.66
7009	284.73
7010	284.81
7011	284.81
7012	284.85
7013	284.81
7014	284.81
7015	284.87
7016	284.89
7017	284.98
7018	285
7019	285.02
7020	284.89
7021	284.91
7022	284.98
7023	284.98
7024	285.02
7025	284.98
7026	284.98
7027	284.93
7028	285.06
7029	285.14
7030	285.1
7031	285
7032	284.96
7033	284.85
7034	284.93
7035	284.93
7036	284.96
7037	284.96
7038	285.02
7039	285.02
7040	285.1
7041	285.16
7042	285.16
7043	285.1
7044	285.1
7045	285.08
7046	285.1
7047	285.12
7048	285.12
7049	285.14
7050	284.96
7051	285
7052	285.04
7053	285.12
7054	285.16
7055	285.1
7056	285.08
7057	285.19
7058	285.1
7059	285.1
7060	285.1
7061	285.14
7062	285.29
7063	285.27
7064	285.27
7065	285.25
7066	285.25
7067	285.25
7068	285.35
7069	285.35
7070	285.31
7071	285.29
7072	285.23
7073	285.16
7074	285.16
7075	285.16
7076	285.19
7077	285.16
7078	285.1
7079	285.08
7080	285.14
7081	285.14
7082	285.19
7083	285.14
7084	285.21
7085	285.21
7086	285.12
7087	285.1
7088	285.08
7089	285.12
7090	285.21
7091	285.19
7092	285.14
7093	285.23
7094	285.25
7095	285.25
7096	285.21
7097	285.27
7098	285.27
7099	285.31
7100	285.39
7101	285.35
7102	285.27
7103	285.25
7104	285.23
7105	285.25
7106	285.25
7107	285.16
7108	285.14
7109	285.14
7110	285.12
7111	285.19
7112	285.08
7113	285.08
7114	285.08
7115	285
7116	284.96
7117	285.04
7118	285.12
7119	285.31
7120	285.33
7121	285.33
7122	285.35
7123	285.29
7124	285.16
7125	285.02
7126	285.06
7127	285.06
7128	285.27
7129	285.27
7130	285.35
7131	285.33
7132	285.25
7133	285.21
7134	285.27
7135	285.21
7136	285.25
7137	285.29
7138	285.21
7139	285.19
7140	285.16
7141	285.04
7142	285.08
7143	285.1
7144	285.04
7145	285.04
7146	284.96
7147	285.12
7148	285.19
7149	285.23
7150	285.33
7151	285.27
7152	285.27
7153	285.27
7154	285.27
7155	285.31
7156	285.35
7157	285.31
7158	285.35
7159	285.35
7160	285.21
7161	285.21
7162	285.12
7163	285.1
7164	285.12
7165	285.19
7166	285.23
7167	285.37
7168	285.39
7169	285.35
7170	285.52
7171	285.58
7172	285.79
7173	285.83
7174	286.13
7175	286.38
7176	286.5
7177	286.5
7178	286.75
7179	286.98
7180	287.03
7181	287.17
7182	287.34
7183	287.36
7184	287.36
7185	287.51
7186	287.65
7187	287.7
7188	287.74
7189	287.8
7190	287.78
7191	287.82
7192	287.88
7193	287.88
7194	287.9
7195	287.88
7196	287.8
7197	287.8
7198	287.72
7199	287.74
7200	287.7
7201	287.78
7202	287.93
7203	287.95
7204	288.07
7205	288.03
7206	288.07
7207	288.01
7208	288.05
7209	288.07
7210	288.11
7211	288.16
7212	288.13
7213	288.05
7214	288.09
7215	288.13
7216	288.13
7217	288.16
7218	288.18
7219	288.16
7220	288.18
7221	288.2
7222	288.07
7223	288.07
7224	288.18
7225	288.2
7226	288.2
7227	288.18
7228	288.16
7229	288.22
7230	288.26
7231	288.28
7232	288.3
7233	288.16
7234	288.13
7235	288.07
7236	288.11
7237	288.13
7238	288.11
7239	288.11
7240	288.24
7241	288.24
7242	288.26
7243	288.28
7244	288.28
7245	288.26
7246	288.28
7247	288.32
7248	288.32
7249	288.24
7250	288.13
7251	288.22
7252	288.22
7253	288.22
7254	288.13
7255	288.13
7256	288.05
7257	288.05
7258	288.13
7259	288.09
7260	288.05
7261	288.09
7262	288.09
7263	288.28
7264	288.22
7265	288.2
7266	288.22
7267	288.26
7268	288.28
7269	288.32
7270	288.2
7271	288.22
7272	288.3
7273	288.3
7274	288.36
7275	288.3
7276	288.3
7277	288.2
7278	288.22
7279	288.13
7280	288.16
7281	288.18
7282	288.2
7283	288.16
7284	288.22
7285	288.13
7286	288.16
7287	288.16
7288	288.22
7289	288.28
7290	288.34
7291	288.3
7292	288.24
7293	288.32
7294	288.32
7295	288.26
7296	288.24
7297	288.34
7298	288.36
7299	288.39
7300	288.34
7301	288.36
7302	288.34
7303	288.43
7304	288.41
7305	288.28
7306	288.22
7307	288.13
7308	288.24
7309	288.28
7310	288.32
7311	288.34
7312	288.34
7313	288.34
7314	288.41
7315	288.43
7316	288.36
7317	288.36
7318	288.34
7319	288.34
7320	288.26
7321	288.2
7322	288.24
7323	288.2
7324	288.26
7325	288.28
7326	288.28
7327	288.26
7328	288.24
7329	288.3
7330	288.32
7331	288.39
7332	288.43
7333	288.43
7334	288.26
7335	288.2
7336	288.24
7337	288.3
7338	288.28
7339	288.26
7340	288.28
7341	288.26
7342	288.28
7343	288.24
7344	288.05
7345	287.93
7346	287.76
7347	287.59
7348	287.26
7349	287.11
7350	287.03
7351	287.05
7352	287.13
7353	287.19
7354	287.21
7355	287.17
7356	287.05
7357	286.94
7358	286.94
7359	286.36
7360	285.48
7361	284.89
7362	283.53
7363	282.4
7364	281.34
7365	281.34
7366	280.12
7367	279.62
7368	279.48
7369	279.2
7370	278.95
7371	278.93
7372	278.87
7373	278.89
7374	279.02
7375	279.16
7376	279.46
7377	279.79
7378	279.89
7379	279.98
7380	280.31
7381	280.42
7382	280.67
7383	280.94
7384	281.13
7385	281.42
7386	281.57
7387	281.78
7388	281.96
7389	282.22
7390	282.22
7391	282.55
7392	282.72
7393	282.78
7394	282.91
7395	282.95
7396	283.05
7397	283.05
7398	283.18
7399	283.35
7400	283.37
7401	283.39
7402	283.39
7403	283.39
7404	283.39
7405	283.53
7406	283.68
7407	283.74
7408	283.81
7409	283.81
7410	283.89
7411	283.97
7412	284.2
7413	284.31
7414	284.37
7415	284.29
7416	284.24
7417	284.22
7418	284.29
7419	284.43
7420	284.5
7421	284.45
7422	284.39
7423	284.31
7424	284.35
7425	284.45
7426	284.43
7427	284.43
7428	284.43
7429	284.43
7430	284.47
7431	284.62
7432	284.6
7433	284.73
7434	284.83
7435	284.85
7436	284.85
7437	284.79
7438	284.77
7439	284.64
7440	284.68
7441	284.64
7442	284.68
7443	284.75
7444	284.83
7445	284.89
7446	284.85
7447	284.87
7448	284.77
7449	284.85
7450	284.83
7451	284.89
7452	284.87
7453	284.91
7454	284.91
7455	284.91
7456	284.83
7457	284.85
7458	284.89
7459	284.96
7460	285
7461	285.08
7462	285.08
7463	285
7464	285.04
7465	284.98
7466	285.06
7467	285.08
7468	285.08
7469	285.02
7470	285.04
7471	285.12
7472	285.21
7473	285.1
7474	285.12
7475	285.12
7476	285.14
7477	285.19
7478	285.16
7479	285.27
7480	285.25
7481	285.33
7482	285.29
7483	285.37
7484	285.37
7485	285.29
7486	285.29
7487	285.31
7488	285.37
7489	285.35
7490	285.42
7491	285.27
7492	285.31
7493	285.33
7494	285.35
7495	285.25
7496	285.35
7497	285.31
7498	285.25
7499	285.23
7500	285.23
7501	285.39
7502	285.44
7503	285.5
7504	285.44
7505	285.37
7506	285.31
7507	285.31
7508	285.21
7509	285.23
7510	285.23
7511	285.23
7512	285.35
7513	285.31
7514	285.31
7515	285.21
7516	285.21
7517	285.21
7518	285.33
7519	285.29
7520	285.42
7521	285.42
7522	285.39
7523	285.44
7524	285.39
7525	285.42
7526	285.44
7527	285.54
7528	285.48
7529	285.5
7530	285.52
7531	285.5
7532	285.46
7533	285.46
7534	285.48
7535	285.46
7536	285.48
7537	285.58
7538	285.58
7539	285.58
7540	285.69
7541	285.58
7542	285.54
7543	285.56
7544	285.58
7545	285.58
7546	285.58
7547	285.44
7548	285.37
7549	285.37
7550	285.35
7551	285.44
7552	285.48
7553	285.52
7554	285.65
7555	285.62
7556	285.65
7557	285.62
7558	285.52
7559	285.52
7560	285.5
7561	285.37
7562	285.37
7563	285.42
7564	285.33
7565	285.29
7566	285.16
7567	285.12
7568	285.16
7569	285.25
7570	285.37
7571	285.37
7572	285.48
7573	285.48
7574	285.42
7575	285.37
7576	285.25
7577	285.21
7578	285.21
7579	285.19
7580	285.21
7581	285.21
7582	285.19
7583	285.21
7584	285.14
7585	285.14
7586	285.12
7587	285.19
7588	285.23
7589	285.35
7590	285.35
7591	285.46
7592	285.48
7593	285.42
7594	285.46
7595	285.39
7596	285.44
7597	285.42
7598	285.42
7599	285.46
7600	285.48
7601	285.54